159,14,180,74,221,97,103,110,134,213,107,109,109,132,138,102,101,135,163,144,73,173,46,123,72,190,155,156,155,156,143,86,121,183,42,172,165,108,190,79,162,207,69,169,93,180,160,95,96,119,188,157,114,104,92,59,173,78,149,255,248,145,59,209,174,164,170,55,154,90,122,172,199,231,101,160,37,224,179,107,115,64,255,115,128,128,48,173,187,149,210,177,137,93,2,255,28,93,110,201,48,0,137,99,147,203,161,104,100,177,128,175,155,7,133,0,121,232,0,116,0,134,46,74,120,10,78,255
169,22,223,114,220,75,96,143,153,194,96,33,98,69,139,124,131,193,170,143,88,167,32,98,0,218,104,109,44,155,110,154,56,168,154,181,225,121,103,146,141,255,11,219,32,201,65,7,168,214,232,93,182,64,100,98,169,90,152,154,255,199,0,242,230,201,246,66,109,66,62,102,255,238,16,62,46,173,38,146,121,117,121,106,244,184,125,232,118,139,252,177,93,124,129,255,19,0,77,79,0,0,148,43,90,255,116,193,30,190,133,80,179,0,67,72,166,252,64,149,56,188,0,4,255,0,50,255
166,33,198,113,243,42,81,112,117,186,151,23,148,104,171,96,99,139,117,80,34,156,20,90,55,255,151,99,165,165,112,73,114,123,175,146,183,84,70,165,51,255,19,220,0,207,88,0,119,228,80,66,237,107,71,83,139,19,110,183,172,86,0,123,214,230,137,107,233,112,109,249,255,206,85,0,65,118,123,189,255,41,205,190,151,101,150,255,255,120,217,33,226,255,0,234,88,66,98,179,61,65,161,52,44,255,78,212,78,255,152,150,24,37,158,255,101,79,0,217,39,90,0,144,255,232,36,255
155,1,165,96,195,106,53,81,160,101,76,61,169,159,81,59,77,102,232,119,63,194,143,78,143,140,206,139,146,134,152,126,138,145,121,134,105,61,102,108,93,202,106,129,141,168,99,156,63,188,186,105,82,0,155,0,182,16,134,255,195,52,24,255,255,186,255,67,160,234,62,155,81,170,0,153,33,255,61,198,126,168,244,218,107,44,189,156,225,0,83,78,140,74,53,145,76,27,173,255,100,0,133,26,101,233,236,89,255,173,255,255,28,101,91,32,224,164,11,207,98,7,71,255,110,201,221,255
152,13,172,65,252,103,140,96,152,217,92,100,155,162,109,133,119,202,141,186,70,148,50,161,107,168,101,157,172,75,74,93,106,136,68,226,129,103,112,180,67,187,0,149,50,11,30,214,73,255,170,80,191,102,216,111,188,19,83,192,229,57,15,255,226,100,126,106,210,82,186,153,204,199,77,53,16,134,215,255,21,6,253,189,0,84,190,222,255,31,65,196,164,58,39,198,157,52,255,205,178,0,220,70,195,255,149,192,210,104,255,226,115,0,153,58,193,70,42,139,100,127,0,0,133,57,66,255
148,19,149,81,210,28,55,55,101,173,157,99,82,143,166,56,28,65,182,106,52,159,8,37,69,128,251,225,139,97,189,109,172,68,0,165,176,44,124,47,141,226,102,146,72,255,171,43,78,112,238,58,92,165,47,0,195,35,88,255,57,0,107,214,187,137,42,31,255,0,255,27,137,186,222,152,172,177,15,185,31,255,209,20,103,186,115,197,241,208,172,114,107,255,89,255,69,0,150,255,162,137,150,0,51,100,255,25,7,41,255,170,164,0,140,170,246,243,0,255,0,19,0,12,139,102,39,255
154,11,166,64,220,89,85,96,128,194,140,98,128,132,179,82,53,133,163,143,68,139,10,114,106,201,211,134,169,132,101,104,149,127,65,151,216,82,78,97,141,210,106,221,0,167,150,98,117,139,192,69,137,92,116,32,180,150,130,234,255,91,0,255,193,190,235,0,148,53,161,170,214,238,9,126,40,183,171,130,137,93,242,9,110,122,104,179,183,126,155,162,160,135,0,255,37,74,150,187,140,0,227,28,147,255,159,149,93,255,255,255,212,39,73,0,225,244,0,142,72,28,60,75,123,160,85,255
159,21,177,111,224,43,77,108,144,181,120,29,127,89,153,76,84,153,150,120,50,122,54,57,73,152,177,156,106,141,132,110,98,124,96,200,209,124,51,160,83,255,76,132,47,192,114,28,95,221,166,82,159,36,112,58,201,34,114,132,167,148,0,171,204,241,174,50,173,79,123,157,227,239,114,70,118,160,109,228,178,92,123,120,144,109,125,233,243,130,188,118,134,159,51,229,124,0,110,181,95,19,116,0,85,246,121,176,126,181,255,101,135,34,76,101,219,83,57,190,10,147,0,39,197,179,9,255
158,29,163,104,255,97,90,121,187,183,93,65,203,149,4,101,143,154,181,227,0,216,21,114,204,66,184,173,162,0,149,44,42,156,94,126,73,202,118,112,23,186,0,93,155,146,56,169,34,255,229,129,82,126,53,164,188,26,0,247,96,85,92,254,221,233,53,102,252,255,184,121,255,254,246,40,130,0,30,255,0,178,214,206,176,155,170,246,118,81,0,189,72,255,69,165,129,0,255,127,176,6,109,213,255,255,181,207,215,183,255,211,51,0,49,129,162,255,61,175,6,255,0,0,255,255,205,255
152,16,147,88,240,76,120,60,132,170,119,39,118,171,95,61,17,103,230,160,64,141,103,77,91,102,189,168,77,75,120,101,167,104,68,160,130,53,79,129,27,225,147,157,146,150,50,106,72,225,190,75,33,73,150,31,102,66,111,189,157,0,126,255,251,96,174,123,181,30,82,111,91,240,95,38,66,149,18,95,178,144,255,66,39,120,194,147,158,51,36,144,100,169,111,206,105,175,130,227,221,0,164,48,58,255,161,112,144,220,255,255,103,39,165,133,255,152,1,222,7,0,28,67,200,30,189,255
153,15,153,64,218,76,103,99,149,185,155,84,127,156,151,86,70,142,172,179,43,160,53,112,106,147,252,168,149,92,97,98,151,93,72,98,200,66,103,70,123,198,10,203,36,174,152,115,152,193,218,52,104,101,127,54,141,100,55,255,234,69,0,222,157,156,184,65,154,0,195,154,217,172,38,163,86,188,153,127,88,159,218,36,101,142,139,181,79,105,14,188,162,230,0,255,0,55,132,177,155,0,255,75,168,255,129,104,60,255,255,186,139,41,153,0,211,206,0,146,0,0,0,72,129,31,180,255
151,13,164,116,239,82,93,97,130,212,97,67,155,125,128,132,110,128,140,127,39,211,66,111,95,157,151,166,141,75,133,90,47,148,141,219,173,104,76,114,136,239,59,128,73,125,96,108,70,191,151,51,30,0,168,30,201,2,157,200,213,10,0,255,218,163,182,141,229,208,123,211,186,255,94,116,86,178,94,182,101,48,226,180,17,216,103,177,255,52,152,133,195,137,59,218,103,110,120,235,67,0,127,8,114,255,111,139,149,99,255,99,83,20,48,132,167,235,153,209,82,100,0,99,219,96,95,255
157,13,176,107,243,101,161,84,152,122,112,88,179,163,57,0,156,114,184,164,84,213,113,152,87,129,143,88,91,133,168,104,88,144,130,123,133,95,145,87,119,195,51,63,135,102,30,252,0,106,146,151,180,58,113,12,114,6,98,230,180,0,0,248,254,190,178,207,196,162,60,124,143,239,69,131,148,159,143,226,115,79,242,255,102,165,0,255,255,24,135,57,188,130,67,106,201,0,101,255,170,0,249,115,35,255,247,229,255,99,255,255,91,0,164,170,101,158,123,96,98,255,0,172,176,166,173,255
151,13,159,48,235,95,94,108,165,191,127,129,132,174,131,90,94,145,135,145,62,154,0,122,134,174,239,150,154,62,110,129,148,82,26,131,202,89,102,91,124,191,1,156,0,128,123,155,85,204,232,24,108,148,160,39,134,70,65,255,255,52,0,255,159,175,188,52,98,55,255,170,254,137,75,114,46,145,173,226,27,71,197,0,120,130,134,172,90,76,56,215,226,150,0,255,38,27,255,244,192,0,255,0,147,255,105,99,87,255,255,255,194,4,195,72,233,228,0,162,16,46,0,86,100,91,19,255
151,5,157,71,203,78,66,88,157,182,131,87,139,174,139,58,66,115,176,125,64,118,13,154,149,188,213,122,122,139,108,138,125,100,67,134,209,80,138,64,87,175,81,176,76,185,194,130,46,166,187,23,58,66,103,11,176,164,144,255,191,87,10,224,207,113,202,28,226,45,222,118,138,232,49,96,64,153,212,197,0,93,219,8,173,123,119,186,171,89,92,172,194,117,0,255,0,42,220,239,147,56,180,18,143,255,165,50,255,253,255,255,228,56,107,0,255,255,0,237,92,79,4,0,74,108,32,255
152,15,162,68,248,75,126,88,133,195,122,119,168,124,115,91,87,139,130,138,49,179,25,127,109,177,101,73,137,55,145,147,122,169,87,228,157,140,43,135,95,229,29,65,47,42,17,154,66,218,125,33,172,188,48,42,149,57,167,215,237,115,58,255,199,98,138,82,199,3,152,137,150,154,152,76,53,139,197,135,94,63,255,89,57,62,116,168,234,57,166,155,109,136,45,177,98,0,255,255,230,0,211,93,30,245,255,124,162,255,255,255,142,59,237,32,121,0,16,180,162,63,7,131,137,78,0,255
147,0,154,64,204,92,62,90,147,183,103,123,136,150,137,81,92,89,116,164,23,219,51,150,140,129,195,100,111,128,193,146,153,107,55,108,130,88,108,0,133,255,0,168,143,239,151,152,149,144,212,13,0,138,140,0,156,31,84,255,196,87,29,167,174,71,111,63,248,103,62,83,109,255,69,178,26,255,103,209,0,131,255,49,161,47,255,156,161,109,72,180,223,255,14,218,0,116,233,255,154,69,192,111,109,255,65,3,222,171,255,255,255,138,141,89,239,255,0,255,162,0,93,110,245,0,139,255
150,0,156,70,195,91,43,93,173,182,95,75,123,162,122,63,94,128,128,167,18,175,101,131,166,127,223,109,93,182,193,181,184,100,57,111,157,102,82,13,102,181,31,172,136,186,216,137,98,215,184,52,63,119,99,44,181,92,119,255,156,135,71,211,180,85,142,90,229,95,185,120,205,255,92,169,92,255,147,216,0,106,194,75,149,12,255,173,129,124,116,238,210,134,108,207,0,38,158,226,153,33,131,74,37,217,49,108,255,141,255,255,255,185,186,7,255,255,0,255,205,118,119,76,255,0,64,255
152,8,164,61,235,97,88,122,164,183,123,147,132,156,140,99,100,148,124,145,41,171,8,159,120,192,221,101,162,86,106,133,146,119,58,114,215,140,94,78,111,232,41,167,17,118,107,144,100,194,159,33,75,108,128,24,129,125,100,255,255,106,38,255,188,107,231,61,117,49,240,136,235,216,37,97,2,159,159,200,56,132,193,0,130,148,155,196,114,116,10,167,238,97,0,255,0,46,255,237,201,0,255,0,163,255,137,145,172,227,255,255,255,69,122,94,196,255,0,185,0,9,0,148,127,70,9,255
153,18,169,77,212,55,108,72,128,189,111,59,91,126,176,113,70,108,207,147,60,124,51,39,61,156,168,216,144,101,182,100,146,72,13,239,110,64,124,102,72,197,63,179,70,236,171,87,118,199,187,100,169,177,88,16,161,16,149,153,93,86,64,198,179,195,78,47,255,19,188,70,178,195,183,154,113,188,78,154,75,171,255,119,77,159,16,207,255,163,189,199,87,207,58,255,82,0,179,255,136,71,147,62,0,186,190,96,42,77,255,62,137,0,255,19,255,132,40,170,71,84,0,65,112,30,0,255
149,19,157,85,220,21,65,88,114,177,160,50,82,145,196,48,0,66,171,119,17,77,28,23,76,114,255,192,117,129,158,112,231,19,18,193,170,41,98,153,41,238,138,156,69,255,150,30,53,156,189,0,138,203,93,0,97,0,102,194,82,0,35,137,169,210,126,19,197,65,213,60,153,143,199,68,154,249,49,180,58,233,241,59,82,144,124,255,211,221,129,59,108,255,69,255,75,0,201,255,167,126,222,0,41,211,180,116,16,155,255,62,200,0,255,190,255,148,0,205,42,0,0,67,173,147,0,255
155,0,167,82,187,106,61,84,166,115,98,100,148,182,106,48,74,87,241,109,61,194,53,81,154,190,172,153,150,179,204,123,113,110,77,127,178,61,89,62,118,205,124,133,133,238,160,162,18,147,245,71,106,25,122,39,207,78,152,255,188,123,57,244,218,126,182,62,178,87,142,162,160,182,27,88,82,255,115,166,84,107,255,167,150,124,111,182,255,35,46,101,124,171,70,169,0,90,180,206,223,10,96,0,88,220,242,36,255,145,128,255,69,52,152,2,208,224,0,157,65,128,56,131,24,185,159,255
154,15,165,107,227,100,89,92,149,133,68,59,181,145,19,82,146,100,185,149,57,234,93,93,136,139,148,122,125,90,159,117,81,163,121,155,91,90,66,93,81,186,55,104,101,107,20,101,58,182,118,74,150,14,103,48,213,0,168,249,185,3,38,221,255,227,160,118,185,255,52,134,149,251,36,89,46,190,80,193,136,160,213,221,1,138,142,255,255,0,148,99,119,117,25,141,127,34,154,206,190,0,128,23,65,255,206,121,255,124,255,241,60,53,61,155,140,170,107,255,9,57,0,137,255,195,100,255
171,25,166,139,212,72,80,53,140,215,78,22,110,100,121,149,112,131,208,163,72,199,100,37,109,170,158,208,122,50,116,84,93,105,175,191,138,63,8,150,87,158,89,120,167,59,91,68,110,162,184,133,45,131,92,24,255,75,217,168,185,77,23,176,124,159,168,109,214,154,150,198,216,186,148,169,81,250,120,197,147,97,194,139,49,133,187,202,255,77,197,125,176,165,146,250,93,69,114,238,64,0,90,52,0,54,60,62,138,135,221,219,149,232,0,230,255,247,92,17,84,156,55,178,226,112,0,255
159,12,182,100,205,91,84,69,212,116,50,66,160,182,22,66,83,130,255,110,91,160,135,133,60,131,187,169,145,41,102,54,139,128,150,143,145,63,133,73,0,149,47,161,214,86,99,142,0,255,186,117,0,55,90,25,200,0,109,223,99,125,103,255,255,161,142,139,255,169,121,99,187,166,0,94,149,61,115,255,39,255,255,161,215,84,95,157,139,10,0,198,183,97,9,163,35,13,255,235,108,43,233,130,115,255,255,0,255,58,255,216,0,9,145,103,136,255,0,141,88,255,0,29,181,222,97,255
163,32,174,140,255,16,141,89,190,121,109,45,158,128,0,15,108,123,255,156,66,196,235,73,0,122,169,121,0,111,239,159,129,91,12,191,55,182,187,116,229,248,70,0,235,215,47,143,76,157,0,20,102,140,195,182,26,126,108,255,167,0,0,255,255,255,200,255,182,121,80,163,109,214,143,28,71,0,124,255,255,134,221,0,134,98,98,148,151,0,185,178,173,157,0,0,159,0,0,164,132,0,238,147,0,255,255,61,37,0,255,181,255,95,255,229,54,79,0,142,0,2,0,82,255,255,140,255
150,7,169,73,214,66,53,103,186,172,94,116,126,156,146,75,72,122,148,100,62,127,35,155,94,174,253,139,126,133,123,145,152,138,0,137,242,96,105,109,59,242,55,137,119,205,136,117,53,199,159,28,41,111,34,0,162,111,84,255,179,119,34,255,210,93,178,107,170,38,255,42,160,244,82,140,102,184,202,253,27,199,234,0,219,131,92,111,67,108,114,170,255,120,13,255,40,70,255,255,97,0,223,20,130,254,173,5,249,127,255,255,215,0,148,44,255,255,0,180,51,54,0,108,76,94,0,255
148,11,149,60,234,93,95,103,156,194,145,100,146,198,137,86,89,138,139,147,60,139,0,143,163,206,219,113,111,30,88,154,137,55,89,78,183,110,56,80,97,231,0,139,0,120,155,108,62,201,198,0,154,97,151,55,92,135,115,255,251,0,0,235,171,129,205,63,125,55,251,189,140,167,71,35,64,174,199,176,0,49,164,3,140,156,156,212,137,47,67,131,161,181,0,255,32,0,255,226,255,58,223,0,131,255,140,170,162,255,255,255,193,14,103,87,255,181,0,195,71,0,0,74,73,117,9,255
154,4,158,75,197,77,61,93,157,195,125,69,138,182,123,56,96,115,137,121,66,140,67,172,158,168,212,110,119,135,139,164,145,122,82,154,196,103,117,70,130,123,78,164,80,213,194,112,45,164,162,65,83,51,83,65,190,106,152,255,134,121,42,192,168,119,156,63,235,19,240,90,177,203,29,142,110,183,200,170,21,108,199,50,184,127,92,169,150,113,157,196,187,73,0,255,42,30,156,192,117,28,146,48,110,203,125,73,255,241,251,255,173,143,142,0,255,255,0,197,119,85,13,12,92,31,55,255
150,8,160,50,236,97,103,71,159,201,82,80,136,166,122,110,105,163,137,169,68,129,22,148,163,170,151,145,107,67,134,168,115,113,35,177,130,106,54,95,19,173,0,111,77,76,128,153,111,254,153,64,169,115,101,50,200,38,113,214,169,108,46,255,181,63,73,107,197,0,223,85,150,189,98,87,91,151,246,195,0,70,255,91,74,48,145,205,255,44,78,243,141,72,14,199,81,47,255,239,212,24,157,108,53,255,174,141,197,204,247,255,218,106,147,0,255,105,0,165,180,108,0,28,29,21,0,255
154,10,181,61,218,73,73,103,207,199,47,101,101,190,132,107,75,199,156,135,70,103,68,106,109,172,198,219,131,115,97,134,183,120,0,169,201,97,167,146,0,179,11,142,132,154,109,93,22,255,210,137,51,118,58,80,195,81,27,255,136,196,50,255,169,35,136,171,165,0,255,60,234,190,94,74,116,116,219,255,66,197,189,113,246,72,162,141,85,130,112,254,255,29,91,246,56,56,255,203,101,1,159,0,105,255,104,75,169,82,255,255,192,0,151,0,255,255,0,205,97,139,0,79,0,6,19,255
157,13,192,66,222,91,104,108,173,212,78,93,119,136,137,110,88,182,193,152,89,159,54,159,17,216,105,174,141,159,143,138,164,215,26,221,159,161,154,76,78,228,16,175,137,89,111,98,115,248,185,173,100,126,85,93,198,76,109,232,255,229,56,255,149,93,164,102,171,99,138,32,165,156,70,133,28,195,222,239,173,69,255,122,174,89,39,118,143,140,207,215,148,50,53,255,10,50,255,255,102,0,178,3,85,155,184,133,101,131,223,220,236,0,212,0,255,170,0,117,112,141,66,104,17,0,0,255
175,8,146,96,214,75,77,129,147,174,151,51,120,147,101,35,109,237,196,193,0,208,99,177,69,152,150,185,123,68,192,131,106,83,140,131,140,120,183,135,116,174,32,144,123,163,132,93,122,110,127,93,129,78,86,151,126,107,112,206,131,122,120,98,173,168,82,122,144,134,145,112,127,188,136,154,131,137,94,167,100,192,152,130,91,102,137,201,146,88,64,144,94,113,110,171,88,50,121,209,207,122,119,113,107,183,84,115,172,131,177,135,68,137,72,57,147,183,47,216,101,116,100,85,171,146,69,255
175,8,146,96,214,76,77,129,148,174,151,51,120,147,101,35,109,238,196,193,0,208,99,177,69,152,150,185,123,68,193,131,106,82,139,130,139,120,184,136,115,174,31,144,123,163,132,92,123,110,126,93,129,77,86,150,125,106,113,206,130,121,121,97,174,168,81,124,144,135,146,112,127,188,138,154,132,137,93,168,100,193,152,130,91,102,138,202,146,88,63,145,95,112,110,171,88,50,122,210,207,121,120,114,106,182,84,114,170,130,178,136,67,136,72,55,147,184,48,216,101,116,100,83,170,147,69,255
