158,21,165,76,231,63,102,68,112,215,106,130,95,145,153,100,68,131,188,80,35,162,59,105,78,239,41,150,217,112,145,132,122,191,0,221,0,57,79,144,21,245,183,107,222,227,72,127,56,255,39,54,156,196,67,91,185,59,39,131,114,89,166,214,158,98,0,100,195,85,159,54,143,196,190,29,28,203,216,138,160,105,255,108,18,77,161,208,238,185,68,21,176,164,36,255,15,112,243,255,131,60,37,7,40,116,250,170,79,255,198,218,28,0,234,0,125,154,0,179,219,21,81,71,90,151,108,255
158,27,152,88,255,30,77,66,129,191,104,170,120,145,92,94,50,75,131,72,0,255,112,84,115,138,3,178,100,95,170,134,140,244,0,255,0,43,0,200,45,195,90,0,255,255,52,54,173,189,171,132,0,76,92,188,42,74,175,121,199,117,111,0,128,24,38,16,240,144,127,0,167,174,242,153,185,161,162,206,255,24,255,5,78,0,0,0,195,128,0,66,178,112,85,184,113,0,139,149,255,43,31,104,152,221,132,115,36,255,255,19,0,32,242,182,0,0,0,181,141,0,206,180,168,255,167,255
155,34,134,39,255,67,96,38,74,187,151,70,19,210,70,81,82,90,194,110,0,255,69,34,192,212,0,139,115,10,240,175,67,235,0,235,27,74,107,188,194,154,0,0,255,255,97,95,114,220,227,71,72,235,238,196,194,0,214,255,75,198,156,0,190,161,142,67,161,110,84,129,246,173,123,150,143,60,125,255,66,217,151,0,110,0,71,63,209,181,0,184,255,134,255,155,37,0,92,112,0,32,0,102,0,98,192,96,149,255,255,157,0,0,47,255,251,255,0,204,41,210,121,255,0,182,119,255
155,32,143,70,255,43,139,46,116,186,148,110,116,209,92,98,83,117,194,97,0,253,118,63,153,251,10,143,74,0,200,226,91,93,1,237,0,57,40,68,175,72,32,78,142,242,19,50,161,255,114,21,154,197,113,206,126,52,103,203,206,85,106,0,195,20,30,117,255,0,117,52,255,173,178,127,133,70,220,210,73,218,101,200,163,33,172,144,92,0,0,216,255,131,255,236,132,0,127,141,140,15,0,7,0,240,240,138,133,124,255,101,0,0,152,33,113,21,0,232,161,177,91,73,105,195,87,255
157,37,140,54,255,56,129,53,109,194,161,71,76,250,85,98,109,120,190,132,0,255,119,58,164,251,23,188,75,20,168,212,74,147,5,184,57,116,70,128,186,101,19,69,191,253,79,72,158,234,190,43,225,197,150,195,186,1,161,255,90,127,30,0,223,105,126,92,255,0,56,53,255,134,107,99,151,59,174,255,98,255,158,164,170,0,150,76,163,0,0,255,255,255,255,101,143,0,109,40,0,57,1,0,0,191,167,177,254,223,255,20,0,0,67,157,244,77,42,169,120,234,43,241,213,176,93,255
156,37,153,59,255,75,106,58,89,185,143,68,40,255,141,113,59,125,141,114,0,255,117,127,188,201,20,206,133,0,219,215,138,42,76,152,37,72,95,38,181,98,0,166,255,255,45,60,72,186,153,19,214,222,154,85,255,31,237,244,112,117,63,82,216,130,173,105,131,9,39,83,242,255,97,25,187,124,122,255,9,170,165,106,153,0,176,176,143,54,0,220,72,255,178,213,67,0,152,79,0,16,0,0,0,97,134,128,250,190,255,56,0,48,55,248,198,255,0,223,115,188,9,255,53,91,1,255
148,27,127,40,255,92,168,84,79,221,183,106,68,255,220,89,24,149,98,85,0,238,63,77,234,255,4,120,22,0,254,255,107,114,25,150,78,106,55,49,248,24,0,124,74,186,16,96,112,255,255,0,155,78,205,143,140,0,153,153,57,34,186,50,223,0,188,255,157,16,53,82,255,217,61,25,70,255,185,255,0,255,148,200,136,0,255,255,221,118,0,255,188,255,255,255,117,0,255,27,183,150,27,21,0,63,255,180,255,230,255,255,0,0,88,135,247,255,0,190,255,237,76,55,111,92,107,255
147,24,133,21,255,87,162,76,74,202,161,95,35,255,241,136,0,169,87,77,0,179,46,45,255,255,0,65,112,0,255,255,154,146,34,239,2,103,0,37,220,0,12,190,59,236,0,82,87,255,55,0,203,214,122,169,79,37,81,173,28,0,240,44,205,0,100,255,166,0,50,38,255,249,140,0,82,255,177,255,0,255,148,158,8,0,255,255,171,79,0,255,205,255,255,255,230,0,255,49,183,244,12,0,0,222,230,255,255,203,255,255,0,0,0,118,255,255,0,151,255,255,0,0,0,84,255,255
150,30,136,38,255,95,173,86,83,217,167,94,59,255,224,112,1,162,103,92,0,241,82,63,219,255,0,123,59,0,255,243,121,111,52,178,47,119,63,46,219,30,23,115,71,200,0,74,135,255,207,0,200,110,132,163,139,0,118,187,68,37,207,60,225,0,157,255,182,0,30,77,255,243,89,0,58,238,207,255,0,255,170,238,59,0,255,255,246,125,0,255,175,255,255,255,104,0,255,53,127,161,51,0,0,119,187,246,255,236,255,212,0,0,6,107,255,255,0,160,255,255,0,19,109,70,223,255
152,34,133,26,255,107,159,92,79,234,194,83,34,255,237,110,8,169,124,108,0,255,81,78,196,255,10,216,9,0,255,215,76,176,31,137,66,131,83,0,201,41,0,146,122,210,68,99,168,243,255,0,255,44,205,160,172,0,112,255,78,52,209,46,227,0,214,255,207,45,0,150,255,148,0,73,12,245,198,255,0,255,137,172,52,0,255,255,252,215,0,255,160,255,255,255,32,0,255,0,111,122,47,0,0,43,167,210,255,249,255,102,0,0,0,133,255,255,0,114,255,218,0,27,105,0,227,255
150,28,124,29,255,105,165,79,79,224,185,86,58,255,219,106,37,151,111,106,22,255,37,71,192,255,0,151,0,2,255,225,67,121,37,114,84,134,0,48,220,9,0,101,115,174,39,112,167,234,255,0,255,17,242,162,112,0,166,204,51,30,197,0,187,0,213,255,194,0,0,74,255,202,0,87,52,255,149,255,0,255,117,146,87,0,255,255,255,129,0,255,189,255,255,212,114,0,255,3,162,202,123,0,0,69,255,102,255,233,255,169,0,0,0,218,255,255,29,78,255,255,1,0,73,0,158,255
150,31,132,36,255,79,148,95,106,208,153,116,89,255,189,112,86,129,133,72,0,255,95,50,131,252,60,213,0,61,255,176,122,127,14,128,92,89,58,106,200,72,33,47,52,228,24,144,96,224,255,13,149,122,191,156,199,0,193,255,101,145,124,48,162,13,255,193,215,0,4,80,255,155,107,119,86,255,190,255,0,255,218,55,82,0,255,175,148,78,0,255,255,255,255,156,62,0,247,0,76,67,99,0,0,136,190,0,255,255,255,88,0,0,111,223,255,255,10,194,255,255,43,152,255,5,46,255
149,30,128,32,255,97,147,83,88,215,151,107,56,255,175,107,51,143,129,94,0,255,32,63,178,255,34,188,29,0,255,226,95,152,15,178,61,86,17,41,248,84,0,97,177,255,15,97,110,236,246,0,196,95,218,88,192,0,146,255,107,109,124,34,229,0,213,222,145,68,22,120,255,234,11,70,58,229,239,255,0,244,192,73,77,0,255,255,255,62,0,255,176,255,255,243,140,0,255,0,96,71,31,0,0,56,164,0,255,255,255,131,0,0,99,149,255,255,12,206,228,255,60,135,141,13,89,255
151,36,145,37,255,87,143,89,105,217,137,115,68,255,189,112,36,148,118,70,0,255,92,73,148,242,52,217,55,22,255,203,129,167,28,217,42,92,95,117,204,36,0,60,133,255,54,146,105,245,209,70,153,212,133,192,246,0,174,255,141,151,112,90,200,0,199,174,190,11,32,101,255,206,60,118,103,195,204,255,0,221,223,81,47,0,241,255,188,72,0,255,213,251,255,168,51,0,208,8,63,0,86,12,0,144,82,0,255,255,255,2,0,0,140,203,255,255,0,165,231,255,0,218,178,86,146,255
151,30,135,44,255,94,161,77,92,214,122,87,68,255,183,136,25,162,116,132,0,238,35,55,190,255,18,117,38,0,243,229,79,124,63,213,46,80,37,132,203,50,2,85,89,218,20,101,170,255,169,0,250,144,138,201,102,0,148,235,98,50,126,52,221,0,123,249,225,0,108,27,255,255,188,40,80,171,216,255,0,231,214,179,28,0,255,255,255,67,0,255,178,190,255,115,126,0,227,42,150,81,124,25,0,173,179,79,255,181,255,83,0,0,33,129,255,255,9,160,255,255,0,100,132,160,102,255
151,33,138,40,255,74,152,86,99,217,172,89,82,255,213,100,12,152,126,93,0,255,114,91,179,248,55,112,28,0,253,255,98,165,81,214,63,88,38,120,228,17,25,67,111,249,41,107,79,255,155,4,167,208,103,182,169,0,127,225,135,146,103,74,209,0,194,217,225,0,70,85,255,234,85,55,117,157,255,255,0,255,208,163,45,0,255,255,208,72,0,255,249,166,255,191,102,0,187,39,91,0,67,27,0,125,170,97,255,157,255,75,0,0,86,96,253,255,7,185,255,255,0,151,162,144,138,255
147,25,133,39,255,96,174,81,88,230,154,109,69,255,245,109,0,167,94,98,0,201,32,52,255,255,16,72,108,0,255,255,115,100,67,217,10,65,93,67,255,0,30,101,75,227,0,45,121,255,158,0,115,140,76,177,118,0,92,119,112,43,217,114,237,0,90,255,145,43,89,0,255,255,177,0,45,255,254,255,0,255,184,255,66,0,255,255,255,123,9,255,167,176,255,255,25,0,255,78,199,68,82,99,0,197,195,158,255,151,255,255,0,0,141,73,231,255,0,185,255,255,0,0,28,115,228,255
150,31,139,46,255,88,163,96,111,221,138,85,92,255,227,126,1,178,110,112,0,255,56,67,199,242,75,126,39,0,235,252,105,104,95,190,57,64,71,93,229,1,42,98,93,222,26,74,112,255,176,0,198,177,62,207,96,0,103,200,162,43,133,111,221,0,158,255,188,0,112,0,255,255,167,0,112,205,255,255,0,255,200,232,97,0,255,255,237,91,0,255,192,128,255,147,12,1,255,54,221,0,140,107,0,255,163,56,192,54,255,150,0,0,132,58,255,255,0,170,255,255,0,112,149,160,212,255
151,34,139,46,255,91,143,99,104,220,167,103,77,255,226,118,9,159,113,83,0,255,84,88,179,228,77,177,42,18,247,200,104,148,75,172,70,103,84,88,218,23,39,78,82,225,75,117,74,243,221,0,195,171,67,186,170,0,142,255,130,67,149,90,184,0,223,214,237,0,32,93,255,208,103,56,87,205,190,255,0,255,179,167,85,0,255,255,207,47,0,255,187,255,255,151,74,0,241,70,130,20,139,0,0,127,101,84,255,142,255,4,0,0,69,132,255,255,0,124,255,255,0,71,212,61,224,255
149,33,126,34,255,110,159,71,71,221,162,103,54,255,165,100,11,135,169,120,0,255,34,30,198,225,43,220,46,0,255,218,43,179,49,179,78,54,209,42,211,44,0,113,78,234,38,67,195,255,255,94,157,121,149,176,183,0,171,255,140,92,255,170,255,0,255,255,145,116,78,137,255,255,56,26,0,184,126,255,0,255,111,94,2,0,255,255,255,207,0,255,244,255,255,165,69,0,255,0,202,18,0,55,0,0,203,0,255,246,255,112,0,0,129,203,255,255,0,255,150,255,94,166,192,18,26,255
152,30,122,37,255,103,166,54,63,206,147,62,31,245,105,131,0,177,179,154,0,218,0,0,162,246,0,101,154,28,255,199,14,162,81,173,124,76,202,119,217,49,0,86,112,192,10,65,205,255,185,104,158,133,124,153,92,0,187,196,156,76,255,120,245,32,217,255,195,67,105,143,255,255,88,19,0,166,39,255,0,255,93,159,110,0,255,255,255,234,0,255,255,111,255,179,10,0,255,0,224,0,71,43,0,0,233,21,255,226,255,216,0,0,36,211,220,255,9,125,231,255,78,255,231,22,0,255
148,30,119,42,255,87,151,77,73,215,174,62,61,255,192,95,0,156,124,101,0,245,27,53,216,255,25,66,103,0,239,255,62,136,97,200,87,32,131,98,255,0,31,96,78,255,0,2,79,255,200,8,112,107,77,174,105,0,131,148,94,85,199,121,246,0,191,255,112,35,99,46,255,255,165,0,0,202,217,255,0,255,119,168,168,0,255,255,255,127,0,255,234,154,255,169,53,0,255,0,196,0,0,78,0,0,251,36,255,131,255,232,0,0,92,75,180,255,9,255,255,255,81,205,142,162,72,255
149,34,127,38,255,105,157,73,69,224,159,80,35,255,203,91,0,158,133,107,0,222,1,27,225,255,0,118,149,0,255,255,45,128,62,188,92,70,203,48,255,0,0,105,110,246,28,0,125,255,255,69,110,135,120,186,81,0,140,211,137,63,255,134,255,0,198,255,87,107,80,117,255,255,116,0,0,192,195,255,0,255,62,219,156,0,255,255,252,214,0,255,212,185,255,193,0,0,255,0,169,0,0,87,0,0,214,0,255,206,255,255,0,0,52,225,143,255,0,255,255,255,104,194,80,163,159,255
149,31,117,33,255,91,158,67,60,211,177,60,36,255,174,93,0,158,143,89,0,248,33,18,165,255,0,121,124,8,255,255,50,143,67,160,74,33,163,102,255,0,0,120,114,235,0,17,155,255,199,78,156,98,140,141,155,0,143,142,82,137,235,135,255,0,234,255,160,113,77,78,255,255,94,111,0,227,175,255,0,255,86,98,140,0,255,255,246,255,0,255,241,146,255,255,0,0,255,0,172,0,0,66,0,0,255,0,255,221,255,206,0,0,58,200,230,255,28,199,255,255,150,255,133,65,0,255
149,33,138,36,255,98,172,96,87,232,147,100,50,255,238,120,0,185,90,90,0,247,73,66,227,243,43,145,85,0,255,255,113,146,88,217,35,45,168,65,253,0,15,153,61,234,25,42,118,255,197,13,150,172,88,218,140,0,87,194,133,43,221,153,245,0,159,255,115,33,107,42,255,253,168,0,19,201,238,255,0,255,182,255,120,0,255,255,205,127,0,255,209,210,255,234,24,0,255,18,208,0,29,171,0,102,128,104,211,111,255,169,0,0,149,47,206,255,0,255,255,255,0,196,111,157,227,255
148,29,128,37,255,93,170,85,73,237,167,88,40,255,255,89,0,179,100,91,0,221,46,60,250,255,32,103,123,0,255,255,92,106,106,195,37,30,138,30,255,0,26,111,123,255,0,0,79,255,189,0,123,69,57,135,117,0,72,116,87,51,255,184,255,0,159,255,33,68,7,6,255,255,136,0,0,245,255,255,0,255,146,255,137,0,255,255,255,183,0,255,136,200,255,255,0,0,255,14,169,0,0,146,0,22,130,59,255,174,255,255,0,0,130,73,159,255,0,208,255,255,18,73,0,95,255,255
146,25,123,50,255,67,154,81,85,218,180,74,82,255,244,79,0,170,106,79,0,255,84,96,243,241,63,72,69,0,214,255,104,82,132,191,37,9,84,99,255,0,71,120,99,255,0,38,22,255,143,0,97,81,7,149,127,0,82,79,71,41,191,168,255,0,130,255,54,24,45,0,255,255,192,0,48,228,255,255,0,255,174,255,159,0,255,255,221,90,0,255,132,119,255,255,23,0,255,14,170,0,12,135,0,78,153,125,255,67,255,251,0,0,161,17,202,255,0,201,255,255,8,72,42,77,184,255
151,29,112,34,255,98,136,67,61,216,196,24,36,255,144,86,0,165,164,163,0,214,0,32,205,220,9,96,165,0,231,255,13,149,70,172,141,20,167,82,255,13,0,104,150,255,34,1,110,255,235,51,149,32,148,124,124,0,129,134,110,79,221,121,255,53,168,255,45,123,37,172,255,254,67,11,0,192,140,255,0,255,72,114,162,0,255,255,255,255,0,255,160,140,255,182,0,0,255,0,196,0,0,70,0,0,255,17,255,153,255,255,0,0,0,82,180,255,69,229,255,255,125,179,116,136,0,255
149,29,113,36,255,106,141,75,61,227,190,64,32,255,158,83,0,165,156,130,0,221,0,48,223,255,0,126,136,0,255,255,26,137,33,141,105,37,137,0,255,30,0,101,223,248,45,0,106,255,255,18,136,5,239,117,132,0,148,171,81,72,221,58,255,6,191,255,77,195,46,123,255,244,0,0,0,244,133,255,0,255,51,150,180,0,255,255,255,255,0,255,133,159,255,233,0,0,255,0,202,0,0,134,0,0,255,37,255,132,255,255,0,0,41,55,203,255,1,255,255,255,255,150,72,135,0,255
150,24,105,52,255,78,123,65,74,201,197,44,97,255,116,53,53,137,146,75,18,255,0,88,117,255,38,78,101,52,238,234,67,67,91,119,106,2,85,118,255,3,62,71,153,255,39,0,0,255,172,56,72,0,192,123,166,0,105,39,10,51,175,72,222,16,120,184,40,131,48,49,255,255,115,63,0,226,207,255,0,255,130,114,197,0,255,255,255,193,36,255,96,171,255,255,0,0,255,0,159,73,0,20,0,0,255,0,255,148,255,255,0,0,41,31,176,255,183,255,255,255,255,0,180,14,0,255
152,26,112,47,255,79,126,85,84,191,178,48,107,255,123,61,78,130,115,65,30,255,19,66,66,255,59,133,8,81,241,146,104,40,87,91,61,20,85,125,255,55,68,115,50,225,102,33,78,250,177,93,120,0,255,202,203,0,107,27,37,90,145,92,203,90,138,110,67,79,110,64,255,229,150,201,0,216,226,255,0,255,189,40,133,0,255,255,156,255,29,255,154,185,255,255,0,0,255,21,149,82,0,0,0,0,255,24,255,214,255,255,0,0,11,78,183,255,151,255,244,255,255,64,228,0,0,255
151,30,112,30,255,94,144,55,56,204,167,64,11,255,92,108,9,151,195,102,0,250,0,1,111,255,4,200,112,7,255,179,50,144,54,126,112,84,170,66,255,81,0,115,201,255,21,16,157,255,239,97,208,43,234,102,188,0,184,241,101,145,246,106,255,0,255,236,140,134,81,203,255,255,25,64,0,185,104,255,0,255,82,99,94,0,255,255,255,255,0,255,174,255,255,255,5,0,255,0,101,102,0,0,0,0,255,0,255,254,255,147,0,0,0,122,255,255,65,254,161,255,255,255,240,0,0,255
158,39,144,48,255,50,120,103,105,191,156,73,66,236,193,110,77,162,138,61,9,255,164,89,54,226,199,255,37,149,232,47,95,155,62,87,57,140,92,83,169,104,20,99,157,207,116,91,112,156,221,77,255,111,153,144,255,69,98,255,41,42,42,160,101,76,149,171,255,0,60,45,255,63,65,112,101,91,115,255,0,255,255,168,124,0,255,218,203,158,0,255,172,255,225,255,0,0,204,117,27,113,0,0,0,102,133,255,255,130,216,0,0,0,0,145,255,255,0,61,190,244,0,203,255,47,136,255
164,43,152,60,255,61,99,48,62,183,187,56,4,227,160,69,73,128,139,110,55,255,141,91,87,248,106,255,211,137,255,164,60,112,62,154,100,61,221,31,147,198,0,97,224,211,30,24,94,105,241,110,244,199,242,0,255,48,93,255,59,137,84,174,231,77,141,200,114,132,91,221,255,185,0,73,147,26,186,255,0,255,83,125,34,0,201,233,255,119,0,183,96,255,144,227,105,0,126,123,0,42,9,8,0,0,112,142,193,208,255,0,0,0,0,71,248,255,0,111,88,255,0,255,142,155,0,255
154,38,132,20,255,102,160,88,77,226,157,87,31,255,201,122,44,183,133,76,0,255,107,72,106,255,60,255,24,69,255,174,79,153,24,111,63,84,145,35,193,75,0,165,101,158,26,68,202,255,255,42,255,74,255,145,179,0,119,255,91,30,185,109,207,0,202,255,202,101,12,126,255,107,55,93,0,157,235,255,0,255,187,194,21,0,255,255,169,255,0,255,226,255,255,255,0,0,255,0,30,138,0,0,0,0,185,201,255,255,255,72,0,0,0,100,255,255,0,70,255,255,0,151,255,0,48,255
152,39,149,33,255,79,153,101,106,219,168,93,77,255,218,111,8,177,118,38,0,255,164,100,138,255,81,240,49,56,255,199,108,158,69,167,71,70,138,103,195,16,27,145,44,166,60,102,121,255,180,54,186,197,80,255,178,0,81,255,160,12,137,151,203,0,173,255,222,43,36,74,255,106,54,29,27,178,232,255,0,255,198,189,58,0,255,255,85,157,0,255,255,255,255,255,0,0,255,36,123,0,46,16,0,124,117,144,205,175,255,54,0,0,38,112,255,255,0,105,255,255,0,149,255,104,255,255
148,28,131,21,255,65,149,79,92,201,141,95,62,255,240,123,0,165,55,7,0,255,76,101,249,244,69,156,36,0,241,255,139,137,124,247,0,34,0,63,255,0,52,179,132,255,0,49,45,255,51,0,129,255,0,202,52,3,100,229,148,70,136,92,201,0,156,255,55,0,25,0,255,249,198,0,176,136,255,255,0,255,211,178,151,0,255,255,0,0,0,255,255,181,255,255,237,0,255,25,177,0,0,4,0,170,73,42,166,0,255,103,0,0,114,27,255,255,0,158,255,255,0,210,0,29,255,255
148,34,149,39,255,86,160,86,89,221,136,81,56,255,255,128,0,191,73,83,0,240,86,78,255,254,29,94,132,0,245,255,104,116,146,255,0,27,69,56,195,0,48,173,70,255,0,4,123,255,30,0,176,246,0,255,35,0,68,192,175,0,179,193,244,0,146,255,113,0,79,0,255,255,216,0,85,174,255,255,0,255,148,236,122,0,255,255,142,76,0,255,247,58,255,211,102,0,255,47,240,0,64,139,0,238,68,70,142,138,255,165,0,0,184,206,255,255,0,210,255,255,0,105,0,223,255,255
149,32,136,43,255,70,136,65,80,194,142,82,53,226,198,98,0,130,85,36,0,255,75,81,236,255,2,124,103,0,255,255,96,124,116,255,0,65,45,60,242,0,43,150,153,255,0,35,124,255,66,24,147,212,19,167,135,0,96,230,112,75,135,108,255,0,123,253,108,16,68,74,255,255,173,91,110,108,255,255,0,209,210,135,78,0,255,255,141,98,0,255,186,214,255,255,212,0,220,58,78,0,0,63,0,29,147,51,255,236,255,120,0,0,113,195,255,255,0,228,255,255,0,221,0,135,255,255
144,24,124,9,255,77,161,90,88,229,141,97,46,255,255,132,0,176,23,35,0,238,21,94,255,255,55,88,34,0,255,255,130,173,118,255,0,44,0,111,255,0,1,138,102,255,0,96,49,255,33,0,135,255,9,230,24,0,87,209,112,78,155,97,188,0,107,255,58,45,66,0,238,255,240,0,186,182,255,255,0,255,247,167,50,0,255,255,161,47,0,255,202,129,255,255,218,0,255,0,250,0,11,46,0,182,61,68,229,0,255,138,0,0,55,0,255,255,0,149,255,255,0,166,0,144,245,255
149,26,122,15,255,97,131,48,67,190,114,82,20,220,96,112,51,115,126,61,0,251,0,38,172,255,0,176,101,13,245,222,63,163,2,195,27,134,35,22,252,122,0,113,186,255,0,59,162,255,146,74,191,108,178,61,182,0,177,255,111,147,149,119,255,0,196,178,199,62,84,89,255,244,52,87,20,161,227,255,0,217,236,0,110,0,255,255,255,211,0,255,186,185,255,255,127,0,181,0,49,45,0,0,0,39,173,198,255,255,255,209,0,0,16,176,255,255,0,198,195,255,131,255,178,0,69,255
150,28,103,30,255,76,151,5,69,171,182,6,41,198,101,80,0,110,171,108,0,212,22,0,141,255,0,39,124,135,255,182,0,129,66,91,30,134,225,150,255,14,0,131,59,118,0,55,255,255,137,146,137,146,167,140,106,0,175,166,95,140,169,0,186,39,139,255,255,0,202,115,255,255,181,255,19,49,100,255,0,255,137,22,163,0,255,255,255,255,0,255,255,156,255,255,1,0,126,0,42,192,55,0,0,0,255,138,255,255,255,107,0,0,0,255,255,255,71,56,255,255,0,255,130,38,0,255
160,39,140,81,255,55,118,44,88,183,185,24,77,224,123,84,108,135,214,126,0,255,101,45,53,223,108,216,155,107,196,94,53,49,97,115,108,118,159,97,185,110,7,87,89,204,72,78,190,255,239,128,143,86,145,92,255,0,146,255,121,195,89,182,147,131,150,159,205,26,197,182,255,251,111,210,10,139,146,255,51,165,97,118,54,0,238,183,255,149,45,215,219,255,194,182,105,0,169,61,31,93,0,30,0,0,255,158,255,228,255,105,0,11,68,231,205,255,93,188,33,255,206,202,184,244,40,255
152,30,107,40,255,93,147,28,73,182,190,5,31,232,46,92,35,141,226,201,0,220,0,0,132,247,0,84,114,64,216,149,0,155,35,86,114,142,190,147,242,58,0,111,103,148,58,82,255,255,217,108,241,95,219,152,146,0,179,172,123,178,207,17,255,76,211,200,255,55,171,168,255,255,105,255,0,106,46,255,0,255,38,101,145,0,255,255,255,255,0,255,255,81,255,173,9,0,175,0,130,107,103,0,0,12,255,145,255,255,255,91,0,0,0,255,255,255,138,77,150,255,52,255,205,1,0,255
155,35,100,32,255,91,147,5,72,172,235,0,25,255,67,34,0,131,226,221,0,210,28,0,138,255,0,62,44,49,255,164,0,142,4,0,65,139,182,108,255,49,0,88,109,122,42,24,255,255,240,106,247,68,255,154,145,0,140,195,122,203,177,0,255,94,199,255,255,103,194,183,255,255,0,255,0,35,239,255,0,255,0,59,146,0,255,255,255,255,0,255,255,119,255,255,14,0,224,0,14,151,0,0,0,0,255,140,255,255,255,1,0,0,0,255,255,255,207,134,163,255,86,255,145,102,0,255
151,32,106,45,255,81,166,28,92,188,197,16,61,239,61,75,72,116,255,193,0,230,35,0,97,255,0,134,22,91,214,120,0,111,0,17,93,161,139,163,255,80,0,99,60,138,13,73,255,255,255,85,255,115,255,144,167,0,166,156,137,255,92,0,255,82,255,222,255,25,213,156,255,255,154,255,0,120,143,255,0,231,50,131,156,0,255,171,255,255,0,255,255,85,255,202,0,0,120,0,19,230,171,0,0,95,255,114,255,255,255,5,0,0,0,255,255,255,197,129,179,255,92,255,255,40,0,255
154,32,107,45,255,86,144,23,87,175,199,0,62,255,0,59,82,143,255,186,0,226,0,4,92,255,0,98,120,100,225,125,0,106,33,0,120,153,123,166,255,101,0,116,159,174,13,26,236,255,215,99,187,31,255,163,126,0,141,224,116,180,174,0,255,91,161,230,255,93,188,144,255,255,69,224,0,79,135,255,23,255,56,111,123,0,255,255,255,255,0,255,242,139,255,158,0,0,197,0,129,161,0,0,0,82,255,145,255,255,255,165,0,0,0,255,211,255,255,183,155,255,139,241,255,29,0,255
155,34,116,51,255,71,128,14,66,171,199,0,39,235,110,70,38,125,184,139,0,243,67,18,126,255,0,76,191,115,250,156,0,94,100,81,39,141,166,96,255,62,0,124,175,165,0,8,218,255,157,121,140,109,191,77,145,0,126,208,75,87,176,52,132,42,76,255,247,69,224,136,255,255,118,235,40,78,128,255,0,255,27,90,171,0,255,255,255,233,0,255,255,180,255,255,83,0,225,0,0,127,0,0,0,0,255,186,255,255,255,131,0,0,0,255,255,255,51,187,49,255,83,255,6,210,64,255
153,36,109,55,255,81,133,13,75,179,197,0,54,222,43,66,43,110,252,156,0,255,15,0,119,255,0,193,113,95,188,185,17,92,0,93,102,153,205,177,232,42,0,123,75,235,45,117,255,255,255,104,183,124,143,168,240,0,234,251,93,255,67,78,255,89,238,131,255,24,131,171,255,255,52,255,0,172,124,255,0,174,75,2,97,0,255,189,255,255,0,255,188,236,255,82,106,0,188,0,65,174,111,0,0,0,255,145,255,255,255,0,0,0,0,255,255,255,171,132,143,255,146,255,236,0,0,255
150,30,91,34,255,78,152,14,89,176,230,0,62,254,24,47,36,113,255,217,0,218,0,0,133,255,0,51,25,52,237,144,0,135,0,0,100,160,153,171,255,57,0,63,70,136,0,57,255,255,255,138,241,59,255,194,149,0,128,135,132,255,158,0,255,83,255,241,255,35,205,187,255,255,176,255,0,48,118,255,0,255,28,65,140,0,255,214,255,255,0,255,255,99,255,229,0,0,112,0,28,216,68,0,0,62,255,138,255,255,255,60,0,0,0,255,219,255,255,152,219,255,64,255,255,80,0,255
152,27,109,45,255,82,132,31,64,186,207,0,42,197,61,79,18,141,199,180,0,238,0,37,156,219,0,82,182,49,147,180,0,134,101,130,190,125,67,169,244,48,7,134,98,222,53,75,195,255,154,83,215,73,80,129,155,0,175,98,127,163,129,173,255,66,244,103,235,26,97,161,255,255,54,172,0,142,19,255,60,196,43,74,167,0,255,255,255,237,0,255,201,43,255,133,101,0,204,0,199,0,134,0,0,0,255,162,255,245,255,136,0,38,0,220,215,255,142,36,179,255,81,255,206,5,0,255
153,33,129,57,255,76,134,13,65,153,155,0,65,196,98,86,20,130,130,73,0,227,39,48,152,255,0,9,180,80,226,176,17,62,163,159,60,112,77,178,255,64,24,134,124,209,0,0,137,255,9,67,116,161,22,191,6,20,203,218,89,9,184,94,180,0,44,255,210,0,182,78,255,255,165,15,99,23,161,255,0,231,98,111,181,0,255,255,255,207,0,255,191,72,255,204,128,0,111,0,53,23,0,0,0,36,255,204,255,233,255,251,0,0,0,255,255,255,0,255,237,255,24,255,42,187,132,255
162,36,138,74,255,53,84,0,71,147,182,0,73,154,133,60,33,124,131,142,0,234,29,111,112,185,66,93,225,69,102,131,0,73,159,173,26,180,61,117,255,84,27,136,143,255,87,19,99,255,0,138,90,113,0,95,127,81,126,162,151,164,75,203,148,85,0,138,216,0,218,81,240,255,163,168,160,0,175,255,0,251,29,119,255,0,206,255,255,175,0,202,106,100,191,143,146,0,152,20,0,0,0,0,0,95,252,255,88,68,255,127,0,127,0,123,110,255,0,231,55,255,135,255,0,255,119,255
151,27,117,37,255,117,159,52,56,232,191,43,7,255,138,109,0,171,158,206,0,162,0,16,247,255,0,34,168,0,254,255,4,153,64,155,103,94,140,33,255,19,0,88,250,226,64,0,184,255,253,15,172,0,250,160,119,0,136,116,78,54,255,3,255,14,95,255,131,153,94,135,223,255,0,0,0,255,73,255,0,255,6,203,163,0,255,255,255,255,0,255,54,100,255,115,0,0,255,0,238,44,0,119,0,0,255,100,255,183,255,255,0,0,0,71,215,255,90,255,246,255,154,124,0,218,0,255
149,30,118,27,255,109,156,61,55,211,163,79,16,255,141,107,0,163,154,122,0,221,0,7,193,255,2,149,107,0,255,219,34,156,63,161,93,91,128,15,250,65,0,114,146,233,37,22,168,255,205,64,200,86,218,147,112,0,178,228,118,77,247,114,255,0,255,255,154,120,88,154,255,255,0,0,0,188,130,255,0,255,50,97,68,0,255,255,255,244,0,255,222,182,255,242,70,0,255,0,172,46,0,5,0,0,245,78,255,227,255,192,0,0,0,176,255,255,0,255,226,255,156,255,179,23,0,255
156,34,144,75,255,56,111,53,72,180,189,34,92,172,155,88,0,157,107,128,0,241,30,82,160,197,84,68,190,55,161,152,38,159,163,217,121,43,50,193,148,52,74,112,33,223,65,18,99,255,97,103,133,162,0,171,108,16,149,154,128,115,78,212,203,131,119,147,218,0,129,71,255,244,172,56,117,89,69,255,78,167,130,126,158,0,203,255,246,201,0,182,180,150,255,124,70,0,194,174,165,0,69,110,0,150,160,167,123,161,255,165,0,32,11,158,190,235,8,223,195,215,0,162,156,255,29,255
160,33,162,107,234,15,107,45,87,152,165,53,127,186,142,104,73,139,169,100,0,187,89,84,83,255,86,48,252,52,139,196,88,39,163,190,89,23,77,122,92,129,55,144,61,186,0,1,85,255,31,46,174,175,3,52,99,60,55,173,184,22,143,105,177,138,0,120,241,0,187,51,248,244,215,133,107,100,147,173,81,210,44,212,130,82,149,255,224,0,90,36,255,241,44,203,140,0,201,228,171,85,14,78,142,148,236,132,1,147,255,210,26,96,93,174,7,0,54,167,96,223,64,69,150,255,78,255
151,25,110,46,255,69,148,17,68,169,177,0,63,225,91,101,4,125,166,148,0,183,20,0,156,255,0,0,152,87,253,201,0,117,140,129,28,113,106,143,235,12,6,131,77,130,0,0,255,255,24,84,152,60,140,148,49,0,122,124,57,69,182,0,152,19,26,255,255,0,215,30,255,255,227,255,5,78,93,255,0,255,133,82,152,0,255,255,255,255,0,255,255,89,255,255,32,0,200,0,133,199,0,0,0,90,255,136,255,255,255,247,0,0,0,255,255,255,137,198,255,255,0,234,20,166,36,255
151,29,114,30,255,84,154,41,73,182,154,51,56,240,97,92,32,133,160,98,0,222,9,6,130,255,0,116,36,40,251,180,30,130,54,140,36,121,99,91,255,53,32,126,38,190,16,49,214,255,116,82,207,90,173,202,89,0,137,178,120,91,177,27,255,0,198,244,255,13,164,63,255,255,104,165,0,90,216,255,0,255,161,98,108,0,255,255,250,213,0,255,255,140,255,255,136,0,110,0,123,131,0,0,0,39,255,172,255,255,255,158,0,0,0,255,255,255,16,152,255,255,110,255,245,0,42,255
153,34,129,38,255,85,128,70,84,177,216,4,90,187,118,62,25,128,108,145,0,255,115,119,180,99,57,36,98,65,199,187,78,178,67,185,94,45,130,251,181,54,0,145,53,152,37,60,73,255,116,58,156,153,125,161,67,0,140,221,139,80,149,151,189,125,26,202,95,29,134,206,255,145,158,211,49,34,234,255,0,241,135,0,157,0,255,255,216,211,0,255,253,106,255,144,53,0,255,49,96,0,56,50,0,160,184,225,151,223,255,113,0,0,0,113,213,255,26,255,34,255,0,103,87,255,0,255
152,26,127,56,255,68,138,61,111,163,147,59,138,195,142,78,118,99,120,105,0,255,129,74,108,225,102,107,51,125,212,131,50,74,95,105,56,98,73,135,225,123,0,164,0,80,13,78,141,255,148,64,127,132,181,65,140,0,122,191,113,48,103,142,94,82,21,193,255,0,235,60,255,218,255,255,130,88,254,255,0,255,221,64,129,87,255,232,162,137,36,227,195,208,255,255,89,0,242,97,150,83,0,21,0,223,255,115,179,255,208,229,0,0,102,180,254,241,5,249,80,255,0,158,158,126,79,255
150,21,124,38,255,67,164,45,85,180,128,73,89,204,98,132,32,100,133,112,0,206,78,0,161,255,0,35,101,16,255,198,32,157,137,253,4,36,114,121,218,23,0,128,73,201,0,0,247,255,0,76,115,138,96,138,52,0,164,141,71,115,144,2,134,0,15,255,255,0,150,0,255,255,229,159,46,95,113,217,0,237,246,95,105,39,255,255,180,208,21,255,231,119,255,255,97,0,109,20,240,158,0,76,0,153,255,18,255,255,255,176,0,0,147,137,255,255,65,231,255,255,0,168,26,0,0,255
153,29,117,54,255,48,174,50,98,181,211,55,143,243,108,69,147,107,205,121,0,255,134,34,113,228,56,41,0,119,243,128,52,81,33,0,95,128,85,181,201,105,47,32,9,42,0,90,235,255,255,83,114,42,204,157,138,0,168,114,61,174,111,28,106,191,212,255,255,0,232,92,255,249,198,255,22,139,122,255,0,255,202,37,162,66,255,151,220,206,83,255,255,210,255,255,16,7,170,33,137,247,0,36,0,122,255,255,255,255,255,255,0,0,175,255,134,205,166,190,241,255,127,178,255,254,0,255
153,29,148,48,255,84,147,93,114,200,177,81,142,186,146,92,83,138,137,118,3,226,125,126,136,142,163,98,86,49,132,162,182,115,30,122,91,58,95,239,104,134,16,151,0,85,0,119,52,255,249,59,139,169,135,88,68,0,116,255,181,122,112,208,190,109,149,161,175,0,225,166,255,110,152,140,9,182,199,231,0,146,197,94,138,1,174,255,113,99,0,207,255,206,155,219,102,0,255,160,117,0,128,21,0,255,144,255,80,255,223,198,0,32,190,0,78,119,0,169,45,94,0,38,255,190,28,255
153,18,146,66,248,79,137,83,143,199,166,79,166,182,72,59,114,112,129,169,29,193,91,146,171,149,151,82,148,46,111,145,109,108,90,120,91,72,71,173,107,167,38,155,14,41,33,169,71,255,174,53,143,160,157,138,119,0,10,170,179,26,11,157,176,63,39,101,207,72,205,140,255,125,133,69,0,175,152,159,47,33,199,139,108,102,201,227,131,0,0,255,251,161,33,140,128,0,255,219,242,0,154,14,171,255,161,239,173,255,226,204,0,142,252,0,82,0,110,199,1,67,0,0,227,180,77,255
164,23,137,111,234,50,85,85,153,183,108,50,105,164,78,65,129,100,156,161,7,202,76,80,124,199,111,121,155,87,150,176,91,44,142,194,31,54,116,43,76,115,84,104,187,230,105,100,87,206,42,199,100,57,151,193,110,0,69,103,193,112,173,110,57,104,40,11,157,98,147,69,185,154,189,177,90,147,97,49,162,126,79,111,32,60,95,115,194,39,73,173,151,26,46,93,0,24,137,71,240,11,0,0,201,255,88,126,154,251,200,0,0,168,104,0,0,38,0,169,181,131,54,168,34,165,41,255
151,31,120,49,255,86,142,60,73,209,189,43,49,255,155,80,0,141,189,111,0,203,0,25,158,255,42,152,163,0,222,219,70,125,99,202,99,82,145,89,255,48,37,160,142,255,19,21,125,255,208,35,131,103,100,137,187,0,148,165,131,93,191,142,255,0,212,202,95,35,110,203,255,255,85,26,0,138,144,255,0,255,122,157,83,0,255,255,255,133,0,255,183,255,255,255,122,0,226,0,139,55,0,70,0,0,255,76,255,182,255,173,0,0,7,102,209,255,93,255,255,255,172,209,130,111,47,255
151,36,129,26,255,109,172,71,61,225,158,102,13,255,169,104,0,166,188,78,0,226,0,0,143,255,24,255,96,0,255,201,81,141,28,159,74,98,192,0,233,84,0,155,203,255,0,29,181,255,255,67,171,90,201,121,161,0,169,255,157,83,255,117,255,0,255,255,76,139,32,239,255,255,0,0,0,200,176,255,0,255,86,177,62,0,255,255,206,255,0,255,223,255,255,255,24,0,255,0,121,53,0,85,0,0,238,39,255,255,255,241,0,0,78,199,255,255,0,255,226,253,255,246,190,0,33,255
149,31,130,29,255,108,164,77,71,236,145,83,40,255,201,106,0,169,159,109,0,192,0,41,207,255,61,216,114,0,255,255,93,105,26,183,48,50,104,0,231,54,0,173,209,255,0,14,133,255,234,0,195,73,154,115,137,0,127,158,122,44,250,125,255,0,195,255,28,122,71,75,255,255,0,0,0,255,236,255,0,255,126,194,42,0,255,255,238,181,0,255,158,255,255,255,7,0,255,0,208,74,0,126,0,67,236,100,255,164,255,255,0,0,106,54,255,255,0,247,255,134,183,82,96,70,87,255
147,35,115,42,255,81,109,67,62,188,204,6,35,225,106,42,0,124,182,77,0,165,0,0,75,218,71,230,139,47,199,153,118,164,17,227,85,100,84,204,211,114,25,104,142,255,14,46,203,255,152,44,138,200,106,234,193,28,192,225,114,92,0,178,243,0,255,125,192,141,82,233,255,255,61,143,58,44,96,255,0,254,137,0,3,0,255,255,243,255,0,255,211,246,255,255,143,0,123,0,25,59,0,51,0,82,255,214,255,255,255,31,0,0,0,255,255,255,142,232,185,255,70,255,255,0,0,255
151,34,142,51,255,91,138,99,94,171,121,85,38,255,147,124,0,184,144,58,0,231,51,26,52,234,47,232,116,56,255,134,197,165,0,255,42,131,28,174,156,181,12,149,217,255,27,116,176,255,113,32,67,231,178,217,123,110,221,255,113,30,95,146,206,0,255,175,171,53,16,145,254,255,130,0,171,124,72,255,0,255,223,36,0,0,255,255,48,103,0,192,174,255,255,255,128,0,236,0,65,71,0,142,0,255,185,224,237,198,255,178,0,0,3,237,255,255,0,255,188,170,132,248,255,21,31,255
152,29,158,46,255,58,139,114,128,144,137,106,102,182,196,169,44,164,122,0,0,255,125,17,71,255,101,146,162,92,210,144,250,215,158,161,41,63,0,177,222,161,39,145,100,255,0,46,0,255,13,0,141,255,0,193,145,108,215,255,159,34,146,95,104,0,163,230,255,87,33,91,255,255,45,0,133,138,252,255,0,255,234,0,107,54,255,255,233,0,0,228,255,255,255,255,72,108,168,0,185,59,0,0,0,255,99,119,183,118,255,162,0,0,0,255,255,255,0,255,0,255,0,139,255,53,246,255
154,36,155,39,255,89,135,122,103,183,196,88,63,255,205,151,0,197,143,12,8,255,68,61,55,243,129,239,137,54,207,145,206,189,88,203,98,68,148,186,195,113,29,161,129,240,45,62,83,223,178,0,186,236,64,200,159,100,207,255,203,0,92,140,200,0,255,131,255,129,14,255,253,237,0,0,50,115,134,255,0,255,148,34,36,0,255,255,153,192,0,255,219,255,255,255,1,0,255,0,124,0,0,57,0,255,76,255,254,127,255,63,0,0,0,87,255,255,0,149,175,217,0,132,255,14,32,255
151,35,130,41,255,99,128,109,95,211,191,59,74,255,156,89,0,170,145,62,37,252,35,79,79,215,120,255,56,35,222,151,156,165,6,164,67,66,163,119,226,104,0,171,151,255,80,49,117,243,237,32,137,63,199,188,194,0,140,255,142,9,101,108,227,0,200,204,118,127,50,201,255,200,17,42,17,137,163,255,0,255,191,104,101,0,255,255,137,215,0,255,143,255,255,255,0,0,255,0,121,1,0,117,0,137,255,212,255,62,255,152,0,0,0,0,255,255,72,255,177,160,172,95,255,12,0,255
154,37,138,43,255,99,135,109,91,203,185,85,26,255,169,106,0,172,152,54,52,255,88,76,40,255,111,255,79,87,255,155,150,152,14,168,87,111,168,46,176,162,0,154,194,241,77,64,180,182,255,35,208,85,236,110,235,27,133,255,138,17,110,194,255,0,255,200,174,146,8,251,255,161,0,25,0,147,170,255,0,255,170,84,25,0,255,255,128,198,0,255,146,255,255,255,21,0,255,9,85,82,0,62,0,78,188,255,255,216,255,63,0,0,0,32,255,255,2,142,244,175,111,210,255,0,0,255
151,32,142,39,255,72,139,106,107,193,183,105,58,255,196,117,5,146,156,21,5,255,153,76,68,228,124,255,51,107,255,169,142,180,34,208,84,79,134,112,173,76,74,129,137,226,89,111,83,254,192,0,116,191,116,175,156,3,125,255,131,0,145,165,187,0,178,166,188,125,32,144,255,110,39,0,91,170,174,255,0,255,210,97,28,0,255,255,141,129,0,255,255,255,255,255,59,0,239,68,157,0,65,0,0,106,92,131,181,71,255,59,0,0,21,70,255,255,0,151,162,171,0,138,255,0,176,255
152,34,156,36,255,80,128,108,97,203,186,115,67,243,218,142,2,164,152,0,4,255,125,108,58,235,144,255,68,90,237,169,185,178,29,163,78,49,115,158,157,121,67,182,126,221,66,108,74,220,161,0,162,240,77,160,109,58,178,255,200,0,136,186,153,0,248,134,255,150,47,137,255,131,7,24,83,188,157,255,0,255,207,16,62,0,255,255,104,169,0,194,255,255,255,255,29,0,255,72,152,0,98,0,0,121,64,165,155,93,255,38,17,0,4,157,255,255,0,48,155,116,0,92,255,0,119,255
150,33,131,50,255,87,134,96,97,210,196,79,116,247,167,85,62,137,150,90,23,255,82,101,137,164,136,235,2,55,198,154,99,159,70,177,134,49,101,129,204,71,60,177,4,229,100,118,63,239,255,5,138,109,98,181,195,0,164,222,171,57,108,195,208,17,235,138,122,18,61,155,255,172,62,69,64,181,193,255,2,255,171,81,109,0,255,216,163,62,0,255,233,255,255,177,142,0,240,47,208,0,68,4,0,100,150,71,228,123,255,101,0,0,115,66,255,255,50,255,113,123,49,77,255,3,56,255
151,31,154,36,255,78,123,139,130,210,201,120,103,255,233,144,42,182,135,3,66,255,137,121,38,208,197,255,13,153,182,112,205,220,32,144,81,91,104,181,157,44,82,144,73,207,146,187,0,203,179,0,147,168,93,249,159,0,139,255,159,0,79,146,114,19,227,97,255,141,41,116,255,31,8,18,142,213,158,255,0,255,247,35,96,43,255,255,169,161,47,255,255,255,186,240,0,45,255,42,255,0,205,0,0,255,65,233,149,52,255,88,0,0,38,152,255,255,0,52,176,126,0,0,255,0,255,255
149,33,133,29,255,107,148,110,80,230,164,110,62,255,198,118,38,171,124,20,52,255,71,80,99,255,84,255,6,47,255,178,131,155,0,176,76,96,105,29,204,78,0,167,134,255,58,139,97,246,255,0,144,83,187,124,179,0,139,255,117,16,180,176,200,0,255,255,95,98,0,182,255,113,0,18,16,255,207,255,0,255,149,98,85,0,255,255,124,167,0,255,193,255,255,255,70,0,255,11,147,33,0,0,0,0,170,103,255,182,255,237,0,0,64,87,255,255,0,178,255,179,154,44,255,0,89,255
150,29,136,34,255,78,120,121,96,208,193,140,47,255,198,129,0,151,147,0,74,255,78,73,61,234,143,255,40,72,255,150,153,201,0,146,85,137,83,92,193,121,12,97,219,255,102,121,55,166,248,0,112,203,180,101,161,66,162,255,119,0,122,137,128,0,255,151,242,144,0,199,205,73,0,31,71,230,42,255,0,255,168,66,86,0,255,255,88,136,0,255,207,255,255,255,66,0,255,124,127,114,38,0,0,99,190,138,255,58,255,92,0,0,0,79,255,255,0,82,179,203,11,28,255,0,8,255
151,35,136,44,255,88,126,114,104,173,175,99,34,255,155,122,0,159,211,25,51,255,97,23,0,228,104,255,70,107,255,134,204,152,0,198,86,154,81,127,150,181,0,88,247,255,62,86,220,206,217,0,145,147,225,191,204,96,243,255,155,0,23,175,210,0,255,132,223,134,0,232,231,177,0,41,59,94,88,255,0,255,204,0,0,0,255,255,64,137,0,255,240,255,255,255,92,0,255,0,97,91,0,0,0,229,255,192,255,206,255,55,28,0,0,255,255,255,0,138,118,189,173,130,255,0,0,255
147,29,110,44,255,59,93,116,110,105,238,44,28,212,92,52,0,83,255,0,38,229,60,0,0,241,98,255,103,198,255,155,240,160,0,188,77,116,41,255,255,176,52,48,97,255,23,0,230,197,100,0,78,243,218,168,206,59,255,255,181,0,0,80,213,0,255,0,255,110,0,255,255,255,0,187,0,0,178,255,0,255,251,0,0,0,255,255,42,82,0,255,255,255,255,255,255,0,125,0,120,124,0,0,0,255,255,134,255,255,255,0,0,0,0,255,255,255,44,203,24,255,74,195,255,0,22,255
147,37,132,34,255,105,120,125,90,213,196,116,60,255,177,124,18,160,186,0,111,255,89,46,7,204,150,255,0,137,230,101,168,216,0,204,81,100,136,118,180,116,26,178,41,255,152,146,149,192,255,0,150,147,187,244,248,49,224,255,147,0,70,247,143,0,255,106,255,149,0,213,255,66,15,25,40,172,92,255,0,255,168,0,0,0,255,255,78,110,0,255,255,255,255,255,195,0,255,0,124,35,0,0,0,81,166,176,255,180,255,4,0,0,12,255,255,255,0,252,54,250,153,17,255,0,4,255
151,32,140,30,255,110,166,101,83,218,127,122,30,255,152,156,82,179,157,76,65,255,58,37,75,255,27,255,0,87,255,109,150,139,1,144,121,141,97,80,143,139,0,202,119,220,88,184,214,183,255,10,223,110,255,157,197,21,249,255,130,64,179,144,214,15,255,205,184,15,0,200,255,117,20,24,35,250,28,255,0,255,190,107,22,0,255,234,169,186,0,255,208,255,210,255,51,0,245,0,109,143,81,0,0,135,115,119,255,255,255,160,0,0,0,255,255,255,0,185,147,141,111,217,255,0,0,255
151,34,144,42,255,96,132,120,99,214,162,112,42,255,192,129,0,167,142,17,53,255,90,100,58,239,137,255,43,100,255,132,154,158,7,145,112,129,103,89,162,136,0,188,198,243,95,115,166,171,255,19,166,130,171,149,175,52,183,255,122,0,121,212,190,0,255,204,226,69,7,196,255,93,7,0,55,202,33,255,0,255,190,102,54,0,255,255,123,165,0,233,147,255,213,255,0,0,255,82,91,98,52,31,0,118,102,185,255,172,255,74,0,0,0,102,255,255,0,135,237,160,54,149,255,0,67,255
153,35,143,30,255,95,134,106,88,225,210,100,55,255,183,117,0,166,176,40,79,255,93,71,0,226,152,255,56,90,213,141,185,209,0,185,85,109,128,173,150,157,11,108,138,255,68,69,190,199,255,15,105,154,188,148,159,13,179,255,194,35,95,201,114,0,255,122,223,144,31,240,233,121,0,66,48,159,88,255,0,255,199,73,25,0,255,255,87,239,0,199,255,255,255,255,69,0,255,76,50,60,7,2,0,144,230,255,253,196,255,85,0,0,0,0,255,255,16,111,183,115,80,27,255,0,0,255
155,30,137,55,255,61,121,73,88,172,185,84,48,237,139,85,25,107,168,68,0,255,88,31,85,231,61,194,106,57,233,153,111,147,14,199,47,88,78,127,161,137,86,36,211,255,71,81,80,229,191,24,134,164,150,119,166,46,173,255,99,75,151,69,197,31,150,56,159,116,57,122,223,220,56,37,92,152,140,255,5,240,174,46,59,0,207,223,144,146,0,219,194,255,255,255,130,0,199,107,98,85,0,0,0,81,236,153,252,197,255,127,0,0,11,179,255,255,0,209,119,145,127,119,133,100,43,255
149,31,137,22,255,128,159,102,82,235,152,130,17,255,182,143,0,189,160,62,38,225,8,41,142,255,24,255,101,0,255,202,173,173,0,182,34,134,122,0,199,139,0,169,255,245,3,100,187,255,255,0,150,130,255,111,217,0,189,255,168,72,191,131,244,0,255,255,159,161,2,234,241,237,0,0,0,255,108,255,0,255,148,76,0,0,255,255,136,234,0,255,130,255,255,255,0,24,255,0,135,131,0,53,0,178,240,233,255,201,255,210,0,0,22,0,255,255,0,214,231,97,184,108,187,0,0,255
152,37,134,32,255,106,128,113,87,200,190,93,21,255,147,109,0,147,184,31,69,255,47,29,17,255,114,255,85,62,255,132,156,167,0,166,81,129,159,70,195,194,0,115,229,255,48,2,156,163,255,0,208,150,226,93,186,66,205,255,180,3,103,144,231,0,255,164,219,153,0,255,255,192,0,30,0,112,140,255,0,255,117,36,34,0,255,255,121,141,0,255,186,255,255,255,105,0,252,0,0,128,0,0,0,98,211,174,255,223,255,0,0,0,0,90,255,255,14,182,178,255,135,166,255,0,0,255
148,35,127,53,255,98,123,118,93,179,220,66,20,255,132,96,0,133,229,37,42,220,28,0,4,208,126,255,118,89,227,123,165,138,40,233,126,129,194,134,190,188,12,167,109,255,143,30,206,201,186,0,158,226,179,203,181,111,255,255,235,0,11,255,239,0,255,69,255,114,3,255,250,255,0,43,0,38,113,255,0,213,105,0,0,0,255,255,143,108,0,255,230,255,255,255,226,0,107,0,139,86,0,0,0,187,236,201,255,255,255,0,0,0,0,255,255,255,14,255,94,255,82,239,255,0,0,255
154,33,134,60,255,77,142,115,93,181,203,71,58,255,149,90,0,140,178,67,96,249,87,5,0,192,156,255,67,137,201,106,145,94,56,237,173,88,137,147,140,163,0,153,68,255,146,78,195,179,255,0,149,155,222,162,180,115,239,255,160,46,26,253,173,62,255,44,150,31,0,255,235,161,6,24,48,126,72,255,9,255,106,38,31,0,255,195,65,104,0,255,229,255,240,255,158,0,184,67,144,88,0,0,0,176,220,164,255,215,255,101,0,0,0,182,255,255,36,245,133,97,135,111,255,0,0,255
154,35,146,54,255,83,116,90,83,173,204,77,23,220,186,94,0,151,167,58,13,202,63,28,70,189,72,218,167,70,211,186,157,158,5,255,92,57,112,134,163,177,31,114,157,255,66,38,148,223,194,0,175,254,158,126,147,107,207,255,200,3,72,190,192,40,255,88,214,105,20,231,171,222,20,27,115,44,129,255,0,255,129,0,2,0,255,255,113,131,0,162,251,255,255,255,95,0,226,149,64,63,0,93,0,222,182,244,176,190,255,77,98,0,0,191,255,255,0,163,167,129,8,87,162,87,0,255
150,35,129,39,255,108,132,109,78,192,192,80,50,252,146,100,0,160,184,62,50,253,76,24,13,187,108,255,45,115,211,142,190,168,23,234,123,93,116,139,175,175,0,187,58,255,65,77,200,228,211,0,158,204,221,203,184,71,249,255,211,5,31,237,179,0,255,130,212,70,0,255,255,176,34,62,77,38,148,255,0,255,164,0,0,0,255,233,87,154,0,254,255,255,255,255,176,0,174,0,50,33,0,0,0,162,230,214,255,255,255,31,0,0,0,231,255,255,1,255,125,255,58,158,255,0,0,255
149,32,132,41,255,89,146,110,98,206,161,97,72,255,198,113,0,171,134,37,1,255,80,71,95,245,109,255,24,55,249,170,156,146,27,179,87,113,66,98,204,80,13,185,98,255,73,115,119,255,209,0,121,133,142,192,156,41,157,255,115,38,129,170,205,0,255,226,158,12,13,114,255,166,88,0,73,212,127,255,0,255,196,119,65,0,255,255,80,128,0,243,197,255,255,255,55,0,255,21,164,57,9,0,0,149,195,148,255,106,255,147,0,0,46,92,255,255,0,225,255,177,80,117,255,0,101,255
149,37,121,28,255,110,125,101,82,220,195,95,43,255,146,79,0,135,191,41,82,255,31,57,57,241,129,255,11,50,255,152,108,195,0,158,78,148,112,19,210,164,0,179,209,255,58,80,149,210,255,5,164,108,234,93,211,27,197,255,166,107,86,169,255,0,255,209,160,150,0,255,255,171,0,91,0,171,205,255,0,255,113,0,54,0,255,246,111,128,0,255,227,255,255,255,147,0,255,0,4,115,0,0,0,11,238,154,255,227,255,28,0,0,0,150,255,255,0,255,183,255,209,161,255,0,0,255
154,41,126,19,255,100,149,98,58,242,182,74,59,255,127,101,48,140,188,44,139,255,101,55,15,239,148,255,0,118,241,120,42,189,0,146,80,127,69,99,146,145,0,222,201,255,27,118,196,173,255,26,220,48,219,83,231,103,186,255,76,186,138,160,168,15,255,177,99,0,5,255,255,86,0,115,0,241,183,255,0,255,79,76,146,0,255,132,157,81,0,255,255,255,255,255,122,0,159,22,0,163,0,0,0,0,197,200,255,255,255,76,0,0,0,99,255,255,28,255,211,255,234,82,255,0,0,255
153,38,125,29,255,99,136,105,65,232,193,56,70,244,144,72,3,126,186,80,110,255,107,49,68,181,161,255,10,72,229,178,35,189,5,207,100,81,90,88,153,141,0,166,206,255,41,41,187,198,255,36,174,78,219,67,253,31,168,237,88,184,81,192,200,52,255,161,58,0,38,249,255,129,0,41,0,195,169,255,0,255,71,84,98,0,255,203,172,120,0,255,255,255,255,255,85,0,255,84,0,94,0,0,0,0,206,207,255,255,255,126,0,0,0,0,255,255,46,255,173,255,209,107,255,0,0,255
156,40,120,29,255,78,131,111,60,215,234,20,86,198,113,38,19,117,183,76,111,255,123,18,34,145,227,255,19,134,169,105,18,205,66,162,141,77,102,176,113,193,0,168,97,255,41,47,176,182,255,62,134,88,160,89,254,114,217,165,47,182,64,226,87,194,255,50,71,0,18,255,255,73,0,65,29,118,55,255,0,255,76,20,147,0,255,97,124,191,0,255,255,255,255,255,112,0,152,12,0,14,0,0,0,0,207,255,255,255,216,148,0,0,0,80,255,255,96,255,36,255,180,255,255,0,0,255
156,38,118,39,255,71,131,121,62,202,255,13,144,197,124,12,59,89,162,54,131,255,191,64,13,71,241,249,0,167,160,109,62,212,54,156,102,17,123,255,100,140,0,160,30,255,2,63,126,187,255,75,139,33,152,105,255,10,179,100,15,145,82,197,110,197,255,43,43,0,14,255,255,71,60,184,14,61,129,255,0,255,181,5,96,0,255,143,94,251,0,229,255,255,255,255,151,0,255,86,12,18,0,0,0,0,255,255,255,255,224,186,0,0,13,51,234,255,171,255,28,255,196,17,255,0,0,255
151,32,123,40,255,75,137,102,65,222,238,46,117,212,171,70,0,121,184,83,89,255,111,58,71,137,189,216,7,135,125,195,56,184,96,228,173,23,98,249,116,82,0,188,2,234,50,53,151,214,255,0,129,102,82,134,188,22,234,181,138,134,45,255,119,152,255,60,72,0,90,218,255,139,61,60,52,149,100,255,0,255,156,39,127,0,255,170,184,205,0,243,255,255,255,255,106,0,214,101,133,32,0,0,0,23,231,245,255,255,255,213,0,0,0,0,255,255,70,255,177,179,83,63,255,0,0,255
155,34,126,43,255,73,142,109,71,207,248,26,139,168,153,54,0,109,190,120,95,255,141,37,55,63,211,172,0,154,112,124,55,209,93,191,164,37,73,255,91,151,6,176,7,235,9,29,169,201,255,31,149,85,99,106,172,45,208,166,141,161,43,243,129,228,255,53,115,0,85,255,255,153,111,114,54,50,117,255,0,255,194,52,119,0,234,129,173,227,0,233,255,255,255,255,104,0,167,158,68,16,0,0,0,115,255,255,255,255,255,187,0,0,0,13,205,255,98,255,102,188,56,9,255,0,0,255
154,36,127,42,255,78,128,123,69,218,255,59,109,211,181,57,0,108,189,71,122,255,138,47,17,104,238,255,0,160,113,147,91,237,44,199,124,60,113,255,80,158,26,187,17,255,37,47,165,176,255,0,122,128,94,121,184,97,244,252,156,112,47,255,91,160,255,0,151,2,56,255,255,115,53,127,71,106,98,255,0,255,194,2,121,0,255,105,118,220,0,215,255,255,255,255,184,0,212,80,56,9,0,0,0,69,255,255,255,255,255,91,0,0,0,20,255,255,29,255,69,227,76,24,255,0,0,255
155,36,124,32,255,105,137,117,78,230,245,64,110,220,179,59,5,144,141,126,94,255,115,123,138,53,207,225,0,54,152,162,84,255,36,152,113,67,108,146,174,156,0,255,50,247,38,93,115,199,255,0,148,96,139,87,188,45,179,214,165,143,102,228,139,122,255,150,129,0,0,255,255,125,91,182,56,49,187,255,0,255,225,37,149,0,255,133,86,131,0,255,255,255,255,255,125,0,255,94,105,0,0,79,0,111,179,255,255,218,173,87,0,0,21,0,137,255,0,255,105,115,0,54,255,0,0,255
156,30,120,47,255,83,135,100,59,197,255,22,125,95,197,32,0,120,152,198,26,201,58,39,203,0,137,88,90,78,58,164,103,203,116,238,235,0,36,241,186,155,77,199,0,206,4,4,123,209,255,0,146,115,84,128,194,27,186,165,195,192,0,244,157,240,235,55,134,0,0,255,255,171,89,161,59,0,184,255,76,246,253,0,79,0,255,175,190,241,0,255,255,255,238,255,121,0,247,143,39,0,0,9,0,201,149,255,226,246,255,152,0,0,0,0,21,255,122,255,108,74,0,0,255,177,0,255
156,29,136,62,255,80,144,96,78,195,250,34,122,112,187,49,0,131,134,175,7,181,57,57,183,37,95,51,127,98,75,142,116,187,115,243,198,0,74,255,137,148,93,170,0,185,7,72,65,244,255,10,137,164,62,137,117,53,195,156,219,169,10,236,214,207,210,89,168,0,19,255,238,221,79,146,84,71,185,225,90,147,234,29,93,0,217,228,214,215,0,202,255,255,202,192,45,0,209,198,140,0,127,95,0,255,151,255,168,230,255,148,0,0,29,0,2,185,33,255,176,0,0,0,255,190,0,255
149,21,145,64,255,59,135,85,117,198,165,108,98,232,197,97,0,150,148,86,0,183,38,70,135,228,125,111,117,26,177,201,163,116,73,178,107,12,104,187,137,107,59,112,106,233,65,94,12,255,186,12,62,192,88,132,114,0,153,194,146,28,109,219,230,58,130,138,137,43,225,32,221,255,141,0,88,243,83,151,0,229,255,130,138,60,255,255,165,187,34,160,167,255,152,255,0,8,246,158,255,11,104,150,0,246,255,55,95,134,255,255,0,0,189,0,78,199,0,236,144,34,0,143,218,163,139,255
150,24,117,47,255,91,136,72,88,202,176,75,94,255,122,67,64,125,170,138,41,214,0,52,183,242,107,161,91,0,231,200,58,101,58,132,188,65,58,56,232,116,0,105,118,206,51,63,75,226,255,14,164,55,225,89,120,0,200,161,124,22,143,160,240,32,244,193,60,73,90,181,255,213,0,0,0,210,82,255,0,243,88,73,78,71,255,255,210,133,0,255,148,255,250,194,102,0,255,38,255,68,0,21,0,86,255,0,255,250,255,255,0,0,93,54,241,255,94,228,187,132,209,82,232,90,0,255
153,20,134,60,248,73,125,79,109,197,184,64,135,168,129,52,81,111,174,168,61,175,14,79,136,164,180,137,126,57,111,119,105,129,93,132,173,72,15,132,172,184,54,136,34,163,57,97,68,199,202,66,140,76,143,98,135,29,133,197,176,61,27,225,180,133,174,76,138,0,156,134,238,174,75,68,70,147,106,167,96,153,224,50,57,79,130,175,178,112,25,217,202,255,68,207,89,0,133,212,218,0,105,33,8,255,229,154,122,255,255,205,0,79,112,0,132,109,33,194,47,0,27,79,255,146,40,255
164,13,145,120,206,68,93,111,117,179,143,89,125,114,122,63,104,126,163,141,55,198,94,106,92,158,146,156,159,142,131,141,101,142,121,117,140,95,114,52,165,228,118,194,139,132,90,117,97,158,146,181,113,105,134,118,150,82,61,219,186,103,109,224,106,114,160,43,147,154,81,186,207,216,112,106,114,201,145,64,147,128,174,121,24,105,110,182,132,144,180,122,27,134,100,191,151,125,65,129,228,60,85,38,141,159,177,182,74,207,182,66,67,154,170,35,133,155,0,63,51,117,92,194,213,47,115,255
173,35,159,97,236,46,97,98,162,237,200,63,93,169,141,124,152,164,244,140,0,255,217,12,140,255,134,103,138,67,159,201,162,76,133,206,184,177,69,95,118,208,166,27,233,204,184,163,15,184,66,67,91,206,72,50,108,44,119,145,255,237,21,122,0,162,150,3,255,62,136,255,155,126,127,196,143,113,255,29,112,68,104,95,46,73,188,129,61,32,0,102,255,90,255,242,0,112,89,193,80,77,0,62,28,129,217,255,255,184,165,131,135,116,231,0,7,25,96,222,255,236,0,0,146,222,143,255
184,45,185,77,247,33,99,100,105,238,231,84,56,197,87,131,155,150,255,139,0,255,255,0,93,255,102,132,121,51,133,199,215,109,56,205,156,244,153,68,59,182,26,0,152,249,133,223,24,192,173,0,153,255,81,33,104,0,123,255,255,180,0,132,51,102,125,69,255,19,210,255,153,63,0,188,59,103,200,18,126,170,61,220,0,144,166,179,154,115,0,110,255,203,182,255,0,72,132,191,0,181,0,135,0,193,206,255,255,248,125,255,195,127,194,0,109,138,81,120,197,70,19,0,57,46,73,255
169,45,162,87,255,49,94,58,116,190,192,37,82,150,137,58,91,141,195,43,17,255,137,70,92,240,125,212,163,101,211,194,64,67,38,225,91,76,116,108,173,163,61,94,133,207,99,45,79,173,157,90,151,228,33,115,177,127,138,255,209,121,9,174,144,163,149,98,255,68,143,209,180,138,9,124,42,49,255,178,124,139,26,72,123,15,243,241,179,15,0,141,255,218,137,170,35,0,101,251,53,23,0,128,0,110,132,249,255,82,208,127,97,0,0,146,115,241,0,16,255,114,72,77,123,238,99,255
152,33,132,32,255,86,141,79,58,241,175,77,47,206,159,102,50,145,144,64,29,255,86,97,150,254,73,228,87,23,205,255,30,171,29,255,112,22,28,130,172,95,0,118,117,206,62,96,174,234,213,4,216,124,157,144,202,2,183,229,73,143,60,236,163,15,196,154,145,41,34,166,255,47,2,0,24,184,154,255,0,243,171,78,10,0,255,230,212,145,0,245,255,216,255,227,92,0,255,134,56,0,0,23,0,0,97,196,255,253,255,133,0,0,50,0,255,255,0,121,255,186,83,180,206,52,0,255
150,27,114,35,255,76,122,63,50,223,184,36,51,192,94,86,60,120,176,74,61,251,0,44,148,235,52,208,142,21,157,240,21,134,33,255,155,18,16,177,215,96,0,104,119,255,53,106,165,250,251,13,168,96,180,141,249,0,170,179,48,160,19,208,173,25,189,73,81,77,84,196,253,112,15,16,0,218,94,255,0,203,112,2,16,0,255,255,255,123,0,255,246,159,203,185,158,0,250,48,72,0,0,0,0,0,180,165,255,255,255,202,0,10,27,0,255,255,156,178,132,255,234,232,239,54,0,255
156,42,125,37,255,88,127,69,51,213,210,21,30,211,140,68,0,146,163,144,0,255,126,73,140,185,78,199,128,55,213,213,0,191,69,217,123,39,194,111,191,59,0,140,108,190,87,54,169,255,246,82,255,163,169,97,255,0,149,226,90,126,101,219,207,82,214,181,143,39,55,255,255,111,0,159,0,81,198,255,0,255,25,85,81,0,255,255,247,151,0,255,248,194,255,208,164,0,255,0,0,0,0,0,0,0,133,163,255,255,250,0,0,0,0,84,255,255,65,151,130,255,23,255,191,94,0,255
154,30,135,38,255,52,122,60,91,218,197,79,75,164,179,103,7,135,195,86,13,255,82,49,126,200,88,171,79,4,186,248,18,143,53,255,81,31,22,202,215,58,0,0,150,239,116,108,115,245,199,22,183,255,141,140,215,9,140,255,158,211,0,109,101,79,102,37,211,0,133,179,225,115,121,114,105,81,163,255,0,226,159,105,10,0,161,194,194,136,0,197,255,149,255,255,31,0,110,255,0,0,17,0,0,91,255,147,191,103,255,85,0,0,29,0,237,255,29,138,225,255,0,9,103,130,0,255
157,17,147,35,232,0,117,69,156,181,181,121,120,177,215,108,143,153,248,0,1,255,166,87,0,255,127,141,89,197,223,241,87,138,139,137,87,50,0,255,120,71,109,0,174,99,75,184,0,255,24,0,205,255,241,65,139,0,0,255,120,113,25,0,0,75,0,6,255,249,108,20,115,0,255,0,180,0,123,60,158,255,255,240,0,75,140,241,224,255,41,26,255,162,255,255,0,79,181,202,30,0,0,0,219,100,255,44,86,109,159,255,93,203,0,29,167,241,24,0,255,254,0,122,187,175,43,255
157,28,131,64,255,60,116,50,75,210,183,54,78,115,135,102,2,138,182,123,13,251,6,74,151,187,96,117,176,18,145,255,0,155,141,255,111,0,53,230,219,79,0,150,162,255,129,105,169,228,100,71,174,230,8,122,172,58,156,189,151,175,41,217,157,86,122,3,201,0,145,170,222,202,169,131,62,100,75,171,0,216,129,59,87,0,170,209,224,62,0,183,226,150,168,114,94,0,79,178,183,0,77,58,0,39,174,43,239,153,255,88,61,14,172,1,230,253,45,77,192,240,50,149,104,133,0,255
160,36,154,100,246,20,109,56,85,183,191,96,105,164,173,100,89,133,187,68,0,255,157,90,107,233,96,146,181,66,205,202,48,68,122,203,104,14,118,113,88,109,52,0,91,145,38,65,133,228,151,65,181,208,22,124,189,88,116,255,171,73,80,214,122,94,131,139,255,0,141,145,252,109,154,144,87,104,138,255,19,109,34,85,71,0,104,246,206,63,58,89,255,209,163,136,102,0,155,223,175,3,46,63,78,0,147,111,138,197,255,46,4,77,133,109,137,82,0,25,200,255,22,151,190,255,0,255
153,41,141,43,255,97,140,92,86,231,187,77,81,253,192,86,57,165,140,105,1,255,142,105,149,208,90,248,71,68,236,182,52,166,17,176,104,60,174,115,172,97,0,154,8,115,89,134,162,255,255,50,194,193,202,211,236,0,114,255,165,42,72,251,168,47,170,247,183,112,116,208,255,73,42,115,45,161,247,255,0,255,110,96,0,0,255,255,185,134,0,255,255,241,255,194,63,0,255,52,66,0,109,15,0,55,149,205,194,255,255,56,0,0,43,83,255,255,25,183,132,255,0,157,255,220,57,255
152,36,143,35,255,125,163,79,70,242,148,133,18,255,184,117,0,172,148,132,0,213,20,24,207,255,7,210,145,0,255,196,68,161,0,183,84,103,239,0,197,63,0,143,126,164,73,45,181,255,255,65,158,182,255,154,147,0,157,255,187,54,255,165,255,0,194,255,143,161,115,217,255,209,22,0,0,239,138,255,0,232,48,236,99,0,255,255,236,235,0,255,208,240,255,250,0,0,255,34,135,37,0,103,0,41,187,59,243,255,255,255,0,0,87,233,217,255,0,255,158,255,50,98,108,129,105,255
183,54,213,81,246,81,72,61,97,254,183,86,51,193,111,109,152,187,191,115,57,238,136,110,36,255,100,185,196,33,144,198,169,124,0,209,42,112,165,94,80,249,0,137,119,200,177,164,141,181,113,182,153,157,9,98,41,15,158,255,255,98,55,175,149,224,191,162,255,57,227,173,177,121,25,195,0,90,117,19,177,103,36,168,95,76,180,255,32,191,0,106,255,106,26,255,0,1,88,252,62,133,132,234,0,181,188,255,255,179,189,203,200,56,164,182,97,255,0,0,255,65,31,82,0,90,51,255
157,47,149,66,255,90,132,88,63,214,188,68,36,255,168,75,52,183,141,119,25,255,126,81,121,238,67,255,161,106,255,155,26,185,76,191,116,72,255,51,125,127,0,195,108,148,121,110,161,254,255,134,209,193,242,137,255,0,104,255,126,75,127,251,255,48,229,255,158,158,120,255,255,118,0,14,54,115,170,255,0,255,16,151,0,0,255,255,250,173,0,255,175,255,217,108,47,0,255,0,56,0,3,174,0,0,87,184,222,255,255,59,0,0,35,156,255,255,0,255,49,255,77,255,255,242,0,255
151,42,145,37,255,120,156,93,63,255,172,114,26,255,190,96,31,171,148,83,13,255,70,67,182,255,26,255,102,10,255,194,70,173,0,180,82,101,252,0,162,94,0,202,134,172,102,90,169,255,255,46,153,147,255,172,208,0,173,255,154,31,208,206,255,5,233,255,117,195,75,255,255,93,0,0,0,239,158,255,0,255,50,193,78,0,255,255,202,254,0,255,228,255,255,255,0,0,255,8,98,0,0,117,0,0,126,183,250,255,252,255,0,0,61,183,233,255,0,255,129,181,144,226,167,103,21,255
155,41,150,18,255,146,186,81,51,255,145,166,0,255,166,140,3,183,169,119,26,244,59,0,150,255,0,255,124,15,255,105,90,217,0,175,65,119,255,0,186,131,0,194,158,148,122,79,255,255,255,123,161,210,255,145,236,0,225,255,212,119,255,178,255,18,255,255,183,205,53,255,255,171,0,0,0,241,91,255,0,255,24,218,46,0,255,255,176,255,0,255,255,255,255,255,0,0,255,0,38,41,0,93,0,0,109,121,255,255,224,156,0,0,44,232,234,255,0,255,0,238,173,255,190,0,0,255
150,38,145,32,255,114,157,105,90,235,154,129,87,255,157,128,109,172,139,76,37,255,139,95,111,184,120,255,16,74,255,140,120,201,23,188,109,59,218,104,154,85,0,205,0,157,119,189,135,255,255,72,161,216,225,222,232,0,199,255,193,11,155,255,175,11,255,226,168,100,100,167,255,82,15,22,14,225,146,255,0,255,105,72,17,30,239,255,102,60,0,255,255,255,246,215,121,0,255,0,207,0,114,0,0,41,46,104,255,255,255,49,0,0,164,203,255,255,0,202,0,220,0,182,255,0,0,255
149,38,150,42,255,112,146,101,93,241,149,114,83,232,203,115,18,192,108,92,0,255,66,125,198,200,96,228,63,0,255,195,97,201,56,226,96,52,144,108,187,89,0,201,40,200,123,159,125,255,199,51,134,237,104,255,173,0,163,255,223,33,100,255,221,1,210,255,174,101,99,157,255,165,39,0,76,185,168,255,0,228,183,98,23,0,255,255,208,151,0,255,200,214,237,163,0,0,255,76,233,0,161,166,0,164,32,118,179,183,255,100,0,0,169,82,255,255,0,243,160,144,0,185,255,109,132,255
152,37,153,27,255,123,176,100,54,255,153,145,3,255,218,156,32,201,131,80,3,255,100,46,181,240,9,255,108,0,255,185,114,214,24,255,91,57,206,18,147,93,0,171,84,184,160,142,200,255,231,26,161,219,255,215,191,0,251,255,143,67,225,236,163,11,255,255,189,106,0,245,255,61,0,0,28,241,52,255,0,255,110,147,0,0,217,255,149,255,0,255,255,238,255,255,22,0,255,31,163,0,0,128,0,0,0,205,255,255,247,180,15,0,123,115,255,255,0,204,162,53,73,223,191,0,0,255
153,33,153,67,255,77,132,91,77,215,154,125,85,186,204,134,18,177,146,63,0,255,115,86,130,230,91,205,136,65,216,180,90,156,89,232,153,30,109,152,119,123,45,184,61,165,95,116,170,255,160,48,111,205,20,179,143,110,198,255,197,17,83,255,151,47,186,175,210,32,63,124,255,166,133,38,69,179,57,255,0,154,221,78,48,12,255,255,128,202,0,144,180,255,147,239,25,0,255,152,253,0,97,153,0,45,114,90,130,246,255,146,0,0,134,67,201,204,0,152,142,121,0,188,255,140,72,255
152,34,143,46,255,91,158,89,71,236,162,115,92,245,212,130,50,168,145,63,0,255,127,84,129,190,89,255,35,47,205,179,106,180,72,255,153,22,148,168,169,50,12,152,0,199,129,157,160,255,255,54,115,195,108,249,198,23,234,221,159,92,123,255,152,8,255,195,163,0,51,138,255,147,89,0,80,195,111,255,0,254,172,126,0,0,173,208,110,108,8,228,255,253,240,181,131,0,226,123,212,4,101,37,0,0,76,102,224,183,255,111,0,0,159,36,255,255,0,158,255,114,107,139,255,1,0,255
153,29,161,59,255,87,135,101,89,206,147,129,100,175,215,142,25,194,120,43,0,255,79,92,119,217,114,196,142,93,157,136,147,173,125,241,168,14,113,201,129,123,86,191,0,138,118,128,86,235,130,46,106,196,17,231,142,98,241,255,239,21,102,255,174,81,216,98,180,48,73,129,255,182,114,1,54,151,125,207,0,165,255,36,71,39,236,255,167,209,33,113,202,182,71,215,0,0,223,194,255,0,186,115,1,145,43,134,73,203,255,155,38,0,112,72,156,248,0,156,66,46,0,161,255,135,102,255
151,28,148,55,255,69,155,96,92,219,148,141,119,214,185,140,79,162,140,48,2,255,109,83,111,194,119,214,67,69,185,171,135,119,99,227,143,3,125,191,173,77,51,149,0,187,113,137,94,253,206,38,87,220,72,190,183,56,234,210,181,91,108,255,105,53,231,106,183,0,94,78,255,174,171,25,93,225,65,228,0,223,235,105,26,43,155,240,136,104,39,150,222,241,133,222,65,0,189,181,255,7,181,62,0,68,139,4,134,160,255,167,12,0,244,17,162,226,0,173,168,73,19,136,255,0,0,255
153,31,136,60,255,62,147,97,87,224,180,104,133,204,131,122,82,145,164,73,34,255,111,69,89,124,150,239,42,96,112,128,127,104,120,255,179,0,205,218,185,63,42,177,0,247,166,116,111,232,255,34,82,171,110,209,244,92,255,132,169,148,68,255,82,89,255,36,154,0,127,205,255,144,147,65,64,195,59,255,42,255,174,111,8,0,122,101,168,15,39,225,255,255,179,175,207,0,64,132,201,78,166,0,0,0,177,123,157,155,255,109,0,60,203,0,179,242,29,255,213,133,94,149,255,0,0,255
151,29,134,58,255,78,148,80,74,221,175,109,115,220,197,108,46,147,142,99,0,255,115,86,163,163,111,169,45,26,184,209,83,152,74,250,157,16,82,155,165,42,14,117,0,172,76,107,135,255,255,7,137,177,102,170,182,0,211,147,148,96,78,251,153,48,235,165,170,0,119,87,255,197,109,27,105,204,104,255,0,192,120,132,66,0,202,169,177,43,28,255,255,202,184,170,211,0,246,148,244,63,141,0,0,0,137,103,255,149,255,125,0,0,132,0,228,255,23,149,223,189,54,90,250,55,0,255
152,23,144,78,230,11,148,84,115,199,160,153,165,198,134,90,160,118,188,45,27,255,161,66,69,158,165,217,64,101,145,133,160,38,94,255,130,0,169,159,165,89,81,113,0,238,156,95,16,175,219,0,64,213,100,166,215,79,193,142,185,118,151,196,98,38,235,0,202,0,132,78,183,209,192,145,82,189,65,239,74,220,123,114,96,84,92,188,218,5,90,167,223,222,64,191,191,0,135,151,255,101,201,0,0,28,182,3,96,98,189,144,0,189,253,0,32,96,0,128,108,29,0,145,255,33,0,255
152,30,164,62,255,81,168,108,129,229,129,163,160,206,130,148,110,179,142,71,11,255,83,133,107,126,145,233,108,76,143,117,184,125,97,239,94,54,143,200,177,124,55,237,0,184,98,132,80,244,193,32,93,255,53,202,170,102,249,231,255,98,144,248,114,39,253,85,208,15,164,104,235,238,208,40,70,197,94,205,111,145,254,155,41,71,107,255,187,13,15,140,238,229,38,205,18,0,182,223,255,0,255,191,0,248,115,98,4,150,255,153,56,49,255,65,31,104,0,225,108,0,0,130,255,39,0,255
149,27,139,61,255,66,158,100,100,227,160,148,150,245,141,125,124,129,153,50,31,255,119,85,123,136,139,233,0,63,139,150,147,130,62,255,125,17,155,194,203,71,62,159,0,217,104,103,76,223,255,0,89,223,114,177,215,57,255,199,178,155,91,206,99,11,255,106,251,0,181,76,255,188,219,45,118,194,43,200,0,243,204,171,44,0,110,94,151,0,43,188,255,255,148,162,205,0,132,199,244,165,255,28,0,111,227,112,130,108,255,126,0,57,255,0,169,212,0,239,221,44,38,118,255,0,0,255
149,30,128,32,255,105,161,84,63,234,166,135,52,255,192,125,49,153,142,92,13,255,82,68,201,193,44,188,0,11,238,221,95,205,0,184,109,109,104,78,173,61,0,175,70,142,68,147,199,249,255,0,201,189,255,136,208,0,255,255,104,185,126,135,194,48,255,255,248,0,111,135,255,159,14,68,100,220,16,255,0,255,127,101,87,0,255,104,184,90,0,255,255,255,255,211,150,0,230,45,114,255,151,0,0,38,176,227,255,255,255,125,0,0,99,166,255,255,0,151,239,247,62,220,255,0,0,255
150,28,148,51,255,88,158,107,108,225,114,146,132,224,119,132,101,129,167,47,32,255,73,82,166,132,96,199,31,4,200,167,128,166,83,255,51,57,136,182,202,128,0,137,73,243,98,122,85,202,237,1,110,255,120,196,207,16,244,255,201,146,121,103,157,17,255,142,208,0,173,161,217,236,180,0,107,69,36,58,0,216,244,209,8,3,84,145,176,0,76,173,255,255,76,153,95,0,65,254,107,148,89,131,0,255,150,190,183,241,255,201,0,0,255,72,185,255,0,255,244,26,5,159,255,0,0,255
167,29,172,53,239,11,153,97,131,233,183,70,133,174,123,126,51,116,212,91,0,255,254,68,20,255,105,30,65,49,187,240,183,186,94,196,100,73,10,209,56,211,167,41,139,196,0,197,0,255,0,34,109,243,18,86,81,32,118,195,255,255,4,111,0,71,156,85,234,41,139,125,71,37,21,34,96,176,181,0,152,147,200,188,10,0,0,113,88,163,0,90,255,108,255,255,0,171,0,255,0,0,32,99,104,234,194,134,102,255,255,222,60,154,162,0,22,70,85,131,255,50,21,68,203,255,36,255
176,24,167,110,157,33,78,76,133,239,105,29,60,112,46,41,81,84,177,227,4,255,171,0,146,178,161,134,54,181,191,132,218,79,80,167,144,119,130,70,146,255,141,174,135,170,135,158,4,254,81,111,134,28,104,32,202,67,111,136,255,154,0,162,131,0,228,120,135,166,172,67,157,104,50,177,20,176,186,6,85,198,103,132,76,155,202,231,208,106,220,171,189,205,56,239,2,245,99,255,83,115,79,255,90,134,52,157,255,255,240,198,172,38,194,43,196,115,95,205,196,156,155,38,238,230,74,255
156,15,147,0,255,0,185,88,157,216,219,119,93,222,255,157,0,126,237,0,0,255,161,0,11,255,164,96,34,0,241,255,155,171,214,255,91,193,0,255,134,11,0,0,255,255,0,255,0,255,0,0,36,255,87,114,0,0,166,255,255,255,89,0,0,0,157,0,228,255,0,255,0,150,0,0,255,191,255,0,0,243,255,159,0,0,0,255,11,255,0,255,255,0,255,255,76,16,0,0,0,0,0,0,179,255,102,59,255,174,130,255,83,5,0,0,55,255,0,0,255,255,0,120,169,125,73,255
148,22,115,35,255,72,153,57,75,225,171,76,43,211,169,101,1,126,131,94,0,192,0,65,255,255,15,54,120,0,213,255,25,125,52,255,91,67,0,133,255,18,0,11,152,255,9,89,124,255,119,0,157,172,94,120,63,0,146,150,62,161,81,69,196,0,141,204,162,35,114,102,131,232,159,0,97,187,169,255,0,224,181,156,48,0,255,255,255,22,0,255,249,88,255,194,228,0,177,136,167,29,85,33,0,25,167,159,255,141,255,225,0,0,157,0,216,255,38,90,255,255,0,165,36,211,0,255
142,21,101,16,255,76,132,58,71,232,175,47,56,216,100,95,102,110,136,3,0,250,0,108,235,255,35,177,111,0,186,255,26,119,0,243,116,78,0,145,248,80,0,86,167,255,0,126,111,255,142,0,164,159,98,124,18,0,185,221,34,145,0,147,198,0,205,197,164,218,62,85,88,109,99,0,102,255,185,255,0,189,137,0,50,0,255,255,255,24,0,255,255,133,255,224,252,0,255,61,177,102,128,0,0,0,99,255,255,180,255,255,0,0,47,0,255,255,80,0,255,162,26,255,246,11,0,255
151,25,124,46,255,73,148,67,69,212,157,80,69,209,166,116,21,141,132,108,0,236,27,60,200,255,42,69,148,0,249,255,22,128,105,230,106,51,0,126,197,69,25,62,133,230,0,68,121,255,119,0,137,152,66,80,57,0,108,177,106,72,138,168,165,0,117,224,123,84,98,107,255,224,165,0,40,217,191,255,0,192,158,123,20,0,255,255,255,74,0,255,214,129,255,206,228,0,255,77,200,0,45,21,0,0,168,24,253,244,255,240,0,0,86,0,171,255,32,125,255,255,8,130,109,195,31,255
149,24,129,54,251,27,136,76,111,198,171,99,103,225,203,94,67,128,157,55,0,255,107,68,141,255,134,152,43,49,250,247,83,83,117,168,115,14,86,125,176,18,80,69,57,189,42,101,49,255,201,6,87,163,120,109,172,0,69,196,98,64,86,176,152,0,58,172,110,45,169,14,255,133,202,58,101,198,146,255,0,255,255,175,52,25,255,243,194,149,0,219,227,234,255,255,37,0,239,146,231,6,75,0,0,72,250,0,95,62,255,222,0,19,123,0,154,255,20,177,180,182,0,183,157,207,85,255
150,25,139,42,255,56,146,78,106,192,142,113,65,236,209,120,6,152,130,41,0,255,94,64,191,255,72,170,99,0,255,254,120,104,89,204,54,43,63,54,211,19,42,94,151,228,30,79,52,255,141,0,95,212,87,123,122,0,88,237,139,55,180,105,202,0,105,217,92,54,72,35,255,185,144,0,91,204,180,255,0,255,218,212,95,18,255,255,89,109,0,201,209,243,255,255,45,0,255,129,207,0,0,46,0,152,137,17,80,78,255,228,0,0,168,33,229,255,0,149,219,129,0,177,32,115,255,255
149,24,133,34,255,63,149,79,91,207,156,118,52,239,217,100,17,129,151,58,0,247,75,42,206,255,51,138,103,0,255,255,94,128,53,245,70,54,51,37,198,33,20,6,170,255,24,70,39,255,162,0,103,196,135,61,114,0,91,227,90,111,192,80,213,0,132,234,85,95,57,93,221,173,66,0,65,220,179,255,0,255,228,205,6,0,255,255,197,196,0,215,197,225,255,255,90,0,255,122,171,37,0,19,0,60,172,19,198,223,255,255,0,0,159,47,213,255,0,143,255,138,0,72,6,89,231,255
147,22,123,59,252,45,139,49,89,185,174,90,95,219,169,65,98,104,163,73,4,212,26,44,160,255,91,127,107,16,227,255,70,45,61,182,110,96,0,44,214,96,41,84,67,217,14,58,72,255,162,0,166,110,164,62,153,0,101,170,59,25,100,109,213,0,61,174,137,0,177,6,255,207,136,21,127,151,142,255,0,255,126,136,35,31,255,255,255,2,0,248,220,255,250,255,213,0,221,207,212,170,36,0,0,6,255,89,255,48,255,194,0,0,27,23,127,227,50,246,129,212,36,119,117,187,7,255
151,21,130,57,250,54,140,67,95,197,184,105,97,215,188,90,41,125,141,91,0,255,58,70,159,250,102,100,99,22,224,246,65,108,129,196,128,32,30,128,199,50,95,42,84,213,56,89,47,255,166,11,101,141,71,85,147,0,111,146,113,85,137,170,175,0,103,99,140,38,124,46,221,239,127,16,67,224,123,208,0,217,201,131,63,12,255,255,251,111,18,241,145,202,247,224,123,0,214,150,255,15,90,9,0,30,216,0,241,161,255,204,0,0,135,0,165,255,46,166,213,175,0,85,103,133,99,255
152,15,143,100,219,4,129,67,120,174,185,119,117,185,193,95,95,123,189,71,13,222,70,72,115,233,105,73,206,112,197,213,84,88,162,168,88,53,88,117,107,86,116,89,131,174,50,100,57,255,82,0,113,209,75,45,163,0,49,184,126,41,78,165,138,47,49,94,193,47,204,14,195,197,232,107,136,163,55,71,104,167,254,137,65,114,227,255,255,20,147,73,185,255,45,239,135,0,154,255,255,108,215,49,36,67,255,0,130,154,255,154,62,28,255,106,43,123,0,182,64,119,0,111,73,231,230,255
