154,7,172,63,203,90,91,54,245,231,57,69,118,224,57,120,112,198,247,162,66,81,138,132,165,219,178,241,206,108,0,95,174,0,29,0,70,0,255,159,0,131,0,226,160,150,168,243,0,255,255,158,0,219,240,89,101,52,0,134,46,79,0,255,238,27,255,154,255,172,224,191,222,102,3,0,0,225,187,255,0,0,183,191,198,6,244,198,57,0,0,192,198,23,85,182,132,96,110,119,3,255,183,0,231,255,15,38,147,162,152,150,0,0,255,40,59,109,0,255,170,196,0,45,255,0,177,255
152,16,154,59,237,97,104,98,155,182,101,116,164,181,72,101,163,128,116,154,61,189,59,116,136,167,219,144,160,72,130,102,104,94,62,133,125,136,114,101,131,197,0,111,0,100,118,177,89,244,171,91,89,114,154,51,155,20,65,252,211,8,44,208,140,125,69,84,160,79,255,99,255,184,180,103,0,163,158,255,0,144,208,95,104,159,171,228,121,1,27,255,216,138,0,255,86,24,255,255,196,0,107,49,242,255,192,220,153,255,255,255,84,62,140,58,177,66,0,255,0,135,0,42,255,135,43,255
146,13,157,98,216,47,21,99,186,201,101,114,143,191,81,49,121,75,67,120,8,132,68,177,154,124,255,135,119,111,179,211,240,48,0,12,255,189,16,155,68,236,0,47,75,247,192,145,68,255,255,56,199,232,119,71,191,0,0,255,158,35,0,200,227,0,9,255,161,131,255,109,255,87,234,18,81,255,137,255,0,119,154,113,255,143,223,133,71,0,0,186,226,255,0,255,127,0,255,193,105,45,75,0,255,255,239,118,160,255,150,255,0,150,255,167,255,0,84,178,160,255,0,0,255,200,38,255
153,13,162,45,225,119,143,85,197,255,81,145,142,249,63,148,106,255,223,196,117,125,105,128,146,154,128,255,220,48,0,71,158,0,42,81,29,0,255,141,0,177,0,195,97,75,115,255,50,255,255,175,71,124,255,140,164,31,0,252,200,0,0,255,187,34,249,161,255,105,245,255,224,73,132,0,0,146,213,255,0,0,241,233,0,113,255,193,129,0,0,255,132,173,0,255,53,86,255,165,128,157,214,0,255,255,125,255,170,193,174,255,0,0,255,13,5,0,0,251,93,193,0,0,255,0,133,255
165,4,214,0,230,198,206,29,186,255,0,255,24,255,144,255,40,255,255,249,255,30,155,89,121,198,0,255,255,104,0,0,248,89,0,65,0,0,255,69,0,34,106,255,255,71,31,255,0,255,255,255,0,175,255,153,255,45,0,16,203,65,135,255,244,116,255,255,255,146,140,255,16,140,15,0,0,86,223,255,0,0,255,255,12,0,255,20,229,0,160,244,0,38,0,255,4,255,204,255,0,255,255,50,172,255,0,44,255,95,158,255,0,0,255,0,185,255,0,192,255,140,0,0,41,0,255,255
162,12,193,19,230,176,200,55,195,255,28,208,73,255,129,246,59,255,255,230,233,59,182,94,102,176,27,255,255,70,0,0,243,25,72,34,0,0,255,126,0,67,0,255,255,30,97,255,0,255,255,255,0,165,255,209,216,34,0,116,190,42,0,255,232,155,255,255,255,123,95,255,62,62,0,0,0,58,101,255,0,0,255,255,0,0,255,94,227,51,0,238,0,42,0,255,0,255,230,145,8,255,255,0,219,255,40,199,255,177,165,163,0,0,255,0,0,255,0,255,255,205,0,0,232,0,255,255
163,1,210,0,232,203,216,26,201,255,0,255,29,255,143,255,43,255,255,246,255,9,152,93,132,191,0,255,255,88,0,0,236,87,0,10,0,0,255,72,0,20,86,255,255,37,43,255,0,255,255,255,0,182,255,214,255,58,0,79,204,48,82,255,255,110,255,255,255,162,105,255,0,91,3,0,0,51,168,255,0,0,255,255,28,0,255,0,196,0,73,231,0,5,0,255,0,255,236,255,0,255,255,0,249,255,0,131,255,109,197,255,0,0,255,0,87,255,0,223,255,136,0,0,74,0,255,255
156,0,207,0,250,201,217,0,234,255,0,253,39,255,171,255,0,255,255,233,255,0,155,109,206,155,0,255,255,0,0,0,255,105,0,0,0,0,255,201,0,0,0,255,255,0,0,255,0,255,255,255,0,252,255,255,236,102,0,190,200,0,0,255,255,175,255,255,255,150,78,255,0,0,0,0,0,0,0,255,0,0,255,255,105,0,255,0,170,0,0,174,0,28,0,255,0,255,255,3,0,255,255,9,255,255,0,255,255,51,232,255,0,0,255,0,13,255,0,127,255,255,0,0,255,0,255,255
154,5,192,31,215,128,103,52,202,255,45,120,78,255,105,170,122,221,255,172,119,83,84,169,102,240,148,239,240,82,16,19,236,0,0,0,27,0,255,100,0,200,0,224,130,230,186,255,20,255,255,152,0,188,255,99,91,0,0,214,55,34,74,255,233,73,214,255,255,141,255,255,85,131,37,0,0,217,213,255,0,0,222,225,158,0,201,61,98,0,156,211,206,43,0,255,159,255,211,191,0,229,167,0,205,255,0,122,250,80,205,255,0,0,255,118,255,255,0,255,255,189,0,0,255,0,109,255
150,7,169,26,229,86,117,86,205,231,61,109,141,222,81,130,113,189,181,179,114,81,41,160,166,135,255,255,219,0,62,5,162,2,0,88,49,0,255,87,0,160,0,194,125,248,65,235,95,255,255,147,0,115,169,0,67,0,0,255,64,37,0,230,140,54,173,199,255,5,255,201,115,77,150,52,0,200,193,251,0,35,224,157,80,139,186,136,67,4,52,255,86,176,0,255,87,107,255,224,0,78,97,139,255,255,15,84,196,206,149,255,0,0,255,0,193,201,0,255,99,15,0,0,216,16,137,255
148,5,164,45,236,87,78,108,230,189,55,149,150,177,42,101,155,139,159,176,66,165,0,148,183,82,213,212,165,115,144,118,109,88,0,64,133,161,239,23,9,241,0,74,70,84,99,114,79,255,255,82,145,252,115,0,212,29,0,255,178,106,79,224,125,19,0,203,93,119,255,228,169,84,255,35,0,130,255,255,0,100,209,200,104,96,225,214,128,63,93,255,180,255,59,255,25,0,255,255,151,84,0,0,253,199,100,200,131,255,203,255,196,0,255,74,255,229,0,255,101,220,0,0,115,0,0,255
148,11,155,104,196,38,39,78,194,180,100,148,119,169,87,85,88,47,84,99,14,212,91,173,119,144,227,109,108,209,199,219,177,40,0,18,255,185,55,137,55,214,0,105,101,255,187,107,163,255,189,36,141,255,153,53,142,60,39,255,189,0,0,255,255,0,34,242,147,140,255,168,255,141,255,40,16,255,55,250,0,124,255,106,246,108,255,183,45,0,100,158,132,255,11,255,141,0,255,255,105,86,8,61,175,255,252,151,166,255,254,255,0,140,255,141,242,23,41,255,218,255,0,0,255,176,29,255
151,5,168,41,219,111,116,84,203,255,72,142,133,252,54,135,130,199,191,194,116,136,86,126,137,201,119,255,217,94,50,76,138,0,17,97,43,0,255,119,0,241,0,143,104,134,118,255,48,255,255,129,21,97,255,111,167,0,0,138,165,0,0,255,132,12,152,103,255,102,255,255,226,213,90,0,0,255,255,255,0,0,240,168,30,59,255,173,181,0,0,255,196,127,80,190,76,201,192,255,118,173,206,0,255,255,132,88,129,78,219,255,57,0,255,5,189,218,0,246,195,148,0,0,255,0,0,255
155,4,189,15,231,164,166,36,199,255,43,177,82,255,127,226,46,255,255,221,226,32,161,134,153,216,56,255,255,43,0,0,255,0,36,0,0,0,255,185,0,112,0,255,200,27,72,255,0,255,255,255,0,118,255,228,104,39,0,200,138,0,0,255,255,88,255,255,255,130,172,255,4,57,27,0,0,92,134,255,0,0,246,255,64,35,255,118,181,0,0,205,36,106,0,255,0,169,198,131,0,252,255,0,255,255,23,255,255,119,138,255,0,0,255,15,13,226,0,203,142,181,0,0,246,0,255,255
156,3,176,19,233,165,184,74,196,255,60,202,128,255,92,192,87,255,240,217,251,97,116,121,139,190,68,255,203,84,0,12,190,32,64,89,0,0,255,83,0,100,0,240,124,32,130,255,101,255,255,206,0,11,255,249,150,65,0,176,205,0,0,255,116,0,255,239,255,149,143,255,75,131,124,0,0,129,247,255,0,0,255,255,1,60,255,76,165,0,0,255,124,127,0,255,5,149,246,255,134,200,250,0,255,255,62,197,255,20,168,255,0,0,234,0,70,252,0,255,156,0,0,0,88,0,152,255
166,4,202,10,212,159,194,71,199,255,32,205,57,255,82,223,97,255,255,255,190,102,185,86,76,226,28,255,255,143,10,0,213,0,72,103,0,0,255,64,0,120,69,255,252,142,167,255,66,255,255,234,0,140,255,156,231,88,0,0,179,139,158,255,192,67,201,115,255,143,156,255,122,212,108,0,0,150,255,255,0,0,255,255,0,0,255,93,146,0,80,255,62,0,0,255,50,255,143,255,12,254,224,0,245,255,0,104,255,156,83,66,0,0,255,19,52,255,0,255,255,134,0,0,182,0,210,255
158,2,186,36,196,112,118,44,247,255,14,145,60,249,88,184,122,202,201,188,124,86,172,95,146,202,144,255,214,116,0,34,215,0,12,0,0,0,255,130,0,162,0,230,166,240,255,255,0,255,255,207,0,255,255,107,125,9,0,147,41,60,0,255,216,0,238,237,255,152,206,255,180,163,139,24,0,203,248,255,0,0,250,255,170,0,222,52,12,0,116,255,93,38,0,255,214,210,125,218,0,182,14,0,228,255,0,158,255,159,0,3,0,0,255,67,3,145,0,255,255,234,0,0,255,0,72,255
149,3,166,41,209,89,104,81,216,249,87,122,152,253,60,100,134,208,161,191,93,154,138,168,134,201,186,251,173,83,0,105,168,0,42,43,55,0,255,175,0,208,0,174,32,126,159,255,59,255,255,87,18,106,255,136,104,17,0,208,135,0,0,255,162,0,185,104,237,90,255,167,255,151,116,0,0,255,255,255,0,0,148,133,75,84,255,169,94,0,0,255,255,93,67,124,119,41,247,227,126,126,216,0,255,255,60,132,127,93,161,228,123,99,216,72,199,79,0,255,17,165,18,0,255,79,143,255
152,17,163,136,221,55,21,143,199,205,109,63,106,213,123,68,91,59,65,120,2,138,94,182,110,126,255,115,112,93,181,210,205,86,0,13,255,143,40,181,106,168,0,114,163,255,152,38,18,255,181,100,126,185,87,84,134,0,90,255,105,125,45,233,168,18,133,198,126,86,255,167,213,203,133,126,200,255,0,255,0,82,45,16,248,79,97,177,121,80,80,119,120,95,133,241,179,0,76,109,142,154,227,10,83,255,145,40,147,255,206,148,85,57,169,34,255,132,0,22,45,255,0,66,126,69,70,255
147,7,155,96,187,52,41,96,201,196,114,89,130,211,71,80,152,57,75,113,28,222,145,186,160,148,245,140,112,193,154,220,224,0,0,11,255,137,43,149,94,168,0,166,82,234,207,88,100,255,200,0,162,172,181,85,122,58,106,255,156,64,0,231,236,0,151,165,140,179,255,175,255,188,230,48,83,255,83,255,0,53,127,63,255,84,213,188,57,11,26,237,160,161,111,201,50,0,219,255,186,39,100,155,184,255,141,151,145,255,255,234,0,144,255,103,255,120,69,216,220,208,0,0,255,60,0,255
158,4,183,40,212,132,126,84,201,255,38,134,80,255,103,143,128,218,245,195,126,84,107,132,92,215,78,255,249,104,82,1,171,0,7,49,24,0,255,75,0,193,34,230,212,253,209,255,0,255,255,125,5,180,255,110,223,0,0,37,52,105,152,255,190,102,143,198,255,97,209,200,120,255,50,0,0,218,229,255,0,0,252,189,0,0,219,62,137,0,140,190,116,0,37,255,78,255,124,253,0,238,174,0,103,255,51,0,255,50,176,197,0,0,215,76,250,255,0,255,255,177,0,0,255,0,0,255
165,2,207,8,215,142,164,49,230,255,3,196,57,255,79,221,96,255,253,255,177,62,177,97,94,219,78,255,255,116,0,0,215,0,19,6,0,0,255,134,0,125,0,255,224,191,200,255,20,255,255,255,0,231,255,179,183,97,0,20,110,67,69,255,210,66,203,189,255,150,219,255,200,156,99,0,0,119,255,255,0,0,255,255,68,0,212,15,15,0,91,255,107,0,0,255,219,255,204,255,0,251,107,0,255,255,0,149,255,108,0,31,0,0,255,60,52,255,0,255,255,255,0,0,255,0,95,255
161,1,214,6,225,142,128,26,253,255,0,181,43,255,130,255,85,255,255,255,156,45,189,144,157,224,177,255,251,97,0,0,255,0,0,0,0,0,255,153,0,133,0,255,177,160,194,255,0,255,255,255,0,255,255,181,116,113,0,81,110,15,0,255,225,34,255,255,255,125,255,255,228,163,62,0,0,171,255,255,0,0,255,255,112,0,172,50,0,0,18,255,144,91,0,255,204,251,155,204,0,243,40,15,255,255,0,205,233,67,0,0,29,0,255,111,140,187,0,255,255,212,0,0,255,0,4,255
162,9,215,0,225,157,172,32,192,255,0,212,23,255,146,255,60,255,255,228,195,30,94,112,123,182,151,255,240,20,0,0,246,62,0,0,0,0,255,101,0,65,8,255,240,222,85,255,116,255,255,255,0,255,255,135,180,0,0,157,140,80,78,255,204,120,255,255,255,152,247,255,84,99,56,21,0,218,147,255,0,0,255,255,162,0,242,21,0,0,243,255,162,66,0,255,199,255,255,197,0,239,229,68,255,255,0,248,245,59,89,175,0,0,255,0,196,255,0,89,255,71,0,0,128,0,255,255
162,12,195,14,212,146,170,63,183,255,24,199,57,255,115,229,79,255,255,220,158,99,119,85,107,186,66,255,255,86,19,0,179,76,0,128,0,0,255,67,0,97,66,255,255,143,79,255,7,255,255,224,0,161,255,88,255,50,0,127,195,110,142,255,217,131,198,177,255,150,206,223,109,82,46,19,0,121,189,255,0,0,255,255,96,0,255,20,142,0,194,222,57,118,0,255,149,255,255,206,12,255,255,44,180,255,0,165,218,147,237,235,0,0,255,0,209,255,0,150,255,140,0,0,110,0,255,255
160,15,190,30,198,111,128,72,178,255,22,153,79,247,98,167,108,188,219,189,108,142,84,86,96,199,141,255,223,63,114,0,170,0,0,112,13,0,255,78,0,194,33,215,213,241,127,255,23,255,255,170,0,205,255,22,201,0,0,115,123,105,124,255,202,142,108,99,255,165,232,232,193,160,91,75,0,231,237,255,0,0,255,255,152,0,181,94,9,0,255,255,122,109,0,255,227,255,255,240,0,161,100,69,131,247,0,69,199,98,190,185,0,0,255,0,214,255,0,163,255,128,0,0,141,7,13,255
157,16,181,34,188,94,98,59,177,255,20,133,93,208,115,126,96,171,203,146,103,158,58,112,133,187,213,240,170,49,104,31,180,0,0,120,49,0,255,78,0,162,4,209,220,223,82,242,0,255,255,111,7,222,211,0,147,0,0,192,129,120,123,255,223,105,179,148,255,96,252,62,135,158,27,28,0,212,191,221,0,97,255,160,174,0,164,67,79,0,255,252,109,137,32,255,210,255,255,194,34,115,178,67,0,255,0,13,108,120,237,136,9,0,255,0,255,255,0,135,255,10,0,22,65,61,145,255
166,5,221,0,238,217,228,18,198,255,0,255,16,255,166,255,23,255,255,245,255,0,148,89,106,181,0,255,255,82,0,0,235,115,0,35,0,0,255,79,0,0,69,255,255,34,28,255,0,255,255,255,0,255,255,214,255,43,0,69,235,39,123,255,236,187,255,255,255,169,81,255,6,60,0,0,0,70,112,255,0,0,255,255,7,0,255,0,208,0,124,255,0,0,0,255,0,255,255,255,0,255,255,21,129,255,0,110,255,72,157,187,0,0,255,0,34,255,0,184,255,183,0,0,162,0,255,255
167,0,233,0,241,230,245,0,212,255,0,255,0,255,195,255,0,255,255,255,255,0,196,61,138,179,0,255,255,37,0,0,255,143,0,0,0,0,255,130,0,0,81,255,255,0,0,255,0,255,255,255,0,255,255,255,255,25,0,25,211,23,111,255,255,249,255,255,255,210,33,255,0,0,0,0,0,0,0,255,0,0,255,255,73,0,255,0,240,10,177,252,0,14,0,255,41,255,252,183,0,255,255,52,43,255,0,170,255,58,159,77,0,0,255,0,62,255,0,77,255,234,0,0,188,0,255,255
158,2,199,1,226,159,156,40,196,255,4,186,67,255,115,221,68,255,255,218,205,40,126,121,125,233,42,255,255,71,0,0,210,2,0,18,0,0,255,131,0,129,61,255,255,100,51,255,0,255,255,255,0,199,255,125,186,14,0,79,117,0,17,255,255,167,255,250,255,163,200,255,68,98,30,0,0,79,229,255,0,0,255,255,121,0,255,72,133,0,134,238,41,14,0,255,78,255,236,252,0,255,244,0,242,255,0,8,255,51,169,255,0,0,255,19,213,255,0,206,255,255,0,0,255,0,233,255
150,8,146,70,225,36,60,99,217,137,64,98,177,138,3,80,137,97,150,135,21,176,83,144,232,77,255,155,122,181,255,159,77,94,0,46,169,175,193,67,0,177,0,36,47,115,74,35,152,255,102,34,154,255,93,0,149,68,55,255,155,61,0,190,150,31,0,234,106,188,200,251,255,0,255,85,0,88,47,229,0,127,255,137,112,110,255,255,27,55,36,102,145,255,71,255,0,0,255,255,121,133,0,87,255,255,221,126,166,255,255,255,118,162,255,131,176,6,108,255,110,213,0,0,255,100,0,255
149,11,163,79,195,50,61,70,221,211,80,101,145,208,42,80,158,96,92,157,10,167,127,119,175,182,235,150,167,180,99,143,169,0,0,16,189,107,123,214,44,211,0,110,76,200,177,81,97,255,235,60,118,222,195,61,135,45,33,255,145,86,0,147,166,0,86,137,187,123,255,203,255,242,228,53,2,255,137,255,0,36,116,160,255,100,255,216,74,0,52,255,224,223,112,188,142,0,238,215,112,128,0,71,255,255,114,211,135,255,152,193,1,88,246,169,208,0,50,255,94,238,44,0,255,186,26,255
146,1,160,57,196,62,47,87,218,185,88,81,134,206,107,84,160,106,95,129,48,148,79,216,202,165,255,173,136,65,98,155,229,4,15,9,173,56,132,93,91,162,0,170,46,255,203,116,98,255,253,7,116,103,54,3,61,16,69,255,22,108,0,164,255,0,127,211,219,0,255,231,174,162,213,47,147,180,138,189,0,198,112,55,255,144,146,72,106,71,86,241,186,194,0,187,51,0,225,251,0,66,0,220,157,255,0,180,223,239,142,255,0,207,255,16,255,255,0,255,226,103,118,0,247,58,136,255
157,8,185,14,227,165,168,64,191,255,29,212,75,255,112,227,67,255,255,208,204,78,84,107,146,182,58,255,255,87,0,0,208,20,0,84,0,0,255,53,0,102,18,241,242,98,85,255,0,255,255,224,0,147,255,143,205,53,0,152,225,43,0,255,213,77,255,255,255,130,152,255,41,114,77,0,0,133,212,255,0,0,255,255,0,0,255,103,203,5,23,222,21,133,0,255,0,255,214,255,24,246,255,0,242,255,44,136,182,105,180,255,0,0,255,0,82,255,0,251,255,110,0,0,180,0,215,255
162,6,205,0,234,197,200,42,191,255,3,249,47,255,121,255,51,255,255,238,255,44,126,111,121,221,10,255,255,99,0,0,241,36,0,37,0,0,255,73,0,64,52,255,255,64,96,255,35,255,255,255,0,132,255,208,199,68,0,101,229,35,60,255,221,62,255,255,255,162,168,255,0,126,71,0,0,143,245,255,0,0,255,255,1,0,255,79,208,0,17,255,5,40,0,255,0,255,212,255,0,255,255,0,255,255,23,133,255,113,130,255,0,0,255,0,57,255,0,255,255,116,0,0,109,0,255,255
158,0,206,0,232,184,198,0,243,255,0,248,31,255,163,255,12,255,255,227,255,0,199,83,195,198,0,255,255,20,0,0,247,47,0,0,0,0,255,212,0,0,0,255,255,0,0,255,0,255,255,255,0,255,255,255,157,87,0,146,143,0,0,255,255,220,255,255,255,219,68,255,0,0,0,0,0,0,0,255,0,0,255,255,178,0,255,0,172,0,0,195,0,11,0,255,100,255,255,29,0,255,255,0,218,255,0,247,255,65,194,101,0,0,255,0,29,255,0,152,255,255,0,0,255,0,255,255
171,0,239,0,244,211,248,47,242,255,0,255,18,255,107,255,38,255,255,255,255,12,255,57,105,223,0,255,255,116,0,0,254,0,48,44,0,0,255,99,0,65,61,255,255,43,179,255,38,255,255,255,0,204,255,249,255,123,0,0,253,14,80,255,177,72,255,209,255,229,170,255,127,38,169,0,0,97,255,255,0,0,255,255,0,0,255,0,49,0,19,255,0,0,0,255,170,255,255,255,0,255,228,0,255,255,0,175,255,228,22,29,0,0,255,0,0,219,0,255,255,255,0,0,146,0,255,255
164,7,202,16,203,153,200,63,202,255,21,228,66,255,75,209,79,255,244,255,222,110,199,73,107,205,21,255,255,132,0,0,242,0,116,85,0,0,255,104,0,142,11,255,255,99,200,255,92,255,255,250,0,78,255,207,195,45,0,69,198,129,45,255,185,0,255,180,255,87,175,255,97,224,126,0,0,145,255,255,0,0,255,255,0,0,255,112,146,0,0,255,101,11,0,255,0,248,193,255,56,194,255,0,255,255,0,255,255,178,139,125,9,0,225,0,0,255,0,255,231,76,0,0,0,0,255,255
155,11,174,34,219,124,134,75,198,252,56,124,124,255,98,155,107,255,255,203,125,108,98,101,110,212,147,255,252,66,0,0,156,0,26,104,11,0,255,131,0,142,0,234,201,79,74,255,0,255,255,192,0,176,255,151,138,53,0,155,147,84,0,255,187,137,180,110,255,147,200,165,165,67,0,0,0,86,116,255,0,0,255,255,183,0,255,31,89,0,0,250,91,113,0,187,132,176,255,149,105,255,240,0,242,255,0,82,196,70,255,190,0,0,255,0,229,255,0,165,255,120,0,0,151,0,138,255
172,0,238,0,241,227,254,24,221,255,0,255,0,255,158,255,30,255,255,255,255,0,250,56,81,206,0,255,255,108,0,0,255,40,58,41,0,0,255,58,0,7,156,255,255,57,113,255,0,255,255,255,0,223,255,226,255,41,0,0,196,94,212,255,167,227,255,253,255,158,43,255,0,58,0,0,0,63,166,255,0,0,255,255,0,0,255,0,186,0,97,255,0,0,0,255,37,255,92,255,0,255,255,0,239,255,0,54,255,148,114,0,0,0,255,0,0,255,0,255,255,228,0,0,95,0,255,255
161,0,225,0,238,168,169,0,246,255,0,209,41,255,164,255,23,255,255,255,255,0,255,113,176,239,10,255,255,9,0,0,255,3,0,0,0,0,255,255,0,39,0,255,255,0,0,255,0,255,255,255,0,255,255,255,165,122,0,64,66,0,0,255,255,255,255,255,255,227,165,255,137,0,0,0,0,0,0,255,0,0,255,255,124,0,255,0,155,0,0,184,0,34,0,255,242,255,255,48,0,255,255,51,242,255,0,221,255,59,198,0,0,0,255,151,165,229,0,250,255,255,0,0,255,0,255,255
158,0,225,0,244,188,199,0,251,255,0,250,4,255,188,255,0,255,255,255,255,0,255,96,218,219,0,255,255,0,0,0,255,37,0,0,0,0,255,255,0,0,0,255,255,0,0,255,0,255,255,255,0,255,255,255,181,74,0,120,90,0,0,255,255,255,255,255,255,235,136,255,7,0,0,0,0,0,0,255,0,0,255,255,236,0,255,0,136,0,0,218,0,22,0,255,87,255,255,0,0,255,255,13,255,255,0,255,255,66,130,95,0,0,255,5,25,216,0,69,255,255,0,0,255,0,255,255
160,0,201,0,229,184,213,6,227,255,0,234,52,255,135,255,30,255,255,227,255,0,225,92,145,208,0,255,255,52,0,0,247,71,41,0,0,0,255,177,0,0,11,255,255,0,17,255,0,255,255,255,0,162,255,255,142,81,0,155,144,0,0,255,255,153,255,255,255,197,76,255,0,0,0,0,0,0,0,255,0,0,255,255,50,0,255,0,255,0,0,187,0,19,0,255,0,255,180,54,0,255,255,0,238,255,0,255,255,135,221,159,0,0,255,0,0,255,0,226,255,255,0,0,248,0,255,255
163,0,224,0,241,212,228,0,218,255,0,255,16,255,171,255,0,255,255,255,255,0,214,73,156,204,0,255,255,38,0,0,255,112,0,0,0,0,255,206,0,0,32,255,255,0,0,255,0,255,255,255,0,255,255,255,248,62,0,76,169,0,0,255,255,196,255,255,255,214,83,255,0,0,0,0,0,0,48,255,0,0,255,255,105,0,255,0,241,0,79,255,0,8,0,255,11,255,255,153,0,255,255,24,209,255,0,167,255,82,129,212,0,0,255,0,25,255,0,154,255,255,0,0,255,0,255,255
162,5,206,0,229,167,180,10,218,255,0,201,39,255,155,255,22,255,255,251,255,4,212,58,149,198,3,255,255,62,0,0,255,19,20,11,0,0,255,224,0,20,0,255,255,0,2,255,0,255,255,255,0,255,255,231,208,65,0,24,135,0,0,255,255,255,255,255,255,163,57,255,65,0,0,0,0,0,0,255,0,0,255,255,88,0,255,0,193,0,61,232,0,44,0,255,117,255,172,58,0,255,255,0,129,255,0,184,255,120,166,7,0,0,255,19,64,255,0,164,255,255,0,0,255,0,255,255
158,2,204,5,221,135,141,0,240,255,4,180,72,255,138,232,46,255,255,255,202,18,255,127,176,228,80,255,255,22,0,0,255,0,0,0,0,0,255,255,0,72,0,255,255,0,0,255,0,255,255,255,0,255,255,170,108,76,0,132,43,0,0,255,255,166,255,255,255,160,201,255,170,0,0,0,0,0,32,255,0,0,255,255,131,0,255,10,240,0,0,208,0,125,0,184,212,184,162,91,0,255,199,71,185,255,0,189,255,82,80,0,0,0,255,136,122,86,0,255,255,255,0,0,255,0,255,255
157,0,203,0,236,175,197,8,239,255,0,220,57,255,137,255,38,255,255,243,255,0,220,88,153,221,0,255,255,61,0,0,234,1,38,0,0,0,255,225,0,34,2,255,255,0,49,255,0,255,255,255,0,222,255,255,181,87,0,55,123,0,0,255,255,213,255,255,255,188,84,255,57,0,0,0,0,0,57,255,0,0,255,255,124,0,255,0,163,0,0,255,0,0,0,255,18,255,255,67,0,255,255,0,255,255,0,255,255,96,189,151,0,0,255,0,0,228,0,255,255,255,0,0,255,0,255,255
160,0,216,0,235,216,228,0,242,255,0,255,0,255,209,255,0,255,255,221,255,0,194,47,226,187,0,255,255,0,0,0,255,96,0,0,0,0,255,206,0,0,0,255,255,0,0,255,0,255,255,255,0,255,255,255,158,11,0,171,163,0,0,255,255,232,255,255,255,255,0,255,0,0,0,0,0,0,0,255,0,0,255,255,220,0,255,0,255,0,47,178,0,50,0,255,38,255,255,39,0,255,255,0,0,255,0,253,255,11,151,3,0,0,255,0,0,255,0,75,255,255,0,0,255,0,255,255
163,1,218,0,234,202,218,0,214,255,0,255,3,255,198,255,0,255,255,246,255,0,211,39,169,169,0,255,255,13,0,0,255,94,0,0,0,0,255,195,0,0,4,255,255,0,0,255,0,255,255,255,0,255,255,228,248,10,0,84,180,0,0,255,255,255,255,255,255,214,25,255,0,0,0,12,0,0,0,255,0,0,255,255,90,0,255,0,241,0,129,252,0,71,0,255,64,255,252,155,0,255,255,18,49,255,0,188,255,102,66,43,0,0,255,0,0,255,0,112,255,255,0,0,255,0,255,255
159,0,226,0,240,193,190,0,247,255,0,255,2,255,211,255,0,255,255,255,255,0,245,93,241,213,0,255,255,0,0,0,255,37,0,0,0,0,255,255,0,0,0,255,255,0,0,255,0,255,255,255,0,255,255,255,97,70,0,195,116,0,0,255,255,255,255,255,255,255,118,255,0,0,0,0,0,0,0,255,0,0,255,255,198,0,255,0,167,0,0,174,0,125,0,255,235,255,255,0,0,255,255,0,191,255,0,255,255,78,145,0,0,0,255,10,62,249,0,70,255,255,0,0,255,0,255,255
156,0,209,0,232,178,184,0,243,255,0,251,18,255,177,255,0,255,255,237,255,0,229,100,234,204,0,255,255,0,0,0,255,38,0,0,0,0,255,255,0,0,0,255,255,0,0,255,0,255,255,255,0,255,255,251,128,74,0,201,112,0,0,255,255,182,255,255,255,217,137,255,0,0,0,0,0,0,0,255,0,0,255,255,187,0,255,0,188,0,0,188,0,74,0,255,105,255,255,15,0,255,255,0,255,255,0,255,255,87,112,115,0,0,255,12,21,222,0,102,255,255,0,0,255,0,255,255
147,6,164,66,201,69,76,80,224,224,79,103,154,228,67,81,153,124,136,127,71,141,115,154,148,211,209,219,184,93,44,161,181,0,39,49,117,16,204,153,58,234,0,181,60,239,221,174,23,255,255,83,114,131,197,73,112,0,0,255,149,63,0,215,206,0,104,130,214,39,255,169,255,196,134,0,0,255,218,255,0,66,182,164,255,116,255,99,92,0,0,255,255,164,103,109,127,5,131,172,151,63,99,22,255,255,110,50,32,130,137,255,0,129,255,67,186,49,0,207,160,101,67,0,255,0,107,255
153,11,162,71,231,94,60,109,192,170,94,98,139,158,77,104,143,128,119,175,52,157,42,128,160,161,238,165,168,80,126,141,141,97,21,118,202,137,60,101,87,223,0,62,3,94,89,76,70,255,222,114,106,92,117,65,199,10,49,254,171,129,24,238,176,91,117,125,79,121,255,211,255,224,101,103,51,185,129,255,10,149,112,78,98,158,168,158,198,174,77,255,255,158,77,218,43,0,255,255,163,9,114,0,252,255,157,205,139,237,255,255,134,78,186,23,240,218,0,243,47,195,0,35,193,78,0,255
149,13,149,67,236,48,65,109,195,152,82,117,171,143,0,65,130,82,157,140,47,170,55,128,207,61,247,175,140,108,255,128,85,97,0,53,120,139,226,79,29,255,0,11,52,132,83,49,123,255,184,68,147,255,83,0,117,0,0,255,143,0,77,111,131,68,0,203,132,203,232,255,227,0,255,81,0,97,30,210,0,177,239,172,114,181,255,255,52,76,29,160,145,255,0,255,0,0,255,255,79,75,0,105,255,255,233,66,112,255,211,255,136,140,255,132,179,0,77,255,0,191,0,0,255,21,0,255
148,11,157,34,255,106,124,112,188,215,78,145,173,195,33,117,146,180,145,187,83,150,0,135,206,91,162,240,188,33,153,146,85,109,0,180,115,160,123,107,57,244,0,69,16,0,0,188,194,255,255,29,184,235,153,84,180,0,0,254,255,19,12,213,35,43,13,150,91,183,255,174,224,99,235,0,0,198,167,255,0,16,223,171,0,133,255,255,186,36,0,255,255,244,0,255,73,0,255,255,255,39,165,0,255,255,140,255,77,255,255,255,164,11,255,0,255,41,50,219,53,97,0,0,190,19,0,255
147,10,150,72,211,54,44,80,191,157,107,98,136,188,90,87,130,82,76,109,36,179,102,174,143,140,255,137,99,145,204,167,209,49,0,23,209,127,37,131,93,184,0,65,29,253,202,94,134,255,214,38,128,152,88,2,94,0,101,255,73,9,0,197,186,0,27,202,187,67,255,142,255,72,255,85,140,250,73,255,0,187,193,24,255,168,171,122,75,47,67,190,164,255,0,255,66,0,255,255,79,117,76,129,189,255,173,178,135,255,249,255,0,200,255,57,255,93,28,213,140,239,0,0,255,146,16,255
152,21,142,59,252,70,112,105,172,168,100,111,186,193,0,86,214,122,128,181,30,238,108,107,113,127,235,189,105,127,168,27,45,109,0,50,95,142,133,203,80,225,0,63,0,50,69,186,132,255,188,82,163,189,176,108,122,3,0,246,127,0,4,83,68,140,0,120,193,117,255,102,255,36,255,114,0,65,172,255,0,182,236,201,112,255,255,210,11,0,0,255,250,243,14,255,94,0,255,255,189,72,0,64,255,255,255,255,117,255,149,255,0,94,216,208,195,0,200,255,0,255,0,0,255,157,0,255
149,7,161,21,244,126,158,113,193,252,70,181,164,255,69,151,112,216,146,163,149,136,0,130,187,137,175,255,180,19,79,129,135,12,7,200,60,59,255,38,48,146,0,184,36,83,47,233,145,255,255,48,36,111,240,112,160,64,9,249,255,36,8,255,71,0,85,113,138,113,227,153,188,106,142,0,0,222,203,255,0,0,255,248,0,38,255,209,113,0,0,255,226,243,34,255,114,133,255,255,255,110,255,28,255,255,52,161,13,49,255,255,118,0,255,0,123,166,0,232,219,0,0,0,169,0,0,255
153,2,186,0,250,164,175,33,220,255,41,192,92,255,113,240,40,255,255,213,255,8,127,151,196,180,61,255,255,0,0,0,255,0,20,0,0,0,255,203,0,74,0,255,231,18,28,255,0,255,255,255,0,129,255,240,123,50,0,176,202,0,0,255,255,87,255,255,255,159,183,255,18,0,1,0,0,93,103,255,0,0,255,255,0,59,255,150,165,0,0,188,0,123,0,255,0,206,255,98,2,255,255,0,255,255,61,255,221,188,177,255,0,0,255,0,0,186,0,224,201,169,0,0,255,0,255,255
151,0,179,13,233,129,149,33,218,255,61,160,127,255,93,168,49,255,255,191,225,26,164,133,174,199,70,255,255,57,0,0,212,0,21,0,0,0,255,240,0,102,0,255,164,36,22,255,0,255,255,255,0,71,255,161,149,70,0,162,118,0,0,255,255,87,255,255,255,140,193,255,93,0,27,0,0,92,213,255,0,0,255,255,73,46,255,190,191,0,0,207,0,98,0,255,0,127,255,134,0,212,255,0,255,255,113,127,230,163,227,255,0,0,255,0,23,90,0,255,7,255,0,0,255,0,255,255
150,6,179,18,224,110,119,48,204,255,60,124,114,255,124,164,58,255,255,184,123,44,91,149,151,196,168,255,243,36,0,24,209,0,0,40,25,0,255,165,0,144,0,255,126,154,70,255,0,255,255,211,0,147,255,78,114,39,0,238,136,0,0,255,208,121,255,197,255,26,251,255,115,50,0,0,0,146,171,255,0,0,255,244,126,6,255,141,119,0,0,164,83,196,0,255,93,152,229,122,0,229,193,31,255,255,0,160,97,119,188,255,0,0,255,51,218,191,0,228,205,129,0,0,255,0,255,255
152,15,165,62,249,97,95,116,174,172,72,126,163,149,67,105,155,139,113,147,72,171,26,87,119,143,206,192,174,75,138,71,99,122,42,169,152,132,71,102,117,254,12,44,0,105,51,114,43,249,190,120,97,154,105,70,225,0,8,237,232,62,59,255,154,153,49,100,107,106,231,136,255,204,133,56,3,104,150,255,17,136,232,131,68,119,178,183,215,122,102,252,239,157,0,255,121,69,255,255,201,0,100,6,200,255,139,167,107,249,255,255,149,0,215,96,209,198,0,255,0,202,0,76,255,32,61,255
151,17,163,65,250,84,97,116,183,176,84,125,172,158,25,84,153,118,132,164,55,203,17,121,150,121,158,154,167,98,197,111,96,128,14,174,123,141,129,97,84,252,0,36,40,86,24,80,53,254,164,72,117,249,101,78,212,0,0,255,225,42,48,194,146,113,15,91,69,197,191,180,255,166,204,42,29,83,163,255,0,117,244,173,90,118,195,228,216,30,156,235,155,223,0,255,129,0,255,255,190,0,78,94,131,255,154,158,111,255,255,255,204,0,255,146,234,140,65,255,24,197,0,33,213,40,0,255
152,14,172,36,240,117,137,87,214,238,53,139,150,229,66,140,96,248,233,166,124,112,28,129,149,117,155,255,223,86,36,54,137,38,19,126,85,38,255,76,0,156,0,202,92,82,100,255,37,255,255,139,62,218,255,111,208,11,0,239,255,23,0,255,175,116,212,173,158,153,162,255,122,75,106,0,0,122,239,255,0,0,255,255,0,67,255,183,172,0,10,232,123,175,0,255,25,83,255,244,99,81,251,0,255,255,8,156,119,217,255,255,6,0,255,36,99,237,0,255,151,109,0,0,255,0,143,255
158,9,181,35,206,133,161,91,194,255,61,192,90,255,70,182,117,233,194,223,139,165,88,96,113,203,85,255,241,140,42,1,173,0,45,144,0,40,255,18,0,174,3,225,178,176,197,255,150,255,255,102,0,94,255,142,195,73,0,98,233,147,41,255,130,0,210,97,255,142,177,255,128,246,130,0,0,255,247,255,0,0,255,255,0,0,255,173,178,48,61,255,134,132,84,255,0,220,209,255,187,193,231,0,236,255,27,246,168,127,202,209,64,0,249,0,36,255,0,255,255,0,0,0,115,0,52,255
163,13,175,56,191,109,173,66,210,255,73,130,99,255,13,137,138,217,200,224,92,171,163,90,91,224,102,255,255,173,0,0,168,0,132,101,0,82,255,123,0,111,0,249,169,172,222,242,138,255,185,159,0,122,255,254,164,122,12,56,222,133,0,149,177,0,255,72,253,82,153,243,238,255,126,0,0,177,237,247,49,155,193,255,39,111,195,195,118,0,0,255,156,92,131,211,29,72,113,163,241,185,140,1,255,255,92,255,255,137,102,0,0,0,154,126,0,47,0,255,192,0,57,106,198,40,40,255
160,6,177,34,202,106,159,64,207,255,53,104,117,255,44,125,121,255,237,211,106,106,184,136,65,214,102,255,255,122,0,0,167,0,160,72,0,0,255,148,0,152,0,255,227,187,219,255,29,255,242,221,0,88,255,107,80,25,57,87,82,106,25,243,129,80,255,112,255,0,184,205,83,197,38,0,0,119,163,255,0,11,213,226,26,53,201,137,157,0,0,229,59,0,52,181,0,209,35,109,39,226,202,0,225,255,10,146,255,150,42,28,0,0,194,160,81,210,0,255,255,62,0,214,255,0,143,255
154,2,214,0,240,147,147,0,207,255,0,168,55,255,158,240,32,255,255,199,216,0,153,167,150,233,68,255,255,0,0,0,255,0,0,0,0,0,255,237,0,103,0,255,255,99,0,255,0,255,255,255,0,246,255,88,192,0,0,94,49,0,0,255,255,220,255,255,255,138,255,255,76,1,0,21,0,97,115,255,0,0,255,255,169,0,255,131,70,0,141,221,0,41,0,255,70,255,255,1,0,255,250,126,255,255,16,78,255,11,228,255,0,0,255,60,241,255,0,50,255,255,0,0,255,0,255,255
149,4,186,22,224,122,125,24,208,255,62,122,101,255,112,191,74,255,255,199,158,52,159,147,143,251,115,255,244,43,0,0,255,0,12,0,0,0,255,242,0,164,0,255,179,80,59,255,0,255,255,255,0,116,255,171,69,5,0,215,73,0,0,255,255,96,255,255,255,107,255,255,95,73,0,0,0,181,132,255,0,0,204,255,237,20,255,203,141,0,0,220,69,160,0,228,0,64,249,67,0,232,164,42,255,255,28,255,186,129,165,255,0,0,255,68,119,113,0,221,74,200,0,0,255,0,255,255
157,6,193,17,227,144,162,26,210,255,35,168,78,255,93,221,68,255,255,222,180,50,172,101,109,227,23,255,255,90,0,0,234,0,14,0,0,0,255,195,0,125,0,255,255,72,60,255,0,255,255,255,0,183,255,186,202,37,0,64,136,0,0,255,255,178,255,218,255,137,158,255,156,96,0,19,0,167,101,255,0,0,255,255,72,0,255,230,244,55,11,255,0,96,0,255,0,236,221,137,0,255,196,28,255,255,73,246,225,119,126,242,0,0,255,84,0,129,0,253,255,255,0,0,255,0,255,255
155,6,185,34,191,92,96,55,217,255,17,123,97,251,96,136,110,224,194,169,122,99,154,135,163,175,164,255,187,108,21,42,189,0,0,32,39,0,255,155,0,208,0,251,157,227,210,255,0,255,255,157,0,189,255,25,121,0,0,189,64,15,9,255,147,53,255,155,255,73,255,255,180,146,140,0,0,255,255,255,0,0,255,207,113,0,255,112,41,0,89,255,181,77,56,255,184,198,183,209,0,189,114,0,255,255,0,105,200,151,97,209,54,0,245,56,154,247,0,255,255,194,0,0,255,14,110,255
149,3,169,41,230,118,127,77,233,250,66,132,151,239,45,126,122,255,232,197,120,95,128,164,174,145,139,255,233,97,0,92,138,11,22,8,47,0,255,159,0,212,0,154,111,50,104,255,11,255,255,143,72,167,255,95,173,53,0,221,161,0,0,255,160,0,228,218,255,141,255,255,223,107,130,0,0,219,255,255,0,0,192,218,2,52,255,225,153,0,0,255,210,87,10,184,30,67,255,207,76,160,255,0,255,255,103,123,234,213,226,255,55,0,255,36,90,58,0,255,24,255,0,0,255,0,82,255
164,16,202,28,225,173,187,74,178,255,31,204,67,255,109,234,81,255,255,229,203,102,135,117,50,211,48,255,255,115,23,0,235,24,31,99,0,0,255,79,0,122,28,255,240,124,153,255,98,255,255,255,0,101,255,199,230,31,0,106,206,103,135,255,168,87,255,232,255,87,193,255,109,219,58,0,0,194,244,255,0,0,255,255,0,12,255,131,201,61,62,255,68,11,0,255,0,255,212,250,0,207,253,0,222,255,75,132,255,129,170,255,0,0,233,0,19,255,0,255,255,93,0,0,80,0,117,255
163,8,206,2,234,185,204,54,187,255,6,239,53,255,128,255,57,255,255,235,240,53,164,104,97,186,9,255,255,104,0,0,227,75,5,81,0,0,255,78,0,72,72,255,255,80,85,255,8,255,255,255,0,143,255,145,255,46,0,64,210,55,109,255,210,112,255,255,255,110,172,255,73,130,42,0,0,120,255,255,0,0,255,255,0,0,255,96,216,2,65,254,0,18,0,255,0,255,229,254,0,255,255,48,255,255,58,71,255,130,190,255,0,0,255,0,99,255,0,250,255,188,0,0,106,0,255,255
150,5,169,57,213,97,90,79,208,237,70,67,142,216,90,95,120,202,226,169,77,81,147,114,145,216,200,255,239,94,48,106,190,0,23,51,66,0,255,173,0,177,0,245,90,142,135,255,0,255,255,163,90,140,255,28,123,43,8,160,105,46,0,255,190,71,255,113,236,126,255,195,180,163,47,0,0,255,189,255,0,0,107,143,52,61,255,218,97,0,0,217,185,0,133,79,17,78,101,162,26,168,255,0,255,255,167,7,130,189,220,255,6,57,201,13,201,91,0,255,150,104,0,19,255,98,115,255
159,4,193,0,234,191,197,70,193,255,8,239,63,255,154,251,59,255,255,215,255,47,91,112,160,140,55,255,230,28,0,0,222,91,0,71,0,0,255,19,0,54,54,255,255,58,44,255,0,255,255,240,0,157,255,169,233,24,0,205,238,93,113,255,218,84,255,255,255,153,105,255,0,42,57,0,0,23,143,255,0,0,255,255,0,0,255,0,149,38,52,164,28,112,0,255,0,255,255,255,45,255,255,12,216,255,0,124,255,76,255,255,0,0,255,0,141,255,0,187,255,24,0,0,44,0,255,255
165,9,213,0,227,193,203,35,184,255,1,241,42,255,115,255,56,255,255,254,255,56,162,96,102,216,1,255,255,119,0,0,233,59,0,56,0,0,255,110,0,71,65,255,255,46,63,255,31,255,255,255,0,160,255,197,239,53,0,93,213,33,109,255,243,92,255,255,255,173,183,255,56,136,68,0,0,91,246,255,0,0,255,255,37,0,255,76,216,0,110,255,37,27,0,255,40,255,245,255,0,255,255,6,248,255,0,147,255,149,163,255,0,0,255,0,116,255,0,253,255,189,0,0,83,0,255,255
155,0,207,0,247,214,216,3,236,255,0,255,34,255,164,255,0,255,255,229,255,0,152,114,220,223,0,255,255,3,0,0,255,95,0,0,0,0,255,168,0,0,0,255,255,0,0,255,0,255,255,255,0,171,255,255,123,135,0,255,208,0,0,255,255,73,255,255,255,255,128,255,0,0,18,0,0,0,60,255,0,0,255,255,159,0,255,0,165,0,0,161,0,50,0,255,0,255,255,127,0,255,255,0,255,255,0,255,255,29,201,255,0,0,255,0,50,255,0,218,255,223,0,0,255,0,255,255
155,0,193,0,236,157,177,18,224,255,19,202,87,255,117,234,38,255,255,222,255,0,184,110,179,210,13,255,255,27,0,0,221,13,0,0,0,0,255,243,0,64,0,255,255,0,0,255,0,255,255,255,0,171,255,226,181,87,0,169,122,0,0,255,255,129,255,255,255,205,175,255,92,0,9,0,0,0,136,255,0,0,255,255,123,0,255,85,152,0,0,241,0,65,0,255,63,232,255,92,0,255,255,0,255,255,17,254,255,142,194,255,0,0,255,0,23,93,0,253,197,255,0,0,255,0,255,255
157,6,179,26,228,164,184,63,202,255,57,182,108,255,88,206,83,255,255,224,219,85,148,119,120,191,35,255,254,106,0,0,208,0,103,37,0,0,255,132,0,116,0,252,195,23,143,255,18,255,255,255,0,73,255,255,139,67,0,171,201,8,0,255,179,49,255,238,255,107,119,255,63,99,55,0,0,77,168,255,0,0,255,255,26,27,255,107,211,1,0,255,73,87,0,255,0,127,206,192,80,237,255,0,255,255,30,255,255,113,154,255,0,0,255,0,0,230,0,255,209,116,0,0,200,0,255,255
152,8,178,35,222,120,138,47,198,255,84,128,128,255,59,165,100,255,249,202,156,115,158,137,106,232,80,255,222,100,0,18,229,0,39,0,0,0,255,239,0,148,0,201,156,65,75,255,4,255,255,255,0,35,255,221,110,40,0,188,130,0,0,255,210,51,255,226,255,152,251,255,174,117,30,0,0,238,140,255,0,0,181,255,159,37,255,255,236,56,0,255,128,156,0,168,0,0,255,132,44,192,221,13,255,255,104,255,147,117,175,255,0,0,255,41,0,72,0,252,29,203,25,0,255,0,255,255
152,0,198,0,238,134,158,0,238,255,10,157,76,255,127,227,13,255,255,202,255,0,194,109,196,251,26,255,255,0,0,0,255,0,0,0,0,0,255,255,0,80,0,255,255,21,0,255,0,255,255,255,0,195,255,229,118,7,0,122,5,0,0,255,255,181,255,255,255,213,199,255,64,0,0,0,0,0,0,255,0,0,255,255,255,0,255,116,145,0,0,229,0,86,0,255,29,207,255,0,0,255,183,10,255,255,0,255,255,124,148,255,0,0,255,36,0,10,0,170,139,255,0,0,255,0,255,255
152,6,183,9,237,140,143,78,212,255,19,213,95,255,92,218,85,255,247,187,159,93,30,147,179,135,124,255,235,61,7,18,172,16,0,72,5,0,255,38,0,128,0,232,174,125,85,255,61,255,255,166,33,225,255,44,174,42,0,245,242,16,0,255,172,70,255,255,255,149,222,255,44,14,175,0,0,189,255,255,0,0,255,255,0,0,255,147,120,0,66,234,28,175,0,255,43,240,255,255,0,207,255,0,255,255,0,194,128,207,181,255,0,0,255,0,169,255,0,255,255,151,0,0,238,0,60,255
150,14,158,46,250,108,124,100,196,190,61,127,177,182,21,127,151,152,156,168,94,177,34,137,164,94,180,235,183,57,118,104,89,75,42,146,81,96,224,61,35,222,0,95,30,45,40,193,104,255,255,86,102,197,163,47,215,0,0,255,255,9,48,255,146,69,56,135,146,169,202,198,201,140,204,17,0,155,226,255,0,86,255,182,0,109,228,227,205,0,5,255,185,203,0,252,70,77,255,255,219,0,144,21,255,255,89,178,101,255,255,255,75,0,255,44,157,135,42,255,4,153,0,39,255,5,2,255
162,12,192,21,219,161,166,51,187,255,22,195,61,255,112,242,76,255,255,223,198,93,144,92,110,218,49,255,255,93,0,0,228,0,9,48,0,0,255,120,0,99,16,255,255,78,93,255,0,255,255,255,0,202,255,163,182,34,0,83,163,38,0,255,255,159,255,235,255,171,149,255,79,92,52,0,0,107,172,255,0,0,255,255,58,0,255,93,172,0,69,255,0,62,0,255,12,255,220,235,0,253,255,0,159,255,23,130,255,144,109,165,0,0,255,0,43,255,0,230,255,227,0,0,239,0,217,255
163,1,204,19,214,137,134,45,240,255,16,140,64,255,109,204,106,255,255,255,133,53,200,144,117,235,145,255,251,121,0,0,255,0,48,0,0,0,255,136,0,150,0,255,186,158,240,255,9,255,255,253,0,255,255,192,139,134,0,43,61,84,27,255,179,72,255,203,255,72,216,255,192,224,52,0,0,107,244,255,0,0,213,255,60,0,156,54,0,0,22,255,157,7,0,255,137,238,120,206,0,255,5,0,255,255,0,170,255,91,0,0,98,0,255,134,142,234,0,255,255,201,0,0,255,0,0,255
164,12,201,19,218,140,152,48,192,255,14,165,47,255,110,224,103,236,255,227,132,89,150,135,86,195,132,255,255,131,0,0,222,0,0,41,0,0,255,111,0,96,15,255,201,220,151,255,7,255,255,243,0,255,255,69,177,27,0,0,113,69,66,255,210,153,255,171,255,97,179,255,165,181,52,72,0,238,229,255,0,0,255,255,0,0,176,149,86,0,109,255,69,0,0,255,105,255,128,243,0,178,221,7,207,255,0,54,228,51,13,59,0,0,255,125,97,255,0,203,255,162,0,0,255,0,0,255
161,7,182,34,210,130,176,55,216,255,36,174,117,255,46,164,110,255,255,239,169,94,179,98,117,193,75,255,255,89,0,0,133,0,78,87,0,0,255,107,0,146,10,211,235,73,116,255,0,255,255,221,0,131,255,152,173,41,0,97,149,0,17,255,189,20,190,112,255,139,165,255,197,161,79,0,0,134,234,255,0,0,255,255,0,22,255,125,166,0,0,255,63,77,10,233,118,172,209,255,44,255,137,0,255,255,12,202,255,156,187,149,0,0,255,0,0,119,0,255,211,178,0,0,201,0,255,255
162,7,206,9,218,145,152,31,210,255,14,160,46,255,119,253,91,255,255,251,153,68,201,129,88,219,110,255,255,91,0,0,255,0,12,0,0,0,255,165,0,108,0,255,223,136,129,255,0,255,255,255,0,255,255,135,128,25,0,72,90,17,0,255,230,212,255,212,255,103,173,255,129,94,0,96,0,137,112,255,0,0,255,255,83,0,253,112,99,0,93,255,4,25,0,255,85,255,167,155,0,255,161,13,205,255,0,216,255,141,31,0,0,0,255,115,50,255,0,251,255,255,0,0,255,0,171,255
152,2,178,23,216,128,134,42,206,255,45,141,99,255,81,164,83,255,255,200,140,52,113,131,165,194,85,255,255,123,0,9,162,0,0,46,0,0,255,147,0,147,0,228,179,95,66,255,0,255,255,183,0,159,255,102,164,65,0,170,130,0,0,255,220,65,255,193,255,95,202,255,113,140,43,0,0,152,202,255,0,0,255,255,60,0,255,194,240,0,0,221,138,107,3,216,39,197,163,231,0,255,255,0,255,255,2,181,195,97,187,255,4,0,255,75,137,249,0,254,230,217,0,0,255,0,255,255
155,2,194,7,227,159,161,28,204,255,20,197,67,255,127,233,46,255,255,222,218,35,144,105,150,217,38,255,255,70,0,0,249,0,0,0,0,0,255,149,0,132,0,255,255,67,53,255,0,255,255,255,0,189,255,177,175,15,0,108,146,0,0,255,255,112,255,255,255,127,157,255,74,124,14,0,0,151,165,255,0,0,255,255,72,0,255,141,221,17,0,255,13,123,0,255,0,255,185,234,0,255,255,0,255,255,12,177,196,71,114,255,0,0,255,18,17,255,0,230,255,233,0,0,255,0,255,255
147,6,162,37,230,114,126,88,209,246,91,121,143,240,75,125,124,235,215,183,112,114,98,162,167,166,196,255,227,68,0,90,155,0,16,50,56,0,255,134,0,163,0,195,48,88,96,255,29,255,255,102,65,150,255,97,150,57,0,195,184,17,0,255,181,0,255,138,242,116,255,219,190,71,84,0,0,255,211,255,0,0,176,140,0,45,255,253,150,0,0,239,176,66,40,159,0,99,255,218,151,130,255,0,255,255,85,127,97,178,255,255,61,40,255,48,148,106,0,233,48,122,0,0,255,0,107,255
153,6,177,21,218,125,151,57,203,255,57,177,123,255,68,164,77,255,237,216,185,82,123,112,166,167,73,255,255,78,0,8,164,0,14,110,0,0,255,147,0,165,0,228,165,75,76,255,18,255,255,183,28,112,255,119,154,31,0,170,181,0,0,255,158,34,255,143,255,98,195,255,144,107,60,0,0,194,168,255,0,0,255,255,0,0,255,213,255,28,0,255,65,176,61,205,47,178,225,255,109,255,255,0,255,255,74,255,135,128,195,255,2,0,255,11,0,111,0,255,255,196,0,0,255,0,255,255
153,14,160,53,201,62,124,73,198,247,69,113,150,255,44,95,132,166,126,178,43,173,120,84,103,205,198,236,167,41,17,62,170,0,98,129,17,13,255,152,66,203,0,195,129,171,155,252,41,255,255,142,0,170,255,152,57,0,0,191,138,14,0,104,109,11,110,9,255,81,255,195,255,175,123,13,0,255,161,255,0,74,236,255,168,122,255,145,36,0,0,255,208,210,100,147,165,0,160,130,213,145,53,0,255,255,0,251,55,135,70,43,21,0,255,72,0,0,0,232,152,45,158,229,255,0,157,255
158,7,192,22,212,124,147,37,208,255,29,141,93,255,77,181,88,255,255,225,157,71,169,104,98,239,82,255,255,84,0,0,200,0,34,12,0,0,255,189,0,170,0,255,232,115,110,255,0,255,255,255,0,168,255,143,115,6,0,96,86,0,0,255,232,136,255,151,255,110,207,255,147,120,35,3,0,117,188,255,0,0,255,255,164,0,255,121,98,0,51,255,47,66,0,255,109,208,216,167,0,255,110,0,255,255,0,173,255,136,109,181,0,0,255,66,47,174,0,255,255,246,0,0,252,0,244,255
159,11,174,35,225,143,168,65,200,255,51,189,109,255,41,189,118,255,227,207,175,141,68,145,123,185,87,255,197,132,0,29,173,65,3,41,0,81,255,84,0,49,0,200,177,101,116,255,129,255,255,169,0,79,255,250,138,131,0,194,223,11,0,255,163,0,255,255,132,178,174,255,77,166,165,0,0,204,186,255,0,92,255,255,30,116,255,177,192,0,0,255,121,150,7,255,0,70,255,252,136,154,195,0,255,255,68,255,196,116,81,255,0,0,221,0,11,255,0,255,241,0,0,0,161,0,250,255
159,13,171,37,225,147,169,70,190,255,64,167,113,255,60,188,119,255,243,204,171,142,102,126,107,171,86,255,199,119,0,19,181,72,32,65,0,39,255,90,0,60,0,196,180,84,102,255,66,255,255,202,0,86,255,227,151,89,0,194,204,17,0,255,155,36,255,249,180,168,138,255,101,122,111,0,0,156,119,255,0,63,255,255,51,65,255,149,224,0,0,255,92,176,0,255,0,77,235,221,167,175,239,0,255,255,54,255,172,98,123,255,0,0,255,0,0,255,0,255,255,39,0,0,197,0,255,255
155,1,198,0,227,159,160,17,200,255,0,187,59,255,185,234,33,255,255,192,249,0,174,135,162,194,64,255,229,8,0,0,255,93,0,0,0,0,255,198,0,17,0,255,255,34,0,255,0,255,255,255,0,207,255,174,169,31,0,164,59,0,0,255,255,210,255,255,255,135,136,255,0,0,0,0,0,0,21,255,0,0,255,255,167,0,255,0,143,0,52,149,0,34,0,255,33,255,255,0,0,255,255,42,204,255,0,122,255,0,238,255,0,0,255,0,251,255,0,49,255,216,0,0,210,0,255,255
154,0,205,0,249,177,194,21,219,255,5,219,86,255,153,247,21,255,255,202,255,0,172,172,165,167,11,255,252,31,0,0,246,107,0,0,0,0,255,234,0,12,0,255,255,0,7,255,0,255,255,255,0,115,255,221,226,101,0,231,145,0,0,255,255,105,255,255,255,121,182,255,17,0,0,0,0,0,155,255,0,0,255,255,133,0,255,48,144,0,0,179,30,0,0,255,0,255,255,0,0,255,255,51,255,255,0,200,255,27,255,255,0,0,255,0,159,255,0,182,140,255,0,0,181,0,255,255
156,11,188,26,225,147,161,38,197,255,38,180,78,255,84,227,82,255,255,211,152,82,122,125,111,200,45,255,255,125,0,0,196,59,0,1,0,0,255,174,0,96,0,230,240,50,71,255,19,255,255,255,5,183,255,204,178,91,0,222,180,0,0,255,249,101,255,255,255,145,220,255,112,80,52,0,0,158,131,255,0,0,255,255,125,0,255,191,250,0,0,243,88,106,0,255,0,142,255,139,0,255,255,0,255,255,13,255,228,168,152,255,0,0,255,61,21,186,0,219,227,255,0,0,255,0,255,255
159,10,178,26,230,156,177,70,194,255,64,188,116,255,53,192,100,255,232,223,196,136,80,133,116,196,73,255,207,122,0,47,205,46,22,88,0,80,255,65,0,84,0,230,131,72,119,255,162,255,255,165,0,48,255,254,150,116,0,187,255,9,1,255,148,0,212,253,121,161,172,255,96,195,186,0,0,178,245,255,0,36,255,255,24,80,255,171,172,0,3,255,177,219,0,255,0,79,230,255,172,141,175,0,255,255,86,255,124,68,82,255,0,0,204,0,28,252,0,255,229,0,0,0,107,0,209,255
159,6,186,14,227,173,191,40,193,255,38,192,79,255,115,237,71,255,255,208,255,68,167,118,123,192,21,255,216,81,0,0,250,104,40,0,0,0,255,161,0,0,0,255,255,0,50,255,0,255,255,255,0,83,255,255,155,85,0,212,159,6,0,255,255,113,255,255,255,186,104,255,0,11,1,0,0,17,40,255,0,0,255,255,104,0,255,49,227,13,0,182,0,60,0,255,0,200,255,85,32,247,255,0,218,255,0,255,255,79,192,255,0,0,255,0,39,255,0,180,235,136,0,0,178,0,255,255
153,0,201,0,241,178,183,23,214,255,13,221,68,255,153,255,23,255,255,212,255,0,173,143,171,227,6,255,252,39,0,0,255,62,0,0,0,0,255,217,0,31,0,255,245,0,45,255,0,255,255,255,0,93,255,255,159,100,0,206,134,0,0,255,255,98,255,255,255,174,191,255,0,0,19,0,0,7,186,255,0,0,255,255,171,0,255,26,107,0,0,184,26,12,0,255,0,255,255,80,0,255,255,0,255,255,0,226,255,38,206,255,0,0,255,0,166,255,0,203,148,231,0,0,203,0,255,255
153,0,208,0,241,162,165,0,216,255,3,183,70,255,191,235,11,255,255,201,255,0,202,192,180,198,63,255,255,1,0,0,255,51,0,0,0,0,255,255,0,42,0,255,255,23,4,255,0,255,255,255,0,173,255,191,177,57,0,149,45,0,0,255,255,161,255,255,255,70,199,255,19,0,0,0,0,0,123,255,0,0,255,255,146,0,255,26,111,0,0,148,18,0,0,255,26,255,255,0,0,255,255,42,255,255,0,128,255,4,255,255,0,0,255,0,237,255,0,112,178,248,0,0,221,0,255,255
157,7,181,22,233,165,182,47,206,255,47,195,93,255,79,228,90,255,255,221,217,83,120,122,139,195,45,255,228,90,0,0,216,63,32,0,0,0,255,145,0,46,0,242,245,23,72,255,24,255,255,255,0,94,255,255,149,121,0,225,194,2,0,255,243,19,255,255,255,196,156,255,63,81,56,0,0,70,89,255,0,0,255,255,123,31,255,125,215,0,0,233,75,133,0,255,0,92,255,159,103,255,255,0,255,255,17,255,255,86,144,255,0,0,255,0,0,236,0,255,207,114,0,0,241,0,255,255
160,12,185,24,226,176,191,42,190,255,45,206,78,255,87,248,78,255,255,214,224,90,121,120,118,205,27,255,233,109,0,0,220,73,11,4,0,8,255,135,0,16,0,252,251,13,74,255,56,255,255,255,0,93,255,255,150,120,0,255,234,4,0,255,254,30,255,255,255,192,158,255,37,83,52,0,0,95,94,255,0,0,255,255,78,33,255,149,255,0,0,210,39,108,0,255,0,163,255,176,80,255,255,0,228,255,37,255,255,136,147,255,0,0,255,0,0,255,0,255,234,113,0,0,224,0,255,255
159,6,187,19,217,167,192,49,205,255,28,232,72,255,118,247,58,255,255,214,250,76,170,87,146,221,30,255,229,52,0,0,247,34,55,22,0,0,255,117,0,33,0,255,255,15,99,255,0,255,255,255,0,89,255,255,110,69,0,253,185,2,0,255,255,19,255,255,255,210,153,255,0,14,95,0,0,61,138,255,0,0,255,255,94,30,255,10,201,0,0,204,0,111,0,255,27,145,213,197,53,255,255,0,251,255,0,255,255,134,143,191,0,0,255,0,0,248,0,255,209,114,0,0,140,0,255,255
161,8,189,29,197,126,171,62,205,255,35,169,89,255,67,177,92,255,255,223,154,115,167,71,95,218,50,255,255,98,0,0,162,0,82,104,0,0,255,118,0,163,35,254,249,121,150,255,0,255,255,248,0,120,255,152,166,17,0,123,172,61,49,255,214,84,179,91,255,143,175,255,156,115,81,0,0,112,247,255,0,0,255,255,134,0,255,50,92,0,71,255,84,91,0,255,163,210,217,196,27,255,181,0,255,255,0,209,255,167,194,120,0,0,255,0,8,224,0,255,255,160,0,0,136,0,255,255
158,11,188,17,212,128,128,53,195,255,0,182,78,255,146,203,66,255,255,193,176,63,99,57,158,191,132,255,255,2,0,0,174,59,0,73,0,0,255,163,0,79,8,246,255,99,0,255,0,255,255,255,0,255,255,108,145,29,0,213,65,74,0,255,255,232,243,226,255,255,187,150,93,0,16,17,0,0,13,255,0,0,255,255,255,0,255,0,92,0,183,178,0,134,0,255,255,255,255,143,0,255,244,20,92,255,0,112,245,64,235,133,0,0,255,0,255,255,0,94,255,255,0,0,220,0,255,255
166,1,215,0,230,196,215,0,218,255,0,255,9,255,151,255,25,255,255,252,255,0,212,66,136,194,0,255,255,79,0,0,255,46,0,0,0,0,255,155,0,0,48,255,255,11,18,255,0,255,255,255,0,255,255,228,220,37,0,0,163,0,0,255,255,227,255,255,255,193,38,255,0,0,0,0,0,0,26,255,0,0,255,255,33,0,255,0,252,0,62,255,0,0,0,255,0,255,174,171,0,255,255,0,99,255,0,169,255,125,88,10,0,0,255,0,0,255,0,192,255,255,0,0,255,0,255,255
161,0,216,0,229,195,202,0,240,255,0,255,15,255,201,255,0,255,255,237,255,0,219,52,211,191,0,255,255,0,0,0,255,71,0,0,0,0,255,217,0,0,0,255,255,0,0,255,0,255,255,255,0,255,255,247,164,62,0,157,141,0,0,255,255,250,255,255,255,255,24,255,0,0,0,0,0,0,0,255,0,0,255,255,185,0,255,0,224,0,53,190,0,78,0,255,187,255,255,72,0,255,255,0,4,255,0,190,255,35,174,0,0,0,255,0,64,255,0,124,255,255,0,0,255,0,255,255
161,5,207,0,230,168,182,11,226,255,0,216,37,255,152,255,29,255,255,254,253,14,228,70,157,202,0,255,255,41,0,0,255,21,10,0,0,0,255,236,0,25,0,255,255,0,0,255,0,255,255,255,0,255,255,247,196,81,0,92,146,0,0,255,255,255,255,255,255,193,102,255,93,0,0,0,0,0,0,255,0,0,255,255,119,0,255,0,189,0,2,236,0,71,0,255,104,255,238,40,0,255,255,0,165,255,0,255,255,118,158,0,0,0,255,43,15,238,0,168,255,255,0,0,255,0,255,255
154,4,189,19,223,135,137,45,211,255,39,145,105,255,101,177,75,255,255,203,142,44,134,153,151,193,105,255,255,39,0,0,218,0,5,0,0,0,255,177,0,147,0,255,221,84,42,255,0,255,255,255,0,169,255,123,139,48,0,231,122,0,0,255,253,148,255,237,255,123,205,255,110,0,0,1,0,51,88,255,0,0,255,255,122,0,255,131,178,0,0,129,103,109,0,255,109,193,255,82,0,255,234,25,255,255,0,215,255,22,234,255,0,0,255,110,128,255,0,138,255,255,0,0,246,0,255,255
153,19,159,79,252,60,77,118,183,159,89,93,175,156,50,69,136,126,153,155,26,161,21,95,134,138,217,169,162,96,195,59,112,139,42,87,178,189,143,153,99,241,0,49,0,93,115,73,35,255,203,120,169,204,106,96,203,18,32,255,171,71,87,181,166,183,46,119,90,165,255,162,255,133,255,60,8,80,119,255,22,181,176,145,131,182,166,215,147,85,113,181,155,251,13,255,49,0,255,255,175,31,1,15,255,255,225,127,133,255,255,255,74,0,237,237,255,71,82,255,0,255,0,110,255,177,3,255
154,26,168,85,255,80,89,129,203,164,55,99,195,170,0,96,156,123,140,176,47,181,7,155,154,88,220,195,158,32,170,77,70,181,51,161,138,229,128,89,13,214,0,64,39,103,12,86,26,255,146,107,112,221,32,95,250,0,0,255,212,91,88,216,210,127,10,211,83,187,208,148,255,165,242,38,25,57,161,255,0,244,216,252,63,178,147,253,133,0,101,202,206,255,24,255,143,0,255,255,164,0,15,84,255,255,202,201,165,255,255,255,52,0,255,202,212,162,102,255,0,231,0,2,255,184,67,255
154,17,166,53,255,95,121,106,179,192,102,109,158,190,56,107,137,171,141,164,88,146,21,163,151,115,157,191,194,58,125,132,151,112,18,134,131,137,150,154,69,210,0,111,2,35,35,113,111,255,219,85,182,241,136,85,179,1,35,243,207,58,93,223,121,78,96,151,103,139,247,153,173,120,210,7,0,127,163,220,21,159,145,164,4,173,177,255,178,40,44,220,193,213,0,255,75,0,255,255,230,0,110,24,210,255,186,255,168,255,180,255,124,0,250,75,174,46,36,251,0,104,0,0,164,16,0,255
151,18,164,49,255,93,159,106,193,198,74,109,206,182,0,100,177,155,162,183,89,187,63,151,162,74,148,228,215,70,113,62,88,81,64,207,52,110,206,113,88,210,0,166,11,57,0,144,143,255,174,57,161,240,100,70,185,0,22,241,222,6,53,202,121,22,88,148,212,105,188,132,217,191,249,0,0,91,151,235,0,115,255,255,0,98,243,255,226,0,0,255,183,232,0,212,103,35,255,255,191,0,156,212,190,255,203,219,168,255,255,255,20,16,255,66,122,64,72,255,43,110,0,0,255,0,8,255
157,18,195,64,255,75,66,142,202,204,75,150,151,149,115,116,105,171,173,115,117,185,0,128,63,130,116,246,178,116,126,88,206,172,27,255,200,218,122,19,78,229,0,183,50,12,63,0,53,255,255,84,255,255,132,129,255,0,99,173,255,255,119,255,166,209,43,21,14,163,138,116,175,0,81,26,0,0,130,255,242,255,255,237,114,120,208,0,255,238,255,147,1,161,0,255,181,0,255,255,223,0,100,0,0,96,203,255,139,255,255,128,58,0,255,127,255,255,75,253,255,171,142,191,0,0,0,255
148,8,170,14,253,128,151,96,209,255,58,182,151,255,88,158,74,255,225,160,156,107,3,134,170,109,142,255,220,42,17,76,173,47,0,107,79,38,255,81,0,139,0,215,77,44,25,255,52,255,255,144,75,205,255,130,190,48,0,255,255,0,0,255,178,73,245,226,143,121,208,255,108,0,134,0,0,136,206,255,0,0,255,207,0,35,255,215,155,0,0,197,120,216,0,255,0,81,255,253,213,96,255,0,255,255,29,195,41,242,255,255,6,0,255,0,82,235,0,255,137,111,0,0,255,0,196,255
153,6,192,0,243,157,166,20,204,255,24,184,84,255,137,224,23,255,255,189,240,0,102,156,176,170,69,255,255,0,0,0,255,27,0,0,0,0,255,189,0,76,0,255,255,52,0,255,0,255,255,255,0,180,255,153,156,7,0,209,171,0,0,255,255,121,255,255,255,120,190,255,0,0,0,0,0,91,86,255,0,0,255,255,32,18,255,149,198,1,0,166,0,142,0,255,0,255,255,71,0,255,255,0,255,255,57,221,227,144,191,255,0,0,255,0,48,255,0,145,233,157,0,0,255,0,255,255
155,2,188,1,237,162,180,31,215,255,23,206,83,255,104,233,38,255,255,209,247,14,139,109,169,168,11,255,255,61,0,0,220,12,12,0,0,0,255,172,0,74,0,255,255,34,22,255,0,255,255,255,0,153,255,178,199,50,0,150,189,0,0,255,255,110,255,255,255,130,126,255,45,18,0,0,0,37,121,255,0,0,255,255,27,0,255,130,255,18,0,242,0,116,0,255,0,255,243,149,0,255,255,0,255,255,39,220,246,129,155,255,0,0,255,0,0,247,0,234,255,255,0,0,255,0,255,255
161,12,187,29,220,145,159,48,197,255,45,163,75,255,77,223,98,255,255,232,146,96,118,115,106,235,92,255,255,110,0,0,217,0,24,40,0,0,255,115,0,99,0,247,216,126,132,255,36,255,255,255,0,152,255,209,134,99,0,102,174,49,0,255,211,68,255,204,255,136,201,255,107,161,35,0,0,166,154,255,0,0,255,255,87,27,255,119,160,0,0,255,86,120,0,255,30,202,143,191,6,250,223,0,255,255,4,255,193,98,95,182,0,0,255,37,38,255,0,239,255,99,0,0,215,0,227,255
158,4,191,26,219,120,126,51,246,255,27,136,85,255,99,189,98,255,248,242,100,73,167,138,138,232,173,255,240,96,0,28,239,0,50,0,0,0,255,135,0,154,0,255,180,140,207,255,0,255,255,235,0,252,255,179,115,114,0,79,130,54,0,255,186,41,255,164,255,64,255,255,234,189,53,0,0,172,254,255,0,0,236,252,95,35,196,72,0,0,0,255,166,83,62,232,97,146,80,154,0,246,110,0,255,255,0,144,202,86,42,12,46,0,255,127,117,137,0,255,255,149,0,0,255,0,39,255
155,4,196,23,211,102,99,9,245,255,11,92,83,255,122,164,71,255,255,190,109,14,201,154,140,221,171,255,245,56,0,17,222,0,0,0,0,0,255,254,0,147,0,255,246,130,70,255,0,255,255,255,0,255,255,77,106,5,0,116,30,0,0,255,255,137,255,220,255,111,255,237,238,64,0,50,0,187,147,255,0,0,255,253,225,0,255,52,72,0,0,255,143,57,0,180,207,222,121,15,0,255,255,0,255,255,0,1,155,89,132,76,0,0,255,126,175,173,0,121,255,255,0,34,255,0,255,255
148,14,163,87,224,50,53,87,189,159,90,107,129,165,126,85,76,91,73,70,30,150,54,154,110,166,242,112,129,117,203,182,197,100,0,91,212,164,0,151,117,221,0,72,50,255,214,43,32,255,161,125,93,191,6,41,148,0,58,255,101,36,55,255,247,0,0,177,155,10,255,86,222,164,182,82,146,255,113,248,0,216,214,100,255,124,114,159,138,9,115,228,161,255,0,255,183,0,236,255,112,44,101,46,95,255,183,81,118,222,255,255,26,94,255,81,150,56,0,255,75,255,0,31,255,97,106,255
153,19,177,88,230,63,59,102,180,167,86,97,133,139,103,107,123,115,112,103,26,170,35,139,103,219,217,156,197,140,142,90,150,138,19,164,249,166,4,152,130,233,4,142,0,218,152,2,22,255,168,137,91,146,33,104,241,44,51,255,117,167,33,255,255,90,72,104,226,45,255,150,227,217,123,53,126,187,150,219,18,142,141,138,233,152,117,161,232,125,252,218,224,169,0,232,168,0,243,246,83,39,2,61,141,236,112,143,172,255,255,255,25,52,255,192,211,159,0,255,0,253,0,67,255,69,132,255
161,4,201,0,228,179,182,26,202,255,0,211,51,255,149,241,52,255,255,221,255,20,129,98,135,185,32,255,255,61,0,0,204,75,0,21,0,0,255,106,0,36,58,255,255,41,3,255,0,255,255,255,0,255,255,169,244,51,0,72,153,35,72,255,255,210,255,255,255,160,89,255,47,47,0,0,0,0,89,255,0,0,255,255,89,0,255,0,136,0,126,226,0,23,0,255,40,255,255,175,0,255,255,35,145,255,0,44,255,47,235,236,0,0,255,0,156,255,0,147,255,206,0,0,186,0,255,255
158,0,195,0,236,183,194,19,221,255,7,226,82,255,136,247,40,255,255,216,255,0,172,147,177,228,32,255,255,20,0,0,251,14,29,0,0,0,255,168,0,32,8,255,255,0,68,255,0,255,255,255,0,116,255,255,81,77,0,180,134,0,0,255,255,25,255,255,255,185,140,255,0,0,21,0,0,1,150,255,0,0,255,255,96,42,255,0,156,0,0,214,0,42,0,255,0,232,248,153,0,255,255,0,255,255,0,185,255,47,132,255,0,0,255,0,0,255,0,255,244,109,0,0,165,0,255,255
153,0,195,0,250,192,198,10,243,255,5,255,77,255,142,255,24,255,255,218,255,0,158,156,236,255,0,255,240,14,0,0,255,10,30,0,0,0,255,182,0,0,28,255,255,0,74,255,0,255,255,255,0,29,255,255,89,154,0,125,130,0,0,255,255,0,255,255,255,228,144,255,0,0,57,0,0,0,223,255,0,0,255,255,152,51,255,0,85,0,0,186,0,31,0,255,0,245,255,165,0,255,255,0,255,255,11,204,255,0,131,255,0,0,255,0,83,255,0,255,238,55,0,0,164,0,255,255
155,5,187,19,224,165,177,34,208,255,40,186,78,255,97,237,68,255,255,226,205,64,156,95,127,212,6,255,255,101,0,0,230,10,39,0,0,0,255,175,0,103,0,255,255,0,57,255,0,255,255,255,0,157,255,255,161,64,0,218,192,0,0,255,255,92,255,255,255,157,140,255,83,80,5,0,0,46,88,255,0,0,255,255,154,0,255,141,250,39,0,255,44,123,0,255,0,130,245,152,11,255,255,0,255,255,0,255,255,121,161,255,0,0,255,0,0,191,0,246,242,255,0,0,255,0,255,255
159,11,186,27,227,154,171,79,194,255,53,182,101,255,67,206,109,255,254,231,156,121,120,129,91,168,59,255,255,149,0,0,171,29,34,122,0,21,255,80,0,130,0,217,175,71,131,255,91,255,255,201,22,140,255,149,204,84,0,147,236,59,41,255,126,69,255,167,255,106,177,255,127,135,92,0,0,165,213,255,0,0,255,255,0,0,255,172,241,13,0,255,116,110,0,255,0,204,239,255,84,225,255,0,255,255,41,237,223,141,185,255,35,0,255,19,40,255,0,255,255,171,0,0,208,0,94,255
156,16,151,63,206,55,114,74,182,236,87,107,125,228,74,100,208,80,79,102,62,207,150,135,90,196,201,201,108,110,75,107,181,0,145,134,33,12,236,97,191,115,0,232,116,255,255,178,115,255,186,123,32,106,255,75,106,0,122,185,97,77,32,41,8,3,83,64,255,4,241,75,255,101,214,148,72,255,162,143,0,235,255,128,54,144,110,38,57,0,24,255,64,144,108,255,103,53,34,137,155,22,50,75,76,255,124,113,113,254,0,0,0,0,255,68,64,29,0,255,255,0,27,141,156,37,42,255
161,14,191,38,208,114,149,30,199,255,49,114,82,255,77,177,116,234,255,203,127,85,171,132,79,240,132,255,255,77,0,0,231,0,26,0,0,0,255,184,0,126,0,255,197,203,162,255,20,255,255,255,0,165,255,141,104,0,0,41,62,12,9,255,235,79,255,167,255,118,218,255,172,181,0,30,0,251,148,255,2,30,241,255,99,42,212,185,86,0,50,255,79,44,0,255,104,235,159,82,0,178,105,4,255,255,0,204,255,95,78,81,0,0,255,77,0,159,0,224,251,73,0,0,225,0,187,255
160,7,195,19,217,136,156,40,208,255,30,151,85,255,78,204,102,255,255,237,146,91,179,128,82,227,101,255,255,126,0,0,213,0,46,27,0,0,255,147,0,134,0,255,223,131,134,255,20,255,255,255,0,175,255,127,131,47,0,89,120,35,0,255,186,96,255,175,255,42,199,255,135,192,46,38,0,128,194,255,0,0,255,255,116,0,255,161,146,0,32,255,35,63,0,255,31,205,141,204,0,224,98,78,255,255,0,163,255,127,41,142,0,0,255,83,79,224,0,255,255,168,0,0,231,0,149,255
149,4,181,28,217,104,99,43,210,255,46,137,102,255,97,159,83,255,255,188,111,64,130,137,159,214,148,255,255,63,0,16,193,0,0,0,0,0,255,209,0,205,0,185,159,160,71,255,0,255,255,197,0,199,255,67,113,14,0,182,65,0,0,255,227,57,255,218,255,119,255,255,177,73,55,0,0,255,212,255,0,0,251,248,158,0,255,136,173,0,0,246,142,130,0,180,138,181,207,174,0,255,255,0,255,255,20,122,78,120,164,255,0,0,255,128,215,152,0,159,172,255,0,0,255,0,255,255
148,12,154,95,201,28,29,77,201,180,87,95,145,195,82,81,107,84,94,118,1,151,103,166,151,144,255,174,124,155,223,188,190,29,0,29,255,185,72,151,81,210,0,102,69,255,195,93,144,255,236,43,180,233,147,28,106,34,102,255,128,50,0,153,175,0,0,255,250,135,255,191,255,32,255,0,63,255,44,255,0,75,208,143,255,140,255,150,34,17,43,89,168,255,16,195,30,0,241,225,1,193,7,59,255,255,221,155,125,255,255,255,0,162,255,126,255,2,100,255,200,239,0,0,255,230,40,255
151,2,180,31,215,119,116,46,230,255,42,144,112,255,85,145,94,255,255,199,136,73,138,134,159,221,116,255,255,80,0,33,192,0,29,0,11,0,255,155,0,204,0,238,215,113,123,255,0,255,255,184,0,184,255,139,117,48,0,177,115,0,0,255,234,6,255,232,255,84,255,248,157,136,24,0,0,146,239,255,0,0,255,206,120,24,255,55,131,0,0,255,127,97,42,158,83,223,145,143,1,255,255,0,255,255,47,90,197,108,242,255,0,0,255,79,191,249,0,255,255,216,0,0,255,0,240,255
160,0,212,0,243,201,200,32,204,255,0,253,46,255,160,255,21,255,255,244,255,0,136,131,161,183,28,255,255,50,0,0,255,63,0,0,0,0,255,92,0,55,49,255,255,47,49,255,0,255,255,255,0,179,255,188,219,69,0,104,199,19,28,255,235,95,255,255,255,114,147,255,0,71,11,0,0,46,211,255,0,0,255,255,0,0,255,2,155,0,0,219,8,30,0,255,0,255,247,240,0,255,255,0,255,255,0,86,255,59,189,255,0,0,255,0,136,255,0,210,255,133,0,0,99,0,255,255
157,0,224,0,244,212,214,0,249,255,0,255,2,255,236,255,0,255,255,246,255,0,246,123,243,178,0,255,255,0,0,0,255,136,0,0,0,0,255,255,0,0,0,255,255,0,0,255,0,255,255,255,0,255,255,255,168,113,0,169,109,0,0,255,255,213,255,255,255,178,56,255,0,0,0,0,0,0,0,255,0,0,255,255,177,0,255,0,179,0,0,141,0,0,0,255,80,255,255,0,0,255,255,0,255,255,0,255,255,0,190,164,0,0,255,0,145,255,0,57,255,255,0,0,255,0,255,255
152,0,216,0,255,197,206,0,240,255,0,255,28,255,199,255,0,255,255,216,255,0,177,159,242,180,0,255,255,0,0,0,255,94,0,0,0,0,255,252,0,0,0,255,255,0,0,255,0,255,255,255,0,236,255,255,210,87,0,177,136,0,0,255,255,138,255,255,255,136,154,255,0,0,0,0,0,0,27,255,0,0,255,255,108,0,255,0,172,0,0,151,0,19,0,255,0,255,255,0,0,255,255,36,255,255,0,255,255,2,203,255,0,0,255,0,65,255,0,115,255,255,0,0,255,0,255,255
155,1,188,0,237,181,191,41,210,255,17,218,72,255,137,254,48,255,255,207,255,22,111,118,186,157,18,255,243,22,0,0,224,79,0,0,0,0,255,138,0,17,0,255,255,0,7,255,0,255,255,255,0,168,255,250,183,78,0,252,215,2,0,255,255,118,255,255,255,190,108,255,0,0,9,0,0,0,52,255,0,0,255,255,114,0,255,0,155,0,0,148,2,110,0,255,7,255,255,115,53,255,255,0,255,255,0,255,255,87,249,255,0,0,255,0,74,255,0,163,255,157,0,0,233,0,255,255
157,6,202,4,225,137,151,16,221,255,14,164,63,255,144,248,36,255,255,231,190,8,205,111,154,229,74,255,255,0,0,0,255,0,0,0,0,0,255,255,0,101,0,255,255,22,19,255,0,255,255,255,0,255,255,185,111,30,0,175,92,0,0,255,255,206,255,255,255,177,214,255,132,0,0,31,0,0,54,255,0,0,255,255,210,0,255,23,70,0,5,254,0,134,0,255,207,192,255,19,0,255,215,0,255,255,0,255,247,94,95,102,0,0,255,76,62,51,0,125,255,255,0,0,255,0,255,255
153,8,193,15,227,122,117,34,212,255,25,145,88,255,151,215,51,255,255,225,156,26,134,89,168,235,165,255,255,0,0,0,255,0,0,0,0,0,255,255,0,128,0,255,248,65,0,255,0,255,255,255,0,246,255,199,63,58,0,251,49,15,0,255,255,186,255,255,255,206,255,239,113,0,0,0,0,0,0,255,0,0,255,255,255,0,255,0,60,0,18,177,15,215,0,255,241,78,255,32,0,255,175,45,255,255,0,255,199,83,187,160,0,0,255,56,253,150,0,117,255,255,0,6,255,0,255,255
159,0,214,0,240,168,191,0,235,255,0,191,50,255,142,255,24,255,255,235,255,0,235,104,138,255,0,255,255,0,0,0,255,0,6,0,0,0,255,255,0,39,0,255,255,0,0,255,0,255,255,255,0,232,255,255,165,35,0,19,56,0,0,255,255,255,255,255,255,213,134,255,43,0,0,0,0,0,0,255,0,0,255,255,164,0,255,54,147,0,3,251,0,0,0,255,0,255,255,0,0,255,255,2,255,255,0,210,255,115,199,156,0,0,255,12,0,193,0,208,255,255,0,0,255,0,255,255
166,3,212,0,236,205,223,45,203,255,0,240,50,255,122,255,66,255,255,255,255,28,169,98,75,203,0,255,255,129,0,0,231,72,43,21,0,0,255,58,0,69,80,255,255,78,144,255,65,255,255,255,0,132,255,243,255,82,0,12,203,98,163,255,184,64,255,255,255,115,124,255,69,206,23,0,0,96,255,255,0,0,255,255,0,0,255,23,131,0,51,255,48,0,0,255,0,255,224,255,0,250,255,8,255,255,11,64,255,102,170,255,0,0,255,0,40,255,0,255,255,106,0,0,3,0,168,255
151,0,181,3,238,167,181,28,226,255,16,198,91,255,119,212,56,255,255,180,255,0,120,150,191,201,25,255,255,17,0,0,219,7,36,0,0,0,255,143,0,73,24,255,255,37,62,255,0,255,255,255,0,91,255,232,128,41,0,195,123,0,0,255,255,56,255,255,255,145,140,255,0,1,0,0,0,59,131,255,0,0,255,255,95,9,255,73,149,0,0,162,0,0,0,255,0,255,255,66,0,255,255,0,255,255,18,175,255,82,255,255,0,0,255,0,0,255,0,255,181,130,0,0,217,0,255,255
149,0,207,0,235,136,137,0,230,255,12,158,69,255,173,223,1,255,255,212,225,0,196,180,195,234,75,255,255,0,0,0,255,0,0,0,0,0,255,255,0,107,0,255,255,63,0,255,0,255,255,255,0,206,255,137,113,9,0,171,4,0,0,255,255,170,255,255,255,113,252,255,49,0,0,0,0,19,88,255,0,0,255,255,175,0,255,111,128,0,0,125,29,59,0,255,62,255,255,0,0,255,255,28,255,255,0,158,255,21,159,255,0,0,255,102,190,201,0,155,108,255,0,0,255,0,255,255
152,11,155,65,233,91,87,113,171,182,101,112,153,185,82,74,182,136,100,184,44,172,102,94,129,134,255,148,152,62,141,64,129,94,35,94,149,105,138,121,114,180,0,81,2,99,123,220,103,218,204,92,60,124,181,27,101,0,27,238,144,98,0,148,78,173,162,130,127,90,255,202,255,184,130,221,16,185,44,255,0,124,117,59,131,178,149,131,61,74,0,255,255,91,44,209,37,0,227,179,125,12,255,9,255,255,118,97,213,233,255,249,164,49,213,125,206,170,0,134,0,153,0,125,126,60,0,255
152,10,151,94,231,73,60,136,191,194,99,89,140,221,96,58,147,110,82,173,6,136,100,128,141,166,255,140,143,110,180,110,151,96,24,61,207,183,88,142,121,181,0,85,75,160,219,160,43,255,182,115,72,100,162,104,108,0,67,225,61,147,6,101,86,104,119,138,147,100,255,165,255,196,196,112,142,255,65,255,0,68,74,58,186,157,122,156,40,67,0,255,197,72,101,155,46,0,153,151,136,183,210,0,255,255,143,115,240,253,241,227,77,82,197,70,224,87,0,86,0,255,0,124,161,91,0,255
153,15,150,89,246,76,71,149,180,185,96,107,156,203,83,76,175,124,93,199,8,159,80,87,131,134,255,171,149,56,167,48,100,107,5,73,156,162,114,169,110,200,0,24,29,145,120,184,58,255,197,109,70,133,154,79,91,0,21,215,96,133,0,87,54,187,127,131,98,97,255,197,255,188,224,179,103,218,52,255,0,125,87,63,145,204,153,149,36,95,0,241,220,92,121,208,74,0,182,152,144,117,209,0,255,255,174,120,167,255,212,205,105,0,225,129,222,99,0,88,0,255,0,176,166,80,0,255
148,2,166,28,228,106,119,64,228,252,80,117,141,241,88,126,86,255,224,186,128,70,124,161,169,168,198,255,231,33,0,78,186,0,41,0,36,0,255,187,0,168,0,195,60,113,90,255,0,255,255,183,10,159,255,118,110,20,0,200,151,0,0,255,215,15,255,183,243,82,255,255,207,43,21,0,0,236,213,255,0,0,187,109,26,78,255,177,117,0,0,242,152,88,0,209,36,76,227,151,22,117,255,0,255,255,16,105,105,209,186,255,2,35,255,37,73,51,0,246,0,191,0,0,255,0,255,255
155,3,189,11,235,164,172,45,202,255,34,199,96,255,126,209,44,255,255,215,229,25,143,140,151,179,55,255,255,63,0,0,234,12,16,1,0,0,255,142,0,113,0,255,223,60,64,255,0,255,255,255,0,122,255,166,188,48,0,162,163,0,0,255,228,68,255,255,255,88,154,255,62,104,15,0,0,105,194,255,0,0,255,255,0,0,255,164,241,32,0,215,16,99,0,255,0,244,238,216,0,253,255,4,255,255,72,143,255,91,162,255,0,0,255,0,1,255,0,255,177,189,0,0,255,0,255,255
152,18,149,98,211,48,39,95,186,177,105,78,145,184,79,73,142,90,115,112,21,177,107,149,149,173,255,125,119,200,247,181,124,72,0,46,218,165,86,154,62,170,0,74,37,171,185,77,112,255,176,128,170,143,174,38,174,9,69,255,149,17,0,209,162,34,0,175,132,147,255,147,255,57,255,130,48,244,0,255,0,152,229,129,183,107,233,201,88,43,49,156,182,255,43,244,12,0,248,255,49,142,31,19,223,255,244,166,109,255,255,255,0,164,170,29,199,0,139,160,168,255,0,0,255,194,0,255
152,8,149,74,212,70,65,108,175,187,98,91,166,199,65,41,158,111,111,144,52,151,110,103,166,139,255,160,143,138,182,126,138,81,2,70,158,142,152,143,127,171,0,68,52,128,147,148,70,227,206,80,88,95,142,12,123,0,66,255,124,81,9,118,114,104,113,100,129,143,255,158,255,185,216,148,68,195,83,255,0,119,156,91,181,143,206,200,61,38,18,240,211,161,49,202,28,0,193,234,134,79,127,54,255,255,156,95,229,255,255,255,87,99,188,39,230,127,31,143,58,219,0,0,182,79,0,255
151,2,170,37,214,108,121,64,220,255,62,137,136,255,66,120,106,239,213,203,125,93,110,143,164,185,148,255,225,76,0,76,150,0,11,50,22,0,255,141,0,200,0,172,135,122,85,255,19,255,255,123,15,137,255,112,150,33,0,168,141,0,0,255,176,0,249,154,255,87,249,255,220,210,43,0,0,248,230,255,0,0,221,206,9,49,255,201,186,0,0,255,191,127,80,155,58,132,204,244,78,187,200,0,255,255,61,114,160,74,196,255,91,15,247,10,122,143,0,255,138,126,0,0,255,0,137,255
151,0,197,0,244,155,160,5,211,255,29,171,92,255,142,211,23,255,255,197,243,0,160,187,178,207,57,255,254,4,0,0,255,33,0,0,0,0,255,255,0,74,0,255,255,21,0,255,0,255,255,255,0,114,255,182,187,48,0,167,103,0,0,255,255,83,255,255,255,94,241,255,48,46,0,0,0,44,138,255,0,0,255,255,129,0,255,189,186,6,0,144,34,46,0,255,0,255,255,3,0,242,255,81,255,255,111,122,255,57,239,255,0,0,255,0,156,255,0,152,66,214,0,0,255,0,255,255
