188,19,182,101,178,106,87,114,120,255,110,141,74,118,99,84,114,113,163,199,87,255,124,47,89,201,113,176,117,177,45,176,149,234,87,140,116,58,191,112,147,175,0,174,118,195,62,32,105,77,78,106,108,139,154,153,233,129,60,243,255,73,3,255,184,246,255,138,158,187,124,140,164,193,114,181,20,235,150,195,157,185,207,85,115,133,184,232,80,199,255,255,70,196,84,204,0,83,68,114,163,52,140,36,9,187,182,181,201,241,0,200,164,68,221,48,99,201,0,156,104,241,56,0,244,14,0,255
176,12,163,132,190,132,81,63,126,216,148,117,146,86,62,167,81,91,180,182,33,255,125,120,66,193,127,188,159,107,96,97,170,70,228,67,131,47,156,14,171,255,94,117,232,166,102,82,61,134,168,23,153,169,93,197,197,68,100,213,237,164,15,202,172,200,164,65,217,204,151,59,216,255,60,102,79,255,161,188,61,141,223,133,150,159,55,236,199,113,104,255,95,151,171,255,0,153,158,190,201,50,128,134,0,70,198,222,255,255,78,50,16,195,42,213,65,116,40,226,108,222,0,226,226,0,0,255
174,19,169,127,196,127,101,80,120,255,96,129,115,137,54,187,114,86,174,188,17,255,89,101,60,178,157,192,158,150,126,95,156,40,153,137,133,50,221,40,126,172,108,104,243,154,117,105,86,181,181,101,115,215,202,157,231,50,48,176,237,146,40,208,189,174,159,84,206,169,82,116,180,247,76,118,26,255,164,162,17,189,123,146,157,128,179,186,252,205,162,235,53,107,189,255,38,255,128,255,140,31,107,40,1,50,52,109,248,244,38,12,99,132,111,55,112,233,20,197,48,147,68,79,226,0,2,255
171,11,163,128,183,112,93,72,146,183,128,111,129,94,44,128,83,80,177,142,37,255,135,96,75,142,139,175,152,70,92,93,153,90,195,90,88,52,92,5,120,189,95,118,235,149,104,100,94,179,179,68,161,142,72,126,235,39,104,209,172,52,34,255,179,236,166,39,211,209,134,118,163,255,39,54,20,255,151,174,59,93,253,117,151,147,57,163,157,150,98,240,55,108,150,255,58,150,139,207,172,41,155,114,8,36,239,167,186,198,186,13,0,232,26,165,130,255,32,111,38,238,32,109,235,0,45,255
178,9,152,96,205,120,111,123,135,197,129,160,105,136,77,89,106,77,170,150,39,213,83,119,53,168,135,169,129,88,127,106,177,132,161,77,25,138,104,8,113,233,47,173,123,161,160,97,54,154,145,131,159,133,77,63,232,82,159,243,255,50,65,255,220,255,189,0,231,179,223,126,150,199,104,88,18,255,112,130,71,136,170,73,0,166,226,251,69,179,167,124,133,177,43,120,20,189,128,188,225,20,73,5,0,185,125,255,227,212,35,151,142,34,114,38,0,255,0,21,143,212,77,163,178,0,0,255
162,11,169,122,195,105,114,87,110,218,128,108,82,174,73,157,111,110,149,113,0,251,119,147,51,137,125,150,164,52,96,90,149,58,175,166,53,142,111,46,105,156,73,115,186,141,126,113,81,230,133,64,176,154,168,156,236,51,128,188,201,62,85,241,95,239,168,33,255,172,110,115,208,255,62,58,92,242,134,152,0,11,119,119,127,147,64,108,155,162,116,255,67,133,128,255,37,198,83,228,255,36,120,27,16,123,255,183,255,171,255,0,67,215,69,123,114,237,0,57,124,215,0,221,148,37,7,255
182,18,173,121,198,122,86,86,116,254,142,111,110,143,73,134,109,84,171,158,41,255,76,89,37,171,130,171,162,138,119,81,152,87,188,110,99,102,131,13,179,182,98,87,174,137,93,105,63,141,149,110,142,168,145,160,244,71,106,224,255,106,53,189,120,202,155,37,191,218,161,86,165,231,129,154,78,255,196,161,54,95,158,94,101,93,47,209,163,149,145,237,81,124,160,255,0,163,99,225,185,98,87,89,11,115,160,246,231,221,54,102,64,213,99,165,90,144,0,119,128,122,93,209,210,0,0,255
178,12,155,110,209,134,106,123,145,227,151,164,97,128,113,112,114,122,154,196,39,227,99,119,66,164,152,220,104,158,109,157,171,222,121,82,91,104,119,84,140,255,21,233,113,139,93,82,94,197,97,140,158,216,89,136,209,144,228,255,237,57,108,255,253,228,199,38,243,134,242,146,142,222,66,172,9,232,136,199,174,126,212,78,63,153,171,255,109,215,199,234,150,197,38,255,0,185,162,107,206,105,122,13,0,223,156,255,201,206,18,171,202,32,115,97,0,227,25,0,134,187,66,160,208,0,12,255
174,21,173,135,208,112,112,62,159,252,80,140,96,143,73,134,144,107,203,153,42,231,96,74,41,178,130,159,117,119,66,148,143,204,105,197,110,77,166,75,127,129,17,99,149,113,89,141,73,133,214,103,90,177,162,93,208,98,147,220,215,125,190,224,243,170,150,184,225,171,62,149,165,255,74,116,1,245,101,89,95,206,176,138,104,89,178,191,190,103,193,198,144,172,132,226,26,152,105,139,129,21,87,114,0,94,139,169,139,255,171,117,82,173,46,21,100,200,101,25,75,137,104,117,255,5,77,255
178,19,184,117,186,102,119,88,131,165,128,139,96,185,63,128,123,74,160,139,0,250,77,116,42,159,109,141,129,81,72,102,156,85,169,64,91,173,120,5,120,149,106,131,190,193,150,70,121,207,164,44,181,124,136,134,255,48,110,189,255,77,55,255,165,215,189,2,198,142,169,99,224,255,52,82,55,238,117,78,58,110,210,135,150,91,78,192,75,123,137,92,152,109,235,255,48,77,85,167,222,93,83,58,0,123,210,255,156,212,45,0,0,182,88,87,72,255,0,66,61,177,57,49,230,0,107,255
171,5,167,91,193,131,109,101,137,160,118,189,69,176,65,100,85,81,184,120,0,253,71,138,57,151,151,180,122,0,124,31,210,73,193,41,4,187,101,0,81,193,125,166,148,213,248,101,96,171,158,133,213,94,78,44,255,78,136,234,255,91,51,255,196,255,222,0,250,179,195,77,194,164,125,37,125,255,148,144,0,74,170,94,0,108,255,235,67,196,148,130,243,81,108,177,35,177,152,208,235,0,92,27,0,97,159,255,83,255,30,0,22,146,129,78,0,220,0,47,186,158,14,122,60,0,45,255
182,14,169,106,198,114,141,129,103,235,119,101,142,160,43,162,93,79,183,85,46,255,88,87,68,139,117,115,188,73,129,76,86,0,167,99,23,55,165,37,122,208,117,91,171,154,77,73,100,100,187,42,118,193,127,96,238,8,144,183,255,96,94,181,82,255,59,27,194,181,194,133,176,255,138,38,105,237,158,95,21,136,112,95,140,90,143,248,182,97,130,194,87,134,174,204,0,134,120,250,153,148,149,40,57,36,255,193,255,253,225,88,0,131,116,39,116,159,0,68,155,184,80,198,251,0,0,255
175,14,180,129,170,112,98,65,141,230,125,93,83,195,34,159,106,87,192,120,13,255,99,127,36,120,111,167,172,50,98,19,170,0,232,98,71,137,138,0,102,109,80,81,198,129,93,66,102,197,178,75,154,152,163,189,231,80,133,171,255,87,63,212,145,255,229,57,161,191,63,67,187,255,101,0,33,160,230,144,13,81,115,87,223,161,89,255,158,255,41,237,35,77,244,255,68,139,132,218,139,94,138,131,127,70,181,213,155,208,221,0,0,237,0,220,160,255,0,153,46,174,43,185,255,0,0,255
194,32,186,125,211,120,134,94,109,255,112,116,127,247,56,167,156,106,208,165,0,237,26,60,5,135,137,165,128,166,128,104,108,111,166,137,185,122,225,17,180,210,61,99,194,193,59,66,149,219,224,38,130,220,183,135,210,68,129,236,193,82,124,220,151,200,143,99,195,153,151,130,202,232,82,158,104,194,127,55,130,167,137,173,205,0,218,255,213,81,103,152,143,145,255,255,0,112,253,221,122,153,216,0,41,255,60,237,254,121,66,197,17,246,235,0,3,185,0,232,212,38,162,53,132,0,102,255
184,14,163,121,202,123,124,93,135,215,120,98,128,167,59,161,130,93,178,126,23,255,107,105,37,150,119,163,175,84,85,92,158,38,217,115,57,84,185,0,111,239,109,109,224,196,146,90,95,154,163,52,168,161,141,109,242,0,104,236,255,134,98,255,170,255,131,42,255,187,168,158,202,255,82,49,124,255,153,146,71,161,113,134,88,165,105,176,150,190,99,233,98,155,240,255,34,86,153,255,143,67,171,47,94,157,221,231,218,188,113,0,53,142,116,165,140,83,49,108,73,231,0,195,176,0,0,255
184,16,183,109,193,124,126,133,98,245,133,88,138,147,38,129,62,102,231,113,60,255,71,80,69,136,134,158,185,84,144,71,66,0,190,101,25,42,153,75,81,138,64,96,165,128,129,76,98,56,180,36,170,237,142,107,219,46,98,197,255,59,40,146,151,220,134,19,158,109,219,143,162,196,111,126,132,212,171,162,18,143,139,30,197,95,92,155,202,128,45,240,50,133,133,194,0,151,76,163,185,229,143,41,106,58,255,255,255,255,138,102,7,191,180,91,180,186,0,158,71,229,240,173,219,0,0,255
193,13,164,109,203,144,119,94,109,204,136,122,176,144,45,120,114,103,179,168,0,255,72,98,42,156,140,181,172,130,101,110,184,80,192,50,94,103,193,0,146,233,126,155,226,188,186,107,75,108,149,78,190,181,151,119,132,53,114,255,255,139,95,255,243,239,180,16,234,186,182,76,214,162,56,122,172,255,102,118,95,133,218,94,101,110,156,255,203,135,116,252,106,167,174,176,0,27,200,193,134,86,98,31,89,122,173,255,255,230,0,183,90,73,142,89,6,75,70,130,109,183,34,117,137,0,35,255
185,13,168,120,187,112,135,91,140,203,128,91,141,183,43,144,102,65,202,120,1,255,106,82,47,150,134,93,177,66,70,84,156,71,156,91,83,96,144,0,139,217,125,110,193,185,149,71,120,90,196,18,130,137,106,97,255,8,176,232,255,72,41,237,134,254,123,39,255,237,189,144,200,255,66,38,119,255,180,137,79,160,129,103,125,117,70,175,152,127,93,200,62,145,242,217,0,40,111,235,155,109,149,74,20,79,255,233,233,199,199,34,0,191,108,130,92,127,75,156,126,159,97,157,236,0,6,255
180,14,169,132,187,131,109,59,142,213,122,113,134,138,39,120,101,103,184,143,7,255,75,91,35,191,161,145,151,135,113,94,157,101,180,97,82,98,174,18,152,190,72,160,212,151,156,104,68,151,213,98,149,144,131,150,201,127,68,232,219,135,81,254,194,242,201,121,149,210,80,70,155,210,48,106,63,255,181,127,54,151,170,131,164,85,137,230,180,184,117,171,58,163,199,237,23,241,184,255,111,10,90,69,18,93,170,255,88,218,62,151,0,166,0,206,0,255,129,212,86,232,147,138,163,0,69,255
190,18,175,114,194,124,124,108,126,222,122,110,120,178,53,141,123,104,208,138,0,249,97,54,27,116,151,134,157,107,111,128,153,89,167,103,136,89,181,3,150,206,67,114,142,187,104,75,115,110,158,83,166,163,140,93,238,51,91,219,255,67,49,248,159,230,176,41,183,191,168,149,198,244,129,97,169,255,161,116,95,133,189,131,90,61,148,226,184,162,115,136,61,165,237,217,0,62,153,200,145,65,114,3,13,163,216,255,255,157,40,89,0,119,150,123,121,119,0,134,99,169,61,189,120,0,19,255
183,18,169,129,196,127,109,78,128,229,142,103,150,171,54,146,124,83,189,142,5,255,94,89,37,155,141,124,161,109,109,94,154,45,201,86,140,107,185,0,195,224,126,113,194,182,127,81,114,119,183,54,120,181,161,165,174,67,124,213,255,169,82,230,173,255,162,39,177,175,156,108,192,208,100,89,153,255,164,160,85,133,176,139,153,70,111,255,185,108,107,196,96,145,255,255,0,124,160,255,108,125,83,47,49,110,197,255,251,234,112,70,0,188,61,118,52,151,70,242,145,166,69,170,212,0,25,255
188,9,164,106,196,132,116,117,110,190,128,116,146,131,43,134,85,90,180,146,10,255,97,119,72,130,137,188,167,92,91,108,162,42,190,62,45,81,160,0,120,255,115,130,180,189,161,104,78,75,132,84,185,177,118,94,216,41,94,245,255,97,78,255,198,255,158,16,217,190,230,94,170,188,76,92,155,255,116,124,73,116,183,77,111,137,137,255,137,164,119,250,96,91,213,208,0,25,114,220,193,70,103,65,65,67,255,255,255,220,23,46,37,91,156,150,96,42,3,66,94,255,0,202,86,0,0,255
187,13,167,111,193,128,112,110,111,225,127,99,142,141,58,137,90,89,195,130,15,255,89,90,59,143,130,148,185,106,86,86,151,13,210,86,58,81,196,0,121,213,108,98,194,192,141,82,102,76,162,49,140,187,169,119,217,23,97,238,255,71,71,255,151,241,110,35,253,220,183,130,190,235,99,104,168,255,158,133,54,141,171,69,100,106,124,211,167,137,71,255,64,113,201,176,0,65,139,214,158,125,120,44,10,73,255,241,255,232,91,50,12,102,185,130,70,95,100,172,87,169,0,198,208,0,0,255
184,11,165,116,194,129,116,94,132,179,125,116,125,168,34,139,76,91,211,130,3,255,124,109,46,116,145,138,181,69,97,74,191,23,183,56,57,73,144,0,104,187,100,119,221,202,173,84,99,116,163,41,228,128,70,118,222,0,111,255,255,89,19,255,130,255,194,0,232,189,180,104,235,195,114,8,193,255,136,136,57,141,159,106,78,119,69,253,142,201,57,165,102,61,231,202,0,50,169,243,208,70,93,82,53,24,246,255,255,170,44,83,0,113,107,224,101,73,60,72,70,255,0,255,144,0,0,255
187,26,159,133,220,120,127,69,137,246,123,105,177,144,62,105,150,132,172,160,18,239,82,58,68,175,156,164,126,196,162,110,122,117,77,154,123,113,180,88,159,137,83,67,233,162,6,74,77,127,255,64,64,195,70,127,135,82,32,214,155,136,209,161,167,203,103,151,168,102,116,46,189,203,75,88,62,255,71,104,113,192,171,165,130,97,219,254,168,88,129,188,158,183,170,251,0,113,230,172,138,175,145,52,0,154,64,255,202,183,100,255,0,86,138,0,0,134,171,255,142,91,211,69,150,0,87,255
176,16,167,117,201,128,110,95,125,235,147,108,125,161,78,162,103,119,166,154,21,255,96,111,65,165,141,181,155,111,110,76,146,56,170,133,81,135,184,26,130,203,111,116,181,164,110,97,82,153,150,71,145,172,163,162,209,53,116,213,249,125,86,235,137,246,166,50,226,166,116,110,180,255,116,101,50,255,155,155,26,108,189,100,97,134,42,203,145,182,121,235,102,160,118,255,5,104,166,206,183,79,173,61,7,149,226,255,189,197,118,46,63,162,53,145,79,161,0,123,80,221,59,169,204,0,0,255
175,16,179,115,203,117,132,88,90,200,107,113,130,165,12,142,104,94,162,115,13,245,98,78,17,166,107,149,147,54,119,104,161,47,186,142,43,117,138,6,132,150,131,130,227,120,103,81,66,189,213,67,175,164,87,159,251,71,102,196,225,114,109,200,102,243,122,46,193,139,126,77,168,194,126,0,17,255,93,123,0,17,147,186,140,93,151,176,143,190,147,179,145,153,127,255,0,230,129,255,188,0,148,93,0,66,237,193,102,247,158,46,0,215,0,96,92,255,0,39,110,255,147,27,186,0,40,255
185,17,169,114,198,132,118,102,125,240,143,107,145,156,37,146,106,109,233,142,33,255,87,67,62,150,156,139,170,128,128,99,104,32,181,83,81,53,208,28,176,229,97,83,179,174,89,76,123,83,178,45,157,192,119,95,173,42,115,217,247,117,34,211,130,205,118,32,149,196,168,100,216,232,116,99,179,255,147,129,68,133,168,89,108,104,127,255,193,73,136,197,81,150,151,220,0,90,176,176,134,135,134,41,40,122,235,198,255,238,94,86,17,143,118,83,46,142,0,155,149,132,122,167,155,0,0,255
162,5,157,162,177,74,80,48,123,209,194,94,134,150,3,118,73,24,228,111,30,255,125,94,39,172,69,180,118,15,152,76,135,79,163,141,142,143,188,47,89,120,163,25,155,132,86,77,31,183,255,119,118,150,58,180,145,95,218,219,78,16,104,216,90,184,142,14,174,94,170,82,229,255,96,0,0,197,117,24,127,112,210,79,233,60,152,255,172,190,134,101,142,143,106,157,115,60,80,159,198,76,175,215,13,0,183,0,144,255,255,130,0,241,147,221,246,221,0,242,157,110,0,0,255,0,0,255
187,29,178,133,205,114,124,65,131,255,116,124,133,192,61,117,158,123,187,165,0,255,65,92,64,155,144,99,137,214,127,113,136,128,38,140,191,114,149,59,150,99,0,45,210,171,61,87,132,148,187,26,73,248,174,140,187,122,76,255,208,131,109,183,164,187,163,166,112,117,51,135,176,179,13,158,69,212,100,46,73,200,135,109,135,0,149,255,181,133,155,126,115,126,255,255,0,125,185,178,147,167,170,13,0,204,57,255,255,241,125,255,61,158,183,0,7,170,88,202,156,94,225,63,166,15,77,255
182,17,161,135,199,122,99,37,158,245,142,89,117,150,81,165,89,127,182,160,37,255,64,118,91,178,153,146,158,195,108,49,118,50,155,127,109,83,161,46,166,153,71,6,205,211,98,114,111,150,154,58,102,194,147,136,202,94,59,246,251,173,70,227,146,186,103,125,196,207,10,66,197,236,63,106,29,255,170,74,70,214,114,75,117,129,87,255,146,162,124,157,86,64,223,239,67,186,214,211,160,119,95,84,0,97,136,235,191,189,143,164,71,156,169,198,59,106,140,248,153,197,69,167,191,0,0,255
171,26,189,122,211,118,130,67,107,255,94,138,104,129,75,153,111,130,182,173,55,253,126,51,18,193,81,204,132,58,139,102,117,172,86,170,92,70,149,91,123,117,62,96,230,120,113,124,159,152,234,94,108,188,71,184,219,118,110,240,230,133,97,175,140,174,118,139,169,137,136,181,141,188,152,114,10,255,35,171,12,1,255,199,66,108,55,124,215,141,200,174,155,153,208,255,0,123,104,255,217,0,200,135,0,15,112,139,128,225,154,163,53,102,0,91,141,216,24,75,91,87,148,46,255,0,0,255
166,22,176,136,222,107,140,91,110,236,108,140,109,189,50,167,140,106,171,131,62,255,86,70,39,180,100,191,143,43,160,71,66,109,96,175,92,56,231,130,90,141,120,30,135,91,115,93,157,236,231,60,79,166,89,130,186,34,224,182,173,155,203,222,120,198,86,23,224,100,122,199,148,255,110,31,29,246,0,131,0,35,115,173,69,83,89,196,163,112,159,184,157,149,120,255,0,186,111,255,242,4,97,22,0,0,175,105,79,255,255,104,0,106,26,46,136,255,144,84,202,69,170,54,249,0,0,255
184,15,171,128,196,129,116,70,133,211,141,106,138,166,74,149,85,114,159,177,19,255,95,127,55,180,136,177,169,151,76,109,152,89,167,106,131,121,165,35,161,205,43,151,199,204,116,95,93,140,143,55,161,156,160,160,222,86,98,248,244,119,72,255,173,236,158,111,188,224,95,132,179,255,45,103,79,255,159,130,94,145,193,80,155,146,70,201,171,193,146,163,103,148,208,255,24,90,109,191,196,118,165,22,30,136,215,255,209,152,70,117,0,160,131,142,49,124,131,136,45,186,63,152,123,0,67,255
155,11,145,173,185,22,38,23,124,235,152,133,152,101,38,125,60,121,197,84,18,255,20,47,165,108,140,255,74,73,255,80,102,120,41,213,146,54,92,0,6,141,97,135,168,172,140,88,137,185,252,137,4,140,22,211,33,159,255,176,90,70,45,255,52,6,83,71,255,65,113,14,255,161,88,67,0,205,0,0,143,93,182,162,138,37,0,255,130,222,239,65,115,67,97,35,106,0,160,5,255,98,36,7,134,0,0,0,162,206,255,200,0,212,121,255,255,227,0,255,115,200,0,13,255,0,1,255
162,14,171,137,190,85,106,67,153,188,102,120,83,172,43,140,111,53,165,98,32,255,113,142,18,142,99,173,125,116,127,82,85,56,136,156,119,69,163,35,31,102,67,93,171,188,137,103,93,222,186,117,77,152,156,151,185,56,153,130,144,75,62,255,202,150,128,88,201,175,30,197,190,255,102,87,0,221,45,135,95,65,194,168,143,181,97,151,168,163,140,222,106,25,192,255,90,102,119,214,140,18,92,77,18,87,186,136,193,166,192,0,17,149,178,26,209,255,86,88,69,196,54,0,206,0,137,255
164,12,173,142,190,94,122,51,130,207,108,118,99,157,32,184,87,81,185,123,11,255,118,103,53,152,93,207,160,42,131,71,113,77,182,127,79,35,158,77,3,166,71,96,210,143,149,124,92,255,231,116,135,158,120,132,230,79,172,145,155,76,87,254,125,152,118,93,226,150,63,145,162,255,59,0,0,203,4,97,61,0,187,104,190,143,164,156,226,140,130,149,85,76,212,255,65,197,108,230,225,0,164,75,42,0,116,74,177,142,255,16,0,141,69,67,219,255,124,89,18,166,34,3,199,0,144,255
165,15,168,126,203,113,112,89,128,224,113,112,111,170,43,156,117,98,192,121,62,246,118,117,45,153,121,198,139,81,112,70,89,64,168,133,65,99,202,42,87,167,107,78,167,118,137,132,98,200,193,88,110,120,141,148,251,12,130,172,209,83,168,255,152,217,107,13,230,162,94,162,124,255,101,36,3,238,108,126,1,63,175,133,90,156,90,172,158,185,115,240,125,68,131,255,62,196,126,234,196,30,160,29,37,0,227,108,167,239,244,0,0,143,30,51,181,255,16,53,32,109,125,60,250,0,0,255
183,13,173,115,195,123,142,101,130,228,107,87,143,171,27,155,91,86,206,100,30,255,76,72,62,147,141,150,184,73,102,62,117,0,185,123,0,83,203,31,108,169,99,107,206,173,156,72,102,93,181,48,154,173,162,116,211,0,139,181,255,83,88,198,129,255,96,28,162,188,170,123,182,205,73,34,125,240,145,110,5,145,90,82,182,113,132,193,121,100,61,247,56,136,209,255,0,114,110,255,174,132,147,51,83,58,255,193,252,214,145,25,24,221,92,95,80,220,90,113,75,225,123,192,165,0,0,255
180,20,175,117,210,112,139,106,114,235,104,96,143,155,47,146,121,123,168,167,33,213,94,33,32,180,114,168,136,72,122,123,145,146,136,150,49,116,131,53,150,176,90,125,172,108,95,62,94,149,188,93,138,163,77,117,255,57,131,198,191,104,107,165,92,244,119,56,244,180,165,121,142,238,139,50,18,255,124,161,0,83,180,152,68,115,81,182,83,144,132,218,104,193,95,255,0,122,58,210,222,83,186,51,0,111,193,193,150,178,167,89,66,107,0,41,44,240,0,59,135,198,137,85,211,0,0,255
171,29,168,162,216,89,103,29,125,230,148,134,124,154,49,147,133,147,206,144,67,255,54,80,80,178,132,199,124,122,179,97,78,133,124,188,124,0,170,99,30,95,101,115,179,87,163,172,208,224,255,115,39,210,58,146,119,154,204,168,193,156,162,236,252,66,113,77,255,32,132,158,177,217,78,69,0,203,15,40,166,65,44,138,142,31,153,176,177,110,179,57,175,160,236,128,0,104,184,184,227,76,61,117,3,0,95,150,112,237,255,255,0,255,34,97,231,196,198,177,128,56,87,76,255,0,81,255
177,23,163,119,222,97,143,95,129,218,106,90,132,180,81,163,141,133,163,141,43,222,98,47,85,179,146,158,133,113,145,96,118,107,97,154,90,121,196,106,136,157,149,84,202,120,104,50,141,167,170,93,60,180,99,135,210,63,168,156,180,129,107,180,90,193,82,49,248,129,107,207,173,255,115,84,53,255,108,134,80,102,152,164,43,111,135,166,135,80,137,205,168,133,132,255,49,135,155,225,219,99,106,22,0,154,126,236,185,184,164,102,81,72,92,4,97,87,40,118,148,102,141,88,195,12,0,255
165,16,176,133,200,100,91,51,119,222,153,124,96,166,64,146,116,74,185,129,40,255,99,114,34,156,102,194,123,70,123,73,129,89,171,140,107,128,141,59,123,160,96,69,162,110,157,118,80,210,224,62,95,143,112,130,231,86,198,142,203,57,113,255,183,211,168,16,221,152,92,98,162,255,117,73,0,202,65,125,63,116,158,105,135,170,43,191,142,139,155,200,139,138,126,255,83,99,69,246,245,13,141,131,74,0,150,127,151,204,244,4,13,255,7,130,195,185,66,135,90,67,26,99,255,19,0,255
187,19,177,123,189,117,111,108,137,255,116,83,131,147,80,103,78,88,223,127,60,255,77,48,41,151,145,144,188,115,110,63,116,62,152,119,69,88,177,81,182,138,67,66,126,168,83,37,100,65,170,59,99,127,138,104,212,36,77,218,255,66,63,204,137,255,150,60,138,180,137,149,188,209,133,99,174,255,171,205,57,180,160,61,129,85,130,178,125,138,100,219,13,189,221,242,0,112,90,243,162,196,109,49,49,60,209,212,255,239,124,211,0,190,155,130,93,117,51,190,58,101,144,255,253,0,13,255
184,17,173,120,191,115,120,112,143,243,117,69,123,160,49,135,76,94,197,138,30,255,95,65,51,144,136,116,155,119,112,82,153,94,99,125,103,88,118,37,134,146,63,83,134,155,106,73,121,108,171,98,103,131,108,99,255,51,109,200,255,91,41,166,113,209,115,78,172,214,98,151,166,254,98,37,109,255,154,171,78,167,101,92,103,94,115,233,134,185,190,212,40,204,234,243,8,100,61,234,162,141,121,27,19,118,255,214,228,189,143,79,0,151,79,109,174,90,0,178,78,151,45,111,209,0,17,255
178,19,166,122,210,113,124,82,125,226,110,114,143,166,81,126,122,100,155,137,27,238,79,119,58,158,157,186,137,129,127,91,121,101,155,139,117,127,165,62,168,190,90,119,163,184,92,118,70,175,163,107,86,183,162,128,198,64,121,205,203,113,119,240,151,210,100,67,203,128,108,148,179,250,70,126,68,249,103,138,103,169,213,196,124,105,116,171,157,131,164,191,114,153,152,241,78,159,165,197,142,65,145,0,56,116,130,195,212,225,51,143,53,122,147,24,0,161,100,92,46,147,172,110,163,0,96,255
174,19,169,137,210,108,124,78,121,200,104,120,114,159,61,171,114,122,165,156,25,255,101,89,58,188,149,173,147,118,137,103,106,111,120,142,140,88,172,71,128,193,140,129,204,136,127,86,121,208,173,98,83,150,114,132,205,76,149,201,217,147,108,198,149,207,143,42,235,139,130,168,159,255,87,33,61,255,65,111,53,88,74,196,127,99,111,150,158,180,114,166,111,137,248,255,62,231,207,238,236,50,117,38,0,28,161,203,143,213,205,64,0,150,38,122,156,128,100,103,30,95,190,160,234,0,39,255
181,16,158,130,198,130,100,75,127,242,160,88,174,129,96,199,65,86,184,187,77,255,84,97,99,192,119,177,189,165,116,71,137,0,180,108,95,90,255,59,194,255,123,71,179,225,81,66,134,55,138,0,103,195,179,142,155,21,149,207,224,129,48,190,153,242,80,28,197,242,155,113,235,244,92,111,120,251,187,179,54,177,179,34,136,89,141,255,183,93,50,255,105,113,167,255,0,58,156,241,181,184,184,106,0,128,203,210,255,255,163,108,52,167,234,0,67,64,178,250,166,99,6,201,121,0,2,255
181,14,181,93,193,137,126,105,108,172,118,144,103,189,29,136,79,90,196,138,3,255,74,113,44,139,148,189,154,70,103,42,173,28,200,67,22,137,148,0,63,218,122,142,180,180,229,113,119,186,166,99,157,133,157,98,255,39,146,185,255,82,44,255,140,255,192,0,234,204,162,97,195,176,139,74,93,244,152,96,31,117,131,110,88,89,177,255,148,201,132,175,173,56,157,185,0,140,154,233,194,14,87,53,1,52,230,255,209,216,39,0,0,122,67,123,0,191,0,0,140,196,13,116,114,0,36,255
183,13,172,97,190,135,123,99,136,186,125,140,87,190,55,111,84,101,199,124,0,255,90,87,51,136,170,158,155,85,82,52,208,42,168,64,53,115,166,0,76,183,91,137,139,221,201,83,138,155,127,93,180,143,135,124,255,72,125,233,255,65,23,255,185,253,214,0,189,191,174,119,201,180,110,73,177,223,172,85,50,157,167,92,44,98,157,226,120,208,115,146,115,164,184,204,27,94,143,212,235,30,110,25,18,138,250,255,219,232,0,43,0,106,151,171,26,125,0,71,99,217,39,194,69,0,0,255
170,12,164,111,195,111,113,96,134,165,110,118,109,171,30,140,115,85,177,97,21,221,106,105,55,146,125,146,149,28,112,72,147,20,179,68,29,120,142,0,62,166,115,79,189,159,183,57,40,186,180,76,169,138,101,75,255,0,159,159,252,89,79,255,146,244,154,0,228,162,132,132,193,238,114,0,45,253,124,152,0,82,163,131,32,159,177,173,127,174,102,173,183,89,138,254,28,187,183,236,160,0,85,52,0,66,172,255,147,255,190,0,0,90,27,43,96,238,0,108,77,112,15,118,175,0,0,255
172,29,188,140,231,118,153,79,110,255,117,147,90,201,93,157,112,136,168,158,61,255,84,86,7,150,132,221,140,146,174,166,65,152,37,214,120,36,245,142,58,138,90,156,164,81,138,209,174,231,255,138,146,197,125,146,186,122,191,238,225,145,189,236,201,115,104,170,214,49,154,210,153,247,75,64,0,171,0,81,61,74,82,150,136,97,198,149,246,199,221,118,185,145,255,255,0,255,174,255,255,15,162,93,46,18,48,223,179,232,131,228,28,49,146,149,180,255,118,10,157,33,147,37,255,0,95,255
171,9,176,126,192,115,109,93,121,231,153,99,120,124,49,158,87,94,216,121,46,255,80,81,58,155,125,184,171,83,130,70,70,37,163,110,42,65,147,92,127,129,123,72,200,122,109,58,106,116,171,30,149,139,110,103,170,20,146,202,255,67,72,142,155,222,149,0,170,213,171,123,211,255,109,97,85,252,167,144,22,65,161,63,158,99,19,213,180,91,127,203,78,188,105,255,0,108,74,229,216,90,49,78,12,30,255,157,183,249,190,24,56,177,8,158,145,195,0,137,159,140,148,161,172,0,0,255
172,10,171,105,188,124,101,78,144,164,120,155,82,165,32,164,87,72,179,124,0,255,109,134,78,142,164,167,155,56,92,25,187,10,236,29,41,114,125,0,61,178,90,143,213,207,229,97,126,181,155,61,175,127,97,127,255,69,118,139,255,112,0,255,189,255,234,0,222,215,87,130,220,223,113,24,163,255,165,120,18,98,139,80,63,158,141,226,110,197,99,166,148,35,201,247,28,163,186,255,175,0,44,52,0,34,160,255,200,204,130,0,0,88,66,47,0,245,16,80,94,177,0,135,89,0,0,255
194,14,172,109,194,140,136,117,126,225,128,83,160,168,39,132,80,116,231,130,37,255,70,57,48,113,161,165,209,95,132,82,122,5,168,89,68,60,194,42,120,220,62,105,143,205,123,85,122,91,133,56,153,178,176,103,187,0,128,226,255,85,70,255,152,232,145,16,136,163,189,124,207,149,149,77,209,192,158,137,83,219,170,50,72,81,129,255,178,143,63,207,71,194,207,172,0,19,184,219,160,164,137,71,91,73,247,230,255,196,0,172,12,125,134,176,71,72,0,132,89,192,70,255,126,0,0,255
168,11,170,135,186,112,98,68,138,207,117,96,115,132,35,134,86,77,184,103,44,253,146,90,20,175,108,145,151,37,50,74,165,66,219,109,39,102,129,0,103,156,90,106,230,114,155,99,42,174,207,81,183,118,108,147,255,34,137,217,183,63,84,255,128,255,181,52,193,230,140,67,164,251,93,0,7,254,148,193,0,86,157,116,159,126,92,143,154,171,118,242,100,154,175,255,98,190,95,217,186,6,208,116,14,57,255,137,144,228,252,0,0,255,0,198,214,255,0,78,17,211,76,103,255,0,0,255
159,5,160,150,182,82,75,55,136,211,130,116,79,124,25,108,89,58,193,104,32,237,139,48,48,135,103,181,112,73,133,78,143,113,186,124,114,59,169,55,64,201,81,41,207,134,143,107,26,235,255,125,124,158,122,101,189,77,172,255,97,29,126,255,132,130,140,84,198,151,89,125,191,255,86,0,0,213,100,111,170,137,186,161,192,62,73,184,177,177,169,228,60,52,127,208,128,177,97,104,141,28,129,76,30,0,217,0,145,195,221,47,0,207,172,217,251,255,0,241,104,91,0,126,255,73,161,255
177,19,160,136,196,110,96,71,120,238,150,87,158,148,70,147,102,88,187,148,75,255,93,90,45,169,119,166,149,107,110,88,140,91,187,151,115,93,199,56,214,184,116,81,135,127,60,70,97,87,226,23,111,163,112,143,221,36,130,240,252,93,90,203,140,232,123,31,185,172,138,130,187,234,146,111,53,255,175,158,56,163,197,127,119,124,77,228,151,151,91,221,96,158,196,255,42,137,175,255,200,107,151,170,0,85,128,196,201,215,218,117,0,214,53,182,170,200,116,203,123,127,67,246,240,7,31,255
178,16,163,122,192,119,116,76,138,255,168,65,151,203,80,157,90,120,221,109,112,255,58,53,50,207,144,163,219,106,120,75,90,36,180,167,22,56,147,128,166,154,140,35,242,115,60,39,178,110,184,32,133,149,155,102,202,0,182,248,255,55,47,229,29,255,126,10,153,197,158,58,223,189,179,73,27,255,244,250,67,186,91,49,162,159,0,206,230,167,69,222,99,103,84,255,62,124,171,255,179,195,175,201,28,121,176,124,192,196,255,99,0,255,43,238,196,162,80,130,154,123,120,228,255,44,0,255
190,17,161,126,205,142,117,82,143,244,131,107,140,168,60,145,132,107,198,148,36,255,69,78,35,165,147,145,172,159,91,114,157,81,179,108,106,64,228,21,164,208,82,89,208,199,114,78,133,125,170,53,150,221,116,123,178,40,89,255,255,120,113,255,223,248,141,83,207,203,158,84,206,207,79,85,104,255,164,127,102,214,133,96,113,106,185,255,171,157,95,236,76,198,225,255,1,117,208,185,154,156,154,72,44,212,198,255,255,205,69,142,102,139,138,84,49,72,60,215,161,215,74,148,115,0,0,255
190,19,167,130,203,135,122,92,137,255,154,66,159,223,72,148,138,158,255,140,55,242,66,39,39,152,162,144,225,142,187,143,97,55,167,135,121,64,152,98,185,179,103,100,186,88,88,70,138,135,160,87,165,173,145,75,172,0,173,238,255,91,75,195,69,180,191,63,116,125,185,107,229,172,168,119,101,207,148,179,98,204,58,48,124,107,124,205,255,177,40,255,59,195,127,255,37,143,225,196,147,220,141,82,140,230,131,249,255,158,232,187,0,251,148,211,97,176,0,255,207,80,130,218,236,0,0,255
186,14,167,114,198,118,111,98,119,207,134,119,127,155,55,130,122,113,151,151,1,255,97,86,46,165,141,169,140,131,73,146,138,128,163,102,92,81,139,0,145,192,105,149,178,155,121,99,67,172,130,115,201,157,156,122,226,77,98,240,237,102,106,255,192,239,187,45,216,208,172,44,155,212,98,84,60,255,144,108,68,127,172,93,128,121,98,223,154,169,175,191,120,121,167,214,25,94,141,143,183,54,89,58,29,138,188,255,188,170,35,145,69,144,106,82,88,176,0,50,38,211,97,142,162,0,55,255
174,17,177,121,205,118,143,98,119,255,95,122,118,164,60,221,92,104,176,150,29,255,63,107,75,213,151,159,170,110,184,74,66,79,70,188,42,43,178,113,67,229,116,154,196,138,120,83,103,239,136,75,104,176,156,125,229,68,159,99,213,173,71,172,109,191,128,65,231,114,96,124,207,255,58,83,0,230,75,133,0,121,54,114,187,118,148,193,255,196,160,215,64,193,131,255,49,255,165,255,182,47,135,17,58,151,130,146,208,237,202,152,22,89,32,29,81,255,26,72,118,130,170,155,255,0,11,255
179,26,178,140,212,121,141,64,136,245,131,95,153,183,65,108,129,106,194,141,54,255,50,96,59,165,122,158,183,135,157,94,60,58,103,134,116,89,180,99,141,125,100,45,190,138,93,137,137,166,255,75,75,179,146,102,161,55,93,223,198,123,177,186,184,150,68,128,148,131,91,175,163,196,52,69,92,233,99,74,67,165,132,85,153,93,131,172,209,131,161,178,115,189,255,231,0,181,108,255,250,213,143,63,0,21,165,167,255,247,157,232,0,212,109,61,67,203,128,125,102,10,170,103,241,0,96,255
184,18,156,119,224,121,128,101,103,241,103,108,180,125,42,148,136,97,165,170,46,226,110,56,59,185,139,151,147,153,121,132,164,95,122,116,81,60,179,53,170,210,120,129,255,152,76,103,44,148,188,86,101,169,64,145,156,33,115,213,186,170,93,155,117,234,94,73,190,163,148,103,181,207,126,15,61,255,65,151,74,123,110,173,112,122,187,255,150,160,140,239,136,145,183,255,0,148,126,230,152,116,151,38,77,105,123,162,255,183,123,141,79,55,134,0,96,58,64,88,129,160,111,89,136,0,74,255
182,10,160,136,182,112,108,74,142,212,153,73,171,168,81,156,83,75,189,136,31,255,96,108,64,141,115,183,187,122,91,123,141,40,166,105,133,140,195,77,183,202,91,79,129,240,68,25,104,36,145,0,131,160,194,182,153,48,144,237,240,83,63,225,137,255,110,57,139,189,185,114,200,234,33,101,144,255,168,134,92,203,255,92,199,138,105,255,169,76,22,248,86,84,253,244,4,64,170,227,162,185,127,138,16,79,249,241,255,255,173,105,8,181,160,125,145,177,245,254,120,187,22,212,201,0,0,255
182,23,169,141,205,134,102,65,154,255,162,84,139,205,105,150,123,140,218,151,93,255,52,74,38,228,108,155,209,157,130,126,103,99,136,130,106,103,206,125,208,131,111,46,201,145,85,66,147,76,158,40,98,162,154,118,123,14,146,242,248,107,116,185,120,195,151,57,92,194,153,134,205,190,187,165,101,250,200,166,102,186,150,63,93,65,70,255,205,103,106,210,129,125,187,255,1,91,152,255,207,255,74,199,0,121,165,255,208,245,146,228,94,149,101,126,30,149,70,255,179,58,28,255,177,4,5,255
161,9,165,135,195,86,126,71,100,212,128,116,85,157,72,167,129,103,138,117,20,255,110,110,56,143,120,182,132,86,152,109,129,104,118,189,98,108,170,88,85,152,125,96,141,145,115,111,90,185,205,116,130,165,135,122,186,48,143,174,153,78,136,221,119,151,113,44,252,142,138,150,222,255,78,64,15,255,91,77,44,0,189,159,119,77,81,149,202,96,156,198,91,156,125,255,42,197,146,222,255,0,85,14,0,14,185,122,181,197,246,84,90,146,190,89,229,255,130,145,152,164,19,117,211,0,85,255
185,18,178,116,194,131,123,77,131,200,107,102,123,179,43,145,71,101,191,147,1,255,83,103,40,152,165,166,153,137,101,67,123,35,161,111,76,98,194,0,139,203,74,146,198,205,160,101,79,158,136,46,147,153,160,129,235,79,115,217,255,99,50,255,131,255,178,59,179,241,105,89,164,208,80,90,63,255,147,69,18,152,148,112,174,108,119,231,158,184,112,173,85,95,222,254,11,169,169,247,161,116,152,7,43,106,194,248,246,143,55,42,0,194,127,142,14,168,56,121,53,190,162,171,145,0,0,255
179,20,157,137,214,129,111,57,148,255,187,93,168,229,71,168,106,163,214,168,128,253,40,39,29,231,168,206,199,160,143,115,70,146,117,163,77,64,186,161,187,114,171,0,255,128,54,84,171,119,235,67,180,129,85,122,37,0,172,212,218,149,152,166,108,252,132,15,199,207,130,0,231,174,181,51,0,255,190,163,96,150,145,90,178,172,81,255,217,100,59,87,183,92,118,203,31,172,235,189,255,244,117,255,0,51,52,222,192,223,231,255,118,85,120,88,67,133,136,194,133,44,30,183,255,0,9,255
167,5,171,125,184,107,106,95,136,209,140,91,108,172,71,144,95,56,177,95,29,238,109,132,34,130,112,176,177,63,100,95,113,40,160,149,76,149,143,75,114,126,75,83,136,179,117,63,60,112,141,40,163,135,163,130,219,17,127,189,251,59,61,186,103,255,157,33,217,238,83,145,184,255,108,93,72,254,199,173,34,94,167,92,152,155,29,153,172,142,85,255,70,102,162,224,68,130,55,213,238,121,131,150,18,75,255,210,248,209,236,0,19,176,42,60,184,217,83,117,43,126,48,222,253,33,0,255
171,16,161,153,185,103,84,60,155,254,190,95,137,232,49,138,75,86,225,110,96,255,79,68,10,159,93,230,167,111,190,124,108,81,142,146,123,80,180,163,170,117,100,0,130,114,84,85,120,137,224,31,163,127,84,132,61,59,245,206,152,44,168,203,85,202,177,0,109,171,159,52,201,229,191,40,0,174,176,86,113,150,255,52,255,86,19,255,192,88,174,125,124,97,85,223,115,71,115,249,251,227,93,255,5,0,238,120,120,238,232,234,0,153,0,214,166,255,0,187,89,142,19,255,255,0,0,255
161,20,171,158,216,82,126,35,118,224,170,157,96,210,60,82,104,97,197,106,97,255,24,137,0,174,95,168,75,151,244,107,70,139,76,215,191,72,171,155,33,105,80,57,94,179,244,211,124,205,255,172,56,195,82,123,137,146,255,172,131,96,221,255,244,15,65,64,253,6,71,177,158,255,136,77,0,166,0,7,156,36,88,117,130,117,98,219,240,94,255,68,191,247,128,77,55,29,110,160,255,109,172,144,45,0,115,137,163,255,232,255,16,187,204,92,240,149,211,102,201,94,91,0,255,7,114,255
174,19,172,118,209,120,146,88,103,239,105,131,136,156,64,171,106,103,178,163,43,255,89,87,65,190,129,184,170,94,135,50,85,93,104,138,89,68,198,71,100,173,94,101,197,135,126,113,170,178,217,74,68,173,78,165,218,43,150,189,219,151,115,152,108,182,96,75,206,172,121,135,178,255,94,64,32,255,77,127,8,68,133,161,58,88,82,193,208,80,192,222,99,175,155,255,0,138,105,255,255,93,146,74,6,34,182,127,248,209,237,150,13,97,79,0,103,167,76,56,128,111,166,154,220,0,0,255
169,24,172,117,212,92,137,111,117,224,97,136,105,179,48,159,127,101,164,116,32,238,118,67,58,170,115,160,131,58,152,66,83,75,106,158,59,88,177,80,82,147,131,66,203,170,100,81,138,224,200,75,79,174,101,130,220,36,142,142,180,136,131,191,102,195,57,10,179,84,120,197,156,255,129,36,28,251,59,121,25,96,191,240,117,85,134,169,133,113,171,174,131,132,113,255,43,151,129,255,161,25,134,40,0,81,202,80,100,235,148,74,0,39,111,26,112,255,0,37,89,49,176,46,255,0,0,255
165,15,188,126,206,113,139,75,90,234,140,132,67,178,81,137,134,105,171,123,43,255,57,151,47,144,108,191,140,110,170,64,92,81,107,177,90,142,185,101,87,101,96,111,176,145,175,94,106,208,245,142,144,138,144,129,162,46,159,189,242,120,188,190,149,176,99,24,175,119,95,200,199,255,103,63,31,255,109,97,65,0,106,149,166,119,72,177,188,178,200,192,138,248,138,255,11,194,104,251,255,52,103,53,9,79,125,179,153,198,170,93,48,174,141,57,139,214,54,17,101,188,165,105,226,40,0,255
185,14,167,118,190,107,109,122,123,239,120,72,148,139,59,109,90,80,209,116,54,255,112,79,52,134,131,127,179,84,106,90,138,67,179,91,72,84,164,7,159,175,100,105,154,165,112,74,89,91,156,81,128,131,123,92,246,34,82,227,255,63,74,207,97,255,115,13,201,226,124,191,200,234,143,79,123,255,171,149,63,161,175,96,100,108,96,204,109,154,97,196,51,185,223,184,3,85,91,194,191,111,136,39,40,75,255,189,237,228,169,94,0,127,140,116,132,140,17,142,46,157,13,193,255,0,59,255
180,17,172,140,206,113,123,71,134,222,128,89,122,194,76,143,149,131,160,140,19,241,89,123,61,151,131,169,133,124,155,138,103,81,179,147,162,127,154,75,165,176,104,137,169,134,93,101,60,191,172,103,139,189,164,130,178,80,131,195,213,136,129,226,123,189,147,102,232,109,111,146,204,255,50,93,107,247,93,113,107,85,133,141,144,108,88,160,201,121,103,198,88,157,221,255,46,150,181,175,164,130,101,0,74,197,172,255,201,148,127,124,8,175,122,101,85,155,85,172,40,139,113,224,167,0,47,255
173,19,176,120,210,127,126,82,125,236,123,149,99,174,85,162,132,99,176,161,30,255,71,112,47,164,134,184,163,157,140,83,108,75,138,154,121,121,226,32,116,171,91,82,188,173,134,125,125,153,166,86,102,145,180,138,175,29,121,188,239,176,107,223,157,209,123,60,213,167,103,185,188,255,89,118,49,255,148,117,34,77,199,168,90,102,50,248,168,142,149,193,152,117,155,255,10,151,169,255,166,62,121,36,0,124,146,255,240,250,134,47,105,101,94,59,48,183,42,89,125,135,151,136,196,12,0,255
168,24,180,125,212,98,152,90,107,228,103,114,112,162,69,164,133,124,198,134,37,255,110,47,62,169,119,180,156,31,167,73,76,86,88,140,70,79,170,99,118,138,127,79,206,86,143,83,216,209,236,59,58,181,50,148,255,46,196,158,224,124,175,169,129,148,67,47,190,95,166,172,142,255,121,74,0,255,44,147,0,32,175,156,69,124,90,141,208,83,187,204,160,223,132,255,0,143,44,255,255,39,125,27,0,0,173,89,101,222,255,77,0,128,30,69,136,230,19,128,135,101,189,48,255,0,0,255
186,18,174,94,198,140,120,124,106,214,127,126,127,162,52,128,95,117,176,141,13,255,58,80,61,158,175,178,155,105,105,61,150,67,164,79,36,117,178,0,113,224,113,129,152,206,182,90,101,87,153,98,167,158,145,106,254,72,124,230,255,98,75,255,164,247,151,0,231,203,209,101,162,201,124,83,135,255,133,116,42,122,183,100,86,92,121,244,88,183,155,213,92,115,115,181,0,50,166,219,193,81,111,2,23,45,255,255,216,238,0,37,29,82,155,171,4,100,0,89,123,255,71,179,148,0,0,255
174,9,175,117,186,123,124,98,124,227,147,93,133,168,39,145,103,96,209,104,57,255,76,96,53,156,120,183,183,70,140,75,60,10,154,122,31,93,180,75,110,157,130,59,169,136,113,45,131,82,168,13,130,148,145,128,178,23,131,182,255,69,77,159,102,239,120,0,146,189,192,109,176,237,90,87,86,255,211,155,3,70,185,83,160,104,0,198,190,76,95,255,45,154,102,238,0,149,123,239,209,167,88,114,11,31,255,208,239,253,216,42,16,209,0,156,127,255,48,143,111,171,146,196,179,0,0,255
178,12,166,103,194,129,111,94,128,185,123,139,100,173,55,111,98,87,165,116,0,249,98,104,18,141,142,157,147,61,109,70,189,55,196,90,33,156,164,0,82,196,87,130,168,179,204,104,71,156,135,108,202,115,136,92,255,56,98,227,255,95,84,255,175,255,221,0,255,206,149,98,173,228,112,47,110,255,155,120,22,85,178,112,26,108,158,207,91,221,127,220,116,129,130,199,43,153,127,234,192,0,141,42,35,96,229,255,156,226,25,0,6,95,142,163,67,148,15,79,48,222,0,163,143,0,0,255
185,21,167,116,208,118,142,92,131,238,92,110,130,212,58,186,145,79,180,107,18,254,55,76,51,182,118,115,145,142,104,55,110,28,179,135,128,102,197,2,139,255,119,103,196,183,93,50,131,171,188,53,55,194,160,110,199,34,168,178,177,130,146,237,162,255,95,44,178,175,135,161,189,255,75,104,75,255,157,88,97,156,149,202,133,51,212,255,200,55,157,162,161,112,219,255,0,87,212,255,84,86,148,0,0,241,142,202,193,189,147,95,13,142,45,0,0,166,33,222,238,113,164,18,160,0,1,255
188,21,173,115,215,124,141,105,114,238,110,117,137,191,74,144,139,116,174,148,19,216,86,76,46,177,110,151,140,133,132,105,126,80,140,141,146,140,178,33,181,203,92,129,201,169,59,98,99,154,189,96,101,168,143,125,224,1,145,198,214,120,128,197,154,220,69,80,204,126,125,195,165,255,101,103,110,255,128,103,90,101,163,180,79,74,144,238,178,128,158,162,149,168,167,255,0,0,168,237,148,123,195,0,0,165,175,244,198,137,115,135,63,116,96,73,38,109,63,96,220,82,0,46,118,0,81,255
194,17,165,116,214,133,157,107,122,239,78,70,163,212,47,193,116,128,211,112,1,250,85,78,40,142,155,130,170,145,138,104,104,36,103,149,116,77,184,16,133,255,77,171,197,166,125,121,118,189,156,93,106,182,129,125,210,1,203,203,248,153,108,187,151,217,110,76,169,188,153,123,209,181,99,49,98,209,143,69,130,231,21,145,159,112,240,255,242,223,94,192,121,228,255,255,31,59,234,255,165,133,218,35,127,221,122,207,255,153,154,158,37,129,59,7,87,46,52,201,125,72,24,133,169,0,59,255
183,13,165,123,196,117,121,101,131,224,132,65,163,166,69,126,87,98,176,127,48,249,85,84,58,163,127,148,189,131,117,102,104,47,146,100,84,120,173,55,151,176,95,122,192,174,101,68,89,80,157,64,113,139,147,132,195,17,129,229,253,70,74,183,94,227,111,75,153,218,140,133,173,255,106,90,140,255,135,171,88,158,134,83,96,135,54,197,151,106,118,255,56,147,189,221,16,56,103,209,166,206,139,77,56,111,251,192,251,177,151,100,2,177,133,94,120,86,110,174,83,160,99,156,196,0,0,255
180,12,165,127,184,100,139,87,133,209,117,87,138,169,43,175,114,73,204,116,5,255,102,107,57,136,123,159,181,22,91,61,128,20,179,115,53,99,164,31,111,185,111,105,198,184,117,53,127,108,208,40,157,152,122,120,208,13,163,164,254,80,37,159,108,255,101,0,233,191,191,138,226,255,13,30,82,221,193,114,22,122,113,157,169,144,125,165,131,59,41,233,59,167,255,210,3,121,120,255,184,64,141,77,32,99,219,170,255,176,255,24,0,210,131,87,117,255,110,161,84,156,44,243,148,0,0,255
178,10,157,108,203,115,129,104,141,185,128,137,116,186,57,126,118,77,133,120,0,221,87,93,47,173,157,153,123,111,108,117,146,105,140,105,34,117,139,30,84,220,95,153,165,159,177,105,92,188,98,108,202,150,121,99,254,44,167,210,230,78,78,255,159,230,186,0,246,188,211,62,185,253,54,96,5,192,113,93,50,176,168,86,59,124,136,204,128,148,190,192,130,180,119,247,133,185,175,211,220,0,158,0,44,220,175,255,185,246,23,94,87,43,130,68,6,218,34,76,56,202,80,111,146,0,0,255
170,12,165,119,183,101,101,76,155,157,110,114,101,148,40,176,79,70,170,123,0,255,126,124,80,141,137,167,134,113,126,51,119,33,151,71,71,81,140,38,46,188,90,150,240,137,184,75,100,202,154,87,93,136,149,109,236,38,163,91,189,92,0,230,131,255,241,0,255,236,89,144,251,255,76,72,53,224,149,102,31,125,152,102,145,180,151,189,140,137,84,198,145,22,148,255,55,135,158,255,127,14,117,55,0,45,169,187,252,157,187,0,6,139,57,64,29,255,0,134,52,207,0,83,197,0,2,255
181,17,163,131,204,128,108,89,139,232,118,84,144,157,66,173,77,99,186,155,67,255,92,112,44,170,137,194,158,180,121,86,161,61,170,132,112,92,194,38,146,222,81,129,202,176,130,98,117,149,162,54,106,156,151,124,200,19,118,202,210,98,115,210,196,255,106,59,227,252,109,133,184,251,82,68,85,255,164,179,68,192,127,88,136,122,171,254,100,160,87,224,111,122,208,255,11,156,126,255,187,162,176,71,7,114,185,221,221,199,120,98,43,130,128,14,7,85,36,209,67,194,62,166,114,0,11,255
183,16,169,112,199,120,134,103,131,184,117,95,127,205,31,147,112,75,192,131,0,236,93,104,29,145,137,133,156,68,78,75,175,46,176,108,65,147,148,0,83,211,98,116,185,186,200,77,130,161,176,31,156,131,118,98,255,0,199,203,255,68,73,255,143,255,124,0,255,216,148,146,213,255,94,30,83,232,156,126,60,192,95,102,65,162,127,204,76,189,95,222,137,120,193,222,0,56,136,222,184,78,156,67,56,103,225,255,225,174,149,0,0,113,108,101,52,148,49,95,105,171,22,126,224,0,0,255
177,10,168,109,194,125,121,99,139,171,117,136,100,215,50,121,78,78,181,107,0,223,91,129,26,148,148,155,159,41,95,56,189,42,199,99,48,177,144,0,90,179,82,150,177,192,223,101,78,142,146,82,188,109,132,109,255,14,155,218,255,64,54,255,132,255,203,0,255,193,145,129,202,236,100,46,118,255,170,134,16,145,147,128,43,152,123,198,110,201,96,159,153,82,161,151,59,122,114,218,208,54,96,29,41,98,220,255,218,194,97,0,0,95,99,176,23,137,21,43,77,164,0,219,110,0,0,255
169,8,184,118,183,110,75,106,117,222,127,102,81,121,103,120,118,60,160,87,39,255,89,98,42,142,127,169,162,60,127,103,111,31,207,149,72,113,153,45,98,143,55,91,140,177,81,69,29,174,103,102,157,140,189,106,255,40,81,195,255,50,7,226,132,237,183,0,255,147,110,137,184,255,172,152,45,192,211,211,111,96,146,142,170,227,113,143,172,226,100,243,107,138,160,185,117,185,44,194,157,48,211,36,33,122,255,223,243,255,20,70,0,175,70,0,255,199,0,255,40,183,108,255,255,0,0,255
173,19,173,132,205,104,116,70,160,219,99,129,91,154,55,134,118,114,155,130,38,255,110,91,65,161,147,143,126,167,112,105,62,99,65,131,86,26,151,55,58,132,82,92,196,178,145,147,101,227,179,131,115,149,120,119,169,113,97,164,219,121,72,242,159,175,135,140,162,175,63,142,153,250,52,65,0,203,73,70,85,131,93,133,186,87,134,159,190,165,165,182,101,70,211,255,63,202,177,227,188,57,52,86,0,89,134,213,227,194,158,56,0,146,25,61,99,185,78,42,101,108,125,78,255,2,50,255
163,11,182,136,195,104,99,85,125,184,121,117,82,131,76,169,125,79,172,136,0,255,105,108,64,153,139,210,136,42,128,105,114,84,148,126,128,121,143,53,128,148,75,112,189,152,125,67,101,213,140,51,160,121,129,133,255,41,179,189,219,89,77,216,165,200,205,0,249,209,120,174,150,255,142,133,23,249,142,171,49,1,150,155,140,202,23,156,200,214,129,197,167,132,229,255,64,110,63,246,248,11,132,47,0,42,206,177,141,198,201,0,0,174,24,46,255,225,57,132,11,99,62,188,216,27,0,255
172,11,179,101,188,124,115,85,122,179,119,135,89,152,24,145,88,95,166,121,25,255,118,123,48,138,123,174,154,65,101,53,171,28,228,87,18,95,136,0,78,158,103,121,222,170,180,109,115,140,175,122,182,162,101,121,255,65,117,149,240,85,52,255,143,255,166,23,216,239,98,153,175,255,129,57,54,255,162,161,13,0,155,134,90,145,52,158,129,194,127,215,132,26,142,255,0,184,107,255,177,0,51,91,22,72,238,255,162,186,114,0,0,146,85,130,12,252,0,49,96,255,30,92,93,0,0,255
177,13,174,109,189,123,127,103,122,207,131,113,122,166,29,155,97,81,184,131,12,255,105,105,54,141,140,144,180,63,100,70,127,41,180,88,45,89,153,0,103,195,115,114,188,167,155,83,118,120,177,48,160,148,122,122,241,26,141,185,255,86,53,222,118,239,124,16,218,231,169,131,187,255,89,72,78,255,179,134,40,94,143,98,128,107,60,188,171,113,161,224,65,133,181,221,0,136,133,255,183,67,87,54,27,53,255,245,255,226,198,17,0,138,19,138,49,236,0,67,94,208,25,216,204,0,0,255
176,10,162,126,188,121,101,73,138,190,150,107,125,171,53,128,102,82,167,124,27,255,113,113,36,168,125,134,177,65,113,72,165,38,212,78,49,149,163,0,128,201,119,131,209,180,176,75,89,133,157,80,185,135,112,151,236,57,135,196,255,68,99,255,117,255,190,10,194,204,149,99,176,246,76,70,76,255,178,180,42,89,221,147,115,145,81,219,134,202,91,213,96,95,150,227,67,152,161,230,172,40,101,85,33,100,210,255,184,254,160,0,3,153,24,207,69,175,103,167,83,180,0,188,213,0,0,255
174,18,172,126,198,113,136,79,130,246,110,120,114,176,51,169,129,76,181,123,21,255,90,112,51,130,141,143,149,91,119,77,106,41,160,147,96,67,174,51,113,164,105,82,155,143,121,93,110,187,222,74,95,179,163,138,221,48,112,150,225,128,117,212,153,226,107,84,239,149,89,140,185,255,30,51,69,251,124,93,7,111,131,127,192,109,192,170,229,90,113,215,78,152,230,255,15,250,172,255,170,27,130,6,33,74,165,171,255,233,235,40,0,190,62,72,103,238,68,101,147,104,154,164,255,0,0,255
165,9,177,111,191,107,99,74,114,181,143,129,73,157,81,124,133,70,159,118,23,255,92,127,38,132,115,156,136,66,111,81,128,79,187,131,58,151,146,17,108,147,102,104,167,160,180,103,65,193,128,112,157,120,173,113,238,45,125,156,215,69,72,238,146,255,177,0,223,215,88,123,194,255,111,145,23,242,171,142,41,72,150,116,99,167,83,195,141,178,143,246,124,110,125,255,54,113,88,251,233,18,165,87,58,122,194,255,209,216,170,0,58,182,138,38,104,226,0,156,70,191,0,136,223,63,0,255
172,12,175,95,191,131,112,90,114,187,121,154,86,175,46,131,91,81,184,128,4,255,94,117,36,141,130,187,141,55,120,36,179,25,212,92,2,159,149,0,64,177,113,127,181,167,203,118,88,178,166,122,176,137,152,93,255,56,112,189,255,97,44,255,151,255,220,0,255,202,133,79,179,217,125,72,65,237,169,120,7,67,163,131,75,104,186,234,126,190,132,201,172,67,109,245,2,169,117,220,191,0,140,81,27,56,236,255,146,255,44,0,16,140,62,79,72,210,0,30,111,175,33,104,149,0,10,255
174,9,178,97,183,130,116,97,128,154,120,140,97,185,54,117,80,88,193,114,9,254,82,114,47,125,150,187,163,46,102,61,154,31,192,64,5,159,169,0,88,180,92,110,133,178,188,84,91,135,113,76,162,122,153,120,255,36,131,211,255,50,30,255,133,255,244,0,206,181,167,109,185,174,129,85,101,248,189,142,31,88,192,93,88,120,104,197,121,212,90,196,127,40,190,184,20,176,142,221,201,85,75,82,14,49,255,255,231,255,116,0,0,153,62,187,50,163,0,44,83,232,0,208,137,0,0,255
170,8,171,115,185,102,94,93,122,190,125,121,78,170,65,131,109,44,162,79,12,234,128,110,8,108,123,118,148,49,93,74,158,58,209,98,7,172,162,0,111,131,76,85,133,187,195,78,57,115,141,69,189,135,122,85,255,45,106,207,255,33,56,255,100,255,191,0,246,255,107,122,205,255,163,88,51,255,201,133,0,101,166,139,102,128,86,204,90,175,110,218,87,92,182,217,92,165,115,240,190,5,139,91,8,21,249,255,208,234,208,0,35,116,64,88,147,227,12,121,66,170,0,255,255,0,0,255
184,18,157,123,218,129,140,79,136,215,123,105,159,175,26,130,153,107,151,142,36,255,68,74,45,156,166,169,124,126,134,119,136,58,152,144,60,71,233,50,131,203,134,111,236,150,132,92,63,195,229,73,149,184,142,133,182,41,66,205,197,166,182,255,193,255,115,57,253,92,108,108,142,212,36,42,36,248,100,105,61,170,143,162,138,129,219,189,161,192,85,185,128,121,134,255,0,233,251,255,77,16,182,0,77,144,122,243,127,220,59,220,50,59,70,47,16,181,197,173,110,227,164,11,171,0,49,255
176,7,163,108,182,113,128,88,92,227,140,118,131,108,64,137,86,74,170,150,7,255,112,90,66,162,131,171,193,83,87,102,148,65,144,108,47,109,91,0,114,207,143,163,216,147,134,79,114,134,182,154,206,126,126,130,207,55,106,213,253,104,0,224,114,255,140,60,195,229,190,23,245,192,64,55,48,243,222,111,35,60,164,106,158,158,122,255,245,143,197,255,63,181,154,145,36,245,112,137,241,0,150,102,0,0,187,209,255,230,180,26,75,255,84,82,170,231,0,19,128,193,66,103,255,0,6,255
164,2,169,108,162,83,88,101,103,171,151,93,97,100,49,118,102,72,140,124,0,251,124,18,117,76,137,196,168,62,137,136,151,71,140,143,112,87,104,0,207,197,122,67,133,233,92,61,85,110,222,55,247,159,140,83,255,2,81,212,214,15,30,204,89,194,69,16,126,187,136,118,213,194,4,32,15,255,141,146,93,0,227,134,165,153,27,81,144,127,146,196,37,109,101,255,77,158,56,146,211,0,37,102,0,30,255,112,128,255,118,45,59,237,91,20,244,255,0,209,105,212,0,152,101,39,100,255
159,0,190,98,167,118,107,121,162,95,152,74,102,191,103,95,103,164,221,110,7,177,127,102,121,149,217,123,164,241,152,111,155,71,91,132,118,115,0,26,184,240,0,236,74,255,208,191,210,136,179,46,177,177,110,95,255,24,146,136,198,210,0,241,207,0,169,130,188,118,38,255,224,208,127,0,94,255,71,123,41,23,201,156,124,186,15,129,255,255,0,190,255,150,157,35,23,6,255,181,255,138,233,225,125,224,255,255,255,129,23,196,0,0,255,10,31,236,69,114,227,255,91,255,115,84,0,255
