162,13,138,120,207,38,118,103,121,190,172,100,179,157,128,34,100,86,148,148,62,202,76,68,42,194,153,125,190,149,84,129,146,110,89,116,144,138,106,96,243,235,117,199,71,161,63,82,82,94,195,123,68,61,137,137,83,101,55,160,168,118,46,137,121,166,179,69,97,132,95,183,227,255,144,108,116,255,171,70,149,86,169,171,66,101,64,133,67,0,209,87,78,255,48,189,185,94,18,146,119,155,96,59,145,232,151,227,75,255,129,151,0,137,255,0,91,136,0,155,172,106,52,123,255,103,105,255
156,14,171,50,199,78,125,60,216,218,42,112,135,196,60,108,114,177,215,157,43,153,135,90,117,198,177,187,192,43,16,76,149,0,48,137,8,0,255,139,0,114,0,218,210,143,29,255,0,255,255,134,21,236,234,79,135,17,0,156,132,21,13,255,210,88,153,82,218,116,217,68,255,176,0,1,0,128,121,223,23,124,255,217,172,46,188,98,70,0,35,255,122,186,82,160,234,110,161,55,206,154,213,104,87,255,0,20,39,61,255,0,0,0,255,0,192,238,0,119,255,114,0,170,255,78,251,255
164,11,177,68,194,86,171,50,230,239,64,102,119,255,21,107,115,203,212,184,92,134,234,126,86,191,149,245,250,57,0,0,182,0,134,112,0,0,255,118,21,47,0,255,218,165,106,255,8,255,222,140,58,120,255,200,123,97,20,105,76,0,33,167,209,0,255,127,255,74,162,219,255,228,107,0,0,161,204,148,128,205,198,255,28,249,141,78,115,0,0,255,103,104,157,125,120,4,68,78,150,172,163,85,255,255,119,189,249,67,157,15,0,0,255,43,0,1,0,230,49,58,60,114,227,93,255,255
163,16,178,53,204,82,143,62,224,217,29,123,132,199,49,109,99,193,249,161,63,140,167,50,106,183,137,208,219,3,0,9,176,42,92,134,0,0,255,163,0,33,5,232,255,114,0,255,0,255,255,196,16,229,253,105,154,95,0,96,60,61,61,255,235,165,150,110,221,169,154,35,255,138,16,0,0,0,58,255,45,152,255,255,222,39,170,58,0,0,32,255,0,199,48,236,255,42,234,27,218,160,225,163,96,255,51,0,82,87,200,0,0,0,255,0,138,255,0,68,255,195,0,63,255,126,255,255
154,3,166,75,178,50,115,61,206,192,68,100,154,179,64,67,74,158,191,163,19,171,147,121,59,209,110,115,233,141,7,88,129,23,29,110,82,34,255,155,20,255,40,202,147,194,36,216,25,255,187,109,0,77,198,128,83,97,0,147,94,0,27,248,174,0,170,27,205,68,248,175,255,255,6,0,0,220,216,198,17,23,255,200,242,44,255,228,72,0,0,255,251,152,68,141,135,20,239,129,9,151,94,113,255,203,68,144,138,186,255,255,105,27,161,0,151,255,0,217,113,128,18,85,146,80,255,255
151,12,137,99,225,23,126,116,144,199,141,145,199,214,81,0,47,85,146,157,63,200,98,46,62,116,212,131,102,128,143,25,138,23,0,142,222,209,38,199,159,255,105,10,69,182,96,110,59,153,232,0,0,65,59,55,127,28,67,120,153,118,8,204,218,125,236,69,61,0,105,184,220,255,253,106,123,255,147,227,124,69,159,213,121,14,89,0,18,0,111,209,74,255,18,190,225,51,162,255,0,204,255,71,15,255,255,194,172,255,121,255,36,12,255,0,169,1,0,77,162,140,0,100,255,255,0,255
150,12,142,100,220,22,121,132,133,210,179,150,207,223,102,0,86,82,136,114,89,209,97,90,98,85,197,117,124,137,103,76,182,66,0,115,193,154,110,219,183,255,72,54,80,139,68,89,0,120,196,0,26,138,24,17,124,0,140,208,153,126,2,162,188,157,255,67,86,56,82,163,182,255,245,169,156,234,125,236,51,76,178,155,139,15,79,80,54,0,153,99,117,255,0,221,222,24,177,255,74,172,255,86,71,255,255,189,247,255,135,247,63,0,255,0,125,99,0,20,112,117,0,62,255,202,0,255
149,10,143,92,237,48,116,135,151,194,168,153,198,201,101,0,48,84,125,120,56,191,71,117,75,93,200,89,107,156,139,97,188,89,0,129,166,187,62,190,136,255,116,52,74,164,34,119,15,131,200,0,0,130,66,12,67,27,100,197,179,31,9,164,136,103,247,46,104,77,121,232,181,244,255,79,109,221,121,255,51,47,253,149,176,45,147,95,47,0,134,116,155,255,0,255,203,0,255,255,93,209,255,70,143,255,255,211,216,255,169,255,148,76,255,40,94,48,0,112,166,49,0,47,255,141,0,255
158,4,200,13,217,125,142,15,236,255,18,141,85,255,128,205,59,255,255,221,163,18,225,154,121,245,125,255,255,28,0,0,244,0,30,0,0,0,255,251,0,76,0,255,255,53,51,255,0,255,255,255,0,253,255,155,57,57,0,137,67,0,0,255,255,173,255,233,255,137,223,255,140,0,0,36,0,51,74,255,0,0,255,255,160,0,255,38,108,0,0,214,0,7,0,241,146,187,206,0,0,255,255,0,255,255,0,102,255,101,192,7,0,0,255,96,95,178,0,198,255,255,0,0,255,0,255,255
157,7,200,8,225,128,141,6,242,255,0,179,80,255,146,234,35,255,255,217,200,4,208,131,188,219,146,255,255,0,0,0,255,0,0,0,0,0,255,255,0,43,0,255,255,25,0,255,0,255,255,255,0,255,255,171,38,61,0,221,81,0,0,255,255,130,255,255,255,211,235,255,125,0,0,4,0,0,0,255,0,0,255,255,208,0,255,0,118,0,0,223,0,149,0,255,253,125,255,0,0,255,255,0,255,255,0,213,178,83,144,14,0,0,255,50,70,80,0,150,255,255,0,0,255,0,255,255
159,6,189,32,210,119,158,19,233,255,25,133,106,255,97,172,59,255,255,213,163,40,255,113,111,234,102,255,255,31,0,0,213,0,67,0,0,0,255,237,0,65,0,255,255,40,37,255,0,255,255,255,0,221,255,180,56,43,0,151,85,0,0,255,255,162,255,211,255,142,152,255,160,0,0,12,0,54,62,255,0,0,255,255,136,51,255,35,178,0,0,255,0,103,0,142,169,91,90,1,0,255,236,0,255,255,0,156,231,95,141,0,0,0,255,76,0,0,0,189,222,255,0,113,255,0,255,255
155,8,180,54,207,90,109,56,246,229,56,84,133,218,69,98,120,189,225,160,80,94,165,141,102,204,207,177,199,42,0,80,199,0,78,0,25,0,255,157,0,153,0,248,151,166,174,255,0,255,255,213,31,150,247,109,82,1,0,214,84,52,37,255,195,29,226,175,255,88,255,148,255,131,0,0,0,196,200,255,0,52,255,149,213,68,82,85,0,0,0,255,171,109,72,160,178,91,158,0,69,158,206,4,255,255,29,56,134,103,205,42,0,0,255,53,144,168,0,188,156,115,0,46,255,130,172,255
173,12,146,114,202,65,110,125,127,172,165,74,136,126,131,69,124,128,133,154,33,234,81,93,81,170,135,164,210,140,129,128,121,116,140,132,160,90,140,75,190,218,104,190,116,153,72,93,92,121,143,180,106,121,141,135,95,81,88,216,186,125,87,178,124,216,133,76,98,141,98,143,206,204,68,143,121,179,158,89,134,135,190,95,48,141,124,216,80,112,165,82,66,187,120,154,120,108,87,114,168,82,71,52,160,174,143,208,116,172,128,118,87,150,151,71,98,195,24,149,154,167,71,112,203,57,36,255
157,9,164,71,209,87,108,99,184,213,109,73,134,212,87,56,157,123,126,179,72,131,82,120,89,205,221,184,192,135,69,101,180,39,79,163,111,107,204,38,145,124,0,187,77,170,175,115,60,212,170,132,80,99,158,83,114,43,133,205,130,160,0,141,147,84,196,58,121,31,172,163,211,255,64,100,71,236,95,102,36,65,166,165,111,79,111,161,91,68,172,255,168,183,114,171,78,22,33,223,140,78,32,46,215,255,68,225,220,149,95,125,126,153,186,54,140,144,0,220,198,9,179,70,174,0,43,255
153,3,172,50,199,86,105,53,238,216,66,85,122,239,52,95,134,168,224,190,46,123,131,133,103,234,195,191,226,113,0,82,184,0,57,32,38,0,255,99,0,164,0,218,168,193,153,255,0,255,253,111,0,147,208,123,115,100,0,172,82,78,0,254,212,0,190,132,198,32,255,201,251,251,17,0,0,168,204,255,0,95,246,229,220,43,161,79,55,0,0,255,223,129,118,127,89,74,95,110,84,165,96,95,255,255,0,113,138,44,211,216,58,0,255,75,200,255,0,255,255,63,63,104,131,0,128,255
159,14,172,65,201,95,128,60,221,226,73,90,136,233,51,119,126,187,244,200,50,143,166,90,90,217,166,196,239,48,0,37,145,0,84,118,0,0,255,126,0,129,0,194,193,117,91,255,0,255,255,190,35,199,255,175,135,62,0,119,127,6,0,255,174,145,125,41,230,148,176,167,255,178,0,0,0,118,130,212,0,70,255,255,210,112,177,85,73,0,0,255,71,243,95,99,217,0,144,71,196,255,109,67,253,255,74,127,104,53,197,0,0,0,255,49,99,45,0,151,254,144,90,106,255,13,146,255
160,12,160,90,191,95,99,69,188,200,76,66,112,162,80,80,96,177,180,141,61,153,136,119,110,182,158,159,153,119,79,157,151,79,55,93,72,40,121,82,18,178,0,160,148,154,99,137,0,255,161,159,104,128,117,152,191,66,0,217,150,56,105,255,200,57,177,181,143,141,179,153,227,201,89,14,1,230,249,110,110,136,180,142,121,140,135,146,167,103,92,255,189,127,179,129,107,121,145,134,220,135,65,15,104,255,187,197,198,192,200,180,15,108,156,5,100,66,0,195,97,167,24,151,255,36,129,255
160,14,151,98,190,79,91,61,182,201,117,78,111,172,67,72,136,143,155,158,49,193,132,123,94,168,168,138,164,153,55,140,136,23,95,68,108,49,135,76,34,146,2,123,146,128,112,130,65,255,175,171,98,124,179,165,202,48,0,207,153,33,10,254,168,32,152,136,109,126,197,148,255,223,70,66,0,197,161,124,109,123,166,149,127,115,164,165,161,19,97,255,136,134,105,228,94,87,147,129,171,84,24,19,166,255,112,255,205,215,179,108,7,137,145,8,97,112,0,255,107,190,0,98,220,33,198,255
152,4,164,62,187,69,142,82,210,242,117,75,150,255,24,46,179,132,149,220,90,163,145,72,133,215,136,239,255,216,0,14,167,0,115,171,66,59,255,151,102,185,0,217,83,168,206,152,99,255,149,3,64,100,255,157,130,81,91,75,115,167,0,118,199,0,230,0,239,58,162,213,255,255,113,5,0,255,133,255,12,20,174,255,103,0,255,230,142,53,0,255,255,144,155,0,67,0,112,255,248,32,111,149,255,255,43,241,250,12,194,123,13,26,137,117,23,64,0,255,203,0,255,0,138,0,0,255
149,1,165,61,189,68,113,69,231,229,90,101,147,251,31,32,155,133,137,198,59,154,116,104,141,232,169,187,247,182,0,79,156,0,77,112,122,76,255,114,72,205,0,154,128,160,186,197,27,255,206,32,0,115,216,98,96,76,17,185,117,73,0,136,209,0,200,64,143,0,238,255,255,255,118,18,1,220,221,237,0,1,177,251,247,6,255,177,64,0,33,255,255,209,130,27,103,0,98,255,138,53,53,127,255,255,34,165,235,79,141,255,86,115,136,126,89,78,0,255,161,57,179,93,82,0,80,255
154,9,170,43,203,101,121,69,219,239,46,131,123,254,78,130,107,240,255,201,72,132,86,92,127,217,145,255,225,87,0,47,145,0,20,125,14,0,255,85,0,123,0,247,238,106,85,255,0,255,255,149,0,196,255,152,140,135,0,195,172,76,0,255,223,80,213,88,249,131,182,169,221,130,5,0,0,66,113,255,0,25,255,255,198,0,255,32,73,0,38,255,122,212,123,157,156,99,212,133,184,255,148,54,238,255,0,179,100,0,255,166,0,0,255,16,184,255,0,226,255,109,0,123,194,0,171,255
157,16,177,46,214,91,116,51,212,219,44,101,130,215,68,129,119,190,254,182,72,124,132,102,110,235,175,216,238,61,0,35,152,0,13,99,32,0,255,192,0,140,0,250,212,126,50,255,0,255,255,185,31,255,255,111,130,55,0,101,119,2,16,255,249,95,149,89,255,133,255,58,255,128,0,0,0,85,132,255,34,47,255,250,187,43,186,56,109,0,20,255,78,111,20,148,255,213,175,64,131,193,168,73,104,255,41,8,94,65,249,45,0,0,255,53,253,149,0,168,255,195,0,86,255,57,197,255
159,13,177,43,208,96,146,67,203,240,54,108,149,222,40,115,112,238,217,214,77,133,175,98,98,201,128,229,255,84,0,20,136,0,84,174,0,0,255,195,0,168,0,239,168,90,51,255,0,255,255,188,27,208,255,127,134,37,17,111,146,0,0,255,160,119,172,15,255,76,197,148,255,168,0,0,0,93,122,255,21,0,255,255,26,26,244,158,217,0,0,255,125,111,40,90,239,133,143,134,183,229,172,32,188,255,0,152,206,66,220,0,25,0,255,66,95,14,0,228,255,237,36,189,255,16,143,255
157,14,182,42,213,106,127,45,212,236,43,103,120,224,101,152,100,233,244,181,85,101,171,123,93,212,182,202,237,32,0,50,190,0,24,57,0,0,255,201,0,146,0,250,186,108,46,255,0,255,255,212,50,255,255,119,103,0,0,153,119,0,27,255,199,118,201,148,255,102,246,126,255,111,0,23,0,173,80,255,3,3,255,198,140,58,191,65,117,0,0,255,109,129,5,161,226,197,178,42,76,231,224,16,136,255,0,43,117,107,204,0,0,0,255,25,136,90,0,114,255,218,0,88,255,0,236,255
168,21,162,67,219,107,101,103,149,241,113,147,66,159,148,145,143,178,123,191,75,255,130,50,48,255,143,231,222,176,113,51,115,85,110,152,133,107,144,81,139,228,70,133,80,100,238,208,161,127,117,234,94,62,255,147,152,68,29,125,226,145,0,197,62,167,170,75,227,64,136,204,255,179,177,140,12,91,132,114,163,133,201,54,9,101,195,138,44,196,121,255,183,127,25,255,0,204,153,255,89,0,18,0,106,255,131,255,72,207,0,0,30,79,0,0,109,117,0,107,227,128,0,146,249,0,5,255
154,6,160,53,208,84,130,85,199,215,74,110,138,217,29,83,149,135,126,176,69,171,116,87,112,218,163,178,214,111,18,76,145,20,87,126,54,59,251,113,84,186,0,137,86,94,129,198,53,255,168,97,21,113,223,141,134,52,42,160,140,92,0,212,147,0,150,41,184,67,213,141,255,209,118,0,0,224,164,255,0,73,231,173,104,73,121,160,57,0,13,255,243,78,92,143,117,34,228,220,232,43,90,27,255,255,52,209,174,135,188,232,114,31,217,0,98,73,0,253,116,78,108,119,137,64,25,255
157,3,161,91,196,91,57,101,173,199,109,79,120,201,108,58,127,119,138,163,0,168,59,165,134,224,171,132,109,207,137,126,164,55,60,87,139,119,145,0,109,183,27,177,155,148,255,97,47,155,110,131,31,160,143,99,181,117,102,181,171,191,51,150,136,61,199,69,150,108,125,197,219,255,111,68,82,255,168,147,0,41,191,178,163,50,232,192,150,84,124,255,150,195,189,146,8,97,0,242,198,197,59,39,187,202,134,214,233,129,173,142,255,170,161,98,165,236,0,231,255,172,212,27,255,0,0,255
174,8,146,98,213,74,76,128,146,175,153,52,120,146,102,36,108,233,194,190,0,209,97,174,69,156,149,186,128,74,187,132,107,86,142,132,145,117,180,129,122,175,39,144,123,162,133,99,120,113,132,97,127,82,87,150,129,111,110,207,137,124,113,102,167,167,84,115,145,132,141,111,131,189,128,150,130,137,95,161,97,187,151,129,89,107,137,199,139,89,67,134,90,118,109,167,88,58,116,201,205,126,117,113,113,186,83,119,173,131,174,129,67,143,75,65,153,187,39,215,104,117,97,96,176,148,71,255
150,0,164,92,180,69,75,87,139,202,133,100,131,127,150,41,100,114,226,133,44,155,149,99,64,193,173,124,186,170,74,98,163,103,54,53,66,16,163,52,93,255,120,243,184,221,140,199,34,224,161,66,85,180,115,0,190,99,0,224,111,93,6,245,204,36,194,95,255,142,110,91,104,255,39,135,0,255,169,174,80,100,255,134,124,72,197,171,185,36,58,133,146,141,0,234,84,124,82,168,137,127,255,59,210,144,240,59,222,158,255,195,208,0,255,0,236,255,0,234,3,73,68,160,171,58,227,255
150,1,154,57,190,75,98,57,190,198,77,86,129,207,80,66,128,152,171,133,66,157,121,105,112,188,155,140,156,142,32,98,149,31,79,59,78,0,255,83,0,147,3,121,142,160,154,206,0,255,160,78,0,108,191,84,182,0,1,158,77,89,5,255,219,30,182,122,189,14,200,59,186,242,10,57,0,224,170,255,0,96,239,89,170,32,211,185,145,36,33,218,191,20,92,189,0,153,194,209,152,92,187,0,110,255,79,53,240,131,255,218,137,43,180,19,227,255,0,255,72,72,0,124,100,0,177,255
143,0,157,55,179,61,62,49,220,191,80,92,117,200,109,41,81,171,188,168,30,114,98,129,120,164,222,151,150,151,0,143,193,0,28,14,121,0,255,42,0,225,0,130,149,205,164,228,8,255,200,34,0,164,181,108,148,66,0,255,87,50,0,255,238,0,226,149,177,0,255,93,198,255,0,0,0,211,249,255,0,55,237,20,204,0,255,164,112,41,0,148,255,106,194,126,0,72,151,230,86,129,161,33,248,255,28,92,168,79,255,238,255,74,195,111,255,255,0,255,87,95,37,87,139,0,255,255
146,0,161,60,186,76,61,59,188,205,110,76,119,185,126,55,127,171,171,158,36,145,138,169,107,183,212,113,120,131,0,133,210,33,82,13,102,0,203,89,0,202,0,139,114,208,205,232,0,255,193,47,16,145,122,82,165,15,0,241,39,70,0,255,212,0,203,167,231,0,255,47,185,209,0,45,0,255,183,255,0,75,188,9,192,3,236,132,201,69,0,160,255,76,53,141,20,130,160,157,102,100,238,0,113,255,24,87,246,117,255,168,255,140,204,86,255,255,0,255,76,136,23,84,233,0,255,255
149,1,169,69,192,75,56,58,189,182,96,89,115,155,125,58,80,176,191,153,23,118,116,149,112,187,222,80,134,167,2,121,222,25,53,12,117,0,199,74,0,213,0,170,158,176,178,201,0,255,190,129,0,156,167,74,152,46,0,239,72,104,0,255,255,0,244,140,246,6,226,72,195,242,0,103,0,207,221,192,12,117,231,53,213,2,212,141,150,37,20,200,217,92,71,154,51,105,153,118,30,111,245,10,204,232,86,83,242,64,255,229,255,0,219,78,255,255,0,255,155,125,54,81,68,27,145,255
148,0,149,77,178,47,71,85,156,174,140,93,148,160,153,40,63,126,140,139,21,167,107,97,75,142,218,111,167,140,38,169,197,63,124,113,189,43,98,66,96,245,25,155,72,220,133,134,77,190,158,5,13,114,104,69,189,97,24,255,171,73,0,255,157,64,183,26,171,12,222,84,255,255,0,78,18,210,223,172,0,53,255,6,180,37,236,158,97,120,10,118,255,152,51,255,15,39,133,233,192,86,237,82,210,255,97,99,167,255,255,206,255,61,209,43,255,255,0,255,23,52,101,162,151,0,255,255
150,0,151,77,176,58,72,85,166,189,130,68,153,187,127,40,89,152,155,148,24,161,131,120,122,141,208,126,158,156,65,149,158,54,131,135,149,39,152,77,70,188,19,129,89,233,153,174,35,251,198,16,50,112,174,71,218,72,24,232,166,115,0,224,216,46,179,52,154,16,213,93,215,255,35,33,21,209,255,205,0,64,214,41,165,72,246,142,132,119,8,137,248,159,144,125,15,35,128,241,197,146,214,84,164,255,126,38,204,255,255,211,218,112,203,82,255,255,0,255,99,40,106,131,196,0,227,255
151,0,152,80,181,65,53,88,158,184,136,73,164,179,149,40,86,151,159,130,36,163,131,134,125,175,201,96,131,156,37,153,166,100,112,74,158,55,148,113,88,182,46,144,75,178,176,166,21,241,172,56,35,73,149,81,164,105,45,255,164,87,0,244,206,59,223,61,127,35,201,87,214,255,0,121,21,177,192,192,31,88,204,5,202,59,254,186,127,125,46,115,253,104,41,175,32,15,134,195,135,106,225,22,146,255,131,57,227,241,255,224,225,96,112,38,255,255,0,207,90,127,149,116,134,0,255,255
