175,8,146,96,214,76,77,129,148,174,151,51,120,147,101,35,109,238,196,193,0,208,99,177,69,152,150,185,123,68,193,131,106,82,139,130,139,120,184,136,115,174,31,144,123,163,132,92,123,110,126,93,129,77,86,150,125,106,113,206,130,121,121,97,174,168,81,124,144,135,146,112,127,188,138,154,132,137,93,168,100,193,152,130,91,102,138,202,146,88,63,145,95,112,110,171,88,50,122,210,207,121,120,114,106,182,84,114,170,130,178,136,67,136,72,55,147,184,48,216,101,116,100,83,170,147,69,255
175,8,146,96,214,76,77,129,148,174,151,51,120,147,101,35,109,238,196,193,0,208,99,177,69,152,150,185,123,68,193,131,106,82,139,130,139,120,184,136,115,174,31,144,123,163,132,92,123,110,126,93,129,77,86,150,125,106,113,206,130,121,121,97,174,168,81,124,144,135,146,112,127,188,138,154,132,137,93,168,100,193,152,130,91,102,138,202,146,88,63,145,95,112,110,171,88,50,122,210,207,121,120,114,106,182,84,114,170,130,178,136,67,136,72,55,147,184,48,216,101,116,100,83,170,147,69,255
179,29,206,112,189,57,90,128,119,238,139,93,106,85,108,73,126,137,160,155,87,248,79,105,30,166,74,173,121,137,135,214,54,185,103,164,139,123,152,162,240,242,47,199,198,165,30,111,55,185,217,163,165,101,122,139,160,77,49,255,255,198,10,255,174,223,76,51,141,177,80,118,159,255,90,211,159,183,111,127,41,85,179,83,78,131,45,200,0,255,255,183,208,125,211,255,0,24,77,210,164,84,157,87,4,163,126,41,125,183,81,0,162,129,112,0,41,255,0,28,53,107,0,34,255,141,86,255
181,32,220,120,178,43,76,108,111,255,135,75,142,31,45,8,102,126,222,153,91,252,108,49,3,203,42,120,35,19,51,236,66,199,91,160,179,68,81,179,255,214,34,208,195,223,71,90,87,98,184,74,198,85,107,174,159,126,74,255,168,152,0,255,152,238,105,0,159,87,64,49,120,96,100,231,224,112,0,218,0,158,255,36,141,104,20,195,0,123,255,207,228,174,236,255,0,0,100,255,78,78,252,54,22,73,182,58,106,136,114,50,253,117,56,83,7,255,0,213,0,0,34,0,179,221,44,255
191,37,255,117,182,43,89,115,105,243,158,54,143,51,16,33,82,204,252,128,127,211,85,3,4,221,43,141,52,0,61,255,43,148,113,174,96,102,84,179,192,184,0,183,187,215,132,87,159,119,210,46,229,137,121,180,180,0,114,255,133,160,0,255,253,228,87,0,197,0,95,0,129,20,88,195,255,34,0,212,0,147,255,0,158,62,0,227,0,114,255,213,255,255,194,255,0,0,226,255,70,194,255,144,0,28,214,69,41,237,103,25,181,143,17,217,3,255,0,255,20,36,94,0,180,249,0,255
195,36,235,129,193,60,93,87,92,234,143,79,174,79,10,42,79,193,165,122,47,241,123,66,0,245,0,185,105,8,109,226,0,115,112,191,167,57,102,148,204,128,20,141,202,211,30,117,78,115,100,68,255,195,170,182,101,40,27,255,128,122,0,255,224,156,67,17,128,60,144,21,62,124,126,221,255,190,0,254,0,153,255,48,64,49,0,56,0,97,150,255,255,88,255,255,0,0,188,160,230,232,241,173,0,102,158,205,219,149,0,162,190,255,235,255,73,255,0,228,56,0,214,0,18,255,206,255
185,42,223,155,215,57,69,82,112,158,139,58,158,101,12,60,126,214,109,96,17,220,156,78,18,255,55,178,145,60,183,225,0,138,136,183,192,7,107,64,136,137,99,130,125,186,70,64,50,146,99,140,233,217,79,138,130,0,43,255,159,126,0,136,255,183,130,75,194,102,119,56,91,142,49,124,255,158,41,223,0,54,222,159,5,98,75,103,0,49,133,163,246,171,255,255,0,0,210,175,247,102,255,210,0,205,38,159,145,255,121,255,173,255,173,255,157,255,0,255,87,0,23,74,169,51,0,255
187,37,216,154,207,73,78,78,120,212,114,78,153,97,48,51,112,181,155,117,30,255,171,68,0,218,15,213,103,1,125,208,0,163,130,158,187,65,96,109,209,89,65,181,188,139,66,131,85,172,97,88,246,178,81,152,69,19,57,255,175,175,8,178,198,176,125,62,67,72,158,81,83,126,55,239,255,219,2,255,0,109,243,123,49,103,46,72,0,0,92,251,241,147,255,255,0,0,147,203,152,157,202,237,18,99,103,169,148,151,0,211,180,255,84,255,89,255,0,172,0,0,225,0,145,200,117,255
191,41,237,160,210,61,46,105,143,204,168,71,121,84,41,52,126,167,181,80,23,255,122,86,0,217,0,191,101,12,137,255,0,165,155,141,140,54,99,124,153,195,64,138,133,240,88,120,76,235,123,65,255,146,76,118,16,0,29,255,170,234,6,221,188,159,77,35,197,59,160,73,102,147,0,255,255,167,0,157,0,137,217,22,93,190,30,54,0,57,92,255,255,131,255,255,0,0,229,203,132,213,183,255,32,176,159,121,233,247,0,72,181,255,198,255,25,255,0,68,116,0,106,0,222,188,109,255
192,41,240,144,209,49,67,91,120,218,160,73,165,72,18,63,81,214,158,63,42,231,168,76,11,255,3,158,100,28,112,255,0,122,131,187,136,66,98,107,147,144,0,146,153,221,57,97,103,160,181,131,255,163,94,118,80,7,41,255,113,208,0,217,221,195,108,0,190,70,131,74,38,93,10,225,255,175,0,181,0,147,225,58,39,146,0,95,0,81,144,216,255,181,255,255,0,0,234,234,126,177,255,232,0,164,141,166,163,203,0,185,239,255,232,255,90,255,0,149,115,0,201,0,113,255,100,255
184,40,218,150,227,51,85,106,109,188,124,76,159,90,0,50,132,207,116,112,18,235,183,42,23,255,33,155,114,66,135,214,6,133,117,222,169,76,114,34,216,99,79,187,146,221,40,120,45,163,87,174,234,240,83,178,126,7,58,255,167,103,0,123,226,217,105,48,92,56,126,69,79,151,55,109,255,91,16,163,0,11,211,109,0,182,6,94,0,17,132,139,255,107,255,255,0,0,70,178,147,15,230,236,0,223,49,99,122,91,185,255,205,234,227,255,180,255,0,255,99,0,95,53,187,94,60,255
188,43,218,151,211,66,63,85,100,231,137,76,126,107,69,66,147,198,183,111,44,255,116,92,9,180,40,181,125,71,137,187,19,147,142,152,140,87,66,83,170,173,45,229,198,158,90,174,123,197,177,97,150,185,140,141,115,9,56,255,185,183,0,205,175,161,82,79,179,63,185,90,140,124,56,237,255,183,51,175,0,135,232,131,0,80,96,125,0,53,104,220,255,108,230,255,0,0,157,208,146,152,255,232,0,140,85,159,191,134,40,153,217,255,181,226,99,255,0,105,57,18,111,49,145,189,176,255
187,47,226,149,225,49,60,79,89,223,115,78,128,152,41,82,144,206,146,109,36,255,145,92,59,200,45,200,160,38,147,148,59,99,92,199,187,69,97,44,121,117,70,255,209,160,74,179,127,216,141,142,157,255,61,163,114,0,84,255,224,153,0,173,175,191,68,68,214,42,136,70,158,129,58,198,255,68,23,136,0,67,223,158,0,41,102,151,0,44,87,119,255,84,242,255,0,2,110,133,142,114,255,246,0,160,85,122,99,190,205,240,228,255,164,255,215,255,0,141,96,66,150,27,82,168,84,255
185,39,213,142,212,65,71,76,115,211,120,68,132,93,54,66,138,212,163,105,52,255,135,84,25,168,44,192,130,54,143,195,33,153,110,168,169,58,50,120,197,170,85,210,187,147,106,118,89,175,150,137,138,195,104,129,150,18,75,255,188,211,0,199,171,194,90,59,158,95,152,106,119,182,99,189,255,155,79,172,0,122,235,133,0,62,85,124,0,50,152,192,255,131,240,255,0,0,145,186,175,67,232,173,0,136,101,186,130,143,105,158,225,255,111,199,76,255,0,184,1,22,89,10,202,145,106,255
188,41,221,146,208,64,60,83,105,228,123,73,132,96,63,78,129,213,166,108,56,255,124,96,21,185,34,183,123,59,122,190,19,155,137,174,183,77,50,97,169,177,37,255,219,144,98,129,137,189,207,142,144,178,120,131,149,11,52,255,175,226,3,219,172,180,55,40,190,130,145,113,111,148,55,234,255,155,40,174,0,114,223,109,0,61,72,112,0,93,152,188,255,133,255,255,0,0,154,168,148,91,239,201,0,121,79,163,155,124,59,156,211,255,168,220,140,255,0,67,83,23,90,0,182,209,176,255
187,40,221,145,211,50,62,87,130,190,173,64,159,77,22,48,94,170,160,105,21,253,154,73,56,242,7,188,122,54,150,231,0,103,116,158,153,40,87,105,155,167,47,147,151,206,59,64,26,174,93,131,230,190,25,98,122,63,57,255,192,191,0,219,177,206,131,33,195,76,162,96,91,183,14,162,255,96,56,224,10,105,209,89,78,194,0,63,0,41,114,204,255,172,255,255,0,0,202,238,255,145,220,176,0,167,190,166,210,183,72,178,226,255,207,255,49,255,0,217,95,0,132,0,154,200,63,255
184,42,210,151,231,53,81,56,95,162,141,88,168,121,11,25,168,211,105,128,16,229,217,70,46,240,62,172,166,45,167,208,36,80,54,226,175,63,101,0,168,62,86,103,190,171,62,150,80,155,64,164,155,255,14,179,99,0,79,255,248,92,0,59,229,191,81,131,139,40,94,67,92,107,98,111,235,33,56,202,0,0,105,121,0,90,90,151,2,67,68,59,223,83,255,255,0,0,150,108,236,0,249,179,0,174,92,173,81,168,255,255,97,227,136,255,101,255,0,255,172,0,132,72,56,90,0,255
191,43,219,169,206,36,79,66,78,176,119,68,121,139,0,30,121,211,7,127,46,210,156,53,39,255,46,141,103,113,162,191,20,97,145,206,255,37,115,0,99,64,118,154,208,159,4,138,120,139,115,146,186,255,58,170,170,0,9,255,189,187,0,64,252,102,91,127,214,109,73,41,108,133,7,83,176,148,53,124,0,27,137,200,0,130,219,141,4,88,127,36,255,228,255,255,0,52,255,141,255,68,255,145,0,254,0,187,255,255,64,255,204,221,91,255,175,251,0,255,255,0,83,0,178,0,0,255
188,43,215,152,213,62,83,84,91,197,111,56,135,129,47,76,119,212,103,131,56,222,124,67,18,232,51,183,95,82,142,158,43,143,172,195,207,82,89,65,138,139,60,200,145,167,62,132,96,177,139,99,179,217,104,144,161,0,62,255,196,137,6,142,206,153,142,75,211,100,116,94,136,145,48,173,255,193,92,161,0,71,175,180,4,87,152,153,0,14,137,160,255,163,255,255,0,0,188,157,217,159,255,198,0,218,0,135,203,225,53,255,191,255,190,255,161,255,0,244,117,0,98,54,207,52,74,255
185,39,215,148,213,64,89,71,106,177,128,78,151,114,35,50,130,209,79,110,54,216,128,66,0,255,45,153,115,109,132,201,20,154,153,194,206,48,90,75,192,133,46,138,141,215,79,124,63,137,138,108,204,238,97,151,176,0,56,248,163,103,0,112,255,140,112,41,140,112,127,81,74,166,47,134,255,173,77,155,0,61,193,108,9,115,64,97,5,0,166,137,255,189,255,255,0,0,140,204,225,69,235,228,0,218,5,156,206,196,100,255,192,196,189,255,138,255,0,255,136,0,41,70,242,110,88,255
190,48,216,153,222,77,73,62,62,210,141,96,163,163,66,78,132,249,84,163,22,255,154,97,77,202,96,234,178,102,164,44,78,129,132,150,203,94,89,17,127,132,70,198,243,152,100,217,164,154,156,110,102,255,46,196,140,0,61,255,255,115,0,115,235,100,179,103,251,90,153,75,154,170,70,146,253,99,81,214,0,0,218,184,0,40,211,58,56,42,75,176,255,159,225,255,0,89,236,115,255,39,255,255,0,186,0,255,182,255,115,255,96,204,161,255,208,255,0,255,96,0,177,162,157,62,166,255
193,45,229,157,221,59,60,64,94,176,148,73,160,140,23,46,120,249,80,153,15,255,239,20,98,255,89,230,155,32,141,121,37,72,83,167,255,111,120,4,133,53,100,176,197,127,98,147,103,133,136,162,130,223,0,136,59,0,85,205,255,145,0,46,220,120,184,107,124,28,207,38,74,126,0,186,246,46,0,222,0,0,203,200,0,159,166,0,6,0,15,212,255,255,255,255,0,93,255,120,236,90,255,255,0,105,30,234,194,244,137,255,40,255,79,255,244,255,0,255,206,0,255,39,93,142,0,255
186,46,220,165,247,59,59,93,122,153,130,68,148,114,0,73,134,230,77,92,0,251,192,50,70,255,91,202,160,107,169,165,12,97,155,202,195,83,92,0,137,98,43,163,101,210,137,149,34,205,110,135,181,254,16,97,104,0,89,243,185,132,0,72,196,237,170,95,161,91,142,44,131,204,0,97,205,66,90,183,0,0,211,117,0,194,104,95,60,0,73,86,255,117,255,255,0,59,145,191,188,94,255,255,0,169,29,185,157,146,255,255,127,221,187,255,183,255,0,255,130,20,77,136,233,37,103,255
183,37,201,155,211,58,75,81,90,209,98,75,141,111,47,54,143,181,102,130,37,249,145,63,13,221,54,175,98,76,135,154,54,148,147,171,232,65,97,83,211,120,97,191,195,179,64,159,62,154,98,124,166,249,98,177,141,22,27,255,175,127,0,111,158,133,120,84,130,113,150,93,117,149,98,197,255,199,87,169,0,74,211,133,0,75,65,110,20,0,146,161,239,103,255,255,0,0,88,160,191,78,206,199,0,142,1,120,166,136,77,233,229,246,179,255,174,235,0,238,49,0,152,94,189,91,107,255
179,42,194,176,244,59,41,113,138,204,91,35,95,146,106,75,170,135,148,135,2,255,63,52,87,169,99,181,178,80,166,115,63,165,144,152,133,63,83,124,149,171,124,183,122,211,129,167,59,255,97,102,63,202,57,110,59,23,96,179,149,193,52,125,56,220,113,131,173,117,175,75,255,213,33,171,255,117,127,165,0,157,186,61,0,92,147,168,145,54,132,80,255,64,239,215,32,0,24,117,114,202,84,236,24,169,104,93,116,196,169,166,154,255,54,75,183,136,0,126,0,241,0,208,242,40,86,255
179,41,210,149,236,70,67,97,133,225,106,99,145,128,34,75,164,171,176,103,0,255,130,62,75,171,30,223,129,90,158,145,76,131,118,193,183,125,112,69,231,129,133,255,188,161,89,122,59,209,142,112,158,221,79,199,59,0,83,255,219,141,0,207,175,240,128,69,136,71,146,105,157,190,56,117,248,77,48,134,26,40,255,187,0,55,52,63,18,36,196,190,219,40,155,187,40,0,22,97,81,79,146,255,0,135,47,95,205,181,255,145,203,255,125,159,239,255,0,164,0,149,122,36,239,143,241,255
189,44,216,144,214,68,78,67,60,255,108,102,139,148,63,70,130,225,137,135,66,255,125,95,39,153,41,201,144,86,139,100,96,127,127,152,187,90,109,55,202,137,70,255,255,155,69,234,186,149,213,140,132,255,131,186,162,0,56,255,192,129,23,192,130,89,98,74,211,85,173,116,144,153,161,189,255,174,40,96,0,37,255,120,0,0,102,139,0,50,163,199,255,101,249,255,0,0,66,123,171,72,255,224,0,135,4,173,132,163,63,200,241,255,162,227,151,255,0,124,37,39,166,96,72,206,248,255
192,42,228,139,198,34,72,85,79,230,145,94,147,79,43,40,121,222,100,132,92,246,155,92,17,236,60,121,104,90,80,222,0,127,80,183,205,85,104,79,228,180,0,225,177,211,62,191,151,145,235,199,171,183,127,104,160,0,23,255,132,174,0,184,245,144,83,9,210,60,105,57,33,152,83,241,203,191,0,140,0,146,159,38,0,144,64,170,0,137,150,130,255,196,255,255,0,0,223,217,190,92,255,129,0,158,13,182,208,71,89,252,255,127,222,255,106,255,0,99,144,0,113,43,18,248,172,255
188,40,222,134,197,52,82,85,117,216,135,65,122,87,58,45,119,188,143,126,88,216,110,79,15,209,58,165,120,82,115,243,9,150,90,220,145,85,88,107,205,157,18,182,134,187,82,115,119,183,193,175,154,133,116,108,176,22,69,255,171,194,0,225,217,176,80,57,174,68,89,82,124,129,63,179,224,178,35,140,0,148,166,110,33,124,94,193,0,111,191,165,255,210,255,255,0,0,166,184,155,162,238,87,0,176,121,129,159,187,58,224,236,255,146,226,61,255,0,156,108,0,50,0,130,179,34,255
190,41,231,146,195,69,60,73,105,231,138,90,134,78,56,63,130,202,171,126,40,255,134,122,0,195,11,207,105,19,160,231,0,193,99,157,150,56,77,115,203,183,87,196,239,186,98,134,124,180,117,113,177,148,125,182,70,13,27,255,200,216,0,220,244,126,76,47,197,86,116,80,72,94,67,255,255,237,11,234,0,79,255,115,9,81,66,84,0,124,111,255,246,109,255,255,0,0,197,203,151,130,243,191,0,109,101,147,152,251,0,161,222,255,166,255,46,255,0,187,18,0,103,0,140,181,107,255
189,41,222,139,203,47,84,84,77,215,141,105,157,109,34,55,116,219,93,137,61,252,165,92,24,244,40,160,133,73,130,186,9,125,69,186,220,74,126,60,206,131,61,190,194,201,36,150,112,155,170,176,201,229,109,158,166,0,23,255,182,142,0,178,255,150,90,29,183,28,93,78,53,171,93,209,255,159,0,195,0,44,196,121,0,103,67,111,0,94,142,151,255,164,255,255,0,0,205,211,238,93,255,157,0,181,3,154,172,135,86,255,231,191,211,255,140,255,0,202,144,0,127,27,21,145,80,255
192,39,230,144,199,68,78,70,72,238,127,103,167,102,19,56,101,221,154,148,44,255,176,89,6,227,4,219,109,0,152,181,0,151,84,131,205,63,108,88,201,98,130,235,255,153,55,125,163,146,86,128,213,199,102,252,37,32,0,255,216,185,0,163,249,129,116,51,123,10,111,54,37,99,91,255,255,255,0,247,0,39,255,158,0,59,93,97,0,69,58,255,215,104,255,255,0,0,187,189,223,132,255,202,0,113,71,187,111,225,0,199,188,255,135,255,79,255,0,255,23,0,255,0,59,119,113,252
185,42,220,152,212,58,60,95,126,200,126,66,128,107,30,50,132,213,138,100,25,255,171,72,43,219,56,201,137,36,157,215,4,131,101,185,212,53,98,86,149,122,84,193,186,133,105,97,87,165,144,156,211,184,57,137,97,0,62,255,206,218,0,156,209,202,98,83,149,74,153,94,126,128,0,193,255,89,11,198,0,51,220,164,0,91,95,61,0,75,143,169,255,145,255,255,0,0,159,149,161,98,222,250,0,144,100,193,150,246,120,170,167,255,112,255,192,255,0,182,150,18,95,0,154,138,20,255
187,39,226,150,199,62,60,78,127,211,129,54,134,93,29,46,120,191,186,109,26,248,147,71,23,211,29,216,100,0,159,239,0,164,106,170,171,66,78,92,165,109,107,194,196,139,100,68,94,163,114,128,184,138,72,135,43,21,66,255,201,220,0,166,224,181,101,70,144,76,126,58,105,90,0,255,255,216,32,229,0,46,222,148,66,100,80,90,0,48,154,255,221,116,255,255,0,0,188,211,139,146,167,212,38,91,131,130,152,255,0,138,177,255,132,255,62,255,0,231,72,0,126,0,130,135,28,255
183,44,219,141,219,41,71,94,126,203,157,64,144,107,8,51,136,218,143,97,54,221,130,73,35,229,68,140,156,105,126,226,14,103,95,225,153,59,88,38,144,156,8,179,140,218,109,142,88,166,232,210,214,194,129,118,144,34,78,255,174,173,0,183,217,213,59,43,200,108,129,97,132,149,23,131,255,70,53,113,0,91,144,114,0,102,51,142,0,10,204,113,255,158,255,253,0,0,99,141,143,100,255,167,0,221,153,171,87,225,208,181,227,222,246,255,113,255,0,255,139,42,22,0,127,226,22,255
187,45,230,146,207,53,76,69,111,197,140,69,134,130,44,45,116,234,121,100,44,248,148,81,33,214,53,190,144,58,154,210,9,104,99,193,193,60,99,61,117,105,38,176,159,134,108,83,147,176,185,164,204,177,59,111,94,0,85,244,197,207,0,153,255,175,103,84,185,26,120,66,84,91,0,188,255,135,0,220,0,78,156,165,0,84,81,123,0,95,110,178,255,192,255,255,0,0,180,192,183,165,255,187,0,160,85,215,200,241,139,255,198,255,165,255,122,255,0,208,170,0,73,0,117,192,23,255
189,40,226,138,204,69,80,72,96,229,141,109,152,122,55,58,117,237,144,127,42,255,169,86,21,185,45,200,136,14,114,166,19,119,97,159,211,97,86,89,200,113,59,235,229,123,94,177,147,148,200,129,184,192,108,155,78,0,69,236,217,209,0,186,240,169,108,33,133,1,144,81,68,159,56,255,255,145,0,240,0,82,238,138,0,56,70,42,0,56,115,255,252,176,255,255,0,0,202,181,185,98,255,234,0,99,81,234,183,162,52,157,181,255,107,255,116,255,0,134,83,0,202,0,79,225,134,255
190,33,247,136,191,61,73,65,110,239,141,93,154,47,40,40,105,226,190,82,65,230,139,69,0,185,0,179,93,5,124,255,0,135,101,165,179,43,21,192,220,150,60,189,199,225,86,68,134,143,132,132,225,178,147,196,114,8,0,255,112,215,0,223,255,183,36,0,136,0,111,19,25,87,102,193,255,200,0,250,0,156,255,0,93,98,0,161,0,159,117,255,241,215,255,255,0,0,203,255,153,161,255,144,20,67,100,170,166,118,0,93,255,255,57,255,0,255,0,255,0,0,72,0,226,255,34,215
185,30,224,134,191,69,76,79,93,255,110,82,136,50,70,33,101,159,198,118,65,255,123,88,3,142,38,190,100,41,98,185,16,143,117,146,168,64,68,118,253,112,51,242,214,161,71,87,139,123,193,139,182,124,172,163,160,51,0,255,187,143,5,255,146,195,74,0,121,106,131,58,79,106,104,225,255,255,71,255,0,175,247,79,52,113,57,253,0,159,176,255,148,217,255,255,0,0,81,255,95,151,250,100,44,55,70,114,157,107,26,118,220,255,116,213,63,255,0,167,0,33,120,0,255,217,125,255
