166,13,136,135,204,18,107,113,107,162,195,70,147,94,191,85,148,106,168,156,58,240,88,66,106,115,110,150,255,140,131,112,109,88,156,133,170,96,98,22,188,222,89,183,117,140,17,106,116,144,160,174,126,143,158,158,159,75,65,215,175,146,45,231,67,158,170,101,141,59,81,170,255,154,70,155,165,225,180,56,134,103,149,30,0,97,90,230,128,106,148,70,140,197,126,149,155,149,52,116,184,0,63,107,197,148,70,172,55,173,136,56,65,164,212,45,156,255,0,140,96,194,12,124,255,85,225,255
161,16,129,122,207,17,119,143,133,194,182,52,196,134,151,53,230,77,195,166,49,255,240,116,86,34,160,143,109,123,140,152,112,103,141,131,129,44,171,65,157,246,128,154,23,213,0,111,59,90,174,89,67,53,209,161,232,0,0,90,125,134,132,226,0,200,174,102,94,61,123,228,251,109,180,172,72,148,138,233,109,219,196,96,0,110,30,172,175,129,235,155,206,134,79,197,61,32,180,156,165,42,72,67,55,192,115,255,61,255,131,108,0,112,213,0,0,255,26,115,141,70,0,158,255,59,89,255
155,18,129,116,229,3,119,136,120,218,214,55,224,198,172,19,255,88,202,136,50,255,255,115,100,36,169,85,40,98,153,161,150,101,181,116,115,61,163,92,146,197,117,90,16,188,0,203,0,101,248,8,0,65,170,119,255,0,14,62,111,130,125,255,0,214,234,157,118,74,145,171,255,56,218,207,157,230,165,255,109,226,157,133,0,43,0,70,182,101,255,213,232,96,109,178,0,43,244,252,107,89,198,77,0,219,210,255,24,255,110,216,0,133,235,0,0,221,71,73,114,81,0,170,255,125,0,255
156,27,130,99,245,48,119,118,124,207,222,63,180,164,184,39,147,107,174,163,4,255,210,127,142,60,202,93,52,131,164,124,101,136,119,96,90,67,72,107,114,167,113,110,30,108,36,172,93,215,255,18,22,74,128,163,218,5,70,88,143,86,44,255,0,225,168,160,246,7,129,101,255,68,154,222,196,221,147,255,111,221,176,20,44,65,90,34,190,34,89,255,255,174,158,116,0,0,210,193,245,0,247,65,0,255,150,255,95,209,179,34,0,34,221,0,103,184,17,137,82,99,0,127,255,255,73,255
161,17,132,118,219,13,115,153,142,199,184,51,201,150,156,52,242,83,191,159,56,255,251,114,88,62,170,105,100,111,146,138,102,132,175,88,99,40,210,79,171,245,142,121,4,156,0,133,32,112,164,68,61,24,197,166,253,1,10,103,101,111,92,255,0,251,203,131,66,80,122,230,237,109,204,211,79,183,100,255,127,225,187,10,0,148,0,79,180,104,243,187,223,179,110,172,21,15,172,219,136,104,91,20,11,233,170,255,30,255,123,76,36,64,194,0,14,249,53,41,59,73,0,218,242,182,53,255
156,18,129,97,243,24,119,158,135,199,179,46,247,180,110,11,255,85,167,144,68,255,255,125,86,6,210,123,22,98,176,116,144,139,179,134,85,0,214,121,155,197,106,80,0,228,56,156,0,69,162,77,36,57,168,177,249,0,0,54,112,61,121,241,39,231,234,121,0,160,137,137,255,76,224,196,61,143,114,255,101,218,147,43,0,149,0,215,123,146,255,252,223,112,8,169,0,0,255,187,250,83,181,50,0,205,183,255,64,255,141,230,6,138,234,0,0,218,98,0,90,29,0,195,255,10,0,255
156,19,123,102,231,22,123,142,126,198,216,30,236,179,153,41,255,88,170,169,69,255,255,145,116,0,199,112,14,113,140,153,89,129,167,122,100,0,156,143,115,194,143,107,0,163,39,170,39,106,191,29,33,1,130,197,255,0,9,5,60,40,124,255,0,255,169,108,95,51,110,116,255,15,210,199,112,177,134,255,66,255,190,13,0,178,0,73,135,145,140,230,255,141,63,169,29,0,255,237,237,27,197,61,0,185,171,255,81,255,77,184,0,60,255,0,0,255,111,48,118,0,0,97,255,25,30,255
158,17,134,120,222,8,110,125,132,219,188,87,206,167,146,20,255,94,183,140,45,255,241,126,77,72,145,104,60,119,150,117,157,107,137,140,82,47,137,74,116,238,111,74,111,190,0,211,25,125,161,68,16,34,237,159,248,0,28,51,137,136,150,195,0,201,206,107,152,31,140,179,255,86,189,234,144,230,165,255,61,191,106,20,0,85,0,65,207,90,255,101,179,52,111,159,0,0,193,165,130,28,122,49,27,199,128,255,105,255,144,73,0,141,250,0,2,214,23,97,81,121,0,212,230,232,0,255
159,18,133,103,237,18,113,155,146,209,180,52,237,161,118,4,255,82,176,148,52,255,255,98,75,34,170,116,25,104,168,114,163,184,124,101,76,46,228,87,147,236,108,58,41,231,0,152,0,124,181,100,74,93,193,112,196,0,19,69,145,149,140,196,0,255,236,165,0,78,222,173,241,55,255,168,111,153,130,255,138,220,139,88,0,112,0,169,157,154,255,151,215,98,122,148,0,0,255,188,236,47,116,40,35,206,210,255,37,255,255,197,0,148,175,0,0,234,141,154,88,118,0,255,254,162,0,255
159,23,134,114,238,15,121,147,138,209,209,49,215,146,160,21,247,92,187,173,24,255,255,105,105,57,190,85,36,134,165,112,141,199,121,58,46,89,179,78,131,204,155,76,7,142,0,170,28,134,226,82,76,18,134,158,210,0,12,66,67,161,111,227,0,255,208,182,98,44,171,155,255,40,255,187,150,222,104,255,104,255,224,16,0,152,0,39,209,119,255,150,204,128,180,113,0,0,188,208,219,12,98,86,21,204,200,255,25,232,244,132,0,113,255,0,4,193,127,198,20,92,0,237,255,255,20,255
159,21,132,107,228,24,119,136,141,201,199,43,202,161,171,39,212,82,175,156,26,255,244,103,90,75,198,90,63,131,151,144,117,153,152,60,79,78,167,116,156,172,128,72,0,93,0,163,29,138,235,78,55,41,171,170,234,0,40,107,67,118,33,255,0,255,186,183,129,35,172,145,255,62,192,216,136,218,99,255,138,215,231,4,0,133,0,64,166,125,181,192,255,170,193,117,0,5,163,231,190,39,175,22,1,255,218,255,45,255,186,70,0,77,253,0,87,230,90,119,72,108,0,239,251,244,78,255
161,19,133,120,215,20,110,133,133,210,196,59,180,132,154,42,181,83,201,179,34,255,225,85,83,84,175,98,101,131,131,148,131,145,151,107,93,72,142,94,193,221,160,116,60,148,0,153,52,147,181,86,84,14,170,136,220,18,23,121,137,123,43,239,0,245,174,127,140,74,119,175,218,126,190,201,122,221,125,255,141,171,203,52,0,109,0,56,201,93,244,179,231,156,123,170,21,46,111,172,123,55,64,66,23,249,143,255,62,238,161,59,17,100,247,0,77,196,29,132,63,128,0,164,255,212,37,255
158,19,129,106,224,31,119,135,136,189,216,49,207,126,177,52,185,97,197,179,42,255,226,130,114,55,206,97,99,129,151,151,73,138,160,85,118,47,95,122,119,232,129,145,0,108,0,149,88,157,183,50,47,33,113,137,240,12,31,97,145,80,58,255,0,234,148,85,144,64,111,163,255,106,116,218,133,205,122,255,128,205,228,0,0,153,40,81,192,103,97,222,221,181,89,168,13,28,169,182,237,8,223,54,9,255,154,255,44,255,158,66,36,79,214,0,74,220,71,38,21,37,0,144,255,166,119,255
159,14,134,123,218,15,110,136,132,210,186,52,196,149,185,41,213,73,186,145,38,255,233,97,77,92,142,89,115,102,147,168,145,108,202,110,104,87,194,43,197,226,101,133,76,182,0,192,8,117,194,104,17,32,238,121,255,0,37,79,131,100,65,255,0,242,180,188,104,88,142,211,255,96,142,209,102,229,187,229,139,139,177,96,0,64,0,149,212,95,255,251,180,106,155,167,0,46,168,215,98,91,89,0,2,235,132,255,57,254,135,94,15,117,168,0,0,238,19,116,104,134,0,247,243,161,0,255
161,9,123,105,218,10,115,143,133,188,181,29,233,152,191,70,218,82,165,137,69,255,250,98,67,18,141,156,113,99,132,133,119,110,209,165,127,0,201,77,171,241,69,186,0,255,93,113,38,45,146,130,5,4,255,165,227,0,39,16,152,76,77,200,97,255,180,118,0,137,163,254,255,114,164,211,53,108,216,255,156,106,199,61,0,141,0,255,87,183,255,252,252,183,71,238,0,52,255,218,150,164,61,0,38,113,138,255,0,255,136,178,0,203,88,0,0,255,108,25,216,7,0,204,255,57,0,255
162,15,127,100,221,20,117,150,130,195,195,38,219,147,184,61,221,75,174,142,52,255,255,106,74,26,162,142,80,123,138,129,119,140,162,140,151,0,181,96,167,222,121,138,6,255,49,108,27,85,205,112,35,39,250,147,216,0,24,48,153,115,64,191,66,255,156,117,12,52,175,243,255,70,173,172,96,120,202,244,173,152,225,67,0,116,2,255,106,165,255,219,255,185,58,198,0,55,255,197,235,83,64,0,69,137,157,255,0,244,183,173,0,226,112,0,0,255,119,83,208,20,0,171,255,102,0,255
161,19,130,107,220,15,125,138,151,192,197,43,202,145,165,45,223,83,209,169,34,255,255,88,96,61,195,115,85,129,146,140,106,163,169,66,61,59,184,79,120,203,142,90,0,170,0,144,21,125,199,95,76,31,158,117,200,0,0,88,127,113,96,255,0,251,204,139,70,60,202,195,247,78,201,194,109,144,113,255,114,197,223,52,0,173,0,47,173,120,206,139,255,198,116,207,8,0,150,224,218,104,93,75,85,255,189,255,12,255,207,124,0,91,242,0,0,246,76,126,48,57,0,214,217,203,196,255
157,14,129,105,230,13,110,146,134,210,171,54,231,181,152,24,255,87,152,133,65,255,255,119,76,46,167,126,51,95,155,115,139,106,186,156,112,7,190,77,159,217,81,121,31,255,86,178,0,60,146,98,0,40,255,173,251,0,12,11,117,100,118,210,48,197,240,104,44,125,157,175,255,110,201,219,73,169,126,255,93,186,135,54,0,122,0,245,128,160,255,252,175,82,37,171,0,38,255,188,170,103,125,0,0,143,192,255,77,228,129,171,0,225,140,0,0,206,85,1,164,76,0,249,255,85,0,255
161,10,121,107,214,12,116,140,136,188,198,23,224,145,210,88,214,79,175,146,61,255,253,110,84,3,132,151,109,110,128,159,110,131,193,153,128,5,173,85,174,213,90,184,0,255,48,125,49,31,168,121,29,0,255,160,224,0,15,0,150,48,81,208,19,248,145,119,40,74,172,234,255,50,154,175,50,102,230,243,171,140,241,74,0,117,0,255,116,155,255,240,255,167,72,250,0,18,255,246,225,86,28,0,70,133,110,255,0,248,158,121,0,160,81,0,0,255,161,117,182,0,0,111,255,29,30,255
160,8,124,106,210,0,111,133,132,192,179,37,232,158,195,63,213,103,162,134,83,255,241,81,58,26,115,172,100,103,112,119,131,100,206,182,136,0,182,74,164,253,59,191,9,255,74,131,42,27,166,120,2,0,255,158,247,0,20,4,166,81,78,187,87,232,226,87,16,107,162,255,255,113,156,206,63,107,229,228,165,124,166,57,0,110,1,255,95,195,255,226,205,145,77,255,0,66,255,184,115,134,38,0,9,130,147,255,0,255,188,179,0,238,29,0,0,255,158,70,203,26,0,217,255,92,0,255
162,11,126,111,216,12,109,146,135,194,181,41,226,129,192,68,206,84,182,143,55,255,237,90,73,44,130,129,124,104,144,144,119,137,168,134,132,13,206,61,206,247,66,175,34,255,32,105,44,42,160,134,34,0,255,137,223,0,18,42,184,91,76,209,62,251,186,147,14,101,142,255,255,130,184,222,61,139,211,222,175,92,174,55,0,77,0,255,113,170,255,233,227,174,74,211,0,66,255,214,185,139,25,0,43,162,125,255,0,238,168,121,0,160,45,0,0,255,82,51,157,61,0,166,255,111,0,255
162,11,125,104,217,19,112,147,135,193,187,34,212,150,177,60,229,81,164,143,64,255,255,97,68,43,145,134,93,108,137,142,137,116,210,147,99,0,212,42,191,212,104,185,16,255,97,161,16,56,142,114,35,9,255,167,218,0,0,37,125,72,87,195,45,237,191,106,5,137,147,255,255,88,192,222,57,139,192,255,146,152,202,24,0,144,2,255,87,158,255,255,234,171,83,227,0,53,255,168,204,110,16,0,60,120,160,255,23,240,149,163,0,186,123,0,0,253,97,74,185,39,0,189,254,77,0,255
160,13,128,109,207,15,114,126,142,193,185,40,222,128,191,70,179,111,167,172,51,255,223,110,66,54,148,145,99,141,95,141,87,134,174,132,169,0,122,109,194,241,60,208,0,255,66,124,50,13,153,106,47,0,222,151,197,22,27,20,178,31,65,230,42,255,214,101,56,87,44,205,255,103,147,197,30,166,222,255,177,160,196,86,0,115,0,170,85,151,255,202,213,202,95,220,0,0,255,234,105,28,72,32,10,190,53,255,5,255,134,119,0,104,82,0,1,255,93,88,166,0,0,100,255,65,73,255
159,16,131,105,207,22,114,121,137,186,199,36,215,133,196,57,140,118,163,173,47,255,189,107,77,52,172,142,116,139,79,150,76,118,165,134,195,10,107,164,176,213,71,187,0,212,69,101,46,61,199,89,69,0,154,146,216,50,60,58,187,44,4,255,63,255,199,63,41,55,40,188,255,122,92,165,69,143,221,221,206,152,213,98,7,116,1,101,79,143,164,200,203,192,89,240,0,4,249,255,105,10,161,24,0,255,51,255,0,255,99,115,29,74,96,0,38,255,66,62,149,0,0,92,255,30,111,255
160,9,123,107,206,5,107,125,127,194,167,34,241,145,179,54,194,105,160,140,82,255,236,87,65,24,122,168,93,103,91,127,119,126,176,170,155,0,186,109,205,236,30,195,0,255,72,123,40,10,182,114,20,0,255,158,241,0,19,15,166,42,29,215,79,255,224,139,9,99,98,224,255,122,150,216,51,104,225,220,205,131,177,91,0,79,0,255,69,175,255,228,207,175,45,255,0,43,255,222,120,124,54,2,9,171,118,255,0,255,162,159,0,157,14,0,0,255,129,52,183,8,0,170,255,31,0,255
164,13,130,115,213,20,112,136,139,187,179,46,199,105,197,79,182,94,186,171,36,255,188,91,70,68,144,113,157,130,136,144,93,160,149,117,139,41,158,60,184,232,63,168,74,255,9,102,69,61,142,164,77,0,254,101,167,0,27,79,197,124,73,167,87,237,154,152,60,89,153,255,255,140,174,185,80,135,241,191,160,70,202,77,0,60,0,255,147,161,255,196,231,171,108,186,0,59,237,191,196,68,3,28,95,145,91,255,0,210,190,100,0,161,79,0,0,255,47,119,181,62,0,118,255,172,3,255
162,10,129,108,215,9,110,148,137,197,169,46,223,146,167,57,218,88,171,135,66,255,255,79,59,65,140,141,101,93,152,111,148,130,169,138,125,16,221,44,189,255,71,151,53,255,37,131,9,68,148,139,25,14,255,145,217,0,31,60,180,140,89,223,59,233,201,122,0,112,162,254,255,140,180,238,58,177,205,234,118,117,165,51,0,117,0,255,118,156,255,207,166,142,67,168,0,98,255,181,140,174,71,0,33,151,164,255,0,241,216,165,0,223,101,0,0,253,92,44,135,110,0,248,255,151,0,255
163,11,127,113,207,12,112,130,138,182,180,37,210,127,201,72,178,104,174,166,67,255,202,72,65,44,132,141,146,119,104,127,98,117,169,150,163,0,145,83,186,237,58,185,0,255,51,97,82,53,162,134,45,0,255,121,210,0,26,25,189,92,47,195,86,255,194,109,46,63,105,255,255,127,143,187,86,113,245,192,162,99,157,64,0,81,0,247,120,185,255,221,201,168,85,255,0,53,255,195,143,101,21,0,44,190,68,255,0,255,167,153,0,140,40,0,0,255,88,118,210,51,0,120,255,68,0,255
161,13,127,111,207,13,108,127,125,194,199,40,210,129,193,69,171,112,173,163,57,255,203,91,65,45,136,140,116,131,92,146,113,145,187,151,160,0,135,100,214,234,82,213,0,255,49,121,49,36,179,104,62,0,235,125,231,0,22,44,191,82,50,203,56,255,199,91,76,84,98,221,255,116,170,198,56,144,250,200,195,135,211,76,0,84,25,198,101,134,255,192,245,204,81,239,0,49,255,205,158,62,28,41,29,166,111,255,0,249,165,128,0,144,91,0,0,255,130,126,129,0,0,91,255,111,15,255
163,11,129,123,207,11,110,141,137,187,177,48,198,128,177,62,218,94,169,160,65,255,222,106,60,65,124,124,145,130,144,151,123,132,162,120,122,28,190,21,201,239,92,211,39,255,0,142,48,50,155,157,66,0,253,158,185,0,0,76,143,118,116,208,10,207,197,134,64,112,132,255,255,101,194,193,95,149,201,196,94,146,148,44,0,122,0,190,141,136,255,195,153,117,100,162,0,57,223,190,130,122,51,41,52,142,86,255,0,233,183,111,0,154,142,0,0,255,46,104,183,103,0,165,255,114,0,255
162,12,125,108,218,14,112,140,130,191,186,36,216,143,184,62,217,89,167,139,65,255,237,100,66,42,137,141,98,108,135,129,140,126,199,152,110,0,187,50,189,223,91,198,39,255,63,155,28,60,173,122,26,12,255,148,225,0,5,30,150,99,87,177,76,225,180,122,40,106,167,255,255,89,192,224,90,125,223,222,179,148,191,47,0,101,12,255,106,155,255,250,232,171,80,210,0,60,255,162,202,95,9,0,65,137,152,255,0,192,185,162,0,253,87,0,0,244,118,105,183,51,0,207,255,124,0,255
157,20,126,108,243,34,120,148,134,193,199,28,231,139,142,45,255,80,182,182,28,255,255,144,122,0,195,78,31,88,179,160,111,181,160,100,98,45,155,88,163,206,118,108,0,161,0,162,51,103,201,91,64,19,164,177,245,0,10,49,91,85,85,245,0,247,180,196,130,54,147,140,255,57,219,162,105,166,117,255,88,251,206,13,0,148,0,106,162,140,238,248,255,152,99,130,0,0,240,251,255,44,95,70,4,242,194,255,60,239,225,144,0,99,238,0,0,219,158,128,70,0,0,147,255,94,0,255
162,11,126,118,216,11,104,144,125,206,198,43,208,144,203,68,240,86,161,135,60,255,233,129,76,58,118,119,79,123,150,140,134,133,207,112,127,38,164,24,178,251,101,210,62,255,13,198,38,55,168,125,21,4,255,147,240,0,15,20,148,86,110,203,14,188,180,122,108,116,177,230,255,50,168,222,88,193,216,227,146,190,221,43,0,100,36,255,168,130,255,224,196,123,101,210,0,52,255,184,214,63,39,0,45,106,152,255,14,168,210,108,0,241,62,0,0,249,155,135,143,65,0,175,255,147,0,255
161,11,123,99,219,15,112,140,131,194,188,36,234,141,178,53,223,87,163,129,73,255,255,92,72,15,136,139,54,102,136,131,143,149,169,150,119,0,214,67,189,216,83,159,17,255,66,143,18,31,187,116,45,0,255,147,224,0,0,0,157,64,72,187,90,248,212,124,26,94,153,251,255,76,188,220,44,114,233,240,187,111,180,35,0,81,0,255,70,199,255,244,252,175,31,228,0,60,255,193,255,119,15,0,45,119,164,255,0,253,185,193,0,208,68,0,0,255,138,72,192,0,0,158,255,46,0,255
159,13,124,104,229,19,104,150,121,199,169,37,231,153,141,24,255,82,165,131,65,255,255,112,74,9,152,132,50,89,158,138,168,114,183,163,142,0,224,38,192,215,71,146,38,255,55,160,20,39,172,112,42,55,255,184,250,0,0,47,143,76,110,200,59,204,224,156,22,118,158,211,255,69,223,216,47,89,162,252,128,177,143,33,0,88,37,255,107,211,255,250,207,104,10,203,0,67,255,149,255,92,51,5,45,109,219,255,41,241,202,209,0,219,89,0,0,244,121,32,193,91,0,202,255,18,0,255
161,17,137,118,225,5,112,150,144,213,192,72,203,146,156,26,255,74,212,160,36,255,255,93,87,78,150,100,63,117,165,149,160,146,152,96,72,59,219,55,136,248,144,74,78,199,0,155,17,119,200,83,44,46,215,143,212,0,0,85,182,169,151,235,0,203,235,144,82,54,194,207,236,94,229,200,129,190,169,255,95,215,99,20,0,108,0,84,200,115,255,132,246,54,166,144,0,0,112,170,221,40,82,18,70,255,155,255,0,255,205,86,0,111,162,0,0,250,9,105,41,98,0,251,198,255,75,255
164,13,137,117,211,10,106,138,138,202,169,61,191,129,171,44,201,89,200,139,38,255,226,83,60,102,133,118,132,98,150,138,164,133,154,125,95,78,180,36,206,234,90,120,117,229,0,183,17,109,156,137,92,37,243,130,223,0,50,87,167,151,77,206,31,215,189,121,76,96,177,255,224,106,125,195,79,213,218,182,160,116,163,24,0,88,0,164,202,127,255,184,202,81,118,193,0,6,204,164,199,55,30,17,87,189,139,255,3,255,241,116,23,189,137,0,0,240,87,179,119,115,0,226,241,195,37,255
162,13,125,110,221,25,115,151,132,197,200,51,208,126,179,69,224,72,173,173,49,255,245,115,86,39,159,125,104,132,140,127,110,149,158,118,120,17,154,54,173,252,134,167,5,255,26,115,40,72,170,134,37,0,249,163,183,0,16,35,125,112,104,202,0,255,156,116,64,65,128,250,255,59,195,178,92,166,167,255,122,164,201,53,0,137,0,197,134,157,255,209,217,174,81,174,0,19,246,188,176,76,38,0,94,145,85,255,12,235,146,117,0,180,156,0,0,255,57,124,172,39,0,141,255,101,0,255
162,17,127,105,227,26,121,144,130,200,203,37,216,127,181,60,217,72,176,163,31,255,255,109,88,28,181,123,76,127,135,145,117,172,152,121,118,28,163,72,163,211,125,141,0,255,6,126,41,91,194,122,54,2,214,152,194,0,25,36,129,105,80,195,25,255,128,158,57,64,172,185,255,54,197,161,103,161,187,255,158,156,248,90,0,110,0,209,162,120,255,221,255,199,101,145,0,11,248,190,249,50,53,24,66,148,129,255,26,218,173,127,0,188,177,0,0,227,103,135,154,15,0,128,255,145,0,255
160,17,129,104,230,26,124,148,132,192,207,36,212,129,184,57,227,81,198,163,31,255,255,126,102,47,171,106,77,126,159,159,107,152,176,98,130,27,158,67,171,217,130,159,14,203,14,133,54,105,185,104,78,1,186,128,224,0,0,73,151,92,90,236,43,240,152,151,64,48,138,204,255,54,177,168,92,153,203,233,140,191,248,50,0,100,0,213,147,117,255,224,245,181,79,152,0,49,189,208,255,40,84,35,52,198,131,255,0,229,228,127,0,165,178,0,0,227,110,83,132,0,0,154,255,164,46,255
163,16,134,119,220,18,115,151,143,186,184,43,203,115,193,72,198,84,201,168,25,255,217,101,77,61,161,111,156,110,141,134,108,164,154,94,132,83,167,67,169,252,103,139,54,217,0,100,54,95,170,137,69,19,212,123,214,0,37,106,163,140,93,209,30,247,153,161,50,46,155,255,255,114,157,181,89,167,178,235,166,143,209,56,0,100,0,214,175,142,255,177,205,209,146,160,0,22,166,203,178,60,39,1,90,221,130,255,0,255,174,69,0,132,143,0,5,255,57,95,98,66,0,192,255,178,80,255
160,15,125,99,222,18,116,142,128,192,178,34,232,152,162,45,227,70,174,138,54,255,255,106,76,11,166,152,70,102,136,144,125,130,171,162,144,0,210,97,166,209,78,133,4,255,37,106,23,71,206,111,45,54,250,142,236,0,7,32,170,93,78,214,80,232,165,134,20,62,179,193,255,92,172,174,70,90,205,217,146,159,193,107,0,99,0,255,100,183,255,225,255,136,15,219,0,49,255,211,255,88,78,3,59,180,155,255,0,255,176,166,0,201,106,0,0,255,109,51,182,0,0,197,255,0,3,255
161,15,126,104,224,20,108,141,122,200,187,40,231,143,177,48,230,77,172,132,51,255,255,109,75,22,154,131,67,111,142,127,139,155,157,138,152,7,175,72,161,229,87,118,45,255,24,134,26,68,205,137,26,47,255,147,226,0,20,44,179,107,80,185,69,230,175,153,49,64,175,199,255,59,168,185,93,125,214,230,151,143,194,89,0,73,0,255,118,163,255,188,253,155,31,178,0,70,255,204,251,92,82,0,71,134,157,255,0,244,209,161,0,231,93,0,0,255,121,77,215,67,0,174,255,77,0,255
162,16,131,114,220,13,116,154,134,199,198,53,191,160,159,45,255,66,190,171,60,255,255,99,121,26,167,125,86,130,129,123,96,149,159,79,95,40,198,90,99,241,156,82,3,193,0,102,27,129,197,73,35,59,208,149,232,0,0,92,79,149,140,247,0,232,220,124,54,54,172,213,255,65,211,174,131,137,68,255,104,255,177,58,0,170,0,101,187,146,224,110,247,134,131,190,83,0,175,206,187,69,129,41,64,255,154,255,5,255,148,115,11,65,204,0,0,255,34,79,40,66,0,203,204,159,154,255
157,19,132,111,240,16,113,153,135,206,175,51,234,171,115,0,255,86,177,142,56,255,255,124,84,18,173,107,0,98,198,121,166,152,156,106,111,26,213,62,164,214,101,70,42,206,0,193,0,104,205,112,27,88,222,172,255,0,0,87,135,117,151,225,0,181,255,167,57,98,163,163,255,80,245,202,108,138,86,255,82,255,142,80,0,123,0,190,191,153,255,172,174,66,65,154,0,39,255,154,199,49,128,108,0,216,238,255,68,221,252,255,0,206,208,0,0,243,132,84,60,163,0,211,255,96,12,255
159,17,128,102,229,25,120,149,136,196,189,30,215,161,160,44,233,73,165,143,45,255,255,119,84,43,172,118,54,106,160,143,135,121,184,126,125,0,202,74,194,191,123,134,0,218,66,161,5,77,192,100,45,24,210,177,249,0,0,24,115,74,66,243,36,245,177,136,47,94,134,206,255,55,170,197,74,167,191,255,123,194,204,62,0,120,0,208,113,156,255,255,244,145,29,176,0,56,255,237,222,69,102,33,16,159,167,255,26,247,179,173,0,178,205,0,0,236,115,80,167,20,0,204,255,63,0,255
161,16,130,108,223,24,120,146,142,194,178,39,217,132,155,41,221,65,190,160,38,255,255,94,78,47,176,117,98,107,151,155,126,146,167,112,113,42,209,73,176,214,108,111,24,193,0,117,26,91,211,135,84,51,216,132,213,0,17,100,141,112,57,250,17,245,183,179,46,56,175,214,252,97,172,160,72,132,150,239,142,152,197,64,0,119,0,184,142,150,255,220,251,148,92,164,0,34,181,222,227,89,70,0,73,252,151,255,10,255,205,114,0,148,158,0,0,252,70,95,136,30,0,246,255,115,31,255
153,14,122,90,254,17,96,144,111,207,162,34,255,209,91,0,255,93,141,116,93,255,255,157,81,0,160,122,0,50,178,114,218,124,240,206,179,0,244,67,138,202,42,84,49,255,50,232,0,15,216,90,0,101,255,179,255,0,0,0,190,28,198,153,77,108,255,139,33,154,81,121,255,25,255,242,0,50,179,255,20,255,87,48,0,156,54,255,35,212,255,221,162,34,0,229,0,61,255,232,255,49,145,39,0,70,255,255,74,255,220,255,0,255,159,0,0,190,255,0,194,0,2,166,255,0,0,255
159,21,132,121,222,8,122,139,134,202,218,63,194,150,176,44,222,84,215,155,24,255,255,120,87,45,171,91,47,143,160,161,136,117,125,127,126,56,159,77,121,221,160,98,37,175,0,145,65,129,248,27,50,19,192,139,255,0,13,75,148,129,131,255,0,224,176,121,173,0,159,200,254,69,190,185,121,201,173,255,104,247,188,40,9,57,46,73,230,105,255,163,255,128,107,145,28,41,154,173,225,0,72,83,0,251,155,255,21,232,184,104,0,162,205,0,0,224,52,174,81,48,0,156,255,247,74,255
159,20,138,126,214,5,103,116,123,212,206,68,187,153,182,43,231,86,212,153,18,255,233,123,110,65,131,98,73,134,115,162,130,108,149,142,134,51,121,84,117,204,98,87,94,182,0,179,58,143,229,57,9,54,218,134,255,1,5,85,162,129,111,245,0,190,197,148,181,5,150,199,255,92,140,170,177,163,166,223,107,231,136,104,0,47,28,61,255,87,255,145,203,81,125,192,0,13,166,194,111,0,92,79,0,249,128,255,55,255,130,62,0,147,150,0,0,240,28,128,81,130,0,120,254,217,97,255
156,23,129,97,244,46,123,136,134,196,217,44,196,131,178,33,140,99,186,191,14,255,214,106,136,54,213,89,52,115,154,145,81,146,123,80,144,48,83,129,147,216,127,105,0,89,0,120,111,207,255,45,49,31,89,133,216,24,58,114,149,118,5,255,4,255,173,167,160,0,83,144,255,85,183,206,165,200,146,255,125,244,219,0,0,84,47,21,154,118,100,239,241,199,186,125,0,12,149,244,224,0,237,66,0,255,174,255,15,255,247,92,6,0,201,0,100,188,70,109,73,33,0,129,255,229,57,255
158,29,142,101,255,36,116,147,143,198,177,63,185,158,156,40,146,99,166,140,0,255,181,112,103,106,237,94,103,121,197,130,121,163,116,91,108,102,169,152,161,164,104,48,18,61,0,75,58,196,241,37,109,129,106,195,224,6,89,169,143,130,0,255,12,255,167,226,116,72,169,136,255,123,182,179,110,193,128,255,149,163,176,0,8,71,101,114,237,108,103,255,255,174,146,87,0,0,137,222,251,31,212,23,0,255,172,214,50,255,158,46,23,0,200,86,119,202,0,55,49,147,0,254,255,255,26,255
163,15,129,115,222,18,111,153,131,210,198,42,198,136,173,46,234,70,170,146,55,255,251,97,79,60,151,116,82,118,141,131,151,139,185,107,108,28,200,21,199,234,150,171,37,234,0,177,27,89,183,112,52,11,234,163,225,0,4,68,116,116,75,222,0,239,185,148,55,111,151,255,255,64,208,223,100,191,172,255,144,191,211,28,0,124,0,222,170,145,255,218,220,160,98,179,0,64,255,176,170,75,15,23,51,138,156,255,24,198,205,141,0,194,164,0,0,226,90,162,121,90,0,210,255,206,0,255
158,18,129,106,237,19,119,157,125,218,200,34,234,170,145,4,255,70,167,134,66,255,255,113,91,10,167,118,16,121,168,121,161,145,181,97,104,12,213,47,172,219,127,136,7,248,0,188,0,73,197,99,18,48,203,156,233,0,0,44,109,105,132,230,0,215,247,163,36,115,146,193,255,28,255,196,118,164,140,255,89,237,185,78,0,109,0,225,131,135,255,172,205,113,50,154,0,28,255,211,227,50,119,115,0,137,199,255,31,246,227,245,0,177,233,0,0,224,135,140,113,65,0,199,255,120,0,255
162,11,125,117,209,9,106,136,127,199,205,31,209,131,222,74,198,95,174,152,57,255,220,100,76,44,108,123,129,128,130,157,116,144,195,118,139,45,152,46,197,246,105,213,20,255,14,148,65,32,194,154,23,3,255,140,241,0,0,39,168,105,74,212,9,209,189,122,90,84,170,245,255,62,171,173,86,148,234,179,184,150,239,71,0,69,14,249,117,142,255,201,224,154,121,222,0,86,255,239,152,70,25,0,33,140,139,255,0,209,217,102,0,190,46,0,0,255,165,177,174,58,0,155,255,142,28,255
161,9,123,102,208,11,109,127,132,187,167,37,237,136,179,64,179,104,168,147,70,255,232,87,58,27,137,174,115,101,84,131,122,142,174,188,152,0,171,105,206,225,32,186,0,255,82,94,30,19,158,132,36,0,255,167,223,0,37,28,181,60,41,198,112,253,214,103,0,101,109,213,255,139,144,208,22,89,217,228,205,107,188,91,0,113,0,255,71,149,255,230,223,193,42,232,0,41,255,201,127,130,51,0,46,158,117,255,0,254,148,152,0,198,43,0,0,255,124,11,186,9,0,148,255,35,15,255
160,12,126,104,213,10,111,139,134,193,177,42,232,144,173,50,209,97,170,142,72,255,240,91,65,39,146,143,91,108,138,141,120,128,170,158,131,0,211,92,202,220,62,175,8,255,68,120,37,37,172,108,39,0,255,143,240,0,0,26,171,71,61,214,69,244,211,108,0,117,114,252,255,142,176,219,59,136,205,238,170,128,162,40,0,108,0,255,71,194,255,237,220,173,26,251,0,54,255,188,212,114,31,1,25,155,132,255,0,255,133,183,0,179,71,0,0,255,92,35,154,8,0,189,255,65,0,255
161,13,124,103,217,17,116,142,133,190,183,31,229,137,174,49,203,93,173,160,61,255,242,104,81,18,162,156,108,109,126,139,107,129,165,160,138,0,185,106,195,220,79,166,0,255,65,95,47,52,165,121,49,0,229,173,228,0,11,36,137,65,67,228,37,255,170,105,0,67,98,229,255,103,190,191,71,89,167,255,182,164,208,88,0,124,0,203,84,159,255,217,221,221,39,226,0,12,255,228,152,104,74,0,64,166,116,255,0,255,89,170,0,147,95,0,0,255,95,9,179,0,0,138,255,45,30,255
162,12,126,106,219,17,106,142,126,194,177,37,219,135,178,45,212,83,163,132,65,255,238,90,67,47,139,136,97,105,148,130,142,135,177,142,122,0,210,43,203,220,77,166,48,255,45,159,24,67,179,154,43,11,255,148,231,0,0,35,155,96,66,204,76,228,180,142,20,117,143,255,255,94,168,225,81,147,229,207,161,125,177,41,0,91,0,255,102,191,255,233,203,143,42,214,0,83,255,184,237,104,29,0,62,144,146,255,0,236,181,177,0,222,91,0,0,255,97,86,168,70,0,190,255,67,0,255
160,15,132,105,214,18,114,137,138,190,184,42,222,137,187,52,172,99,170,158,50,255,224,107,73,58,180,155,129,131,108,124,81,120,167,133,179,16,146,144,177,242,78,160,0,208,55,94,34,83,186,113,32,0,174,155,236,15,47,72,161,73,31,255,42,255,168,93,21,41,56,209,255,133,105,198,77,148,181,252,166,160,201,81,0,136,0,154,104,147,209,199,180,220,70,201,0,20,225,238,98,66,141,9,22,255,78,255,0,255,59,115,16,103,113,0,37,255,37,0,141,0,0,157,255,58,109,255
158,17,129,110,210,15,108,127,126,194,188,42,210,141,187,46,143,109,179,143,46,255,196,92,74,70,176,149,96,124,93,159,126,122,138,130,188,29,138,137,200,219,68,161,0,169,13,92,41,73,229,60,80,0,188,144,216,33,66,123,181,70,8,255,27,255,187,143,66,17,80,192,255,107,153,176,112,145,211,235,162,171,227,65,0,75,46,134,102,157,197,131,225,179,89,189,0,67,200,220,172,0,146,63,33,255,106,255,0,255,181,142,0,91,116,0,75,255,41,96,130,48,0,179,255,151,78,255
158,11,126,116,192,1,104,115,131,189,169,62,213,130,203,75,112,142,187,152,60,255,139,65,67,83,135,171,158,109,63,160,106,84,129,161,188,13,101,143,207,255,17,184,0,255,13,72,43,26,190,63,60,0,225,135,212,26,96,101,218,56,2,250,53,255,222,92,81,48,83,222,255,160,113,138,76,128,244,158,208,83,194,122,6,16,72,132,158,156,251,192,181,157,102,248,0,42,249,187,21,38,90,61,0,255,68,255,0,255,147,134,0,77,21,0,95,255,0,121,157,88,0,104,255,82,15,255
159,15,133,112,216,16,111,138,145,180,172,54,227,136,165,62,172,94,182,167,44,255,216,115,68,40,171,142,125,122,100,131,85,125,131,125,187,42,159,156,162,255,73,145,0,188,8,86,33,89,185,104,43,1,172,151,220,13,51,91,198,91,63,255,46,255,175,114,38,22,68,227,255,162,126,198,48,158,211,251,129,151,156,72,0,118,0,128,96,147,156,177,206,164,103,192,0,19,220,247,81,42,112,9,28,255,87,255,0,255,109,95,0,85,136,0,70,255,15,43,87,9,0,129,255,51,70,255
159,11,122,98,219,14,105,124,123,194,174,34,240,164,168,39,203,98,135,127,71,255,239,96,65,15,144,161,68,97,102,118,153,113,199,195,147,0,188,95,197,198,32,174,0,255,139,162,9,12,176,118,13,6,255,170,252,0,23,0,155,38,47,162,111,238,203,118,22,104,103,190,255,97,146,237,40,101,233,232,174,147,177,81,0,93,9,255,37,171,255,255,203,186,10,251,0,52,255,198,186,104,50,0,29,129,155,255,40,253,114,176,0,235,74,0,0,224,148,42,232,0,0,181,255,0,0,255
164,13,130,116,213,25,107,142,127,199,201,58,186,120,178,62,210,81,167,157,58,255,216,95,76,74,146,125,136,127,144,128,134,124,173,134,148,30,155,25,188,250,144,182,75,241,3,141,56,97,192,139,70,49,247,135,193,0,6,81,153,182,77,182,34,200,169,103,93,77,145,252,255,110,174,188,71,158,213,171,130,156,198,40,0,105,31,255,162,132,255,200,170,99,74,141,0,114,194,134,191,53,59,17,84,161,91,255,13,185,199,108,0,210,172,0,0,255,52,164,180,120,0,197,255,122,3,255
163,14,129,113,216,18,111,139,141,184,181,25,203,125,204,68,181,94,176,147,40,255,206,79,72,64,133,119,137,104,144,138,108,134,167,131,149,36,180,74,205,220,63,166,25,254,20,111,66,69,192,139,64,0,251,126,243,4,26,75,158,95,36,214,92,253,172,161,46,66,149,255,255,132,146,214,89,126,221,203,193,111,192,53,0,67,0,255,131,189,255,255,193,174,99,178,0,79,255,243,144,102,40,0,2,210,140,255,0,214,178,170,0,171,52,0,0,255,110,105,165,81,0,177,237,156,0,255
161,11,123,102,223,17,112,150,130,194,186,26,228,153,174,46,246,85,167,125,66,255,255,106,74,24,136,145,68,101,157,133,146,130,191,142,111,0,222,57,182,218,76,174,21,255,64,156,13,57,164,123,39,18,255,160,241,0,0,33,126,63,90,212,72,241,203,139,0,133,175,245,255,72,193,224,66,108,186,255,145,147,203,37,0,122,1,255,96,205,255,246,209,149,32,215,0,51,255,189,220,122,55,0,45,98,204,255,0,226,197,251,0,226,108,0,0,255,149,70,168,69,0,190,251,66,0,255
164,17,123,110,216,29,116,130,122,192,199,30,197,117,181,49,195,81,166,162,45,255,217,107,88,48,168,141,115,128,126,154,121,127,182,137,132,8,138,33,190,202,101,185,8,213,23,143,96,76,189,134,94,30,224,165,210,0,7,58,145,86,67,191,10,226,124,130,114,64,125,190,255,45,154,178,100,115,210,221,152,190,239,68,0,98,44,255,143,110,255,222,242,200,26,160,0,65,252,137,255,0,40,59,121,142,100,255,32,205,152,126,0,234,162,0,0,224,106,151,229,82,0,165,255,132,0,255
158,21,132,110,235,13,129,153,144,204,212,41,222,168,166,27,255,90,195,167,26,255,255,113,100,45,187,80,34,120,185,136,129,151,156,34,58,83,202,72,109,221,147,93,4,157,0,189,12,122,211,97,26,12,125,129,228,0,15,54,81,160,153,255,0,252,231,163,75,45,177,191,255,34,255,185,128,233,127,255,76,255,221,20,0,147,0,61,122,145,233,171,209,123,190,138,0,0,215,254,206,22,108,107,0,223,236,255,0,255,237,159,0,120,255,0,0,198,122,180,49,40,0,255,255,255,7,255
159,11,126,113,215,0,115,141,125,202,196,44,227,160,192,54,238,82,188,139,71,255,255,100,75,26,128,128,86,110,139,154,141,108,176,140,141,25,187,68,154,233,98,171,33,253,0,155,38,77,211,96,11,32,255,148,255,0,19,59,148,111,103,226,6,219,185,142,52,61,187,250,255,79,166,190,128,161,212,212,128,162,178,62,0,91,0,232,164,165,255,233,217,74,94,190,0,86,255,192,137,99,96,0,0,166,156,255,0,237,201,156,0,218,102,0,0,255,101,100,142,86,0,196,255,134,0,255
160,14,122,109,218,11,125,140,133,198,208,41,214,160,175,63,255,81,197,166,45,255,255,124,92,3,164,125,55,122,137,165,121,140,176,110,110,22,166,76,153,208,141,155,0,255,0,148,41,94,181,97,41,0,243,139,235,0,0,20,110,95,139,222,0,251,160,155,79,3,188,184,255,16,233,159,94,138,176,252,133,223,239,92,0,105,0,124,126,126,255,174,255,179,119,204,0,0,247,203,246,68,51,43,77,176,145,255,13,255,191,132,0,123,217,0,0,255,130,154,125,3,0,124,255,85,57,255
157,7,118,104,211,0,98,119,118,200,181,27,255,178,201,56,209,115,143,108,97,255,248,86,72,4,91,171,51,90,106,119,149,106,199,182,148,0,205,99,179,231,0,182,0,255,94,165,31,0,200,87,0,0,255,150,255,0,19,0,174,14,66,202,64,251,228,126,66,111,142,203,255,57,166,244,46,119,255,221,170,151,159,82,0,24,30,255,83,222,255,255,180,81,29,255,0,48,255,237,177,85,57,32,0,117,167,255,0,255,218,189,0,192,0,0,0,255,235,121,183,48,0,178,255,22,0,255
161,11,126,105,220,19,117,153,134,202,184,45,214,145,145,30,255,69,176,156,73,255,255,94,95,22,133,131,77,102,158,113,142,116,173,137,130,0,214,36,181,255,115,163,23,255,29,126,21,78,170,120,39,43,255,139,202,0,0,46,153,143,133,225,27,202,231,114,0,71,134,255,255,89,224,202,51,118,150,247,104,187,149,59,0,123,0,255,97,181,255,179,186,118,27,188,0,66,255,196,167,111,65,37,36,163,136,255,0,255,208,202,0,206,154,0,0,255,72,114,155,46,0,234,255,66,0,255
161,12,128,119,216,12,112,147,126,201,209,43,207,127,209,64,210,83,188,150,52,255,223,94,84,56,116,113,123,120,150,145,135,115,181,106,121,49,178,33,179,255,120,204,57,255,0,156,60,86,197,122,28,14,247,133,232,0,15,64,167,126,100,213,5,222,162,127,86,62,160,255,255,73,173,210,120,181,245,185,159,157,205,29,0,74,1,244,162,133,255,232,184,102,138,189,0,78,227,181,172,46,44,0,27,188,125,255,0,200,204,89,0,168,98,0,0,255,87,157,112,90,0,178,255,193,0,255
164,9,125,115,205,17,115,127,139,175,184,29,206,113,215,87,160,99,167,174,59,255,179,83,64,38,131,147,171,127,87,149,81,145,169,140,163,18,124,94,201,220,64,208,0,255,33,84,87,18,165,178,74,0,255,134,193,0,31,37,178,73,27,202,87,255,174,122,33,71,113,255,255,113,115,161,53,83,245,175,201,89,232,89,0,92,1,227,105,151,255,219,212,193,99,245,0,32,255,246,118,79,20,0,56,189,57,255,0,255,147,121,1,145,74,0,0,255,117,140,215,15,0,86,255,40,8,255
158,16,129,105,227,33,116,145,131,200,193,47,199,144,155,39,220,75,169,156,47,255,233,114,92,55,178,114,77,120,131,124,125,113,173,127,121,0,165,80,177,207,123,159,17,221,66,143,20,117,178,69,56,37,197,144,226,0,19,66,105,97,53,214,69,228,177,118,102,92,109,213,255,87,197,210,102,167,162,255,117,185,187,58,0,102,10,198,157,146,255,253,175,139,62,171,0,37,245,192,198,67,129,17,11,202,133,255,75,216,171,128,0,140,189,0,0,209,52,80,147,25,0,160,255,80,0,255
162,12,125,108,216,14,110,139,131,198,193,35,215,144,189,65,222,91,151,147,61,255,238,110,67,34,138,136,84,120,131,140,126,130,211,143,122,0,184,48,186,225,101,216,23,255,76,169,37,42,163,131,19,0,255,166,218,0,0,8,144,84,87,171,50,221,195,106,50,139,137,238,255,87,192,213,53,150,218,250,154,171,216,38,0,139,35,255,77,152,255,233,231,172,88,224,0,50,255,180,207,68,5,5,38,93,149,255,14,197,159,143,0,214,124,0,0,245,142,125,189,0,0,177,255,102,0,255
162,11,124,99,215,22,114,132,137,193,181,34,217,125,177,60,189,97,168,162,58,255,224,85,62,36,149,144,85,114,103,128,125,146,190,160,137,0,159,75,201,208,73,187,16,255,62,124,33,49,168,130,64,0,255,143,201,0,3,42,161,62,40,169,109,240,209,114,12,93,116,251,255,106,189,212,47,95,203,226,234,125,206,83,0,106,0,255,84,153,255,251,221,206,62,219,0,30,255,170,173,87,17,0,54,161,122,255,7,201,170,170,0,222,63,0,0,220,135,74,203,3,0,132,255,76,0,255
159,15,126,101,227,12,114,149,132,195,166,34,237,159,146,22,247,83,176,128,60,255,255,87,77,24,160,128,59,78,173,126,166,107,164,140,130,0,247,56,189,203,44,100,35,255,46,143,7,63,185,96,32,74,255,167,255,0,0,28,152,116,95,218,72,220,231,157,28,100,150,230,252,96,210,203,64,122,185,253,141,151,121,60,0,51,0,255,109,201,255,255,216,79,20,177,0,78,255,167,255,86,72,26,44,191,198,255,30,255,206,223,0,169,87,0,0,255,104,50,169,121,0,215,255,57,0,255
162,12,126,101,215,17,111,127,126,187,191,32,218,136,192,52,181,99,143,144,72,255,214,83,64,38,136,154,92,130,98,117,125,117,192,168,142,0,161,78,185,214,78,189,0,255,99,139,40,36,201,125,54,0,255,157,217,0,10,22,154,68,33,178,107,253,203,94,53,85,109,248,255,83,149,205,76,102,255,208,199,133,193,56,0,89,16,255,74,177,255,246,206,179,61,227,0,75,255,196,175,67,37,0,25,161,114,255,0,241,154,165,0,231,49,0,0,229,120,101,245,0,0,161,255,80,0,255
161,11,123,108,219,15,111,146,135,196,196,32,228,149,196,68,234,88,166,149,61,255,255,113,85,29,133,132,84,119,135,140,112,146,186,122,96,0,186,55,165,228,84,184,0,255,77,157,29,42,136,120,18,0,255,172,198,0,4,0,137,56,110,206,5,242,203,117,29,137,133,216,255,63,192,222,62,159,191,255,115,169,192,40,0,149,0,255,99,148,255,220,234,159,79,216,0,16,255,204,205,109,55,0,47,95,137,255,18,235,171,148,0,160,106,0,0,255,130,79,186,33,0,135,255,91,0,255
161,13,128,107,217,14,113,146,139,193,178,40,226,146,173,50,213,73,179,140,57,255,255,76,71,37,144,125,90,101,137,146,136,154,146,136,109,11,239,72,176,208,81,119,14,255,9,121,7,57,203,115,53,25,242,127,209,0,11,33,166,96,62,224,42,255,210,154,0,102,181,255,255,115,172,203,82,142,201,233,143,110,153,64,0,114,0,238,117,196,255,222,246,125,48,231,0,45,255,231,222,151,53,0,41,163,154,255,0,255,221,167,0,153,106,0,0,255,92,92,148,55,0,203,237,75,0,255
160,8,120,96,213,4,114,126,133,186,174,30,247,155,182,64,199,96,166,135,76,255,253,99,63,0,151,188,85,102,93,140,126,138,184,209,150,0,189,127,179,191,37,179,0,255,90,98,28,10,175,117,26,0,255,176,238,0,24,0,175,31,48,199,101,242,186,96,0,109,135,185,255,107,134,194,15,55,226,234,195,134,214,110,0,139,0,255,63,169,255,245,255,177,0,255,0,20,255,216,179,134,51,0,47,129,116,255,0,255,106,187,0,237,53,0,0,255,152,0,195,0,0,141,255,0,6,255
159,10,119,96,225,9,105,131,114,192,183,33,246,166,166,46,238,91,137,113,83,255,255,115,55,0,146,172,30,103,124,125,172,143,208,192,134,0,192,75,192,198,52,187,12,255,115,178,7,0,187,122,22,1,255,169,255,0,0,0,161,30,93,152,102,219,180,119,16,135,142,180,255,42,175,239,44,98,255,235,167,162,192,83,0,91,18,255,36,189,255,240,225,190,0,255,0,61,255,183,255,109,26,3,65,57,188,255,0,236,132,217,0,255,94,0,0,212,203,21,220,0,0,178,255,0,0,255
160,11,123,107,210,1,107,132,114,199,173,39,235,157,163,45,230,94,170,126,79,255,255,84,59,9,127,155,72,92,129,133,171,121,186,175,143,0,211,72,192,228,59,160,48,255,32,147,18,29,200,113,32,11,255,140,255,0,7,48,154,94,84,199,81,230,209,164,12,95,175,216,255,91,192,204,53,122,230,224,168,129,185,75,0,57,0,255,98,202,255,205,245,154,50,224,0,93,255,189,191,135,30,7,34,119,184,255,0,252,211,210,0,220,82,0,0,255,136,85,164,62,0,200,255,82,0,255
159,12,127,107,212,9,113,136,140,192,175,43,235,150,176,58,198,91,161,152,64,255,243,112,73,26,161,158,107,113,113,138,100,110,173,163,152,0,184,125,181,240,65,171,0,255,71,101,34,35,160,103,0,0,224,187,243,0,42,13,161,52,75,255,40,255,182,94,0,103,80,200,255,127,136,208,33,151,198,255,148,163,177,75,0,139,0,175,91,162,255,237,225,175,74,236,0,2,255,246,93,84,100,0,3,205,75,255,2,255,58,130,0,96,96,0,0,255,61,14,148,0,0,154,255,15,41,255
157,10,129,113,198,1,107,114,130,187,171,46,216,143,212,81,110,127,180,143,54,255,158,59,69,73,136,153,168,106,44,162,101,88,168,167,214,16,109,169,199,244,27,159,0,228,7,48,43,32,196,52,44,0,203,140,244,35,118,108,208,53,0,255,52,255,229,112,40,41,71,210,255,174,97,145,57,127,242,183,208,87,209,138,0,28,20,121,144,146,217,179,222,166,105,251,0,64,241,255,0,83,153,35,0,255,74,255,0,255,150,120,35,33,25,0,105,255,44,75,150,47,0,123,255,87,53,255
159,11,121,90,227,16,108,134,120,194,186,25,246,157,172,37,232,84,153,127,79,255,255,95,68,0,173,162,45,104,116,126,140,135,194,187,153,0,197,96,158,186,73,157,0,255,103,147,26,45,197,122,16,28,255,163,254,0,0,0,159,48,59,187,89,229,182,118,0,125,130,183,255,70,172,218,51,81,210,234,175,154,199,89,0,119,12,255,43,220,255,238,240,168,0,255,0,73,255,190,248,108,72,0,27,104,178,255,0,255,96,237,0,255,95,0,0,244,144,14,209,0,0,155,255,0,0,255
162,10,126,106,213,11,114,135,135,186,179,38,234,122,194,65,178,96,177,163,64,255,218,80,59,28,143,154,133,111,115,142,101,136,165,161,175,0,155,99,206,245,49,186,0,255,36,83,59,29,172,151,50,0,255,140,205,0,29,43,199,81,50,204,88,255,195,118,4,77,104,255,255,145,149,186,61,103,223,208,188,77,169,80,0,112,0,255,87,190,255,238,221,182,65,223,0,56,255,211,142,118,46,0,30,187,92,255,0,255,121,164,0,173,48,0,0,255,77,24,195,9,0,122,255,31,8,255
160,13,123,101,216,16,112,136,129,194,201,27,229,159,193,60,203,91,154,139,63,255,254,124,77,14,142,155,66,125,98,146,118,126,183,162,160,0,163,120,181,208,88,178,0,255,88,132,18,40,188,94,32,0,255,180,237,0,35,2,145,44,67,215,54,255,180,95,36,60,113,199,255,48,163,197,61,116,220,255,179,190,220,90,0,106,0,238,75,163,255,211,255,194,63,218,0,25,255,246,168,49,89,0,37,141,129,255,1,234,151,154,0,194,75,0,0,255,154,78,212,0,0,124,255,51,0,255
162,11,129,115,206,10,117,133,131,183,190,41,207,112,211,76,155,109,191,175,56,255,184,58,67,58,126,131,180,131,109,149,99,130,163,139,156,33,135,96,199,235,65,184,14,255,1,82,67,56,177,147,83,0,240,108,199,6,25,93,197,111,25,220,68,255,193,125,23,39,128,255,255,154,132,172,98,126,241,145,213,54,193,73,0,45,0,243,119,165,255,207,222,178,114,233,0,84,217,189,123,71,35,0,41,216,103,255,0,255,179,109,0,122,58,0,0,255,82,109,152,64,0,117,255,123,67,255
159,13,127,102,216,7,118,134,141,192,163,44,243,163,149,27,220,96,172,136,62,255,255,96,70,31,179,147,75,72,137,137,147,112,158,159,123,2,222,93,187,201,28,128,0,255,64,137,9,52,158,87,14,24,237,171,255,0,20,0,151,83,99,241,79,240,228,115,0,99,124,187,255,135,164,216,44,143,176,255,167,160,134,81,0,103,0,224,83,152,255,255,223,135,29,208,0,0,255,170,231,93,93,35,41,215,147,255,51,255,78,201,0,141,128,0,0,253,51,0,116,51,0,225,255,18,54,255
161,11,125,107,214,18,119,135,142,184,184,32,222,134,186,75,203,90,168,168,57,255,235,108,75,25,144,131,93,112,120,148,100,136,176,137,135,0,171,87,190,215,75,185,0,255,63,120,49,23,158,123,60,0,255,158,190,0,19,9,145,54,66,195,68,255,196,125,32,90,105,251,255,97,172,187,35,109,215,242,171,145,210,73,0,121,0,229,87,162,255,255,234,177,83,229,0,6,255,237,181,92,26,0,38,158,92,255,24,244,149,143,0,142,98,0,0,255,109,94,223,0,0,120,255,33,0,255
164,13,126,115,208,12,113,137,136,197,178,30,196,133,184,67,202,88,177,148,51,255,232,87,67,49,129,136,117,103,127,152,140,155,177,135,114,20,190,54,223,205,97,185,36,255,7,157,37,54,175,145,57,0,255,132,225,0,7,32,148,99,53,212,31,232,162,160,34,99,190,251,252,79,171,200,67,143,217,224,182,129,237,66,0,93,29,237,148,135,255,204,255,198,96,236,0,26,255,202,205,96,0,49,71,122,154,255,0,222,224,145,0,199,131,0,0,255,152,188,129,41,0,173,255,144,16,255
165,15,128,115,209,32,104,134,131,187,183,37,184,107,193,66,160,100,149,170,47,255,172,78,71,75,135,132,161,143,101,113,97,148,161,131,138,10,137,70,197,232,82,184,10,255,63,107,57,69,163,169,79,0,254,136,175,15,35,78,163,105,30,187,79,255,164,116,53,87,106,249,255,106,142,200,82,132,209,218,180,114,202,59,0,81,22,255,125,138,255,182,174,216,103,182,0,53,255,183,129,62,33,0,76,179,71,255,0,209,171,105,12,171,71,0,0,255,78,149,206,90,0,127,255,156,0,255
159,9,123,101,213,0,105,127,121,205,181,38,237,169,179,40,227,111,146,124,89,255,252,91,58,27,113,153,39,106,117,110,169,110,217,171,132,0,190,61,167,229,44,182,37,255,86,194,5,10,186,93,0,10,255,150,254,0,0,0,158,53,93,173,71,206,246,102,58,119,140,224,255,62,187,240,65,140,236,246,162,163,161,56,0,65,37,255,91,185,255,224,155,129,55,243,0,59,255,163,177,80,58,0,10,112,184,255,12,234,223,192,0,255,13,0,0,236,204,95,192,55,0,201,255,89,0,255
161,18,130,105,230,20,119,158,129,205,195,50,220,149,150,34,255,79,172,157,45,255,255,126,82,44,188,118,31,124,163,123,140,153,166,96,109,6,194,59,146,233,142,113,14,223,6,166,4,92,197,95,29,37,195,184,207,0,7,58,113,120,116,232,0,255,192,135,55,104,145,185,252,37,210,190,100,194,144,255,99,230,203,34,0,147,11,188,154,132,255,214,213,149,98,144,0,9,242,155,241,53,101,26,86,161,173,255,46,239,203,168,0,172,185,0,0,196,98,67,138,61,0,185,255,163,0,255
160,28,137,116,243,18,126,144,136,190,199,37,186,156,130,5,252,72,219,156,19,255,255,110,77,45,224,106,7,147,187,136,145,174,128,62,50,106,192,90,185,203,158,40,32,126,0,166,21,168,224,43,45,37,141,167,234,33,7,142,75,115,83,255,0,255,230,246,129,62,145,147,204,44,255,192,137,131,48,255,109,255,222,38,0,137,9,24,186,122,237,142,255,187,199,152,16,0,124,190,199,63,70,158,28,255,230,255,80,255,202,249,8,62,255,57,19,192,16,145,31,129,0,210,255,248,103,255
158,20,132,112,236,16,119,155,125,211,196,37,218,165,152,13,255,74,181,145,47,255,255,112,90,39,178,92,42,108,167,150,155,132,183,98,104,43,221,71,176,191,124,104,24,179,0,182,1,98,217,73,55,56,185,160,255,0,0,81,93,115,87,255,0,242,217,182,69,97,155,195,255,56,228,181,121,187,139,255,111,228,192,39,0,92,0,177,182,147,255,235,221,96,93,149,0,30,222,200,243,30,84,67,0,201,215,255,46,244,195,187,10,150,206,0,0,196,92,111,77,76,0,226,255,200,0,255
158,15,125,100,226,20,120,149,131,202,183,32,230,159,146,29,253,75,171,152,56,255,255,109,79,16,174,136,44,103,147,139,139,131,184,138,120,0,205,84,175,209,106,136,0,251,49,148,8,74,187,111,35,29,236,163,243,0,0,27,112,87,81,243,33,240,203,146,15,89,150,184,255,62,207,179,74,147,149,255,121,182,186,72,0,121,0,224,87,192,255,222,235,152,46,202,0,24,255,201,235,92,89,19,45,170,175,255,25,255,186,198,0,175,172,0,0,242,121,64,151,0,0,207,255,17,0,255
160,17,132,116,217,23,116,143,144,193,179,41,206,134,162,51,201,80,198,174,34,255,249,95,86,61,168,94,114,93,127,161,111,164,156,108,96,50,209,96,185,210,113,110,0,167,0,113,29,102,193,97,82,16,190,134,229,6,24,84,119,105,54,255,0,255,182,168,72,46,147,212,211,121,180,183,79,173,144,255,128,159,183,44,0,110,0,89,173,137,248,202,219,167,127,172,0,0,133,235,194,101,74,8,44,255,148,255,21,255,186,65,0,41,178,0,20,255,59,99,60,54,0,208,225,107,95,255
161,14,125,110,220,24,117,138,127,194,215,27,205,121,225,78,196,84,191,169,38,255,222,118,110,40,140,106,133,130,140,155,80,137,184,101,135,46,124,69,157,237,123,194,4,239,30,120,97,87,181,137,50,4,217,122,224,0,26,43,157,98,75,226,18,222,121,118,122,37,165,218,255,49,150,167,101,134,228,194,135,157,255,54,0,85,29,231,165,137,255,233,221,166,89,191,0,73,249,251,206,49,76,11,19,147,132,255,0,236,185,75,0,184,104,0,0,255,125,139,193,21,0,133,255,153,4,255
162,15,129,134,209,27,94,110,119,190,188,69,170,119,174,65,144,96,169,171,44,255,144,87,94,108,138,115,168,137,138,150,117,121,132,135,144,116,86,62,160,214,106,130,67,140,0,158,68,123,193,167,59,52,192,160,213,7,57,110,145,125,78,207,0,183,127,132,200,66,128,161,255,131,94,168,156,237,176,117,123,130,135,105,0,53,17,147,255,63,227,179,125,105,117,88,29,74,77,134,139,68,140,18,70,238,55,255,101,205,160,13,0,124,175,0,153,255,0,141,143,251,0,95,255,110,44,255
175,8,146,96,214,76,77,129,148,174,151,51,120,147,101,35,109,238,196,193,0,208,99,177,69,152,150,185,123,68,193,131,106,82,139,130,139,120,184,136,115,174,31,144,123,163,132,92,123,110,126,93,129,77,86,150,125,106,113,206,130,121,121,97,174,168,81,124,144,135,146,112,127,188,138,154,132,137,93,168,100,193,152,130,91,102,138,202,146,88,63,145,95,112,110,171,88,50,122,210,207,121,120,114,106,182,84,114,170,130,178,136,67,136,72,55,147,184,48,216,101,116,100,83,170,147,69,255
175,8,146,96,214,76,77,129,148,174,151,51,120,147,101,35,109,238,196,193,0,208,99,177,69,152,150,185,123,68,193,131,106,82,139,130,139,120,184,136,115,174,31,144,123,163,132,92,123,110,126,93,129,77,86,150,125,106,113,206,130,121,121,97,174,168,81,124,144,135,146,112,127,188,138,154,132,137,93,168,100,193,152,130,91,102,138,202,146,88,63,145,95,112,110,171,88,50,122,210,207,121,120,114,106,182,84,114,170,130,178,136,67,136,72,55,147,184,48,216,101,116,100,83,170,147,69,255
175,8,146,96,214,76,77,129,148,174,151,51,120,147,101,35,109,238,196,193,0,208,99,177,69,152,150,185,123,68,193,131,106,82,139,130,139,120,184,136,115,174,31,144,123,163,132,92,123,110,126,93,129,77,86,150,125,106,113,206,130,121,121,97,174,168,81,124,144,135,146,112,127,188,138,154,132,137,93,168,100,193,152,130,91,102,138,202,146,88,63,145,95,112,110,171,88,50,122,210,207,121,120,114,106,182,84,114,170,130,178,136,67,136,72,55,147,184,48,216,101,116,100,83,170,147,69,255
175,8,146,96,214,76,77,129,148,174,151,51,120,147,101,35,109,238,196,193,0,208,99,177,69,152,150,185,123,68,193,131,106,82,139,130,139,120,184,136,115,174,31,144,123,163,132,92,123,110,126,93,129,77,86,150,125,106,113,206,130,121,121,97,174,168,81,124,144,135,146,112,127,188,138,154,132,137,93,168,100,193,152,130,91,102,138,202,146,88,63,145,95,112,110,171,88,50,122,210,207,121,120,114,106,182,84,114,170,130,178,136,67,136,72,55,147,184,48,216,101,116,100,83,170,147,69,255
175,8,146,96,214,76,77,129,148,174,151,51,120,147,101,35,109,238,196,193,0,208,99,177,69,152,150,185,123,68,193,131,106,82,139,130,139,120,184,136,115,174,31,144,123,163,132,92,123,110,126,93,129,77,86,150,125,106,113,206,130,121,121,97,174,168,81,124,144,135,146,112,127,188,138,154,132,137,93,168,100,193,152,130,91,102,138,202,146,88,63,145,95,112,110,171,88,50,122,210,207,121,120,114,106,182,84,114,170,130,178,136,67,136,72,55,147,184,48,216,101,116,100,83,170,147,69,255
175,8,146,96,214,76,77,129,148,174,151,51,120,147,101,35,109,238,196,193,0,208,99,177,69,152,150,185,123,68,193,131,106,82,139,130,139,120,184,136,115,174,31,144,123,163,132,92,123,110,126,93,129,77,86,150,125,106,113,206,130,121,121,97,174,168,81,124,144,135,146,112,127,188,138,154,132,137,93,168,100,193,152,130,91,102,138,202,146,88,63,145,95,112,110,171,88,50,122,210,207,121,120,114,106,182,84,114,170,130,178,136,67,136,72,55,147,184,48,216,101,116,100,83,170,147,69,255
175,8,146,96,214,76,77,129,148,174,151,51,120,147,101,35,109,238,196,193,0,208,99,177,69,152,150,185,123,68,193,131,106,82,139,130,139,120,184,136,115,174,31,144,123,163,132,92,123,110,126,93,129,77,86,150,125,106,113,206,130,121,121,97,174,168,81,124,144,135,146,112,127,188,138,154,132,137,93,168,100,193,152,130,91,102,138,202,146,88,63,145,95,112,110,171,88,50,122,210,207,121,120,114,106,182,84,114,170,130,178,136,67,136,72,55,147,184,48,216,101,116,100,83,170,147,69,255
175,8,146,96,214,76,77,129,148,174,151,51,120,147,101,35,109,238,196,193,0,208,99,177,69,152,150,185,123,68,193,131,106,82,139,130,139,120,184,136,115,174,31,144,123,163,132,92,123,110,126,93,129,77,86,150,125,106,113,206,130,121,121,97,174,168,81,124,144,135,146,112,127,188,138,154,132,137,93,168,100,193,152,130,91,102,138,202,146,88,63,145,95,112,110,171,88,50,122,210,207,121,120,114,106,182,84,114,170,130,178,136,67,136,72,55,147,184,48,216,101,116,100,83,170,147,69,255
175,8,146,96,214,76,77,129,148,174,151,51,120,147,101,35,109,238,196,193,0,208,99,177,69,152,150,185,123,68,193,131,106,82,139,130,139,120,184,136,115,174,31,144,123,163,132,92,123,110,126,93,129,77,86,150,125,106,113,206,130,121,121,97,174,168,81,124,144,135,146,112,127,188,138,154,132,137,93,168,100,193,152,130,91,102,138,202,146,88,63,145,95,112,110,171,88,50,122,210,207,121,120,114,106,182,84,114,170,130,178,136,67,136,72,55,147,184,48,216,101,116,100,83,170,147,69,255
175,8,146,96,214,76,77,129,148,174,151,51,120,147,101,35,109,238,196,193,0,208,99,177,69,152,150,185,123,68,193,131,106,82,139,130,139,120,184,136,115,174,31,144,123,163,132,92,123,110,126,93,129,77,86,150,125,106,113,206,130,121,121,97,174,168,81,124,144,135,146,112,127,188,138,154,132,137,93,168,100,193,152,130,91,102,138,202,146,88,63,145,95,112,110,171,88,50,122,210,207,121,120,114,106,182,84,114,170,130,178,136,67,136,72,55,147,184,48,216,101,116,100,83,170,147,69,255
175,8,146,96,214,76,77,129,148,174,151,51,120,147,101,35,109,238,196,193,0,208,99,177,69,152,150,185,123,68,193,131,106,82,139,130,139,120,184,136,115,174,31,144,123,163,132,92,123,110,126,93,129,77,86,150,125,106,113,206,130,121,121,97,174,168,81,124,144,135,146,112,127,188,138,154,132,137,93,168,100,193,152,130,91,102,138,202,146,88,63,145,95,112,110,171,88,50,122,210,207,121,120,114,106,182,84,114,170,130,178,136,67,136,72,55,147,184,48,216,101,116,100,83,170,147,69,255
175,8,146,96,214,76,77,129,148,174,151,51,120,147,101,35,109,238,196,193,0,208,99,177,69,152,150,185,123,68,193,131,106,82,139,130,139,120,184,136,115,174,31,144,123,163,132,92,123,110,126,93,129,77,86,150,125,106,113,206,130,121,121,97,174,168,81,124,144,135,146,112,127,188,138,154,132,137,93,168,100,193,152,130,91,102,138,202,146,88,63,145,95,112,110,171,88,50,122,210,207,121,120,114,106,182,84,114,170,130,178,136,67,136,72,55,147,184,48,216,101,116,100,83,170,147,69,255
175,8,146,96,214,76,77,129,148,174,151,51,120,147,101,35,109,238,196,193,0,208,99,177,69,152,150,185,123,68,193,131,106,82,139,130,139,120,184,136,115,174,31,144,123,163,132,92,123,110,126,93,129,77,86,150,125,106,113,206,130,121,121,97,174,168,81,124,144,135,146,112,127,188,138,154,132,137,93,168,100,193,152,130,91,102,138,202,146,88,63,145,95,112,110,171,88,50,122,210,207,121,120,114,106,182,84,114,170,130,178,136,67,136,72,55,147,184,48,216,101,116,100,83,170,147,69,255
175,8,146,96,214,76,77,129,148,174,151,51,120,147,101,35,109,238,196,193,0,208,99,177,69,152,150,185,123,68,193,131,106,82,139,130,139,120,184,136,115,174,31,144,123,163,132,92,123,110,126,93,129,77,86,150,125,106,113,206,130,121,121,97,174,168,81,124,144,135,146,112,127,188,138,154,132,137,93,168,100,193,152,130,91,102,138,202,146,88,63,145,95,112,110,171,88,50,122,210,207,121,120,114,106,182,84,114,170,130,178,136,67,136,72,55,147,184,48,216,101,116,100,83,170,147,69,255
175,8,146,96,214,76,77,129,148,174,151,51,120,147,101,35,109,238,196,193,0,208,99,177,69,152,150,185,123,68,193,131,106,82,139,130,139,120,184,136,115,174,31,144,123,163,132,92,123,110,126,93,129,77,86,150,125,106,113,206,130,121,121,97,174,168,81,124,144,135,146,112,127,188,138,154,132,137,93,168,100,193,152,130,91,102,138,202,146,88,63,145,95,112,110,171,88,50,122,210,207,121,120,114,106,182,84,114,170,130,178,136,67,136,72,55,147,184,48,216,101,116,100,83,170,147,69,255
175,8,146,96,214,76,77,129,148,174,151,51,120,147,101,35,109,238,196,193,0,208,99,177,69,152,150,185,123,68,193,131,106,82,139,130,139,120,184,136,115,174,31,144,123,163,132,92,123,110,126,93,129,77,86,150,125,106,113,206,130,121,121,97,174,168,81,124,144,135,146,112,127,188,138,154,132,137,93,168,100,193,152,130,91,102,138,202,146,88,63,145,95,112,110,171,88,50,122,210,207,121,120,114,106,182,84,114,170,130,178,136,67,136,72,55,147,184,48,216,101,116,100,83,170,147,69,255
175,8,146,96,214,76,77,129,148,174,151,51,120,147,101,35,109,238,196,193,0,208,99,177,69,152,150,185,123,68,193,131,106,82,139,130,139,120,184,136,115,174,31,144,123,163,132,92,123,110,126,93,129,77,86,150,125,106,113,206,130,121,121,97,174,168,81,124,144,135,146,112,127,188,138,154,132,137,93,168,100,193,152,130,91,102,138,202,146,88,63,145,95,112,110,171,88,50,122,210,207,121,120,114,106,182,84,114,170,130,178,136,67,136,72,55,147,184,48,216,101,116,100,83,170,147,69,255
175,8,146,96,214,76,77,129,148,174,151,51,120,147,101,35,109,238,196,193,0,208,99,177,69,152,150,185,123,68,193,131,106,82,139,130,139,120,184,136,115,174,31,144,123,163,132,92,123,110,126,93,129,77,86,150,125,106,113,206,130,121,121,97,174,168,81,124,144,135,146,112,127,188,138,154,132,137,93,168,100,193,152,130,91,102,138,202,146,88,63,145,95,112,110,171,88,50,122,210,207,121,120,114,106,182,84,114,170,130,178,136,67,136,72,55,147,184,48,216,101,116,100,83,170,147,69,255
