168,7,158,84,198,97,128,122,149,165,155,162,50,161,94,105,114,97,157,146,22,190,147,97,106,126,166,178,181,104,91,91,176,106,90,118,68,82,95,28,93,161,70,137,138,251,128,113,108,230,111,3,144,114,155,43,191,24,136,181,209,136,11,231,220,176,204,15,104,159,206,193,255,200,78,119,134,145,39,58,148,164,220,124,45,174,138,234,230,133,170,67,164,165,175,255,54,80,179,194,255,122,155,76,25,255,146,255,255,255,116,82,105,41,255,104,161,163,16,41,8,101,0,191,191,0,66,255
168,5,163,88,189,92,131,115,158,133,138,177,19,183,61,101,90,66,167,108,25,179,152,95,72,95,189,140,148,108,115,102,179,121,37,136,58,101,98,0,101,103,95,95,206,252,81,96,175,222,119,0,152,118,109,13,212,38,92,245,190,55,7,255,223,161,227,5,127,207,202,205,255,177,144,97,153,155,22,0,101,229,212,128,6,148,114,255,198,169,217,110,154,105,171,245,71,87,255,214,255,143,203,184,0,239,136,255,255,255,226,141,78,0,255,74,122,243,36,0,3,143,0,225,147,0,66,255
166,7,158,77,192,86,131,121,147,146,125,172,30,183,73,105,113,90,125,112,31,189,135,94,107,98,170,143,147,112,113,106,168,149,19,148,102,28,107,35,153,97,55,121,163,236,43,87,140,234,157,0,126,155,120,52,176,26,138,255,139,83,35,194,208,139,179,85,147,198,207,177,255,154,151,88,168,161,0,35,122,252,190,135,37,185,158,249,246,185,204,104,197,69,171,228,45,76,255,218,252,152,204,139,0,255,96,255,255,249,167,220,99,0,255,58,124,255,0,34,4,173,0,212,182,20,6,255
169,8,164,77,199,99,136,127,143,149,137,168,54,167,96,110,113,114,160,115,27,175,126,106,101,108,163,166,180,84,101,106,156,129,71,136,43,87,89,46,101,152,80,107,145,245,81,131,115,223,131,0,137,125,125,31,190,19,142,215,217,99,27,250,197,172,194,36,145,156,193,176,255,167,94,71,128,128,9,17,113,159,245,117,40,149,142,255,222,151,139,16,157,141,172,238,62,65,255,230,251,134,177,105,0,255,134,255,255,255,102,159,105,23,252,66,119,195,0,0,33,166,0,213,255,0,24,255
171,10,168,69,195,105,135,128,145,137,115,170,33,168,75,128,112,116,191,122,31,202,147,90,111,101,140,181,192,85,119,68,175,136,58,132,46,53,125,24,100,153,69,99,168,230,84,129,90,255,179,0,135,102,146,48,196,7,101,255,203,116,46,255,181,185,210,55,172,170,175,214,255,99,116,40,156,137,17,10,122,245,205,161,28,166,131,255,248,220,108,41,175,82,200,116,0,75,255,231,201,63,158,93,0,255,142,255,218,236,47,249,79,0,221,68,107,255,0,0,1,222,0,203,189,0,30,255
168,10,163,80,194,95,125,116,149,161,144,174,35,165,85,120,116,96,162,129,20,192,140,96,105,121,157,181,167,118,91,113,189,98,72,132,66,69,109,19,82,131,67,110,150,246,121,107,126,239,141,0,164,102,149,33,212,24,112,208,244,128,3,243,224,149,212,28,97,171,224,186,255,206,87,101,151,153,61,23,126,186,236,130,34,137,143,251,242,142,165,4,155,162,193,255,46,84,192,236,255,103,151,102,0,245,179,255,232,255,84,127,113,7,255,100,165,223,0,27,35,122,0,159,206,0,38,255
163,1,161,123,152,45,127,84,181,175,105,106,37,186,43,106,55,65,141,86,14,185,237,93,15,98,181,128,157,57,45,156,237,139,74,210,89,85,87,31,143,50,34,141,230,254,0,137,165,174,110,0,158,118,41,146,237,21,93,255,57,0,60,161,210,63,144,110,208,159,200,214,255,220,130,0,202,179,202,19,98,255,255,119,66,226,0,160,195,187,210,255,112,105,164,204,156,88,172,127,250,206,255,255,49,117,255,255,255,224,255,94,0,0,255,29,228,255,96,109,0,90,11,240,218,133,255,255
154,0,159,140,147,45,94,75,120,207,177,63,66,139,44,102,66,66,183,88,34,234,216,120,71,66,153,176,155,102,101,84,192,55,66,230,84,143,126,69,53,118,119,89,233,242,22,45,79,188,140,5,172,132,166,39,156,12,31,255,88,0,0,180,156,125,192,56,177,207,127,105,255,160,49,85,14,205,198,101,85,144,245,69,189,109,132,141,220,226,112,191,103,197,55,255,159,238,109,159,254,0,197,218,0,255,170,137,255,203,255,96,44,78,255,200,255,255,104,177,106,233,0,255,85,64,173,255
165,1,192,124,165,118,117,61,134,101,89,147,63,112,79,76,91,93,255,126,11,255,146,67,60,116,80,133,133,43,135,96,149,197,192,94,79,29,97,55,106,226,65,152,214,255,180,133,82,209,255,98,144,93,52,15,255,0,123,172,144,37,0,255,122,156,162,145,250,201,52,93,242,127,45,7,73,255,98,179,80,39,255,244,161,144,172,241,255,169,27,105,189,140,179,192,122,85,121,96,255,16,155,208,0,42,255,214,87,135,0,0,0,201,177,0,230,255,230,119,41,255,0,220,78,193,200,255
165,0,191,98,178,154,64,97,152,11,140,193,106,213,51,4,97,59,255,102,0,243,31,147,121,191,238,83,92,192,187,99,129,97,68,86,188,185,80,133,128,210,12,127,205,255,165,195,101,77,188,22,43,78,29,0,175,102,182,162,204,112,0,234,146,143,255,204,107,54,109,198,255,80,188,177,131,131,72,57,45,165,197,185,0,233,255,255,255,100,3,21,255,150,82,182,10,181,255,85,255,0,159,140,0,100,247,255,255,0,0,75,0,0,255,44,0,71,113,76,255,219,0,194,0,229,0,255
161,0,187,96,167,139,63,89,149,63,98,154,102,200,55,16,88,27,248,86,40,229,64,114,103,178,163,88,117,221,204,112,109,90,64,100,82,139,163,74,109,211,50,43,191,255,182,156,90,86,211,57,110,53,50,32,238,63,116,173,170,83,0,255,155,161,223,181,95,76,102,141,246,133,180,72,0,255,215,133,53,72,255,213,41,168,237,234,255,70,34,153,217,93,100,217,99,255,203,115,187,0,125,85,0,93,217,227,255,26,0,157,0,113,218,0,117,99,94,142,181,185,0,202,0,253,0,255
171,7,181,103,164,81,145,75,169,135,76,117,47,154,46,82,105,82,164,97,37,235,169,91,61,106,152,108,158,46,55,106,163,124,106,168,23,68,75,17,157,46,86,96,171,210,32,138,176,199,103,13,184,93,35,71,255,23,54,175,173,56,12,242,229,124,196,85,165,193,123,138,255,202,116,10,141,223,180,7,46,197,244,126,34,158,0,199,232,203,179,190,100,81,255,233,182,76,186,226,255,106,104,197,36,187,182,255,242,189,189,64,0,81,218,0,163,224,118,0,0,255,0,255,131,131,47,255
167,5,162,93,166,73,105,90,184,154,133,162,18,191,22,90,81,67,135,82,24,189,136,112,78,60,255,104,88,128,88,127,218,68,0,173,155,42,84,0,133,0,57,71,242,255,0,81,252,214,118,0,156,182,10,136,218,120,94,255,208,15,0,146,194,98,219,99,59,207,144,255,255,203,218,145,187,104,154,0,95,255,215,26,0,255,17,200,189,255,255,163,202,121,255,255,34,64,255,203,255,216,197,232,52,255,139,255,255,255,255,208,48,0,255,182,37,255,24,98,117,138,0,227,175,161,31,255
167,7,159,71,202,97,139,124,144,165,150,172,48,156,104,121,117,103,146,107,58,163,126,84,124,105,158,190,192,115,77,114,141,148,25,177,82,27,81,71,116,131,50,95,125,237,49,94,125,233,171,0,142,142,156,0,176,18,146,249,210,113,7,205,196,155,189,61,110,175,175,187,255,145,70,92,105,123,0,20,169,191,255,121,46,157,159,255,255,131,189,56,156,171,178,246,66,105,255,192,255,126,228,124,0,255,101,255,255,255,136,209,134,56,255,39,213,174,20,10,21,79,0,138,254,0,0,255
151,1,156,121,165,65,74,69,105,204,119,117,49,93,53,138,128,44,127,115,0,255,119,66,113,74,145,200,114,49,171,85,133,54,136,158,135,68,104,0,125,210,99,78,222,213,126,122,137,184,243,20,118,150,106,61,255,0,20,207,199,23,86,223,171,60,121,50,211,199,85,52,212,232,63,0,0,255,123,45,70,83,220,123,162,121,167,129,152,159,191,247,29,129,138,255,172,114,100,163,255,0,161,15,0,41,202,53,251,163,254,106,109,98,255,0,255,255,0,255,229,0,0,69,255,149,235,255
151,0,162,131,178,91,46,80,108,199,147,69,97,146,138,134,158,44,120,91,7,255,91,194,63,124,140,102,106,85,200,120,200,0,118,108,136,142,65,116,109,166,0,150,104,255,193,109,57,153,195,221,121,218,174,113,206,7,97,232,142,53,0,190,90,131,115,166,178,131,85,128,191,166,101,96,12,247,176,232,26,158,92,115,121,225,163,65,255,106,54,255,217,88,143,207,144,132,139,35,190,0,252,120,46,103,255,149,255,19,58,49,93,134,238,0,255,254,11,255,255,0,0,238,214,113,28,255
147,0,157,95,196,82,42,52,135,208,130,111,99,128,130,136,144,38,139,103,27,255,69,151,103,181,206,140,133,154,197,120,148,69,80,90,132,82,127,76,71,201,0,107,147,252,255,145,135,220,196,108,71,86,46,0,214,78,109,255,134,70,54,255,201,0,106,127,230,16,225,208,94,149,184,87,97,207,204,65,0,153,241,25,136,216,98,103,255,27,255,132,126,131,68,240,93,12,207,136,88,78,71,255,0,164,201,61,192,165,141,255,24,128,255,0,172,255,0,255,229,9,18,73,116,19,142,255
150,4,162,127,201,73,41,88,85,202,140,48,115,87,160,171,200,39,115,151,0,255,122,113,37,156,163,98,134,142,162,116,194,9,168,114,123,61,90,202,99,207,75,245,108,199,96,161,94,201,158,181,111,65,167,21,118,10,94,255,94,56,21,170,172,47,136,151,255,153,153,180,203,195,46,172,30,255,90,136,146,197,155,159,101,170,136,180,255,34,137,88,255,8,121,136,167,0,214,53,88,0,222,79,0,84,250,122,194,0,13,70,2,142,181,0,224,255,0,255,209,0,24,226,255,158,0,255
146,0,155,120,192,85,37,84,95,212,164,84,83,96,97,158,203,77,114,149,0,255,145,116,107,129,212,170,111,122,159,163,213,51,113,91,124,67,5,88,100,229,41,186,128,184,172,144,130,238,173,95,212,92,114,98,241,44,69,249,162,49,14,218,175,17,60,71,213,134,193,56,227,191,45,72,97,255,206,135,18,187,126,90,181,200,146,113,174,63,107,178,158,95,75,255,99,85,143,41,255,0,110,0,19,101,255,226,207,97,0,223,56,135,255,0,251,236,0,255,255,0,0,190,255,180,166,255
143,0,157,113,201,71,41,105,83,218,127,15,127,145,166,178,230,84,73,117,0,255,139,126,41,145,174,99,111,75,197,147,195,0,120,99,100,61,59,182,207,187,7,248,4,255,159,134,117,188,174,114,147,124,162,67,140,0,74,255,95,33,49,212,105,100,159,138,255,74,181,72,141,120,46,127,106,255,99,127,34,242,104,170,167,186,75,187,197,81,33,125,233,0,56,142,145,0,185,57,242,31,235,5,0,35,255,158,250,108,37,204,0,131,187,0,237,255,0,255,255,0,0,122,160,139,0,255
155,1,160,110,159,63,96,65,146,208,102,95,0,158,0,137,113,55,103,80,0,248,182,130,85,54,224,142,101,140,102,86,238,0,51,188,189,14,47,21,52,58,36,57,255,255,21,75,210,255,192,0,136,237,57,162,232,94,0,255,138,0,0,131,209,0,129,222,157,177,54,136,255,163,228,0,160,255,210,65,14,190,166,51,117,205,76,90,226,255,236,255,28,69,169,255,135,223,255,135,255,113,255,115,0,131,164,227,255,69,255,162,38,46,255,27,189,255,31,166,124,237,63,92,255,155,69,255
167,4,183,98,199,145,123,96,124,50,117,193,81,137,63,68,113,170,253,168,25,216,160,48,131,125,255,171,138,99,132,162,170,167,107,118,61,103,83,67,85,255,94,211,190,222,134,255,158,241,117,68,205,25,41,22,255,0,117,196,168,29,0,255,73,172,193,28,204,25,140,109,255,107,42,76,78,207,24,0,82,110,255,188,0,90,178,255,255,253,0,0,255,10,125,137,109,165,255,179,255,0,168,13,0,141,255,255,190,127,0,55,0,0,96,137,71,53,189,0,205,227,0,255,0,100,101,255
166,0,193,101,161,121,73,89,131,21,132,160,72,165,59,43,114,54,255,131,0,255,112,6,113,150,180,160,143,158,188,111,165,66,119,95,55,68,163,164,134,199,88,75,231,255,160,99,91,226,172,0,103,54,164,2,239,10,90,172,184,77,0,224,116,190,252,77,138,121,154,121,255,58,125,205,72,205,76,97,121,172,183,246,109,187,255,255,199,95,4,0,227,0,194,235,60,79,101,138,186,0,188,150,0,72,255,255,255,158,0,58,0,83,213,59,137,88,57,202,251,178,0,255,0,97,61,255
169,4,212,88,179,133,114,115,106,19,137,162,39,154,116,52,133,103,255,172,0,250,97,6,138,105,205,191,131,142,156,150,142,130,136,154,62,63,192,78,184,255,104,139,254,255,212,184,172,186,176,0,63,0,53,0,255,0,53,142,255,2,0,221,10,135,202,102,147,65,108,112,255,53,69,63,0,242,54,79,138,36,214,226,174,193,167,255,222,161,0,0,255,0,171,198,73,41,234,204,201,38,183,88,0,130,255,255,250,223,0,193,0,45,114,0,95,0,53,181,216,255,0,255,0,59,0,255
165,0,198,92,173,115,121,127,115,49,158,111,55,142,81,76,147,92,237,166,0,244,118,12,147,100,213,185,169,109,162,149,155,78,145,112,53,99,131,68,151,242,49,129,179,255,200,93,111,217,203,0,174,121,90,14,255,0,142,116,166,33,0,193,99,117,169,68,153,110,48,184,255,74,79,84,0,239,25,160,97,56,95,179,34,222,80,192,211,157,5,0,229,0,112,187,0,0,184,109,244,0,222,186,0,145,246,255,154,255,29,180,0,29,184,0,54,87,0,202,250,191,0,255,0,137,0,255
171,0,218,94,173,147,64,101,107,0,130,160,66,157,95,45,153,80,255,155,0,255,77,0,109,104,209,202,88,131,191,142,186,88,132,139,21,91,145,194,217,251,61,118,255,226,139,176,129,226,126,0,72,13,58,4,225,0,63,170,255,41,0,255,66,157,255,156,94,32,132,87,255,0,121,155,36,138,0,74,132,128,159,255,105,163,255,255,205,97,0,4,219,0,255,163,61,105,233,206,255,24,235,46,0,68,255,255,255,173,0,149,0,28,174,0,18,0,23,255,255,255,0,255,96,128,0,255
170,0,204,92,175,132,122,131,125,37,155,145,75,155,95,51,102,122,255,151,0,246,66,64,137,128,232,197,144,125,149,104,102,111,113,155,138,48,131,81,177,225,92,191,179,255,168,175,148,133,202,0,66,78,95,0,255,0,107,166,225,67,0,188,89,119,207,138,144,60,77,212,255,42,155,96,106,255,100,146,102,97,174,129,60,255,148,225,238,232,0,12,255,0,119,108,0,17,239,80,167,85,135,163,0,93,233,255,226,188,18,123,0,35,160,96,0,94,8,94,171,255,0,255,0,69,47,255
169,6,205,78,182,132,88,114,106,40,145,133,84,152,117,79,145,162,255,178,1,218,104,0,179,102,207,190,159,109,154,161,155,155,154,174,59,58,110,137,240,255,85,181,166,184,141,193,158,214,185,0,133,56,124,0,255,0,107,221,255,40,0,215,99,164,211,76,136,70,85,128,255,33,0,24,78,184,0,99,107,103,187,165,161,124,209,216,239,149,0,10,246,0,135,119,12,0,255,179,250,42,181,131,24,153,255,255,235,255,0,255,0,41,116,0,103,22,12,224,255,246,0,255,102,133,0,255
168,0,204,93,172,133,85,112,127,0,128,134,53,151,61,55,184,66,239,185,0,255,125,2,169,80,213,132,127,146,172,197,181,73,155,52,37,115,145,80,132,255,0,83,219,255,235,156,131,218,145,0,137,65,39,56,255,0,113,106,192,21,0,255,60,144,224,172,58,77,51,140,255,53,47,46,0,213,0,56,115,142,137,192,45,191,117,255,244,114,0,0,255,0,216,145,84,55,242,151,255,0,157,75,0,114,255,255,255,173,0,128,0,20,141,0,15,0,54,255,255,255,0,255,16,178,0,255
167,1,202,94,179,118,112,128,111,8,169,134,59,154,102,38,139,123,255,157,0,216,128,0,149,104,242,225,172,131,136,152,152,95,132,176,91,54,141,123,176,249,93,172,207,255,155,192,143,192,203,0,108,25,69,0,255,0,52,126,207,89,0,170,92,106,222,109,112,83,69,177,255,41,126,104,52,191,14,47,115,66,150,201,79,199,241,255,230,182,0,0,255,0,183,101,58,0,210,145,232,34,255,177,0,193,255,255,204,204,0,179,0,0,233,43,118,53,96,140,194,255,0,255,0,74,0,255
165,0,194,96,181,138,108,124,136,26,155,170,72,187,107,27,104,126,255,133,0,208,70,95,126,133,246,167,122,118,166,111,149,129,107,134,142,153,95,89,163,255,39,214,166,255,220,220,137,150,185,0,73,90,86,0,255,36,136,176,208,93,0,229,127,116,255,137,113,40,42,200,255,0,151,72,113,206,22,119,41,143,162,132,0,212,255,248,255,200,0,0,255,40,98,68,0,57,255,68,238,56,207,209,43,198,231,255,255,166,1,136,0,0,255,43,0,72,79,122,255,199,0,255,0,135,97,255
161,0,193,99,183,134,68,97,106,46,127,187,75,137,114,69,128,79,255,145,0,255,82,28,127,157,165,179,115,149,189,113,159,125,110,109,83,74,173,145,153,255,41,140,188,255,218,161,129,186,144,86,89,47,38,0,255,41,62,207,247,96,0,255,86,117,222,108,131,70,105,122,245,142,117,104,15,194,106,83,105,176,179,238,107,185,255,255,229,114,0,26,255,20,142,166,114,148,167,202,255,0,236,52,0,96,255,255,255,195,0,220,0,71,128,0,178,30,0,255,255,203,0,255,102,198,0,255
166,0,198,94,174,139,80,101,129,4,114,161,71,155,54,36,139,42,246,158,5,255,74,26,125,119,183,157,112,106,195,158,196,65,168,57,18,132,147,106,99,255,17,61,196,255,239,117,80,227,145,35,161,49,81,54,255,0,112,160,199,59,0,255,52,210,255,98,137,72,141,90,255,41,142,107,0,187,94,108,57,146,190,190,28,178,222,255,195,119,0,0,255,0,194,212,105,138,158,104,255,0,168,73,0,91,255,255,251,142,0,28,0,137,120,0,100,0,43,162,255,255,0,255,1,110,0,255
167,0,200,95,179,143,103,115,135,23,121,161,76,168,71,39,118,84,255,150,4,238,99,31,112,118,203,174,123,85,182,139,158,100,158,98,40,97,156,70,128,255,83,118,205,255,235,161,127,200,165,0,138,58,59,3,255,0,104,176,202,25,0,255,71,177,234,108,158,59,118,135,255,8,120,69,35,255,57,143,0,110,220,161,0,158,175,236,250,148,0,0,255,0,156,161,25,114,217,95,255,0,179,99,0,84,255,255,247,143,0,59,0,73,125,0,45,23,56,101,255,255,0,255,0,128,0,255
163,1,186,101,178,117,69,93,117,62,149,140,86,127,78,69,146,86,252,160,0,254,161,6,114,118,181,196,176,138,184,140,162,63,125,98,73,82,148,167,150,194,84,113,193,214,118,90,82,239,130,3,190,102,144,1,229,22,68,189,198,90,0,196,173,164,255,55,94,108,112,132,255,149,95,249,80,173,0,134,146,177,136,194,88,175,252,205,204,122,3,78,178,0,163,232,67,57,113,153,226,0,247,172,0,178,255,255,255,213,0,131,0,93,212,0,188,114,69,255,196,117,0,255,53,136,19,255
175,0,204,83,183,157,94,97,134,0,87,161,98,159,31,0,111,50,255,193,5,251,77,35,124,106,252,166,124,101,212,152,165,87,121,64,66,123,124,110,100,255,41,178,219,255,226,201,104,230,118,0,123,61,124,93,255,0,85,111,187,24,0,255,0,255,255,107,139,0,111,49,255,0,157,140,28,255,0,36,0,190,255,144,0,96,138,255,204,141,0,0,255,0,255,68,90,177,255,77,255,0,40,50,0,66,255,255,255,7,0,0,0,115,0,255,0,0,152,0,255,255,0,255,0,84,0,255
166,0,198,103,180,131,101,89,114,67,127,162,72,126,79,65,123,93,255,151,0,255,112,37,102,127,162,182,126,112,198,115,126,109,132,108,61,76,179,99,107,221,93,105,210,229,188,127,106,203,172,28,130,87,106,0,248,0,111,166,191,33,0,224,107,137,203,53,156,86,126,96,255,104,106,122,64,246,73,158,80,102,222,182,103,164,203,237,214,122,9,135,241,43,125,208,26,112,204,136,205,0,199,161,0,83,255,255,186,219,0,88,0,143,124,2,142,148,69,168,190,244,5,255,38,150,0,255
167,0,199,101,180,139,94,111,124,51,142,141,83,158,68,50,124,107,255,142,0,239,129,16,114,114,200,173,139,128,156,144,137,89,135,93,47,87,160,125,129,236,78,104,196,245,172,147,119,173,163,5,146,102,105,0,231,0,135,174,221,17,0,217,150,109,214,129,125,100,99,118,255,55,100,118,65,228,18,164,77,123,186,149,68,181,216,235,230,142,0,50,239,0,145,152,13,85,207,117,222,0,188,172,0,125,255,255,255,194,0,73,0,80,154,33,82,88,0,195,227,203,0,255,0,156,0,255
168,3,191,94,189,101,201,122,128,54,166,106,74,130,103,60,138,139,209,163,25,198,134,70,160,100,193,170,220,177,121,134,124,151,99,173,100,45,55,72,68,212,28,201,110,203,74,192,181,205,179,0,221,110,70,7,242,0,158,79,53,123,0,166,240,0,147,180,255,98,77,110,255,76,0,11,149,255,69,130,24,23,189,149,22,146,0,255,255,252,0,0,247,25,70,53,18,68,255,139,255,38,172,219,0,113,248,255,255,114,38,148,0,29,255,225,0,82,130,0,94,255,0,255,0,57,76,255
150,0,169,105,189,107,113,114,100,214,141,113,50,164,120,145,125,126,160,80,0,234,117,159,80,128,189,179,144,79,157,88,162,71,70,175,67,170,72,34,140,183,47,165,131,255,162,116,112,186,167,0,114,171,155,52,235,12,33,199,208,68,89,200,147,89,205,57,255,190,62,71,188,125,122,83,14,255,197,155,0,48,129,153,125,203,96,62,161,174,79,255,151,255,34,255,59,200,113,126,255,88,255,82,69,206,255,148,255,160,255,227,167,119,255,0,223,238,0,255,213,0,0,255,115,128,42,255
153,0,176,135,174,64,94,83,91,186,163,54,77,93,128,135,162,57,177,119,0,255,141,162,68,86,162,165,169,104,113,102,175,0,109,151,123,114,95,90,9,131,89,177,203,255,82,57,43,225,172,99,169,111,156,81,130,0,50,236,135,84,4,65,147,74,131,84,231,187,127,163,255,217,0,115,0,255,178,158,106,12,170,141,215,155,101,113,255,153,38,102,132,243,138,255,110,98,97,128,196,7,199,112,0,255,210,107,254,75,253,73,100,52,255,18,249,255,20,212,68,121,50,219,176,77,30,255
151,0,167,123,177,76,107,103,83,193,161,65,75,114,133,172,158,99,164,102,0,255,151,145,79,77,181,181,170,85,123,101,167,50,90,175,88,118,71,112,111,178,88,218,127,255,84,65,98,213,170,30,157,125,168,64,167,0,13,199,168,64,70,124,94,121,137,45,249,236,76,73,253,177,3,116,0,255,140,140,45,27,143,178,183,161,116,88,173,126,46,172,125,255,93,255,82,120,105,171,255,0,187,61,0,219,255,140,255,117,255,183,138,99,255,0,247,255,32,255,132,0,0,255,196,129,151,255
149,0,159,135,169,48,92,64,80,175,151,96,78,79,70,172,154,53,142,128,0,255,162,82,85,59,130,205,156,76,162,106,127,89,87,143,140,78,155,92,111,153,121,133,172,203,93,95,112,161,193,97,170,113,101,80,197,9,88,188,118,0,92,160,118,86,54,0,180,185,153,68,255,255,0,50,0,255,73,84,140,27,172,154,174,87,149,132,164,97,171,180,63,128,123,255,148,19,87,203,255,0,114,29,0,52,167,24,255,103,255,153,140,75,255,0,255,255,3,255,189,43,0,77,174,87,127,255
152,0,162,127,177,87,97,109,94,199,162,76,64,137,108,164,142,80,162,104,0,255,152,138,70,79,183,204,170,64,132,102,168,69,83,199,90,157,99,88,151,175,71,164,135,255,126,43,95,186,182,3,196,147,144,95,211,7,51,211,178,66,79,140,118,146,169,21,234,249,100,94,255,160,60,105,0,255,188,132,0,36,86,154,145,189,88,59,184,176,94,255,104,238,102,255,29,167,68,183,255,34,193,69,0,208,255,104,255,150,255,163,84,162,255,6,230,255,42,255,232,31,0,255,147,69,67,255
155,0,178,113,179,98,125,89,85,201,144,88,53,129,109,136,136,109,171,96,0,255,140,177,74,90,181,152,140,106,136,68,142,52,76,184,56,141,111,59,78,137,62,123,194,243,127,94,83,206,183,38,138,160,139,59,168,0,39,167,182,26,58,135,100,109,159,61,255,217,29,35,253,165,52,125,0,255,211,147,39,0,140,154,184,183,88,96,193,139,100,255,56,255,39,255,97,210,115,172,255,48,228,120,0,247,242,134,255,125,255,137,125,135,255,0,180,223,15,179,106,211,0,255,153,72,34,255
154,0,177,116,186,88,114,120,55,211,183,77,59,114,100,162,182,148,181,115,0,236,185,106,88,83,216,227,152,102,72,104,163,103,62,246,87,134,60,68,130,133,137,224,160,233,75,87,91,255,193,0,198,118,117,88,170,0,11,201,132,84,82,75,158,71,91,70,240,207,86,52,255,110,8,114,0,255,138,101,14,0,108,152,152,132,169,77,188,166,90,166,126,255,44,246,0,199,126,98,255,0,192,16,0,255,255,51,244,168,255,255,94,97,255,19,142,255,0,237,217,65,0,255,111,108,0,255
154,0,169,113,178,98,106,92,72,201,150,94,61,144,108,148,158,124,148,88,0,255,134,174,85,99,190,139,122,122,116,93,212,25,94,169,88,153,66,108,78,112,31,144,127,244,110,125,48,209,141,50,134,181,169,136,206,26,47,175,150,31,58,168,88,94,182,96,230,180,48,8,255,94,69,71,32,249,243,118,8,65,114,135,159,239,151,116,170,162,72,255,139,255,57,231,85,189,110,120,255,23,246,87,0,172,255,155,255,193,255,172,109,214,255,0,233,237,0,255,252,84,0,255,235,56,0,255
156,0,167,128,180,71,109,98,92,187,159,68,86,86,124,168,168,66,168,134,0,255,135,118,75,115,139,165,168,136,122,69,110,52,142,180,113,102,114,129,70,181,121,181,146,242,120,75,62,217,144,24,131,77,168,61,184,0,91,149,155,82,50,115,143,131,132,9,208,231,76,152,255,247,63,124,0,255,147,158,62,33,177,138,129,162,69,114,218,122,70,149,144,251,109,255,59,67,121,156,255,0,108,94,0,198,207,77,185,116,255,41,69,134,212,0,230,255,85,255,91,16,26,229,228,120,8,255
152,0,158,121,172,72,63,91,74,180,162,67,79,101,112,155,159,56,137,133,0,255,138,81,115,80,166,180,146,69,156,147,174,74,145,177,112,132,107,72,174,203,91,132,141,220,98,63,89,179,168,33,142,136,183,118,255,66,57,177,203,4,18,106,120,123,145,0,182,206,110,32,255,218,43,56,0,255,171,109,39,125,113,149,175,152,175,132,173,136,94,173,108,141,94,255,82,85,113,233,255,0,229,40,0,114,255,45,255,225,177,255,75,121,239,0,255,207,0,255,255,0,0,255,255,98,56,255
152,0,168,121,175,92,99,109,108,188,127,73,72,159,115,166,134,93,160,60,6,255,152,150,54,91,151,181,171,68,138,98,157,52,91,196,68,146,108,68,137,132,55,151,107,255,102,37,72,175,186,9,178,187,125,74,229,20,67,227,159,46,73,175,103,160,174,99,233,244,73,113,246,172,137,94,0,250,217,226,0,54,97,185,144,196,93,14,209,198,55,255,159,162,133,255,38,224,123,180,255,41,217,139,63,227,255,121,233,131,255,200,61,145,235,0,255,255,87,255,172,89,0,255,112,122,45,255
169,1,162,74,181,93,133,133,161,149,133,160,41,161,95,96,89,102,162,127,38,187,122,126,88,108,185,185,179,136,126,92,135,155,7,139,92,73,124,19,137,105,64,109,145,255,67,108,142,188,196,0,68,115,119,8,218,39,83,255,163,80,36,235,247,155,166,71,150,177,177,218,255,143,125,117,97,85,68,18,170,215,202,146,35,137,173,244,255,194,195,48,140,98,113,207,12,88,255,255,151,211,222,134,0,230,107,175,255,255,151,212,106,108,236,89,155,255,35,69,23,218,0,202,255,0,162,255
153,0,169,127,178,91,100,89,103,217,145,92,74,104,136,113,127,92,190,92,0,255,116,176,92,122,163,170,178,114,149,79,102,90,143,167,95,164,76,40,103,186,91,171,209,249,135,156,61,192,189,44,99,113,146,30,226,26,9,224,213,59,75,204,119,46,189,87,255,214,98,118,241,239,103,132,29,255,215,146,99,1,198,128,161,158,68,22,224,136,133,247,88,255,80,255,106,138,58,186,255,87,200,100,41,236,255,42,255,122,255,163,106,177,255,0,216,237,3,194,57,186,0,255,188,178,113,255
148,0,153,131,173,58,87,90,57,193,180,75,99,89,117,167,189,76,153,139,0,255,149,120,109,73,166,169,148,121,135,135,143,126,97,156,119,105,88,100,123,161,145,214,145,205,110,111,79,198,165,10,167,126,144,125,188,98,57,219,127,24,58,87,73,77,72,0,215,240,152,32,255,211,0,78,29,255,156,77,16,168,186,100,165,76,232,160,190,41,62,88,120,240,6,255,0,32,129,152,255,0,148,46,0,177,255,9,255,148,255,217,163,29,255,0,155,246,0,255,255,61,0,215,251,134,43,255
148,0,150,128,155,23,112,100,77,180,182,79,85,118,120,163,178,72,172,122,0,255,172,82,142,49,154,236,194,83,127,110,102,99,41,156,127,137,101,91,142,176,129,204,109,255,130,61,132,178,127,0,217,78,147,53,213,37,0,166,140,93,108,107,132,117,87,0,128,213,129,87,255,173,0,50,0,255,121,62,44,55,210,136,128,17,174,133,162,114,25,101,32,205,70,255,68,29,63,223,255,0,141,110,0,254,203,66,230,223,255,190,172,0,255,0,255,255,82,255,142,40,0,102,93,92,255,255
153,0,174,119,174,78,108,91,85,180,147,72,63,115,100,174,172,101,160,113,0,255,169,112,91,83,167,199,158,96,118,89,134,58,106,164,65,104,98,86,108,152,82,154,153,232,116,68,97,230,170,0,170,143,155,80,224,0,64,124,185,53,38,135,134,120,137,18,220,208,37,43,241,216,47,92,0,255,107,188,44,0,123,162,182,173,90,84,181,130,53,233,64,206,118,255,73,114,132,191,255,0,179,48,0,220,243,94,255,97,255,148,88,115,252,0,246,255,63,255,123,80,0,255,205,115,29,255
153,0,175,122,192,66,141,131,65,202,186,65,64,91,150,157,205,145,189,127,0,210,189,80,129,108,179,255,183,93,73,110,95,74,55,190,112,153,43,71,138,175,116,243,120,235,50,82,159,255,185,0,191,91,138,64,182,0,6,113,115,157,98,134,199,0,162,23,217,193,129,36,255,120,0,87,0,255,28,113,0,0,163,198,106,161,134,143,216,173,75,94,66,255,113,254,9,155,110,99,255,0,180,48,0,255,150,75,145,176,255,127,88,103,255,117,243,255,0,143,98,0,0,255,0,28,78,255
155,0,168,114,198,108,157,104,99,218,144,129,37,192,144,169,126,175,139,96,0,214,148,180,97,130,198,198,171,96,104,104,206,138,54,250,105,238,1,63,94,138,0,188,141,204,114,159,138,255,77,0,170,158,134,106,231,0,113,186,195,120,180,247,200,87,214,105,252,88,156,103,255,209,73,101,87,255,139,161,31,45,177,210,79,42,97,125,230,136,181,255,101,255,59,255,81,207,219,228,255,186,255,83,49,215,255,191,255,168,255,226,27,137,255,140,211,203,79,18,88,78,0,255,217,50,255,255
154,0,168,123,179,91,92,102,100,198,156,76,74,138,135,152,162,76,145,112,0,255,103,158,89,101,181,154,171,94,141,109,165,12,119,137,85,156,108,92,106,174,35,170,111,255,147,69,69,173,146,58,153,140,191,92,196,0,77,189,214,85,46,137,102,156,175,41,208,205,79,126,233,197,45,137,0,255,182,159,42,48,119,139,188,204,77,120,186,127,67,251,120,244,125,255,95,102,91,175,255,36,211,60,1,222,255,181,255,141,239,100,109,137,231,0,233,255,25,255,211,39,0,255,254,157,17,255
151,0,154,126,178,52,95,109,75,184,192,47,93,94,153,158,182,66,173,142,0,255,180,103,97,71,180,188,204,142,140,101,146,87,132,164,119,125,53,136,141,217,124,255,113,255,138,95,171,221,126,13,131,72,182,76,215,36,6,145,178,100,44,129,147,84,133,0,202,208,114,79,255,178,23,122,26,255,87,90,63,59,168,121,93,137,79,175,151,118,62,126,147,210,59,255,77,15,119,174,255,27,215,13,7,107,240,134,204,135,255,143,118,105,255,0,228,242,89,255,166,0,0,194,249,160,132,255
154,0,153,141,157,54,76,77,88,205,177,105,81,138,39,122,85,16,173,79,3,255,144,106,70,75,122,192,120,75,158,107,133,79,82,194,116,143,187,65,108,123,167,91,184,251,29,36,88,83,231,68,146,183,87,66,188,108,51,255,160,0,25,187,64,144,131,15,164,247,90,81,255,131,97,50,0,254,129,68,112,48,208,154,174,110,222,154,189,156,209,209,77,207,112,255,147,120,84,198,255,0,125,198,0,119,255,20,228,224,255,108,119,181,255,33,255,255,8,255,163,68,0,102,100,36,200,255
155,5,163,131,176,37,134,83,82,190,150,67,97,89,163,126,190,62,171,139,0,200,144,57,102,93,137,199,216,79,105,136,149,29,102,170,135,98,82,106,100,176,94,169,140,192,45,95,140,235,165,59,223,116,126,82,200,0,52,213,77,99,59,121,140,40,73,116,255,119,181,61,255,183,0,85,3,255,33,151,0,0,218,141,36,132,65,202,255,114,83,133,138,156,120,255,115,146,66,162,255,0,198,30,0,77,112,39,255,162,255,54,122,99,255,69,255,255,30,183,48,45,0,221,92,67,133,255
158,0,164,136,162,66,95,59,125,166,125,69,63,147,61,174,88,64,134,92,0,255,182,199,62,104,177,146,176,81,109,132,251,0,73,95,131,173,77,106,0,174,0,107,129,226,83,60,56,166,161,120,95,209,160,139,143,67,87,159,105,8,0,119,156,121,247,180,128,161,113,138,255,180,102,15,118,154,221,139,12,63,96,52,178,210,189,131,184,179,60,255,100,163,158,255,138,215,174,167,170,0,188,182,10,70,143,221,255,101,255,78,90,151,255,80,255,255,132,231,140,207,0,60,162,62,192,255
167,5,158,85,187,81,168,116,163,202,124,123,88,172,97,100,138,136,125,126,40,178,176,122,75,158,132,203,209,100,58,125,161,135,68,180,59,68,129,100,161,92,18,205,94,236,0,153,65,255,123,29,130,116,160,93,183,36,93,201,100,115,115,200,255,103,123,105,92,107,189,185,213,222,115,59,41,161,119,131,165,138,233,242,14,148,125,232,238,97,219,165,105,174,198,188,148,39,163,168,207,209,210,60,129,255,94,224,248,226,206,235,69,48,255,38,143,154,111,114,0,48,0,140,229,47,211,255
155,0,158,117,161,62,134,91,106,215,153,78,96,115,72,81,149,96,189,122,24,189,200,74,87,113,178,179,166,126,57,111,186,69,65,202,55,91,124,150,74,154,58,124,160,226,58,146,19,247,177,0,232,81,171,12,134,0,0,255,27,24,24,136,169,92,141,64,241,246,165,60,255,152,12,69,0,255,212,98,20,0,209,184,167,0,162,156,249,44,173,216,49,255,37,209,106,146,119,161,255,33,206,81,0,222,255,30,255,221,255,95,1,25,255,117,245,152,148,37,46,132,0,228,156,138,255,255
154,0,150,156,197,91,38,87,83,209,208,127,100,41,76,176,86,48,177,208,8,255,143,101,112,193,204,255,168,157,165,138,182,106,88,195,194,159,94,255,70,255,101,161,55,88,76,176,105,230,177,176,158,99,145,80,124,132,200,154,142,51,0,183,255,50,186,0,255,149,125,70,255,255,82,132,0,70,241,40,39,191,101,68,190,148,154,255,255,74,115,189,192,250,0,86,53,26,153,129,255,0,43,49,75,62,255,147,193,55,0,255,35,199,227,150,255,94,0,255,255,6,0,255,255,128,170,255
154,0,161,133,183,86,84,93,84,215,212,81,99,134,145,102,152,94,165,82,0,238,131,183,91,119,208,131,137,140,54,77,186,59,112,146,67,149,6,145,105,202,106,217,184,243,154,138,7,230,112,106,213,120,135,40,179,41,30,250,199,65,81,189,142,148,175,20,255,210,168,92,255,127,0,160,0,196,157,125,53,47,240,42,168,149,130,81,221,63,33,214,174,233,9,215,86,227,102,128,255,4,195,5,20,135,255,197,255,187,234,14,93,255,203,135,191,188,0,198,177,0,0,255,226,106,89,255
153,0,153,123,166,61,86,107,91,200,201,74,90,144,100,110,121,93,156,83,24,245,153,137,116,100,196,179,138,146,103,87,164,79,70,213,114,108,84,111,122,151,81,154,103,249,119,72,31,157,161,0,166,122,173,20,181,10,62,209,150,60,5,138,181,149,200,0,151,226,55,88,255,100,62,112,61,215,225,154,36,121,184,111,205,150,119,93,183,134,83,180,102,255,3,255,82,138,127,192,255,0,152,111,0,247,255,85,232,185,255,218,119,149,255,115,229,255,40,252,144,47,0,255,133,107,167,255
151,0,151,152,196,83,52,106,90,189,202,113,85,92,73,162,116,88,175,150,0,255,177,111,89,141,233,229,139,117,143,168,182,80,59,180,142,133,76,225,85,255,79,180,116,148,77,153,129,246,157,91,167,110,132,43,105,43,171,225,147,0,0,169,206,120,129,0,231,171,142,43,255,255,44,120,45,122,191,93,46,102,54,127,204,118,162,221,165,29,82,241,150,242,30,199,33,83,156,105,255,0,112,0,72,46,255,223,195,64,166,255,97,142,254,124,255,167,46,255,255,0,0,255,255,237,249,255
155,1,154,143,186,77,45,79,96,204,189,50,151,96,108,131,120,59,148,140,55,238,200,74,54,161,172,167,155,149,106,155,209,124,128,116,84,61,100,158,157,202,104,199,149,93,66,151,104,133,171,111,201,44,103,59,171,59,163,255,136,0,0,194,116,151,159,45,203,239,201,89,211,232,41,99,25,207,92,194,127,128,227,83,152,178,68,181,255,47,100,163,198,39,41,202,173,123,129,28,167,0,204,85,6,64,252,133,183,89,172,106,0,182,168,28,255,125,87,255,239,26,16,225,255,22,12,255
153,0,156,114,194,85,93,107,72,193,177,103,85,87,120,163,175,101,137,152,0,255,125,87,125,120,184,207,153,107,114,120,118,123,94,216,145,91,81,131,150,204,128,194,55,177,141,106,93,209,152,8,152,87,173,83,174,32,124,162,161,80,41,161,136,148,166,0,184,204,98,99,255,215,0,106,0,248,82,85,51,110,140,89,135,139,145,123,160,107,101,163,141,255,27,255,0,59,150,187,255,0,81,0,6,208,255,109,231,188,195,244,131,161,181,0,228,200,0,255,247,0,0,255,255,124,0,255
159,3,172,113,177,67,119,123,63,220,208,75,102,97,115,113,131,130,173,100,5,247,141,120,135,92,180,169,161,196,62,72,99,86,75,193,79,94,116,121,67,156,123,186,135,221,78,76,35,192,161,0,193,100,135,40,146,0,77,200,182,56,65,89,213,84,108,6,225,242,48,67,255,110,30,120,35,222,254,132,51,9,248,46,248,208,102,118,173,195,115,175,78,255,5,205,45,191,113,162,255,0,84,77,0,167,255,124,170,191,255,41,74,185,217,159,101,234,0,101,68,39,99,233,141,138,0,255
159,0,161,112,166,67,128,82,171,156,99,125,39,171,38,99,76,77,156,97,19,193,212,102,65,111,219,154,145,100,63,121,203,99,36,203,87,96,93,23,111,69,32,143,217,232,7,157,144,255,123,0,152,90,130,88,220,0,8,255,28,0,31,188,250,85,169,106,192,155,152,192,255,160,99,0,148,231,201,33,50,223,218,199,93,157,26,127,218,161,176,255,100,75,120,233,212,125,220,196,203,179,245,131,0,186,255,214,255,123,255,93,0,75,255,77,216,239,74,8,0,129,72,249,154,246,255,255
156,0,168,124,162,73,103,97,83,207,171,83,69,169,71,128,136,87,155,59,22,255,165,169,57,84,173,171,117,111,92,85,140,65,76,197,61,168,160,89,111,109,79,104,125,255,126,46,3,103,141,0,160,158,133,74,200,2,57,162,152,0,44,137,87,204,185,0,216,255,25,52,255,51,114,160,0,201,255,181,24,12,143,145,202,196,92,96,168,159,115,255,93,255,71,255,76,186,107,236,255,0,161,151,0,202,255,83,255,195,255,105,145,193,255,61,199,255,54,255,127,190,0,255,44,49,44,255
157,0,159,133,177,83,104,93,89,206,215,92,88,165,127,117,164,89,158,77,33,255,97,227,89,97,198,141,120,160,65,98,175,53,48,181,134,196,77,207,59,89,48,172,93,255,99,79,0,150,152,79,243,158,189,81,157,38,112,237,159,67,8,100,120,189,164,46,155,167,67,18,255,117,27,139,39,184,212,146,3,63,128,91,189,177,199,177,255,149,69,221,222,255,68,215,124,190,186,113,255,0,220,188,0,168,253,255,255,107,255,51,58,255,255,126,255,212,7,153,109,0,0,252,196,38,113,255
156,0,175,116,177,93,107,106,82,205,171,97,61,111,82,121,143,110,206,98,6,235,152,109,92,99,180,175,111,160,93,113,146,137,68,198,39,112,124,55,65,143,69,143,165,242,122,93,43,217,221,0,223,135,113,58,186,0,69,231,137,57,83,131,184,57,81,91,245,239,49,53,255,120,33,47,0,235,223,149,50,23,188,148,228,134,120,110,227,153,106,255,89,255,24,222,0,237,175,144,255,0,207,111,0,238,255,54,159,178,196,170,73,152,255,16,180,255,0,154,97,133,16,255,242,182,0,255
160,1,172,121,180,89,104,79,89,169,168,74,98,96,74,126,87,126,205,157,0,237,196,77,50,101,190,178,117,85,87,132,198,78,132,143,42,136,7,1,46,219,131,201,204,161,147,180,117,255,171,130,254,55,149,113,225,0,103,198,117,13,0,226,158,129,165,18,246,150,184,0,215,192,0,5,46,203,157,110,53,57,137,71,164,59,110,151,159,179,87,205,71,232,54,255,132,160,131,132,237,0,255,95,35,158,255,188,176,200,177,61,43,192,180,63,255,255,0,90,94,130,59,242,255,152,151,255
156,0,171,123,187,110,94,108,83,219,166,95,67,137,94,166,129,120,161,123,7,255,169,146,64,118,203,187,131,95,99,121,184,73,87,168,42,174,94,101,105,198,58,159,145,202,113,92,104,191,146,80,215,144,152,95,187,0,83,216,208,24,68,163,167,147,171,47,255,217,95,38,224,203,30,130,0,251,189,158,10,27,92,117,162,174,51,61,221,140,150,255,107,255,77,237,84,230,95,130,255,10,204,29,0,187,255,196,255,106,253,98,127,203,200,0,255,175,0,175,171,59,0,255,242,152,0,255
157,0,166,116,179,91,84,110,80,188,174,96,82,140,111,127,136,90,154,105,0,252,132,124,81,96,189,157,125,110,88,106,160,91,105,184,73,154,107,77,164,161,113,149,135,214,125,105,30,158,156,32,180,109,189,61,196,17,92,224,201,8,61,161,134,218,170,0,184,227,84,79,249,138,23,104,0,226,192,142,24,58,159,120,208,195,148,115,149,118,104,245,103,247,65,255,53,139,94,168,255,0,182,49,19,190,255,154,255,246,255,134,118,210,202,0,230,235,0,255,190,92,0,255,248,117,34,255
153,0,152,118,184,59,87,97,65,186,169,60,118,112,127,166,160,95,138,119,0,255,170,102,113,85,156,175,166,146,116,94,142,105,106,175,131,92,95,158,118,172,124,220,80,188,141,105,90,199,143,55,143,69,201,85,171,0,104,175,134,59,73,138,172,124,162,0,209,208,162,85,255,169,0,56,33,255,112,104,25,82,198,89,141,141,97,154,163,123,52,144,176,183,0,224,91,90,147,166,255,0,104,0,0,115,198,91,199,178,226,136,98,177,237,0,231,238,2,249,218,0,64,167,221,51,0,255
155,0,172,120,192,104,78,104,64,196,191,113,79,90,122,141,157,113,172,141,0,255,132,112,88,133,209,183,108,145,109,116,161,128,91,189,85,134,94,170,128,198,121,206,122,184,127,144,64,201,163,98,183,63,122,38,168,1,115,195,186,42,41,160,163,110,136,0,228,170,84,54,255,237,28,149,0,190,180,116,89,69,106,123,191,183,170,157,186,135,129,233,181,255,5,198,51,156,135,117,255,0,194,0,23,112,255,193,226,157,123,198,65,185,213,0,255,185,0,255,235,0,0,255,255,210,39,255
151,0,151,133,167,53,76,103,51,193,223,75,90,147,144,118,142,72,178,82,0,255,115,148,88,32,204,195,103,117,100,105,205,52,111,190,126,152,87,142,142,167,117,236,150,255,135,97,48,165,190,0,122,133,116,82,176,68,15,255,160,0,88,136,18,151,167,0,185,255,67,75,255,35,29,87,27,245,188,103,7,54,142,147,134,108,235,43,138,30,86,107,117,255,77,255,8,89,84,176,255,0,212,106,20,158,255,62,251,252,255,194,205,120,255,62,224,255,0,255,193,0,0,255,178,132,209,255
160,4,177,108,197,94,126,110,54,205,151,96,76,121,112,185,172,131,118,110,0,255,179,111,92,135,152,146,152,158,101,129,184,58,95,216,64,124,163,151,65,145,102,151,78,159,63,94,93,213,108,46,157,143,143,138,108,0,117,126,137,48,101,78,124,108,146,68,214,216,34,4,255,158,47,45,0,248,167,169,0,43,143,116,174,162,96,147,166,119,132,241,93,220,66,234,0,202,202,219,255,0,102,37,0,151,255,142,248,112,215,171,126,210,149,87,173,221,0,167,187,53,7,255,208,62,0,255
153,0,164,134,185,89,97,101,97,199,158,96,61,201,110,130,118,108,148,52,5,241,137,200,50,113,179,160,130,100,99,115,178,82,83,150,94,205,117,114,105,126,9,127,131,221,105,114,28,147,144,8,124,164,175,85,224,18,97,238,186,0,114,239,96,156,239,47,195,169,114,85,210,120,121,106,75,182,202,189,52,91,117,188,179,176,129,97,191,177,110,255,146,255,69,255,159,182,117,169,255,69,222,99,0,160,255,143,255,172,255,142,120,210,255,107,255,240,21,181,163,67,0,255,93,40,187,255
150,0,155,127,166,42,107,107,68,195,214,52,73,128,115,140,172,104,170,109,0,255,156,111,129,49,186,236,167,96,88,100,144,69,112,196,127,124,64,90,168,204,95,209,104,255,122,55,86,195,170,0,180,110,157,83,217,5,61,159,174,64,71,135,120,145,128,0,172,216,108,19,255,79,8,100,26,255,138,107,85,14,171,145,172,106,110,114,128,98,83,124,83,255,126,255,29,24,127,197,255,0,143,80,36,219,255,80,237,199,255,203,156,96,255,77,255,255,31,255,74,16,0,255,99,80,206,255
161,0,180,116,181,95,127,127,63,205,206,65,76,114,126,134,147,148,193,102,0,254,156,157,93,55,226,202,146,186,59,98,165,58,53,192,63,221,85,125,82,128,81,203,140,255,56,117,40,189,162,46,221,117,179,130,122,0,81,194,194,51,110,77,237,67,103,87,169,206,44,38,255,74,56,136,20,211,255,128,31,0,176,94,235,244,91,129,177,210,143,237,60,255,150,123,34,142,150,168,255,63,255,133,0,172,255,165,255,132,255,131,36,229,250,152,173,246,0,133,84,66,31,255,255,165,0,255
153,0,160,113,193,88,102,114,67,203,174,91,74,126,113,155,159,133,138,119,0,255,146,109,128,98,192,197,159,93,91,122,151,78,91,209,124,100,58,109,135,168,85,185,91,180,105,102,65,217,154,0,166,123,233,94,177,0,113,191,164,41,43,158,109,170,160,0,191,185,96,68,252,151,0,56,58,242,109,145,47,54,111,114,185,181,125,98,136,119,59,200,107,255,45,255,42,99,126,146,255,0,138,0,0,231,255,123,241,179,255,215,151,217,167,10,255,208,0,240,178,0,0,255,178,118,0,255
152,0,145,131,184,78,68,103,78,189,206,91,110,115,130,140,145,69,169,127,0,255,144,140,111,91,195,181,130,143,132,125,160,151,94,202,134,153,95,190,103,203,122,207,101,222,136,133,84,178,150,70,193,90,173,50,174,79,140,235,167,53,29,140,157,123,139,0,162,183,138,51,255,199,27,131,19,181,178,131,51,162,180,110,148,115,197,193,208,69,115,182,217,255,0,195,9,70,191,163,255,0,182,66,0,130,255,178,255,123,255,251,110,192,250,66,255,255,0,255,255,0,0,241,255,174,166,255
158,0,175,103,216,127,173,121,74,237,144,177,42,203,135,175,120,208,138,66,35,188,136,150,90,140,176,212,133,147,119,118,170,178,25,253,81,202,98,114,49,155,24,180,115,204,104,201,140,244,127,0,180,216,153,78,156,0,236,218,173,96,205,235,200,30,124,118,255,54,153,81,255,216,111,42,83,190,116,200,25,0,189,218,122,22,113,203,250,86,229,255,156,255,0,248,28,255,255,141,255,169,255,89,20,207,255,174,255,137,255,246,130,122,255,95,231,210,0,0,127,62,0,255,161,120,2,255
150,0,156,148,163,40,73,99,76,200,212,78,112,135,128,131,125,100,207,65,0,255,157,130,96,73,160,206,155,106,90,92,95,98,114,131,84,106,110,112,102,186,149,234,170,255,102,76,59,218,146,0,155,141,64,39,232,102,29,255,195,1,55,214,97,142,132,0,210,234,76,81,255,151,63,149,21,228,181,112,77,108,201,122,154,124,189,81,182,123,29,76,114,255,57,255,52,111,44,143,255,0,145,88,18,226,255,71,219,191,255,90,148,7,255,67,170,255,0,255,179,62,0,220,117,122,203,255
152,0,149,123,181,73,89,95,102,196,161,97,55,150,78,148,146,97,149,89,0,255,162,94,103,106,171,199,116,126,143,113,117,146,36,199,135,81,146,125,142,160,85,123,119,169,157,84,80,164,190,0,142,148,185,35,203,40,120,218,155,24,87,175,74,201,190,0,153,240,74,102,255,110,54,113,12,251,85,123,75,122,142,178,165,123,113,103,141,73,138,221,102,187,37,255,48,66,127,158,255,0,104,49,0,141,255,90,221,186,255,252,179,163,255,77,217,255,34,255,192,25,0,255,117,86,239,255
154,0,162,131,163,64,96,89,97,203,172,65,82,129,93,140,123,78,161,103,13,255,178,134,59,95,163,191,164,102,106,93,152,91,104,177,107,117,135,102,128,185,88,169,119,229,117,67,79,141,181,27,176,151,145,87,195,31,83,192,176,35,29,159,108,176,177,0,228,209,66,65,255,171,64,125,0,255,139,168,75,67,178,119,189,151,51,109,203,161,93,231,81,237,57,255,82,90,123,185,255,0,135,95,0,191,255,95,255,96,255,128,142,114,255,67,189,255,60,255,75,153,0,247,166,55,164,255
160,0,173,121,182,85,102,100,57,200,209,56,104,67,143,131,152,131,169,142,10,252,149,129,104,97,205,210,173,186,43,84,178,74,117,184,108,136,59,127,90,159,114,234,127,210,66,114,34,215,183,78,212,74,165,134,153,0,81,200,202,129,26,62,232,115,131,15,169,182,123,86,255,172,22,122,33,189,255,121,68,38,215,68,231,166,146,157,245,180,94,173,120,255,90,195,29,142,146,158,255,0,225,27,0,231,216,134,239,171,182,148,26,222,214,117,222,145,0,166,139,35,43,246,255,122,0,255
155,0,149,126,169,61,91,104,84,210,202,89,86,127,119,114,136,59,166,83,17,255,136,129,118,70,183,171,148,167,80,87,130,71,91,189,106,104,110,139,92,143,135,182,134,255,106,72,32,173,142,0,169,118,168,47,182,42,48,239,172,35,45,149,124,139,154,0,161,255,76,106,255,97,58,122,10,231,180,118,73,66,230,98,189,137,132,135,214,123,132,159,98,255,75,254,115,117,125,197,255,0,138,99,0,207,255,93,248,172,255,88,114,226,255,90,253,255,0,254,66,4,0,255,186,153,54,255
153,0,153,132,185,79,74,100,80,195,202,91,97,123,112,150,147,85,162,117,0,255,172,124,88,125,197,170,109,136,97,110,139,123,97,174,86,107,100,154,109,194,138,185,127,189,151,146,98,194,121,11,158,81,144,46,196,39,105,200,152,6,47,181,136,134,187,0,238,246,146,37,255,150,45,151,0,219,123,129,14,107,196,91,132,175,114,98,208,61,85,217,174,255,5,213,39,124,132,117,255,0,134,23,0,111,255,175,255,145,255,97,119,206,220,43,255,222,17,255,235,0,0,255,190,132,86,255
157,0,166,115,193,94,109,120,58,217,210,94,77,123,127,144,164,164,160,116,0,248,167,142,109,86,241,207,119,163,50,119,181,98,58,205,90,151,33,110,93,168,105,236,124,219,85,154,76,232,155,13,187,101,164,99,126,0,99,221,166,62,85,115,223,122,126,29,196,184,149,31,255,111,0,105,61,182,212,92,34,46,184,104,222,142,168,167,204,128,120,202,139,255,67,184,0,180,210,104,255,0,218,0,0,139,255,191,221,142,242,136,93,178,252,134,255,207,0,120,163,0,0,255,246,145,25,255
155,3,167,121,192,88,109,88,82,208,152,79,68,181,112,152,143,119,116,73,21,255,155,196,54,108,160,143,126,105,93,107,145,80,104,203,79,124,90,138,93,149,59,122,114,170,115,131,65,207,144,38,144,139,185,115,187,0,71,174,192,0,112,199,105,190,182,52,255,169,84,53,251,144,26,109,37,255,105,158,34,26,154,116,187,145,40,57,228,135,103,249,84,244,50,255,191,149,139,177,255,52,141,20,0,154,255,157,255,94,255,125,178,255,219,35,255,190,12,113,120,155,0,255,177,52,57,255
155,3,168,115,194,78,138,124,81,221,178,67,91,129,131,151,169,142,158,106,6,221,181,102,110,116,160,179,172,168,97,83,112,80,68,207,75,66,107,121,109,144,108,195,106,200,76,91,107,245,147,0,175,120,162,50,184,0,68,171,165,96,84,146,155,127,164,10,240,253,99,88,255,135,62,130,13,255,93,153,0,39,234,123,122,159,26,117,193,146,80,166,121,233,27,252,73,165,128,141,255,0,113,33,0,165,166,129,195,154,252,14,73,157,195,49,216,220,35,136,72,0,13,210,100,51,0,255
157,0,172,115,189,118,102,109,81,208,181,129,61,194,119,120,108,158,168,55,15,208,145,201,72,119,230,166,78,149,95,94,219,84,48,197,90,219,57,129,89,131,34,159,154,255,124,185,44,196,160,36,135,195,159,70,171,0,113,233,161,15,88,192,178,90,184,108,211,104,89,65,255,105,120,119,81,109,255,154,21,77,127,158,182,170,223,109,242,138,163,255,172,255,2,178,57,235,208,99,255,122,255,129,15,181,255,143,255,181,255,224,85,166,255,118,219,219,0,76,227,116,0,255,191,83,54,255
151,0,169,115,206,116,112,105,84,212,142,147,45,166,129,130,130,155,148,98,0,222,123,138,81,128,194,155,115,91,132,147,185,132,59,184,106,171,61,77,108,139,9,176,134,205,132,189,112,218,134,29,156,182,161,77,215,15,140,255,186,35,133,255,120,79,177,71,255,116,141,52,182,196,71,82,32,220,125,148,87,92,116,223,151,136,163,189,168,191,101,255,203,255,52,255,106,196,163,60,255,101,255,76,48,146,255,255,239,230,255,190,99,123,255,0,255,153,2,191,226,0,44,255,239,126,166,255
152,0,164,125,170,88,73,86,98,179,148,79,59,150,107,158,158,58,141,95,0,255,134,187,63,86,200,136,109,69,156,117,192,37,90,126,108,143,126,106,87,157,17,141,98,255,207,47,107,188,193,94,158,194,150,99,212,31,42,225,164,29,55,138,51,158,149,61,177,202,29,47,255,109,44,116,0,255,168,183,15,120,75,134,129,168,188,44,153,102,128,255,187,170,114,255,96,148,145,92,255,0,226,150,0,144,252,207,255,115,255,210,124,151,255,0,255,255,16,255,255,0,0,255,210,155,154,255
147,0,160,123,179,69,102,101,70,193,189,83,55,95,99,160,158,105,185,131,0,255,135,103,127,76,193,235,153,53,152,111,103,119,85,176,87,128,59,54,188,214,117,194,168,224,129,83,154,216,219,0,167,113,109,40,234,24,26,149,198,54,68,147,119,46,118,0,250,227,97,0,255,172,10,75,0,255,74,60,55,0,115,152,143,136,168,98,123,104,95,171,43,255,65,255,32,78,85,142,255,0,155,51,0,184,233,63,250,156,255,216,159,95,255,0,219,255,23,255,208,0,0,227,68,111,197,255
155,2,179,109,186,92,112,119,77,190,157,86,56,113,118,170,179,115,162,119,0,255,116,83,118,111,183,215,166,73,117,111,103,65,72,190,66,143,108,67,159,171,87,153,118,210,83,40,112,242,149,0,198,115,179,57,238,0,86,144,226,88,61,135,163,108,147,0,221,182,88,67,245,207,39,83,0,255,87,132,43,0,92,181,165,196,85,134,160,191,60,188,100,216,92,255,84,159,122,177,255,0,173,39,0,254,220,130,187,208,228,167,68,160,219,0,255,227,0,255,118,17,0,255,180,91,0,255
151,0,165,124,184,98,112,102,100,215,140,102,63,142,103,129,127,81,159,87,4,242,132,168,56,114,162,164,139,118,160,96,139,91,57,209,105,149,140,68,90,136,61,131,122,255,145,94,86,161,201,32,167,167,98,72,216,7,59,221,138,58,77,156,112,92,131,106,255,179,77,82,255,161,117,106,0,255,233,202,0,24,147,172,128,148,70,66,255,157,128,255,144,247,53,255,46,247,143,84,255,34,200,115,17,196,255,71,255,59,255,197,135,161,255,0,255,255,64,209,168,163,0,255,76,110,58,255
162,2,166,108,194,99,166,118,119,201,134,112,66,181,111,154,142,135,125,81,34,196,168,159,73,117,156,163,190,111,97,122,147,117,58,248,59,162,109,97,95,101,19,118,94,209,17,134,97,193,76,0,184,188,147,91,185,0,114,183,128,93,126,189,165,140,157,121,184,142,118,110,251,214,108,98,72,208,185,129,5,67,180,187,84,114,66,181,246,152,209,255,111,255,148,239,88,193,250,200,255,140,255,174,37,214,255,152,255,179,255,186,53,89,255,87,215,208,91,0,35,138,0,255,219,0,0,255
153,0,158,142,168,61,80,78,90,180,149,78,90,93,111,157,136,65,183,100,0,255,135,110,80,84,124,222,198,48,117,99,126,67,179,161,106,127,111,99,67,206,113,158,165,205,55,96,40,201,203,89,152,140,162,86,226,14,55,203,148,55,51,202,100,111,149,31,255,177,128,102,255,239,4,74,22,242,148,80,82,55,190,138,139,124,212,111,196,112,61,171,104,207,97,255,100,81,72,187,255,0,187,78,0,158,255,44,255,191,255,114,111,152,255,0,245,255,0,255,172,102,0,228,233,158,255,255
153,0,163,131,182,72,103,97,65,187,181,93,84,74,113,149,149,70,187,146,0,255,148,87,96,84,147,205,161,131,107,128,139,93,99,196,98,136,146,119,61,159,138,164,166,178,50,89,51,213,171,61,188,99,155,97,147,0,94,202,110,36,53,91,175,52,125,10,232,236,134,62,255,203,0,67,0,255,131,102,7,55,182,121,152,124,187,155,238,111,114,142,97,239,61,200,12,125,89,188,255,0,140,59,0,188,233,52,255,184,229,100,121,162,255,31,255,227,0,255,184,0,0,251,189,152,0,255
153,0,163,123,169,76,74,75,77,194,159,96,56,86,71,138,154,50,151,124,0,255,133,81,94,58,162,189,118,80,124,98,184,71,146,166,86,99,100,30,107,177,144,96,204,210,117,100,54,211,240,77,196,137,153,100,239,0,26,217,170,13,64,153,129,117,76,14,191,207,85,21,255,183,0,29,0,255,213,62,52,64,183,124,213,109,176,129,175,127,130,204,69,175,74,255,79,145,58,130,255,0,163,18,0,125,255,44,255,202,159,169,113,176,255,0,251,255,0,255,255,76,0,198,255,140,110,255
152,0,167,117,184,87,120,121,88,203,159,80,75,121,124,167,173,126,184,121,0,238,157,85,110,109,182,221,192,94,112,103,119,64,48,183,66,140,100,112,133,171,61,192,103,238,106,85,130,233,168,0,226,117,169,48,183,0,60,186,156,120,75,144,170,94,166,39,236,226,100,92,255,178,7,92,0,255,82,130,8,0,107,170,125,167,76,98,188,147,46,218,96,218,94,213,35,136,89,146,255,0,203,70,0,249,255,69,246,145,255,142,80,150,241,0,255,255,0,241,171,0,0,255,113,139,0,255
163,0,170,122,160,74,120,70,109,192,131,76,91,97,102,118,144,60,147,106,4,255,170,128,100,120,113,164,184,104,89,112,125,0,160,153,61,129,119,54,46,149,56,67,150,190,45,75,41,178,132,134,136,160,157,110,183,27,97,107,112,51,0,159,131,179,181,141,166,222,34,62,255,222,45,68,20,193,255,211,14,9,190,61,92,255,63,158,253,180,147,255,95,152,220,255,38,217,106,199,198,0,95,145,13,158,142,179,255,164,255,0,75,162,255,20,230,255,46,179,109,236,0,255,91,96,64,255
152,0,169,105,181,91,139,102,109,224,159,67,71,154,120,135,140,151,185,105,1,193,149,149,115,112,216,192,176,112,102,72,180,36,26,175,81,131,69,76,69,138,0,163,127,255,122,121,127,242,210,0,203,125,186,53,135,0,6,247,154,80,66,140,209,62,181,162,211,176,99,76,231,114,0,89,40,255,159,111,24,0,156,162,179,153,50,62,190,126,120,255,83,255,67,255,103,148,135,129,255,80,255,103,0,224,255,102,255,121,255,255,71,112,255,72,242,255,0,117,101,51,0,255,145,142,145,255
153,0,165,125,165,68,90,82,93,176,151,71,54,126,106,133,173,49,158,106,0,255,145,143,84,96,165,161,142,76,131,91,135,26,162,139,69,148,113,49,101,185,83,143,166,255,204,71,55,199,147,19,93,167,185,79,229,18,52,120,161,40,23,151,75,143,204,0,237,231,44,42,255,152,70,93,0,255,150,164,16,37,118,106,120,138,146,82,150,102,54,252,114,176,115,255,40,116,136,186,255,0,176,100,0,224,206,145,255,176,255,70,138,77,255,0,199,249,76,255,165,92,0,255,151,127,141,255
151,0,160,122,180,91,69,107,106,199,165,59,81,125,121,150,162,61,144,127,0,255,157,145,108,122,211,130,158,98,164,119,181,35,94,159,91,129,54,110,149,175,74,201,101,255,163,78,157,213,149,60,202,144,191,67,184,27,61,212,199,97,0,117,157,123,192,38,235,224,85,45,237,203,50,144,0,255,95,149,0,124,97,97,160,181,34,106,210,153,49,255,140,117,67,255,72,91,137,93,255,9,227,66,0,214,255,239,255,55,229,162,67,161,230,0,255,248,43,255,255,0,11,255,255,183,25,255
162,4,170,120,134,41,109,50,160,198,73,102,61,121,0,69,92,20,154,119,52,239,194,33,75,88,130,144,96,35,94,46,138,49,129,225,87,43,170,12,79,88,100,40,255,190,34,136,170,223,197,0,143,88,99,19,201,0,50,173,43,4,0,170,227,120,156,113,250,198,43,98,255,213,93,0,0,216,164,62,37,116,255,101,103,140,72,237,209,133,237,255,4,59,140,228,200,53,177,155,165,38,234,195,0,145,123,68,251,133,255,0,28,104,209,0,255,255,42,136,14,255,0,63,211,255,186,255
161,7,154,131,177,72,105,87,171,167,137,164,69,147,14,72,77,42,167,135,37,194,163,69,48,133,230,124,82,165,131,149,145,139,4,235,122,74,170,16,49,83,97,97,254,207,40,128,199,225,89,2,119,109,95,32,168,14,151,255,41,17,0,223,174,110,122,26,105,83,124,192,255,255,33,139,64,147,86,25,112,185,255,209,113,36,0,255,200,41,255,245,46,94,24,255,166,129,243,135,73,148,184,136,0,116,237,170,187,158,250,31,1,102,255,230,255,255,154,47,155,81,0,90,185,137,154,255
166,9,167,100,195,115,116,99,140,202,120,187,52,167,98,93,106,112,149,125,47,168,108,102,55,147,169,164,137,134,99,172,143,199,9,187,144,131,145,37,179,119,33,115,180,164,78,176,147,147,162,22,146,137,183,106,186,54,147,255,200,80,21,212,149,165,184,123,134,101,213,186,255,246,39,122,130,154,107,70,139,123,241,165,125,108,72,205,224,139,248,255,141,107,123,255,35,167,184,146,139,186,209,100,55,151,234,209,255,238,182,145,97,96,234,129,226,218,0,0,43,106,0,154,173,44,53,255
156,0,168,93,166,64,194,77,164,240,92,82,87,198,49,106,159,118,185,139,51,171,184,84,103,159,111,229,249,94,35,59,107,96,0,217,6,138,227,115,113,103,0,118,146,171,50,151,128,223,158,0,149,103,208,75,190,0,0,149,42,92,33,147,192,0,142,134,255,196,187,58,255,233,44,30,0,253,181,29,0,8,243,255,140,71,107,163,156,0,82,255,178,127,76,125,140,126,183,237,253,0,229,238,90,187,210,72,255,110,255,176,25,73,178,13,191,206,98,122,0,110,0,217,32,105,254,255
154,3,158,106,173,66,124,78,142,221,123,118,57,138,43,107,155,82,164,115,0,221,161,89,126,113,183,201,152,133,81,85,144,23,28,175,107,58,145,85,34,105,37,83,173,229,114,154,76,255,189,0,192,125,113,29,239,0,0,226,48,74,38,166,255,0,123,100,199,167,201,145,255,184,104,58,24,213,222,106,0,76,153,203,168,60,103,146,236,48,220,255,68,181,65,254,163,177,170,184,255,29,212,57,58,144,188,92,255,171,255,134,0,140,255,126,255,244,62,87,20,109,0,155,155,196,180,255
162,0,190,102,204,141,165,113,105,146,145,183,7,233,145,124,106,240,203,119,50,175,146,121,96,138,255,255,147,120,89,159,228,161,42,255,90,224,52,16,92,217,15,226,174,255,136,254,202,255,157,2,184,94,97,55,211,0,129,222,251,148,73,255,220,159,233,133,234,19,210,204,243,141,79,84,125,178,52,81,100,82,204,191,17,19,183,255,255,131,127,141,213,251,108,187,32,151,255,232,255,255,255,77,65,255,255,255,255,160,255,208,0,0,255,128,218,192,80,0,101,78,0,255,57,66,255,255
169,0,207,107,172,144,36,75,94,21,142,164,100,144,93,56,150,86,255,146,0,255,126,0,107,144,167,186,110,151,190,127,177,97,129,90,19,89,155,255,178,201,66,99,217,160,120,144,104,220,67,73,126,81,148,0,173,38,93,232,255,58,0,245,156,161,255,116,61,57,147,56,249,78,71,202,103,123,0,138,129,240,138,218,123,143,255,253,224,40,0,172,227,0,181,148,0,142,166,147,229,0,255,136,0,103,255,255,255,255,0,144,0,142,129,0,132,0,26,255,255,173,0,255,193,223,47,255
178,0,210,90,184,174,64,103,115,0,146,198,119,121,57,22,115,79,255,189,0,255,115,5,113,136,231,249,132,121,239,155,180,66,138,127,89,168,138,255,122,255,97,167,192,217,154,230,111,129,118,78,18,28,85,0,164,0,19,109,255,52,0,236,10,255,255,223,73,46,99,110,255,61,255,255,69,40,0,21,131,255,246,84,0,170,255,255,221,150,0,0,255,39,216,66,0,109,179,56,255,0,141,149,0,12,255,255,255,3,0,0,0,51,75,255,0,0,151,78,255,255,0,212,0,0,36,255
172,0,207,87,175,160,20,85,113,15,161,164,132,128,53,62,151,38,255,182,0,255,72,23,114,165,176,219,105,185,255,128,168,56,117,100,55,148,137,255,160,209,25,80,179,133,31,131,110,172,105,102,81,67,139,18,139,59,75,182,255,149,0,224,154,187,255,200,123,102,202,109,255,137,228,255,135,0,36,140,183,255,119,165,24,255,255,198,183,85,0,230,255,124,173,223,0,178,150,98,255,0,221,182,0,19,255,255,255,186,0,86,0,11,255,3,28,0,19,255,255,109,0,215,135,89,41,255
169,0,196,97,173,140,88,91,128,74,130,152,99,146,80,51,105,65,217,145,15,255,72,102,119,154,188,149,140,146,203,102,139,44,151,80,72,145,116,79,115,206,101,113,159,255,184,132,84,141,141,99,124,84,89,39,234,32,105,119,220,79,0,231,218,156,255,91,124,81,92,149,255,105,129,130,110,254,176,167,9,103,199,118,48,192,143,213,255,171,54,193,197,68,110,169,7,173,183,151,255,0,108,112,0,59,197,255,255,150,0,40,0,152,211,0,31,88,53,151,255,216,0,224,0,153,0,255
170,0,208,95,179,148,39,94,108,0,137,145,107,147,74,33,151,88,255,148,0,255,125,0,125,117,200,178,120,152,180,150,195,86,147,108,4,99,142,255,162,240,61,80,206,174,103,202,76,219,114,84,152,54,80,1,191,0,99,207,255,60,0,255,141,193,255,174,114,46,171,83,255,50,120,211,18,6,0,89,169,197,168,218,98,156,255,255,202,80,0,9,228,20,223,209,51,124,197,145,255,0,206,67,0,109,255,255,255,160,0,159,0,63,178,9,55,0,0,237,255,255,0,255,130,97,0,255
176,0,209,88,179,166,42,84,105,0,140,192,124,119,65,36,149,80,255,176,0,255,99,0,120,133,192,255,101,148,255,158,180,59,128,116,56,156,163,255,182,255,56,105,187,140,110,192,115,190,119,65,40,22,159,0,129,0,19,183,255,94,0,192,73,212,255,220,64,59,160,40,255,48,222,255,144,6,0,85,157,255,217,138,94,186,255,228,207,120,0,79,255,22,253,98,0,117,193,144,255,11,208,144,0,80,255,255,255,112,0,57,0,76,148,190,39,0,131,208,255,255,0,255,60,0,0,255
171,0,206,99,171,150,44,87,111,1,156,168,118,133,83,40,121,79,255,164,0,255,98,10,114,157,211,217,122,146,178,147,171,75,157,110,57,99,161,255,138,247,92,105,200,198,101,161,65,178,104,36,87,30,97,0,213,40,41,201,255,71,0,245,124,185,255,103,101,65,167,85,255,53,130,255,101,66,40,69,125,255,214,183,90,175,255,253,255,87,0,20,255,30,166,137,0,94,182,130,255,0,208,143,0,75,255,255,255,217,0,71,0,35,147,60,69,0,83,255,255,223,0,255,22,117,83,255
170,0,196,99,178,137,92,99,118,39,161,154,98,154,78,39,116,96,255,152,0,244,62,64,133,131,214,163,135,130,151,106,147,109,135,99,85,105,104,161,137,223,85,144,175,222,156,159,106,180,137,42,135,58,119,0,247,11,141,194,244,65,0,225,149,156,254,70,127,70,116,149,255,68,91,129,92,173,70,108,107,154,182,120,70,215,251,255,255,175,0,52,255,56,105,125,0,77,203,111,249,22,150,129,0,127,255,255,255,225,0,80,0,141,129,80,18,30,31,135,249,202,0,255,0,110,26,255
170,0,207,92,180,162,113,107,131,30,126,225,79,203,114,26,77,118,255,126,0,245,3,148,116,138,215,184,79,109,195,77,128,178,103,107,118,152,154,94,189,255,76,216,227,255,215,243,172,102,196,14,21,28,49,0,244,42,85,208,255,87,0,236,54,128,255,160,188,33,98,158,255,0,178,93,175,255,142,132,0,51,253,172,49,195,255,255,255,189,0,36,255,63,121,97,0,159,255,150,237,143,201,152,1,101,233,255,255,84,0,89,0,82,189,87,0,68,97,4,255,255,0,247,0,51,0,255
172,0,216,105,177,170,51,93,103,0,162,201,88,113,131,24,104,114,255,174,0,255,121,0,67,117,234,243,93,131,203,162,157,133,142,131,55,165,112,255,219,255,124,226,248,255,163,227,170,181,107,49,0,0,63,0,154,0,0,144,255,0,0,255,40,182,255,128,104,55,30,48,255,11,123,255,66,132,0,0,145,218,226,147,80,182,255,255,239,119,0,2,255,2,237,35,0,87,193,141,255,80,255,170,0,98,255,255,255,188,0,27,0,0,116,8,0,0,161,255,255,153,0,255,75,163,157,255
169,0,187,100,188,154,40,83,139,3,114,161,122,121,28,14,129,71,255,180,30,255,178,28,127,136,255,136,168,148,191,202,170,55,137,66,75,163,101,206,18,255,93,76,174,245,155,225,72,204,64,63,169,51,98,43,193,0,108,119,163,50,0,255,163,241,255,115,139,53,164,57,255,88,134,255,65,92,0,0,66,255,255,63,0,158,255,255,230,90,0,9,255,60,152,146,35,155,216,82,255,0,136,122,0,132,255,255,255,24,0,0,0,124,112,175,32,0,89,83,255,166,0,255,44,105,0,255
165,0,195,90,179,138,124,97,134,95,113,168,72,209,109,57,112,103,242,123,24,197,62,126,89,182,159,167,148,160,176,82,118,118,103,139,96,106,203,55,104,195,49,159,149,255,214,181,88,187,220,28,165,111,156,7,255,49,140,198,183,128,0,215,172,162,255,136,223,63,117,134,255,96,106,24,101,255,119,199,0,83,185,185,84,183,78,229,255,190,0,171,255,0,59,83,0,189,254,83,220,127,154,156,7,223,163,255,255,121,0,97,0,100,238,0,103,158,109,19,218,255,0,176,0,165,0,255
174,0,208,98,183,166,79,97,119,11,118,188,82,156,69,36,115,89,255,165,2,255,98,22,87,118,200,192,122,97,192,130,155,122,143,97,54,144,142,164,156,255,97,148,191,230,237,175,146,164,105,50,112,54,113,0,232,0,85,168,255,37,0,255,89,211,255,102,150,43,149,63,255,0,104,149,96,247,0,79,34,202,250,136,36,95,255,255,243,143,0,70,255,0,150,85,0,158,255,142,255,0,139,125,0,69,255,255,255,145,0,0,0,189,23,132,0,0,58,145,255,255,0,255,20,115,0,255
171,1,204,96,191,155,107,114,108,52,154,172,100,113,110,39,109,122,255,171,0,234,102,26,116,115,219,230,143,129,155,162,95,134,136,135,79,109,153,179,125,255,119,176,163,185,147,198,145,138,144,2,99,20,102,0,163,0,99,161,250,38,0,179,131,110,237,128,196,69,99,74,255,42,56,181,127,215,48,143,62,138,255,100,77,169,255,255,255,183,0,88,255,0,84,60,0,119,255,105,232,64,184,184,0,82,255,255,255,176,0,32,0,96,170,121,32,53,36,154,222,170,0,255,0,164,0,255
168,0,192,93,169,124,76,97,132,11,124,147,72,161,34,48,129,37,235,157,5,255,107,19,129,113,189,125,131,138,184,152,188,70,155,53,13,157,135,98,90,251,40,44,190,255,223,117,111,244,126,17,179,64,139,79,255,0,144,150,181,37,0,255,97,252,255,70,159,103,169,111,255,83,105,110,0,160,48,59,75,185,185,158,32,189,207,255,142,112,0,0,255,0,171,255,71,86,148,113,255,0,153,118,0,83,255,255,220,163,0,0,0,168,116,23,86,8,0,84,255,255,0,255,61,87,0,255
168,0,194,104,176,150,17,85,111,48,164,149,140,123,58,48,145,54,255,167,0,255,131,6,110,160,168,210,135,177,255,158,177,68,121,90,40,135,154,255,136,206,32,58,172,135,58,133,56,171,65,91,119,106,170,0,104,63,96,234,211,100,0,197,197,175,255,186,60,94,182,133,255,167,168,255,130,0,0,185,178,255,94,167,41,181,255,177,200,11,0,255,203,83,129,172,0,168,126,79,255,0,255,197,0,50,255,255,255,222,0,135,0,116,239,34,98,0,62,255,255,0,0,246,206,150,111,255
169,0,218,83,178,151,142,120,120,38,112,189,57,210,124,42,106,94,255,142,0,234,0,131,101,145,177,214,84,137,212,82,138,141,116,161,91,115,251,59,163,222,54,152,188,255,193,204,147,131,218,0,51,35,82,0,255,2,104,183,244,120,0,221,61,89,252,168,208,5,125,153,255,1,201,57,135,255,212,246,0,39,201,255,59,215,119,255,255,213,0,83,255,0,72,116,0,136,255,135,187,141,203,145,51,135,122,255,255,150,0,189,0,18,255,0,43,142,104,30,243,255,0,246,0,64,0,255
170,0,204,80,188,160,91,122,113,13,148,216,76,169,136,34,91,155,255,145,0,220,18,82,128,113,255,247,79,88,173,166,142,194,109,130,72,225,117,111,227,255,88,248,188,255,208,255,191,168,216,0,51,0,8,0,252,27,56,231,255,41,0,255,22,170,255,158,145,34,62,91,255,7,184,132,35,136,28,16,72,93,230,106,22,205,255,255,202,242,0,0,255,41,209,101,0,143,255,121,255,92,202,152,8,176,255,255,255,103,0,143,0,0,182,22,0,0,14,83,255,220,0,255,0,7,108,255
165,0,204,93,178,137,44,95,111,11,132,149,80,166,69,50,146,60,255,129,0,255,105,0,114,135,163,171,121,165,198,146,205,54,136,111,10,99,160,249,133,208,29,31,198,190,114,128,89,240,105,12,133,77,152,20,194,11,134,190,211,81,0,255,132,152,255,153,139,59,188,64,255,84,150,182,77,45,33,152,147,214,113,215,99,195,255,255,124,55,0,93,232,6,172,255,43,162,147,128,216,0,255,131,0,117,255,255,255,200,0,168,0,132,222,0,147,0,0,255,255,188,0,255,114,130,0,255
170,0,204,99,184,158,59,91,105,7,144,194,91,133,87,43,133,100,255,161,0,255,97,20,113,108,215,220,111,114,212,153,161,92,121,100,70,139,155,236,165,255,69,143,222,209,134,165,109,180,129,45,80,51,94,0,179,2,62,212,255,32,0,228,50,206,255,130,68,87,93,71,255,41,157,255,81,100,0,61,161,221,188,173,94,203,255,255,201,142,0,22,255,10,232,134,7,91,201,153,255,0,209,170,0,138,255,255,255,166,0,60,0,76,126,52,48,0,90,255,255,185,0,255,0,83,34,255
173,0,209,93,180,163,45,94,105,3,154,180,112,137,72,43,140,77,255,167,0,255,116,0,100,110,196,251,111,146,255,146,163,63,129,114,23,143,186,255,149,255,65,95,227,170,101,180,120,179,106,48,49,80,125,0,138,0,45,181,255,38,0,209,50,231,255,218,90,62,118,102,255,96,219,255,32,2,0,100,181,253,144,166,40,191,255,219,176,63,0,87,255,0,224,175,0,135,144,85,248,0,255,177,0,50,255,255,255,132,0,27,0,60,182,90,13,0,69,255,255,140,0,255,61,4,35,255
169,0,210,88,177,152,83,105,112,4,132,189,81,172,88,40,116,60,255,139,0,255,6,79,95,133,192,232,58,113,244,88,180,60,128,117,46,163,165,141,179,229,49,143,206,235,191,158,119,176,146,64,62,44,113,0,232,0,100,186,255,91,0,255,45,188,255,137,133,40,122,99,255,37,255,179,113,148,111,184,76,105,143,184,38,230,255,255,167,168,0,90,255,0,202,145,0,162,178,126,224,66,200,100,0,90,255,255,255,119,0,43,0,90,217,0,41,7,41,173,255,255,0,255,0,47,0,255
167,0,202,93,179,131,80,106,97,0,149,164,66,160,103,37,133,119,255,153,0,214,112,0,152,138,215,179,120,96,138,171,195,114,182,123,12,119,130,159,167,255,84,138,200,239,190,206,88,251,145,11,135,8,95,0,255,0,91,174,251,9,0,255,57,206,255,61,136,37,95,54,255,16,75,48,2,113,0,6,63,126,162,149,93,219,255,255,244,168,0,0,255,0,199,84,102,47,194,107,255,0,248,81,0,218,255,255,242,239,0,138,0,79,113,0,162,0,18,153,255,255,0,255,0,100,0,255
168,4,197,93,188,126,109,109,112,47,166,141,93,100,99,56,136,121,255,171,0,214,123,24,146,115,237,207,155,153,124,160,151,109,131,132,90,114,95,102,114,250,94,174,164,227,165,192,125,219,160,0,199,0,54,1,255,0,111,144,190,89,0,178,182,91,177,79,143,63,123,114,255,100,78,107,74,178,75,99,74,82,255,98,79,240,131,255,255,230,0,22,255,48,123,91,0,62,255,160,221,0,210,108,0,153,255,255,222,171,0,122,0,106,137,79,57,132,0,107,195,238,0,255,62,149,0,255
169,0,206,104,176,149,68,90,115,9,126,151,100,147,78,34,139,126,255,162,0,255,150,0,132,97,210,160,138,119,170,141,141,134,141,109,58,42,143,211,167,252,92,117,224,219,142,217,152,194,120,25,130,47,110,0,203,0,96,201,255,36,0,253,120,132,255,137,112,42,143,91,250,0,19,150,92,225,0,98,110,161,237,218,77,130,255,255,255,61,0,17,214,2,191,143,57,49,234,159,231,0,193,114,0,110,255,255,255,178,0,138,0,109,103,32,75,0,93,246,217,246,0,255,10,176,0,255
169,0,199,84,183,157,79,100,128,14,112,189,86,186,61,25,145,63,253,137,0,255,11,89,110,128,213,167,91,100,245,103,156,44,132,71,65,211,154,130,136,214,1,111,171,253,203,144,87,208,175,62,75,98,127,34,189,7,184,168,245,116,0,255,26,255,255,150,104,44,53,125,255,12,255,234,44,90,37,139,62,134,121,151,0,254,255,255,128,186,0,87,255,58,216,209,0,193,192,24,222,0,142,119,0,117,122,255,255,60,24,0,0,68,255,0,0,0,64,146,255,164,0,187,0,23,0,255
167,0,196,100,177,137,76,89,118,23,140,156,83,121,99,31,125,87,255,172,0,255,113,16,121,124,209,178,132,92,173,142,161,82,169,97,42,96,110,171,141,255,110,149,196,250,194,156,109,235,121,21,106,21,129,0,227,0,75,147,233,40,0,246,89,202,255,22,153,71,85,56,255,25,63,180,49,205,0,55,79,150,229,124,73,178,255,255,231,128,0,11,255,18,162,148,53,65,173,110,255,9,214,112,0,169,255,255,255,213,0,27,0,116,133,2,93,0,127,243,255,184,0,255,49,124,15,255
166,0,188,105,175,131,62,87,131,18,136,150,98,152,47,29,108,61,255,138,5,236,140,34,102,138,203,152,124,161,175,148,168,47,144,91,38,117,143,168,48,244,101,64,224,255,163,167,65,240,112,40,138,28,122,7,201,0,115,155,156,24,0,255,156,187,255,77,129,85,143,86,255,100,128,150,64,142,39,67,74,192,228,138,42,183,255,255,235,94,0,37,255,27,141,161,39,134,180,110,231,0,171,121,0,149,255,255,255,120,0,0,0,99,180,29,109,56,81,137,255,208,0,255,0,131,10,255
170,0,204,96,180,161,64,78,110,0,122,166,119,150,55,39,103,80,255,156,0,255,80,76,68,135,182,208,89,153,241,72,170,47,151,79,48,160,147,211,115,204,36,127,178,181,142,155,112,231,68,139,121,62,185,81,194,6,106,184,244,125,0,255,130,206,255,93,157,22,158,54,255,15,225,255,164,137,64,199,101,213,185,217,0,221,255,253,167,159,0,183,255,9,204,148,0,201,225,118,228,0,177,110,0,116,255,255,255,130,0,18,0,148,153,54,29,0,61,206,255,255,0,255,5,104,0,255
170,0,209,95,181,155,99,104,112,11,127,184,66,158,109,31,128,113,255,165,0,255,72,45,118,107,212,199,103,81,169,121,142,140,152,101,40,114,163,124,176,255,93,174,229,241,215,206,144,197,136,27,77,0,81,0,255,0,61,178,255,34,0,255,38,155,255,91,162,48,97,69,255,0,83,107,52,240,41,96,72,107,216,194,71,189,255,255,233,176,0,5,255,0,191,95,30,98,235,161,247,49,195,105,0,134,255,255,255,208,0,84,0,91,131,0,13,0,46,207,255,255,0,255,0,89,16,255
176,0,213,92,184,159,79,108,106,0,157,181,81,129,100,28,116,138,255,169,0,234,121,5,125,92,255,226,117,126,149,180,142,125,141,143,95,160,100,198,182,255,124,190,195,233,171,249,159,176,135,6,65,0,70,0,176,0,74,137,255,0,0,229,99,151,255,166,79,22,63,80,255,0,104,191,100,147,0,12,131,172,231,61,51,204,255,255,255,227,0,0,255,0,185,0,0,64,255,129,213,41,126,159,0,135,255,255,255,129,0,23,0,44,166,110,0,0,69,187,255,255,0,255,0,91,43,255
170,0,211,87,173,138,104,132,122,31,141,127,80,182,95,40,127,112,255,126,0,217,77,55,135,139,226,180,118,176,177,112,103,94,116,159,79,121,150,83,172,222,50,135,135,255,191,205,160,154,217,8,100,121,102,0,255,0,171,142,218,96,0,225,155,114,241,197,161,29,58,167,255,25,164,63,31,195,78,169,31,116,126,158,21,238,185,228,255,186,0,72,254,0,119,93,0,98,255,51,159,3,168,159,7,93,222,255,255,145,0,131,0,9,244,26,0,40,0,80,233,255,0,255,0,132,0,255
153,0,160,117,194,108,122,104,110,202,155,145,45,204,125,124,99,141,151,77,14,206,137,181,84,132,190,161,121,96,115,121,176,132,56,165,77,245,40,65,84,147,0,153,143,216,171,155,86,190,95,0,160,193,187,65,255,0,131,211,176,25,121,255,163,106,234,34,246,88,128,70,211,160,73,69,76,191,176,210,17,66,149,177,109,96,170,77,213,157,123,255,157,255,26,255,129,255,196,127,255,162,255,136,1,191,255,239,255,230,255,150,83,154,255,83,255,158,34,80,113,0,0,255,148,74,247,255
151,0,171,123,186,83,78,84,79,184,137,95,74,60,113,171,189,63,133,135,0,255,127,106,83,110,145,155,150,98,141,128,156,97,104,147,127,83,94,130,108,180,105,165,160,203,71,89,67,252,147,147,166,101,164,115,200,35,70,195,158,51,37,156,146,71,86,45,201,158,104,59,255,255,0,71,0,255,121,84,93,110,134,139,181,170,153,173,175,134,120,153,163,129,84,255,115,65,120,160,255,0,178,0,0,131,245,99,255,97,91,240,103,137,182,0,207,233,0,255,255,0,0,219,255,167,3,255
150,0,160,100,200,79,117,102,62,224,134,128,91,87,98,180,175,132,126,140,0,245,108,49,149,124,205,211,130,125,151,80,103,99,19,205,105,69,59,103,94,147,117,124,86,199,76,108,170,255,194,0,176,85,109,3,168,32,64,173,93,95,23,161,183,25,64,27,189,184,121,75,255,220,21,43,74,255,109,136,0,24,169,182,88,76,172,156,217,74,187,187,73,255,0,255,34,178,202,145,255,0,36,1,0,204,218,0,130,110,246,166,101,72,253,0,200,255,75,190,255,0,0,140,62,87,14,255
152,0,170,115,182,76,112,93,76,183,147,82,67,87,116,172,178,86,155,140,0,252,140,89,92,97,175,179,153,98,141,112,152,69,74,173,87,101,93,119,111,187,81,170,128,241,126,72,152,255,169,27,180,103,150,56,173,0,49,168,126,75,61,132,138,65,113,33,241,202,87,46,255,189,0,85,0,255,35,134,37,0,124,153,108,122,83,115,193,76,111,231,105,218,48,255,60,129,113,159,255,0,138,18,0,203,189,69,254,106,255,175,131,146,249,0,241,239,16,255,199,0,0,255,178,129,0,255
148,0,147,106,187,57,62,65,72,173,142,73,120,108,107,163,172,70,128,107,0,255,162,34,95,98,165,153,136,127,162,111,152,145,108,160,116,87,115,162,135,131,114,123,25,209,157,124,122,155,173,135,198,106,110,52,208,93,146,235,120,0,58,171,117,163,112,15,189,122,192,11,255,171,44,100,21,255,10,114,53,147,194,91,170,155,157,135,193,116,186,175,171,54,39,255,107,0,121,130,255,0,137,26,0,34,255,114,231,240,224,240,45,151,233,0,255,227,32,255,255,0,49,176,247,62,147,255
156,1,177,98,209,126,122,111,81,196,146,152,35,163,143,142,175,157,133,113,18,221,137,120,84,147,193,125,101,162,144,144,187,120,31,223,103,200,48,102,87,133,29,200,106,189,158,185,137,231,140,58,161,195,187,62,140,0,184,165,136,69,74,151,163,65,136,147,233,67,59,16,255,207,37,88,0,201,56,173,21,78,100,149,119,103,206,181,217,104,115,255,210,205,0,251,11,244,255,54,255,64,255,97,16,208,255,255,235,141,105,246,103,83,255,0,238,190,0,197,218,0,21,255,255,234,25,255
149,0,156,126,168,89,94,87,102,212,155,113,46,125,77,134,92,78,175,55,0,255,138,161,78,76,182,212,134,80,198,85,138,109,51,192,100,146,108,19,105,185,96,82,200,255,150,76,97,128,255,0,138,179,33,25,255,40,0,255,207,0,135,146,88,62,76,76,153,209,64,65,255,111,154,48,6,255,255,111,25,46,217,134,154,136,199,0,210,163,201,255,100,255,76,255,110,255,86,127,255,46,210,162,0,106,255,0,255,104,255,255,127,168,255,0,248,255,19,255,198,53,0,188,78,115,228,255
151,0,161,117,187,96,70,93,85,180,148,102,59,124,106,160,161,48,127,136,0,255,105,134,87,135,185,143,121,85,167,118,197,44,123,123,79,127,122,110,99,210,53,150,114,226,197,74,96,199,144,114,140,160,175,98,205,37,90,170,184,45,13,157,115,112,184,7,236,178,68,29,252,169,42,98,0,255,122,133,0,92,73,96,105,180,169,111,141,80,118,255,177,128,46,255,72,132,125,126,255,0,213,0,0,143,255,224,255,144,159,188,165,165,233,0,243,223,0,255,255,0,0,255,255,165,31,255
149,0,162,119,169,74,110,101,73,193,181,79,81,117,100,165,183,91,167,114,0,255,160,114,74,75,177,205,135,113,146,108,137,100,63,159,33,146,88,67,156,175,136,196,145,255,153,67,103,187,172,0,191,158,121,67,201,47,46,129,121,39,40,127,86,92,105,0,255,255,94,0,255,170,10,116,0,255,146,132,0,31,142,150,151,67,196,115,151,21,58,202,82,214,0,255,0,141,129,197,255,0,189,94,0,211,255,64,255,173,255,174,161,15,255,0,106,255,70,255,255,66,0,255,123,83,64,255
149,0,155,136,196,102,43,89,85,182,178,110,80,109,111,144,138,78,154,137,0,255,101,140,110,117,206,172,111,50,150,171,206,69,112,133,135,138,88,165,83,192,38,153,91,190,136,102,63,188,155,141,219,143,143,108,182,61,147,255,177,38,6,187,123,95,175,18,221,153,141,27,246,241,44,162,48,184,180,125,74,210,45,106,151,225,225,172,158,152,82,255,224,201,77,193,81,101,97,105,255,0,229,33,0,131,255,255,255,147,167,222,76,188,215,0,255,255,0,255,255,0,0,255,255,207,173,255
151,0,147,127,190,48,85,108,60,182,161,72,130,100,157,173,181,86,149,119,0,255,132,87,135,103,144,192,209,110,137,106,101,108,103,167,175,105,99,156,143,181,123,233,45,197,144,110,108,210,150,28,146,80,162,101,177,58,121,191,140,116,72,149,166,83,133,10,157,173,175,135,255,227,49,72,81,255,76,90,23,94,186,77,75,126,140,193,178,127,24,86,155,184,6,183,91,33,107,166,255,0,88,2,0,116,214,3,126,118,255,151,65,151,250,0,246,255,10,255,255,0,88,129,183,86,2,255
152,0,161,118,189,86,96,111,66,204,181,104,60,108,89,161,150,123,163,110,0,255,154,80,103,98,192,207,141,124,117,122,166,118,67,200,98,111,83,90,130,177,108,180,112,213,97,97,87,186,192,0,189,151,123,79,186,2,104,213,159,41,96,153,171,69,105,5,190,198,103,58,255,148,45,62,18,240,137,81,65,53,141,141,186,127,149,112,175,146,116,204,98,255,35,248,7,160,138,130,255,0,140,10,0,127,255,104,157,177,198,233,131,143,255,2,236,255,0,255,218,0,0,255,174,173,81,255
165,1,159,78,212,119,146,129,129,181,144,220,37,188,118,112,106,121,125,137,34,170,110,126,118,153,158,159,155,103,148,109,151,198,35,112,80,147,107,20,122,195,43,151,159,200,103,126,154,194,91,0,98,198,192,0,173,31,235,255,182,101,109,239,216,170,193,56,180,113,250,169,239,204,86,132,87,107,0,135,155,88,206,182,62,100,216,255,251,119,254,195,249,174,78,255,14,191,255,156,220,222,255,95,41,242,127,255,255,255,236,151,174,85,255,63,219,130,11,0,51,95,0,158,173,5,131,255
166,0,167,87,192,123,130,124,149,155,127,223,43,189,93,79,60,103,178,125,26,192,88,143,86,167,179,155,138,90,160,93,173,183,38,80,87,173,117,0,127,166,48,172,182,238,190,147,134,153,163,0,91,109,160,0,234,68,153,255,194,57,0,255,156,175,242,31,210,124,178,195,255,173,125,87,159,186,111,171,85,119,163,144,1,108,187,179,191,183,197,128,253,75,35,201,30,207,195,173,169,179,196,110,0,99,148,255,255,229,177,128,48,126,235,150,135,194,0,0,67,65,0,196,85,0,189,255
169,2,165,91,180,108,145,129,138,161,120,161,66,163,93,75,61,88,198,144,52,192,120,125,77,150,184,167,178,105,104,91,148,182,39,119,77,126,107,16,158,155,66,190,163,229,122,161,104,109,176,10,134,101,149,9,242,53,87,243,207,63,0,255,212,146,195,40,249,169,172,210,232,152,68,109,125,229,131,65,137,167,221,217,44,78,83,232,255,175,141,98,89,39,0,77,90,109,153,200,221,151,159,120,0,123,219,237,255,251,75,117,35,79,255,125,125,111,6,0,25,207,52,255,184,0,236,255
168,4,148,100,187,72,133,151,120,172,168,87,127,107,132,59,112,84,173,158,84,195,100,96,121,103,148,208,255,135,86,69,127,112,68,146,114,88,84,35,157,204,54,175,125,172,55,105,58,151,136,80,155,149,183,20,162,0,120,255,177,145,55,224,230,180,148,114,128,141,117,213,243,124,63,195,107,204,142,80,139,90,222,105,18,110,67,255,255,192,126,100,144,106,47,84,150,142,123,135,173,24,177,116,16,177,164,150,221,221,176,78,0,182,242,115,130,179,0,51,69,160,50,167,255,3,165,255
