175,8,146,96,214,76,77,129,148,174,151,51,120,147,101,35,109,238,196,193,0,208,99,177,69,152,150,185,123,68,193,131,106,82,139,130,139,120,184,136,115,174,31,144,123,163,132,92,123,110,126,93,129,77,86,150,125,106,113,206,130,121,121,97,174,168,81,124,144,135,146,112,127,188,138,154,132,137,93,168,100,193,152,130,91,102,138,202,146,88,63,145,95,112,110,171,88,50,122,210,207,121,120,114,106,182,84,114,170,130,178,136,67,136,72,55,147,184,48,216,101,116,100,83,170,147,69,255
175,8,146,96,214,76,77,129,148,174,151,51,120,147,101,35,109,238,196,193,0,208,99,177,69,152,150,185,123,68,193,131,106,82,139,130,139,120,184,136,115,174,31,144,123,163,132,92,123,110,126,93,129,77,86,150,125,106,113,206,130,121,121,97,174,168,81,124,144,135,146,112,127,188,138,154,132,137,93,168,100,193,152,130,91,102,138,202,146,88,63,145,95,112,110,171,88,50,122,210,207,121,120,114,106,182,84,114,170,130,178,136,67,136,72,55,147,184,48,216,101,116,100,83,170,147,69,255
175,8,146,96,214,76,77,129,148,174,151,51,120,147,101,35,109,238,196,193,0,208,99,177,69,152,150,185,123,68,193,131,106,82,139,130,139,120,184,136,115,174,31,144,123,163,132,92,123,110,126,93,129,77,86,150,125,106,113,206,130,121,121,97,174,168,81,124,144,135,146,112,127,188,138,154,132,137,93,168,100,193,152,130,91,102,138,202,146,88,63,145,95,112,110,171,88,50,122,210,207,121,120,114,106,182,84,114,170,130,178,136,67,136,72,55,147,184,48,216,101,116,100,83,170,147,69,255
175,8,146,96,214,76,77,129,148,174,151,51,120,147,101,35,109,238,196,193,0,208,99,177,69,152,150,185,123,68,193,131,106,82,139,130,139,120,184,136,115,174,31,144,123,163,132,92,123,110,126,93,129,77,86,150,125,106,113,206,130,121,121,97,174,168,81,124,144,135,146,112,127,188,138,154,132,137,93,168,100,193,152,130,91,102,138,202,146,88,63,145,95,112,110,171,88,50,122,210,207,121,120,114,106,182,84,114,170,130,178,136,67,136,72,55,147,184,48,216,101,116,100,83,170,147,69,255
175,8,146,96,214,76,77,129,148,174,151,51,120,147,101,35,109,238,196,193,0,208,99,177,69,152,150,185,123,68,193,131,106,82,139,130,139,120,184,136,115,174,31,144,123,163,132,92,123,110,126,93,129,77,86,150,125,106,113,206,130,121,121,97,174,168,81,124,144,135,146,112,127,188,138,154,132,137,93,168,100,193,152,130,91,102,138,202,146,88,63,145,95,112,110,171,88,50,122,210,207,121,120,114,106,182,84,114,170,130,178,136,67,136,72,55,147,184,48,216,101,116,100,83,170,147,69,255
163,15,134,125,207,32,102,75,130,200,178,98,172,118,117,25,151,101,188,168,45,207,137,73,70,142,111,139,114,132,129,126,184,73,128,180,108,62,78,57,148,228,89,132,116,177,69,157,58,77,148,156,46,49,222,236,175,44,81,67,205,85,138,149,41,130,201,0,173,60,116,228,240,206,106,215,85,188,154,142,181,60,59,48,63,86,34,111,208,96,255,89,97,150,62,156,55,0,21,90,201,44,36,46,127,143,111,207,191,255,142,59,0,184,202,0,30,184,0,142,139,124,0,141,200,103,115,255
154,30,143,87,255,33,151,107,142,209,123,159,168,217,68,87,160,78,164,30,0,255,144,64,80,159,131,255,11,144,105,125,216,43,79,255,53,13,225,221,235,132,100,186,0,255,160,96,91,145,233,4,0,239,153,255,131,74,255,153,222,92,189,90,91,0,255,0,255,0,155,59,255,168,255,25,140,142,132,95,180,255,210,166,61,0,55,16,161,0,27,113,255,205,102,71,188,0,26,0,237,0,119,189,0,219,110,28,110,140,255,36,0,124,255,94,65,121,0,255,176,18,129,249,255,42,0,255
161,26,128,51,248,51,112,86,126,180,155,55,110,234,123,129,213,151,153,158,70,255,156,82,0,253,196,223,0,251,182,0,41,117,100,0,117,120,54,161,164,196,13,91,10,79,195,109,165,182,145,104,220,0,255,170,116,2,53,235,90,26,118,101,0,208,41,117,255,0,192,53,255,0,255,250,88,98,115,255,8,255,208,121,59,98,242,80,66,255,0,118,211,255,179,255,0,0,164,154,133,147,73,0,81,255,255,248,18,255,98,80,0,17,0,143,255,130,53,22,164,205,0,34,255,85,74,255
157,43,154,54,255,89,131,94,111,209,165,53,75,255,177,83,147,144,172,77,23,255,231,109,11,255,148,255,94,232,217,97,72,78,40,84,122,160,189,70,110,155,0,167,102,70,123,112,227,230,255,143,207,41,217,151,199,0,117,255,111,0,121,202,127,103,155,255,246,53,129,110,255,39,18,96,46,99,190,255,0,255,168,125,60,17,255,255,171,204,0,239,221,255,172,207,0,0,255,44,37,15,0,93,0,106,182,255,207,255,201,72,0,0,0,255,255,255,0,116,232,225,64,255,255,136,225,255
165,41,173,77,252,47,87,66,110,171,162,74,75,163,157,107,88,143,151,73,11,255,130,123,45,249,140,232,146,99,206,117,98,145,72,173,65,120,64,98,140,199,24,39,155,202,151,109,117,167,135,135,138,141,57,134,197,26,95,255,218,95,54,167,201,120,125,101,255,108,68,85,162,155,46,194,82,88,165,218,143,212,151,132,92,0,169,230,214,137,0,118,234,255,107,253,0,19,122,255,56,0,60,101,13,179,108,195,117,174,255,54,78,20,27,214,218,214,0,58,125,141,0,191,172,181,180,255
167,35,137,129,227,9,66,25,90,169,154,62,81,155,115,43,155,134,142,117,0,255,25,43,71,170,122,151,183,207,148,118,91,77,153,186,118,40,99,31,70,83,76,84,107,211,49,212,118,248,253,186,105,207,164,244,109,112,57,151,191,64,134,215,62,59,74,137,245,93,228,0,255,53,206,156,151,94,79,130,90,215,0,179,0,81,131,70,215,106,132,0,255,167,189,87,0,0,248,72,193,84,4,151,164,119,195,123,171,224,240,141,0,255,51,195,233,45,0,172,191,255,118,22,190,255,78,255
178,49,196,134,231,2,55,30,108,112,190,25,87,130,161,106,150,152,171,85,0,255,106,185,95,155,162,193,202,76,231,158,54,33,159,131,0,36,134,0,175,208,34,109,255,142,65,6,138,173,112,71,151,118,51,73,183,118,110,240,255,54,33,245,157,223,117,171,255,135,120,62,119,255,133,177,60,0,110,255,180,58,0,203,201,18,223,194,244,66,139,86,255,233,118,255,6,0,157,177,168,126,61,0,113,148,80,199,70,36,255,16,3,255,9,180,21,202,0,123,0,232,0,247,30,255,0,255
159,20,124,117,192,0,104,45,134,176,155,102,132,143,152,69,132,153,255,103,32,248,127,0,65,118,128,228,107,177,186,173,165,60,61,255,156,0,62,61,94,129,59,59,22,255,75,113,126,133,177,71,67,50,194,226,182,0,85,103,251,87,254,200,0,59,165,39,188,0,207,79,199,91,227,137,83,100,109,150,159,197,54,64,61,102,178,15,255,3,255,2,255,208,62,187,15,0,175,79,255,68,0,117,99,42,150,33,99,230,255,138,0,74,202,0,68,220,0,255,76,160,17,0,255,255,191,255
151,30,157,57,255,70,149,109,148,215,115,114,169,208,112,90,124,144,126,64,0,255,90,123,161,123,46,165,33,0,255,165,155,132,8,241,26,24,143,134,238,90,15,11,169,251,7,161,46,232,180,127,57,245,98,189,242,0,120,218,255,127,28,69,206,77,118,161,166,0,138,101,255,184,121,129,146,109,255,90,110,182,255,147,72,0,137,255,125,20,209,255,155,0,142,194,0,136,166,255,176,0,131,255,0,255,255,46,0,60,255,225,8,87,255,9,5,103,80,188,216,37,96,159,236,115,18,255
162,38,164,89,251,37,96,96,134,170,135,94,59,224,109,86,83,129,85,61,0,255,72,112,113,177,112,202,184,100,255,139,113,108,28,166,58,14,154,54,110,146,76,31,234,232,0,109,16,109,193,94,212,220,117,37,244,0,87,249,168,84,31,119,233,147,64,118,173,9,47,103,190,179,131,66,144,118,68,131,130,165,255,240,35,0,164,196,110,91,65,114,76,255,114,237,0,202,202,242,92,97,60,220,0,255,133,76,117,211,255,166,86,245,152,38,210,164,83,82,255,110,0,144,197,223,0,255
164,31,177,97,215,25,108,92,149,144,97,112,58,185,64,138,174,72,118,93,0,255,112,65,100,103,118,168,170,124,232,110,162,0,72,163,2,43,203,1,134,157,87,15,240,255,73,49,105,162,184,0,101,156,87,64,255,34,127,131,215,150,46,85,181,205,94,0,104,0,0,70,60,255,221,121,23,234,78,140,130,70,234,134,123,0,85,191,82,10,209,239,52,184,107,255,64,225,153,229,126,84,0,78,55,255,26,73,144,255,255,141,98,196,255,99,69,85,12,251,133,101,0,70,212,96,53,255
174,36,187,86,198,19,114,48,145,162,163,101,35,154,67,136,148,99,162,140,0,255,141,126,91,166,137,200,179,93,191,146,136,23,13,138,36,38,232,5,151,138,85,62,234,255,127,97,172,217,180,97,157,120,53,143,183,139,56,134,255,66,80,127,221,149,85,24,178,87,120,95,130,255,82,181,43,157,190,101,186,180,95,255,125,151,129,147,189,0,116,198,212,190,93,255,0,53,48,255,241,180,44,209,138,115,57,190,24,217,214,38,94,168,255,30,7,159,8,184,128,0,0,69,0,125,20,255
178,53,204,98,253,50,103,70,138,194,149,87,110,85,89,57,191,133,173,29,0,255,144,140,91,211,136,187,210,53,255,140,42,86,0,254,22,0,84,109,198,234,119,0,255,255,185,190,163,73,191,196,137,233,1,157,49,10,28,255,255,0,59,130,237,255,151,79,255,148,40,158,161,197,20,42,119,23,255,86,100,11,62,166,154,0,255,192,190,0,221,85,255,39,122,255,0,79,0,255,73,0,25,255,0,206,0,175,75,255,252,176,95,206,255,255,207,255,0,239,255,97,0,48,18,67,162,255
163,8,122,109,123,0,111,54,176,163,92,59,42,164,98,150,144,221,122,155,0,255,35,10,120,67,84,217,55,156,102,208,55,22,9,47,255,120,164,103,122,133,0,137,20,255,0,220,143,34,14,23,255,2,128,186,30,0,41,133,221,55,70,187,93,116,255,108,136,65,255,73,204,108,101,1,0,150,134,204,0,255,255,103,114,113,255,201,239,73,166,26,255,157,175,255,0,0,255,93,255,179,191,255,49,98,0,255,199,255,255,112,168,0,219,93,255,255,62,191,255,44,0,121,255,255,255,255
162,14,134,137,173,0,119,62,140,120,144,82,131,166,197,110,193,185,192,94,91,220,75,47,79,113,108,203,210,160,255,167,115,27,65,172,115,98,165,0,100,149,0,131,111,245,58,104,94,33,183,102,142,125,255,155,205,1,25,170,121,101,157,139,83,161,127,176,200,0,255,79,176,103,104,152,169,97,185,63,146,165,87,38,86,39,255,210,255,0,85,99,255,255,115,103,76,0,93,177,255,89,145,123,63,90,138,87,46,125,255,22,0,0,181,41,57,255,0,255,45,184,0,167,219,125,255,255
164,13,139,130,172,0,136,61,150,99,124,103,89,164,141,147,179,163,136,112,24,255,107,48,44,123,111,157,164,123,222,149,102,0,66,98,153,63,197,0,101,146,34,94,106,255,67,121,107,70,124,88,184,143,255,195,135,80,18,102,104,76,120,133,149,166,132,146,173,0,231,79,95,168,59,31,0,104,119,93,124,195,135,78,149,91,208,164,199,0,0,124,237,201,152,204,14,0,103,200,255,149,71,176,58,161,47,162,126,83,255,0,96,0,224,88,143,255,0,255,95,0,0,189,231,42,150,255
174,32,153,138,218,0,68,28,123,183,162,87,138,95,177,28,189,115,232,108,2,219,56,40,87,87,71,141,160,236,165,130,178,126,45,230,49,28,17,74,94,228,10,115,188,216,30,162,120,151,255,120,35,192,255,218,159,45,138,43,255,195,135,110,43,134,68,134,244,0,243,165,234,69,129,204,118,73,236,131,191,132,7,71,1,71,76,0,227,78,163,0,255,166,134,87,0,0,72,121,125,82,0,98,0,228,113,58,202,255,157,154,0,255,144,34,84,138,25,64,250,207,0,65,212,255,86,255
166,35,148,111,234,24,93,45,69,171,121,116,145,154,56,62,140,105,195,98,0,234,103,51,12,211,59,166,175,150,255,139,158,82,0,255,58,0,88,9,8,205,53,59,182,255,17,154,93,176,178,105,109,185,202,197,189,72,73,136,255,168,225,39,111,88,50,110,212,39,112,98,192,82,177,200,103,123,207,115,54,77,0,24,61,0,134,184,242,139,148,4,170,183,173,125,65,0,85,65,183,8,0,37,255,107,53,4,114,255,255,112,0,118,98,61,32,211,0,215,214,255,123,0,255,141,23,255
171,40,179,90,218,9,100,58,120,151,141,101,46,160,56,100,144,110,156,84,16,255,117,123,68,190,143,218,183,126,255,174,88,46,0,197,0,0,206,34,93,150,88,0,255,208,44,53,129,98,253,78,220,158,148,79,255,51,0,142,160,110,91,112,255,210,6,56,134,25,111,52,116,188,206,107,27,126,151,124,191,106,152,244,119,0,241,142,144,5,108,114,174,255,182,255,0,153,12,255,181,208,4,120,158,219,147,133,0,220,248,153,0,236,213,6,150,154,101,114,255,118,0,57,88,126,0,255
163,33,146,116,219,2,102,29,124,167,166,80,98,169,126,48,155,93,235,59,0,255,157,102,25,169,144,194,121,198,216,169,80,19,42,170,50,33,135,28,75,106,108,24,219,184,62,96,135,221,216,100,77,128,187,169,159,28,85,191,179,42,102,167,115,103,30,123,209,94,176,73,217,47,150,181,90,14,157,211,152,195,120,134,70,46,94,105,196,6,128,69,255,144,147,207,7,0,63,255,173,30,16,107,38,71,239,145,149,49,226,44,0,149,171,123,83,69,0,159,154,84,91,63,123,255,75,255
169,40,158,89,255,54,104,56,106,140,147,21,58,174,154,114,111,181,119,69,47,255,111,100,52,255,107,219,187,149,231,142,100,56,173,198,99,105,119,57,167,188,18,117,87,160,90,105,106,231,112,83,119,108,130,114,213,83,162,234,168,156,50,255,134,86,131,189,195,127,72,137,177,193,78,37,68,99,195,248,56,187,84,41,34,0,255,229,220,91,0,95,229,255,78,126,0,53,218,143,108,98,0,12,0,150,103,255,178,152,255,209,0,77,0,144,147,255,0,145,169,70,11,208,255,228,21,255
173,40,176,108,217,21,82,34,118,157,159,64,94,128,155,74,149,177,128,74,28,255,123,162,23,232,104,211,155,170,198,196,57,134,109,203,69,0,85,117,139,253,8,78,106,223,114,71,98,163,176,97,138,94,91,98,151,38,67,135,222,90,134,172,140,133,48,100,255,149,123,77,146,109,95,147,54,86,196,183,143,193,61,145,90,51,112,138,149,148,89,0,255,255,85,255,0,0,141,248,200,59,99,212,156,108,88,216,148,144,255,196,0,127,51,0,48,121,75,0,255,1,0,133,255,217,62,255
158,32,133,84,238,14,115,87,100,172,183,59,93,231,185,105,193,158,178,34,50,255,184,110,20,240,165,238,84,218,243,139,68,98,123,118,108,19,119,100,135,86,96,101,94,151,88,155,125,212,215,49,172,12,183,133,255,0,40,222,4,8,87,241,42,97,86,146,190,87,94,2,255,21,202,158,88,163,137,255,34,255,237,29,16,35,255,214,230,73,35,157,255,255,123,165,25,0,255,130,250,129,9,64,0,0,184,152,136,119,202,158,0,86,50,136,255,213,22,42,122,171,52,156,255,255,75,255
162,40,159,79,249,45,102,60,117,195,168,72,63,173,159,78,124,160,218,71,10,255,158,71,19,231,73,255,116,204,245,168,153,156,0,198,56,104,4,166,57,222,12,3,201,245,123,137,141,216,163,133,94,109,133,224,181,67,156,202,126,156,73,144,89,64,69,110,206,123,68,63,199,103,91,170,192,54,173,255,64,255,174,58,0,64,43,126,205,179,0,16,255,255,217,246,0,0,116,238,104,67,21,64,37,87,216,197,209,239,250,141,83,0,36,164,161,60,0,40,171,96,20,27,223,232,116,255
165,43,151,97,254,35,66,47,113,216,162,44,117,220,86,30,224,124,230,123,0,255,142,131,98,152,73,252,70,146,201,134,235,32,0,219,57,0,5,53,46,210,59,82,176,255,23,197,9,105,184,64,71,114,242,255,165,71,197,0,243,155,142,130,0,215,112,16,141,65,109,65,176,95,140,165,198,150,243,255,15,155,0,68,0,12,15,0,196,95,120,0,255,111,84,98,0,0,116,43,91,37,0,32,129,151,230,177,207,255,255,157,0,145,60,102,66,108,28,179,196,122,92,0,189,255,28,255
165,26,150,125,178,0,81,47,121,180,194,67,105,136,168,65,156,137,255,151,29,211,140,2,82,156,106,192,185,187,215,232,196,48,139,250,85,125,56,60,39,204,55,65,161,255,36,160,147,204,102,65,79,89,204,126,255,57,73,145,255,147,146,173,43,74,153,23,197,40,255,160,176,119,147,121,191,66,135,71,192,154,32,43,0,123,74,155,255,110,202,0,255,179,99,247,0,0,68,192,253,41,0,194,110,212,182,147,86,255,255,165,26,68,192,0,15,144,115,255,84,181,6,22,125,255,180,255
158,27,118,93,220,1,95,65,113,174,140,30,113,179,93,79,190,155,246,83,43,255,62,72,68,194,151,255,36,178,192,182,132,53,74,202,211,6,67,62,120,76,30,144,40,255,140,108,113,180,152,26,125,32,145,200,203,62,117,152,200,83,65,124,59,136,138,44,66,26,77,132,243,66,128,223,109,130,161,255,120,255,74,74,90,79,235,167,187,7,107,104,255,255,96,178,39,0,138,0,255,128,62,0,28,0,120,62,101,194,209,87,0,82,69,98,103,133,0,208,111,127,103,119,239,176,0,255
166,17,135,152,191,0,120,101,143,118,150,39,116,128,199,127,194,179,200,145,78,231,73,61,108,84,118,181,232,151,210,146,67,86,74,161,148,77,135,33,108,160,38,156,111,233,51,81,120,116,163,107,162,131,206,135,192,69,8,139,147,166,113,202,112,147,159,148,176,38,231,155,135,150,83,197,158,179,231,37,107,139,36,34,20,16,255,255,248,21,71,98,255,216,144,80,155,0,147,76,255,39,107,221,33,97,91,121,64,140,201,27,40,56,189,29,158,255,0,255,47,180,0,86,244,111,255,255
171,17,137,137,220,1,125,139,161,107,182,38,117,139,164,119,227,160,147,135,82,221,106,90,160,63,81,95,230,150,255,120,112,118,82,169,137,152,168,52,176,197,0,97,155,128,45,56,11,114,164,66,99,215,240,148,206,0,112,181,65,141,124,200,76,179,208,136,139,28,181,224,136,49,85,153,125,255,158,61,169,173,48,0,103,78,252,235,92,29,0,161,246,255,141,74,205,98,178,138,255,6,62,253,62,219,104,203,217,145,0,255,124,128,100,93,179,255,43,10,72,103,0,111,235,73,255,255
175,18,148,124,216,25,107,146,163,141,166,58,90,123,136,106,232,144,153,141,46,219,123,53,173,109,121,106,191,136,255,128,108,140,100,158,137,125,167,80,201,199,66,92,172,130,66,38,0,148,162,49,72,170,121,85,217,36,81,156,96,173,122,173,56,190,175,92,98,109,145,190,145,131,112,190,55,231,112,94,144,158,75,31,107,119,255,231,131,47,83,123,174,225,125,182,188,92,159,145,251,107,40,160,39,235,73,196,196,178,19,255,141,93,161,101,160,255,51,75,19,125,0,103,184,42,157,255
159,11,127,148,165,0,108,57,160,152,157,111,163,171,176,75,186,188,190,82,49,249,114,53,123,89,58,205,113,125,255,163,206,17,33,176,115,114,143,0,81,199,6,172,82,255,8,179,59,29,183,111,54,79,255,221,229,0,90,75,195,140,243,129,6,106,255,131,255,0,255,117,255,115,29,223,120,192,186,34,71,83,9,0,106,61,217,146,249,32,251,0,255,235,206,155,0,0,165,43,255,222,131,127,68,117,156,255,212,255,255,31,0,0,255,12,89,255,0,255,19,217,0,112,236,83,255,255
168,19,134,137,220,8,112,126,136,135,208,62,122,145,180,95,203,122,174,132,85,238,100,81,141,72,91,106,216,149,226,100,113,116,106,163,132,118,167,53,173,191,8,111,107,154,73,91,26,136,212,23,71,192,187,150,205,14,137,193,121,107,106,220,74,154,193,128,143,20,195,243,147,70,129,184,126,255,130,87,195,123,60,0,103,61,217,205,134,24,62,146,205,254,86,71,214,58,135,145,255,24,87,252,48,172,118,149,175,125,64,224,40,154,126,131,180,255,8,43,94,112,0,139,209,199,204,255
168,19,144,135,210,16,112,114,149,137,175,50,104,123,158,114,191,137,165,158,65,202,79,83,151,96,117,138,165,158,249,139,86,122,89,169,127,113,148,55,153,167,43,136,120,174,82,63,46,168,163,74,84,146,157,118,234,57,81,154,112,184,65,203,117,154,163,104,132,70,176,229,123,159,123,161,64,255,137,68,156,112,69,81,83,60,186,250,145,68,104,150,163,239,168,119,150,30,157,165,255,91,82,156,5,173,64,188,177,130,152,147,86,37,160,110,113,255,7,168,43,35,0,91,210,141,176,255
168,17,134,143,210,3,115,122,153,122,176,27,122,137,178,113,218,159,179,144,85,210,86,75,172,60,99,134,246,134,255,108,89,95,88,178,119,135,144,30,129,182,0,114,159,148,72,71,66,118,180,68,97,177,222,135,216,0,84,150,100,154,130,189,49,141,180,144,157,50,205,221,170,87,65,201,169,242,185,40,164,110,19,0,33,17,239,255,184,17,52,167,227,202,122,52,211,50,162,85,255,0,99,221,60,174,95,177,148,179,57,144,8,125,134,50,185,255,18,133,61,178,0,128,200,96,255,255
166,7,123,129,115,0,125,58,201,139,57,0,35,145,65,210,161,207,167,192,0,255,61,0,165,28,0,242,0,36,108,128,136,0,0,40,255,255,103,0,0,191,0,133,33,255,0,255,143,0,0,0,255,0,62,193,0,145,59,4,255,0,145,157,6,116,255,198,40,0,255,255,172,43,0,150,0,195,255,185,38,82,145,255,137,28,255,227,255,5,106,79,255,0,144,255,0,0,178,23,255,255,190,255,0,218,0,255,144,255,255,90,25,0,175,70,255,255,55,255,255,24,0,97,146,236,255,255
169,21,128,143,188,0,94,35,114,171,123,56,132,124,135,80,161,154,198,102,14,255,71,28,78,200,87,155,147,247,193,131,66,87,151,154,83,0,83,19,0,171,67,246,93,162,18,255,96,255,151,162,89,121,255,161,118,48,89,179,250,78,120,191,0,1,161,201,255,118,255,73,255,42,78,255,169,23,78,0,193,161,0,55,0,109,205,122,255,46,188,0,255,192,109,147,0,109,211,54,237,199,202,174,96,117,170,20,210,230,255,17,0,154,72,132,185,255,0,255,60,225,119,0,111,217,111,255
167,25,136,140,180,0,74,32,98,199,158,82,152,159,136,19,186,138,207,136,34,218,123,26,86,108,84,183,114,190,138,72,146,43,126,197,144,40,48,61,70,178,85,119,121,196,0,180,118,208,255,142,19,144,255,233,205,50,69,183,242,155,143,156,0,97,153,144,253,0,215,145,255,61,131,172,208,95,120,172,218,170,0,90,6,80,127,115,255,99,146,0,255,126,72,128,0,0,111,95,155,48,126,125,47,215,201,161,221,222,255,86,0,56,65,55,155,255,0,255,118,237,27,60,114,184,216,255
174,31,152,150,205,0,96,77,128,147,185,55,137,147,152,75,203,174,177,134,46,225,94,70,104,129,106,139,212,172,232,120,113,87,102,216,103,59,131,18,75,155,38,82,166,181,32,113,86,134,197,172,103,154,187,153,221,23,84,163,190,174,90,221,112,197,150,140,235,0,202,166,151,104,127,169,195,147,208,142,145,133,0,78,71,62,236,119,249,15,101,70,255,228,112,112,52,0,137,145,255,93,69,130,57,160,103,180,203,222,164,169,86,200,81,94,50,215,39,141,114,186,0,103,126,223,116,255
167,18,129,139,193,0,126,102,143,116,174,46,111,153,175,142,200,149,169,121,64,255,119,67,95,101,106,176,207,147,255,136,120,53,106,185,112,107,213,0,152,159,26,122,31,223,108,121,73,79,181,57,106,133,221,191,217,0,76,97,94,135,115,202,52,186,132,110,142,29,255,176,114,81,141,150,52,231,211,33,114,105,133,41,58,54,233,133,144,0,0,141,255,255,128,71,103,16,139,201,255,106,94,255,11,37,113,150,105,157,178,112,0,45,219,81,179,255,35,255,109,84,0,179,201,170,208,255
173,26,165,123,200,20,131,60,130,121,127,64,58,120,170,148,102,191,99,146,24,255,120,86,20,233,103,174,223,134,217,151,146,116,172,209,111,79,147,112,162,233,52,75,41,190,111,165,113,120,62,125,112,107,206,135,206,55,80,56,203,159,70,189,193,115,58,84,206,108,155,160,75,195,122,73,8,97,164,67,43,122,193,151,14,69,214,143,218,129,5,0,133,255,71,230,0,41,148,255,243,161,151,206,197,93,21,214,99,207,255,183,28,50,133,0,103,178,191,115,243,0,0,177,255,165,62,255
171,21,150,146,207,0,126,98,149,104,159,98,120,124,131,129,210,176,127,105,58,237,105,91,49,174,81,141,204,172,255,145,119,110,58,255,48,26,210,0,75,187,48,37,105,255,0,113,80,93,170,103,124,118,239,143,224,0,28,128,141,125,181,145,124,105,139,103,181,0,241,79,181,48,185,161,30,184,165,8,120,148,49,39,181,0,255,123,207,12,206,61,220,255,154,140,98,18,133,161,255,107,113,216,72,117,63,218,71,206,108,209,0,168,64,64,86,246,53,195,90,53,0,188,193,23,94,255
173,20,138,152,169,0,106,81,178,121,112,57,103,162,162,155,207,184,180,123,0,249,127,96,78,152,100,157,132,191,198,192,60,98,56,158,111,58,134,41,54,121,43,140,77,255,0,100,43,128,117,133,170,51,255,201,169,41,49,66,185,145,181,193,15,158,173,139,130,46,248,231,180,92,0,85,17,106,208,72,138,134,30,92,136,87,237,226,255,0,68,60,255,97,45,154,0,0,137,29,255,173,14,240,14,197,82,248,255,241,160,35,64,26,148,1,235,255,0,255,150,108,0,18,191,0,216,255
181,46,173,122,211,4,50,15,100,167,151,32,49,183,105,39,190,174,133,183,48,255,98,50,76,108,146,241,119,220,165,121,125,33,67,209,115,72,139,60,89,169,37,112,116,255,3,121,64,204,196,24,95,138,76,106,183,170,120,62,213,173,0,217,29,79,109,145,126,67,222,55,255,131,94,84,52,144,87,111,110,179,0,90,23,42,173,186,93,138,170,0,255,244,133,124,39,0,234,0,172,191,17,0,67,221,166,255,255,175,255,196,8,155,0,25,255,203,122,108,77,91,50,0,189,255,0,255
159,14,128,108,143,0,109,17,126,177,127,82,110,163,103,26,164,190,170,163,52,220,111,0,52,85,94,203,41,172,91,105,166,0,131,91,240,0,92,44,84,171,31,135,72,216,0,207,115,162,227,67,201,94,255,179,150,0,0,207,162,50,81,74,86,108,207,151,255,0,255,0,255,64,169,96,32,52,182,160,142,234,132,109,23,107,255,68,245,133,127,0,255,186,255,255,0,0,189,94,255,142,211,5,107,255,196,199,203,255,255,22,66,0,116,156,153,255,55,255,44,142,0,15,184,203,255,255
167,21,151,121,179,4,120,76,154,153,137,25,69,138,112,90,159,109,216,162,5,255,171,38,86,109,139,164,165,72,177,144,194,44,168,133,59,100,152,4,173,179,170,147,186,251,40,192,153,204,132,65,92,29,126,72,223,0,26,85,174,120,80,143,107,100,131,46,176,93,205,152,108,163,93,157,91,160,170,168,137,124,206,66,23,138,176,18,222,0,111,175,255,255,133,255,25,77,14,185,198,171,84,177,144,151,46,182,83,255,255,76,49,70,255,67,131,169,101,175,15,58,0,243,114,142,247,255
172,23,131,150,191,0,88,75,146,158,162,75,127,141,154,85,190,144,174,121,31,255,82,50,97,155,84,145,167,204,232,150,124,84,109,182,89,69,140,0,119,180,71,191,103,224,51,143,109,140,195,152,49,124,255,161,134,0,66,110,249,145,140,179,30,138,132,107,229,66,247,224,205,82,106,188,137,181,210,91,118,116,0,24,17,118,193,79,187,10,106,11,255,232,103,100,0,25,147,76,255,185,60,139,9,192,89,145,157,205,210,127,32,148,116,52,131,255,0,255,133,172,0,38,141,165,70,255
171,20,144,158,222,0,103,158,158,130,189,39,104,159,194,93,234,123,190,146,94,232,88,83,146,81,106,100,216,122,230,101,96,130,88,132,109,140,178,54,185,229,26,95,188,158,54,47,66,149,168,4,82,193,176,151,213,47,124,209,166,119,92,227,44,125,215,141,160,37,221,218,120,77,119,228,173,238,158,135,111,158,12,0,66,56,255,202,164,25,38,153,233,239,120,120,225,83,124,118,255,31,97,248,29,231,155,176,119,145,0,173,22,115,75,111,171,255,0,21,87,181,0,198,238,142,174,255
176,25,171,124,176,0,128,110,159,115,165,0,70,131,123,106,242,131,224,159,36,211,142,25,129,114,151,133,239,129,255,147,210,61,142,185,69,162,193,0,206,187,114,86,173,181,101,171,56,210,108,96,190,71,148,121,255,67,104,190,195,209,134,239,155,160,138,51,135,91,255,2,90,167,101,162,100,143,192,116,24,131,183,98,65,79,253,167,249,0,54,203,255,255,153,255,0,32,135,218,255,191,60,224,39,136,170,147,137,255,240,121,0,71,255,45,134,123,118,255,59,107,0,128,121,10,100,255
176,15,127,142,147,0,132,76,166,120,97,0,71,159,103,164,156,214,141,172,22,255,168,34,59,9,1,246,5,148,167,127,143,46,0,98,255,150,66,38,45,153,22,82,0,255,0,240,97,0,95,28,255,0,120,112,0,67,34,0,255,0,119,158,0,246,218,32,163,13,255,177,189,120,0,103,30,141,255,142,100,98,16,255,196,8,255,93,205,0,98,52,255,21,185,164,6,16,255,61,255,208,145,255,0,0,15,255,225,255,255,58,67,0,117,0,255,255,56,255,186,170,0,7,159,118,255,255
165,10,137,131,150,0,102,67,204,164,109,87,72,119,94,93,119,143,142,155,7,213,156,25,101,96,79,185,33,186,149,171,125,67,0,157,176,71,133,47,55,167,60,115,149,255,29,141,108,137,67,120,168,57,255,144,111,0,0,61,231,105,79,113,83,96,216,29,152,148,199,155,221,193,8,200,0,218,234,33,0,135,122,136,33,83,160,186,203,0,248,0,255,58,197,255,32,0,163,61,255,204,49,165,74,229,0,255,255,255,255,0,55,0,213,0,182,255,0,255,111,83,0,0,190,120,255,255
161,10,134,141,160,0,101,41,166,143,109,91,130,132,156,105,188,175,219,130,57,160,64,25,105,116,92,196,140,181,177,172,101,19,45,128,128,53,95,0,0,140,28,170,133,255,0,82,102,143,131,157,79,136,255,207,205,81,0,179,195,132,113,104,73,112,222,160,246,48,228,103,255,153,0,216,104,138,133,41,106,150,44,51,54,120,255,212,255,67,143,0,255,138,237,255,0,0,95,26,228,131,118,0,0,229,119,124,170,255,255,0,0,0,172,20,50,255,0,255,32,165,0,32,183,0,255,255
168,23,131,158,196,0,95,52,147,140,149,81,153,105,207,101,163,180,234,122,6,214,101,59,85,113,125,183,182,185,188,164,106,104,105,219,95,81,51,29,49,168,0,125,95,252,8,147,109,106,205,142,67,91,255,189,226,27,80,92,231,127,238,200,25,128,219,128,255,4,255,212,220,150,111,198,138,98,194,143,198,103,0,40,93,52,190,106,255,0,204,10,255,210,90,91,26,0,157,27,255,124,16,157,67,137,47,148,151,225,217,67,0,150,146,44,88,255,0,190,94,230,0,142,231,255,255,255
160,18,137,131,182,0,120,50,134,146,160,101,138,152,185,84,177,164,196,99,54,255,109,37,55,126,143,176,156,161,241,148,138,9,117,173,141,78,148,0,81,154,47,89,92,248,101,175,92,69,214,98,70,124,255,138,241,1,44,111,139,108,143,197,101,174,151,113,235,22,224,138,154,145,113,154,129,152,152,117,146,127,83,47,40,46,177,137,255,30,210,95,255,255,139,167,15,0,105,195,255,142,91,71,83,82,95,145,149,168,255,90,32,60,182,89,14,243,0,255,50,140,0,122,238,180,176,255
167,22,135,158,179,0,92,57,138,159,145,91,137,137,210,80,200,161,218,112,5,255,101,56,94,104,117,147,192,187,214,171,147,67,76,162,97,109,93,0,47,175,36,142,144,255,0,200,113,101,206,131,69,151,255,180,171,32,58,120,254,178,214,181,0,88,174,162,255,20,255,176,223,92,64,175,186,112,197,107,54,154,13,29,0,40,160,136,255,0,193,5,255,156,103,112,0,0,110,54,255,127,81,153,43,159,108,212,169,251,255,0,0,71,162,58,62,255,0,255,126,255,0,61,193,228,247,255
168,32,158,136,223,21,62,33,104,155,165,90,109,65,201,110,139,114,226,98,4,255,82,86,96,153,166,171,211,138,138,127,66,73,176,155,111,91,79,56,96,217,79,139,148,105,152,121,128,198,227,144,46,102,51,145,198,94,153,169,232,16,80,255,203,130,143,104,255,110,210,124,147,191,168,230,0,133,142,184,196,50,56,0,101,132,191,173,255,108,132,166,255,214,85,104,79,0,146,255,237,32,0,106,119,1,84,146,155,0,248,83,39,255,89,240,77,71,0,50,0,190,12,203,255,255,137,255
164,27,150,123,199,0,94,15,122,163,190,42,104,129,192,84,172,155,255,74,36,248,111,88,60,119,118,217,189,206,158,169,77,41,141,198,68,0,35,86,78,129,86,133,200,209,87,140,157,255,162,104,42,18,198,149,212,57,84,129,189,71,70,255,28,106,76,75,140,85,163,140,199,105,134,161,97,14,113,183,237,108,105,21,0,98,55,87,255,23,223,3,255,137,125,193,71,0,118,211,215,0,0,63,86,53,80,129,86,101,255,84,81,177,144,49,77,78,0,186,0,53,13,23,73,255,223,255
157,17,140,124,181,0,99,62,133,154,141,66,111,140,148,106,123,146,230,110,17,230,133,68,104,66,155,213,142,116,144,89,136,10,103,118,136,83,82,27,44,162,110,129,238,237,50,87,102,198,149,42,83,78,152,125,183,72,50,169,156,10,62,236,128,114,171,116,190,49,177,70,97,171,116,126,94,152,63,230,199,141,176,123,101,59,233,158,246,71,102,76,196,174,124,255,97,0,121,236,253,36,99,90,137,133,110,191,88,43,255,0,0,0,184,5,109,247,0,255,0,70,0,141,165,136,255,255
165,10,144,126,152,0,116,39,171,146,115,83,83,190,74,125,190,115,170,146,22,210,120,78,50,142,60,124,178,184,92,195,42,34,19,54,179,80,157,62,33,83,38,128,156,255,39,114,153,233,49,130,131,110,255,196,168,109,0,138,174,79,63,96,184,72,79,95,120,98,218,89,255,232,0,26,0,158,41,66,125,255,147,185,123,173,185,246,187,0,29,21,200,51,225,255,0,0,127,122,255,67,0,117,50,255,73,255,214,252,255,47,68,0,242,8,109,255,110,255,82,0,0,54,223,0,255,255
168,31,151,123,196,5,131,62,139,166,170,54,97,154,126,71,187,127,226,143,0,255,194,55,71,143,86,164,150,105,198,142,146,14,83,174,75,63,103,0,92,193,129,70,138,223,25,170,111,190,191,101,94,104,177,148,210,82,45,62,240,119,148,140,95,123,75,90,204,7,212,130,147,116,56,111,125,170,255,167,90,129,35,147,59,95,185,80,236,0,91,71,255,189,148,255,0,0,60,205,240,137,0,133,56,116,134,238,103,255,255,112,0,103,245,49,39,179,44,255,110,9,5,116,54,189,198,255
178,36,208,85,199,22,116,101,135,174,176,56,63,92,133,149,181,162,215,116,7,255,106,180,47,172,196,70,231,32,255,128,173,147,82,158,56,40,90,87,211,255,112,128,246,204,68,138,155,255,157,105,34,79,0,154,129,70,32,255,235,155,70,255,224,130,144,52,255,60,64,87,217,197,94,222,15,222,236,67,174,97,158,25,203,145,255,211,195,95,103,222,227,186,150,255,41,54,150,233,201,179,206,69,94,204,109,115,16,255,255,219,162,110,255,95,94,127,2,46,10,0,0,112,0,26,116,255
169,17,154,132,161,0,137,16,155,135,95,51,97,143,107,115,182,150,173,108,59,255,63,52,51,165,78,128,179,104,163,127,24,63,145,105,59,50,143,84,47,125,124,103,177,222,25,198,149,204,168,147,73,133,179,103,147,122,53,110,130,93,72,135,202,62,67,149,208,125,189,124,181,213,0,35,35,86,152,15,204,107,219,78,106,107,232,229,255,0,31,140,188,142,223,253,15,0,75,210,255,110,70,192,0,192,111,172,184,152,255,90,105,24,167,89,161,255,51,255,163,10,0,136,129,49,242,255
158,32,136,88,231,24,111,75,115,174,182,44,122,181,176,59,173,104,224,83,12,255,194,41,14,229,163,203,125,237,199,53,74,35,75,40,90,78,100,75,139,187,11,101,73,111,63,71,209,255,255,132,91,70,233,73,179,0,37,253,106,110,42,143,0,163,135,187,255,0,158,122,255,85,174,255,180,89,165,255,0,255,147,66,7,105,172,109,177,80,103,99,255,255,207,255,27,40,119,162,0,171,24,57,0,123,255,115,79,255,199,101,0,16,105,228,245,214,10,126,101,255,130,151,223,255,99,255
159,31,158,113,255,52,101,124,140,192,133,78,136,213,82,29,104,109,81,116,1,234,111,115,30,191,141,127,107,136,182,124,159,101,149,182,107,109,158,104,154,191,16,87,135,253,18,111,46,119,166,128,103,113,156,195,127,35,100,180,202,21,145,91,87,84,196,91,196,71,161,115,255,234,100,76,141,177,136,255,51,199,37,146,110,0,127,184,236,10,128,157,117,160,143,149,36,0,52,76,135,37,125,68,78,255,121,169,252,255,255,54,0,0,23,192,167,201,8,164,134,239,0,220,228,148,84,255
156,15,145,100,235,15,67,70,202,177,91,138,252,184,0,0,209,174,201,159,28,150,24,92,53,207,67,199,122,231,138,11,112,62,0,255,0,65,14,108,48,255,0,0,52,199,0,0,168,230,212,47,29,0,255,255,47,34,0,0,255,41,255,0,0,106,65,0,185,56,227,33,255,255,183,147,92,164,53,255,117,109,0,108,197,129,255,201,255,255,202,14,255,255,223,146,0,0,255,16,255,255,31,0,255,80,255,228,55,199,219,255,0,154,0,0,112,255,0,113,135,237,199,0,171,45,44,255
161,23,119,98,181,0,85,41,123,192,111,14,87,171,89,70,160,178,212,137,2,255,38,34,91,157,91,249,64,192,114,174,140,20,65,159,255,39,25,98,103,118,18,132,22,255,14,183,83,154,163,35,198,38,164,208,71,0,150,150,255,5,94,168,0,148,173,43,93,44,176,83,255,7,137,108,83,107,134,254,86,211,111,139,43,109,243,175,235,91,151,0,255,189,21,217,0,1,241,82,255,127,206,129,135,57,199,182,205,255,255,133,0,0,0,112,218,199,0,255,212,128,81,0,177,174,183,255
148,25,118,56,255,55,107,69,103,207,166,84,147,236,113,46,162,109,196,51,35,255,48,99,89,176,98,255,0,16,174,201,178,76,11,246,143,0,30,99,235,112,0,105,108,255,129,176,119,214,255,49,32,78,255,255,255,0,161,223,184,145,13,40,135,47,162,78,72,66,39,130,255,120,92,156,139,137,209,163,8,217,187,0,0,88,188,120,53,146,69,53,239,255,215,255,0,0,213,59,181,33,0,39,0,116,255,59,146,245,255,250,0,66,255,0,174,233,80,230,193,0,251,86,240,0,0,255
152,28,153,52,255,71,140,102,138,214,122,125,136,211,134,113,113,158,144,60,12,255,96,95,86,160,105,252,76,86,204,145,170,82,47,255,116,33,107,149,196,143,0,112,81,249,159,142,84,232,195,91,13,177,166,196,203,0,227,250,230,105,54,141,96,69,199,55,131,0,63,161,255,155,121,54,149,160,171,180,14,216,255,64,0,89,81,235,85,67,81,125,145,201,128,227,0,9,152,207,166,0,107,149,0,255,166,54,9,254,211,250,124,60,255,39,162,125,0,196,236,0,0,142,255,54,15,255
148,26,147,43,255,75,153,110,138,240,126,135,176,242,123,128,159,164,138,65,43,255,106,129,121,98,154,255,0,21,173,147,149,112,64,255,113,0,121,171,221,118,8,138,4,240,168,177,99,255,238,70,24,173,149,244,222,0,215,236,255,117,22,204,65,47,255,123,146,0,148,121,255,142,164,11,150,197,156,194,0,201,255,60,0,113,35,198,76,54,79,146,217,160,142,178,0,31,194,255,247,0,207,213,0,255,222,144,0,154,248,255,56,69,255,0,158,155,0,202,255,0,0,116,255,35,0,255
149,24,148,59,252,46,135,99,155,219,95,141,204,196,65,69,187,142,146,71,39,255,89,113,105,82,148,255,36,43,201,112,138,45,47,255,87,0,134,144,235,187,0,86,78,255,171,134,66,192,180,98,12,161,151,202,243,0,134,236,255,100,53,102,116,70,218,53,92,22,151,151,255,218,180,105,128,116,182,154,11,168,255,51,0,163,42,249,130,86,196,106,126,133,56,217,0,85,224,255,122,0,144,255,0,252,255,95,0,210,175,255,88,159,255,0,66,123,0,173,255,0,0,170,255,133,0,255
148,20,151,71,255,57,118,111,184,170,72,118,228,122,0,24,255,90,171,99,12,255,53,132,155,59,66,171,129,117,255,96,102,55,0,189,19,15,165,143,162,255,66,0,63,236,0,139,79,173,163,98,93,255,100,127,241,0,0,231,255,7,109,39,153,106,112,59,73,226,102,255,255,174,255,113,0,9,222,168,88,33,255,149,0,0,218,255,255,118,245,172,167,146,0,255,0,55,255,255,0,0,78,255,0,169,212,111,117,255,255,255,100,117,255,133,0,192,109,255,149,255,0,28,255,0,33,255
147,15,157,59,255,55,138,106,185,199,65,138,236,168,0,14,237,98,125,146,50,255,60,91,154,71,108,165,150,123,230,52,99,0,17,227,0,14,145,108,166,255,53,21,0,165,0,63,107,199,89,28,53,255,68,167,189,0,0,240,202,40,112,43,74,0,126,14,135,238,118,245,255,255,255,45,0,121,78,246,20,16,255,195,0,33,255,255,255,144,148,255,252,251,37,142,42,102,255,255,0,54,99,255,0,170,215,210,114,255,255,255,183,65,255,40,0,164,30,255,240,177,0,42,255,0,0,255
152,20,158,61,255,68,126,125,185,163,71,91,239,119,0,28,197,154,169,135,36,181,27,145,187,18,89,158,176,76,255,80,87,102,1,156,58,99,131,215,105,255,75,0,33,75,0,115,62,255,82,111,163,255,21,93,221,0,0,220,193,8,141,63,57,132,93,141,28,255,130,255,255,164,255,7,0,0,188,188,132,82,246,198,0,105,206,255,248,146,136,177,197,210,0,255,0,0,255,255,34,0,18,241,151,137,255,172,225,255,255,255,226,27,255,118,24,88,149,255,58,255,0,88,255,0,0,255
148,15,156,59,255,62,133,106,174,199,54,127,223,134,0,16,246,101,142,124,57,243,46,94,142,40,101,196,172,102,255,52,54,0,19,255,25,0,199,108,189,255,64,0,94,228,38,127,75,112,97,87,46,225,31,99,233,0,0,252,248,7,134,45,142,0,94,23,56,255,129,255,255,255,223,91,0,51,191,235,0,0,255,201,0,0,211,255,255,142,241,255,171,130,0,204,26,162,255,255,0,0,150,255,0,75,180,116,85,255,243,255,240,117,255,0,0,240,35,163,255,191,0,71,255,0,0,255
148,9,169,61,255,39,106,124,218,177,48,108,255,167,0,0,213,132,155,160,51,189,41,142,186,29,60,158,199,125,245,59,64,70,0,149,31,114,189,218,83,255,94,0,59,38,0,75,45,255,90,90,119,255,4,72,255,0,0,227,146,47,195,4,11,34,43,46,27,255,120,255,255,255,255,69,0,68,157,254,146,0,229,255,0,50,255,255,242,255,111,254,255,255,19,198,0,0,255,255,0,23,0,255,255,0,255,139,249,255,183,255,255,159,255,154,13,30,43,255,36,255,66,72,192,0,0,255
149,14,160,49,255,64,125,109,180,191,52,132,196,145,0,58,205,118,147,97,34,233,19,118,137,95,40,196,201,121,255,67,69,68,0,214,29,63,215,147,191,255,63,0,130,171,19,155,106,237,128,106,64,234,69,39,245,0,0,239,202,32,108,0,56,85,17,72,87,190,125,255,215,222,247,41,0,130,240,234,32,33,255,165,0,49,232,255,255,145,211,225,120,176,0,255,0,105,255,255,0,0,46,255,0,56,239,20,92,255,199,255,234,167,255,80,183,210,33,255,155,203,0,163,233,0,0,255
