172,35,168,112,242,44,116,121,113,190,141,88,144,164,60,64,145,148,124,138,48,224,125,49,104,133,127,167,117,135,194,84,91,146,57,145,107,95,191,88,197,170,126,82,69,184,51,95,41,138,249,179,203,144,102,127,176,36,94,231,200,184,63,152,164,246,134,127,167,115,65,214,124,255,182,120,148,168,140,164,140,62,121,170,9,7,146,171,145,56,180,199,175,148,120,154,72,52,3,179,226,105,87,181,0,255,109,156,101,210,255,148,73,112,238,100,39,180,0,174,127,142,39,84,255,176,0,255
161,27,148,94,236,48,127,68,116,159,188,53,119,159,144,77,79,133,133,154,50,238,95,122,140,83,140,159,108,81,230,117,38,99,112,178,120,55,123,66,97,114,94,88,143,138,90,116,79,171,233,81,191,140,67,46,171,0,95,159,178,97,70,191,242,177,63,127,175,85,109,168,167,238,81,167,119,154,184,189,137,71,172,143,93,0,210,168,242,94,50,232,103,247,179,176,111,4,125,248,255,0,134,114,0,185,166,181,152,113,255,102,0,106,178,0,133,195,62,155,124,43,0,31,133,148,95,255
163,36,150,101,246,40,107,79,131,152,130,18,110,177,162,107,89,167,137,84,0,255,129,122,132,127,178,221,87,92,222,96,73,81,165,137,69,76,120,73,124,107,90,137,183,133,76,84,69,227,234,38,115,104,53,125,212,76,134,177,139,72,22,231,146,154,120,185,177,132,60,107,197,206,154,151,152,114,198,255,202,190,174,146,142,23,255,160,219,20,31,255,189,243,181,150,56,0,241,185,178,31,31,62,0,223,81,169,111,4,245,139,6,114,54,140,102,164,0,140,65,74,0,206,173,255,142,255
160,35,148,77,255,67,137,87,145,209,120,29,129,238,144,110,99,152,133,113,0,255,139,125,143,161,168,253,0,61,194,116,81,113,140,180,75,74,197,138,179,55,87,176,106,210,202,139,13,212,199,60,107,132,58,214,162,6,132,110,177,38,93,170,159,127,67,132,132,138,81,106,255,216,101,130,140,175,255,255,128,255,213,255,181,72,255,160,205,0,16,255,172,92,158,116,90,0,162,73,237,0,82,84,0,174,40,56,165,27,223,63,0,36,146,85,166,212,0,183,99,44,20,196,197,97,172,255
165,37,164,101,251,62,119,58,94,138,125,53,60,190,158,154,25,163,125,108,0,255,109,76,71,165,112,255,200,138,171,108,152,107,137,235,65,73,141,130,73,145,47,148,115,156,32,111,133,242,231,48,129,123,73,113,211,119,246,196,178,107,84,226,213,106,165,139,169,104,0,81,185,255,179,67,170,121,53,242,140,136,139,78,110,75,244,150,189,84,28,141,165,255,152,166,97,133,255,141,164,55,26,21,159,114,0,189,195,118,255,220,0,145,42,255,208,173,0,141,75,94,69,122,255,214,83,255
156,39,112,43,255,76,82,19,0,213,183,0,55,109,0,0,124,35,235,163,0,107,0,77,24,45,119,246,169,121,135,143,239,144,131,255,255,65,44,140,192,169,59,111,199,255,0,255,125,159,255,175,60,255,101,255,255,67,76,246,174,118,56,129,134,80,146,136,184,188,0,255,255,61,0,49,0,43,95,255,31,255,156,29,0,0,255,255,255,255,0,213,255,247,255,222,0,0,0,0,0,0,7,36,37,30,163,104,255,255,251,83,0,0,59,255,161,255,226,255,255,255,0,166,255,0,36,255
155,18,79,52,255,61,40,31,35,167,255,0,0,151,0,0,0,18,152,255,0,0,0,0,221,0,0,0,217,117,113,82,66,255,0,221,220,255,244,255,104,68,88,0,255,255,161,255,139,255,62,139,0,128,139,255,0,0,26,24,84,0,255,0,225,255,0,214,106,255,113,238,41,75,150,255,113,30,0,255,81,255,180,61,186,0,255,255,255,255,0,255,255,8,255,57,0,39,154,90,245,0,255,84,0,255,255,255,0,122,50,210,0,0,0,255,130,255,68,0,255,107,0,255,75,255,77,255
156,29,91,55,255,70,64,64,48,151,255,0,0,84,54,0,0,84,128,255,0,55,0,0,208,0,18,0,222,95,68,143,119,191,86,255,255,113,236,195,200,59,17,158,24,255,102,191,114,255,137,34,122,211,80,222,102,0,77,53,177,46,15,185,176,229,4,94,46,54,0,255,159,167,37,255,113,0,33,255,37,255,129,42,44,0,255,255,255,255,0,255,177,238,205,191,44,0,206,0,0,0,214,0,0,255,221,255,170,155,197,90,0,1,0,242,220,255,226,163,183,255,0,198,101,149,0,255
154,32,99,39,255,75,116,41,33,203,215,0,51,110,0,0,90,44,232,134,0,119,31,80,11,82,120,224,182,167,120,124,220,175,51,169,248,171,48,199,247,108,0,100,67,255,0,165,255,255,255,110,64,255,97,186,199,0,40,227,177,255,0,76,183,22,220,145,255,67,34,255,195,98,40,255,0,33,26,255,0,255,84,158,98,0,255,182,143,255,0,255,255,188,255,255,26,0,0,0,0,0,255,0,0,130,245,255,255,255,118,0,0,0,0,255,103,255,95,135,252,255,0,230,205,0,0,255
155,35,98,49,255,82,94,59,37,182,255,0,46,122,0,0,0,41,150,224,0,83,26,17,86,0,155,114,186,89,107,90,148,255,86,244,231,172,74,221,148,165,6,14,149,255,0,121,187,231,229,148,52,194,102,255,183,0,65,176,173,217,52,93,154,94,62,164,121,56,0,255,176,96,81,218,103,0,87,255,12,255,138,17,0,0,255,255,255,255,0,255,203,210,255,255,73,0,132,0,0,0,8,0,0,170,255,255,255,255,211,107,0,0,0,175,54,255,236,255,214,255,0,0,237,8,58,255
151,32,88,59,255,66,86,63,38,184,255,0,37,98,22,0,0,28,140,255,0,62,22,0,120,0,101,12,78,113,102,74,179,255,20,214,151,231,93,252,204,34,76,13,114,255,4,153,219,255,235,142,41,255,138,255,153,0,6,180,70,255,23,0,204,87,102,252,255,82,62,234,255,149,255,255,112,0,91,255,0,255,202,90,50,0,255,174,255,255,0,255,255,102,255,238,0,0,36,0,0,0,255,0,0,255,255,255,255,184,236,0,0,0,40,255,160,255,187,255,255,255,0,126,255,0,0,255
158,30,118,97,255,61,99,47,78,170,187,20,82,161,0,5,98,28,223,149,0,181,73,52,36,111,49,64,87,181,194,112,176,132,23,212,120,192,51,167,106,191,127,0,255,225,16,195,168,255,185,140,0,114,199,255,65,0,138,255,162,117,231,12,150,52,0,151,227,150,142,75,235,125,182,178,120,62,114,163,141,222,196,31,0,0,177,115,255,205,0,71,255,134,255,81,0,2,57,117,98,56,1,87,0,173,255,229,250,255,255,155,0,0,167,255,135,202,0,255,165,135,190,0,201,227,147,255
164,40,162,118,255,74,143,68,120,195,160,105,138,197,87,87,61,100,208,108,0,255,116,85,129,87,128,209,88,70,176,50,136,33,36,151,101,173,158,90,108,60,156,116,222,143,142,83,236,221,255,135,127,199,0,219,83,39,225,183,255,63,149,255,255,180,198,89,243,0,154,156,159,229,110,21,97,137,101,255,255,0,78,221,247,11,158,30,155,50,108,228,195,143,204,97,183,54,71,255,206,21,0,146,53,184,130,225,192,41,255,183,0,255,197,88,120,63,0,252,94,103,204,0,215,125,141,255
167,40,172,121,238,4,60,54,120,114,124,86,84,175,118,152,137,168,131,25,0,255,108,144,140,69,208,249,181,106,255,83,176,36,76,69,0,59,88,0,28,82,71,75,255,129,0,0,158,148,255,0,138,148,7,188,188,240,184,118,217,81,0,203,168,216,189,158,196,63,14,0,0,230,171,138,171,115,65,255,202,2,0,0,249,5,200,110,78,50,141,255,223,174,231,248,144,18,226,133,255,86,0,0,157,247,0,255,156,15,205,183,0,255,0,255,148,27,0,0,66,218,0,104,195,238,124,255
169,41,167,96,246,47,101,77,110,184,166,92,83,161,65,114,118,88,186,115,0,255,157,97,155,43,172,233,115,105,159,60,191,41,20,125,7,101,219,64,64,88,168,103,255,186,47,88,83,168,230,58,251,195,0,125,125,53,178,89,255,84,82,226,225,225,192,74,168,4,164,91,152,237,136,158,102,92,160,255,215,63,150,206,212,31,167,35,170,39,29,207,255,148,240,255,123,222,61,255,139,86,0,171,61,176,170,255,110,5,202,66,0,255,255,120,204,156,0,127,172,150,85,0,181,125,0,255
167,34,158,141,243,17,102,113,160,162,168,46,117,123,131,93,92,129,177,84,0,230,120,67,133,65,189,198,140,181,158,86,113,30,97,137,43,93,121,109,8,149,65,202,232,192,76,39,113,188,249,55,227,118,84,68,104,113,109,118,202,127,57,231,169,176,187,104,238,108,213,217,175,167,130,192,104,130,146,255,209,55,87,181,159,26,209,138,235,0,94,139,255,184,133,178,87,104,177,203,250,156,37,157,82,255,89,255,132,117,188,74,28,255,196,232,78,0,0,173,21,68,11,30,230,255,0,255
169,45,145,105,255,91,126,38,116,210,176,0,120,169,18,57,167,143,219,153,0,255,0,21,174,129,41,142,143,103,121,139,144,89,144,253,118,157,241,194,228,86,134,125,147,255,255,172,192,241,113,174,60,255,58,255,91,0,163,255,231,28,86,255,255,219,88,106,243,52,171,255,255,156,97,46,162,43,255,227,225,200,41,124,0,97,166,105,255,204,0,26,136,82,189,0,56,0,95,201,147,0,100,212,0,232,1,245,255,72,255,255,185,103,127,33,177,255,203,247,196,201,36,0,184,103,255,255
176,44,158,126,255,38,118,31,113,138,147,38,165,180,15,54,153,138,149,114,0,255,108,55,92,152,162,238,150,52,88,73,127,40,154,255,144,104,168,50,184,71,120,89,134,202,183,71,164,197,201,142,108,234,0,230,130,71,197,159,239,128,74,255,222,163,151,60,193,54,85,91,221,212,0,48,131,81,238,255,214,219,0,179,149,205,210,13,188,38,0,59,189,254,255,96,180,0,186,128,168,32,0,90,75,152,180,186,223,69,203,255,59,255,175,39,202,144,27,188,124,68,198,0,197,72,111,255
196,56,223,123,230,61,69,55,57,199,161,67,107,201,94,134,131,163,162,223,0,255,106,130,122,143,124,220,101,115,151,0,232,75,21,156,58,106,157,36,160,169,0,123,234,174,95,185,216,212,236,75,118,196,13,161,153,20,155,219,255,146,56,255,118,226,255,181,255,53,149,57,110,245,100,3,47,107,93,197,113,0,19,221,206,14,255,174,36,90,86,203,255,102,129,255,0,163,129,142,229,252,248,59,0,255,57,222,253,167,178,255,41,255,255,18,184,218,0,109,85,180,0,64,113,0,75,255
176,46,184,130,239,42,111,77,126,157,155,65,88,166,41,107,169,123,193,130,0,255,109,32,119,88,159,205,144,116,215,14,189,56,35,166,50,138,221,0,82,49,142,95,255,160,128,107,178,230,188,90,168,214,0,225,130,36,155,95,255,120,24,255,251,255,163,131,185,23,165,121,49,184,71,33,8,111,91,255,132,0,59,180,182,113,246,118,201,33,71,227,255,156,175,216,47,198,105,223,255,164,39,225,0,219,73,255,183,176,238,255,126,255,138,255,220,118,0,72,78,131,69,0,255,101,0,255
175,44,183,143,255,86,120,88,125,226,155,102,118,170,80,89,173,97,195,138,0,255,78,20,138,51,145,176,166,142,114,64,202,72,75,172,67,109,184,77,107,66,125,136,213,133,127,131,146,136,255,82,201,255,34,92,27,16,210,198,247,151,99,198,255,228,120,155,249,31,144,178,250,122,78,102,67,106,173,226,144,26,159,180,129,0,204,176,218,187,68,46,255,57,225,146,33,217,63,255,161,44,75,207,0,176,25,244,255,169,255,219,174,255,196,129,121,165,0,103,84,160,15,1,141,42,29,255
176,51,185,139,255,80,130,90,131,221,158,65,129,185,17,98,222,155,255,88,0,255,87,0,141,95,150,218,177,152,106,42,225,65,72,161,96,135,165,92,173,75,128,124,172,214,144,127,196,140,217,61,181,255,34,229,90,0,255,255,255,95,18,255,255,228,157,142,255,52,142,128,217,173,18,7,121,29,231,255,216,0,109,139,86,37,255,136,255,106,81,0,255,71,24,114,58,126,77,220,160,57,98,255,0,255,0,240,255,172,255,203,189,255,164,127,124,255,0,236,0,97,82,11,147,14,168,255
194,50,206,130,243,34,27,123,140,251,175,93,62,155,43,115,187,188,255,191,0,255,255,0,255,228,66,182,98,171,91,250,174,88,0,216,170,244,120,1,0,255,109,66,11,214,0,147,0,124,255,90,98,58,7,0,54,0,242,13,255,196,0,133,62,147,191,179,190,0,219,139,217,180,88,255,86,70,145,0,88,196,61,162,0,246,255,96,0,85,0,157,255,178,95,86,0,19,138,145,15,255,86,237,0,255,255,226,255,255,159,255,23,255,255,9,83,82,0,132,148,157,64,118,83,242,112,255
188,60,209,134,247,62,103,93,105,206,178,5,90,215,108,58,151,123,182,167,9,212,50,52,105,179,111,206,115,155,111,117,131,133,50,229,17,95,197,95,101,140,38,57,93,206,85,128,198,255,170,143,97,198,16,175,121,0,216,255,255,172,6,236,144,201,132,194,255,90,101,123,255,85,0,0,124,56,244,202,53,100,57,255,58,146,216,218,206,115,78,26,255,107,173,255,0,61,182,193,157,231,160,120,0,255,39,183,255,255,167,255,181,216,255,58,81,178,0,255,255,28,22,57,85,60,0,255
174,46,184,155,255,90,145,131,191,253,101,99,150,163,29,87,235,111,255,127,0,255,122,0,141,153,141,218,103,116,134,71,189,84,11,255,121,90,198,152,210,123,113,125,73,255,205,184,183,156,169,150,111,255,122,168,34,0,166,130,255,180,155,210,255,222,178,120,255,0,165,227,255,62,14,0,146,18,237,61,91,148,57,125,104,38,239,135,255,0,89,0,255,77,24,43,0,154,0,222,9,40,75,255,0,238,0,192,165,111,255,216,100,161,165,0,37,255,0,255,30,174,89,64,255,0,40,255
153,21,110,67,255,58,105,54,48,185,246,0,50,52,91,24,0,44,172,192,0,110,0,0,146,67,87,90,255,144,23,134,137,84,213,248,255,72,113,149,174,97,124,231,0,224,66,169,138,242,139,98,178,168,25,206,193,0,125,105,217,166,45,199,202,101,90,0,223,6,32,207,255,177,83,247,36,110,54,255,34,182,194,0,0,0,252,255,255,255,32,255,255,210,195,230,26,56,91,0,188,0,166,0,0,81,153,255,233,218,231,11,0,81,15,245,74,238,109,207,119,163,0,139,255,35,0,255
157,30,103,43,255,67,81,14,47,179,223,0,0,157,0,0,5,41,239,182,0,111,0,49,108,44,0,56,255,146,143,140,91,206,0,214,255,214,206,255,63,167,108,131,255,255,0,255,99,255,22,113,0,188,0,255,0,0,190,66,170,0,255,159,175,138,31,123,22,208,11,255,53,147,27,118,47,90,0,255,15,255,180,0,0,0,163,255,255,228,0,235,255,204,255,86,0,0,42,56,162,9,137,76,0,183,232,255,135,255,184,255,0,0,0,255,113,255,145,0,255,48,16,255,255,108,0,255
163,24,134,103,245,33,81,54,110,167,73,60,94,143,92,94,131,51,191,118,0,247,94,41,119,167,50,177,184,195,205,189,223,59,16,247,0,41,40,118,6,158,80,102,255,255,0,203,103,186,123,95,116,76,180,65,97,0,192,156,202,77,219,6,94,73,63,36,53,106,88,0,225,198,255,185,255,125,150,166,142,89,177,0,84,0,74,107,255,46,72,51,204,231,22,135,46,121,216,42,97,64,0,67,167,176,0,0,134,255,248,91,0,184,90,184,62,144,0,156,187,110,199,101,59,238,97,255
164,44,195,51,255,126,158,99,88,242,111,179,0,255,177,233,14,255,128,74,39,255,100,49,16,226,40,255,223,138,229,110,255,219,47,233,28,127,231,145,37,223,0,121,122,118,121,155,225,161,151,171,169,255,233,255,157,114,237,255,240,85,145,240,228,33,255,241,255,124,90,172,153,176,89,0,74,15,0,219,0,255,215,255,0,0,83,255,111,255,0,119,255,255,0,255,0,40,167,201,167,0,129,255,0,255,40,255,149,240,255,85,228,0,38,116,255,103,0,0,139,112,0,227,255,0,29,255
166,42,117,57,255,78,103,51,50,187,242,0,0,159,0,0,0,70,211,151,6,157,28,0,53,156,82,198,255,156,95,105,173,157,37,229,253,112,136,165,176,180,13,235,55,255,0,161,78,245,149,0,177,199,148,159,127,0,205,183,255,176,72,238,142,77,123,64,0,52,0,255,203,255,0,164,0,38,255,255,0,177,91,19,0,0,255,255,255,135,0,255,255,241,228,255,123,0,240,52,52,162,0,0,0,49,174,230,255,81,218,160,0,0,0,0,131,255,255,151,255,141,103,0,173,0,118,255
157,33,102,35,255,92,96,45,60,168,231,0,0,179,0,0,0,76,199,219,0,144,5,31,98,78,0,86,210,95,171,158,84,194,44,234,255,160,213,150,172,196,0,155,171,255,75,215,171,253,118,82,97,183,161,228,85,0,156,115,245,43,174,195,185,148,119,69,32,72,0,255,109,155,0,206,26,0,67,255,0,255,69,0,0,0,255,255,255,187,0,255,247,198,255,255,28,0,96,0,4,0,43,0,0,134,228,255,255,255,244,176,0,0,0,230,130,255,179,158,255,255,0,223,174,0,23,255
160,37,142,56,255,98,124,65,86,210,172,34,0,205,47,94,15,121,210,117,46,228,33,0,17,226,53,255,188,142,211,80,158,132,49,255,149,91,255,169,149,208,0,118,53,255,203,187,212,212,180,148,106,187,198,255,187,0,251,217,255,119,92,255,189,147,230,0,101,80,55,255,216,237,0,97,16,73,150,222,42,126,122,0,0,9,167,128,253,160,0,255,255,204,131,255,69,0,15,119,85,57,0,73,0,54,157,159,255,255,255,102,31,0,36,202,219,255,4,251,176,167,168,59,255,14,0,255
150,30,86,37,255,83,94,82,72,150,255,0,0,137,7,16,0,84,146,209,0,156,16,0,134,0,21,105,228,77,166,201,54,255,80,255,199,147,255,208,170,175,0,148,34,255,102,189,235,222,124,54,145,189,62,104,167,0,126,128,255,67,35,255,255,141,245,9,26,0,0,255,145,181,41,255,64,0,65,255,0,255,129,0,0,0,255,255,255,187,0,255,149,255,255,255,255,0,215,0,0,0,195,0,0,20,111,255,255,161,255,0,0,0,0,74,62,255,228,149,255,255,0,255,255,0,0,255
153,29,96,66,255,76,100,87,79,148,255,0,0,169,10,0,0,47,175,159,5,141,22,0,73,125,84,174,216,152,133,111,132,136,58,213,236,150,135,149,181,184,0,209,3,255,106,82,187,255,189,0,119,93,214,149,36,0,179,184,255,151,29,196,234,42,189,53,0,41,0,255,177,221,0,210,30,0,151,255,0,226,85,0,0,0,255,226,255,187,0,255,187,228,255,255,199,0,255,12,86,139,65,0,0,116,251,255,255,85,255,82,0,0,0,43,174,255,149,255,223,216,76,0,144,0,27,255
179,34,136,131,250,70,107,64,95,177,211,0,126,169,74,8,109,78,151,168,71,212,0,20,58,164,121,138,210,248,135,85,152,58,173,193,147,158,192,77,135,170,103,149,98,194,61,163,79,225,252,125,102,120,105,125,81,16,148,169,161,29,148,250,127,82,63,85,110,173,146,169,244,217,63,81,95,137,88,103,126,175,71,88,0,147,134,196,151,121,75,66,240,255,192,55,0,93,222,117,255,216,93,0,0,255,90,196,255,59,184,255,7,253,187,156,107,208,103,255,143,5,159,21,123,227,9,255
164,34,134,93,255,55,119,62,77,159,238,0,65,147,68,20,63,75,174,155,0,172,0,0,126,91,91,89,235,162,112,99,141,59,157,184,146,117,189,160,134,129,141,114,59,190,70,108,78,255,205,63,146,113,78,222,80,0,169,155,229,154,129,164,175,191,81,105,107,72,96,230,208,225,53,107,66,41,105,255,126,91,80,18,76,55,210,233,255,196,0,148,255,163,255,143,0,142,156,140,195,66,36,21,0,187,115,255,180,208,218,221,0,107,48,255,86,234,69,244,200,76,74,0,209,255,0,255
165,37,137,88,255,64,66,45,61,187,205,0,44,159,24,16,19,89,150,231,0,169,0,27,201,0,73,76,217,84,60,14,117,127,96,148,118,163,169,146,150,74,118,92,177,229,112,178,0,255,191,113,142,167,4,255,76,15,144,98,242,51,124,65,100,255,0,96,96,141,233,86,192,223,33,142,130,54,0,255,122,167,93,224,194,128,242,210,255,233,10,217,243,19,227,149,0,195,133,134,134,0,93,93,72,242,206,255,57,154,180,199,0,221,27,255,207,190,22,113,119,213,65,42,81,255,129,255
165,27,145,159,230,0,109,108,106,136,194,91,144,145,191,97,159,110,226,121,13,220,93,55,104,84,147,108,201,126,209,85,136,67,79,159,69,131,152,3,72,194,53,69,207,192,23,46,153,96,211,0,115,180,107,181,137,147,130,175,221,121,95,228,127,189,192,193,255,0,212,160,81,155,165,228,176,158,167,206,151,43,0,0,144,0,226,210,255,42,89,157,255,205,58,60,179,24,84,147,255,87,104,191,46,168,186,177,107,140,203,32,0,153,169,133,27,114,0,136,106,232,25,176,255,255,54,255
169,44,192,105,254,37,108,82,114,163,173,132,115,166,160,163,103,167,196,20,0,255,86,106,103,69,180,216,165,81,182,39,228,99,71,103,0,92,135,53,167,149,138,126,247,155,109,23,109,161,247,0,164,179,0,234,58,198,255,249,255,18,19,217,186,189,201,70,255,37,56,83,0,255,46,137,0,93,127,255,170,3,93,103,255,35,182,202,157,57,203,255,255,177,133,255,143,94,79,164,255,82,0,100,51,255,37,214,139,76,255,79,107,255,125,255,213,0,0,0,0,107,0,0,255,153,112,255
159,46,169,133,255,67,88,113,147,202,153,88,128,188,129,60,151,101,193,91,0,255,103,116,158,58,18,169,90,129,168,166,135,95,0,174,39,91,90,143,107,238,159,101,246,255,24,104,124,205,227,122,110,170,84,244,138,0,204,255,253,73,0,144,255,255,137,58,255,31,118,154,200,255,156,109,243,0,175,208,171,97,249,129,0,0,0,0,255,176,90,80,234,34,45,33,65,109,86,97,18,0,0,255,0,255,74,213,255,214,255,113,90,206,211,255,102,79,0,255,2,185,53,153,255,255,255,255
176,50,182,147,255,44,82,81,93,174,181,1,108,172,130,88,127,102,199,113,0,255,0,18,168,145,102,144,149,120,110,41,125,101,210,141,31,109,186,101,121,144,145,138,163,212,100,87,200,230,239,22,102,150,0,149,80,47,236,255,254,67,0,255,145,218,135,122,255,127,151,137,232,230,30,120,128,0,217,255,212,0,145,82,90,99,202,113,255,95,82,159,255,204,214,121,60,67,166,255,172,162,43,175,4,243,40,117,215,188,255,188,91,255,199,223,161,13,0,255,3,148,0,104,203,255,135,255
172,49,166,150,255,68,99,89,144,207,142,18,90,225,75,73,158,127,201,140,0,255,83,33,164,108,74,177,144,133,148,71,165,45,94,120,48,112,165,52,126,77,114,149,104,210,90,141,143,248,214,62,126,255,78,176,138,26,212,255,255,77,46,255,142,182,120,153,255,101,219,89,246,152,79,98,205,102,255,255,124,69,78,170,10,35,250,111,255,16,79,61,247,104,15,103,23,122,235,203,127,144,34,255,0,241,65,225,230,159,255,223,143,255,11,129,136,217,0,255,51,207,95,61,68,206,138,255
167,44,159,108,255,66,101,87,91,168,157,0,56,199,77,24,0,93,144,134,0,225,89,32,13,193,52,163,145,211,185,170,131,102,0,255,134,86,161,83,40,199,63,151,81,255,119,204,127,255,121,118,209,124,51,255,101,0,194,237,255,19,0,187,159,105,107,135,205,185,126,9,170,105,0,140,98,0,139,140,2,171,0,130,14,0,255,210,255,163,0,135,219,215,72,170,0,175,157,163,64,136,128,255,26,231,133,148,255,255,255,201,0,48,70,255,218,137,0,242,255,139,132,0,196,255,133,255
176,54,183,112,255,65,124,49,113,186,158,37,106,205,124,76,97,181,146,93,0,255,132,98,157,188,47,255,161,104,211,149,65,49,75,238,40,100,153,0,116,61,54,179,179,164,163,95,199,255,180,168,178,194,0,255,119,66,187,241,255,56,56,244,227,191,112,147,226,83,55,89,255,255,9,27,191,63,247,255,117,86,31,255,62,108,223,109,148,50,81,178,255,29,206,193,64,0,131,85,255,17,23,169,0,220,17,222,255,213,255,239,67,245,178,248,190,208,0,163,183,62,133,95,0,152,255,255
173,52,192,183,255,44,69,132,135,209,192,21,85,243,122,43,121,76,167,135,0,255,60,74,134,183,3,129,174,161,148,86,32,109,88,151,19,34,146,112,70,144,204,179,119,228,23,134,193,250,105,162,88,183,56,151,88,12,153,255,255,132,0,150,186,214,19,165,255,78,194,153,255,150,13,13,249,0,228,255,66,40,222,183,0,89,215,98,255,115,80,29,255,128,97,66,1,165,136,255,159,89,76,163,0,255,121,246,165,255,255,106,166,222,106,255,128,71,0,255,171,123,0,167,138,255,117,255
173,48,184,168,255,65,109,103,144,217,178,50,127,201,137,64,115,97,191,152,0,255,59,56,136,144,70,144,141,181,137,89,114,113,55,197,0,44,159,133,86,158,126,169,179,232,167,149,215,206,191,145,128,167,62,173,2,13,169,212,255,64,97,170,255,209,71,139,255,78,155,146,255,116,68,38,250,37,229,254,63,64,109,112,141,51,227,117,255,83,89,0,255,108,129,71,0,222,125,185,175,81,105,172,0,210,0,255,151,255,255,199,83,216,116,163,77,111,0,255,92,184,40,181,192,255,81,255
161,32,161,127,249,9,94,64,98,144,149,43,114,121,120,133,102,125,204,51,0,240,0,63,76,148,141,64,254,185,207,88,115,123,157,201,25,90,153,144,73,197,131,186,191,189,87,74,69,232,38,0,122,169,28,169,125,137,183,165,195,1,11,219,188,182,81,190,198,69,176,114,148,243,250,98,65,0,38,242,255,133,184,0,151,29,209,255,255,94,240,209,255,171,105,114,176,22,137,207,255,28,54,80,0,178,98,201,57,77,255,210,101,169,133,255,127,98,0,203,0,150,0,206,255,255,53,255
181,50,161,128,255,51,88,51,56,171,186,15,116,177,0,47,128,168,156,153,5,234,23,36,102,214,36,93,144,173,179,46,142,124,94,230,131,93,140,57,82,80,64,124,162,248,102,147,92,255,167,125,145,236,149,255,102,0,84,255,175,127,126,155,156,178,0,156,193,135,197,119,194,188,33,67,90,80,250,125,136,7,5,95,0,134,240,146,239,121,0,55,255,71,255,14,0,0,184,198,255,180,33,179,0,255,103,197,255,17,238,255,20,226,255,200,255,225,29,255,248,27,67,0,121,172,202,255
184,41,175,144,219,14,94,65,106,129,199,63,160,129,162,91,200,128,171,138,23,248,99,124,94,131,150,156,207,140,172,103,78,52,80,120,57,96,137,41,142,218,27,122,227,105,86,76,123,165,234,83,50,134,50,195,121,94,154,183,255,131,51,229,201,255,178,161,255,36,97,191,133,225,109,138,58,209,221,253,160,54,0,123,183,121,255,183,157,79,44,100,247,200,81,186,108,103,173,100,255,173,74,77,34,210,34,201,207,224,182,239,76,255,62,137,38,255,0,24,143,71,128,157,105,255,3,255
160,27,111,93,255,36,87,42,48,181,189,0,72,145,100,54,91,90,218,129,27,172,0,1,104,169,75,123,249,140,152,151,45,125,172,231,174,64,94,160,124,106,64,62,87,214,19,163,182,255,150,99,94,192,81,173,158,19,133,175,168,68,95,251,50,81,122,110,180,43,174,179,255,141,180,151,136,74,9,237,129,223,66,17,0,4,166,217,255,178,35,167,255,149,209,106,143,0,177,85,199,89,108,49,0,73,255,88,130,246,210,158,28,78,0,231,204,245,32,79,246,255,193,136,98,255,0,255
164,24,140,130,211,0,113,82,97,128,178,71,107,188,224,131,149,150,254,82,59,255,75,19,20,191,172,141,255,162,238,200,67,20,210,127,101,111,177,6,136,151,84,80,172,211,78,39,163,161,121,0,196,118,122,95,222,58,17,222,141,51,126,234,40,163,104,149,161,37,166,155,151,178,245,127,68,48,194,222,135,214,100,0,0,55,251,255,255,0,103,167,255,255,0,116,173,0,123,181,255,169,40,94,28,0,175,0,6,155,243,76,217,0,223,238,81,178,0,156,105,255,59,202,227,255,73,255
160,35,176,94,255,51,88,81,94,158,177,76,100,106,195,120,66,131,161,0,0,218,31,55,82,207,161,150,255,114,116,95,157,143,176,215,82,63,95,218,149,227,121,144,65,187,127,25,62,195,89,0,146,189,0,176,114,127,229,255,239,32,60,213,171,151,193,72,255,147,122,158,184,255,117,56,0,20,114,150,208,43,191,0,130,7,181,255,255,161,134,98,255,228,93,214,86,18,139,217,177,0,0,127,0,181,78,244,101,157,255,83,42,11,77,255,192,132,0,245,0,78,0,140,255,255,83,255
178,36,143,145,247,49,49,47,108,184,167,62,116,98,86,85,105,103,216,222,0,255,113,7,184,239,47,177,148,166,175,122,145,76,100,183,187,115,95,56,53,179,60,134,93,201,42,217,59,240,223,125,31,151,11,187,132,44,165,95,255,71,146,108,49,62,188,36,229,98,222,124,184,215,219,255,77,94,131,0,134,60,0,66,46,153,238,59,255,92,15,5,255,255,129,115,0,0,234,109,232,218,5,188,45,60,181,14,255,226,255,255,0,203,0,158,139,114,34,187,68,129,227,17,62,252,141,255
154,18,81,59,255,56,70,0,56,138,247,0,4,112,3,27,0,130,146,255,0,70,0,0,255,0,0,0,226,81,136,140,0,216,141,179,238,123,255,255,251,0,43,18,0,240,197,246,222,255,162,159,0,204,53,255,16,0,73,102,123,133,220,0,158,255,0,181,204,78,185,194,255,255,255,255,71,0,0,255,146,255,101,59,130,4,255,255,255,255,141,255,255,139,255,30,0,0,139,0,255,13,255,0,0,255,255,255,45,250,159,255,0,0,0,255,166,255,171,0,255,255,0,255,51,62,243,255
153,21,100,99,255,49,48,24,30,187,201,0,0,112,19,10,8,16,159,189,0,72,0,0,127,49,34,4,232,165,100,115,145,100,224,219,255,160,234,117,114,92,127,135,89,165,126,255,154,255,190,168,0,255,163,255,136,0,107,194,195,25,219,135,82,120,8,152,255,73,184,107,255,51,194,211,163,156,0,255,98,255,193,26,0,10,255,255,255,255,95,255,255,88,255,47,0,92,114,0,207,0,225,0,0,158,255,232,96,197,84,140,0,171,93,255,177,255,0,176,255,255,0,208,218,127,143,255
168,35,166,132,216,0,87,62,112,171,185,113,111,128,135,80,179,111,237,77,0,255,103,96,13,70,138,130,124,185,224,184,196,87,14,215,12,54,112,20,68,248,96,70,215,221,54,175,98,167,255,0,105,129,194,181,152,128,94,91,250,157,110,126,83,188,95,102,255,19,255,78,36,80,144,203,26,78,184,111,72,187,0,45,90,10,71,87,230,81,232,43,255,179,132,138,0,0,63,209,251,84,61,159,0,151,158,176,94,227,240,82,5,239,255,49,116,98,0,64,95,113,4,0,255,247,56,255
168,27,153,125,211,5,123,87,120,129,188,101,99,152,151,135,170,134,184,97,25,255,104,88,86,125,141,144,176,145,241,115,108,76,129,133,90,63,234,30,155,154,128,120,143,182,116,102,93,179,209,4,103,122,80,188,182,109,121,151,184,94,103,241,142,167,151,73,209,49,146,135,65,212,162,176,0,178,117,113,144,75,125,24,139,105,224,125,184,0,112,176,255,255,99,165,109,15,103,198,255,177,29,182,79,57,107,116,141,153,187,145,18,141,217,109,79,140,0,140,22,29,0,98,255,134,76,255
175,42,166,133,239,22,125,83,135,139,187,97,110,177,85,110,142,136,134,113,0,255,108,80,126,99,163,179,131,86,255,120,127,71,96,184,50,82,255,0,139,120,134,51,207,159,160,116,143,205,255,76,170,217,30,199,80,72,159,149,245,118,55,255,255,239,217,109,255,0,71,105,57,224,172,129,116,144,155,195,189,89,0,162,246,88,230,0,70,0,72,227,255,241,255,156,180,66,153,179,255,217,0,171,25,232,118,150,225,141,178,229,89,255,189,39,137,53,0,166,99,91,37,36,121,32,0,255
177,42,207,73,227,33,139,82,106,169,137,128,42,181,100,203,157,135,152,50,18,255,130,122,42,121,174,218,173,64,255,118,190,54,70,238,0,16,255,72,197,91,123,84,211,203,143,104,152,223,217,0,135,154,0,193,167,138,189,179,238,2,148,255,107,194,143,69,253,2,75,115,117,230,197,130,0,201,137,192,211,49,182,213,115,55,243,255,141,4,209,255,255,127,131,255,177,123,46,255,255,228,58,177,75,103,67,49,34,246,53,192,165,152,255,155,107,176,0,53,176,95,0,1,26,0,0,255
170,38,165,128,213,5,78,15,109,147,147,112,104,147,123,51,206,113,198,88,0,255,57,80,73,126,96,176,185,183,255,171,114,45,0,161,1,0,124,0,84,184,76,116,248,205,5,83,156,126,255,78,94,222,223,121,186,134,87,73,255,80,126,113,162,152,67,114,255,11,183,9,189,128,144,205,144,34,155,197,175,143,0,46,93,9,82,72,166,80,183,89,255,212,255,177,19,0,116,181,218,54,0,56,110,206,59,52,54,159,255,107,0,255,6,118,70,112,0,106,106,228,0,99,175,194,7,255
176,17,153,130,195,34,106,43,127,200,71,118,168,118,10,129,87,56,197,162,0,255,39,38,73,200,250,107,127,218,255,119,8,109,0,246,56,0,150,0,0,233,77,178,73,248,238,159,0,255,183,48,138,111,119,99,255,94,232,194,211,118,59,130,35,0,216,206,51,156,197,180,245,28,60,255,7,0,0,0,101,133,0,124,255,0,211,255,255,237,255,135,27,157,143,202,215,255,244,255,22,0,229,143,230,31,113,0,243,255,22,56,4,109,148,117,122,255,97,227,43,170,133,0,255,122,172,255
166,28,201,129,232,107,133,55,110,187,139,143,71,200,112,96,133,141,177,84,30,255,49,125,53,64,142,190,150,189,137,84,204,68,89,173,89,116,140,98,71,88,70,201,255,115,239,169,116,130,253,162,186,143,113,82,77,26,242,168,253,109,63,252,255,127,55,133,162,37,129,204,178,255,48,119,1,150,0,203,66,0,179,255,168,111,74,204,229,212,129,1,200,99,154,207,132,110,69,227,255,0,170,0,121,82,77,255,255,121,210,185,151,255,255,240,255,129,45,0,0,255,80,0,151,17,160,255
160,31,179,112,244,74,112,63,96,161,137,140,93,136,146,147,100,156,148,42,0,255,93,121,93,100,127,168,162,169,194,58,150,97,130,157,86,54,144,87,88,95,154,209,203,113,141,135,83,211,201,79,138,133,0,178,112,117,222,239,225,5,69,255,255,123,138,123,252,152,97,123,158,255,149,88,0,159,76,203,175,0,228,119,154,55,204,253,180,132,207,218,206,111,122,150,154,53,119,183,255,0,23,145,28,110,29,254,207,97,255,153,32,218,199,255,182,109,0,184,0,164,11,104,255,182,191,255
166,31,154,163,230,14,83,28,125,160,117,78,155,109,109,133,147,110,230,93,0,255,51,61,118,143,125,221,138,89,174,103,87,72,140,168,138,63,72,40,72,127,58,149,156,182,159,113,178,172,214,55,46,173,56,157,111,134,217,190,227,101,173,243,185,118,116,145,255,60,67,121,218,221,147,225,123,122,102,212,255,41,77,0,164,138,171,88,255,39,157,18,251,202,198,60,127,0,164,201,255,57,0,46,148,0,58,0,42,89,255,174,0,255,0,58,92,47,0,181,0,153,56,159,241,177,0,255
148,21,84,47,255,58,64,37,38,157,253,0,0,127,60,43,0,103,168,255,0,80,0,0,226,9,0,0,255,82,106,181,17,228,84,255,255,122,255,255,187,27,46,116,32,255,205,158,155,255,107,53,0,199,53,247,78,0,140,20,45,0,148,194,255,221,159,60,118,0,56,255,152,200,205,199,63,63,0,255,35,255,102,0,149,0,255,255,255,255,0,255,147,171,255,54,154,0,119,0,130,0,235,0,0,129,203,255,64,176,207,123,0,0,0,255,255,255,158,102,255,255,0,255,249,154,0,255
151,26,91,37,255,60,61,29,36,167,255,0,0,138,89,24,0,96,171,255,0,99,0,0,255,50,0,0,255,18,118,211,0,245,78,255,255,39,255,255,255,17,0,97,45,255,236,106,117,255,104,4,98,255,119,243,106,0,149,5,66,37,152,159,213,243,167,13,149,11,32,255,164,219,160,255,39,0,0,255,7,255,24,1,129,0,255,255,255,255,0,255,162,52,255,94,127,0,110,0,12,0,151,39,0,63,237,190,131,235,192,54,0,0,0,255,255,255,160,95,255,255,0,255,1,233,0,255
164,39,113,70,255,58,39,0,20,173,231,0,0,143,21,6,0,126,93,255,0,95,0,0,206,0,73,59,247,33,67,26,62,188,82,201,196,165,255,182,165,0,111,20,17,255,112,255,52,255,194,156,79,253,0,255,134,43,75,64,69,234,139,153,111,255,0,173,173,92,216,129,204,255,16,175,70,211,0,255,0,255,18,128,184,0,255,255,255,255,59,255,69,226,255,0,13,0,199,0,136,0,216,0,0,177,255,255,168,183,131,103,0,34,0,255,255,255,119,1,255,255,0,168,190,74,113,255
160,36,123,54,255,70,72,15,51,195,180,0,0,202,9,61,32,97,184,140,6,246,0,20,112,186,19,197,231,107,175,58,42,197,0,193,97,255,150,155,127,133,58,0,255,255,98,173,95,255,130,191,16,133,62,179,111,39,201,195,97,150,174,247,151,70,91,127,85,123,207,176,151,193,34,99,128,101,21,255,0,255,49,58,123,0,142,165,255,241,0,244,178,158,255,124,86,0,129,155,27,20,0,0,0,7,238,255,152,255,147,150,0,29,0,198,255,255,0,145,104,255,246,255,72,120,60,255
156,22,109,45,255,61,114,9,68,173,161,0,46,130,0,0,153,4,208,44,46,126,0,47,50,211,73,194,255,209,76,97,141,87,99,157,196,224,0,170,168,171,116,245,103,185,0,255,131,255,0,149,96,158,45,206,68,0,180,114,255,101,194,255,118,0,55,69,139,4,135,68,196,136,61,83,107,11,27,231,0,227,247,0,0,16,167,255,255,190,0,155,255,101,212,255,3,190,42,118,187,80,0,9,0,255,255,255,159,255,92,255,0,203,0,234,92,247,0,116,255,34,255,103,255,31,146,255
168,15,142,136,207,0,128,131,134,115,197,62,111,143,162,110,221,120,183,168,86,227,119,94,108,95,86,112,240,136,255,98,108,86,96,129,150,153,154,0,168,250,0,110,175,157,80,100,60,132,152,34,80,176,229,161,198,32,110,194,129,110,99,172,115,169,204,106,135,10,182,203,123,115,61,164,93,255,109,41,144,116,80,23,63,93,184,232,111,0,23,186,179,237,107,111,175,78,78,153,255,28,168,216,77,144,163,141,158,182,155,123,56,87,158,106,175,255,43,97,35,107,0,189,204,79,209,255
170,17,151,128,205,4,128,133,136,122,193,63,91,142,143,106,225,124,166,158,68,229,128,88,122,119,96,98,226,139,255,109,125,94,110,127,140,124,165,15,191,216,27,106,186,149,73,70,23,161,139,15,92,152,214,149,210,41,82,185,114,126,89,171,130,169,199,80,94,29,153,167,122,137,90,150,78,237,100,88,146,130,90,68,105,87,193,235,129,27,70,143,184,255,145,174,156,79,123,153,255,55,129,176,89,170,127,161,132,215,127,198,66,74,148,117,196,238,34,105,0,39,0,159,156,44,212,255
165,20,148,100,214,20,136,111,136,158,193,92,87,194,154,116,175,129,154,128,41,255,150,85,87,130,149,127,130,146,223,99,127,95,125,156,152,106,168,91,149,146,105,82,60,155,149,112,22,152,183,22,86,120,161,154,244,34,123,135,91,106,108,226,107,203,180,42,145,26,162,187,135,139,108,112,33,255,73,138,136,117,172,81,76,90,172,145,140,58,70,217,176,246,70,179,141,0,63,248,255,144,142,98,77,101,147,184,155,223,159,190,66,86,243,45,80,188,58,161,51,54,0,123,206,101,59,255
175,41,153,121,255,57,108,71,63,188,201,55,126,164,144,69,111,115,155,161,43,255,48,65,107,103,118,135,125,211,155,60,88,115,149,162,100,138,147,108,119,136,100,143,153,169,114,117,122,232,255,85,90,132,67,180,160,60,123,190,143,116,103,201,169,168,79,123,195,85,123,178,255,201,125,131,107,165,166,163,173,80,94,85,110,26,219,183,196,123,23,159,226,187,207,81,83,61,144,150,250,159,50,59,0,115,50,212,255,62,182,251,0,203,191,92,132,228,0,171,146,121,147,52,211,255,85,255
184,53,190,135,255,63,49,49,119,177,138,23,62,171,89,56,186,185,151,137,0,255,93,21,162,94,79,185,152,148,148,108,134,107,30,210,83,91,111,57,98,170,80,79,198,212,104,197,63,182,195,126,113,229,26,81,45,29,235,168,255,168,18,144,76,246,78,132,167,201,195,59,206,192,80,106,152,36,154,86,90,28,30,155,0,60,145,50,128,106,0,42,255,44,168,62,0,64,179,59,66,127,59,254,0,242,96,222,255,182,255,255,143,255,248,223,203,67,0,160,34,171,0,33,81,255,156,255
180,52,184,123,255,72,83,85,79,179,173,0,37,206,66,62,81,199,109,170,11,220,0,13,103,95,91,134,215,185,126,16,172,152,121,183,46,103,195,98,90,146,67,150,99,230,155,193,27,255,206,98,193,193,137,217,46,0,154,234,235,151,117,107,137,247,25,100,187,252,239,44,155,255,0,69,103,66,228,177,0,63,61,202,0,117,180,203,255,108,76,119,255,19,207,95,0,133,208,205,252,248,103,255,0,255,49,255,219,96,255,197,96,204,255,255,255,93,19,255,96,75,0,0,124,226,111,255
169,46,160,91,255,78,80,64,46,180,211,3,0,231,99,46,0,121,145,229,0,168,13,32,83,31,47,67,173,156,158,67,182,255,0,237,55,131,224,202,53,172,68,110,255,255,110,194,78,255,238,73,120,188,193,234,0,0,186,171,136,114,225,57,190,201,43,142,208,223,188,92,156,244,66,108,69,91,71,250,29,207,99,141,8,0,112,207,242,212,0,212,255,100,255,4,0,61,216,98,63,170,64,255,0,255,198,255,181,95,255,93,21,47,152,255,255,75,0,222,176,109,0,0,170,255,0,255
171,44,164,128,255,49,61,77,67,164,194,27,40,162,113,64,72,126,115,152,0,255,0,29,148,0,157,124,206,160,134,0,179,137,156,136,68,123,176,57,95,97,134,134,172,179,104,151,11,226,255,76,207,232,28,209,118,105,178,187,198,137,72,227,124,177,88,111,241,177,245,53,144,255,77,156,70,77,57,221,111,45,91,194,36,5,162,139,255,162,79,245,255,67,237,82,44,147,193,124,213,150,11,255,0,255,145,254,230,132,231,93,123,255,177,255,255,0,0,151,0,229,0,0,136,255,16,255
173,48,184,140,255,60,82,88,123,173,162,65,65,228,73,107,149,178,123,108,0,255,31,51,106,62,104,187,214,186,171,19,155,122,84,115,48,99,168,63,81,121,79,149,163,179,64,174,66,199,255,107,183,255,90,149,142,75,178,225,214,180,5,208,211,207,60,122,226,196,194,101,100,255,60,125,59,124,121,232,64,81,110,247,0,102,174,99,255,84,142,197,243,149,72,69,74,151,249,170,247,125,22,255,0,255,117,243,255,245,255,178,255,255,120,255,255,0,20,11,0,178,0,0,213,208,203,255
173,54,189,181,255,50,43,113,142,207,79,19,63,202,54,86,163,147,145,148,0,255,0,16,176,73,91,197,181,230,200,62,145,131,91,155,73,105,102,70,22,117,119,235,102,255,12,164,81,243,232,162,65,255,123,161,209,0,136,255,151,196,0,164,128,212,66,133,226,107,225,23,255,222,56,103,188,99,147,164,33,103,227,250,0,26,167,102,255,24,218,85,255,124,18,0,129,97,155,92,60,216,36,200,7,255,0,133,255,255,255,186,255,255,83,255,247,0,29,255,0,255,0,78,255,88,255,255
160,34,127,79,255,69,104,40,75,180,187,0,21,172,0,10,79,57,230,140,0,162,0,38,80,107,56,90,248,226,132,76,182,147,28,188,182,244,175,199,103,175,137,225,255,255,12,255,32,255,12,94,36,142,86,255,0,0,169,188,245,0,255,189,178,111,0,205,76,135,137,147,142,243,0,30,98,60,39,255,31,249,231,54,0,130,227,255,255,107,0,120,255,120,147,30,0,247,128,157,245,85,64,207,0,242,147,255,124,130,237,255,0,105,42,255,171,255,66,168,255,16,166,15,255,193,115,255
179,49,174,84,252,84,100,68,44,219,180,0,26,193,88,48,55,115,191,214,9,176,35,28,56,123,86,182,178,178,103,93,255,128,19,244,173,105,151,104,69,224,26,148,118,198,42,223,57,255,255,95,156,118,142,255,79,0,234,178,255,120,84,181,48,120,55,156,109,164,104,67,170,153,0,118,45,47,174,132,18,199,38,222,0,90,200,239,255,187,0,140,255,161,142,234,0,157,168,174,56,210,74,222,0,233,163,114,255,249,112,255,70,192,216,154,237,114,40,206,242,0,152,0,59,180,0,255
163,43,158,85,255,67,101,125,117,174,196,22,24,252,159,97,0,163,183,42,79,255,78,10,0,186,143,250,231,188,192,82,163,155,47,205,47,112,179,162,118,183,14,138,181,255,58,131,95,157,180,0,213,245,167,152,208,118,188,255,177,12,40,202,70,82,233,42,255,155,103,188,151,236,0,60,101,50,65,254,57,255,137,83,0,0,252,255,255,0,0,203,255,255,67,158,20,203,255,148,72,170,29,223,0,255,203,255,243,138,255,23,147,0,0,255,255,229,55,64,152,218,32,6,255,192,51,255
161,36,112,41,255,84,81,39,40,181,254,0,0,168,16,0,0,79,188,255,0,83,0,0,139,0,0,54,221,133,108,116,108,250,0,255,250,176,230,192,140,108,18,169,205,255,71,228,128,255,131,54,91,172,131,255,16,0,151,72,197,32,173,144,168,228,11,148,53,129,5,255,148,201,0,220,48,16,60,255,0,255,110,56,30,0,255,255,255,255,0,255,255,196,255,158,0,0,166,21,31,3,88,113,0,226,231,255,179,217,157,134,0,0,0,255,255,255,140,104,255,199,0,97,147,158,0,255
160,35,114,44,255,84,89,32,46,176,226,0,0,161,0,0,0,47,219,191,0,129,0,55,96,84,61,114,255,122,128,132,141,203,0,181,231,139,179,174,90,187,54,201,199,255,0,255,49,227,114,61,154,171,141,191,75,0,182,108,255,96,255,121,247,175,65,90,0,73,0,233,203,181,0,108,0,67,130,255,39,255,183,0,0,0,241,255,255,220,0,255,255,231,255,173,29,8,187,34,86,39,19,0,0,105,229,255,255,161,157,250,0,0,0,166,71,255,106,76,255,118,40,0,255,78,111,255
169,47,159,80,255,78,96,59,54,164,228,0,0,180,85,1,0,139,113,203,7,117,27,51,58,89,76,114,224,159,153,138,132,192,23,255,136,43,183,185,132,174,9,119,113,255,122,193,142,248,233,100,136,210,189,243,58,0,91,229,199,86,122,119,202,252,91,139,173,186,62,134,191,244,0,31,115,42,203,255,7,234,59,136,0,0,255,255,255,174,0,196,255,128,235,164,0,18,212,68,118,43,106,255,0,255,108,255,213,224,239,195,80,0,65,255,255,255,100,233,255,61,0,0,85,168,46,255
183,40,192,102,216,24,103,136,132,176,198,88,70,176,98,186,221,165,217,150,17,246,162,78,92,170,193,126,128,131,225,139,188,65,89,166,56,143,255,67,147,218,78,8,127,167,128,69,37,192,255,37,91,81,125,177,255,15,155,193,198,171,32,227,146,186,157,71,255,0,139,179,50,148,136,188,0,227,135,157,186,108,89,123,202,84,255,164,146,23,161,227,255,249,22,255,115,116,89,183,255,255,64,115,0,246,109,222,185,255,44,153,180,72,255,68,199,255,22,56,177,14,0,126,9,144,0,255
162,35,108,40,255,83,84,18,54,176,255,0,0,140,27,0,0,90,190,255,0,98,0,22,164,31,0,60,248,110,67,121,80,162,14,255,255,128,226,187,193,78,26,171,95,255,63,204,67,255,120,49,153,140,65,227,63,0,177,34,223,114,118,179,172,229,0,89,0,80,20,255,155,222,0,214,33,33,86,255,0,255,94,50,76,0,255,255,255,255,0,255,241,247,234,108,0,35,112,0,27,0,90,0,0,211,255,255,137,240,174,230,0,6,0,216,196,255,172,105,255,96,0,20,101,208,2,255
168,42,139,75,255,74,98,38,48,180,228,0,0,165,50,0,0,79,194,216,0,140,3,14,110,80,9,87,193,188,119,116,139,160,0,255,223,136,189,164,133,150,63,140,172,255,72,213,55,255,175,45,101,144,151,255,7,0,196,132,228,68,163,109,183,190,0,160,62,163,55,181,211,213,0,65,52,65,156,255,0,220,113,101,5,55,241,255,255,184,0,182,255,126,255,58,0,91,149,100,98,83,68,131,0,169,160,255,208,109,240,243,0,65,71,251,242,255,71,192,255,1,56,0,198,255,16,255
156,28,100,55,255,79,84,39,60,165,253,0,0,164,0,0,0,52,216,239,0,117,0,20,143,0,0,0,183,148,159,102,97,247,0,205,223,236,254,242,106,122,82,104,255,255,123,255,119,255,59,135,0,130,122,255,0,0,145,154,182,15,255,23,255,168,4,187,94,218,83,255,133,193,38,202,26,1,0,255,17,255,155,7,35,0,245,255,255,255,0,255,255,132,255,54,0,0,69,63,203,24,176,57,0,216,255,255,156,141,255,136,0,0,0,255,171,255,113,104,255,156,0,205,255,146,0,255
163,43,151,99,255,65,114,87,122,202,160,55,123,228,77,82,171,151,212,83,0,255,91,84,111,147,116,221,76,169,162,76,188,87,30,135,94,159,92,137,131,118,102,122,159,206,105,123,81,176,255,59,155,139,118,255,171,34,206,251,213,143,89,210,139,198,169,64,222,42,157,71,166,162,104,112,98,147,174,244,177,106,92,161,114,0,186,77,255,27,36,138,255,189,34,0,4,60,147,137,161,128,41,92,24,253,123,254,255,217,255,156,0,155,56,175,163,123,0,234,39,160,143,0,255,166,240,255
176,54,187,119,255,67,121,73,149,182,156,36,113,255,102,103,132,130,184,89,0,255,116,48,111,153,101,255,123,119,117,71,144,71,86,153,0,139,255,32,174,73,85,123,187,207,144,104,179,233,189,78,164,216,0,255,90,96,255,254,255,0,39,187,142,182,121,83,255,102,57,10,233,224,0,14,164,58,189,255,190,221,2,255,204,189,202,109,255,0,86,176,255,179,15,150,76,175,180,67,168,115,0,175,0,255,46,174,255,148,255,132,117,238,67,222,248,117,0,184,0,103,226,0,104,118,255,255
172,55,173,150,255,67,88,100,92,216,154,9,108,228,72,53,158,143,172,164,0,255,80,0,185,106,49,160,139,149,143,9,194,101,101,129,54,118,151,53,85,81,161,189,112,242,92,173,142,255,228,145,72,255,22,255,133,0,147,255,243,146,0,188,103,250,75,209,211,21,225,76,255,163,65,66,236,55,255,255,67,51,198,255,0,50,161,22,255,51,0,113,237,110,30,0,48,163,213,205,73,66,138,255,0,245,14,197,255,193,255,182,129,194,104,186,196,147,12,255,78,255,105,0,238,194,211,255
172,46,177,117,255,44,88,117,131,194,172,26,38,239,147,83,86,164,108,96,13,255,59,54,66,222,63,164,209,175,180,31,93,135,122,190,16,72,135,128,47,167,54,41,162,212,116,184,99,190,119,181,189,159,127,184,124,45,137,255,160,126,0,162,67,154,77,92,255,98,157,139,183,80,48,72,205,32,31,144,81,211,161,255,0,0,74,111,237,115,0,52,255,246,61,124,0,160,167,255,1,173,143,200,0,255,122,255,216,255,255,56,161,120,11,215,255,39,5,88,255,165,0,140,119,255,57,255
170,45,164,100,255,61,83,88,117,161,230,0,11,227,60,81,30,159,158,135,0,255,16,7,120,50,34,118,241,150,165,37,138,164,46,155,54,103,245,131,136,151,96,80,215,217,183,222,0,243,164,55,234,218,55,245,0,27,199,255,255,0,115,125,109,240,63,38,232,182,140,163,39,255,0,122,99,40,67,255,45,216,7,204,21,112,154,219,255,26,23,204,255,63,143,104,0,244,205,139,207,179,78,255,0,255,190,255,157,148,255,133,215,200,0,255,255,125,116,90,35,182,37,0,14,255,46,255
175,50,198,81,255,52,92,86,106,171,190,24,37,170,144,114,54,177,164,64,11,253,117,49,78,218,66,210,201,169,175,209,215,98,54,192,55,36,177,179,87,237,12,45,64,194,67,72,51,205,170,68,230,163,44,142,123,93,230,255,219,109,0,111,140,156,188,62,255,98,24,116,102,255,0,146,96,0,255,148,66,212,138,94,0,41,120,255,227,60,17,138,255,255,87,213,0,116,118,198,132,123,73,204,0,255,135,149,254,255,132,165,255,80,124,255,255,0,0,8,238,125,0,0,133,143,0,255
158,44,127,84,255,77,87,97,70,150,255,0,0,215,71,0,0,101,156,141,16,119,72,0,0,117,116,162,216,173,138,155,155,205,55,255,150,57,240,216,179,181,65,214,15,255,65,60,186,181,167,0,204,255,157,168,154,14,142,255,255,0,0,255,198,171,248,11,177,85,30,253,165,255,0,201,53,0,255,255,0,221,122,0,0,0,255,255,255,41,0,255,156,253,148,255,255,0,255,55,85,133,49,255,0,219,255,255,255,159,255,0,0,0,0,135,255,255,225,255,255,255,0,0,219,23,40,255
169,47,148,97,255,73,86,86,52,157,241,0,0,213,89,0,0,107,139,176,42,147,66,1,25,104,101,117,205,200,166,99,161,182,66,255,148,62,189,143,131,203,51,175,151,255,93,98,143,210,228,15,161,236,255,206,128,0,134,255,215,0,82,207,143,185,148,77,164,191,95,169,211,255,0,45,123,0,217,244,25,196,53,48,0,0,255,219,255,30,0,255,255,177,233,227,78,7,207,112,91,175,0,255,0,255,199,255,255,99,255,42,75,0,0,247,255,255,101,255,196,202,0,0,106,214,0,255
157,30,87,12,255,85,87,32,41,166,255,0,0,141,0,0,0,88,190,255,0,87,0,0,195,0,0,25,255,93,82,191,66,255,0,255,255,198,255,204,180,88,22,195,124,255,24,255,166,255,105,68,123,168,52,221,63,0,110,53,218,47,166,215,255,209,101,75,0,97,0,255,49,151,0,255,5,0,0,255,12,255,103,0,26,0,255,255,255,247,0,255,255,250,255,237,35,0,124,0,25,0,198,0,0,222,140,255,188,255,152,183,0,0,0,255,108,255,235,0,255,255,0,255,217,0,0,255
154,20,81,73,255,73,64,52,46,148,255,0,0,166,0,0,0,11,163,255,0,17,0,1,151,0,0,0,159,151,124,208,129,247,0,255,255,240,222,219,165,112,70,133,255,255,201,245,176,255,54,34,0,107,218,255,0,0,54,128,192,0,189,26,255,120,0,198,93,255,0,255,0,115,40,255,76,0,0,255,33,255,103,25,92,0,255,255,255,255,0,255,207,35,255,79,0,71,225,28,162,0,255,193,0,255,255,255,176,39,255,106,0,0,0,255,246,255,144,174,255,255,0,156,0,255,0,255
168,45,198,126,254,54,88,91,133,152,139,92,70,187,65,150,82,186,137,53,0,255,91,85,62,97,98,143,180,193,184,83,177,103,84,176,27,64,182,46,53,113,61,151,146,172,116,74,89,203,164,37,179,206,78,147,97,66,209,255,255,76,0,140,230,219,104,80,255,138,93,109,88,255,16,123,20,107,182,191,96,35,206,168,3,24,131,255,164,24,232,200,255,96,73,133,102,164,136,170,205,34,61,235,0,255,59,255,179,182,255,99,247,215,145,255,255,30,0,100,67,199,0,0,255,229,169,255
178,57,211,154,255,51,87,114,153,142,170,45,72,211,72,73,188,187,99,78,32,255,36,104,88,83,61,159,185,228,214,178,45,137,93,177,16,12,184,70,65,176,115,121,44,177,56,121,81,253,219,123,176,205,85,140,153,0,94,255,255,152,0,116,255,255,154,142,255,124,99,156,203,255,0,2,113,0,240,68,11,140,111,239,0,41,133,172,182,3,255,122,255,22,212,91,77,128,97,110,255,66,105,255,0,255,0,255,255,255,255,213,255,255,255,255,255,142,117,237,145,180,0,71,255,51,179,255
166,43,146,104,255,69,133,43,106,190,168,7,96,197,27,97,138,122,227,86,0,255,22,19,131,143,100,247,179,108,149,72,169,31,142,193,147,179,252,104,187,68,150,197,227,239,191,124,221,251,224,122,128,255,32,255,88,1,246,255,250,61,69,255,250,150,168,114,210,67,112,221,202,255,27,31,118,109,150,255,255,81,25,115,88,93,198,38,255,59,0,169,250,174,229,46,167,58,59,137,186,49,0,126,36,146,1,203,255,58,255,156,47,255,71,208,253,255,49,214,35,103,209,43,208,86,132,255
175,46,166,113,255,52,78,56,94,153,187,0,9,182,71,34,88,143,133,133,0,232,21,0,173,121,0,73,177,180,187,127,110,190,0,254,77,98,198,144,89,176,63,68,235,255,125,239,54,255,120,91,106,209,115,185,0,0,203,127,223,113,170,127,122,255,32,118,162,225,162,86,149,178,36,78,153,2,112,172,52,156,33,164,0,130,71,98,254,163,0,33,255,19,227,0,0,106,255,150,180,162,92,255,0,255,124,202,210,225,255,255,148,255,218,254,239,0,0,138,142,87,37,0,63,255,75,255
178,50,179,81,255,82,125,58,59,199,204,6,9,236,104,80,0,160,152,169,5,221,45,21,41,132,47,189,205,163,166,107,151,190,0,255,96,58,210,117,35,176,50,221,149,230,119,195,101,255,205,92,255,152,135,182,12,0,255,167,255,128,102,246,177,193,116,151,124,123,95,165,173,217,0,107,29,32,142,207,28,123,0,170,0,13,181,162,182,196,0,155,255,147,255,235,49,154,210,223,78,200,49,255,0,222,81,246,239,190,245,247,69,181,73,195,255,176,60,149,254,0,119,0,48,255,0,255
181,52,216,110,252,63,138,116,103,185,141,110,103,184,45,139,163,190,122,81,14,255,72,75,63,159,87,176,174,147,197,90,150,83,95,234,18,39,255,94,122,221,111,142,110,255,144,111,123,238,219,143,211,207,109,171,83,0,167,255,244,132,53,241,255,255,185,103,255,52,67,175,214,255,66,0,110,141,240,80,3,50,142,223,0,17,151,239,98,80,163,90,255,61,157,212,83,152,10,150,241,164,198,224,0,255,0,169,115,215,255,158,197,210,255,220,178,255,0,255,164,92,0,19,255,48,0,255
172,40,168,115,241,45,124,61,136,176,129,77,118,153,0,132,168,95,193,126,0,255,70,65,146,110,102,169,122,125,201,106,114,0,20,168,32,91,205,48,42,58,73,57,255,208,77,95,221,206,245,66,243,154,36,204,96,18,95,124,255,74,84,209,255,255,95,87,110,11,101,154,163,205,129,119,56,141,114,217,224,0,0,171,255,42,234,108,255,0,192,142,255,94,142,181,70,247,94,255,180,124,0,90,164,232,0,240,139,197,255,255,0,255,154,76,125,189,34,213,119,201,113,0,156,128,49,255
159,39,156,114,255,72,107,53,124,195,174,60,120,208,127,66,77,109,214,72,0,255,118,116,140,85,104,237,94,101,187,170,126,31,41,192,86,139,101,48,113,117,139,172,255,205,149,48,191,203,255,82,93,126,29,193,64,103,249,233,244,8,55,216,255,106,115,102,181,66,75,145,199,225,102,49,168,82,105,255,170,57,134,139,126,9,155,51,111,73,21,156,205,125,219,64,156,0,94,105,196,0,22,6,0,87,77,233,254,133,255,117,0,221,125,232,202,150,0,162,67,95,170,98,134,180,255,255
161,38,141,112,255,86,81,78,133,192,141,84,159,127,75,89,96,99,185,227,0,255,56,144,213,51,38,161,98,100,224,148,55,167,9,237,0,89,109,162,70,146,10,55,175,255,75,194,190,187,253,169,78,100,41,203,154,0,174,186,147,94,255,92,156,113,135,3,255,140,63,72,131,196,255,255,120,107,82,109,255,64,199,0,0,0,91,200,255,172,0,178,33,183,112,0,6,0,219,60,238,0,81,200,83,121,55,162,255,255,255,110,0,0,0,122,0,144,0,255,76,248,0,101,140,255,137,255
191,58,230,105,241,68,72,34,76,172,128,32,55,214,84,132,191,164,228,165,0,255,58,137,129,65,156,251,125,144,172,117,227,89,63,124,0,164,172,45,117,177,35,128,255,118,64,45,134,217,209,0,93,166,41,255,154,64,255,76,255,57,0,242,206,189,156,152,197,119,30,7,178,244,25,45,0,47,101,241,185,0,85,195,97,45,204,250,21,132,160,226,255,65,238,219,44,94,12,128,120,232,29,124,104,255,107,93,247,255,235,255,51,255,255,181,232,92,12,87,96,141,0,0,219,112,0,255
181,54,212,94,253,90,87,25,117,185,140,0,89,198,127,101,116,159,189,123,29,255,106,147,101,164,91,255,134,90,166,181,108,81,84,209,76,156,146,84,103,197,0,114,157,103,120,56,156,253,83,96,76,71,46,192,137,4,255,167,255,121,14,128,245,204,134,116,231,189,3,99,255,231,19,71,125,31,151,210,195,120,119,255,56,71,136,211,122,115,100,82,255,160,85,135,0,68,55,223,37,16,122,119,63,255,157,158,249,249,255,255,14,238,242,205,137,114,60,169,96,27,5,0,160,160,170,255
169,39,176,125,252,50,106,88,144,183,153,78,90,203,119,106,87,122,132,72,0,255,107,70,80,168,121,175,158,174,182,58,133,86,139,176,64,122,159,66,58,133,108,106,130,187,109,132,101,210,167,110,93,147,34,121,88,42,179,139,255,82,103,220,135,118,155,76,255,96,126,119,168,229,24,135,78,146,74,131,129,101,120,178,56,33,96,155,207,0,119,110,255,192,64,167,1,120,138,224,190,140,97,204,17,235,43,196,207,201,255,58,66,192,103,152,154,56,0,113,92,139,66,102,236,255,114,255
158,32,125,70,255,53,77,57,62,171,239,0,0,141,63,76,0,95,179,161,0,172,0,0,169,34,25,94,239,95,78,58,125,164,69,221,198,95,255,221,158,35,102,115,124,255,152,157,50,233,161,12,233,255,0,232,93,0,233,161,238,31,94,155,171,251,96,0,202,73,105,255,119,255,70,255,86,77,0,255,88,159,73,53,220,0,255,255,255,214,0,255,254,148,255,208,35,50,93,46,151,73,140,28,0,136,188,255,119,92,211,24,0,127,0,255,255,255,15,23,91,251,0,116,106,182,0,255
156,26,91,44,255,76,73,23,36,165,255,0,0,192,0,0,0,33,221,245,0,55,0,0,88,4,0,8,221,176,137,145,116,243,0,248,255,217,231,204,131,153,67,187,255,255,97,246,196,255,108,42,0,148,237,255,0,0,143,91,204,0,242,108,235,186,31,124,55,182,0,255,101,169,0,187,18,62,0,255,34,255,132,0,32,0,255,255,255,245,0,255,255,173,255,166,14,1,128,0,132,0,149,0,0,189,255,255,179,165,186,151,0,0,0,255,255,255,180,57,255,209,0,210,249,51,0,255
158,24,111,83,255,63,64,48,56,146,238,0,0,152,37,0,0,50,141,229,0,46,0,0,76,37,23,1,201,196,59,89,167,171,12,255,255,151,138,195,121,119,111,116,128,255,187,197,111,255,132,100,33,109,222,255,0,0,128,61,185,0,135,187,228,207,0,29,107,127,88,136,77,157,22,166,110,67,24,255,91,255,151,34,65,2,255,248,255,255,0,255,216,74,191,115,0,212,222,109,160,22,74,121,0,255,255,255,93,187,191,255,0,166,0,255,255,113,2,235,255,121,108,0,95,255,54,255
160,33,113,61,255,83,88,54,52,158,255,0,0,240,81,28,0,115,175,255,5,139,0,0,155,92,0,0,255,110,186,113,32,255,1,255,197,104,255,185,158,134,0,157,160,255,176,64,106,255,208,16,90,175,255,156,50,0,174,57,113,0,255,183,204,171,118,104,71,133,94,255,168,255,0,102,47,47,0,255,98,255,0,61,77,0,255,255,255,148,0,255,224,201,255,69,99,0,255,3,60,113,15,161,0,168,255,255,116,189,255,161,0,0,0,255,255,255,138,255,104,255,1,175,4,255,0,255
172,43,177,97,250,90,110,49,86,155,169,45,51,202,96,120,12,186,178,189,0,255,50,82,138,46,94,214,213,101,199,41,145,87,69,181,80,73,255,50,60,92,31,226,107,104,171,160,131,255,238,125,255,136,19,219,96,46,238,105,255,87,106,255,237,224,90,150,129,59,149,165,109,255,40,113,44,123,0,255,152,62,24,224,84,107,211,204,216,250,108,228,246,93,235,84,86,159,183,187,255,6,4,154,0,194,168,255,190,77,151,255,3,255,18,255,255,115,0,0,138,162,0,0,0,227,46,255
191,58,216,124,254,75,74,26,117,184,138,61,85,200,65,101,185,227,137,115,18,255,96,91,102,140,92,255,158,170,177,144,110,74,40,211,47,109,165,3,123,161,25,109,217,211,118,123,144,180,177,66,114,244,83,89,97,22,220,181,255,107,0,206,212,221,167,120,246,157,129,78,249,245,35,45,92,82,212,146,107,0,22,212,8,24,201,117,48,98,148,46,245,59,180,178,22,47,136,78,169,125,178,202,0,255,40,237,255,235,255,255,119,255,255,125,197,255,45,128,127,140,0,20,110,86,197,255
176,49,196,79,251,80,106,36,81,192,162,61,20,219,119,121,68,144,138,134,14,255,60,122,75,191,91,255,196,112,211,91,138,93,30,183,40,49,255,60,102,125,97,176,188,202,109,129,208,210,233,164,225,180,21,184,85,62,154,177,255,76,141,255,232,160,112,94,228,141,104,116,178,255,8,81,12,110,119,99,176,32,66,226,30,44,140,147,149,168,62,209,238,195,177,221,6,157,128,240,75,143,0,206,19,143,64,173,165,231,244,179,71,191,122,183,223,150,0,43,255,41,20,0,57,106,7,255
153,27,95,36,255,92,79,33,58,184,251,0,0,178,0,6,0,50,164,236,0,111,0,52,199,27,0,0,217,61,161,206,12,255,0,255,127,221,255,242,206,82,16,68,255,255,171,224,176,255,104,75,62,135,134,255,36,0,55,89,154,105,255,45,255,133,0,80,87,220,0,255,11,151,162,255,24,0,66,255,36,255,145,26,110,0,255,255,255,255,0,255,180,2,255,85,6,0,183,31,24,0,218,14,0,144,255,255,197,136,182,114,0,0,0,255,92,255,28,74,255,255,0,255,0,198,170,255
163,40,153,76,255,77,72,53,106,183,78,55,64,180,83,66,112,80,172,129,0,255,34,94,106,218,21,216,159,116,179,123,126,138,0,222,0,109,65,138,71,194,86,63,255,255,42,191,87,159,191,132,136,110,60,178,137,6,237,145,115,160,154,113,218,184,1,0,82,151,51,0,178,255,191,226,113,157,200,170,157,110,255,53,20,0,94,13,245,160,0,140,170,179,91,70,20,157,201,121,0,74,0,90,164,151,143,41,255,255,255,222,0,65,7,255,147,89,0,53,234,126,207,111,83,240,254,255
172,46,151,97,255,75,90,67,37,190,194,0,44,217,85,24,0,105,152,205,0,175,0,0,32,95,105,151,183,182,114,123,195,145,73,250,164,68,188,117,85,204,72,186,90,255,44,231,97,255,255,89,164,143,129,234,251,0,172,247,192,136,32,138,90,126,112,134,139,148,117,67,224,240,0,157,58,18,156,147,24,207,22,36,0,0,255,255,255,213,0,255,177,255,255,159,0,70,219,5,64,141,94,148,0,217,118,152,255,187,255,131,0,69,137,244,224,240,146,255,201,177,53,0,242,171,100,255
154,28,84,0,255,78,97,26,75,163,242,0,0,100,0,26,0,125,207,206,0,156,0,26,187,0,0,71,255,115,95,174,8,238,18,159,252,251,255,193,159,86,8,191,86,255,0,255,131,255,19,145,170,162,0,118,73,0,129,79,255,117,149,210,255,254,172,94,48,0,1,255,72,169,4,255,39,0,0,255,0,255,160,0,118,0,255,255,255,244,0,255,255,255,255,255,0,0,0,0,124,0,255,0,0,215,81,255,146,255,55,217,0,0,0,255,35,255,242,0,255,255,0,255,255,0,0,255
182,56,185,93,255,71,99,58,48,189,157,0,86,176,30,49,107,149,170,161,0,223,54,46,115,199,45,168,151,167,117,62,203,98,67,237,173,120,86,86,100,171,84,105,84,255,31,108,65,255,160,97,138,174,59,255,123,0,203,255,230,75,33,211,127,208,65,125,142,110,41,57,200,218,0,0,69,52,211,155,108,16,138,191,0,75,194,214,218,147,0,74,255,63,186,186,0,97,99,194,116,178,50,160,0,255,43,171,255,153,255,255,0,213,255,174,202,219,54,255,250,0,67,0,183,139,163,255
188,57,215,149,238,47,67,70,117,178,133,14,53,230,104,118,144,150,124,163,30,255,19,108,88,144,116,204,187,132,158,53,110,128,99,174,12,55,187,33,93,124,2,141,105,179,74,197,169,255,204,79,99,189,60,130,170,46,199,252,255,153,0,255,141,205,102,155,255,200,124,69,214,232,60,96,67,112,141,201,22,66,103,225,0,75,255,170,165,13,172,131,255,149,151,255,4,103,205,146,187,255,113,150,0,255,64,184,196,255,223,255,197,255,182,255,221,100,54,145,44,121,0,122,48,191,33,255
178,47,188,138,255,63,90,103,146,205,135,33,62,221,15,117,132,173,218,139,0,255,121,0,196,105,113,203,160,147,144,75,178,78,9,91,108,128,177,77,19,176,110,123,41,103,78,126,15,212,255,106,192,218,71,77,101,54,255,217,255,164,0,206,168,147,59,163,160,126,204,120,143,244,50,147,70,22,130,155,0,115,89,255,0,197,255,107,225,37,65,205,255,171,15,114,15,126,255,255,175,150,77,255,72,220,142,201,255,255,239,185,161,255,127,254,170,3,0,91,0,246,85,0,201,215,70,255
168,49,181,138,255,50,67,77,97,172,140,30,70,199,66,101,59,159,138,105,0,255,58,64,123,121,107,149,200,110,189,2,178,118,124,161,80,72,123,64,71,91,111,146,129,179,91,111,39,223,156,42,159,255,39,199,111,18,206,255,245,59,30,122,181,248,79,132,255,139,181,45,148,255,10,76,105,84,183,255,98,0,175,189,46,38,239,181,255,42,160,140,255,106,129,125,75,134,103,247,165,153,0,255,13,255,121,240,166,162,255,211,109,233,82,255,255,17,0,205,35,200,0,0,196,245,169,255
158,28,99,98,255,54,41,27,38,169,244,0,0,160,0,0,0,38,158,255,0,85,0,0,162,0,0,0,156,148,152,110,117,229,32,244,246,227,255,207,159,60,108,74,255,255,209,255,79,255,70,104,0,213,158,255,0,0,96,220,158,37,248,0,136,122,0,255,224,255,225,104,123,166,86,251,100,93,0,255,5,255,112,122,56,0,255,255,255,255,0,255,244,31,255,0,0,14,138,36,222,34,255,215,0,207,255,255,146,20,255,55,0,0,72,255,255,255,0,211,255,208,0,66,60,255,108,255
176,53,180,144,255,52,64,80,43,185,168,7,88,211,153,61,26,150,53,215,0,191,10,40,136,182,86,151,212,135,165,32,85,152,182,242,114,68,231,30,35,55,24,136,51,255,53,165,119,255,215,118,208,255,31,234,222,0,32,208,129,85,57,190,77,192,84,187,255,104,174,88,255,214,90,128,217,21,42,191,36,80,69,211,0,0,204,227,255,143,67,104,254,184,255,121,0,77,208,88,153,189,230,191,0,255,61,136,173,224,240,255,6,109,150,255,255,106,0,255,234,254,0,58,108,243,49,255
172,52,179,183,255,42,41,112,93,190,136,7,90,181,71,67,95,118,119,181,0,255,42,0,166,154,96,146,183,125,189,37,147,112,171,178,103,73,196,11,61,67,130,182,101,255,66,175,64,255,154,100,82,255,16,255,208,0,102,255,190,113,0,148,60,192,70,142,255,72,255,56,255,160,82,139,133,15,143,233,0,26,247,226,0,115,201,78,255,63,102,113,255,148,139,36,3,96,230,124,191,116,164,224,0,255,73,48,233,255,255,214,175,204,57,255,255,0,0,255,3,255,0,53,191,68,85,255
173,52,178,194,255,40,25,110,50,205,142,18,119,192,66,80,67,97,111,232,0,255,33,0,238,216,25,123,144,122,154,28,174,119,172,195,130,96,245,17,54,16,125,186,105,255,100,206,92,245,155,106,13,255,0,255,237,0,44,255,105,134,0,151,0,180,89,132,255,0,255,31,255,185,238,146,72,0,76,141,0,21,255,255,0,83,112,4,255,116,31,154,231,162,65,0,0,45,255,30,255,0,255,160,0,255,0,0,255,255,255,172,104,134,85,255,255,0,0,255,0,255,100,0,255,10,243,255
170,56,194,215,255,47,35,164,134,237,129,7,71,255,122,60,111,70,151,191,0,255,45,0,204,138,40,212,193,159,180,0,100,151,82,153,3,109,177,69,36,47,143,219,43,255,35,197,201,255,106,161,0,255,0,255,144,0,125,255,175,122,0,216,58,158,44,198,255,16,255,25,255,67,97,109,230,0,11,255,0,112,255,255,0,79,185,51,255,150,80,121,255,106,0,0,118,92,255,155,86,98,205,255,0,255,50,55,247,255,255,193,203,127,0,255,255,0,0,255,0,255,0,227,116,127,205,255
171,56,197,223,255,57,57,211,185,255,110,0,36,255,156,51,160,72,157,202,0,255,2,0,209,115,39,221,255,123,116,0,76,200,28,101,0,127,175,177,95,78,148,207,5,255,0,170,211,255,106,168,49,255,105,208,158,0,137,255,170,170,0,255,86,118,0,197,255,95,255,0,255,118,75,229,255,7,2,255,0,255,255,255,0,70,255,121,255,255,80,90,255,78,0,111,95,86,255,191,41,113,125,255,0,255,134,140,255,255,255,175,194,99,0,255,246,7,0,165,0,255,0,249,0,136,255,255
171,50,189,186,255,57,73,188,164,246,113,6,38,255,162,52,186,68,175,206,0,255,23,0,169,99,61,238,255,106,124,0,93,89,47,52,0,120,206,151,77,171,113,152,47,255,0,202,139,255,209,198,64,238,106,171,234,34,203,234,202,162,5,223,25,168,50,146,212,90,255,53,255,199,99,203,183,152,15,255,0,155,191,230,0,167,189,166,255,255,87,147,239,125,0,201,0,122,255,189,72,121,0,255,52,255,158,128,255,255,221,111,103,134,0,255,78,0,0,61,0,255,0,255,118,187,135,255
167,27,155,205,255,23,72,200,178,224,152,70,143,203,130,14,147,0,191,195,1,228,122,0,99,128,166,129,176,94,54,66,125,89,0,79,200,204,148,151,151,237,151,75,120,184,0,178,140,255,165,11,140,255,73,16,0,7,63,165,166,255,33,147,100,133,218,235,244,0,193,255,151,86,255,131,216,123,105,255,19,205,61,66,0,13,178,108,243,57,0,0,255,137,187,151,143,123,161,255,54,255,122,82,0,255,255,240,43,249,204,47,38,78,128,0,68,0,0,247,100,255,227,255,142,155,0,255
173,14,154,114,202,87,104,112,126,181,140,85,131,132,103,76,112,130,150,135,55,217,85,101,77,176,132,162,190,138,132,134,105,147,134,131,125,112,140,63,187,211,121,210,136,129,64,100,98,126,139,189,97,112,121,137,155,100,51,228,245,118,122,208,93,181,117,53,133,188,87,177,200,224,86,152,109,202,180,77,158,161,181,120,32,142,78,202,107,150,193,125,61,150,130,173,113,153,116,137,195,97,31,38,110,181,173,250,93,198,121,130,61,117,100,68,51,152,0,114,83,169,87,148,162,34,32,255
175,8,146,96,214,76,77,129,148,174,151,51,120,147,101,35,109,238,196,193,0,208,99,177,69,152,150,185,123,68,193,131,106,82,139,130,139,120,184,136,115,174,31,144,123,163,132,92,123,110,126,93,129,77,86,150,125,106,113,206,130,121,121,97,174,168,81,124,144,135,146,112,127,188,138,154,132,137,93,168,100,193,152,130,91,102,138,202,146,88,63,145,95,112,110,171,88,50,122,210,207,121,120,114,106,182,84,114,170,130,178,136,67,136,72,55,147,184,48,216,101,116,100,83,170,147,69,255
175,8,146,96,214,76,77,129,148,174,151,51,120,147,101,35,109,238,196,193,0,208,99,177,69,152,150,185,123,68,193,131,106,82,139,130,139,120,184,136,115,174,31,144,123,163,132,92,123,110,126,93,129,77,86,150,125,106,113,206,130,121,121,97,174,168,81,124,144,135,146,112,127,188,138,154,132,137,93,168,100,193,152,130,91,102,138,202,146,88,63,145,95,112,110,171,88,50,122,210,207,121,120,114,106,182,84,114,170,130,178,136,67,136,72,55,147,184,48,216,101,116,100,83,170,147,69,255
175,8,146,96,214,76,77,129,148,174,151,51,120,147,101,35,109,238,196,193,0,208,99,177,69,152,150,185,123,68,193,131,106,82,139,130,139,120,184,136,115,174,31,144,123,163,132,92,123,110,126,93,129,77,86,150,125,106,113,206,130,121,121,97,174,168,81,124,144,135,146,112,127,188,138,154,132,137,93,168,100,193,152,130,91,102,138,202,146,88,63,145,95,112,110,171,88,50,122,210,207,121,120,114,106,182,84,114,170,130,178,136,67,136,72,55,147,184,48,216,101,116,100,83,170,147,69,255
175,8,146,96,214,76,77,129,148,174,151,51,120,147,101,35,109,238,196,193,0,208,99,177,69,152,150,185,123,68,193,131,106,82,139,130,139,120,184,136,115,174,31,144,123,163,132,92,123,110,126,93,129,77,86,150,125,106,113,206,130,121,121,97,174,168,81,124,144,135,146,112,127,188,138,154,132,137,93,168,100,193,152,130,91,102,138,202,146,88,63,145,95,112,110,171,88,50,122,210,207,121,120,114,106,182,84,114,170,130,178,136,67,136,72,55,147,184,48,216,101,116,100,83,170,147,69,255
175,8,146,96,214,76,77,129,148,174,151,51,120,147,101,35,109,238,196,193,0,208,99,177,69,152,150,185,123,68,193,131,106,82,139,130,139,120,184,136,115,174,31,144,123,163,132,92,123,110,126,93,129,77,86,150,125,106,113,206,130,121,121,97,174,168,81,124,144,135,146,112,127,188,138,154,132,137,93,168,100,193,152,130,91,102,138,202,146,88,63,145,95,112,110,171,88,50,122,210,207,121,120,114,106,182,84,114,170,130,178,136,67,136,72,55,147,184,48,216,101,116,100,83,170,147,69,255
175,8,146,96,214,76,77,129,148,174,151,51,120,147,101,35,109,238,196,193,0,208,99,177,69,152,150,185,123,68,193,131,106,82,139,130,139,120,184,136,115,174,31,144,123,163,132,92,123,110,126,93,129,77,86,150,125,106,113,206,130,121,121,97,174,168,81,124,144,135,146,112,127,188,138,154,132,137,93,168,100,193,152,130,91,102,138,202,146,88,63,145,95,112,110,171,88,50,122,210,207,121,120,114,106,182,84,114,170,130,178,136,67,136,72,55,147,184,48,216,101,116,100,83,170,147,69,255
