172,15,174,111,212,85,137,96,150,242,139,71,132,107,148,36,126,89,132,155,34,164,115,64,106,186,135,150,154,185,114,195,169,167,107,125,101,125,121,109,163,154,34,222,134,137,89,102,121,115,143,165,125,111,80,103,178,79,131,232,214,117,64,185,151,136,139,75,119,162,93,231,223,205,60,160,83,217,184,168,136,132,175,211,76,146,38,186,191,65,239,179,153,175,72,255,56,60,86,124,210,85,85,85,83,174,137,160,123,195,142,71,175,49,167,32,54,157,0,0,175,11,93,106,217,99,0,255
165,30,171,96,232,81,103,83,129,237,119,61,123,113,127,73,84,135,142,192,8,191,118,105,116,138,180,180,92,168,154,139,67,188,65,196,109,88,74,81,133,137,47,251,167,145,103,48,112,99,137,166,113,191,41,146,255,152,128,117,219,23,0,157,53,239,134,49,243,99,102,119,255,220,82,163,139,230,78,156,136,92,250,228,71,159,136,244,220,53,238,220,72,123,87,255,0,29,43,186,220,0,128,194,46,227,59,240,186,210,173,61,217,49,93,78,105,95,29,68,181,110,0,85,220,61,91,255
167,22,172,78,225,82,96,79,137,222,123,82,102,121,138,87,80,143,139,158,14,169,109,81,90,141,178,163,142,135,115,147,140,164,62,165,107,103,88,76,146,148,31,163,205,137,121,101,84,160,114,156,29,211,63,142,198,146,155,215,250,98,3,166,43,210,126,12,187,110,52,123,255,233,130,173,82,212,88,136,137,120,240,203,147,93,163,233,92,117,129,167,89,151,140,255,0,51,79,255,177,31,143,74,61,219,98,177,107,171,163,4,255,124,86,89,41,85,0,152,63,48,22,97,138,0,43,255
160,24,156,75,229,84,94,83,137,220,118,100,115,176,100,67,125,125,127,180,24,200,105,107,114,101,177,201,88,111,148,140,130,143,36,148,94,96,116,71,173,130,8,136,161,149,106,108,36,157,187,115,107,243,100,98,234,55,142,255,187,68,8,158,73,222,90,68,155,151,139,125,245,189,131,175,128,235,111,212,46,80,182,143,88,92,168,198,171,77,114,170,78,160,63,255,62,0,72,224,191,35,116,48,33,223,70,132,213,255,205,22,255,37,230,160,127,187,0,148,36,119,0,128,194,0,150,255
157,10,163,83,203,84,78,94,140,207,126,98,105,181,124,60,119,101,98,172,31,197,103,120,87,139,178,141,110,127,102,160,173,102,106,128,113,126,130,32,181,159,12,153,127,146,150,132,83,145,182,95,74,155,106,115,187,59,115,246,199,71,31,191,112,160,130,51,180,105,141,119,233,255,78,199,99,203,95,204,54,69,169,115,143,72,151,155,182,168,158,208,159,126,98,255,66,9,87,255,227,59,127,79,101,227,88,184,211,234,110,78,255,143,211,70,187,201,0,230,143,175,133,186,208,0,162,255
167,21,193,123,221,84,105,108,133,211,125,52,106,128,129,122,156,78,147,166,42,223,60,86,35,200,117,111,61,125,126,157,102,89,160,135,75,128,122,106,135,160,0,216,170,133,93,98,95,151,116,120,135,123,128,92,167,94,177,206,229,54,13,114,220,195,179,102,152,110,135,246,212,255,113,155,30,240,90,207,113,127,130,226,129,149,23,213,249,34,174,89,194,126,104,255,0,17,116,135,115,78,145,134,38,255,126,176,185,46,112,61,231,0,74,90,50,219,0,103,111,128,82,193,209,97,65,255
170,40,170,102,251,64,70,88,142,204,141,53,118,108,91,43,146,127,175,111,35,224,140,55,128,119,140,197,117,164,155,165,45,141,0,228,73,26,54,128,122,186,0,86,184,211,125,53,46,109,130,133,104,213,63,149,255,121,152,207,180,58,0,96,49,255,183,48,128,174,133,197,255,161,124,17,177,142,121,160,142,109,95,139,40,50,92,212,130,0,156,125,242,22,71,216,23,2,0,147,87,0,32,135,0,242,75,255,243,195,255,120,136,54,162,155,148,255,8,231,77,237,0,144,224,242,72,255
155,33,148,73,252,73,95,103,142,226,92,82,116,187,120,106,146,144,163,109,51,229,44,38,157,138,197,255,31,94,205,157,64,157,0,204,11,104,56,127,79,141,34,27,177,227,100,63,69,130,255,48,163,189,58,72,254,34,164,254,101,182,0,36,8,233,123,101,148,122,196,58,207,171,178,127,220,211,163,176,0,216,202,122,73,44,148,179,255,0,94,222,196,135,122,184,5,0,170,214,99,67,125,0,0,230,118,205,194,239,255,0,77,0,203,71,240,195,0,255,106,147,0,177,186,49,0,255
154,21,149,74,232,94,93,101,137,219,104,93,133,191,80,69,189,112,124,125,41,218,101,96,128,109,215,219,81,120,135,152,137,114,49,206,98,114,131,49,171,88,69,121,108,182,174,138,50,116,188,97,107,137,84,77,251,25,132,248,143,145,13,120,62,150,118,94,180,88,167,32,173,185,167,125,123,175,168,162,2,143,241,138,84,32,156,204,185,0,105,245,131,15,76,200,1,54,143,194,182,0,156,87,3,238,162,177,239,196,247,130,136,81,207,41,193,181,0,255,123,52,0,112,168,0,0,255
161,26,171,92,226,92,97,95,95,224,136,87,96,155,170,74,104,90,113,158,17,192,53,154,105,137,180,89,113,132,127,165,178,105,117,165,81,147,103,46,147,144,18,255,139,130,111,147,80,187,140,95,121,192,140,124,171,33,155,228,220,27,68,184,152,138,177,98,242,49,168,122,255,173,25,125,103,247,50,165,79,97,232,190,122,93,122,255,217,97,180,225,180,183,35,244,87,109,136,157,147,50,127,101,29,255,44,228,155,134,74,86,216,137,252,139,92,182,0,58,238,137,61,95,206,0,45,255
168,30,177,99,236,65,102,102,157,210,140,62,139,101,133,64,131,117,176,119,23,175,113,60,104,136,164,174,73,183,131,177,84,166,57,191,88,104,89,127,152,182,55,164,178,153,111,78,104,152,122,160,76,121,45,130,196,127,152,193,232,73,0,114,83,255,188,78,166,157,78,173,253,210,123,61,156,158,163,141,166,105,212,162,56,117,63,255,148,0,212,167,178,100,69,239,0,11,4,240,150,0,130,135,0,238,32,190,191,152,255,24,215,22,160,58,32,138,0,173,113,76,0,125,255,211,0,255
163,27,159,90,237,71,96,87,164,213,129,83,135,132,117,73,151,125,162,129,19,234,133,103,118,128,200,185,78,148,166,158,88,143,37,176,109,120,64,82,173,143,89,138,192,198,152,126,58,95,90,116,96,156,80,105,214,119,131,177,220,60,0,101,49,205,153,57,164,168,118,150,231,227,77,126,156,194,173,145,158,105,207,90,66,73,80,225,168,0,210,233,161,87,50,244,49,0,16,152,172,0,72,58,0,214,54,227,241,121,255,0,179,47,157,61,104,177,0,185,64,52,0,116,209,137,57,255
161,16,149,94,221,63,79,94,150,211,144,86,127,169,105,45,133,104,115,159,0,237,136,154,84,135,206,163,88,119,121,170,147,129,122,160,142,113,100,63,203,154,46,147,199,182,102,154,62,109,118,89,44,158,110,140,216,73,75,192,228,42,0,147,117,120,108,43,168,113,152,152,254,250,38,143,126,203,137,160,113,128,155,119,141,46,194,199,137,130,149,209,138,138,119,221,50,0,79,166,255,0,32,102,18,211,47,188,255,97,198,0,228,214,155,28,172,255,0,170,89,103,100,177,200,25,225,255
170,29,203,103,214,78,107,96,128,206,134,53,101,134,155,109,103,141,146,115,37,174,66,130,72,174,146,155,95,139,143,167,126,147,118,179,89,127,124,101,103,134,45,229,159,152,107,56,141,221,148,150,101,131,74,111,179,35,181,231,255,115,38,101,180,176,202,94,212,137,83,159,255,201,99,130,47,212,114,164,137,69,180,221,180,161,55,255,214,78,181,146,144,146,93,255,0,0,97,184,116,57,178,81,21,207,29,252,81,195,131,49,184,55,160,95,54,115,0,83,60,118,43,43,209,75,21,255
168,29,172,92,231,68,84,69,120,216,154,79,118,124,152,54,76,91,150,180,0,190,103,98,115,116,186,153,120,133,104,122,95,157,51,171,94,96,85,67,149,126,41,187,203,162,105,82,59,126,126,123,86,218,40,127,231,135,165,158,252,79,0,142,110,242,125,26,212,56,87,137,255,225,87,175,122,225,107,194,116,108,228,203,179,120,152,224,149,71,157,174,73,184,123,255,9,23,41,218,181,20,109,104,79,244,123,184,143,169,164,0,180,135,138,134,55,194,0,96,159,83,3,62,156,106,72,255
151,18,149,72,239,85,101,101,139,198,151,85,138,138,125,42,63,106,162,159,19,244,87,137,104,116,217,143,102,122,165,173,118,166,72,180,108,107,42,29,141,223,5,240,219,158,74,151,88,167,152,50,81,213,90,74,144,47,116,255,232,44,8,162,133,41,148,55,189,75,97,132,255,241,0,63,132,178,116,175,13,191,255,92,133,88,199,207,158,0,4,255,214,255,143,140,26,0,91,176,252,0,94,129,22,255,85,195,110,45,255,45,255,140,248,74,219,215,0,204,82,4,113,163,218,0,42,255
172,28,210,104,211,79,117,119,121,219,138,44,118,90,150,133,130,121,172,113,32,203,58,97,47,225,151,136,59,101,105,169,91,132,105,148,104,94,111,145,111,194,0,233,171,156,108,78,169,182,123,90,145,101,106,96,147,102,176,251,247,111,23,135,191,218,201,90,209,151,108,190,255,255,101,114,51,202,55,191,120,73,209,248,157,144,2,237,191,75,186,113,233,127,29,255,0,21,59,75,107,67,156,112,14,172,71,241,108,163,101,21,190,53,147,90,67,145,0,93,56,154,66,0,202,8,81,255
165,38,160,100,255,62,63,78,137,199,140,61,130,118,96,41,159,130,171,128,24,254,133,85,157,118,133,192,92,145,178,160,30,149,0,228,39,18,8,124,138,164,17,101,166,221,121,72,28,80,126,82,139,238,22,144,243,96,127,170,166,23,0,75,40,255,148,77,162,160,174,120,255,128,109,36,183,157,130,186,149,114,86,80,81,71,119,191,202,0,166,162,185,26,30,167,48,0,55,122,86,0,29,120,0,213,78,255,255,141,255,110,100,31,125,179,217,255,53,175,105,202,0,156,230,255,62,255
151,28,139,63,255,83,83,109,142,219,96,80,132,195,89,92,187,129,121,98,49,252,81,77,175,109,246,255,52,56,176,160,63,156,1,245,47,88,69,103,144,107,25,68,160,255,155,79,27,154,226,73,107,126,32,39,214,0,159,245,83,157,0,67,19,133,111,136,142,92,214,4,194,159,183,86,190,153,165,183,0,214,246,72,76,59,192,213,238,0,0,250,91,87,151,169,32,0,187,176,205,29,110,105,0,244,146,215,154,192,255,43,24,0,255,41,255,232,0,255,106,52,0,174,178,0,0,255
151,19,142,73,250,93,85,128,137,215,88,91,169,171,44,40,255,89,121,113,26,240,139,92,129,60,255,244,126,96,147,108,148,89,120,255,166,81,145,22,202,160,18,163,156,255,185,153,52,72,182,76,71,172,115,27,210,0,68,198,174,157,0,34,76,17,170,198,237,98,213,10,255,221,149,37,36,71,158,98,0,90,214,104,7,31,214,255,138,86,106,255,166,11,0,196,0,134,202,140,255,36,126,172,0,244,142,211,249,225,255,94,47,80,255,236,129,255,0,255,124,0,0,161,252,0,0,255
150,6,162,75,228,113,85,107,144,202,116,119,107,195,116,84,120,85,92,179,21,181,58,138,91,142,226,88,124,138,181,139,230,58,80,157,87,131,123,0,127,227,0,197,166,176,164,185,134,166,126,89,41,212,182,48,108,0,154,250,221,70,83,232,94,19,166,78,207,57,158,181,211,255,42,52,39,255,49,190,0,87,244,119,101,0,182,189,174,67,26,255,161,213,87,176,3,107,125,213,255,80,208,117,110,255,147,212,116,130,118,133,255,90,255,72,156,223,0,246,255,27,163,161,255,0,0,255
164,20,175,105,228,74,133,94,157,223,120,54,151,128,115,73,146,101,142,145,10,199,139,112,94,174,163,125,23,164,151,181,70,140,125,160,95,128,107,91,140,145,25,231,175,153,120,136,120,135,86,140,181,126,102,58,112,157,174,147,200,16,48,85,147,173,142,90,198,142,105,191,255,255,76,72,194,221,140,183,145,112,236,255,85,170,0,206,209,0,213,225,157,107,102,254,79,0,50,74,228,0,119,199,58,244,57,155,240,144,110,65,224,61,224,90,75,111,0,19,148,81,42,134,201,56,107,255
166,39,170,76,241,62,80,64,125,209,160,30,118,69,121,39,85,100,192,125,8,244,78,97,132,146,189,181,116,90,151,180,0,157,19,199,73,30,22,134,168,203,0,115,251,232,136,76,91,167,95,97,122,244,18,149,252,197,145,186,206,110,0,60,89,255,119,0,227,99,98,133,255,209,31,35,160,116,169,137,83,119,163,173,104,134,80,221,153,0,124,144,214,66,160,224,0,1,0,233,43,0,0,123,5,204,153,141,241,234,220,109,158,65,195,96,217,190,3,253,147,150,0,56,130,153,46,255
160,35,151,75,255,73,85,76,126,215,128,68,118,151,87,69,150,107,154,118,40,255,121,85,133,110,198,221,41,93,174,159,47,126,4,208,31,78,9,128,155,109,9,85,234,245,117,117,81,117,146,87,104,251,45,145,255,78,163,220,121,116,0,40,15,232,107,51,156,131,169,66,249,177,109,64,213,170,96,185,1,173,191,95,72,59,116,143,187,0,46,216,171,63,138,220,68,0,18,163,25,0,0,39,0,203,127,255,255,68,255,12,86,0,169,128,237,255,26,253,91,176,0,112,205,76,1,255
162,25,149,75,252,92,88,60,102,225,146,79,122,142,104,43,110,88,117,228,1,236,113,159,139,63,194,147,83,86,163,136,92,178,62,149,81,92,42,75,195,146,0,191,239,151,79,169,97,83,143,82,112,255,62,119,246,97,166,170,166,62,14,133,37,195,53,75,255,141,116,98,255,228,65,163,173,236,66,200,13,130,241,118,107,132,171,154,183,34,101,223,55,207,103,201,66,0,76,124,219,23,93,194,77,227,152,106,255,220,185,0,192,67,232,173,155,214,0,75,147,93,0,65,141,0,134,255
157,23,164,105,228,60,111,112,137,211,149,53,140,162,132,80,184,64,150,141,29,243,113,109,70,194,213,114,76,133,164,192,78,42,137,167,102,115,113,57,100,162,0,221,171,161,134,137,147,180,102,49,151,120,135,49,149,88,147,190,165,89,0,133,122,159,121,110,195,54,203,148,247,200,73,76,157,249,57,222,18,141,197,116,48,215,45,219,246,9,41,225,196,68,137,172,23,94,114,109,255,5,167,77,0,255,122,162,221,108,216,76,191,105,239,172,161,127,0,140,146,74,0,215,165,40,0,255
169,32,184,100,229,54,82,84,169,195,129,27,120,101,134,76,146,125,179,103,34,187,95,87,112,156,198,180,55,157,150,194,49,136,80,177,110,73,84,123,130,190,41,180,171,171,151,56,82,174,114,122,98,152,60,94,200,99,139,152,230,79,0,103,96,255,163,79,197,183,95,158,255,220,90,67,128,155,159,87,176,112,152,174,105,127,117,255,167,0,234,159,208,129,83,232,0,0,23,173,118,0,92,96,0,250,42,160,144,178,217,5,157,61,146,67,86,193,0,215,105,96,0,123,255,155,3,255
157,35,150,73,255,62,89,83,117,215,166,50,143,92,93,54,112,100,170,104,30,255,92,103,142,133,177,154,49,73,189,170,0,96,93,221,48,41,0,127,186,168,0,114,214,245,134,71,82,175,107,52,135,250,38,160,240,81,119,227,174,87,0,57,90,212,105,11,210,73,199,154,191,157,36,0,213,116,191,183,0,138,167,100,41,63,135,170,255,0,37,204,190,0,157,192,46,0,0,192,14,0,0,106,0,192,151,213,255,10,255,74,76,0,171,80,255,255,64,255,113,216,0,128,195,106,32,255
155,34,144,73,255,78,90,92,114,214,120,74,117,139,81,69,124,105,142,132,21,255,48,80,179,109,202,229,55,30,201,153,58,100,29,203,12,57,13,92,161,146,0,80,219,255,115,75,70,135,198,67,156,243,53,151,243,55,139,235,124,132,0,47,104,189,106,67,158,139,191,82,184,190,101,25,195,171,147,227,0,163,163,111,80,60,168,153,253,0,0,230,122,84,154,221,40,0,39,188,84,0,27,76,0,222,98,208,255,98,255,17,48,0,236,110,233,255,1,255,90,159,0,143,188,21,0,255
158,32,156,92,252,86,107,90,120,228,129,63,145,165,119,61,158,111,142,161,21,255,139,124,142,90,169,181,66,100,168,158,73,105,72,159,71,99,56,88,150,148,46,168,175,132,110,156,112,107,185,90,130,175,48,129,229,53,170,197,143,84,0,134,26,255,138,94,202,95,132,95,242,201,142,111,254,171,80,215,58,113,237,140,41,124,80,109,219,0,183,195,131,110,58,144,48,44,78,175,91,0,165,145,0,255,166,217,231,190,255,42,111,63,255,169,84,126,0,215,126,107,0,169,188,49,81,255
165,34,170,103,255,65,104,111,157,204,121,57,156,108,85,62,138,148,164,113,12,208,106,63,119,93,170,184,57,126,175,146,91,143,53,180,109,88,93,106,170,158,79,170,130,166,73,60,41,132,132,174,141,172,55,159,220,130,133,203,217,3,0,102,148,255,192,101,166,158,136,174,241,213,144,15,201,166,190,193,177,86,169,180,40,66,128,255,168,0,221,177,177,83,74,198,53,0,0,147,217,0,85,213,0,235,72,171,202,81,255,142,252,44,172,197,149,255,0,204,54,130,0,103,255,186,46,255
169,29,168,112,239,55,96,112,133,199,151,66,149,124,97,77,119,134,162,97,34,207,91,57,97,123,148,136,100,106,156,132,110,107,94,134,121,117,63,98,147,150,80,137,186,156,47,68,24,124,147,111,171,162,78,148,199,146,148,202,230,103,19,127,120,254,129,34,110,99,146,203,174,215,104,141,148,174,147,215,98,42,164,126,75,44,70,255,126,49,167,131,207,107,112,234,20,16,22,211,229,25,121,137,0,236,111,137,199,141,255,117,173,91,140,171,137,255,0,105,92,141,0,36,195,178,25,255
155,15,155,83,214,80,88,101,140,193,120,27,143,162,116,68,97,126,159,175,23,157,92,87,97,175,205,105,119,136,150,147,156,71,131,183,143,83,69,71,129,187,24,215,96,139,181,102,85,187,140,99,68,150,134,109,110,111,141,240,210,105,3,139,75,169,125,49,131,87,105,147,250,232,60,111,143,232,61,159,102,131,207,113,126,86,117,250,139,101,48,255,196,169,74,151,0,0,89,107,215,0,74,86,73,255,81,179,32,161,255,123,255,89,214,0,223,147,9,170,136,127,183,130,148,0,23,255
162,15,145,94,210,72,84,82,109,200,132,0,167,144,90,26,130,89,239,143,22,90,33,148,109,207,228,162,204,205,101,117,191,43,154,67,239,0,70,92,140,217,83,255,106,159,87,47,105,190,199,95,6,139,77,112,166,190,58,217,181,159,41,92,4,61,138,99,189,163,101,116,162,238,50,0,30,171,148,22,162,195,158,217,78,116,202,255,69,69,106,120,124,244,50,249,0,213,89,34,94,73,87,113,242,242,174,35,183,255,192,168,82,52,4,43,80,216,0,254,161,0,108,0,126,89,68,255
170,17,142,119,205,34,85,119,147,191,88,33,113,113,145,66,109,195,138,129,37,179,67,64,120,179,174,216,130,154,123,180,134,148,111,158,202,42,129,66,196,146,137,188,123,88,83,94,43,164,216,180,147,171,173,104,143,100,84,187,103,158,0,169,15,195,158,164,142,135,68,179,210,162,111,84,185,167,175,39,140,172,127,196,14,127,255,169,183,37,154,163,88,201,138,113,43,101,110,81,107,179,47,34,21,245,74,126,87,177,130,51,115,124,100,0,146,145,0,151,173,22,4,201,227,140,19,255
173,14,138,111,204,36,82,125,146,186,112,27,114,116,123,58,102,223,143,153,0,212,65,87,126,175,151,222,103,125,151,163,140,124,122,156,227,30,135,63,187,169,127,138,122,100,147,110,87,154,225,171,159,182,121,79,129,76,118,158,129,180,21,128,80,202,108,117,163,91,63,118,220,162,101,119,119,145,168,34,71,172,129,199,44,123,255,200,165,49,85,108,58,160,116,68,80,93,70,105,141,167,88,81,0,255,68,145,146,107,124,65,68,212,129,30,133,133,71,191,202,35,36,253,255,141,0,255
174,8,146,97,214,73,75,130,146,175,151,52,119,145,101,34,106,239,195,194,0,209,97,179,65,157,150,187,126,71,189,133,109,85,139,130,143,115,184,130,118,174,36,139,126,165,136,95,128,110,132,94,125,83,88,147,120,105,113,205,127,125,116,92,176,161,78,127,147,132,149,104,133,187,135,149,133,139,85,163,93,193,151,140,97,101,144,198,143,84,59,139,85,114,108,165,86,59,120,209,198,131,119,118,104,183,78,110,173,120,180,125,57,142,68,57,159,188,45,218,104,112,109,96,181,162,75,255
174,8,146,96,214,74,75,130,147,175,151,52,119,145,101,34,106,240,195,194,0,208,97,179,65,156,150,187,125,71,190,133,109,84,139,130,142,116,184,131,117,174,35,139,126,165,136,94,129,110,132,93,125,82,88,146,120,104,113,205,126,124,117,91,177,161,77,128,147,132,149,104,132,186,137,149,134,139,85,164,94,194,151,140,98,101,144,198,143,83,59,140,86,113,108,165,86,58,121,210,197,130,120,118,103,183,78,109,172,119,181,126,56,141,68,56,159,188,47,219,104,111,109,96,180,162,74,255
