162,29,187,71,247,59,142,133,107,245,147,61,153,116,78,98,105,169,162,168,76,210,119,58,42,150,181,120,102,117,109,80,179,165,99,209,88,68,203,203,158,188,0,134,46,176,20,106,101,119,202,183,151,175,4,135,56,78,241,255,250,173,25,246,58,228,203,68,97,0,163,120,161,68,91,182,135,244,45,52,85,91,245,138,24,132,0,106,107,135,255,75,255,198,74,196,16,58,18,255,0,0,145,255,144,224,243,127,42,255,246,126,72,0,231,0,0,54,0,211,86,26,42,43,255,15,16,255
154,26,152,61,255,73,141,112,118,212,166,89,155,181,115,85,106,121,134,138,61,220,74,93,118,105,200,158,94,68,131,87,150,132,94,178,128,52,105,208,163,170,0,120,57,195,81,78,80,181,237,60,75,177,80,102,112,7,221,236,196,134,30,177,58,215,187,71,160,0,182,155,193,177,107,103,182,185,72,125,46,163,222,88,98,90,25,142,149,122,65,167,188,202,30,239,45,0,77,231,207,0,161,192,31,255,170,117,121,255,250,189,49,64,236,0,104,122,0,253,27,0,0,105,248,35,0,255
157,35,116,43,255,65,154,95,76,198,193,27,128,138,18,49,110,107,209,158,71,255,117,34,86,8,214,233,0,81,133,92,67,176,90,164,210,114,120,185,135,185,0,112,10,223,0,163,157,177,255,91,143,183,87,71,221,123,197,208,108,239,125,235,82,154,255,154,143,0,41,255,255,0,96,119,44,43,12,255,42,255,167,140,17,0,101,0,150,89,0,255,255,255,255,225,162,0,17,83,8,0,15,0,0,162,217,255,255,255,240,209,0,7,159,7,163,255,145,255,153,238,106,255,255,0,0,255
155,32,123,37,255,71,163,91,105,190,194,36,153,111,14,58,115,111,221,161,61,255,86,45,145,0,212,226,88,89,115,101,52,131,117,198,204,88,142,197,147,175,0,139,0,217,0,96,167,224,255,133,118,191,30,54,218,8,255,233,172,255,128,255,67,170,255,96,159,0,55,255,208,85,139,69,40,0,0,255,0,255,203,73,0,0,15,68,202,120,0,224,255,255,255,199,63,0,0,148,67,0,0,116,0,255,176,255,234,255,241,255,0,105,255,0,100,255,102,255,179,124,0,208,255,0,0,255
159,36,128,42,255,78,153,97,84,199,195,40,109,134,47,63,52,110,207,131,87,246,75,23,104,17,217,255,69,75,109,109,104,160,73,228,178,92,175,204,126,169,0,153,12,241,0,127,175,194,255,92,168,223,65,75,196,53,241,238,185,202,128,255,103,142,255,66,114,0,65,255,255,56,38,89,35,5,0,255,25,255,169,125,0,0,88,42,180,82,0,233,255,255,234,255,169,0,50,130,36,0,0,32,0,211,133,255,255,255,228,188,0,33,151,0,171,255,81,255,83,144,142,132,255,0,0,255
154,29,123,36,255,73,186,88,93,193,177,65,136,109,17,104,110,129,205,113,43,255,62,27,190,19,142,217,63,53,124,146,84,128,102,234,219,83,157,227,165,150,0,166,0,189,0,144,197,248,255,59,133,254,34,77,158,70,255,215,173,205,166,255,114,64,255,141,195,0,63,255,248,51,125,0,31,57,0,255,73,255,208,117,0,0,62,93,233,101,0,237,255,255,255,175,192,0,17,100,170,0,153,33,0,241,135,255,207,255,255,255,0,112,248,0,119,255,90,255,164,121,36,221,255,0,0,255
152,28,120,51,255,67,149,80,94,204,208,56,135,123,88,77,78,132,211,168,7,242,54,28,143,26,146,178,55,82,93,120,89,145,66,188,238,64,100,227,172,108,39,89,0,174,17,145,169,255,255,102,107,152,74,136,209,0,240,175,197,255,50,255,117,192,255,113,229,0,104,255,243,93,234,161,48,84,0,255,117,244,245,61,0,0,93,56,177,223,46,217,255,244,255,166,25,0,75,166,175,0,167,38,0,252,255,241,110,255,255,254,0,137,252,24,93,168,114,255,206,140,29,158,255,35,0,255
155,27,143,51,255,55,180,97,127,200,162,92,180,127,23,72,139,110,183,141,50,222,108,42,146,0,185,215,100,115,64,48,132,67,118,228,169,51,194,236,175,180,0,161,0,172,0,57,145,241,255,83,74,206,40,53,155,27,255,255,202,234,141,196,37,121,255,76,255,0,141,240,217,152,219,64,77,33,0,144,105,255,255,144,0,39,10,88,177,143,12,141,255,255,216,215,82,73,26,193,136,0,109,255,0,255,253,252,114,255,189,255,0,171,255,0,54,90,0,255,161,0,0,123,255,0,0,255
153,24,129,60,248,41,147,86,112,200,171,71,169,156,76,63,144,111,185,161,34,246,114,27,95,58,172,195,14,122,65,56,137,67,87,162,220,30,146,198,191,151,29,104,0,171,43,113,135,248,255,115,66,104,119,99,183,0,251,200,134,241,2,200,51,241,255,97,255,0,117,180,251,109,255,170,128,141,35,187,96,252,255,64,24,22,52,0,87,181,157,183,248,255,234,198,91,52,28,124,107,0,81,96,0,248,255,174,120,255,246,255,0,187,255,12,131,62,43,255,190,75,113,204,255,21,0,255
155,28,128,48,255,59,165,87,110,192,183,55,170,125,32,56,114,96,207,169,58,239,115,41,131,0,181,214,55,78,73,104,81,86,127,240,219,44,146,209,161,188,0,132,0,180,16,86,180,221,255,81,113,190,64,89,210,54,255,233,210,226,92,209,58,148,255,52,204,0,56,255,236,132,158,99,73,0,15,192,99,255,248,87,0,11,0,39,166,87,0,232,255,255,220,192,123,0,0,174,103,0,77,107,0,255,234,255,148,255,212,238,0,147,255,0,56,89,61,255,246,0,0,188,255,0,0,255
152,28,117,37,255,67,170,75,104,196,212,49,140,120,43,76,105,121,229,156,10,242,69,38,166,0,143,209,95,87,96,126,77,141,55,184,233,76,131,235,187,104,0,103,0,189,0,117,196,255,255,110,97,196,42,80,205,0,255,190,195,255,92,255,76,141,255,136,255,0,62,255,183,90,255,136,43,0,0,255,63,255,255,73,0,0,46,64,188,191,0,213,255,255,255,204,55,0,27,152,189,0,139,137,0,255,255,255,144,255,255,255,0,131,255,43,41,186,138,255,242,120,0,182,255,0,0,255
152,29,123,42,255,66,151,87,115,185,192,53,170,141,32,74,143,121,202,160,30,255,91,69,147,0,206,211,39,78,111,102,109,141,81,141,206,68,177,191,177,148,0,113,0,188,0,124,153,255,255,138,60,151,38,56,177,0,255,246,174,209,107,234,0,200,255,162,249,0,101,255,197,59,234,110,103,14,0,255,45,255,255,52,0,30,20,45,150,165,41,200,253,255,255,248,51,0,36,101,209,0,52,182,0,255,255,255,104,255,251,255,0,152,255,24,98,180,99,255,173,49,19,205,255,0,0,255
154,30,121,42,255,72,155,85,94,198,215,65,133,135,85,81,64,133,210,151,27,255,62,43,153,20,158,205,61,79,104,134,92,149,79,206,230,49,141,209,167,129,33,125,0,188,0,107,149,255,255,77,105,169,68,108,207,2,255,219,222,252,83,255,103,158,255,96,182,0,60,255,255,92,170,93,47,40,16,255,97,255,247,47,0,0,89,37,156,132,0,233,255,255,255,215,116,0,45,127,155,0,103,2,0,218,204,248,128,255,255,224,0,72,199,0,74,234,90,255,186,110,36,173,255,1,0,255
154,27,133,52,255,56,175,74,119,199,164,82,150,135,42,107,124,120,205,145,4,235,99,25,130,41,164,207,70,113,57,59,114,84,116,213,185,74,204,228,156,126,10,173,0,197,68,119,170,255,255,133,57,191,85,102,133,31,255,199,167,253,136,219,75,115,255,110,255,0,141,255,238,121,213,86,63,81,0,202,107,255,255,166,6,4,16,28,205,114,0,188,235,255,255,134,106,0,0,102,126,10,138,125,0,255,225,214,92,255,219,245,0,216,255,23,132,105,0,255,220,19,0,218,255,0,0,255
152,25,172,51,255,101,126,114,129,221,140,126,100,235,162,159,45,180,148,109,61,182,11,121,72,167,213,231,142,71,137,82,222,118,62,179,158,56,246,147,111,183,0,196,0,209,161,95,166,191,248,49,93,160,96,103,100,31,190,255,255,21,102,254,125,139,255,121,194,7,247,221,187,160,103,42,55,226,98,112,36,154,188,91,89,66,89,253,124,170,116,141,238,255,0,255,0,0,218,188,143,0,226,165,66,255,63,128,40,239,255,224,121,0,176,56,234,255,0,221,0,0,0,89,234,13,0,255
151,28,141,46,255,87,151,91,105,228,147,117,104,200,97,133,70,133,191,92,58,229,27,36,117,121,172,255,86,57,138,109,116,119,63,232,117,47,220,164,145,147,0,156,2,253,83,114,154,216,255,44,115,223,103,94,175,11,255,255,209,136,74,231,98,119,255,90,244,0,176,255,202,182,120,0,76,139,0,197,0,218,237,119,31,4,100,69,197,39,86,196,245,255,145,255,146,0,0,156,157,94,142,74,0,255,133,192,141,255,255,134,0,0,255,39,255,255,0,248,206,31,31,228,255,0,0,255
151,24,152,52,255,97,134,107,125,212,145,140,145,200,135,116,74,127,161,110,35,255,78,141,128,99,154,165,41,53,201,160,149,215,23,150,90,101,119,159,131,220,46,128,99,175,24,137,144,190,246,19,77,211,78,60,132,0,187,255,255,121,91,182,118,103,219,152,255,27,167,122,157,216,172,88,112,162,138,158,23,144,255,39,84,38,72,120,123,46,0,181,255,255,34,240,22,11,212,250,206,12,228,128,0,255,149,121,148,255,255,174,117,0,255,58,180,238,0,194,40,0,0,138,251,4,0,255
151,24,164,52,255,94,139,110,132,220,164,163,134,222,157,137,39,163,178,77,38,242,33,158,95,121,189,219,78,60,187,115,198,158,43,113,133,105,189,140,135,219,42,196,91,173,92,126,189,208,248,29,58,213,55,88,109,67,218,255,255,83,103,236,93,76,255,144,255,0,196,195,130,222,94,65,73,197,111,134,63,118,242,18,136,80,91,170,31,74,59,121,255,255,42,255,0,0,188,203,246,0,185,188,2,255,167,92,131,231,255,205,174,11,255,82,241,255,0,200,6,0,19,100,252,0,0,255
152,27,157,56,255,56,157,124,125,204,170,102,171,177,98,102,128,139,150,113,43,194,83,70,123,55,211,181,88,96,76,35,224,70,86,159,124,23,182,240,149,193,0,136,0,210,2,21,77,249,255,73,58,171,68,52,92,23,255,255,204,193,62,157,32,216,255,127,250,0,235,151,203,126,198,80,141,162,47,116,41,229,255,104,100,39,30,128,85,192,80,42,255,255,133,255,35,89,90,187,105,0,114,255,27,255,255,237,37,255,255,255,0,58,255,37,59,123,0,255,46,0,59,94,255,29,0,255
149,26,144,59,255,65,140,101,128,206,170,94,161,181,85,104,114,130,192,119,33,197,31,63,126,87,211,227,83,59,97,80,171,67,93,180,148,32,221,171,153,183,0,118,0,217,62,65,135,249,255,94,48,154,42,94,142,20,255,255,208,153,36,192,40,172,255,115,255,0,237,210,153,173,162,70,129,161,0,87,0,199,254,49,60,83,42,83,137,172,165,88,219,255,168,255,20,19,21,121,115,0,68,220,0,255,255,217,93,255,255,255,0,101,255,0,206,166,0,255,125,0,31,176,255,0,0,255
149,27,145,56,255,67,148,101,130,214,143,95,173,208,52,97,158,111,189,111,46,243,64,83,114,100,213,241,34,57,119,94,151,88,67,148,98,63,189,165,171,184,0,139,0,229,8,86,134,215,255,85,71,151,28,85,160,12,229,255,174,158,76,130,58,125,255,149,255,0,249,146,166,194,189,64,119,158,8,108,0,241,255,129,110,64,69,93,179,75,121,152,211,255,124,213,40,47,31,104,83,23,61,255,0,255,255,215,134,255,255,255,0,110,255,18,224,172,0,255,127,0,19,202,255,0,0,255
149,27,119,47,255,74,118,75,85,198,216,0,132,106,101,63,48,91,208,182,5,204,33,48,170,16,197,148,128,42,67,145,80,137,95,195,203,39,108,226,147,125,0,148,0,255,16,52,191,243,255,77,157,156,0,59,185,0,185,239,111,255,0,223,130,167,249,120,255,0,128,255,107,187,184,204,61,50,0,219,0,202,162,18,87,0,122,192,255,237,70,240,187,255,198,150,30,0,115,121,84,2,48,76,0,255,195,255,223,255,255,163,0,80,111,44,230,255,165,250,207,73,0,121,255,0,0,255
154,30,147,53,255,65,173,108,130,210,165,72,183,146,54,90,159,121,191,155,66,247,124,73,95,0,237,243,91,141,78,7,140,110,75,209,97,68,169,208,143,142,0,183,0,203,34,42,151,244,255,163,98,143,66,51,173,0,251,255,156,255,93,180,58,176,255,132,235,0,194,191,204,157,201,174,107,109,0,167,0,251,255,174,57,53,14,104,170,182,73,126,205,255,205,220,9,78,45,220,0,0,36,255,0,255,255,255,119,255,143,255,0,199,255,0,131,135,0,255,158,0,0,41,255,0,0,255
156,34,139,43,255,92,136,100,85,212,222,43,113,150,124,82,0,123,191,141,79,195,49,15,89,27,215,213,100,89,74,108,146,136,66,223,169,44,168,206,101,182,0,154,0,226,19,3,219,219,255,65,143,140,100,81,197,1,255,255,219,215,31,222,96,255,255,38,165,0,102,255,200,159,92,119,75,50,49,243,0,211,191,43,90,0,142,98,197,191,0,160,255,255,152,255,80,0,45,152,7,0,12,46,0,255,146,255,198,255,255,129,0,0,91,0,215,255,41,255,60,77,0,59,255,0,0,255
155,33,148,60,255,78,139,121,104,208,189,59,136,204,97,91,50,126,175,105,87,244,114,66,6,85,255,220,54,135,112,65,184,139,66,157,87,68,199,255,54,176,0,161,24,228,53,77,159,199,255,127,71,88,66,126,84,0,238,255,146,106,123,236,71,226,255,84,122,0,202,237,252,113,130,71,66,167,0,255,0,255,208,60,125,42,46,146,108,197,21,105,255,255,129,255,45,0,111,137,100,4,38,121,0,255,197,255,182,255,255,173,0,0,240,42,246,255,0,255,27,9,117,109,255,0,0,255
150,29,127,51,255,69,137,102,106,199,200,56,144,171,81,62,79,105,210,109,64,245,71,53,90,46,240,249,53,90,104,117,132,113,69,175,158,45,130,201,137,164,0,150,0,241,24,64,139,220,255,63,86,154,67,88,175,0,232,255,167,212,39,228,94,162,255,91,181,0,121,255,189,123,158,81,79,51,0,238,0,255,221,49,93,13,110,76,118,148,16,134,255,255,203,255,56,0,75,127,73,0,0,134,0,255,227,255,180,255,255,243,0,82,255,6,213,255,44,255,125,10,42,161,255,0,0,255
155,33,147,39,255,95,121,105,73,215,211,65,80,175,169,105,0,149,176,114,100,200,35,42,85,75,239,248,117,83,83,109,160,173,36,234,163,14,161,228,77,160,0,216,0,231,73,36,184,191,255,20,166,164,108,95,172,47,255,255,195,107,91,255,113,248,255,8,109,0,148,255,255,103,43,72,69,124,0,255,0,255,151,7,100,5,140,143,164,224,0,147,255,255,92,255,125,0,158,149,78,0,97,25,0,237,80,255,124,255,244,169,0,0,70,28,255,255,0,227,0,57,36,52,255,0,0,255
154,28,135,51,255,75,152,94,107,208,186,70,140,158,106,90,93,144,180,176,43,228,72,55,123,49,193,194,83,97,97,74,122,150,98,168,190,65,134,190,134,144,0,140,0,190,33,115,128,238,255,114,105,138,101,71,162,0,255,235,180,208,40,245,66,232,255,131,206,0,100,255,227,122,138,127,114,114,0,244,24,230,246,74,67,17,59,65,163,163,52,192,213,255,171,227,56,0,51,127,145,0,93,115,0,255,181,206,177,255,218,215,0,93,241,31,126,163,17,255,122,31,0,159,255,0,0,255
154,25,154,45,255,62,160,102,125,217,177,76,161,151,106,109,111,129,163,139,99,180,89,68,127,28,237,231,117,92,39,22,189,59,99,219,134,0,199,217,119,166,0,176,0,226,41,15,158,255,255,128,86,111,102,0,89,0,255,255,160,212,13,209,28,213,255,111,255,0,192,223,135,108,99,119,123,158,17,69,0,189,255,56,59,45,3,92,136,229,127,110,213,255,123,255,64,67,61,200,61,0,0,221,12,255,183,255,140,255,162,221,0,102,255,0,118,132,0,255,100,0,79,22,255,0,0,255
151,25,121,58,255,42,153,85,105,199,193,99,177,166,67,64,155,114,179,122,16,255,99,44,107,54,173,171,0,126,98,77,149,103,70,134,252,83,75,209,189,131,93,65,0,153,0,164,88,245,255,96,21,113,125,134,188,18,255,153,154,251,54,232,36,212,255,137,241,0,136,206,255,49,249,108,122,162,0,255,127,255,255,74,21,24,45,0,107,162,120,118,255,255,255,206,70,0,1,181,169,46,168,18,0,245,255,208,98,255,255,255,0,217,255,30,93,113,73,255,255,97,103,172,255,9,0,255
154,30,149,42,255,70,183,95,132,218,172,105,161,161,38,124,143,127,191,124,35,241,106,65,129,20,189,255,106,126,53,61,169,70,96,220,161,91,255,204,186,152,0,233,0,230,59,50,177,255,255,129,66,187,74,34,114,0,255,255,250,255,160,228,34,116,255,111,255,0,167,255,164,117,203,43,71,101,0,184,57,255,255,145,0,0,0,103,207,133,0,125,222,255,255,216,75,51,0,149,171,0,132,238,0,255,181,255,3,255,227,255,0,133,255,26,50,147,0,255,230,0,1,126,255,0,0,255
151,24,138,52,255,50,159,98,128,208,179,81,181,161,69,72,159,115,166,140,53,234,122,67,135,26,200,192,26,99,76,48,157,73,87,157,176,29,153,215,188,160,0,136,0,172,27,88,130,255,255,95,47,136,125,55,141,0,255,218,140,231,18,184,0,216,255,134,255,0,176,176,189,94,214,126,149,131,0,155,36,255,255,72,26,59,16,10,103,177,139,136,252,255,228,250,45,44,30,193,158,0,96,220,0,255,255,255,133,255,238,255,0,147,255,0,117,87,22,255,158,0,50,125,255,0,0,255
149,25,121,46,255,72,113,67,83,220,206,36,114,142,100,62,27,91,227,122,68,217,22,84,116,81,223,210,78,63,88,202,71,103,77,232,247,24,72,168,148,160,0,161,38,255,44,100,201,196,255,23,103,146,52,63,186,1,213,255,154,179,0,255,89,125,255,60,233,0,116,255,82,138,68,69,67,119,5,227,0,222,174,8,85,0,158,57,203,54,67,179,249,255,163,205,115,0,0,162,30,51,66,16,0,165,201,217,255,255,255,221,0,75,195,0,255,255,99,209,255,51,0,93,255,0,0,255
149,28,129,49,255,81,131,80,84,208,202,43,111,162,90,77,38,108,224,102,47,207,16,43,117,112,163,201,113,75,104,167,105,114,70,215,189,12,128,225,133,154,20,141,0,225,7,74,160,216,255,6,126,180,42,125,179,0,236,255,184,165,35,248,135,137,255,65,205,0,139,255,170,185,89,30,34,104,12,208,0,189,174,14,84,0,165,154,227,123,36,163,255,255,162,203,67,0,40,111,103,0,95,52,0,240,187,204,211,255,255,192,0,12,155,15,255,255,103,255,140,63,25,140,255,0,0,255
152,26,136,56,255,46,143,95,110,202,186,74,170,151,73,83,136,129,189,141,39,243,89,48,101,33,204,223,39,124,59,52,155,81,87,183,216,29,193,223,155,159,8,135,0,207,68,101,143,246,255,120,43,95,69,92,154,3,255,255,159,219,54,212,20,233,255,96,225,0,145,245,230,83,210,131,126,144,0,226,70,255,255,46,30,54,8,33,112,219,124,93,252,255,237,240,76,2,41,112,93,0,86,133,0,210,255,241,60,255,236,255,0,194,255,0,176,140,0,255,157,0,75,153,255,26,0,255
151,26,112,53,255,51,147,75,99,200,229,30,157,133,76,55,119,99,234,174,9,255,88,18,107,14,170,193,45,124,60,106,82,91,88,170,255,38,88,218,189,121,54,80,0,197,23,103,180,251,255,108,85,119,83,117,244,0,241,135,167,255,0,255,72,239,255,80,255,0,60,255,209,96,255,190,55,58,14,255,62,229,239,41,7,0,66,5,133,223,121,198,255,232,255,178,4,0,41,168,120,0,77,68,0,227,255,227,148,255,255,255,0,227,255,21,79,121,216,255,255,113,59,154,255,0,0,255
153,30,137,48,255,58,162,87,125,208,168,75,172,142,23,86,166,115,192,151,26,255,116,45,94,15,200,244,56,136,96,28,123,101,56,166,169,97,203,207,186,151,0,144,0,204,16,108,189,255,255,171,57,130,64,36,190,0,255,214,170,255,90,188,17,192,255,143,255,0,178,254,224,132,240,185,93,110,0,238,47,255,255,106,5,12,23,72,192,208,119,182,198,255,255,232,3,36,0,139,136,0,92,225,0,255,255,255,90,255,232,255,0,186,255,60,133,134,60,255,186,29,13,194,255,0,0,255
151,27,120,53,255,61,145,87,100,200,215,57,162,129,86,70,105,120,205,165,8,240,75,39,144,0,170,172,46,103,76,112,115,108,81,184,255,42,84,201,176,139,43,83,0,175,3,102,155,255,255,88,79,144,91,106,237,0,255,178,198,255,0,255,60,245,255,111,255,0,97,255,196,91,226,122,102,76,19,254,53,227,255,38,0,0,79,47,174,218,110,169,255,255,247,207,0,35,59,188,172,0,123,98,0,255,255,255,89,255,255,255,0,200,255,0,73,134,145,255,252,75,30,122,255,26,0,255
154,30,117,39,255,66,138,88,82,192,231,16,147,109,68,50,55,110,214,167,76,255,112,47,111,0,193,203,46,124,69,137,77,123,111,243,255,20,107,200,154,167,0,142,0,202,6,69,201,224,255,77,103,130,92,63,255,28,244,203,189,218,0,255,36,249,255,54,136,0,2,255,201,43,104,125,75,3,41,255,8,255,219,5,0,0,113,34,174,147,0,231,255,255,223,255,105,0,17,160,48,0,32,0,0,197,230,255,171,255,255,255,0,117,107,0,127,245,184,255,229,125,11,113,255,0,0,255
153,27,122,38,255,74,142,85,99,197,215,37,129,125,70,68,52,103,188,180,32,185,34,12,150,4,179,197,133,66,79,118,96,105,159,233,231,26,167,171,181,172,0,115,0,227,51,53,177,229,255,101,89,198,73,105,226,3,255,241,218,226,19,250,0,234,255,35,227,0,31,255,166,137,159,118,83,0,16,240,0,252,228,0,0,0,64,88,174,220,0,215,161,255,252,255,0,0,0,125,125,0,0,112,0,255,206,255,174,255,189,188,0,57,169,0,96,183,108,255,187,62,0,215,255,0,0,255
150,27,120,56,255,61,142,82,97,192,208,59,146,134,78,64,78,98,211,155,12,236,53,25,156,20,174,178,45,81,92,129,102,122,91,192,227,44,121,207,185,122,24,105,0,198,10,84,150,237,255,75,107,158,61,113,198,0,255,252,171,235,45,200,101,173,255,113,252,0,113,255,223,133,215,97,82,40,0,204,46,255,249,67,23,0,90,45,210,140,76,201,255,255,255,154,91,0,8,119,134,0,74,92,0,255,255,211,166,255,255,237,0,141,255,49,186,197,103,255,169,105,21,139,255,27,0,255
148,25,148,56,255,90,134,105,124,219,167,128,129,229,123,128,62,135,183,65,50,217,13,87,84,159,197,245,63,48,168,138,189,97,57,164,149,70,208,166,153,196,3,140,0,219,100,117,171,208,255,41,31,171,80,121,114,0,255,255,255,78,58,247,80,109,255,98,253,0,224,255,162,186,122,37,95,202,8,111,0,146,220,3,82,66,75,111,81,86,165,88,255,255,86,255,43,0,42,157,228,47,158,144,0,255,194,141,104,255,255,212,20,0,255,55,255,254,0,236,88,0,69,168,255,0,0,255
148,23,144,51,255,83,140,101,123,218,168,132,136,212,118,120,81,126,172,72,42,236,29,106,115,142,178,205,48,67,169,145,152,114,61,169,156,61,184,160,173,195,18,144,0,210,82,114,155,206,255,23,26,167,78,72,131,0,255,255,254,111,54,212,64,116,255,107,255,0,225,215,161,189,129,47,124,192,59,117,0,172,255,27,120,54,81,77,97,47,141,118,255,255,80,255,52,0,37,180,207,25,166,166,0,255,214,114,142,255,255,250,0,58,255,0,255,255,0,255,122,0,43,186,255,0,0,255
149,29,157,69,255,78,141,116,121,200,162,132,120,241,134,132,43,147,214,64,51,186,48,62,22,157,219,242,59,54,191,115,246,84,27,156,113,78,255,159,146,216,24,123,0,224,80,59,183,197,255,29,77,202,95,123,129,52,255,255,250,54,49,255,128,150,255,136,255,0,249,244,125,223,162,71,66,137,34,105,20,184,220,26,95,35,128,151,99,107,147,150,255,255,47,255,94,0,69,157,181,93,76,188,0,255,255,170,150,228,255,215,98,0,255,164,193,183,0,255,0,0,114,158,255,0,0,255
149,28,167,57,255,79,148,122,133,221,145,135,147,237,128,161,131,161,173,89,49,218,31,122,109,108,242,248,59,55,146,38,239,109,57,162,73,51,255,166,136,169,0,163,0,247,83,66,147,233,255,86,63,163,23,97,93,0,255,255,203,143,116,164,58,149,255,200,255,0,255,152,150,179,202,73,158,215,37,10,0,187,255,104,133,72,33,104,119,182,225,64,255,255,71,255,12,34,77,144,72,0,85,255,0,234,223,211,113,253,255,255,0,9,255,62,253,255,0,255,60,0,59,78,255,0,0,255
149,24,158,58,255,74,137,120,143,196,167,90,145,229,116,124,111,152,162,111,62,181,55,101,79,129,230,197,92,63,122,63,249,67,67,125,140,33,209,170,150,200,0,164,0,212,69,61,105,255,255,84,55,124,102,83,56,0,253,255,190,38,17,221,83,235,255,145,237,0,255,230,175,119,160,88,153,204,47,88,0,165,205,16,125,124,40,154,54,206,187,118,225,255,15,255,0,0,127,143,121,0,75,255,42,255,232,217,64,255,255,255,0,37,255,59,126,135,0,255,0,0,56,146,255,0,0,255
153,30,136,44,255,71,141,102,113,205,177,92,155,191,97,102,125,163,154,118,45,255,85,68,94,73,210,232,10,106,126,74,154,143,64,154,186,64,155,224,151,119,20,135,0,181,68,155,124,251,255,119,40,118,102,144,164,0,255,197,206,162,87,255,21,232,255,115,120,0,173,214,255,47,195,127,106,167,0,255,102,255,254,22,44,76,79,39,89,187,41,142,255,255,232,255,39,0,101,129,240,0,197,34,0,255,236,206,12,255,255,255,0,76,255,59,161,226,28,255,73,57,40,190,255,0,0,255
151,29,155,59,255,89,129,125,119,216,198,104,139,203,157,98,38,142,166,118,51,217,53,122,112,105,235,175,75,72,127,131,175,136,70,129,139,53,148,206,124,205,0,201,6,187,73,70,120,185,255,0,102,182,80,83,120,36,212,255,255,100,68,234,108,191,255,71,219,0,243,213,226,165,90,109,96,173,89,169,0,192,210,51,160,72,133,180,123,136,12,115,255,255,30,255,0,0,159,183,210,0,228,186,0,255,186,185,89,255,255,204,66,0,234,70,161,241,0,237,11,0,0,71,255,50,0,255
152,23,115,50,255,63,133,84,90,180,229,35,150,120,97,45,40,92,195,165,8,185,35,2,168,5,164,122,92,75,63,141,122,121,127,196,255,4,86,224,198,140,62,69,0,182,0,22,133,232,255,50,70,175,71,140,184,0,243,219,212,220,0,226,67,245,255,66,195,0,64,255,210,124,212,84,85,0,6,204,91,242,239,12,47,0,108,52,132,207,81,170,255,255,204,251,38,0,63,171,166,0,58,37,0,255,255,228,81,255,255,255,0,128,165,7,68,175,143,255,146,40,5,128,255,32,0,255
153,26,142,53,255,59,149,102,126,204,183,68,168,150,72,64,112,119,178,165,49,200,85,27,109,18,207,227,123,121,38,36,150,50,152,229,187,3,196,207,171,190,0,161,0,223,113,23,131,223,255,93,70,150,98,111,169,0,255,255,214,202,20,191,9,234,255,11,232,0,105,255,205,172,191,81,110,24,24,185,50,208,255,43,0,77,0,75,128,190,87,121,187,255,154,255,38,16,4,157,89,0,54,194,0,255,207,255,74,255,171,238,10,111,255,34,99,114,0,255,144,0,0,158,255,40,0,255
149,26,112,54,255,50,146,79,102,190,211,63,166,113,25,48,140,88,231,144,32,255,59,48,157,0,205,230,8,87,103,120,84,102,85,175,255,69,124,183,159,133,30,90,0,175,0,175,142,241,255,109,71,161,32,104,234,0,255,241,171,255,88,254,88,130,255,121,232,0,94,255,226,39,198,101,57,65,0,255,53,255,255,43,0,1,33,0,186,147,44,178,255,255,255,136,74,0,0,126,171,0,126,53,0,212,255,224,166,255,255,255,0,238,255,20,148,187,119,255,225,85,24,193,255,0,0,255
153,25,124,58,255,41,171,70,114,192,187,81,161,128,42,96,146,109,217,132,0,255,92,15,140,38,144,185,37,134,61,94,115,78,94,208,255,67,177,248,192,125,66,135,0,189,54,121,163,255,255,99,56,177,74,97,137,0,255,179,169,255,115,243,107,144,255,96,255,0,127,255,255,89,255,97,75,103,0,220,163,255,255,129,23,0,16,4,182,148,35,148,255,255,255,103,125,15,0,109,152,0,168,111,0,234,255,184,64,250,255,255,0,255,255,0,122,81,50,255,226,40,69,202,255,13,0,255
151,25,137,53,255,57,145,97,127,195,170,81,165,143,48,83,129,117,180,135,33,208,59,53,149,20,208,218,90,81,79,52,152,75,113,173,165,48,235,204,146,174,0,127,0,210,49,107,121,255,255,126,29,171,37,84,131,0,255,255,178,182,85,204,26,164,255,103,255,0,179,243,184,107,216,78,103,90,0,156,16,255,255,47,5,72,11,65,120,192,90,121,246,255,224,255,49,0,19,123,184,0,77,176,66,255,245,255,105,255,221,255,0,103,255,58,112,148,0,255,122,0,15,215,255,0,0,255
151,26,113,47,255,59,115,76,84,195,215,39,141,131,87,64,78,121,196,155,20,242,47,36,122,17,167,208,45,113,53,133,116,124,104,219,255,29,127,170,189,116,48,107,0,203,62,127,154,253,255,105,64,117,99,145,255,1,248,201,204,203,0,255,65,245,255,56,193,0,69,255,238,42,169,149,99,92,36,255,67,255,255,0,0,0,147,40,159,242,100,195,255,255,232,254,34,0,67,89,189,0,112,0,0,195,255,255,49,255,238,255,0,195,183,9,138,200,119,255,218,121,71,216,255,0,0,255
151,25,121,53,255,50,154,79,117,200,185,64,169,131,27,73,144,97,199,136,0,243,71,33,151,0,187,219,64,108,58,102,129,77,117,208,243,73,194,206,191,134,34,152,0,208,49,128,161,255,255,97,31,206,31,122,176,0,255,218,179,249,72,242,50,137,255,95,255,0,116,255,202,99,255,92,109,76,0,235,40,255,255,75,0,34,42,35,163,164,54,144,248,255,255,162,48,0,0,111,215,0,142,126,0,255,253,255,86,255,220,255,0,225,255,7,109,135,60,255,240,0,0,236,255,0,0,255
154,28,141,48,255,65,164,110,131,195,174,61,175,132,24,72,159,122,171,169,45,214,78,46,137,0,204,203,121,114,104,16,165,66,133,176,166,68,211,202,161,210,0,143,0,200,40,72,154,241,244,155,46,203,57,93,140,0,255,255,198,220,96,217,1,239,255,93,255,0,130,255,192,121,220,109,120,61,0,185,0,255,255,27,0,71,0,105,115,255,78,117,236,255,217,255,0,30,22,164,144,0,49,253,62,255,254,255,146,255,199,255,0,59,255,71,11,145,3,255,114,0,0,180,255,0,0,255
153,25,123,60,255,56,144,80,118,184,185,46,175,123,46,41,115,102,215,182,25,215,74,29,120,8,194,190,49,88,61,80,100,83,121,165,226,61,147,182,165,164,39,94,0,163,29,128,127,241,255,131,81,134,60,121,206,19,227,220,186,214,51,221,92,209,255,78,227,0,105,255,227,121,216,128,71,1,2,191,131,255,255,89,7,49,39,16,142,158,98,211,243,255,234,188,38,0,10,149,129,0,48,86,0,255,255,246,117,255,223,255,0,220,255,10,78,79,66,255,200,45,12,209,255,0,0,255
154,27,117,46,255,53,162,71,119,189,182,44,179,124,2,67,151,103,224,167,30,255,112,43,121,0,195,222,29,103,82,114,61,132,117,194,237,83,204,202,187,133,0,129,0,182,8,149,182,243,255,150,78,161,20,69,190,21,255,207,167,207,115,255,32,155,255,110,239,0,84,255,246,83,230,149,79,13,0,255,78,255,252,90,0,56,0,0,161,100,11,241,244,255,255,160,115,0,0,105,163,0,84,90,0,252,255,231,143,255,189,255,0,243,255,0,119,121,127,255,247,88,0,255,255,0,0,255
150,25,111,45,255,70,132,73,98,192,224,15,152,110,83,53,75,105,206,205,11,219,53,39,156,0,200,181,91,88,72,124,78,132,118,174,255,42,102,164,186,137,0,130,0,194,7,85,185,255,255,113,98,139,45,70,250,0,224,203,170,255,0,255,42,229,255,105,255,0,41,255,148,133,236,201,89,9,13,254,0,251,252,0,29,0,146,99,200,255,102,245,131,255,250,223,0,0,102,103,175,0,0,152,0,255,255,255,189,255,228,255,0,189,198,0,146,173,185,255,205,103,0,143,255,0,0,255
151,23,143,52,245,47,159,93,136,220,152,82,177,153,43,68,141,118,167,137,55,224,117,52,105,47,198,240,85,112,43,50,154,31,120,211,166,23,226,205,207,160,0,196,0,197,65,78,147,255,255,100,41,139,72,64,149,9,255,249,158,220,45,210,0,134,255,75,255,0,167,184,160,158,250,123,100,141,0,171,20,247,255,83,0,66,38,77,122,174,141,150,164,255,234,235,46,57,31,148,137,0,109,223,0,255,255,232,103,255,171,255,0,132,255,0,140,90,0,255,195,0,0,187,255,0,0,255
148,27,113,46,255,68,133,79,86,208,214,30,153,128,42,35,115,84,237,121,46,243,39,41,127,22,197,252,65,74,94,166,87,105,116,213,255,9,65,161,207,156,9,117,0,224,0,93,171,197,255,54,128,207,54,141,255,0,206,255,208,244,0,248,101,119,255,91,252,0,60,255,192,121,109,77,42,13,12,244,0,221,198,13,0,0,152,98,211,148,70,184,255,255,208,243,10,0,9,111,109,0,74,77,0,221,255,224,246,255,255,232,0,88,255,15,181,255,225,255,216,82,0,176,255,0,0,255
155,27,144,58,255,45,196,109,138,222,170,90,195,162,29,63,179,123,174,168,50,255,170,48,96,7,164,193,31,157,49,18,150,55,123,202,185,82,172,238,224,157,11,192,0,162,61,95,127,208,255,87,62,166,104,130,155,76,255,154,180,255,118,216,0,190,255,75,255,0,126,232,219,133,255,130,110,118,0,255,158,255,255,194,0,12,0,3,124,135,76,156,250,255,255,158,67,59,0,249,72,0,221,219,0,255,255,255,80,255,194,255,0,167,255,18,0,14,0,255,255,0,0,134,255,0,0,255
154,28,135,52,255,88,140,98,118,205,173,85,159,166,71,80,112,128,183,164,45,230,54,69,123,53,189,230,95,80,120,92,125,144,89,178,159,79,190,139,167,170,0,131,0,187,63,116,143,213,255,119,75,140,81,111,208,9,255,255,231,172,68,228,46,181,255,96,198,0,115,255,213,166,151,105,97,88,22,215,56,216,255,34,0,71,55,100,170,163,51,196,171,255,171,254,8,0,58,136,220,0,100,122,1,255,225,220,122,255,255,248,0,75,242,19,114,190,20,255,123,0,0,153,255,0,0,255
151,25,109,44,255,71,144,51,91,192,208,13,120,119,46,59,60,113,239,185,2,185,0,2,153,42,130,189,139,53,99,136,36,133,103,186,249,68,115,230,193,100,0,56,0,197,13,131,244,255,254,143,103,187,14,176,221,0,229,196,183,255,54,255,103,162,255,77,255,0,75,255,191,164,241,174,22,0,0,235,36,252,197,30,0,0,122,105,223,255,107,255,255,222,255,199,0,0,44,94,211,0,60,104,0,255,255,200,243,255,255,255,0,103,189,95,136,177,212,208,189,202,6,225,255,0,0,255
153,24,123,60,251,48,131,87,98,195,200,40,170,130,91,35,109,93,195,174,49,214,82,27,115,40,202,194,66,105,27,83,114,84,93,166,232,19,73,194,193,149,22,109,0,181,36,64,134,236,255,105,110,95,96,109,212,0,196,198,144,255,0,209,88,244,255,62,231,0,79,207,218,115,204,164,103,81,85,181,52,220,255,40,31,9,103,61,123,204,114,182,219,241,180,202,70,50,70,142,115,0,12,92,0,255,255,215,129,255,238,249,0,192,254,0,125,82,92,255,160,75,148,108,255,50,0,255
150,22,160,51,255,53,158,108,148,222,130,115,163,195,77,123,152,140,144,114,54,219,101,99,119,88,200,217,81,99,85,22,203,53,77,182,85,30,255,182,196,153,0,192,0,244,73,56,132,255,255,137,7,109,91,12,90,0,255,255,127,196,78,147,0,151,255,159,255,0,255,98,119,156,235,135,155,251,0,80,0,220,255,112,76,67,31,104,130,212,188,107,140,255,171,255,0,127,57,149,61,0,88,255,0,255,255,189,88,255,205,255,0,114,255,15,169,142,0,255,145,0,18,134,255,0,0,255
154,21,151,52,240,41,162,92,137,215,146,97,167,154,64,73,123,117,155,137,74,174,114,51,113,50,203,226,120,118,2,18,164,27,119,216,114,0,238,224,154,159,0,198,0,206,67,58,83,255,255,96,62,133,108,26,100,23,241,255,141,180,38,120,51,117,255,62,255,0,185,125,202,152,193,116,80,117,64,153,37,248,255,149,95,84,59,96,109,98,21,159,227,255,167,255,128,84,69,167,65,0,84,165,39,255,227,190,121,248,87,202,0,116,255,0,87,34,0,255,79,0,0,120,255,20,0,255
152,25,138,51,255,50,159,89,122,207,167,91,171,148,48,84,137,113,185,114,36,237,97,52,136,32,198,235,68,106,50,78,138,62,100,216,185,30,192,227,181,161,0,183,0,195,55,75,158,255,255,59,43,172,53,79,152,9,255,255,178,222,85,193,20,126,255,72,255,0,166,216,196,132,210,55,108,90,0,173,57,255,255,109,39,69,27,45,154,112,56,121,255,255,197,207,99,44,18,134,145,0,138,199,0,255,228,250,59,255,205,255,0,213,255,0,178,125,0,255,172,0,0,185,255,0,0,255
152,25,131,54,255,52,170,88,116,207,174,93,160,147,37,86,147,104,187,114,23,255,104,50,132,36,161,211,43,118,69,97,131,56,118,231,217,56,173,211,199,138,32,187,0,182,71,123,142,249,255,53,50,206,87,125,171,38,255,200,187,227,112,209,52,107,255,67,255,0,128,247,232,102,218,58,88,112,0,216,89,255,255,145,0,24,36,25,168,70,17,161,255,255,243,160,117,18,0,147,157,13,206,101,0,255,240,225,83,255,218,255,0,215,255,4,113,121,0,255,255,0,0,210,255,0,0,255
152,22,131,60,254,45,144,80,129,200,174,68,164,150,65,65,107,111,203,161,11,199,67,27,115,67,192,201,83,100,31,73,136,50,129,193,212,44,209,183,180,143,26,125,0,214,88,93,122,255,255,130,35,111,79,111,138,25,255,246,166,219,22,195,70,159,255,84,255,0,156,222,191,146,229,85,90,105,25,178,71,242,255,84,38,49,21,8,104,136,102,163,228,255,255,178,76,0,0,103,91,0,58,95,6,255,255,180,97,255,221,255,0,196,255,14,147,88,0,255,206,0,33,216,255,54,0,255
154,22,144,56,242,49,142,98,125,202,158,76,168,146,74,64,114,124,173,156,63,180,85,40,100,49,202,217,94,114,40,29,160,39,118,191,176,13,229,186,141,191,10,119,0,192,74,80,116,238,255,122,51,108,87,63,156,22,231,255,169,191,15,192,37,216,255,57,233,0,145,220,201,135,178,137,102,115,84,164,65,216,255,65,35,57,37,50,80,178,112,145,226,255,159,255,90,78,44,143,39,0,71,104,87,255,255,189,120,255,161,255,0,128,243,0,117,104,0,255,119,0,18,163,255,9,0,255
153,25,130,55,255,58,142,80,124,193,171,68,154,150,66,84,116,126,198,166,9,216,69,34,111,66,185,193,77,94,72,83,136,73,99,164,205,67,186,168,186,136,0,114,0,195,59,103,148,255,255,163,49,97,95,74,138,0,255,230,174,223,52,211,47,211,255,119,255,0,152,228,189,119,235,106,94,106,0,183,86,255,255,54,6,48,27,33,119,191,131,186,213,255,255,215,29,1,0,97,179,0,46,108,0,255,255,217,73,255,250,255,0,177,255,62,119,106,0,255,207,33,102,229,255,16,0,255
151,25,135,53,255,53,144,100,127,202,171,82,183,163,56,79,159,124,178,145,29,236,86,66,120,20,215,235,59,112,83,43,156,86,71,159,178,57,200,187,167,170,2,120,0,209,41,102,146,255,255,129,17,120,55,79,179,0,255,255,166,238,40,193,0,204,255,127,255,0,170,202,192,121,255,126,149,129,0,216,1,255,255,45,16,68,22,53,98,210,133,113,219,255,226,255,15,50,66,129,152,0,78,221,13,255,255,255,75,255,223,255,0,175,255,9,138,131,4,255,163,0,30,176,255,5,0,255
153,24,127,54,255,54,142,75,116,199,168,64,157,141,62,66,105,114,204,169,25,214,77,22,117,50,181,205,56,93,39,83,107,100,111,181,194,47,148,187,177,137,12,115,0,197,47,113,143,255,255,138,73,118,103,117,178,23,248,228,167,216,14,196,62,201,255,92,255,0,128,216,213,122,211,102,93,58,0,209,86,255,255,91,24,51,52,0,155,142,82,201,224,255,235,190,54,0,0,115,131,0,63,77,0,255,255,222,92,255,224,255,0,175,255,43,135,87,0,255,203,34,52,231,255,0,0,255
152,26,123,58,255,51,149,82,114,195,177,73,168,156,39,58,171,100,190,122,4,255,91,35,111,69,180,218,8,118,81,80,162,85,80,162,234,104,151,184,231,139,71,133,0,193,66,141,130,240,255,115,37,168,107,159,171,7,248,196,151,230,77,253,89,158,255,110,255,0,129,212,255,54,255,98,106,116,0,238,149,255,254,103,9,26,49,0,106,169,71,149,255,255,255,179,105,0,9,108,157,0,120,66,0,255,255,226,87,255,255,255,0,210,255,69,125,134,53,255,173,70,108,214,255,0,0,255
148,26,112,49,255,52,139,71,109,198,202,51,157,138,53,76,122,115,232,140,0,255,55,37,136,13,184,238,45,108,81,122,81,115,84,185,255,64,151,187,196,107,22,107,0,227,31,138,173,255,255,132,50,147,32,103,253,0,255,205,184,255,6,255,76,176,255,119,255,0,123,255,190,92,255,116,94,69,0,255,0,255,255,38,1,0,80,29,172,185,159,184,255,255,255,175,11,0,3,102,222,0,92,116,0,236,255,241,96,255,255,255,0,244,255,35,159,184,147,255,255,109,75,255,255,0,0,255
154,25,114,41,255,74,137,70,92,182,218,5,153,78,64,38,54,100,213,206,27,189,50,26,156,0,171,148,124,79,80,137,62,128,150,215,255,17,81,192,186,169,0,103,0,173,0,62,207,235,255,114,99,182,65,92,239,0,224,215,213,232,0,252,35,250,243,62,220,0,6,255,179,141,159,169,75,0,10,209,1,250,234,0,0,14,111,90,185,232,61,227,215,255,196,255,0,0,41,164,126,0,0,96,0,255,255,252,198,255,194,255,0,135,125,0,64,164,195,255,196,73,0,123,255,0,0,255
154,27,122,56,255,53,143,95,100,191,205,31,176,117,65,37,116,91,199,184,33,225,108,28,119,0,185,179,52,97,50,90,110,106,125,210,232,17,90,202,177,168,16,96,0,198,13,76,133,207,255,91,114,152,97,121,236,41,225,192,183,255,0,186,49,234,255,69,194,0,48,255,239,118,170,171,104,10,66,234,82,253,248,62,0,4,39,47,154,176,13,192,247,255,210,228,35,9,39,168,62,0,64,88,0,255,255,249,138,255,225,247,0,176,246,0,48,87,132,255,225,35,0,136,255,0,0,255
152,22,139,69,243,40,157,88,127,208,156,86,176,146,45,59,113,95,196,118,52,189,59,11,83,88,185,222,123,123,30,98,141,0,128,255,173,0,146,203,192,183,17,173,0,230,47,10,131,174,255,18,105,142,39,97,113,52,240,255,228,141,73,143,84,106,255,0,248,0,144,204,164,233,218,63,64,96,11,162,47,194,192,135,96,67,87,153,216,80,164,115,190,255,79,195,88,90,31,137,106,0,129,159,0,255,219,179,75,255,196,240,0,193,255,0,121,78,0,255,221,0,0,160,255,31,0,255
148,19,153,57,241,47,149,98,128,222,164,138,156,203,122,112,104,117,171,86,69,184,46,63,127,114,189,226,92,70,74,77,173,20,69,204,159,0,245,161,176,185,0,139,0,215,90,18,117,230,255,27,46,126,61,0,140,10,255,255,194,199,34,162,55,140,255,82,255,0,245,191,98,225,168,128,138,221,58,33,0,154,255,68,126,65,51,117,123,164,207,68,161,255,108,255,57,125,67,223,90,29,97,249,0,208,255,117,91,255,231,255,0,166,255,0,183,124,0,255,161,0,76,116,255,37,0,255
