164,14,161,130,183,45,87,61,219,206,57,42,159,142,67,55,126,141,236,139,79,166,163,28,87,165,148,154,209,14,0,0,106,143,250,116,0,14,97,120,0,131,58,121,255,112,28,176,0,255,243,202,0,46,174,100,232,8,44,171,0,156,10,255,100,144,115,186,255,197,87,85,255,201,0,30,132,36,46,255,45,205,235,156,223,161,126,102,141,0,59,174,0,205,130,171,128,0,206,20,0,136,131,96,103,255,170,8,191,194,178,0,0,87,85,69,214,255,0,211,16,222,0,166,227,247,255,255
166,24,167,85,254,37,94,128,226,165,32,98,239,152,0,38,162,147,189,237,43,148,47,0,144,63,255,196,211,0,40,0,102,219,155,131,0,147,19,215,0,76,0,0,255,236,0,198,0,255,255,255,0,126,0,203,150,193,0,113,0,255,72,255,22,249,0,122,255,255,142,0,255,72,7,0,255,0,0,255,24,255,255,255,255,185,0,0,0,43,0,201,0,255,1,255,255,0,255,0,206,200,130,255,154,255,205,69,255,172,0,0,0,0,255,0,255,255,0,0,255,255,0,51,255,255,18,255
159,13,164,99,212,66,94,68,229,212,60,61,168,181,20,54,142,139,216,182,85,129,130,24,73,206,197,134,194,40,9,2,114,96,167,97,1,37,157,146,0,163,0,71,212,116,153,179,0,255,227,224,0,58,88,162,194,44,0,173,0,187,19,255,121,94,27,181,226,165,244,0,255,212,0,6,64,53,31,255,16,121,219,130,255,138,56,121,35,0,0,255,64,88,8,138,174,0,255,0,16,146,165,86,60,255,224,54,230,233,109,15,0,96,197,0,216,158,0,181,196,255,0,116,210,255,52,255
162,18,164,111,215,58,87,92,222,193,63,48,171,148,56,85,124,147,216,158,56,153,128,14,101,185,174,133,224,6,24,0,93,172,214,130,0,62,97,178,0,121,0,60,233,117,22,158,0,255,239,223,0,78,87,116,241,41,12,159,0,230,28,255,84,172,0,197,248,186,160,0,255,163,28,44,204,0,0,255,48,211,255,169,255,126,53,81,82,0,11,208,0,216,98,189,225,0,255,10,104,158,156,120,49,255,223,0,167,188,180,0,0,0,201,19,255,255,0,142,130,255,0,125,239,255,150,255
160,11,159,128,183,56,62,66,201,189,80,18,123,162,89,76,85,112,196,114,77,140,180,89,70,163,130,125,162,123,62,111,140,62,201,135,76,86,154,85,0,191,69,158,226,128,154,119,54,255,118,176,0,24,212,75,217,0,75,181,87,125,27,255,151,93,174,134,241,130,189,113,252,248,10,81,77,135,119,226,146,159,204,97,125,19,111,173,98,0,52,251,208,0,91,204,119,20,177,137,0,5,110,41,8,255,162,111,180,129,255,0,61,147,14,56,182,255,0,253,92,235,0,141,115,151,174,255
161,14,168,101,198,72,89,67,223,229,61,48,151,181,57,60,121,164,246,146,109,162,154,46,63,231,159,152,214,71,0,12,140,126,110,67,11,0,198,193,0,135,21,90,197,110,79,202,0,255,255,237,0,74,155,139,200,16,0,169,20,129,24,255,168,134,65,211,178,170,202,39,255,118,0,12,33,118,85,255,68,93,205,129,255,139,104,104,92,0,5,241,59,109,85,109,170,36,230,23,24,151,202,0,85,255,207,0,142,242,160,96,0,64,177,49,255,196,0,129,142,255,0,92,238,228,224,255
160,16,162,91,213,67,105,87,222,207,83,55,171,189,44,68,109,144,204,174,67,163,135,50,92,221,135,148,199,11,29,64,102,96,158,130,45,41,169,142,0,137,0,121,160,121,94,205,0,255,228,177,23,50,125,201,151,20,0,142,131,121,58,255,121,75,0,138,227,148,174,42,255,150,0,63,40,70,131,255,73,129,185,144,255,160,71,96,72,0,7,255,127,109,44,96,130,11,255,0,205,108,136,0,112,255,183,0,218,143,237,0,0,0,144,0,225,150,0,161,125,171,0,19,171,255,165,255
162,12,170,126,171,42,87,48,185,192,61,37,113,146,93,74,107,90,171,91,43,182,190,127,23,191,95,84,210,10,5,137,184,38,159,71,33,0,149,136,0,192,22,173,207,225,70,201,47,255,107,198,0,122,205,136,115,0,33,167,36,59,43,255,171,88,169,178,255,114,189,95,214,191,0,0,7,184,158,128,157,114,255,26,155,92,78,89,43,0,0,214,172,13,161,242,153,71,82,84,0,0,99,63,90,255,157,20,181,168,252,0,58,96,132,90,164,255,0,180,108,111,0,149,146,183,255,255
181,19,145,126,213,106,97,67,199,232,156,26,127,130,96,49,114,174,180,164,106,208,72,30,138,182,156,130,169,128,109,107,113,162,128,131,50,70,131,133,163,125,102,80,144,137,76,104,38,155,146,198,104,137,36,110,162,10,121,191,255,107,68,227,56,192,127,49,60,173,113,142,188,147,150,220,16,121,231,106,148,228,30,130,0,166,97,255,185,62,56,217,97,193,37,235,47,12,255,132,198,140,40,207,76,251,122,179,198,218,120,255,124,131,18,231,0,171,81,154,231,195,0,97,180,98,0,255
159,14,188,61,196,76,95,54,232,239,42,85,143,220,74,64,92,181,251,166,99,106,181,113,66,244,164,175,209,0,0,43,184,7,71,51,55,0,255,226,0,163,0,255,218,157,96,255,0,255,255,216,35,144,249,142,117,0,0,145,39,70,99,255,239,119,108,154,255,83,255,0,255,138,0,0,0,81,168,255,69,62,255,119,255,81,93,0,0,0,0,255,152,74,8,90,255,134,255,0,83,141,222,0,182,255,116,0,177,87,215,0,0,0,216,0,255,255,0,51,208,196,0,2,207,255,255,255
166,15,156,125,171,61,105,39,225,199,58,0,134,163,53,41,122,142,187,129,106,210,165,59,103,191,125,118,148,88,0,102,143,104,128,59,58,0,171,115,0,104,0,150,123,134,129,120,0,255,134,154,15,55,138,147,167,0,150,120,171,104,58,218,177,91,142,160,112,161,71,114,201,162,0,88,0,170,184,145,119,167,129,80,114,142,169,145,186,0,47,249,127,95,137,190,36,0,179,48,168,94,26,21,84,255,113,129,249,255,255,48,0,75,0,15,42,146,0,255,102,108,0,118,204,218,215,255
165,22,185,86,228,86,79,112,209,178,42,128,161,167,75,159,131,170,169,152,45,167,66,19,28,143,173,245,217,32,59,0,95,217,147,203,63,145,150,164,0,170,0,0,202,145,42,190,0,255,255,165,0,100,118,88,255,29,0,180,21,255,122,255,138,231,0,145,255,204,176,0,240,188,58,74,184,21,35,255,0,255,255,255,255,0,51,0,9,60,157,203,42,255,61,255,210,28,255,148,163,97,125,234,147,255,106,21,210,161,210,29,0,0,216,111,255,255,27,58,185,255,0,0,255,255,128,255
164,28,183,99,224,61,73,114,200,158,77,102,183,177,15,105,134,127,175,151,35,187,48,57,46,152,191,205,201,0,103,0,84,179,169,233,103,151,95,117,0,106,0,32,197,169,4,81,0,255,255,143,0,78,46,116,230,42,36,170,39,255,86,255,181,255,0,90,248,177,134,25,255,188,0,101,255,0,0,255,43,255,255,238,255,120,12,38,15,88,134,182,47,255,38,244,175,0,255,135,195,102,175,220,114,255,176,0,187,200,250,51,0,0,229,115,255,255,0,68,184,203,0,0,255,255,76,255
162,14,186,75,213,97,87,89,220,176,25,121,143,163,81,129,119,156,253,152,76,141,97,64,49,169,178,237,187,0,11,0,117,159,146,180,70,36,223,114,0,107,0,107,255,116,13,254,0,255,255,154,0,108,216,94,232,6,2,160,0,255,127,255,232,255,68,152,255,172,181,0,242,165,5,46,183,0,24,255,0,242,255,208,255,33,54,0,39,59,66,228,0,176,18,242,156,53,255,88,146,150,200,255,52,255,109,0,185,120,221,0,0,0,255,15,255,255,0,91,255,255,0,0,255,234,199,255
166,20,164,89,196,66,102,73,226,229,82,50,139,164,58,28,95,161,201,172,81,172,172,17,89,194,119,158,193,96,15,61,153,76,99,69,64,0,223,183,0,109,0,131,140,117,91,227,0,255,255,223,51,120,153,156,139,22,0,147,126,64,0,255,136,102,126,142,172,171,168,141,255,129,32,77,0,162,176,255,69,71,108,116,156,110,150,192,47,0,62,255,112,107,53,82,28,0,249,40,118,73,144,0,155,255,95,0,161,227,136,18,0,0,21,14,91,164,0,142,90,252,0,0,199,255,246,255
160,14,171,84,195,58,98,59,229,224,64,80,168,201,34,44,126,155,238,187,101,153,183,29,77,247,135,150,222,27,0,6,161,23,155,83,11,0,255,189,0,163,0,142,214,128,112,251,0,255,255,200,0,67,212,186,115,0,0,79,14,100,23,255,185,101,63,136,255,177,227,22,255,151,0,0,0,12,100,255,9,62,194,106,255,107,122,10,39,0,13,255,67,110,0,92,189,0,255,0,116,155,157,19,110,255,146,0,242,175,173,0,0,0,198,0,209,255,0,176,213,247,0,18,182,255,205,255
159,7,159,119,163,54,80,58,202,217,77,70,121,144,31,24,79,134,231,135,68,141,216,39,82,174,101,142,156,84,29,72,148,88,125,123,24,12,148,71,0,153,96,112,255,119,87,182,0,255,212,194,55,66,191,115,211,11,0,188,0,56,0,255,207,106,151,146,255,185,136,48,255,143,0,0,0,131,152,221,76,30,255,162,252,70,203,156,117,26,75,251,6,80,110,130,210,71,144,11,61,199,180,27,62,238,243,54,255,211,255,40,0,73,207,29,229,255,0,248,67,255,0,25,255,107,255,255
157,16,156,52,255,31,88,149,235,190,4,163,231,207,25,93,136,171,146,243,41,104,0,0,215,101,255,255,183,0,57,0,115,153,59,154,0,209,0,196,0,117,0,0,255,255,0,239,0,255,255,255,0,145,0,255,76,255,0,216,0,255,34,255,36,158,0,124,139,255,255,0,255,15,159,0,255,0,0,255,0,255,255,255,255,225,0,0,0,1,0,126,0,255,27,255,255,0,255,29,255,255,83,255,99,255,74,181,92,142,0,19,0,0,255,0,255,247,0,0,255,123,0,200,255,255,103,255
157,12,162,61,244,17,62,135,231,191,0,148,209,209,40,81,143,207,202,255,51,115,0,0,190,136,255,255,171,0,0,0,85,92,70,155,0,165,0,211,0,154,0,0,255,255,6,255,0,255,255,247,0,76,116,255,34,255,0,241,0,255,0,255,140,248,48,122,255,255,255,0,255,0,132,0,255,0,0,255,0,254,255,255,255,143,50,0,0,63,35,45,0,255,39,255,255,0,255,0,90,255,73,255,0,255,45,243,207,109,77,52,0,0,255,0,255,213,0,0,255,163,0,220,255,255,211,255
158,16,170,69,217,15,87,108,235,217,32,120,212,221,0,47,144,127,187,250,44,160,31,0,113,195,255,213,205,0,20,0,67,19,127,211,7,165,87,187,0,169,0,43,250,220,74,193,0,255,255,226,0,58,113,241,103,186,0,189,0,255,0,231,128,214,0,0,255,255,255,0,255,116,112,0,208,0,0,255,0,141,255,255,255,168,77,0,0,0,0,254,0,255,11,142,255,0,255,12,115,255,51,244,8,255,165,137,118,255,14,0,0,0,255,0,255,164,0,91,255,170,0,112,255,255,125,255
157,13,163,78,213,17,94,93,232,205,61,113,222,210,0,58,144,121,208,239,54,132,38,0,125,193,234,221,199,0,6,0,56,44,134,209,0,139,61,155,0,170,0,31,223,191,59,187,0,255,255,197,0,14,118,223,121,152,0,165,0,230,0,229,91,210,0,0,255,255,250,0,255,171,32,0,162,0,0,255,0,129,255,239,255,218,77,58,0,0,0,245,0,255,0,131,255,0,255,10,77,255,99,255,50,255,211,162,155,255,56,0,0,0,255,0,255,248,0,84,255,168,0,11,255,255,158,255
157,12,162,78,199,24,99,69,228,215,29,112,217,209,0,31,138,153,225,205,97,141,57,0,142,143,203,235,202,0,0,0,52,72,118,149,0,98,142,163,0,141,0,51,255,185,34,234,0,255,255,211,0,23,136,176,87,60,0,230,0,183,0,255,137,186,52,100,255,242,189,0,255,157,42,0,110,0,0,255,0,134,255,223,255,188,243,78,0,0,0,197,0,255,15,115,246,0,255,39,6,255,121,255,15,255,228,128,218,255,22,43,0,0,255,0,255,255,0,113,255,142,0,0,255,255,255,255
159,20,166,101,196,36,91,86,195,191,75,74,190,189,0,98,118,95,183,165,51,167,109,24,94,175,174,213,196,0,48,0,64,80,213,215,50,119,120,113,0,168,0,79,152,127,71,112,0,255,225,91,8,21,133,103,191,0,76,132,36,193,0,253,156,255,58,7,255,242,122,71,255,235,53,0,69,60,12,255,0,95,255,165,255,198,134,168,0,0,0,212,40,192,60,182,181,0,255,174,79,113,172,124,106,255,255,50,144,255,255,0,0,0,172,6,255,255,68,118,79,133,0,0,255,255,178,255
160,18,163,76,229,37,100,110,231,199,36,112,202,193,0,56,153,134,177,245,24,144,55,0,119,139,255,200,210,0,13,0,62,92,115,146,0,138,141,210,0,151,0,1,222,219,52,228,0,255,255,251,0,112,87,199,151,170,0,159,0,227,0,220,102,170,0,48,248,245,255,0,255,159,116,0,168,0,0,255,0,219,255,255,255,178,49,22,0,0,0,255,0,255,0,196,255,0,255,10,119,228,58,225,206,255,135,123,209,230,0,0,0,0,255,0,255,157,0,74,235,219,0,132,255,255,66,255
159,14,162,69,227,13,104,89,229,209,15,114,216,217,0,53,144,148,184,244,46,113,46,0,114,193,255,230,179,0,0,0,65,72,132,177,0,134,56,228,0,149,0,15,255,212,30,200,0,255,255,255,0,36,90,232,74,231,0,164,0,220,0,195,84,179,0,33,255,255,255,0,255,189,94,0,221,0,0,255,0,193,255,255,255,213,83,0,0,0,0,244,0,255,11,124,255,0,255,0,75,255,27,255,0,255,156,141,155,247,0,0,0,0,255,0,255,115,0,54,255,142,0,168,255,255,244,255
159,11,164,118,188,28,137,39,191,181,39,41,159,173,0,41,139,105,225,204,22,188,203,24,52,51,195,208,107,0,0,0,154,76,255,235,20,68,69,41,0,166,37,152,255,51,104,218,38,255,150,72,14,34,157,73,199,0,77,166,49,92,145,112,226,101,144,72,255,176,41,28,241,255,16,6,132,0,0,224,0,255,255,168,201,194,234,85,10,0,0,192,28,255,164,255,161,0,247,30,63,35,226,242,0,226,152,188,226,168,227,0,58,60,255,27,255,255,0,0,120,1,0,168,218,233,255,255
158,10,160,124,194,60,130,47,188,172,60,27,161,162,0,47,132,97,230,184,53,193,198,59,61,85,175,175,143,0,38,54,137,109,206,147,15,42,89,37,0,150,47,135,246,39,105,129,28,241,135,138,52,72,131,102,181,0,120,166,64,48,84,191,175,109,162,123,186,227,37,90,190,255,7,17,60,130,0,213,42,123,255,113,135,187,168,167,108,0,0,209,12,134,162,243,96,59,232,81,71,71,220,112,0,207,198,157,255,189,221,41,50,135,243,0,205,238,59,13,160,165,0,12,227,88,147,255
163,7,166,141,152,16,131,30,215,188,34,48,145,171,5,2,82,106,236,156,67,227,200,0,24,92,136,164,163,0,0,0,164,131,206,213,0,16,64,92,34,94,132,135,255,58,55,175,94,255,178,94,0,19,128,97,161,0,174,164,0,46,27,137,255,73,208,42,210,247,104,56,255,255,0,0,134,61,54,255,19,255,255,106,195,138,255,193,81,0,0,236,21,255,106,202,144,0,185,70,0,132,255,255,0,181,220,111,183,113,209,0,13,205,167,0,255,255,0,40,100,92,0,164,187,255,255,255
157,10,164,117,183,41,128,58,190,190,66,44,157,138,30,49,115,116,217,218,10,225,175,21,62,91,160,154,153,0,0,7,141,126,255,199,0,56,55,67,21,194,25,147,219,66,103,195,45,255,175,97,36,56,152,86,198,11,71,154,47,116,77,200,191,125,118,40,255,198,95,61,255,255,0,25,147,79,0,255,0,188,255,99,203,97,235,118,82,51,0,233,29,255,164,206,136,0,241,62,125,71,255,236,0,136,131,152,171,157,255,0,108,48,255,1,255,255,0,0,143,114,0,139,235,218,255,255
152,7,148,109,203,51,109,74,159,217,122,62,185,180,13,5,156,88,194,193,41,195,126,73,79,159,199,146,183,55,58,35,103,90,207,168,0,86,54,35,39,193,86,134,227,127,100,175,0,255,172,99,0,53,131,170,160,80,0,199,5,61,30,144,74,7,74,40,214,237,153,36,255,255,42,23,102,214,0,255,30,150,254,131,239,167,219,112,163,34,8,202,47,242,23,124,132,33,255,78,68,215,201,112,15,232,174,95,255,213,111,121,24,90,255,0,183,71,0,24,201,77,0,54,163,117,75,255
161,12,154,126,195,78,93,39,165,183,106,32,127,117,40,32,103,122,226,154,31,221,231,98,93,41,140,122,164,0,16,72,116,106,241,128,54,11,52,10,39,94,117,158,255,59,93,201,79,255,153,143,47,112,94,60,162,6,66,186,94,0,39,225,171,80,194,177,199,235,81,87,185,255,66,59,45,73,36,180,223,155,220,76,27,111,245,99,112,50,41,255,34,98,156,255,79,87,158,138,90,58,168,133,100,255,229,167,255,69,255,0,0,138,159,96,60,203,0,59,15,163,0,86,100,56,251,255
158,17,162,80,232,45,119,116,199,195,42,105,213,168,0,48,176,150,196,250,50,166,36,0,97,110,253,194,135,0,84,0,85,98,136,183,0,146,35,125,0,175,0,0,200,174,24,198,0,255,255,214,0,71,59,180,92,160,0,215,0,255,67,236,71,234,119,82,174,255,168,0,255,255,125,0,213,0,0,255,0,237,255,191,255,153,0,43,30,126,0,204,0,255,10,197,230,0,255,10,50,255,224,255,0,255,209,173,172,199,0,31,14,0,255,0,255,255,0,0,255,210,0,55,255,255,0,255
160,18,166,88,219,43,123,100,181,199,35,105,189,146,0,47,177,134,187,217,26,178,77,0,61,100,200,130,100,0,61,0,125,110,163,168,0,112,29,123,0,144,60,0,220,181,0,170,0,255,255,188,0,71,60,127,96,183,26,190,0,255,55,255,39,255,174,139,219,218,102,0,249,255,133,0,233,0,0,255,0,208,255,197,255,57,4,89,63,175,40,175,0,255,64,228,143,0,255,17,0,238,242,255,0,234,239,129,148,210,33,0,57,0,241,0,255,255,0,0,255,232,0,0,255,255,20,255
157,15,151,69,239,82,124,120,180,181,38,108,197,176,56,86,171,206,213,209,103,126,2,1,143,119,240,200,118,0,101,0,120,112,114,98,0,100,45,118,0,149,0,0,248,156,0,243,0,255,255,199,0,74,99,126,21,184,20,243,0,215,100,255,95,198,178,245,164,255,82,0,131,109,96,0,181,0,0,255,0,203,255,219,255,136,65,0,155,239,2,68,0,255,49,255,161,0,255,54,221,255,194,238,0,255,165,150,255,186,201,242,0,0,255,0,255,255,0,16,255,94,0,2,166,52,148,255
156,18,155,86,225,65,110,109,190,193,73,109,198,173,37,41,176,166,242,201,68,169,24,0,114,100,219,185,103,0,95,0,117,104,99,109,0,134,52,61,0,150,32,0,232,164,9,198,0,255,255,174,0,23,125,107,65,120,23,255,0,255,71,255,126,255,215,182,129,225,114,41,108,191,93,0,188,0,0,255,0,224,255,196,255,55,74,0,100,204,56,47,0,255,59,206,117,0,255,101,14,255,255,238,0,255,246,68,220,230,174,200,0,0,255,0,246,255,0,0,255,145,0,0,255,224,135,255
158,16,167,85,226,60,131,89,201,185,59,92,209,185,0,47,176,130,211,216,82,158,63,46,96,132,185,152,159,0,79,0,73,87,140,168,13,145,72,124,0,144,0,0,200,107,0,218,0,255,255,191,0,95,95,115,107,71,27,183,0,151,50,237,166,202,100,121,192,255,116,23,255,255,130,54,88,0,0,255,0,133,255,255,255,150,42,123,110,7,0,230,0,255,0,208,232,0,255,87,42,206,166,255,90,255,255,171,201,204,0,105,0,0,255,0,195,255,10,0,217,255,0,0,255,255,254,255
160,14,164,82,236,48,115,110,224,185,22,96,221,165,2,17,162,149,204,218,63,142,34,0,112,84,255,177,176,0,36,0,109,191,144,115,0,144,59,179,0,102,0,0,232,177,0,243,0,255,255,255,0,56,35,119,78,160,8,155,0,255,23,255,69,202,71,162,187,255,186,0,255,192,99,0,227,0,0,255,0,255,255,182,255,170,0,48,0,44,0,175,0,255,16,236,188,0,255,0,157,203,229,255,114,255,232,50,213,249,0,43,10,0,255,0,255,255,0,0,169,239,0,33,242,255,175,255
155,5,199,140,210,113,174,78,154,245,97,88,102,148,163,0,141,132,222,145,82,235,58,175,13,207,5,116,174,142,191,40,99,211,73,132,243,68,145,47,82,157,21,74,207,182,182,253,78,110,255,164,25,103,100,33,146,29,255,185,168,93,80,223,255,0,102,200,255,85,118,75,145,255,98,158,74,255,228,255,138,20,253,225,251,236,171,223,249,137,89,203,172,255,0,255,76,21,0,208,148,0,202,113,233,92,255,105,255,191,14,255,124,0,133,0,185,255,0,99,217,255,60,0,228,0,165,255
156,12,164,64,234,15,108,119,235,203,4,133,229,181,0,42,164,150,148,255,36,144,14,0,141,117,255,223,130,0,31,0,87,50,126,207,0,152,2,185,0,231,0,7,205,175,0,246,0,255,255,182,0,101,54,212,65,226,0,247,0,216,17,225,76,161,39,2,202,255,230,0,255,237,174,0,255,0,0,255,0,221,255,255,255,144,29,12,0,15,0,255,0,255,56,120,255,0,255,24,130,255,130,255,0,255,111,242,76,106,0,0,35,0,255,0,255,164,0,0,255,184,0,198,255,255,32,255
161,18,165,80,219,47,102,95,220,191,52,95,207,190,0,68,139,137,218,216,54,131,65,0,103,184,211,191,195,0,10,0,66,80,175,173,0,126,137,160,0,128,0,38,236,165,63,221,0,255,255,208,0,25,145,162,124,122,0,124,0,239,0,255,130,255,0,64,255,252,172,0,255,160,47,0,154,0,0,255,0,202,255,252,255,152,78,52,0,0,0,231,0,255,0,178,255,0,255,17,114,227,133,224,113,255,202,30,238,199,119,0,0,0,255,0,255,255,0,89,255,178,0,0,255,255,107,255
153,11,164,65,222,36,100,109,223,195,36,127,187,220,29,104,153,183,204,223,10,142,0,0,116,240,196,197,183,0,7,0,113,0,98,229,23,120,26,163,0,213,0,84,207,148,66,230,0,255,255,139,0,106,170,255,66,255,0,238,0,205,0,239,149,170,2,0,237,255,236,0,255,160,79,0,241,0,0,255,0,98,255,255,255,66,150,0,0,1,46,227,0,255,17,148,255,0,255,21,142,255,68,221,0,170,79,255,56,34,147,38,0,0,255,0,255,179,0,19,255,178,0,207,255,255,44,255
161,18,179,59,231,53,119,113,220,215,22,150,188,214,15,108,131,182,172,219,15,132,38,0,99,188,205,232,203,0,6,0,136,109,102,227,0,187,99,213,0,136,0,76,232,166,20,231,0,255,255,209,0,104,123,226,148,220,0,158,0,255,34,255,36,200,0,37,255,255,255,0,255,205,95,0,255,0,0,255,0,239,255,255,255,64,68,3,0,0,29,255,79,255,0,255,255,0,255,0,255,255,121,255,156,253,125,216,136,34,82,0,0,0,255,0,255,255,0,0,255,205,88,49,255,255,0,255
161,19,169,83,220,44,106,113,215,182,51,113,206,178,0,52,135,144,201,182,0,148,47,0,115,178,183,177,196,0,47,0,131,108,142,214,0,152,70,136,0,116,0,65,195,198,20,189,0,255,255,160,0,85,43,198,143,180,0,151,0,255,32,234,101,185,0,56,224,255,165,0,255,207,60,0,255,0,0,255,0,255,255,255,255,117,101,76,0,0,0,235,110,255,0,246,255,0,255,0,213,241,136,255,196,230,215,98,120,26,55,37,0,0,244,0,225,255,0,0,255,149,106,0,255,255,25,255
158,14,169,54,232,37,116,131,200,176,21,125,192,166,46,119,142,167,144,206,0,143,14,0,119,202,215,180,184,0,48,0,143,33,124,255,27,138,0,221,0,187,0,79,167,168,0,169,0,255,255,138,0,154,80,181,83,255,0,164,0,255,33,255,46,197,0,0,255,255,203,0,255,149,128,0,255,0,0,255,0,217,255,255,255,0,50,0,0,90,150,220,0,255,0,255,255,0,255,29,255,255,12,255,0,207,35,212,124,59,158,19,0,0,255,0,255,248,0,18,255,155,45,212,255,255,0,255
165,25,172,76,228,46,111,122,206,180,36,101,187,183,16,92,146,164,201,215,4,154,18,0,93,193,220,186,195,0,26,0,134,87,110,204,29,207,30,247,0,110,0,65,224,181,0,200,0,255,255,212,0,95,92,180,109,255,0,142,0,255,64,241,118,255,0,39,255,255,255,0,255,79,110,0,255,0,0,255,0,255,255,255,255,68,42,16,0,0,99,194,0,255,0,255,255,0,255,0,255,255,25,255,106,255,155,192,156,115,108,0,0,0,255,15,255,255,0,27,255,189,105,85,255,255,4,255
162,17,178,75,221,31,107,101,249,197,44,109,222,213,0,40,137,141,240,223,42,147,62,0,98,217,197,150,232,0,0,0,107,52,165,203,0,135,89,214,0,98,0,93,232,121,24,214,0,255,255,248,0,55,120,247,123,193,0,141,0,255,8,255,155,215,0,0,255,255,220,0,255,116,0,0,212,0,0,255,0,183,255,236,255,123,88,70,0,0,0,241,0,255,0,165,255,0,255,0,181,255,141,255,93,255,219,51,146,196,72,0,0,0,255,0,255,255,0,6,255,218,0,0,255,255,125,255
157,11,171,62,210,59,112,92,233,221,31,132,182,205,14,67,125,166,229,195,66,148,70,0,105,182,191,220,205,0,0,0,102,83,111,166,0,88,207,152,0,117,0,83,255,136,55,255,0,255,255,216,0,67,169,134,136,104,0,228,0,217,0,255,145,188,5,77,255,239,221,0,255,144,72,0,145,0,6,255,0,82,255,234,255,54,162,42,0,0,19,234,0,255,0,169,230,0,255,25,123,255,179,223,75,255,103,22,139,183,108,0,0,0,255,0,255,255,0,67,255,187,0,21,255,255,179,255
159,15,165,73,228,26,109,102,226,179,27,113,213,186,10,65,146,167,204,226,11,120,47,0,104,185,234,192,191,0,0,0,107,56,149,210,0,121,28,223,0,149,0,46,225,176,21,228,0,255,255,222,0,88,116,245,93,255,0,170,0,239,1,243,98,219,11,0,253,255,191,0,255,200,67,0,255,0,0,255,0,254,255,255,255,135,67,0,0,0,0,221,0,255,0,201,255,0,255,0,89,255,56,255,2,250,141,169,166,80,5,0,0,0,255,0,255,243,0,0,255,197,0,145,255,255,111,255
158,20,161,84,214,54,88,75,194,184,74,90,195,196,0,54,166,114,224,187,37,158,57,45,105,154,212,173,200,41,40,0,85,97,109,129,23,133,138,79,0,66,0,62,236,212,71,139,0,255,255,192,0,80,47,171,161,182,0,255,0,196,6,222,139,159,0,152,201,180,152,0,255,171,77,0,136,0,0,255,0,192,255,255,255,183,126,114,4,0,0,163,0,255,17,255,140,0,255,42,52,204,0,255,81,255,255,115,210,255,60,203,0,14,255,0,255,255,0,186,255,149,0,0,255,223,122,255
160,17,172,70,228,63,112,111,216,199,36,123,197,172,14,80,119,160,208,195,42,154,93,0,107,171,214,200,202,0,43,0,136,157,100,173,0,104,152,137,0,64,0,101,220,131,0,232,0,255,255,255,0,147,91,156,118,160,0,223,0,210,15,255,118,216,4,148,202,255,181,0,255,92,101,0,196,0,0,255,0,157,255,255,255,90,50,7,0,0,37,218,0,255,7,240,255,0,255,12,186,230,116,252,117,255,136,17,111,144,98,20,0,0,255,0,255,255,0,7,255,255,0,30,255,255,70,255
162,13,174,108,190,84,102,65,194,202,67,80,136,147,28,65,101,96,229,130,75,201,152,74,49,205,94,150,189,16,39,51,120,127,141,140,69,28,120,74,0,149,49,110,189,105,116,179,0,255,213,159,68,90,104,107,205,17,68,147,85,89,63,255,233,125,89,135,244,200,77,78,224,219,46,0,0,154,147,255,57,65,255,121,205,140,82,155,80,33,92,245,55,155,137,194,136,94,181,140,112,61,98,58,127,253,255,15,143,160,168,94,0,155,108,33,255,255,0,100,107,255,0,0,255,209,181,255
158,15,162,95,215,30,125,91,215,177,36,96,208,166,0,21,172,153,199,244,0,182,108,0,92,102,234,157,202,0,8,0,96,91,133,240,0,30,33,196,0,195,37,0,166,127,38,200,0,255,190,190,0,157,40,187,200,120,0,173,0,167,46,133,107,96,58,0,184,255,167,0,255,255,13,28,193,0,0,255,0,229,255,255,255,136,151,88,79,0,0,255,50,255,33,100,255,0,255,0,0,255,147,255,15,82,141,201,131,52,0,8,125,204,255,0,254,159,0,0,255,228,0,255,255,152,66,255
158,21,166,52,255,85,111,119,223,198,47,112,219,232,0,72,160,184,220,244,70,126,0,57,157,73,255,255,207,0,56,0,97,205,85,93,0,255,178,138,0,127,0,78,238,193,16,255,0,255,255,246,0,120,65,181,127,141,0,249,0,222,82,255,38,229,0,238,255,155,252,0,207,92,215,0,241,0,0,255,0,255,255,255,255,177,82,26,0,0,20,146,0,255,0,255,170,0,255,60,255,169,0,255,255,255,143,251,255,255,85,199,0,0,255,104,255,255,0,238,238,71,0,0,255,235,136,255
166,23,168,101,216,60,113,88,207,185,46,74,194,152,0,54,138,122,215,198,33,194,104,8,92,133,206,159,191,0,41,0,110,159,161,150,0,93,89,139,0,75,58,71,217,104,34,142,0,255,255,255,0,90,53,111,159,127,41,119,0,196,59,224,128,235,33,58,193,255,88,0,255,199,61,27,181,0,0,255,0,210,255,255,255,155,81,125,0,0,55,227,0,255,42,255,226,0,255,52,61,156,80,236,114,215,189,50,140,185,44,0,0,74,235,0,192,255,0,22,202,198,0,42,255,235,103,255
161,22,168,70,238,83,115,92,214,184,53,98,201,207,0,105,154,165,236,215,68,145,69,61,107,115,226,242,191,0,19,0,84,133,153,111,0,178,167,115,0,116,0,88,238,94,17,249,0,255,255,205,0,82,135,115,141,104,0,213,0,189,69,255,120,253,10,165,255,216,155,34,237,139,138,0,121,0,0,255,0,206,255,255,255,154,108,78,0,0,0,180,0,255,0,255,150,0,255,107,184,148,66,255,244,255,192,132,216,255,156,69,0,0,231,58,255,255,0,131,189,138,0,0,255,255,147,255
161,24,170,62,254,52,127,110,226,206,19,126,214,205,0,82,165,168,189,255,61,131,42,0,141,77,255,255,170,0,31,0,79,147,109,152,0,203,105,189,0,143,0,65,222,209,0,255,0,255,255,255,0,138,68,185,104,174,0,255,0,164,44,255,78,225,0,129,255,242,225,0,255,132,227,0,242,0,0,255,0,255,255,255,255,182,93,66,0,0,0,255,0,255,0,255,255,0,255,31,160,196,15,255,157,255,156,255,138,255,0,0,0,0,255,15,205,167,0,43,255,183,0,0,255,255,221,255
159,20,156,81,228,61,111,113,172,186,33,120,192,169,42,78,140,197,180,183,43,159,50,0,133,119,238,200,187,0,77,0,130,158,102,170,0,58,87,143,0,106,35,0,234,189,0,185,0,255,225,222,0,139,38,154,108,136,11,201,0,242,35,255,70,187,138,164,192,237,94,0,224,141,48,0,217,0,0,255,18,210,255,255,255,135,119,0,91,174,0,120,0,255,56,255,226,0,255,59,89,255,172,226,0,255,137,109,245,136,99,171,0,0,255,0,255,255,0,0,255,153,0,123,201,10,68,255
166,14,168,104,195,42,121,82,222,183,47,80,182,137,19,45,115,131,230,185,30,187,154,0,77,193,187,112,206,0,0,0,154,206,181,166,0,39,61,171,0,53,74,86,252,115,0,208,0,255,228,225,0,60,53,123,159,155,17,111,0,202,16,200,172,142,38,89,252,255,119,0,255,161,0,0,201,0,0,255,36,255,255,210,255,176,58,66,0,0,68,237,0,255,43,212,249,0,255,0,139,191,152,235,105,255,142,11,185,141,159,0,0,0,255,0,255,255,0,26,189,186,0,207,255,255,255,255
160,17,171,84,214,60,122,76,211,200,32,98,186,183,0,65,134,142,236,183,56,160,109,18,83,167,184,201,191,0,0,0,86,141,138,161,0,91,176,131,0,51,0,90,225,121,23,233,0,255,255,235,0,96,134,108,118,102,0,208,0,139,0,255,167,202,37,146,255,210,149,6,255,181,121,0,119,0,0,255,0,179,255,255,255,118,156,97,0,0,0,207,0,255,0,246,217,0,255,14,42,192,81,252,135,255,177,62,133,208,0,44,0,0,255,0,255,255,0,51,172,251,0,0,255,255,202,255
166,9,170,127,151,57,132,45,196,183,47,44,140,168,20,21,97,93,232,126,90,228,171,26,45,166,97,102,191,0,0,73,175,127,169,121,30,37,115,66,77,78,81,161,160,108,61,127,62,197,144,124,35,24,112,105,188,0,152,154,94,56,59,232,255,126,170,123,122,220,84,69,206,220,0,0,25,161,127,178,95,145,255,103,177,129,193,223,145,41,64,202,42,216,221,218,107,0,106,127,107,81,131,121,0,229,255,94,137,242,253,36,0,157,34,0,226,255,4,148,83,145,0,92,167,237,255,255
163,23,172,86,215,60,106,85,184,185,49,96,185,157,16,87,117,153,199,174,28,190,113,10,84,134,193,190,200,0,15,0,123,146,181,165,0,87,86,146,0,68,14,59,255,111,0,187,0,255,255,225,0,110,86,109,152,115,28,161,0,199,9,255,108,255,50,108,255,219,95,0,253,177,37,0,196,0,0,255,0,159,255,237,255,105,123,67,0,24,40,170,0,255,40,255,206,0,255,54,126,120,124,234,113,255,161,19,166,186,144,0,0,0,228,0,255,255,0,14,179,209,0,0,255,218,178,255
160,9,161,126,192,65,113,26,172,182,78,27,169,164,0,59,148,101,254,147,77,230,175,84,81,78,111,154,203,0,0,0,112,106,255,136,21,0,73,13,0,96,62,118,255,23,65,158,61,255,208,132,0,61,122,126,226,0,105,188,56,24,80,210,203,41,130,195,255,234,69,80,212,255,0,0,74,39,9,255,124,138,210,95,110,202,201,96,163,44,13,228,51,177,102,251,76,110,236,153,19,156,225,76,36,198,255,33,255,144,255,66,0,219,138,14,172,255,1,12,90,88,0,0,157,124,174,255
163,19,172,98,197,53,115,71,209,184,51,74,180,183,0,67,147,117,226,186,47,207,120,31,65,147,164,161,182,0,0,0,91,58,209,163,18,74,131,102,0,82,8,77,238,95,90,194,0,255,252,166,0,80,130,119,168,52,62,145,0,164,0,205,188,204,61,58,255,207,97,18,255,231,3,0,99,0,17,255,0,162,255,192,255,144,106,151,0,0,0,255,0,219,41,217,139,0,255,39,65,96,141,176,117,255,205,49,191,182,126,0,0,34,152,0,255,255,0,55,167,202,0,0,255,255,140,255
164,19,171,93,208,61,127,88,214,203,51,78,183,169,9,64,125,149,214,196,59,175,132,0,62,173,157,174,200,0,0,0,131,134,167,151,0,68,90,171,0,103,0,73,190,95,60,190,0,255,251,208,26,66,95,138,160,103,42,165,0,148,4,242,124,183,47,95,244,209,105,13,255,194,35,0,144,0,0,255,0,164,255,196,255,152,65,137,0,0,69,255,0,255,52,222,227,0,255,5,109,142,115,125,142,255,193,83,163,192,110,0,0,37,130,0,255,239,0,15,152,192,0,23,255,255,128,255
160,18,169,119,209,74,87,67,202,156,85,54,181,176,0,81,145,68,215,141,54,221,157,133,69,145,118,142,143,0,37,59,83,67,253,126,103,72,123,9,0,105,0,127,179,51,131,106,0,255,150,117,31,70,94,124,173,0,124,147,87,83,64,255,255,166,138,142,202,225,0,125,239,255,28,23,1,0,5,255,55,155,201,149,229,192,90,165,0,0,8,210,81,178,85,255,119,0,255,194,104,53,78,84,173,255,255,65,196,191,236,85,0,193,72,95,110,255,0,104,132,159,0,0,255,154,70,255
161,13,164,98,201,58,119,76,212,194,53,63,185,153,8,35,141,131,232,175,87,159,145,23,94,166,146,139,212,0,20,11,89,98,181,136,0,17,116,137,0,132,67,99,176,60,16,172,0,255,200,225,0,53,122,105,194,37,0,165,0,101,44,255,162,133,86,93,176,236,121,77,255,209,20,7,34,19,9,255,12,91,255,150,219,157,130,135,72,0,20,246,0,226,55,183,209,0,255,61,0,168,127,66,71,255,231,17,190,255,138,81,0,96,203,0,197,237,0,63,69,226,0,47,230,253,202,255
166,25,166,73,255,62,111,124,211,173,44,99,233,175,0,66,175,161,211,255,80,132,34,0,150,59,255,231,184,0,76,0,75,162,140,114,0,182,95,167,0,95,0,0,254,192,0,238,0,255,255,255,0,105,16,179,105,183,0,147,0,255,115,255,59,255,0,139,250,255,119,0,255,41,80,0,233,0,0,255,30,255,255,255,255,152,12,0,0,81,0,215,0,255,0,255,255,0,255,27,254,194,99,255,176,255,190,130,255,210,37,38,0,0,255,8,172,255,0,0,255,210,0,0,255,228,60,255
164,16,174,123,185,72,96,72,182,213,81,29,147,166,38,71,112,109,221,121,88,205,135,67,46,179,94,186,157,39,76,20,89,75,196,175,129,70,96,82,0,110,68,140,192,81,98,110,5,248,225,124,19,79,135,132,174,11,152,161,105,120,33,225,130,192,153,109,255,204,9,120,233,206,70,35,58,144,97,255,83,89,215,134,181,142,47,230,123,102,104,235,81,167,176,183,38,0,252,103,117,78,174,53,90,253,231,35,140,178,176,32,17,95,0,82,255,255,19,142,51,193,0,0,255,241,120,255
163,11,174,124,167,63,91,56,191,196,97,36,150,187,29,61,81,105,235,98,80,221,174,81,36,189,82,163,184,19,33,12,110,76,183,184,100,61,109,75,0,56,70,142,237,92,75,131,0,255,212,126,5,49,175,161,136,6,117,165,82,91,0,255,227,178,138,113,237,169,27,81,235,179,0,0,69,90,100,255,147,151,255,131,255,155,112,163,77,97,60,255,23,127,127,165,97,32,243,120,106,171,185,75,81,255,224,0,242,139,255,51,0,70,108,129,234,255,0,158,152,183,0,0,255,222,255,255
162,8,164,114,166,48,110,44,182,204,71,35,151,155,37,59,114,106,227,136,57,210,161,46,65,183,98,141,241,0,0,20,126,57,208,135,21,46,128,57,11,111,73,178,208,99,7,202,0,255,215,185,0,92,211,148,151,16,45,130,34,41,12,248,141,181,121,105,208,187,110,71,255,243,0,0,21,116,121,212,59,126,255,123,247,141,184,149,89,9,26,227,18,201,148,179,160,47,161,93,4,166,120,89,59,255,212,0,151,183,210,0,0,93,177,36,246,255,0,155,106,174,0,85,255,207,255,255
174,22,158,145,182,32,82,52,174,166,45,19,122,151,59,93,144,131,152,123,27,225,117,74,138,138,150,171,149,99,71,79,65,78,181,97,145,78,74,76,60,98,134,159,255,131,33,36,78,236,134,190,43,116,139,95,194,47,137,154,201,116,29,189,100,166,178,85,141,227,37,149,203,234,73,129,104,152,165,168,138,163,148,239,88,109,183,181,183,0,98,94,167,115,183,255,88,19,199,176,39,35,0,114,94,219,76,130,214,176,202,34,74,236,0,80,106,175,0,243,52,165,78,56,178,127,123,255
162,17,180,87,219,67,90,111,209,185,36,108,159,166,52,123,121,138,194,161,25,170,81,67,80,161,192,212,204,0,38,0,71,151,151,183,67,110,112,162,0,132,28,73,247,185,0,178,0,255,255,203,0,104,131,122,196,93,18,121,0,255,33,255,124,255,42,107,255,192,127,0,255,255,94,0,169,0,0,255,0,211,255,219,255,175,41,14,16,92,16,171,0,248,62,255,174,0,255,51,127,155,105,208,204,255,141,14,152,109,95,0,0,0,221,0,255,255,0,10,106,255,0,0,255,255,188,255
163,23,182,104,219,51,79,96,201,160,41,73,170,154,22,119,126,140,187,168,6,186,99,36,62,116,204,241,156,0,24,0,67,147,209,200,88,117,31,156,0,91,14,35,239,134,10,122,0,255,255,169,0,101,84,132,196,97,68,160,0,232,0,237,153,255,75,82,255,186,123,7,255,239,33,55,255,0,0,255,7,255,255,255,255,138,41,29,32,64,33,235,0,185,74,255,188,0,255,52,80,85,123,208,187,255,114,41,165,123,137,0,0,0,216,79,255,255,0,27,68,255,0,26,255,255,146,255
161,16,188,83,218,79,80,112,218,161,55,124,166,176,51,102,122,149,232,163,43,147,62,73,58,170,182,216,206,0,71,0,93,160,128,196,138,71,164,144,0,125,0,98,205,174,0,194,0,255,255,136,0,99,133,125,219,76,0,193,0,255,42,255,204,230,12,153,255,120,206,31,255,139,28,37,254,0,21,255,0,215,255,201,255,103,18,0,36,59,14,203,51,213,14,225,131,0,255,81,159,186,189,200,197,255,161,0,222,130,175,105,0,0,255,51,255,255,0,99,184,255,0,0,249,255,93,255
158,15,182,89,201,60,71,76,226,197,41,96,139,185,57,104,106,127,196,154,32,154,153,74,68,172,217,185,182,32,14,0,110,103,74,110,64,7,170,146,0,133,0,120,251,195,85,180,0,255,255,204,44,152,162,98,187,59,3,201,0,145,0,255,197,197,82,125,255,133,247,54,255,232,46,14,79,80,9,255,0,68,253,180,255,125,86,0,18,0,0,255,7,122,56,191,204,0,255,39,22,142,95,176,149,255,112,4,115,152,110,0,0,28,255,0,255,255,0,75,124,255,0,0,255,228,207,255
162,13,179,78,209,68,84,79,205,178,64,90,164,149,67,96,90,138,221,145,0,162,108,113,90,196,157,158,204,29,35,73,79,79,65,128,120,0,102,171,0,189,64,203,184,125,37,200,0,255,216,181,63,141,141,132,226,126,0,175,83,151,0,255,194,135,86,64,237,75,217,13,255,152,0,26,54,0,76,255,57,94,241,124,255,59,122,63,0,21,17,253,100,128,80,255,255,81,255,103,69,58,86,98,232,255,102,0,161,129,117,117,0,120,192,0,255,255,0,41,165,186,0,0,224,181,199,255
158,13,168,50,242,68,92,127,207,187,19,131,192,194,53,127,142,217,222,201,106,102,20,0,168,172,250,217,173,0,37,0,112,152,122,110,0,115,127,155,0,80,0,16,255,199,0,255,0,255,255,255,0,76,133,99,27,240,0,211,0,255,7,255,60,255,5,255,255,207,132,0,155,0,59,0,255,0,0,255,0,149,255,255,255,0,97,0,0,243,85,0,0,255,10,255,255,0,255,44,255,255,56,255,43,255,78,38,255,255,255,166,0,0,255,0,255,255,0,255,255,164,0,0,143,101,109,255
161,12,191,81,209,69,91,87,201,176,70,86,201,160,0,75,133,145,255,176,46,193,116,39,57,156,137,201,200,0,51,0,56,118,223,216,46,111,160,88,0,31,3,93,255,76,0,167,0,255,255,192,0,64,133,141,106,81,0,220,0,255,24,255,122,255,48,98,255,119,134,0,255,149,0,7,244,0,0,255,0,205,255,133,255,0,47,58,0,130,14,224,0,219,0,255,129,0,255,0,132,238,171,255,125,255,152,0,255,249,126,14,0,0,255,0,255,255,0,69,249,255,0,0,232,255,0,255
163,17,177,63,225,34,97,98,222,187,3,119,188,179,34,97,124,200,198,189,39,111,88,0,113,174,233,201,171,0,0,0,123,143,198,113,0,127,82,255,0,56,0,29,255,216,0,255,0,255,255,255,0,67,140,115,30,255,0,123,0,255,0,255,49,255,30,170,255,164,177,0,255,41,67,0,255,0,0,255,0,233,255,255,255,10,75,0,0,89,13,81,0,255,0,255,255,0,255,0,255,255,102,255,72,255,89,2,255,247,147,0,0,0,255,47,255,255,0,107,255,226,0,27,255,255,248,255
163,18,175,62,232,66,116,121,209,204,40,120,183,132,76,92,78,177,172,194,40,138,64,0,79,149,226,214,197,0,22,0,147,203,132,161,12,102,60,222,0,99,0,73,191,203,0,204,0,255,255,255,0,109,82,135,131,222,0,131,0,255,0,255,34,255,54,130,188,196,133,0,255,168,76,0,253,0,0,255,0,192,255,186,255,90,26,11,0,65,50,179,0,255,2,255,228,0,255,0,255,106,196,246,111,255,99,0,41,197,51,0,0,0,227,0,255,255,0,0,202,196,0,11,255,255,204,255
163,20,162,76,237,45,100,105,211,170,38,90,218,162,0,56,129,171,203,202,26,122,98,0,146,119,255,204,213,0,11,0,123,151,136,128,0,116,98,209,0,56,0,39,255,152,0,217,0,255,255,255,0,139,51,186,110,217,0,167,0,221,8,255,57,239,44,124,250,255,130,0,255,63,82,0,241,0,0,255,0,239,255,255,255,171,28,0,0,0,0,162,0,255,32,255,255,0,255,0,148,243,5,255,234,255,146,100,255,194,44,27,0,0,255,0,251,222,0,51,255,255,0,54,255,252,161,255
160,16,169,122,205,72,78,93,218,193,74,75,158,156,48,86,100,132,217,160,57,148,139,86,49,179,105,190,170,69,42,51,87,206,148,177,72,61,120,107,0,230,0,125,229,148,103,97,22,255,221,131,31,12,95,95,252,0,57,142,40,191,54,255,119,124,30,185,255,129,130,114,250,255,45,22,116,83,94,255,89,177,237,194,255,144,137,54,128,21,74,246,138,187,52,192,124,0,249,64,101,91,122,94,183,255,237,21,223,122,211,95,0,165,27,32,242,255,0,165,61,200,0,13,255,168,46,255
165,19,165,126,223,89,63,80,211,216,112,109,123,158,60,60,153,146,230,146,49,168,110,118,60,210,0,170,163,139,84,207,150,123,31,175,91,70,109,111,76,196,23,97,191,181,116,71,135,255,242,151,157,8,193,143,207,36,115,183,222,154,140,138,47,99,82,140,139,68,208,124,233,255,164,128,110,93,185,230,220,75,102,51,74,48,212,171,218,100,68,129,208,149,116,255,0,0,95,0,178,59,90,22,255,190,255,112,171,255,112,217,0,237,0,255,62,255,0,175,214,255,0,0,145,63,106,255
163,22,161,98,223,59,80,95,196,169,65,73,200,119,26,86,140,131,190,165,49,164,107,53,90,166,189,170,205,0,62,0,57,201,153,185,13,104,58,177,0,188,0,0,215,123,4,161,0,255,217,224,0,75,60,110,213,55,17,149,0,237,86,255,97,184,6,99,254,250,92,10,255,185,50,138,91,0,0,255,55,246,255,216,255,159,0,92,94,45,73,147,30,196,53,193,204,0,255,139,61,52,48,164,155,255,176,43,213,196,143,103,0,0,254,23,243,255,0,81,150,255,0,73,255,255,159,255
158,20,179,95,225,82,63,123,213,198,64,120,144,161,53,117,114,142,202,173,12,181,75,108,84,151,119,227,174,67,121,45,80,197,42,172,116,134,144,143,0,205,0,88,234,205,83,121,0,255,255,140,69,83,73,97,249,62,0,232,37,255,52,255,131,175,0,171,255,136,249,99,240,184,174,34,201,59,169,255,0,86,255,185,255,91,129,40,66,71,53,247,62,168,0,238,73,0,255,113,119,118,131,122,237,196,204,1,238,255,161,169,0,0,171,99,255,255,0,200,114,255,0,0,255,231,4,255
156,12,178,80,220,86,73,94,216,193,48,100,154,154,101,108,99,163,223,158,61,113,105,73,65,158,210,223,201,83,44,0,107,180,96,119,116,40,196,204,0,196,0,71,202,211,96,211,0,255,255,202,0,87,120,81,255,43,0,205,27,245,50,255,168,173,18,192,255,90,255,0,255,244,20,1,96,54,94,255,0,120,255,156,255,82,60,0,73,3,0,197,85,111,5,251,140,4,255,40,93,84,184,186,255,255,165,0,219,183,222,137,0,0,197,0,255,255,0,170,68,241,0,0,255,255,131,255
159,14,181,91,227,81,82,103,218,168,27,93,168,159,45,103,91,133,199,174,79,159,146,56,4,134,202,201,177,68,66,0,91,255,135,184,43,100,173,113,0,212,0,26,243,153,54,176,0,255,247,179,0,102,42,32,227,0,8,171,30,210,120,255,175,179,3,181,255,195,108,57,250,242,91,147,106,0,65,255,0,237,255,244,255,40,67,14,118,77,82,244,56,222,55,181,123,41,255,242,97,50,164,255,163,255,188,0,165,89,255,114,64,0,255,91,255,255,0,194,73,255,0,65,255,120,100,255
153,6,172,81,205,89,88,80,172,178,52,96,139,131,69,84,136,79,184,159,73,201,100,100,48,136,174,141,132,106,128,79,107,153,115,169,116,85,162,0,16,211,35,105,183,152,104,169,15,157,187,109,48,103,77,0,255,20,81,217,116,155,105,255,232,133,67,117,255,96,109,68,146,255,107,163,21,146,200,255,0,183,255,117,139,71,40,152,191,56,120,228,110,177,25,255,0,121,255,225,150,10,185,154,172,240,190,0,211,126,255,190,253,0,173,0,215,255,0,224,49,136,0,87,183,76,34,255
155,9,179,94,217,89,75,105,184,167,85,129,124,108,87,80,43,110,212,127,35,183,146,152,0,149,134,133,168,171,133,88,116,213,38,171,174,99,149,85,0,255,108,152,255,209,103,196,91,250,141,102,0,80,35,0,200,65,0,203,127,112,71,255,224,63,61,158,255,86,174,45,186,255,106,71,41,145,230,255,70,132,255,54,219,69,114,117,46,41,20,239,163,46,0,255,36,207,255,237,64,0,230,127,190,192,255,0,249,68,255,255,196,110,124,89,255,255,0,163,0,173,0,0,180,127,0,255
160,5,149,147,158,29,106,31,211,182,62,6,129,180,53,38,96,127,255,119,95,118,231,15,51,130,119,148,160,93,0,101,168,113,202,157,0,47,65,43,0,121,103,146,255,91,66,143,47,255,114,124,0,0,230,93,226,0,94,164,0,22,89,221,159,65,233,163,237,233,113,89,219,213,0,0,85,146,59,177,84,187,255,154,86,115,247,208,229,0,62,164,59,166,137,167,86,0,83,13,0,190,199,138,0,229,255,154,220,245,255,0,0,171,172,0,216,255,0,255,41,154,0,80,198,166,255,255
152,6,165,95,201,67,97,70,188,163,50,60,158,151,83,104,128,112,153,187,76,184,109,83,67,147,189,107,129,79,64,75,105,177,112,163,88,92,95,44,0,195,0,60,167,99,96,131,19,178,139,95,44,112,54,16,174,12,169,234,80,139,22,246,227,89,93,186,255,118,155,26,184,255,40,210,88,183,102,255,0,186,255,139,230,49,90,134,255,118,60,255,102,201,125,111,60,22,255,249,141,16,149,255,30,255,186,71,216,63,255,99,152,0,255,0,255,255,0,255,112,233,0,207,147,0,57,255
158,18,175,93,220,82,77,112,223,193,74,90,156,168,52,90,91,172,231,172,27,143,95,98,103,138,136,205,171,48,72,24,98,173,102,135,96,95,180,139,0,135,0,140,221,145,83,144,0,255,255,171,64,85,94,115,233,59,0,217,19,234,19,255,146,211,30,200,255,91,208,102,255,180,91,0,165,0,105,255,0,96,255,195,255,99,162,80,4,31,0,228,55,143,27,237,74,0,255,32,132,104,191,109,209,255,223,0,243,251,194,119,0,0,114,52,255,255,0,166,101,255,0,0,214,181,74,255
156,10,183,105,206,60,89,93,170,170,66,115,156,84,116,101,83,91,173,120,61,193,99,108,19,161,97,164,178,99,118,34,27,162,125,214,214,81,62,124,4,255,103,108,132,195,74,128,0,219,171,127,30,118,68,7,221,20,61,87,109,163,15,255,229,173,59,123,255,77,20,57,178,255,47,132,16,123,85,255,99,165,255,120,252,183,35,142,229,136,44,215,108,172,11,255,95,80,255,255,62,0,168,28,127,215,228,0,234,7,241,115,182,0,136,4,255,255,7,140,0,214,0,28,255,174,82,255
159,16,171,125,197,61,81,72,198,186,81,61,141,128,82,90,86,115,238,120,62,154,141,129,35,167,97,155,145,87,62,99,80,159,139,164,136,67,97,116,0,215,64,167,190,111,92,113,23,255,194,124,70,79,163,22,216,0,72,161,97,79,37,255,178,178,141,139,255,158,84,169,171,255,47,110,19,142,116,231,109,152,203,153,173,156,140,183,186,0,106,159,103,182,25,250,81,0,220,140,0,40,149,27,62,217,239,0,160,185,237,23,36,178,50,54,245,255,0,132,0,193,0,0,255,135,199,255
158,13,162,112,203,73,94,72,188,195,62,84,168,133,52,76,140,91,214,129,95,178,134,98,42,186,129,151,185,90,85,46,60,182,183,188,8,66,133,38,0,226,17,57,209,158,135,174,0,255,180,124,0,2,119,9,255,0,27,189,43,144,107,255,161,77,40,193,255,203,110,131,212,255,84,134,47,107,105,255,32,128,255,149,190,147,70,48,198,0,87,203,90,143,25,210,106,156,251,205,0,19,143,146,26,222,250,0,176,187,153,196,0,208,163,0,255,255,0,86,88,255,0,48,215,249,79,255
157,12,176,107,224,85,91,114,215,182,64,108,151,141,75,93,128,117,211,179,33,173,132,128,6,175,96,135,179,87,64,68,74,137,92,149,121,75,96,194,0,255,53,89,178,159,70,186,141,255,244,152,13,18,180,82,191,1,20,170,74,181,44,255,119,165,64,76,255,145,131,50,216,255,24,71,37,132,50,255,4,130,255,13,228,138,164,78,115,122,0,225,193,192,0,248,35,11,255,25,46,72,241,57,201,221,226,0,255,139,255,43,93,103,0,110,255,255,0,0,0,119,0,7,255,70,48,255
166,17,172,131,184,80,60,63,188,223,97,102,122,135,42,62,104,78,208,107,54,195,133,107,20,201,77,177,150,65,82,110,103,200,102,149,80,30,116,80,59,181,66,85,255,210,85,83,11,255,171,95,117,96,81,118,203,62,54,207,115,120,87,255,183,90,42,150,207,131,144,100,238,233,58,119,72,197,216,236,160,165,255,145,236,112,59,111,133,48,176,239,78,85,87,231,67,109,73,141,74,67,41,160,171,221,215,23,146,253,61,152,0,249,51,182,75,255,0,224,103,192,0,30,255,148,185,255
157,10,180,89,227,109,78,100,161,199,79,160,118,107,118,94,97,118,147,122,38,225,79,132,27,176,126,143,166,177,161,132,104,203,33,180,152,137,130,59,143,255,140,156,175,205,154,186,87,95,165,127,62,78,37,0,204,88,55,197,224,143,88,255,185,125,104,77,197,136,143,103,157,255,125,144,8,236,205,175,114,84,255,90,103,49,111,133,151,87,147,219,159,70,24,255,36,144,181,243,129,0,153,75,133,121,252,70,240,160,233,208,227,81,105,119,127,235,0,190,115,132,0,134,147,33,49,255
159,15,157,121,190,43,71,86,186,175,79,74,167,139,51,100,117,100,205,143,37,163,92,57,83,165,179,202,167,0,48,33,79,147,173,198,74,125,65,76,0,174,68,87,210,128,16,124,0,255,255,178,0,38,139,107,236,62,59,189,15,202,13,255,147,211,69,69,255,240,142,0,254,241,0,57,105,56,24,255,1,217,255,220,255,203,103,124,128,55,43,134,25,202,91,186,186,0,255,118,51,136,123,130,24,224,191,20,138,130,255,5,0,58,255,43,255,255,0,147,84,174,0,92,255,155,255,255
156,23,155,67,237,83,120,125,166,193,56,129,177,186,42,125,158,199,188,192,38,175,0,18,137,129,213,215,173,0,139,0,138,91,46,177,0,144,58,114,0,170,0,24,179,139,0,190,0,255,255,141,14,143,69,151,107,146,37,255,32,202,103,255,97,174,80,154,167,255,184,1,212,123,167,0,199,0,0,255,0,153,255,240,252,122,128,101,58,155,58,119,0,255,23,255,197,0,255,131,193,255,161,210,0,255,161,255,134,203,178,255,0,0,255,0,249,255,0,6,255,131,0,20,255,122,16,255
160,15,175,90,206,55,89,99,192,184,56,113,181,151,19,87,119,100,174,139,29,206,72,33,74,168,161,188,176,0,76,0,75,88,197,196,37,131,79,85,0,122,42,30,208,158,47,129,0,255,255,150,0,56,103,71,165,55,28,158,0,226,5,255,129,255,90,40,253,202,69,0,221,255,71,8,165,27,0,255,0,136,255,147,255,133,67,119,0,56,72,219,0,238,79,246,171,0,255,120,66,98,185,150,50,255,178,0,109,141,154,0,0,31,136,0,255,255,0,0,139,172,0,0,255,255,106,255
161,10,172,97,189,73,90,99,188,205,62,93,147,148,49,64,95,120,205,120,41,202,126,96,73,190,135,168,177,55,68,0,80,88,139,171,74,124,119,77,19,112,118,126,226,150,48,170,0,255,219,179,0,55,166,110,177,81,0,168,52,178,36,255,193,185,167,80,255,192,59,7,171,220,61,15,61,106,103,255,17,98,255,178,255,138,74,131,33,117,79,255,0,141,142,173,146,84,255,77,91,162,165,57,114,255,230,0,224,106,171,19,0,62,137,0,255,255,0,26,27,210,0,19,255,189,225,255
164,16,166,97,208,58,110,87,196,184,50,86,193,158,39,97,111,125,208,164,33,180,105,32,59,183,155,168,232,0,0,0,95,132,134,160,25,78,89,146,0,141,16,128,181,111,2,198,0,255,255,228,0,79,144,166,180,114,25,178,0,151,3,255,133,192,52,116,234,242,143,0,255,186,13,0,89,0,0,255,0,156,255,216,255,159,132,86,16,0,38,217,0,255,77,226,255,0,255,95,18,136,69,148,95,255,200,5,143,177,96,27,0,54,235,0,255,255,0,71,173,201,0,14,255,237,246,255
161,19,150,110,210,31,90,84,189,190,51,83,187,149,26,60,147,141,204,189,17,146,70,23,140,140,235,200,164,0,55,0,59,104,170,177,0,63,23,128,0,155,99,50,231,161,28,159,0,255,255,211,0,99,104,152,179,128,0,189,0,174,0,172,116,132,97,69,218,255,119,7,255,178,32,33,158,0,0,255,0,209,255,255,255,238,115,117,73,0,0,172,0,255,0,212,255,0,255,21,0,228,145,153,15,255,228,132,253,142,0,34,0,42,255,0,255,165,0,82,185,163,0,141,255,124,166,255
167,11,165,122,156,17,125,66,225,214,18,50,127,152,19,10,108,157,225,173,56,195,170,0,118,150,174,124,169,0,0,0,141,129,131,147,0,17,105,212,0,83,94,102,238,145,6,238,0,255,173,173,0,83,114,90,155,111,19,139,0,123,0,134,228,80,154,93,247,235,133,0,255,104,0,0,146,0,106,251,0,255,255,200,255,164,184,131,117,0,63,255,0,255,99,228,255,0,255,0,67,255,184,208,31,206,127,136,255,212,201,8,0,0,255,14,222,255,0,152,133,160,0,255,255,255,255,255
163,13,160,116,185,56,101,85,178,212,76,79,168,149,27,47,115,108,228,162,43,193,118,50,84,215,146,143,198,0,48,38,102,134,133,159,0,122,89,55,70,140,128,160,190,115,50,151,0,255,211,222,8,18,136,146,182,143,0,200,66,127,53,201,189,156,99,60,179,255,128,5,243,193,35,2,66,106,76,235,35,120,255,219,255,201,130,165,62,24,96,233,0,251,93,182,231,0,205,48,25,229,80,90,19,165,255,101,131,193,150,92,0,155,255,0,226,255,0,78,128,179,0,98,255,199,255,255
166,17,169,102,192,58,114,95,202,216,47,82,165,155,24,59,108,130,194,179,49,193,116,0,65,193,168,152,183,0,19,0,134,154,123,167,16,102,108,131,47,79,50,103,185,136,12,153,0,255,237,240,0,72,110,166,153,149,15,187,26,174,13,215,145,179,80,106,158,250,67,5,255,175,45,1,104,57,15,255,45,207,255,231,255,172,61,159,2,24,150,245,0,255,126,215,217,0,255,24,87,170,58,104,68,255,160,79,140,177,104,11,0,0,204,0,255,255,0,86,169,166,0,101,255,241,235,255
157,15,153,74,242,53,105,127,199,183,34,126,224,165,13,59,153,168,186,226,48,127,17,0,162,125,255,209,176,0,59,0,131,138,86,181,0,112,46,125,0,131,0,0,199,150,0,228,0,255,255,228,0,126,49,219,90,207,0,255,0,229,27,253,72,148,83,141,149,255,139,0,255,104,91,0,243,0,0,255,0,233,255,255,255,187,38,0,0,67,5,176,0,255,56,224,255,0,255,24,138,255,100,253,45,255,145,195,207,78,110,148,0,0,255,0,255,241,0,0,255,161,0,117,255,205,22,255
161,19,154,89,222,31,114,109,199,180,26,110,210,155,9,36,140,132,184,193,13,148,68,0,127,156,255,177,198,0,32,0,125,149,111,211,0,83,71,178,0,87,24,12,199,201,0,188,0,255,235,229,0,117,28,164,127,178,0,182,0,208,9,134,116,115,20,95,165,255,171,0,255,152,86,0,255,0,0,255,0,255,255,255,255,216,71,3,0,0,8,200,0,255,25,243,255,0,255,0,70,255,41,250,53,255,174,95,180,122,0,77,0,0,255,0,255,184,0,0,255,142,0,223,255,255,93,255
167,18,162,95,208,60,133,78,200,205,22,76,186,144,20,42,113,163,208,172,48,160,129,0,115,173,195,142,215,0,0,0,114,147,89,131,0,37,125,246,0,72,71,66,194,127,0,196,0,255,231,255,0,130,83,139,129,163,0,140,0,95,9,162,147,150,63,128,194,255,99,0,255,160,100,0,135,0,0,255,10,223,255,255,255,182,157,140,9,0,45,255,0,255,57,255,255,0,255,17,66,231,14,163,191,255,179,92,243,192,34,84,0,28,230,0,147,20,0,47,140,196,0,151,255,224,165,255
162,14,158,95,175,39,136,78,203,204,26,99,158,148,30,38,118,148,189,164,42,202,113,3,108,163,175,146,175,0,2,0,124,99,103,158,0,34,118,161,41,104,48,117,199,182,6,227,0,255,192,135,0,96,90,115,99,113,31,191,0,90,0,139,224,92,142,107,229,184,151,51,255,194,80,0,139,0,64,208,0,255,255,191,255,212,185,123,56,0,30,255,0,255,51,179,200,0,255,21,87,207,166,182,34,255,130,114,206,191,84,58,0,0,255,0,131,255,0,33,192,105,0,247,255,255,250,255
159,11,158,90,196,44,124,94,204,209,51,103,178,153,18,35,134,120,198,207,22,173,106,0,107,179,207,159,177,0,30,6,112,90,136,190,0,73,103,80,38,146,39,112,172,190,51,214,0,255,204,164,0,78,98,152,151,153,0,199,0,117,0,125,164,85,56,58,162,254,141,44,255,199,96,0,124,38,47,255,0,197,255,255,255,204,120,65,0,0,53,255,0,255,82,167,255,0,255,29,67,251,70,174,104,233,166,120,140,157,66,54,0,51,255,0,215,130,0,47,184,81,0,204,255,231,166,255
162,12,160,92,207,47,131,83,230,197,40,90,197,170,18,30,126,141,252,197,45,151,117,0,114,185,206,166,205,0,0,0,116,192,125,126,0,66,133,154,0,69,64,119,218,164,30,222,0,255,249,255,0,37,76,122,133,179,0,171,0,155,9,175,168,85,26,119,169,242,171,0,255,155,32,0,154,0,0,255,0,228,255,255,255,199,142,54,0,0,3,196,0,255,34,241,250,0,255,0,68,245,42,246,139,255,178,40,158,213,33,112,0,35,255,0,255,255,0,90,174,82,0,124,218,224,255,255
152,14,157,69,239,40,98,113,227,190,55,115,218,218,0,75,176,173,216,255,26,153,6,0,137,147,255,227,201,0,26,0,74,12,90,212,0,130,49,125,0,230,0,67,176,139,84,226,0,255,255,196,0,132,99,255,125,203,0,255,0,205,10,201,119,133,28,0,205,255,219,25,255,175,88,23,189,0,0,255,0,122,255,255,255,198,83,0,0,13,0,255,0,255,26,108,255,0,255,34,17,255,38,255,2,244,130,255,115,142,13,112,0,0,255,0,255,31,0,0,255,178,0,216,255,255,7,255
158,23,147,82,245,35,96,127,191,172,39,112,216,162,11,70,162,191,179,245,18,134,15,0,171,98,255,227,190,0,61,0,68,123,63,142,0,130,40,217,0,179,0,0,191,225,0,255,0,255,255,236,0,166,25,202,113,228,0,223,0,186,0,174,127,143,87,114,188,255,221,0,255,52,137,25,193,0,0,255,0,255,255,255,255,248,61,0,29,20,0,177,0,255,6,255,255,0,255,27,51,255,97,191,164,255,154,255,255,201,0,185,0,0,255,0,222,0,0,0,255,254,0,234,255,255,90,255
161,16,161,93,215,39,127,96,214,207,7,110,203,157,7,15,143,154,205,214,56,150,103,0,128,123,248,179,180,0,0,0,131,188,125,171,0,35,88,182,0,77,10,31,207,142,0,246,0,255,221,245,0,115,79,124,114,120,0,213,0,171,0,203,118,132,108,143,255,240,144,0,255,140,65,0,241,0,0,255,0,255,255,225,255,177,135,57,0,0,0,234,0,255,43,200,255,0,255,0,60,255,131,255,70,255,167,122,193,179,0,1,0,23,255,0,255,246,0,0,234,158,0,168,255,254,118,255
157,14,154,90,186,21,110,66,190,210,48,96,177,170,16,28,129,159,196,201,0,149,109,0,112,195,187,175,150,0,0,0,112,65,149,202,0,50,73,150,0,179,19,123,242,160,31,227,0,255,247,117,0,96,119,181,112,149,0,230,0,117,0,135,157,67,97,49,254,199,162,0,255,244,38,0,130,31,0,255,0,202,255,255,255,180,218,125,43,0,0,241,52,255,39,80,255,0,255,0,80,255,100,212,54,255,154,226,176,136,63,30,0,0,255,0,255,107,0,74,223,74,0,217,255,207,255,255
156,12,158,83,211,60,126,91,216,214,67,106,194,187,0,53,157,125,227,233,42,180,92,32,100,185,198,165,213,0,40,0,68,66,150,168,0,64,165,59,0,183,15,143,170,152,131,210,0,255,188,187,0,63,124,175,157,113,0,205,7,141,0,165,129,90,44,27,226,230,142,110,255,244,69,8,63,44,6,255,0,83,255,212,255,224,115,104,0,0,0,255,0,255,4,148,175,0,255,46,0,255,65,153,91,252,182,147,181,238,12,85,0,122,255,0,197,130,0,95,241,70,0,102,255,193,41,255
159,13,164,96,211,56,117,83,216,188,54,80,195,160,0,29,153,125,248,199,43,153,127,1,86,180,177,140,202,0,0,0,129,143,158,157,0,41,86,110,0,105,21,93,206,105,38,201,0,255,247,212,0,68,82,139,158,119,0,183,0,152,26,237,145,127,20,111,214,255,147,0,255,188,20,0,150,0,0,255,0,158,255,222,255,152,118,70,0,0,10,219,0,255,45,193,244,0,255,0,83,255,88,227,114,255,242,64,164,181,92,86,0,79,255,0,255,255,0,37,232,185,0,27,255,214,143,255
159,13,164,86,210,58,125,79,219,196,46,94,188,177,7,53,143,133,221,193,45,144,132,7,83,202,178,154,211,0,0,0,114,129,163,153,0,64,121,144,0,132,0,104,192,103,47,219,0,255,239,199,0,58,121,141,163,103,0,174,0,133,5,252,148,110,10,97,253,201,187,0,255,220,54,0,102,0,4,255,0,158,255,229,255,164,134,93,0,0,0,255,0,255,15,164,230,0,255,6,104,215,51,189,171,255,200,106,166,217,98,39,0,69,255,0,255,199,0,97,131,163,0,72,255,255,192,255
166,14,169,120,172,34,116,61,196,155,56,56,166,162,19,77,118,105,197,138,45,228,128,30,64,142,120,145,206,0,0,0,106,80,215,161,51,79,62,100,0,101,62,105,170,124,2,134,0,255,193,151,4,38,125,128,200,27,81,113,30,129,19,234,183,207,107,68,182,209,96,50,255,244,0,0,101,61,53,246,73,160,255,166,255,156,139,192,66,14,0,170,36,190,191,231,200,0,255,134,56,58,115,130,3,248,249,74,120,179,211,0,0,107,92,4,255,255,43,74,89,184,0,73,192,255,255,255
157,18,158,75,232,48,102,105,199,185,47,120,206,185,3,81,146,163,198,200,36,151,51,0,151,151,239,209,191,0,43,0,105,72,117,150,0,104,62,128,0,115,0,60,234,157,0,197,0,255,255,216,0,111,92,181,72,187,0,251,0,170,0,255,102,193,51,126,244,255,165,0,255,96,128,0,207,0,0,255,0,112,255,255,255,197,103,15,0,5,0,147,0,255,31,255,255,0,255,39,89,255,24,227,82,255,187,176,195,229,89,124,0,0,255,0,255,201,0,83,255,177,0,6,255,255,100,255
166,14,170,108,173,25,112,59,227,186,46,65,174,169,1,55,108,111,200,166,47,213,146,0,79,152,166,155,205,0,0,0,122,117,171,150,0,76,77,137,0,53,43,77,220,147,57,133,0,255,210,188,0,43,79,145,174,74,61,105,0,162,0,179,166,188,76,46,236,238,113,14,255,215,0,0,121,6,40,255,0,206,255,176,255,188,111,153,0,0,46,255,0,245,132,215,203,0,255,61,40,142,104,194,107,255,177,74,154,255,162,0,0,40,169,0,255,255,0,146,122,171,0,87,255,255,255,255
163,16,172,92,183,24,90,77,209,216,37,81,190,174,0,32,105,147,193,162,43,199,130,0,106,155,166,172,211,0,0,0,97,58,178,155,0,101,126,174,0,82,31,62,255,172,39,177,0,255,255,242,0,63,97,158,120,90,0,176,0,198,0,229,110,252,80,73,255,214,94,0,255,139,29,0,150,0,0,255,0,112,255,177,255,150,122,108,0,34,36,230,0,229,147,151,242,0,255,10,65,221,123,131,100,255,213,0,244,255,124,0,0,0,156,34,255,255,0,82,176,214,0,70,255,255,233,255
161,11,164,98,193,41,127,75,217,217,35,86,184,162,0,3,135,146,247,194,57,174,118,0,109,159,192,161,191,0,0,0,126,144,145,196,0,29,107,144,0,55,53,91,238,119,11,231,0,255,245,226,0,83,106,139,127,90,0,213,0,157,0,183,166,126,77,86,242,223,134,0,255,174,2,0,195,0,0,255,0,255,255,187,255,139,178,80,22,0,25,215,0,255,22,184,255,0,255,0,81,255,173,242,5,255,145,74,204,167,18,18,0,16,255,0,255,255,0,0,255,122,0,198,255,255,154,255
169,19,163,135,181,46,102,58,166,163,66,48,172,138,36,76,136,112,182,140,47,219,110,41,74,187,111,124,193,30,23,68,104,92,197,137,110,79,51,56,76,145,44,184,168,113,45,84,76,223,197,135,39,71,137,116,170,101,68,151,136,77,24,210,166,185,119,120,160,255,63,145,255,228,64,43,123,174,163,244,97,130,175,210,156,116,166,208,106,0,143,123,76,214,191,222,210,0,228,147,52,53,0,65,66,200,200,128,63,195,216,68,0,230,0,43,151,238,80,166,96,236,0,67,255,255,149,255
164,18,169,104,179,24,101,65,209,188,39,59,165,176,0,70,124,131,182,172,31,218,127,0,88,162,161,158,182,0,0,0,84,40,169,125,41,88,91,166,0,104,31,57,247,147,79,135,0,255,216,166,0,56,103,115,121,102,55,109,0,127,0,176,181,234,103,32,255,237,118,47,255,196,39,0,116,33,47,255,0,113,252,196,255,140,139,147,0,0,72,255,0,169,147,230,223,0,255,114,48,165,82,108,109,252,162,115,195,255,217,0,0,0,118,58,255,255,0,159,145,203,0,97,255,255,233,255
164,19,164,92,210,21,98,84,211,190,20,84,194,158,0,40,127,134,172,185,26,149,102,0,115,127,241,198,185,0,0,0,101,106,177,152,0,82,66,214,0,79,38,0,255,184,24,180,0,255,255,253,0,93,76,130,138,155,0,122,0,191,0,190,74,223,59,64,255,255,131,0,255,170,80,0,239,0,0,255,0,228,255,255,255,150,91,54,0,0,37,225,0,255,67,251,255,0,255,7,29,179,59,190,129,255,138,49,194,202,0,0,0,0,241,0,255,254,0,40,162,232,0,112,255,255,189,255
165,18,169,111,199,55,102,83,193,197,35,52,173,156,1,59,120,142,211,139,27,175,156,30,90,156,169,157,204,0,11,0,125,110,147,160,0,76,93,158,0,39,69,76,232,97,0,135,0,255,223,242,0,113,109,155,163,109,21,180,0,148,41,199,130,246,121,138,223,255,38,0,230,175,69,0,140,23,0,255,16,147,228,255,255,194,100,139,18,55,65,217,0,223,210,175,236,0,255,42,4,242,97,109,132,242,248,0,226,164,173,8,0,120,190,63,255,216,0,10,84,230,0,91,255,174,134,255
163,16,159,96,189,25,111,82,213,204,32,67,168,163,9,30,133,157,220,187,18,139,117,0,141,176,204,186,142,0,38,0,100,73,157,192,0,82,77,165,0,127,88,113,241,152,83,154,0,255,225,206,0,54,89,132,176,135,0,153,0,199,62,115,173,123,84,12,226,255,137,0,255,153,48,0,170,0,31,255,0,243,255,255,255,173,105,115,0,0,89,228,0,255,53,197,255,0,255,0,108,255,104,144,29,227,194,165,255,193,69,0,0,0,255,0,255,128,0,105,196,105,0,224,249,255,240,255
159,8,159,120,176,59,92,78,186,213,79,44,125,175,45,63,119,68,201,100,38,150,130,100,96,207,139,177,185,77,86,131,115,92,103,109,76,127,94,31,52,176,107,214,155,190,147,123,0,255,171,164,92,48,171,101,249,28,11,161,103,136,77,217,212,80,121,120,208,162,171,87,198,162,56,0,0,209,137,112,64,77,248,194,255,158,181,178,114,47,77,255,57,126,165,223,197,80,68,111,101,145,123,0,55,252,255,64,184,254,110,145,0,188,236,11,152,255,0,185,76,149,20,0,255,66,255,255
160,9,166,118,183,77,107,73,203,193,76,49,136,156,40,77,129,106,243,142,22,209,150,104,84,197,148,129,206,19,56,86,123,72,149,112,33,62,90,10,44,194,27,198,141,158,137,117,27,237,149,124,34,41,163,99,195,32,8,149,152,83,119,214,180,161,146,105,161,234,68,156,165,247,80,0,30,239,181,185,0,76,237,131,215,207,99,157,56,46,82,214,47,252,226,204,151,40,126,116,50,225,85,64,85,115,255,99,157,154,255,102,0,241,136,66,206,255,0,132,78,104,0,62,255,178,138,255
157,11,160,86,196,51,121,73,221,202,63,77,167,188,0,51,153,157,255,173,39,151,114,10,122,171,159,189,196,0,22,0,89,41,137,186,0,54,108,117,0,120,37,113,227,122,101,175,0,255,255,170,0,45,118,135,193,63,0,205,0,164,44,207,167,145,64,24,236,232,147,24,253,209,27,0,129,0,0,255,0,119,255,231,255,171,172,108,43,0,17,218,0,255,34,168,237,0,255,0,55,255,163,184,0,189,222,133,193,225,100,67,0,69,255,0,255,255,0,25,236,100,0,77,255,209,229,255
162,15,171,85,198,54,110,84,220,186,50,90,190,179,0,51,133,133,228,191,50,179,113,7,106,167,172,175,190,0,23,0,87,91,181,165,3,87,133,119,0,141,0,105,226,156,98,180,0,255,255,179,0,36,95,123,170,69,0,155,0,208,1,234,124,197,31,64,255,209,108,23,255,203,50,0,138,0,0,255,0,167,255,233,255,137,102,129,0,0,30,204,0,255,51,203,220,0,255,40,124,175,53,197,118,255,214,114,212,193,70,0,0,0,181,0,255,255,0,81,198,179,0,0,255,255,139,255
158,15,154,93,215,35,104,82,202,173,44,90,196,159,4,45,161,158,229,193,29,146,89,0,131,142,229,152,194,0,0,0,94,85,166,134,0,19,35,178,0,96,46,0,255,161,17,220,0,255,244,222,0,94,106,157,105,161,0,172,0,165,0,239,130,193,115,104,255,228,139,0,255,132,0,0,195,0,0,255,0,168,255,201,255,196,154,31,48,0,0,129,0,255,11,244,251,0,255,0,6,255,139,207,5,255,199,94,255,242,57,33,0,0,255,0,255,255,0,14,255,177,0,106,255,199,171,255
160,12,180,111,201,70,104,86,187,219,62,83,169,146,74,106,111,147,235,158,37,185,98,72,61,202,114,222,198,52,51,0,54,195,120,190,47,115,154,93,34,124,49,212,192,75,21,161,0,255,255,151,19,74,176,64,184,86,34,205,28,181,0,255,133,195,129,161,255,180,168,82,209,244,145,25,135,69,45,255,0,147,255,255,255,145,109,121,131,16,104,218,44,255,35,236,112,0,255,83,21,148,78,99,103,190,128,59,151,166,80,50,0,53,122,0,255,255,0,169,24,209,0,52,212,214,118,255
160,17,160,78,217,33,120,86,208,199,55,86,188,181,27,53,149,162,216,255,29,130,92,0,95,115,255,218,173,0,0,0,87,116,184,192,0,110,81,165,0,133,0,61,233,216,90,226,0,255,255,223,0,48,102,177,173,166,0,171,0,235,5,212,78,223,75,35,255,177,178,0,255,253,72,20,227,0,0,255,0,255,255,255,255,201,39,0,47,21,0,220,0,255,14,214,255,0,255,0,45,255,90,255,0,255,155,253,197,255,0,0,0,0,255,0,255,249,0,3,253,118,0,163,231,255,255,255
154,4,162,129,165,45,118,60,202,199,80,49,131,143,57,31,122,82,225,129,66,182,206,69,45,173,114,145,163,123,30,97,93,118,123,147,64,56,143,31,0,155,27,183,202,143,151,112,78,255,114,75,34,51,129,49,191,0,104,177,0,119,0,212,208,0,216,160,255,156,117,85,231,255,21,29,0,200,70,216,10,173,255,121,174,130,115,226,205,0,55,208,53,84,70,192,80,60,178,75,0,131,215,170,0,255,195,131,255,193,216,85,104,120,219,0,255,255,0,219,70,130,0,61,121,216,168,255
161,15,183,99,212,83,107,104,186,183,56,89,169,125,51,83,135,131,221,174,23,213,115,87,47,166,160,188,191,12,72,0,50,205,148,192,57,114,141,109,2,96,52,109,206,117,0,161,0,255,255,212,0,92,127,97,130,96,65,188,0,200,12,233,153,230,97,134,255,142,140,38,248,255,85,46,223,13,0,255,0,243,255,189,255,103,43,57,148,144,94,228,0,238,0,255,97,0,255,26,112,177,104,251,168,255,90,62,255,143,49,88,18,0,255,0,255,255,0,19,79,255,0,0,244,248,86,255
159,8,151,131,154,11,114,65,171,189,96,34,144,155,122,76,118,91,225,156,60,177,181,52,72,106,155,179,228,127,67,118,110,43,161,159,118,89,87,83,52,189,61,226,168,255,103,65,155,236,85,114,60,50,192,43,205,0,97,182,82,185,44,141,148,43,183,83,255,89,146,121,224,255,45,47,20,164,63,192,42,199,255,153,135,159,140,211,201,0,0,154,161,94,66,238,97,20,140,90,0,0,95,240,0,255,140,121,194,242,255,0,52,38,255,0,249,255,77,255,78,105,0,120,162,121,255,255
158,9,180,130,186,47,115,95,173,215,113,38,97,112,159,40,114,139,207,140,26,157,161,133,96,119,136,167,135,214,99,99,96,146,69,173,131,180,119,111,97,187,95,192,191,197,113,121,103,255,155,30,74,70,124,72,255,22,54,151,137,218,12,148,234,64,255,157,255,102,111,37,254,255,101,87,65,149,128,213,70,137,173,211,182,192,21,249,220,133,41,161,170,126,157,255,83,0,199,71,93,63,188,110,143,156,100,200,255,202,169,83,146,76,212,120,255,110,61,172,63,107,0,132,69,160,155,255
160,21,163,74,233,61,113,103,200,187,49,99,198,174,27,71,146,173,216,221,33,152,58,1,89,123,255,216,184,0,24,0,113,144,133,150,0,144,84,163,0,109,0,61,244,166,17,213,0,255,255,255,0,103,85,173,111,199,9,204,0,240,19,255,73,253,60,129,237,224,174,0,255,182,109,0,231,0,0,255,0,235,255,255,255,182,10,11,2,47,0,163,0,255,0,255,205,0,255,0,156,230,79,255,41,255,175,176,195,228,21,3,0,0,255,0,255,255,0,27,255,193,0,70,255,255,185,255
160,19,172,90,227,68,113,105,204,185,53,77,196,145,3,45,166,151,239,222,48,169,88,0,53,107,222,175,181,0,34,0,120,182,189,149,0,137,84,112,0,101,0,31,223,148,54,210,0,255,255,255,0,79,85,137,142,125,44,196,0,255,63,255,62,255,91,141,249,233,134,0,255,230,86,0,231,0,0,255,0,255,255,139,255,106,9,85,20,125,0,130,0,255,0,255,90,0,255,0,111,191,228,255,42,255,225,72,195,242,8,0,4,0,255,0,255,255,0,0,237,255,0,0,255,255,49,255
154,12,167,127,195,56,102,91,166,207,95,71,145,117,62,29,146,69,193,149,44,164,166,65,56,127,132,152,164,150,98,47,73,69,154,168,79,63,110,30,0,196,86,118,229,169,159,113,64,255,161,113,41,47,74,77,200,0,79,168,0,184,0,177,154,88,146,171,255,201,77,36,254,255,26,8,27,188,13,255,0,120,255,115,182,206,63,227,223,99,0,184,136,92,75,232,0,103,255,30,0,91,255,115,14,222,237,107,255,80,124,5,121,105,166,47,226,255,0,104,26,129,0,0,224,193,0,255
158,13,179,103,209,69,114,98,190,185,55,75,171,125,32,78,157,131,236,192,48,193,80,78,47,158,147,176,152,12,73,0,46,170,177,181,74,119,111,64,0,168,43,105,188,127,88,164,0,255,255,177,0,75,111,76,151,103,70,176,8,217,57,200,185,199,94,122,255,209,110,31,244,255,107,60,108,57,54,255,0,255,255,179,255,85,96,147,123,124,0,176,73,255,0,255,49,0,255,71,51,107,208,178,116,255,184,1,234,79,76,81,65,0,223,0,188,255,0,16,78,242,0,0,255,248,0,255
158,11,165,92,199,67,115,93,215,194,65,90,149,146,73,90,134,140,221,197,44,153,111,64,93,155,172,181,187,57,12,9,62,124,124,140,79,47,165,138,0,176,32,140,168,174,100,186,0,255,241,198,5,71,167,93,222,100,3,168,37,173,0,246,179,152,64,71,255,111,137,102,253,255,43,50,57,40,95,255,0,168,255,190,255,174,105,95,94,0,19,225,22,222,24,255,138,0,252,42,67,122,40,114,180,255,96,116,229,156,117,30,0,0,218,0,240,255,0,165,31,132,0,67,255,140,188,255
159,14,165,89,201,37,107,85,193,190,52,72,181,151,42,55,147,129,223,199,43,160,107,4,78,127,224,217,168,4,33,0,79,128,209,198,8,113,116,93,0,131,26,81,251,190,76,203,0,255,255,208,0,54,120,84,193,90,15,193,0,243,30,192,98,190,61,80,255,144,128,0,244,255,68,26,178,0,0,255,0,255,255,182,255,139,70,69,92,40,15,157,0,255,11,247,127,0,255,15,71,130,126,241,19,255,154,53,232,191,52,0,18,0,255,0,255,255,0,60,125,141,0,71,175,255,191,255
159,4,189,137,185,76,98,71,171,205,63,76,142,113,97,56,92,99,247,107,67,223,139,119,5,182,42,171,194,45,83,18,49,184,177,174,123,68,152,50,20,130,114,170,206,111,23,148,0,255,226,136,0,127,194,41,118,0,123,144,11,100,11,255,215,129,225,194,255,148,49,101,187,255,86,29,89,211,48,255,81,211,255,103,194,87,199,136,242,145,132,214,21,211,58,255,33,62,235,164,0,189,207,90,109,233,164,0,243,99,115,84,55,0,144,63,166,255,0,96,0,248,0,0,195,202,123,255
160,5,155,128,171,39,106,63,189,178,74,44,135,134,115,95,81,95,216,141,58,170,183,86,63,126,161,170,188,115,31,87,98,140,142,154,69,83,85,85,28,180,116,201,196,200,120,110,100,253,93,176,25,34,194,52,197,29,92,130,65,110,0,161,208,63,190,99,255,176,121,117,215,255,0,59,9,174,130,193,78,162,255,173,153,212,112,142,185,0,18,242,114,54,58,255,108,33,134,139,0,64,61,118,45,223,107,155,228,161,246,4,45,149,255,0,217,255,0,220,7,126,0,198,200,63,255,255
151,0,159,136,167,38,92,92,136,178,129,31,164,117,132,81,116,97,185,118,36,193,161,75,34,152,123,171,228,127,57,144,155,167,86,128,135,127,73,87,218,240,46,246,76,154,37,115,107,47,169,10,143,121,98,70,213,99,109,241,114,122,33,148,136,40,199,84,216,203,200,170,205,255,63,112,22,243,148,214,136,108,251,195,137,94,107,222,255,137,43,124,219,120,60,190,92,7,125,118,69,63,247,167,118,88,194,63,191,188,255,248,169,49,255,0,255,255,63,255,150,136,0,193,71,57,174,255
158,10,162,95,198,55,115,88,181,192,69,94,168,122,78,79,138,118,180,205,33,175,109,33,81,139,188,183,177,54,38,0,73,142,134,162,42,92,91,97,14,189,56,99,176,171,76,186,0,253,213,214,35,81,114,98,210,120,11,148,10,172,0,158,122,137,52,56,255,149,127,26,255,255,10,68,84,101,52,255,0,146,255,222,255,158,44,116,161,21,51,255,17,216,41,252,187,0,254,87,76,125,60,127,143,236,82,130,244,84,113,0,116,35,255,0,255,226,0,114,47,161,0,123,217,119,104,255
155,13,157,65,234,62,108,96,210,192,27,116,186,182,47,85,147,200,224,203,54,121,38,7,140,110,255,231,192,0,0,0,84,173,106,121,0,95,128,173,0,102,0,0,255,186,17,255,0,255,255,240,0,111,102,129,136,162,0,221,0,253,0,255,73,199,130,193,255,179,195,0,200,141,82,0,202,0,0,255,0,198,255,208,255,162,71,0,87,44,0,98,0,255,0,255,153,0,255,0,94,255,163,255,99,255,114,177,255,245,46,97,0,0,255,0,255,255,0,70,240,189,0,133,224,223,158,255
150,0,166,119,189,88,76,114,111,199,135,75,147,89,173,117,143,101,166,137,12,243,138,109,43,171,124,130,197,161,119,117,94,182,71,156,130,114,74,113,223,234,81,255,69,194,89,175,108,114,175,117,123,79,98,2,211,73,71,237,168,130,38,246,189,70,151,118,255,158,124,175,195,255,31,153,0,251,97,177,138,110,254,205,154,139,134,169,255,124,49,158,240,117,45,181,102,69,137,85,196,34,214,99,226,98,255,141,221,86,120,226,120,102,175,0,243,255,0,255,121,49,61,186,250,151,139,255
151,14,144,100,207,62,124,82,140,193,142,40,146,158,71,8,166,55,213,148,19,169,155,108,44,173,206,181,169,154,72,114,128,52,106,185,86,93,60,57,85,168,26,155,173,220,168,103,116,227,124,54,77,9,100,83,138,22,46,163,40,128,49,97,204,0,91,127,255,121,170,0,148,214,61,22,60,203,79,207,37,159,218,185,118,222,56,196,210,41,39,120,149,29,54,161,37,126,195,86,240,42,148,182,85,255,203,194,255,166,201,195,48,128,255,98,255,148,3,113,68,0,95,107,5,70,158,255
162,13,181,82,214,74,85,95,209,169,44,109,182,149,34,92,127,120,242,167,55,175,65,67,77,146,191,234,189,0,69,0,40,158,151,190,46,88,174,90,0,103,45,54,255,161,3,201,0,255,255,172,0,79,120,78,179,66,0,138,0,255,60,255,175,236,23,103,255,217,128,0,236,231,39,66,198,0,0,255,0,255,255,225,255,92,29,0,43,35,36,230,0,250,8,255,150,0,255,94,111,157,155,252,150,255,136,0,214,24,112,16,0,0,255,0,255,255,0,29,183,255,0,0,230,255,117,255
163,16,167,92,205,34,136,72,221,192,8,89,192,185,17,85,148,148,208,224,70,145,102,0,78,136,202,223,181,0,0,0,63,134,121,135,0,122,137,222,0,131,0,42,213,162,25,255,0,255,255,232,0,88,144,126,118,142,0,150,0,107,0,173,177,176,5,132,255,222,255,0,255,184,85,0,117,0,52,255,0,233,255,255,255,162,139,75,23,0,0,255,0,255,0,211,255,0,255,48,59,146,68,255,142,255,193,116,204,198,14,0,0,0,255,0,255,182,0,105,134,231,0,116,255,255,255,255
157,2,177,126,185,93,76,91,157,187,99,97,107,59,134,81,103,87,234,117,18,214,157,117,38,200,105,160,181,116,109,123,62,219,96,172,176,75,93,66,168,224,186,237,145,178,87,151,27,155,169,143,116,92,81,0,228,129,56,184,116,131,54,255,208,89,171,128,255,143,136,107,187,255,104,126,3,255,117,214,130,157,255,127,118,134,125,150,233,177,148,237,158,102,95,255,51,114,136,131,101,59,137,95,188,131,234,106,246,105,175,199,102,128,171,4,229,255,0,195,0,199,0,134,245,110,170,255
157,15,164,81,237,45,104,125,204,178,30,117,194,140,57,101,141,138,163,215,19,145,17,10,110,143,255,222,159,0,47,0,37,125,135,193,31,112,18,185,0,223,15,24,150,238,0,186,0,255,255,189,0,108,94,137,146,209,0,147,0,223,0,232,114,189,38,56,222,238,140,0,255,255,125,29,186,0,0,255,0,239,255,255,255,182,72,15,50,44,0,202,0,255,0,255,255,0,255,74,76,164,87,247,104,255,97,75,108,85,28,46,15,0,255,0,255,255,0,0,159,150,0,129,255,251,116,255
160,9,164,99,196,45,125,82,211,186,39,85,190,154,38,67,109,134,212,197,71,177,139,11,49,159,169,180,191,0,0,0,86,168,138,172,10,81,137,169,0,172,0,80,209,130,13,214,0,255,247,196,0,33,101,97,147,85,31,164,0,127,10,224,164,139,57,125,243,213,135,0,255,255,35,29,68,12,48,255,0,186,255,248,255,148,80,66,87,0,18,255,0,250,70,184,206,0,255,57,23,135,108,253,90,255,155,80,193,156,111,44,0,0,255,0,255,255,0,67,88,194,0,138,231,222,255,255
157,1,160,124,167,27,134,68,188,182,95,55,159,156,97,35,84,89,212,144,48,183,172,48,4,165,138,148,241,58,0,152,222,181,75,161,72,124,115,94,225,184,0,255,102,160,41,141,187,94,127,33,109,80,78,67,161,105,119,210,76,68,45,76,187,0,120,134,163,144,222,128,255,255,83,31,100,172,176,208,120,186,255,215,137,128,73,205,163,0,118,255,156,235,62,205,121,0,86,132,50,104,160,255,146,167,151,191,155,142,255,185,97,186,255,0,255,255,18,210,0,83,0,255,42,103,224,255
162,13,159,111,185,0,136,84,187,174,58,72,184,145,94,100,148,129,193,208,42,174,112,0,56,125,150,218,236,0,0,5,65,86,128,169,46,159,75,181,52,203,0,160,122,204,0,198,0,255,202,209,67,105,154,155,196,166,0,167,0,99,0,144,112,179,0,56,231,99,247,34,255,255,55,46,191,0,59,255,0,255,255,255,249,222,90,198,72,0,0,253,24,255,42,234,255,0,255,115,11,124,73,199,51,235,189,143,81,132,115,0,41,0,255,0,254,136,0,118,0,186,0,239,255,255,255,255
161,9,149,137,168,24,112,61,162,177,96,32,156,143,96,79,115,89,213,158,76,187,161,41,47,114,120,182,204,60,50,116,129,71,186,162,105,82,69,48,77,207,57,184,155,171,64,100,117,154,134,136,73,19,174,93,191,0,120,166,121,85,91,158,153,126,148,81,198,158,91,105,201,255,28,60,51,179,114,218,111,156,255,131,100,163,130,185,188,23,60,190,103,158,105,203,138,42,106,140,33,0,112,113,6,163,191,67,183,188,255,4,0,126,201,7,187,255,41,250,43,99,0,130,241,88,255,255
161,12,170,112,202,48,83,99,198,161,56,78,181,100,65,83,114,101,214,154,34,191,106,70,55,136,148,177,201,5,36,0,46,165,147,155,85,92,70,139,0,167,85,91,205,155,0,163,0,255,255,205,0,82,122,92,184,110,13,142,0,193,0,255,131,228,104,103,255,197,74,10,234,255,22,57,152,0,0,255,0,194,255,169,255,180,42,120,74,47,3,204,0,213,92,255,165,0,255,70,0,95,120,163,120,255,212,0,159,54,111,0,43,53,177,0,255,255,0,5,46,255,0,0,255,225,223,255
162,11,167,106,188,19,138,74,200,183,18,80,163,137,83,82,129,142,208,197,62,167,131,0,52,148,160,167,167,0,0,0,66,153,193,164,21,57,72,200,0,172,61,125,192,183,0,211,0,255,192,181,0,33,147,45,160,145,6,129,0,122,3,204,182,162,85,108,255,103,137,26,255,255,53,51,159,0,38,255,0,255,255,232,255,172,153,106,155,0,15,189,0,255,56,255,242,0,255,77,0,127,115,235,0,255,149,46,156,186,143,0,32,0,195,0,255,255,0,83,17,96,0,230,193,255,255,255
155,7,150,90,219,71,112,110,162,172,125,103,163,92,101,39,81,91,162,184,10,161,96,123,56,130,178,86,139,146,90,153,135,162,54,147,124,124,126,68,141,255,76,159,58,137,83,161,161,137,102,79,135,71,97,37,140,109,6,213,198,82,31,143,143,65,176,100,158,32,197,130,218,255,97,116,36,163,229,132,160,107,255,66,97,84,63,116,60,33,134,255,255,154,31,255,130,104,179,137,88,0,91,51,197,197,185,182,255,167,245,237,203,255,193,0,255,152,0,157,25,38,5,171,142,45,0,255
158,14,164,84,209,54,122,98,193,193,54,108,173,135,78,86,123,154,199,213,24,181,85,23,89,144,198,183,188,0,34,0,78,140,115,146,15,92,101,138,0,181,28,121,159,186,38,217,0,255,255,219,0,112,120,100,166,188,0,178,10,151,0,239,137,175,46,77,255,145,170,18,255,241,104,42,138,0,26,255,0,165,255,228,255,161,106,111,65,0,0,234,0,255,15,255,181,0,255,86,95,154,90,189,138,255,119,113,136,127,109,35,74,0,255,0,250,244,0,100,56,168,0,121,248,169,182,255
160,15,168,82,206,48,136,72,219,195,29,95,185,193,25,91,147,151,217,202,80,151,111,5,66,124,178,236,201,0,0,0,72,112,132,125,0,121,187,173,0,149,0,61,215,165,61,255,0,255,255,230,0,95,153,109,149,71,0,179,0,117,6,210,152,189,3,131,255,127,203,9,255,221,107,0,74,0,71,255,0,227,255,255,255,184,130,151,29,0,0,255,0,255,0,203,169,0,255,98,65,103,106,225,173,255,198,69,202,190,39,0,0,0,195,0,242,255,0,133,44,203,0,13,255,255,255,255
159,6,179,91,197,84,110,92,190,208,87,81,135,144,117,20,99,136,195,160,27,139,124,137,90,205,134,107,164,148,48,184,147,237,42,128,112,184,164,105,182,167,66,244,123,131,144,175,119,202,122,83,152,51,40,66,169,182,87,210,112,154,28,158,171,43,239,162,194,84,205,75,216,255,92,51,42,166,146,143,166,110,255,191,175,95,65,215,78,5,189,255,255,147,75,255,51,0,162,71,84,32,94,139,255,153,156,234,255,64,233,249,196,170,71,0,234,236,0,87,10,127,118,97,43,103,71,255
157,13,162,80,211,40,129,89,205,192,31,115,180,168,28,76,149,148,191,202,26,135,87,0,100,135,211,219,163,0,5,0,64,106,126,196,0,78,118,164,0,151,0,35,183,193,18,228,0,255,252,147,10,93,114,115,179,130,0,174,0,170,0,200,132,131,64,76,249,151,178,0,255,255,82,0,130,0,0,255,0,232,255,255,255,153,126,97,62,0,0,255,10,255,0,217,255,0,255,32,38,185,156,255,78,255,130,98,184,120,40,16,26,21,255,0,255,255,0,0,123,122,0,99,255,241,156,255
156,12,150,107,205,33,132,100,157,209,138,87,150,148,123,7,129,79,187,176,33,133,128,65,87,138,196,173,162,145,57,118,149,106,82,163,125,122,81,74,157,180,62,150,132,212,84,92,110,168,121,73,128,58,130,48,175,86,55,165,138,145,12,85,153,52,183,105,179,14,144,59,187,247,79,112,165,216,107,192,115,180,227,176,85,147,45,113,138,0,199,144,197,169,61,255,158,18,63,134,174,0,135,70,166,221,140,155,255,201,214,76,41,93,255,0,155,77,0,149,50,0,43,176,137,134,129,255
158,13,168,90,211,49,123,99,197,186,45,102,174,142,41,84,155,137,206,215,33,181,93,28,80,130,201,188,184,0,41,0,47,123,137,165,7,89,135,139,0,165,41,61,183,191,44,214,0,255,249,235,0,117,128,104,170,129,0,151,0,177,0,199,141,176,29,61,255,146,167,18,255,255,83,38,102,0,0,255,0,252,255,214,255,140,94,99,94,24,0,202,0,255,0,255,197,0,255,56,67,161,111,181,120,255,104,68,235,145,39,2,48,0,255,0,240,234,0,44,96,208,0,82,255,202,73,255
156,6,157,127,181,19,108,91,140,198,132,67,148,106,158,24,91,108,192,172,42,154,150,62,45,117,162,169,194,155,66,150,159,115,94,162,187,122,96,72,154,255,61,246,136,194,82,120,170,135,150,73,128,70,111,60,151,54,48,209,139,141,0,98,129,66,201,134,197,49,130,83,219,255,86,90,81,171,164,234,141,149,229,143,122,152,65,217,186,43,108,165,149,140,39,249,122,54,137,74,24,0,155,63,90,112,126,149,203,103,255,86,124,62,255,40,244,212,38,231,38,70,0,221,96,153,183,255
158,10,178,100,197,61,100,86,195,194,70,91,173,125,24,49,111,118,245,169,52,195,142,49,32,165,139,176,175,20,42,0,78,207,173,183,19,88,160,63,0,117,54,110,255,138,40,197,0,255,255,210,0,56,99,64,149,78,4,218,0,184,1,255,127,189,79,144,255,152,109,7,223,255,85,9,128,0,0,255,0,254,255,143,255,91,83,104,85,78,62,182,0,255,0,255,84,0,255,22,57,145,188,207,103,255,177,0,238,135,100,47,37,0,252,0,255,255,0,31,68,255,0,0,239,255,129,255
160,9,158,92,181,14,151,45,213,204,26,73,162,189,35,70,146,138,215,205,74,138,168,0,94,127,187,203,194,0,0,0,78,100,182,156,0,40,173,178,0,113,21,110,243,181,42,255,7,255,148,193,0,77,156,79,185,50,0,139,0,65,0,135,176,80,57,94,255,70,217,0,255,223,0,0,93,16,33,255,0,255,255,240,255,205,172,88,121,0,0,255,0,217,29,212,252,0,179,29,40,119,85,196,46,255,120,151,238,255,92,0,0,0,255,0,255,116,0,148,11,51,0,255,198,217,255,255
153,4,174,119,201,72,84,99,147,199,143,122,139,107,149,45,76,122,186,121,25,200,100,114,55,163,121,83,165,202,117,131,151,216,36,91,139,138,120,64,150,235,130,251,203,120,142,122,73,148,153,81,145,120,12,0,86,135,148,253,182,113,0,122,229,84,174,142,191,176,126,73,142,255,144,151,5,228,135,254,102,98,255,114,165,139,78,204,182,124,166,182,161,219,45,255,30,44,130,109,196,55,147,0,149,51,217,213,255,53,255,117,201,42,211,41,244,190,0,218,0,110,47,141,77,124,49,255
160,16,154,101,214,46,117,104,180,219,128,58,148,175,95,37,191,90,152,96,26,195,185,74,92,128,216,223,134,202,42,97,117,102,75,216,111,89,200,128,152,101,44,179,172,255,208,82,35,196,81,121,85,59,200,35,177,107,143,109,112,228,11,37,147,92,217,74,224,103,172,57,230,253,148,106,106,146,149,93,78,132,255,201,141,77,73,255,65,0,157,172,197,0,134,174,0,86,156,91,255,0,99,221,60,173,77,231,255,151,109,34,2,166,235,152,130,102,0,218,152,0,95,184,211,66,0,255
160,13,156,120,192,52,120,77,193,189,80,33,138,150,98,100,121,128,222,181,52,168,131,37,93,129,184,183,164,48,46,0,97,64,169,144,66,48,58,128,0,180,109,146,181,144,142,122,28,255,180,184,13,79,199,72,193,60,96,124,72,135,0,157,161,121,100,57,248,156,101,139,253,253,0,94,70,145,87,255,0,132,255,166,179,196,132,182,178,0,0,171,0,153,79,255,105,0,174,57,49,92,116,64,59,255,46,159,157,215,147,0,17,73,255,18,255,225,41,189,49,142,0,196,244,88,189,255
153,2,176,94,214,122,115,92,130,191,78,130,120,144,100,56,126,98,185,128,56,230,67,149,68,215,90,112,161,149,173,121,98,194,47,169,131,127,121,9,142,207,70,113,145,165,84,216,66,86,198,82,126,54,130,42,228,0,135,183,172,100,97,255,193,64,140,131,222,162,102,108,129,255,124,99,0,255,173,185,143,68,255,243,112,199,63,199,255,86,153,139,118,183,7,246,125,129,119,204,167,20,159,33,152,202,255,195,255,158,110,255,177,87,125,0,242,238,16,103,70,189,141,141,67,143,117,255
158,17,163,59,231,114,112,121,168,178,101,121,143,151,85,84,142,141,133,152,63,207,56,104,140,155,226,168,141,107,166,123,135,100,77,146,145,61,134,64,164,216,38,152,8,170,133,102,110,139,174,137,90,91,106,63,172,0,85,232,255,106,24,255,70,164,179,31,58,131,151,153,255,155,32,85,41,222,92,98,128,118,255,63,51,75,129,208,180,101,112,204,180,87,1,255,56,88,140,231,240,0,168,37,12,255,91,181,109,212,242,156,146,0,155,35,83,211,0,118,59,63,0,138,108,0,3,255
154,17,153,57,245,82,102,137,203,179,23,139,181,184,83,149,148,198,192,183,92,133,0,9,203,113,255,255,89,0,109,0,126,75,78,90,32,131,66,90,0,177,0,0,224,152,0,255,0,255,255,123,0,144,162,43,31,153,0,255,61,211,65,255,185,199,101,255,190,255,149,54,139,0,214,0,171,0,0,255,0,202,255,255,255,28,172,0,0,118,44,49,0,255,94,255,239,0,255,250,255,200,147,207,46,255,55,102,93,169,255,221,0,0,255,13,255,255,0,189,255,84,0,0,255,129,153,255
152,18,156,51,254,67,97,151,214,185,37,145,195,182,28,134,151,171,166,211,45,158,0,10,206,119,255,250,146,0,154,0,113,66,27,142,60,195,29,119,0,182,0,35,167,153,0,254,0,255,255,144,0,188,74,104,63,186,0,255,101,173,40,255,155,141,0,159,137,255,255,21,255,0,255,0,211,0,0,255,0,140,255,238,255,99,129,65,0,17,0,154,0,255,24,255,255,0,255,181,255,224,134,217,156,255,84,188,0,255,212,211,0,0,255,0,255,173,0,71,255,175,0,24,255,255,47,255
159,24,170,80,223,52,96,100,202,183,35,111,187,160,17,94,133,141,167,181,20,184,54,11,110,125,241,233,158,0,50,0,77,118,135,198,21,115,90,148,0,142,0,21,185,187,24,173,0,255,255,146,0,128,90,98,178,80,0,195,25,175,0,255,170,247,37,84,221,241,173,7,255,210,106,0,185,0,25,255,0,207,255,255,255,89,133,76,12,0,51,217,3,255,0,245,255,0,255,133,112,62,143,255,91,255,92,52,56,162,197,0,0,0,255,61,255,255,0,100,126,203,0,50,255,255,183,255
158,20,175,52,254,83,103,124,193,192,18,134,180,209,77,174,118,221,177,191,52,112,9,0,110,156,255,253,190,0,22,0,150,211,138,153,29,214,70,177,0,137,0,3,218,153,0,240,0,255,255,183,0,77,134,108,123,208,7,207,0,255,65,255,42,255,34,234,255,238,200,0,199,81,192,0,253,0,0,255,0,203,255,255,255,25,92,0,0,178,49,0,0,255,27,255,162,0,255,169,255,218,143,255,217,255,101,134,122,255,255,160,0,0,255,66,255,255,0,185,253,161,0,0,255,255,133,255
159,19,174,77,221,54,87,106,221,188,28,118,186,178,16,100,119,127,170,167,64,161,71,29,98,157,220,226,184,0,32,0,67,142,141,171,70,123,139,167,0,137,0,13,211,162,0,184,0,255,255,190,0,90,94,82,198,40,0,192,38,229,22,255,184,182,0,133,254,186,188,0,255,152,90,26,93,0,54,255,0,201,255,244,255,109,120,48,0,0,12,194,20,235,44,233,244,0,255,147,181,31,104,163,187,255,146,0,87,221,164,18,0,0,250,7,255,255,0,116,91,226,0,0,255,255,238,255
151,17,153,49,254,74,106,145,191,202,27,156,169,208,52,161,159,205,160,209,45,150,0,0,198,130,255,255,135,0,151,0,122,46,0,152,43,200,21,101,0,221,0,35,158,194,0,252,0,255,255,105,27,185,89,134,32,228,0,255,96,132,61,255,136,117,2,174,128,255,255,82,255,0,255,0,219,0,0,255,0,121,255,255,255,77,216,63,0,111,89,127,0,255,52,255,255,0,255,226,255,255,72,219,72,255,64,255,0,212,153,255,0,0,255,0,255,144,0,71,255,129,0,33,255,157,60,255
155,19,164,58,245,61,119,120,206,200,22,135,190,197,34,115,130,173,149,209,43,146,0,0,129,130,255,255,141,0,94,0,96,81,91,164,57,152,72,165,0,198,0,15,133,186,0,228,0,255,255,121,0,134,100,134,117,169,0,255,98,135,10,255,157,149,27,127,108,255,255,53,255,156,227,0,130,0,92,255,0,145,255,255,255,108,152,120,0,0,0,212,37,255,0,246,234,0,255,184,139,110,190,229,137,255,82,80,0,255,169,164,0,0,255,0,255,196,0,87,160,136,0,34,255,255,157,255
148,12,149,55,238,78,95,148,174,201,27,162,157,242,151,158,137,255,185,178,69,137,0,0,193,196,255,255,71,0,129,0,174,34,7,164,15,104,0,42,0,201,0,0,241,210,0,195,0,255,255,52,0,126,146,183,0,255,18,255,80,255,48,255,140,113,162,230,107,255,172,0,92,4,97,0,255,0,0,255,0,126,255,255,255,0,230,0,107,255,117,0,0,255,192,255,232,27,255,209,255,255,161,174,0,255,16,219,47,0,255,255,0,0,255,0,255,255,0,177,255,0,0,150,120,0,46,255
157,18,163,80,187,51,80,87,188,207,61,112,125,155,37,102,117,87,108,162,4,204,94,55,109,160,219,147,127,94,113,79,151,8,85,134,153,98,118,101,18,192,0,121,170,241,129,99,53,255,206,114,12,173,92,87,162,82,0,243,143,140,0,230,188,47,30,79,186,151,226,95,255,207,133,63,63,211,153,217,0,164,255,152,255,89,167,156,0,0,146,255,109,204,47,255,182,1,255,162,166,20,0,119,44,255,71,164,90,255,104,10,20,0,255,0,185,131,0,247,222,125,0,72,255,184,94,255
157,20,163,60,239,69,98,116,200,194,39,134,173,218,56,132,135,196,193,191,33,153,0,0,138,153,255,255,184,0,61,0,128,89,73,125,3,169,91,142,0,120,0,56,255,186,4,217,0,255,255,207,0,116,124,147,67,226,0,252,0,223,20,255,111,216,0,154,225,243,255,0,223,45,182,0,242,0,0,255,0,146,255,255,255,96,121,0,0,55,46,96,0,255,39,255,255,0,255,93,255,255,31,255,102,255,99,163,115,226,179,126,0,0,255,0,255,255,0,146,255,142,0,29,252,253,178,255
161,18,168,76,201,61,100,86,213,184,36,107,158,155,23,105,135,115,165,158,43,171,90,8,98,133,208,205,144,8,62,0,91,73,153,157,46,83,142,109,0,102,0,42,221,179,87,159,0,255,255,140,26,99,116,39,179,67,13,168,0,204,4,255,162,243,23,84,235,174,160,56,255,195,109,27,157,0,93,255,0,187,255,204,255,65,94,74,0,0,88,255,0,163,0,255,176,0,255,135,145,50,132,217,34,255,86,0,137,240,142,0,0,0,183,0,233,255,0,122,208,197,0,0,255,255,66,255
154,19,152,61,239,93,120,130,179,198,47,144,171,196,93,139,160,195,209,174,86,160,0,20,173,98,237,249,65,0,142,0,143,92,70,129,21,137,58,24,0,172,0,4,218,162,0,209,0,255,255,84,0,99,130,51,70,107,66,255,48,255,108,255,115,224,170,255,218,165,119,42,38,68,168,0,239,0,0,255,0,208,255,216,242,36,136,0,63,209,86,27,0,255,97,255,93,0,255,224,253,243,218,255,0,255,144,152,118,175,255,255,0,0,255,0,255,255,0,141,255,0,0,0,255,41,22,255
159,16,170,60,226,79,80,121,214,173,41,131,194,171,42,103,135,146,217,163,58,174,4,20,139,122,247,255,161,0,108,0,103,115,134,206,18,133,176,56,0,85,0,54,255,161,4,177,0,255,255,165,0,95,104,71,143,68,0,246,32,255,90,255,142,238,0,120,228,247,165,0,174,45,39,30,255,0,0,255,0,248,255,246,255,0,65,0,0,57,142,150,0,255,30,255,240,0,255,129,255,174,122,255,0,255,47,0,166,89,255,43,0,0,255,0,255,255,0,184,255,73,0,16,164,199,34,255
147,12,159,58,209,82,106,124,193,214,45,147,145,208,80,148,162,191,191,204,59,191,0,0,136,191,166,246,90,0,148,59,112,0,21,229,82,82,71,11,0,255,0,97,165,103,66,219,0,255,255,0,127,149,215,91,72,109,0,255,165,112,8,255,203,122,41,48,182,255,203,174,255,110,157,0,143,75,50,255,0,0,255,255,255,0,255,94,84,149,160,253,56,255,81,129,255,0,255,254,249,255,178,166,0,164,22,218,0,41,255,205,93,0,255,0,255,255,0,64,255,93,0,33,255,1,0,255
156,17,175,64,229,80,113,122,183,192,82,109,158,133,95,92,123,130,131,131,58,193,40,85,82,187,144,169,148,166,201,72,119,77,71,209,167,89,137,80,140,227,42,80,28,210,143,77,73,197,167,130,131,166,97,63,186,53,62,222,255,88,0,200,133,139,105,25,65,83,106,185,255,150,86,88,57,206,255,210,155,77,255,150,100,67,118,195,178,32,242,233,129,92,26,255,89,59,140,255,97,0,134,0,0,255,125,0,78,252,197,210,165,0,226,87,181,168,61,196,176,161,0,61,163,0,42,255
147,11,153,51,234,87,116,133,185,217,42,149,151,218,73,162,163,229,184,205,54,160,0,2,177,156,192,255,110,0,136,41,135,0,20,186,49,125,38,33,0,252,0,71,157,124,12,255,0,255,255,28,73,160,150,161,52,149,5,255,139,160,16,255,143,123,136,131,182,255,201,114,204,90,159,0,194,85,0,255,0,36,255,231,221,16,232,69,60,198,75,184,90,255,77,218,207,0,255,189,255,255,255,130,0,255,26,255,0,64,255,255,31,0,255,0,255,255,0,0,255,44,0,133,255,0,0,255
147,10,150,52,232,97,108,130,182,193,46,146,165,252,134,143,146,255,210,175,85,146,0,27,179,193,221,253,96,0,125,33,183,0,40,181,40,83,6,8,0,197,0,108,229,112,0,198,0,255,255,31,0,133,168,198,12,197,65,255,148,222,100,255,161,62,161,183,87,255,124,10,98,86,41,0,241,0,0,255,0,92,255,255,255,16,255,0,126,255,88,0,0,255,158,215,168,31,255,175,255,255,161,202,0,255,28,234,79,0,255,255,42,0,255,0,255,255,0,126,255,0,0,85,62,0,77,255
159,9,173,75,197,92,82,114,157,196,111,75,148,139,88,73,148,162,188,158,79,176,106,83,91,206,153,147,123,159,140,141,107,140,81,154,95,72,172,25,113,238,55,123,65,131,130,108,90,177,153,157,101,93,94,103,210,1,96,227,255,201,46,255,127,102,123,0,95,178,59,166,255,187,51,188,0,206,124,196,113,26,255,57,159,75,186,93,135,195,227,246,146,39,135,185,57,80,74,255,115,0,122,38,96,202,150,191,38,214,255,163,201,0,188,0,116,230,0,58,139,192,183,82,94,0,0,255
180,10,164,97,171,75,105,133,144,160,127,98,65,117,64,72,92,111,95,161,21,255,92,89,90,153,104,186,136,156,145,126,172,137,117,107,128,25,119,20,216,198,181,123,150,159,142,91,109,133,148,133,72,149,127,8,212,118,61,166,171,69,90,192,150,205,127,78,153,214,126,165,185,191,78,140,87,255,134,98,75,101,127,108,88,170,119,225,143,100,238,149,131,103,139,229,57,85,129,212,151,68,0,102,0,155,161,252,122,228,106,177,84,120,103,139,69,197,2,135,148,138,4,8,141,0,57,255
176,4,190,85,174,88,130,112,185,121,129,157,0,150,59,71,107,54,234,129,0,244,121,44,37,109,58,128,111,22,150,23,224,146,207,145,0,213,101,0,91,159,201,51,210,221,208,98,157,255,156,0,98,0,89,0,255,41,20,131,77,5,181,255,231,255,208,0,253,151,140,43,255,141,59,0,73,87,112,0,0,121,255,25,27,35,251,255,0,190,109,122,165,201,0,255,65,0,189,227,82,0,255,188,0,75,231,125,0,255,0,0,0,255,12,41,56,255,0,5,0,255,112,0,255,5,244,255
177,6,183,78,163,84,115,133,154,143,115,132,41,125,61,72,76,84,161,155,0,255,71,72,85,135,105,191,132,56,136,84,239,89,150,116,2,123,86,0,173,164,216,78,202,169,195,107,153,204,131,12,62,101,86,0,255,73,72,156,145,14,141,255,216,187,187,32,252,168,145,138,252,190,150,61,60,199,125,60,0,53,183,29,94,109,110,255,95,189,133,151,118,86,49,255,50,35,138,255,178,65,106,137,0,153,255,246,9,255,65,25,0,156,98,126,36,255,0,35,76,255,143,0,255,39,233,255
177,7,183,86,167,89,113,135,150,136,124,131,40,130,61,59,85,69,162,150,11,255,59,87,83,139,125,182,115,54,149,83,207,63,177,102,0,128,114,0,168,176,200,91,194,204,252,105,119,189,152,36,83,81,92,0,255,43,78,104,174,39,92,255,209,245,193,0,175,155,156,143,228,165,155,73,71,214,131,96,0,20,134,51,98,115,124,243,102,144,141,124,123,85,55,255,48,29,89,255,175,88,88,129,0,96,213,255,34,255,66,0,0,210,148,104,39,255,0,42,121,255,96,17,255,0,166,255
177,5,169,88,167,88,109,145,140,162,124,112,63,115,71,53,54,102,131,151,25,255,81,108,104,121,141,220,128,91,132,102,182,91,123,127,66,95,89,0,185,200,167,131,186,203,159,112,99,160,158,93,65,129,122,0,222,68,76,180,186,36,98,255,211,254,178,68,132,167,154,155,162,150,128,123,67,220,137,102,38,59,168,90,124,180,121,211,191,164,190,147,118,100,101,225,81,40,108,233,151,137,66,99,0,150,232,247,157,212,141,124,24,177,148,141,84,223,0,61,93,240,93,69,241,1,163,255
172,2,183,93,174,90,122,99,178,137,123,169,6,160,67,85,108,38,230,90,1,221,100,70,50,117,73,115,110,0,113,30,216,84,196,83,0,210,100,0,48,111,167,49,199,244,242,90,70,255,182,0,136,7,129,0,255,11,66,120,112,49,61,255,190,255,255,0,222,160,124,86,255,156,64,0,109,75,52,16,0,116,180,40,8,58,255,255,0,106,61,165,113,177,28,255,41,0,198,141,144,4,255,242,0,80,79,207,0,255,71,0,47,255,77,0,81,255,0,4,34,175,2,0,255,0,168,255
177,6,177,81,163,77,103,141,147,146,130,126,43,124,65,72,81,93,126,170,3,255,86,99,93,139,111,195,138,96,145,103,216,90,146,114,66,82,109,0,210,190,203,94,188,201,173,106,115,171,142,32,52,113,86,0,228,100,68,147,156,33,115,207,215,195,163,32,201,175,133,175,223,184,137,107,104,217,137,71,17,64,113,50,107,181,107,255,172,175,188,146,130,92,90,255,65,54,144,255,180,77,44,99,0,173,190,212,116,247,47,70,46,157,142,135,68,255,0,73,74,219,96,44,255,36,177,255
177,13,176,90,177,73,115,142,155,147,155,103,52,128,55,61,99,70,137,152,31,255,71,53,48,139,113,186,126,99,140,123,164,120,164,152,0,120,138,0,174,159,159,91,143,186,185,110,104,199,163,18,127,50,97,0,240,68,24,124,139,40,106,255,196,247,171,0,159,201,142,117,184,234,111,69,50,184,101,43,7,104,140,40,101,133,103,227,0,80,177,129,101,152,44,255,34,30,136,228,160,62,125,152,0,170,230,221,0,255,90,63,23,220,108,97,99,255,0,64,68,191,143,0,255,0,145,255
174,5,177,87,165,78,111,123,164,151,128,144,28,132,60,57,90,53,183,125,2,255,102,62,65,136,98,151,109,34,119,65,210,95,172,102,0,156,102,0,136,154,196,85,174,211,225,87,111,222,136,0,108,40,89,0,255,60,58,124,128,28,134,255,225,255,209,0,217,187,182,90,242,168,117,23,49,136,116,40,0,102,209,24,58,77,219,255,21,163,141,118,140,123,8,255,64,28,142,255,159,41,205,165,0,101,200,233,0,255,53,0,34,233,97,84,63,255,0,80,4,255,155,0,255,16,246,255
174,2,178,84,165,73,130,120,186,128,123,146,11,136,53,77,104,40,200,123,0,255,131,32,68,114,80,115,148,40,146,40,207,126,136,122,0,129,94,0,124,121,186,46,203,224,169,72,133,248,142,0,68,41,93,0,255,40,34,156,70,10,145,255,244,214,177,0,232,210,153,115,255,145,77,0,68,143,88,0,0,165,234,29,27,30,202,255,0,160,150,92,87,127,28,255,38,2,190,255,104,3,250,174,0,87,191,137,0,255,16,21,48,235,93,91,83,255,0,88,0,255,121,0,255,0,255,255
175,5,185,80,163,84,122,136,149,138,121,137,36,136,70,69,79,82,167,142,4,255,66,77,65,133,104,199,129,55,164,100,215,100,135,143,0,150,109,0,184,164,205,68,182,213,203,98,136,197,162,8,80,82,93,0,255,33,42,148,155,21,140,255,199,223,162,18,197,154,142,142,251,173,191,61,59,203,139,65,0,55,177,67,93,116,117,255,123,194,149,131,129,121,65,255,87,49,129,249,195,110,133,172,0,124,220,236,0,255,109,31,0,158,142,72,59,255,0,18,44,221,82,4,255,23,251,255
176,4,175,88,164,79,113,151,162,125,129,113,58,113,48,54,71,70,155,164,0,255,68,82,74,155,136,191,149,68,144,112,224,71,154,126,13,114,85,0,147,187,211,99,178,203,243,114,128,170,110,40,58,79,109,0,255,67,45,105,86,51,114,255,246,205,179,25,192,181,180,186,219,175,169,75,83,248,147,66,0,86,163,25,71,106,77,230,95,139,96,121,116,43,7,239,40,0,81,255,182,67,71,160,0,103,255,255,36,255,129,48,0,163,150,182,0,255,0,65,140,199,143,12,255,18,230,255
174,3,186,81,171,92,125,138,169,118,144,142,26,153,62,62,102,58,219,148,0,255,76,76,54,130,117,183,126,44,137,78,217,115,177,122,0,187,108,0,118,163,186,68,188,213,248,99,143,251,151,0,101,53,105,0,255,51,63,150,109,40,150,255,215,245,206,0,255,156,171,128,255,152,136,52,41,135,108,28,0,86,186,49,58,66,126,255,52,177,87,57,178,82,0,255,24,0,127,202,168,87,251,186,0,131,246,227,0,255,45,0,0,255,106,141,61,255,0,0,25,255,118,0,255,19,255,255
176,14,186,82,172,73,113,142,136,142,159,100,37,122,72,47,93,87,147,173,50,255,64,59,51,122,117,220,112,93,131,137,213,124,175,165,0,137,142,0,187,167,196,89,133,172,215,127,118,194,172,4,151,35,70,0,255,36,38,111,175,56,129,255,224,242,192,0,154,168,170,125,233,185,167,102,50,145,136,62,0,30,121,50,115,121,82,249,102,145,163,101,145,166,43,255,49,40,127,255,225,113,132,196,0,167,225,255,0,255,98,72,31,210,172,62,107,255,0,46,20,230,100,0,255,18,213,255
171,4,181,93,173,82,119,120,171,129,132,152,13,142,54,75,89,27,210,110,2,233,106,61,37,139,87,133,119,17,160,64,205,99,170,132,0,206,85,0,84,142,191,84,181,255,237,74,98,255,159,0,113,0,115,0,255,18,23,121,108,54,67,255,242,255,233,0,216,204,152,86,242,163,151,0,101,140,95,2,0,136,208,34,32,49,214,255,0,150,90,116,104,167,40,255,20,7,175,179,174,13,255,226,0,76,200,248,0,255,51,0,33,245,121,9,83,255,0,26,22,255,84,0,255,0,255,255
176,4,175,91,149,57,84,150,150,170,131,107,55,82,34,23,61,65,140,185,33,255,79,48,149,195,91,203,140,61,158,132,196,94,121,148,58,136,109,0,212,212,163,112,162,176,181,80,79,113,100,72,85,53,113,0,221,58,0,124,166,126,53,255,255,122,189,58,140,163,151,93,171,148,106,95,26,208,133,133,60,78,153,66,154,122,59,244,117,180,190,96,118,96,77,200,157,91,99,255,192,58,0,164,0,223,254,241,25,241,115,187,38,184,186,205,247,255,0,177,59,170,95,50,200,78,246,255
