164,5,149,162,160,38,92,54,131,191,115,38,166,147,95,91,95,78,211,115,98,225,141,77,41,165,93,153,225,53,36,133,99,141,194,118,80,119,121,33,108,180,90,178,171,124,34,102,75,102,164,138,49,74,166,150,178,90,142,249,168,0,72,184,81,135,149,120,181,248,150,185,224,255,0,57,0,205,136,142,146,116,255,103,111,165,184,177,239,87,89,125,81,132,176,172,147,148,75,146,72,69,157,146,0,118,197,27,127,255,255,13,0,148,178,89,255,255,59,234,96,234,0,190,255,120,202,255
162,17,160,98,183,36,132,66,201,165,74,53,134,217,10,64,153,94,179,187,58,225,155,74,65,164,197,185,170,83,0,2,105,49,101,97,122,91,181,95,107,81,0,207,177,155,104,127,79,255,78,66,114,121,105,144,142,133,91,191,112,34,0,71,255,21,110,78,156,43,98,130,255,192,129,124,47,145,111,146,105,255,152,255,127,230,119,201,72,0,99,255,74,92,148,203,123,0,223,206,120,0,0,72,169,255,141,255,254,177,190,53,0,8,181,63,90,0,31,255,73,32,41,150,88,152,255,255
163,10,168,149,169,51,91,25,159,132,112,67,166,177,0,58,101,80,215,118,43,231,155,90,85,157,127,162,164,17,75,86,160,105,165,128,113,76,100,0,23,70,45,168,197,126,74,100,94,221,164,136,88,72,70,182,181,34,215,214,150,31,57,203,212,159,134,79,156,89,69,147,195,233,0,0,48,135,45,172,170,139,159,229,248,115,119,246,194,88,49,124,107,122,175,180,51,0,205,205,112,15,82,40,30,131,255,25,218,164,255,200,0,208,54,205,81,255,68,204,200,160,0,0,233,111,245,255
162,3,160,139,163,69,91,62,155,211,107,43,132,136,50,63,99,90,196,135,63,212,197,65,51,185,106,142,195,41,30,127,185,147,171,127,56,83,92,18,136,170,63,146,167,89,64,94,54,134,169,145,131,79,161,159,212,83,106,205,178,21,47,186,121,143,147,131,148,204,115,127,209,239,65,16,27,254,220,223,93,92,222,91,124,165,128,160,198,137,167,232,85,139,176,233,134,125,27,62,155,72,113,59,127,135,149,174,175,213,255,102,0,210,165,38,220,198,0,227,24,231,0,158,255,81,163,255
160,4,156,159,162,47,73,52,150,187,91,2,126,144,61,85,83,82,186,95,64,182,220,94,57,139,119,189,173,39,20,130,173,128,224,131,102,104,66,16,63,172,92,180,211,71,85,86,8,181,160,158,91,76,203,158,246,5,141,202,170,35,48,223,156,139,183,157,221,176,99,91,169,230,22,5,42,221,130,210,136,86,255,113,150,176,139,114,190,130,46,166,100,28,237,255,169,150,83,90,108,25,135,0,40,172,191,156,207,168,255,79,0,176,179,94,255,255,9,248,4,255,40,115,255,32,255,255
153,1,164,160,161,33,59,16,138,218,155,2,165,219,0,65,51,86,231,56,124,243,196,75,56,173,42,210,143,49,107,43,94,95,200,207,50,51,147,1,0,62,151,135,255,38,94,9,58,255,170,89,44,0,115,150,87,0,236,255,71,0,3,255,122,103,149,128,135,179,103,164,206,255,28,0,0,219,0,224,255,143,207,76,255,109,255,204,168,171,95,12,84,19,109,176,188,113,255,166,0,199,181,91,11,255,218,0,255,158,255,255,0,80,194,255,117,188,3,249,243,255,0,0,205,75,3,255
158,3,164,150,166,63,72,35,151,204,133,0,171,175,35,61,109,113,224,82,103,220,220,63,72,171,73,178,141,39,34,63,137,134,228,127,46,0,101,47,36,71,136,136,242,26,134,36,0,250,200,112,74,35,128,98,187,0,204,244,96,0,12,248,96,177,171,99,101,240,101,159,137,255,26,0,0,227,103,255,182,122,226,99,204,110,222,96,197,90,127,46,78,101,156,255,114,120,170,134,51,129,230,13,36,228,164,0,242,230,255,199,0,99,38,189,150,175,37,205,99,238,0,31,255,11,1,255
160,1,169,148,157,66,76,49,124,202,118,18,131,136,61,68,115,72,212,70,42,255,209,109,43,110,60,159,186,34,46,79,126,85,255,131,93,50,112,0,76,67,89,122,239,131,37,110,0,139,236,148,94,169,168,139,176,24,104,255,172,0,0,180,107,173,173,220,133,201,88,99,184,240,83,0,75,251,193,249,168,67,242,94,200,96,137,101,237,228,77,172,40,122,220,255,136,135,75,138,110,140,138,78,131,203,255,27,185,166,214,0,0,101,243,103,255,255,93,161,0,255,14,56,209,100,154,255
160,2,169,133,162,79,87,88,152,212,111,35,113,140,59,61,95,122,196,103,60,201,211,58,50,169,115,144,154,117,60,138,143,144,154,102,58,91,109,6,128,161,81,176,168,163,143,108,11,112,176,147,139,120,116,143,227,30,113,200,145,68,52,237,132,156,160,134,190,198,96,151,189,220,101,34,28,255,205,166,133,33,255,121,146,127,80,138,150,187,126,219,75,148,189,255,118,120,22,39,175,74,158,33,69,110,255,148,153,234,171,41,89,54,188,16,174,246,0,222,24,232,60,155,254,85,135,255
159,4,163,182,150,27,91,26,163,182,69,0,122,180,32,105,88,72,212,86,67,249,202,86,12,119,85,184,234,0,0,112,159,156,230,146,82,96,81,29,34,162,24,130,203,61,31,71,82,125,170,130,27,74,171,136,213,0,224,236,158,0,124,180,188,61,81,251,187,183,136,155,209,241,0,0,39,243,105,255,195,115,255,86,180,157,255,117,234,146,32,123,121,68,255,255,194,186,113,214,0,67,167,68,0,98,244,54,255,149,255,181,0,145,255,187,255,255,125,255,96,255,0,58,237,170,255,255
177,9,166,134,175,94,62,35,167,193,156,114,147,125,32,75,98,70,190,135,34,228,147,77,66,176,109,181,150,91,96,100,129,76,164,119,100,53,111,55,113,120,51,106,229,127,47,128,55,207,141,53,127,128,73,167,103,127,105,213,198,38,0,210,164,150,218,60,116,168,144,116,173,243,44,121,35,190,132,111,146,122,255,111,196,125,47,201,139,72,66,255,25,76,53,220,0,75,158,201,137,95,17,242,48,109,140,200,239,147,139,123,0,130,0,219,0,255,95,179,92,182,110,180,211,97,117,255
169,13,162,140,204,116,79,57,160,200,153,86,148,112,90,47,74,124,174,171,75,168,130,105,68,194,123,148,131,148,147,191,123,192,115,87,124,79,119,103,154,156,39,139,199,96,162,140,13,133,123,118,104,135,63,117,118,101,163,205,167,97,72,167,171,86,198,81,132,168,136,153,148,255,95,193,34,151,149,209,192,101,239,140,146,34,23,184,235,28,185,255,70,193,72,255,0,124,127,92,229,99,102,92,60,136,249,219,225,255,94,224,11,63,40,121,37,174,70,215,54,127,15,153,255,24,157,255
162,5,161,110,168,77,80,92,135,214,134,65,118,174,80,41,52,124,186,99,63,139,153,73,77,123,104,174,188,138,84,182,153,132,112,156,129,122,163,112,159,166,24,102,166,189,92,106,47,73,169,52,214,125,158,177,228,70,94,255,182,77,83,201,130,146,165,154,181,157,191,162,168,175,62,11,87,152,214,169,190,119,255,166,131,138,115,115,158,171,89,219,95,138,144,242,83,153,44,136,171,60,194,171,101,176,255,119,255,255,244,138,99,111,147,29,255,196,0,139,0,44,0,202,157,128,58,255
162,5,162,170,158,20,107,45,142,191,71,21,131,148,105,83,111,86,234,118,71,240,173,67,13,143,89,127,226,7,17,100,116,123,255,144,78,91,57,25,67,162,94,192,209,151,23,145,112,188,149,125,0,96,204,66,191,12,111,254,141,0,102,173,155,49,138,214,178,204,141,190,255,255,70,16,80,196,121,233,135,235,255,91,66,106,255,142,236,55,55,76,157,238,202,255,157,120,96,132,3,19,208,187,0,179,209,22,92,190,255,10,34,80,220,105,255,255,91,200,29,255,0,192,230,248,241,255
150,0,161,177,167,50,55,74,88,189,158,15,153,125,85,115,114,76,177,82,40,242,193,90,16,138,77,223,194,51,76,152,149,148,156,112,140,123,117,41,108,141,0,199,150,153,52,64,0,85,224,105,147,227,89,206,232,42,173,255,145,0,14,218,28,126,154,193,176,152,215,166,255,227,92,51,0,206,130,187,176,175,232,118,177,116,179,109,255,237,0,40,245,75,126,191,160,201,47,0,238,0,255,52,77,166,202,0,245,255,178,146,0,41,255,109,255,81,129,255,255,228,0,37,255,82,0,255
155,0,157,177,158,47,84,46,120,205,116,8,130,122,56,83,69,90,194,99,61,252,192,102,26,136,88,188,171,41,63,94,110,153,148,103,150,127,95,41,101,192,63,174,234,76,57,83,40,94,221,135,58,145,127,166,162,38,195,255,174,0,36,217,113,73,167,187,216,169,152,98,229,255,61,11,0,255,110,177,203,80,255,71,150,110,181,174,255,234,35,113,101,72,191,222,195,208,84,48,182,49,138,44,34,141,106,40,255,183,255,128,12,48,255,191,255,116,112,255,211,255,0,58,190,72,94,255
167,13,162,153,179,81,92,46,171,212,116,78,130,122,42,54,101,76,215,160,68,240,156,83,61,154,129,139,144,48,82,111,147,129,139,120,127,40,126,82,118,102,70,114,207,107,52,133,68,241,179,108,43,145,103,110,166,70,141,208,119,29,27,183,219,29,115,178,139,126,89,145,222,230,70,97,62,153,88,181,159,220,241,112,115,147,130,193,231,27,162,254,53,204,137,232,56,60,96,127,167,52,105,135,97,101,117,77,215,147,235,150,0,179,65,192,115,255,78,229,50,125,0,169,247,75,139,255
163,7,158,158,149,34,93,39,185,190,106,55,138,177,26,6,70,97,201,123,94,167,194,63,16,178,90,122,146,62,2,144,164,170,143,141,79,87,112,20,13,114,41,159,254,137,74,103,39,217,135,107,54,52,169,163,153,0,151,193,54,28,39,222,207,70,193,149,179,141,103,135,225,255,0,0,0,164,110,160,212,206,237,125,178,56,203,243,139,1,145,110,69,187,81,228,154,68,52,27,145,129,190,135,57,255,255,158,255,255,255,73,0,39,148,138,197,255,0,255,154,129,0,17,255,79,255,255
159,4,150,123,161,12,78,39,222,197,91,44,128,161,36,42,86,137,252,113,32,97,184,55,135,167,112,187,135,82,37,134,156,171,167,168,0,117,80,0,0,100,137,202,255,179,124,127,3,255,124,88,113,10,134,103,242,18,20,163,0,132,56,200,147,42,219,126,255,106,158,117,255,115,0,0,59,165,125,101,163,235,255,164,167,119,174,255,145,0,70,188,157,107,10,151,24,0,90,0,118,142,255,93,36,255,255,255,255,255,226,40,0,92,252,0,222,255,0,255,123,191,0,48,224,0,255,255
153,0,161,178,154,39,91,30,141,203,143,29,131,181,0,41,46,70,248,88,76,226,194,79,0,147,50,176,157,0,65,84,157,144,182,163,101,133,139,39,0,141,100,106,246,90,76,77,19,187,222,148,62,99,146,166,118,15,241,255,49,0,33,254,122,75,150,151,200,120,146,104,249,255,0,0,0,223,35,152,203,150,247,18,183,108,255,233,216,235,41,51,134,94,112,147,150,172,82,13,105,150,241,128,57,188,107,5,255,255,255,149,0,40,255,216,255,208,50,255,255,231,0,0,173,92,136,255
156,1,161,167,160,28,110,19,156,203,142,46,158,232,0,6,75,80,252,94,123,255,160,77,19,183,77,145,138,15,60,70,127,132,151,187,77,112,176,88,17,77,128,118,182,102,107,102,49,193,192,103,0,21,141,161,78,21,255,255,41,0,100,203,196,43,166,82,181,82,175,157,234,255,0,0,34,175,0,132,216,220,142,9,214,70,255,211,190,118,107,82,147,167,88,68,118,32,185,121,99,179,250,145,0,192,162,8,255,255,255,239,0,81,255,171,206,147,83,170,255,122,0,0,209,249,78,255
159,5,161,159,162,42,78,27,133,180,141,48,146,181,10,89,60,74,206,89,39,255,152,101,83,146,105,191,147,38,94,80,128,115,177,152,107,133,140,50,41,108,121,133,200,82,71,86,60,151,171,100,69,83,122,137,147,56,255,226,171,0,42,222,176,144,205,34,199,115,129,141,202,255,4,5,27,186,40,129,207,84,232,141,255,81,185,253,195,129,83,114,103,52,135,209,121,46,169,198,90,59,150,70,17,76,166,69,255,237,255,161,0,151,219,225,198,255,103,244,219,231,0,0,232,112,232,255
151,0,154,174,150,35,83,26,135,210,163,36,154,192,7,50,25,80,240,70,116,255,174,99,2,164,52,185,152,7,102,48,101,131,154,208,106,167,178,69,1,146,109,111,233,102,62,121,41,207,209,116,0,72,180,164,50,0,255,255,25,0,0,255,111,82,192,97,206,101,156,123,255,255,31,0,0,209,28,142,223,255,254,1,187,79,255,255,236,255,54,41,162,103,0,33,191,123,184,114,53,181,255,183,4,255,32,0,255,239,255,215,0,0,255,255,207,156,22,255,255,188,0,0,213,126,0,255
157,8,149,180,176,54,41,41,137,210,177,66,130,179,14,157,27,26,203,108,48,255,111,108,92,180,95,240,162,124,179,92,137,42,136,144,154,112,174,102,21,176,31,67,222,83,33,98,108,226,197,108,28,156,114,117,112,109,208,191,146,2,20,255,197,0,153,181,151,160,88,103,255,255,121,25,0,147,49,50,255,99,244,111,235,136,119,255,255,94,126,64,85,30,152,164,189,122,91,255,112,96,36,113,0,85,114,48,233,126,255,255,0,116,190,255,239,242,0,255,144,255,0,110,185,0,47,255
157,2,162,166,173,66,77,59,133,188,127,0,140,128,95,123,126,92,191,106,44,255,207,120,24,138,94,182,178,12,14,97,154,115,240,112,163,33,80,67,113,150,47,140,159,95,66,90,0,186,255,100,72,147,177,150,229,0,212,193,109,10,0,187,121,135,215,166,212,176,155,120,199,255,75,52,0,184,152,255,107,111,218,89,155,220,58,87,255,197,37,67,194,124,197,255,80,177,76,89,123,24,121,0,130,120,81,98,145,141,255,89,0,118,130,168,255,255,216,255,37,228,0,172,146,0,73,255
153,0,161,171,149,35,84,39,132,205,129,21,123,156,26,57,45,82,234,81,78,232,218,71,9,113,70,184,182,9,31,77,141,136,192,168,101,83,150,32,19,144,102,115,240,96,51,113,36,169,212,112,47,128,145,151,146,0,190,255,107,0,26,243,135,94,179,157,214,162,140,145,227,255,29,0,0,229,104,181,192,179,255,6,193,74,255,166,245,255,39,55,88,106,126,223,181,172,69,66,82,132,225,107,60,229,153,0,255,255,255,117,0,0,255,188,255,194,59,255,201,255,0,18,218,112,123,255
152,0,164,179,157,31,80,34,128,219,118,9,132,172,0,61,53,86,228,78,88,211,214,50,23,143,70,192,177,0,49,84,136,137,218,179,62,66,148,0,0,146,95,119,255,46,50,65,25,179,175,59,31,108,134,114,174,0,187,255,121,0,28,247,147,56,152,194,255,187,134,126,222,225,15,0,0,213,46,179,206,98,255,72,191,106,251,198,246,195,15,7,111,83,167,209,171,231,85,65,99,96,201,15,54,210,176,0,255,255,255,125,0,10,255,255,255,191,132,255,230,255,0,0,146,130,97,255
155,10,176,179,197,39,108,62,105,214,126,18,137,158,37,27,126,128,159,129,101,255,131,90,9,179,70,141,122,88,116,124,48,134,152,147,152,78,98,32,100,125,53,153,255,30,91,66,26,127,253,93,73,124,91,126,139,94,215,255,138,0,72,167,215,88,200,158,188,124,255,165,183,255,58,56,150,255,29,160,160,68,84,97,162,79,193,79,232,146,155,0,252,193,228,177,47,245,77,87,173,0,104,0,51,148,150,34,242,255,176,203,16,14,183,211,244,0,200,196,255,252,6,0,95,105,0,255
157,1,156,164,171,23,111,85,115,187,126,12,153,155,126,74,143,110,184,123,95,181,154,73,22,150,81,137,204,118,57,158,64,124,117,122,115,114,104,85,118,144,53,207,126,142,2,139,69,94,161,95,138,98,178,119,174,104,65,255,112,56,43,137,149,120,192,199,174,199,217,157,244,246,56,106,106,175,117,162,108,105,212,118,88,152,90,219,255,138,0,97,124,134,166,123,151,145,14,43,135,89,187,68,0,225,206,57,174,205,255,40,129,97,255,20,255,187,182,186,186,254,0,125,89,121,82,255
165,3,155,116,189,87,98,117,136,221,110,52,111,136,106,68,112,168,201,125,55,167,154,91,89,225,158,137,178,193,90,157,149,153,155,100,38,49,110,6,148,211,109,194,151,139,114,121,56,140,92,204,98,133,156,108,195,64,0,184,191,143,156,235,97,118,179,91,223,194,60,153,165,182,142,30,29,255,255,78,58,85,200,177,91,119,117,169,141,189,189,255,19,185,177,125,120,241,29,36,220,215,181,12,90,97,212,165,153,222,252,7,87,64,207,10,45,89,0,114,0,109,94,255,255,31,53,255
