175,15,139,127,194,52,89,82,148,147,169,67,92,143,117,103,135,132,88,128,64,255,95,128,94,200,137,138,178,190,173,103,55,134,120,101,168,54,145,109,159,166,67,174,91,106,146,116,97,156,164,151,104,129,189,146,156,74,130,111,108,95,29,170,115,175,184,63,172,209,104,201,168,255,30,182,131,122,149,81,165,163,140,133,54,133,126,189,109,85,119,170,72,152,85,111,0,78,192,231,141,104,112,141,126,159,103,161,109,175,174,117,148,165,153,101,123,252,95,166,203,142,0,133,212,104,0,255
168,17,144,97,205,67,86,89,135,193,170,88,98,158,112,68,101,104,91,121,59,255,129,124,71,209,126,148,113,193,161,144,140,140,124,87,146,69,104,78,209,144,126,129,103,125,161,111,43,127,149,148,96,114,81,111,186,99,62,156,158,44,44,202,167,133,127,44,110,169,140,142,185,211,129,206,94,223,155,124,153,148,169,95,57,93,128,175,84,48,209,213,45,255,112,194,54,73,100,255,208,55,164,47,34,145,156,169,114,174,168,95,65,118,86,0,117,193,24,155,203,237,0,78,156,105,16,255
175,13,145,115,174,60,60,91,139,218,153,94,81,106,87,83,87,103,79,167,42,255,168,98,125,196,115,160,95,255,154,128,170,119,107,37,233,79,149,136,177,241,81,191,129,123,135,42,96,86,120,161,77,160,109,160,154,141,111,157,205,79,0,191,141,119,190,98,108,255,126,128,218,255,127,217,89,212,202,78,150,238,216,127,91,164,174,255,118,70,251,164,89,255,40,255,23,138,136,236,196,98,123,173,48,93,116,140,176,216,97,104,147,120,0,22,196,186,0,198,239,255,0,45,255,117,0,255
176,15,142,108,188,77,85,96,128,212,182,81,115,142,116,51,128,107,83,145,83,255,114,123,74,204,152,145,173,201,114,79,122,122,131,90,153,87,111,85,214,186,97,182,77,147,130,119,79,104,171,152,107,108,142,133,179,107,102,142,181,49,0,202,112,220,203,80,70,210,120,158,157,225,70,234,136,147,141,133,189,124,248,114,70,150,165,214,90,130,255,188,6,238,56,166,26,64,138,225,128,86,173,55,146,198,146,234,180,221,136,146,186,103,51,46,80,207,43,131,222,243,0,104,176,92,0,255
177,14,146,112,170,63,75,79,137,201,171,92,94,141,70,65,88,110,71,165,88,255,134,83,129,201,119,157,107,255,181,80,132,85,63,53,211,100,125,126,170,231,71,209,140,117,173,56,126,137,142,134,64,117,114,137,147,74,101,81,223,74,0,164,111,144,232,58,104,255,100,136,195,255,88,245,158,220,233,91,122,178,160,82,78,219,168,187,81,74,229,176,102,215,0,231,106,133,158,218,238,181,140,166,36,107,187,220,228,234,141,168,171,67,22,107,122,176,52,166,200,219,104,16,243,141,0,255
179,14,145,115,190,83,100,105,136,174,184,76,119,146,96,84,115,111,92,171,81,255,93,117,73,190,143,162,173,181,146,95,111,144,99,104,148,94,111,87,190,209,100,194,95,152,112,104,94,151,168,162,92,124,124,150,192,102,133,138,181,78,25,132,117,217,176,56,96,195,120,192,152,255,23,216,144,197,194,106,139,160,184,133,80,215,97,255,78,92,232,172,67,161,68,125,32,66,168,147,187,105,120,51,78,197,137,243,169,210,111,166,210,117,99,149,105,178,52,130,226,225,1,65,192,8,0,255
182,20,148,123,192,66,93,98,92,177,165,52,138,192,106,46,135,133,100,154,115,255,71,102,62,181,125,138,187,171,117,76,120,137,95,104,165,131,125,107,188,166,82,199,90,113,139,94,82,166,206,109,102,122,90,157,234,71,138,163,202,44,70,161,34,216,176,79,64,183,137,175,152,255,43,182,196,213,146,159,86,106,157,150,44,123,145,253,32,122,141,92,62,75,45,145,86,63,135,132,241,143,156,88,86,168,164,239,161,255,187,190,217,77,110,51,56,182,0,132,201,255,151,97,173,85,73,255
180,20,145,119,193,65,69,77,96,213,185,69,127,183,99,52,140,123,81,166,99,255,108,118,101,230,106,114,157,209,136,81,111,89,118,65,186,108,145,98,202,168,100,205,145,111,168,88,103,154,184,120,96,106,116,185,193,91,111,125,189,56,15,125,48,164,169,76,36,241,138,141,148,255,118,254,202,192,153,125,119,105,183,133,67,109,183,241,77,98,204,112,76,133,60,211,18,47,133,205,252,100,169,96,49,168,150,246,199,201,171,111,198,88,27,28,111,249,48,121,255,188,52,57,162,156,56,255
179,16,141,113,192,77,72,92,129,190,192,80,95,157,102,77,123,120,94,165,73,255,118,114,105,222,120,133,158,206,147,86,126,102,117,106,188,72,142,92,190,204,100,202,108,129,156,86,75,161,180,116,88,100,136,156,152,114,99,97,188,66,0,144,109,198,183,54,81,202,116,184,159,255,79,241,155,169,185,87,154,177,142,107,105,196,171,255,125,105,220,174,63,156,24,161,0,79,151,194,166,72,139,98,75,172,142,226,190,201,108,133,182,110,74,73,42,255,0,151,246,228,0,65,118,72,0,255
169,19,148,85,191,71,91,99,142,200,137,74,94,141,116,87,100,120,99,150,73,255,122,88,64,223,155,188,144,197,132,51,148,81,124,111,140,108,114,48,216,161,83,142,41,145,200,159,61,124,102,171,125,49,150,141,158,71,56,123,180,81,0,190,133,172,171,0,143,135,91,195,214,179,117,202,119,171,223,91,147,195,188,81,0,175,98,124,81,156,219,255,70,207,75,192,0,179,127,255,158,71,136,20,66,196,149,196,123,209,111,40,80,122,89,0,155,140,0,145,201,198,38,106,169,114,45,255
172,16,143,102,190,58,80,100,164,189,135,59,98,149,113,77,99,132,110,129,76,255,151,97,96,182,160,173,123,230,141,97,126,119,112,94,148,83,106,93,181,134,83,136,103,130,177,119,36,137,89,147,109,79,83,90,157,53,57,141,202,44,1,182,106,164,181,16,131,195,74,166,207,185,91,199,98,205,204,105,168,239,161,105,23,164,124,154,47,74,170,230,70,203,53,189,36,194,168,245,187,110,166,118,39,206,112,160,156,158,165,16,126,150,74,0,146,160,0,124,196,255,82,105,199,204,23,255
178,14,136,112,195,56,98,104,152,131,148,35,110,148,111,78,135,149,100,128,99,255,131,110,40,189,132,188,147,208,150,100,131,130,117,111,146,57,108,88,137,184,55,150,6,110,171,130,23,146,132,155,131,94,153,119,170,61,92,104,115,53,47,164,167,224,187,55,138,172,117,209,125,142,46,144,90,174,194,109,147,187,169,139,47,141,154,200,19,75,103,164,63,173,86,102,0,132,162,195,189,91,159,128,99,229,133,235,167,234,178,155,180,121,118,39,91,213,20,125,255,227,0,105,194,65,0,255
195,19,144,112,204,81,76,112,27,225,91,76,203,122,89,71,154,113,176,169,69,255,132,135,92,160,132,194,194,195,100,73,214,94,176,99,188,94,121,13,171,255,74,114,176,185,177,172,150,183,174,114,81,166,149,100,149,64,98,216,230,172,77,235,214,193,83,20,179,190,176,167,242,227,121,194,252,235,151,129,123,255,139,92,70,105,255,255,126,138,120,221,158,210,212,79,0,0,255,117,253,0,237,85,112,164,119,251,203,170,105,255,108,70,255,0,159,138,93,243,215,255,0,64,255,13,250,255
199,16,142,126,210,76,136,105,64,143,95,25,221,187,80,125,142,165,113,151,33,255,113,87,8,121,106,127,172,151,150,165,139,106,62,122,174,89,151,17,117,255,43,231,112,144,161,179,56,141,187,97,172,138,142,113,121,72,92,220,232,216,73,255,98,189,153,93,168,183,125,151,197,164,104,78,169,183,184,48,104,233,90,93,23,92,255,255,171,181,101,198,128,199,215,215,0,0,150,174,215,54,255,137,172,199,69,145,217,116,72,255,67,41,255,63,236,144,67,220,207,237,0,116,255,86,227,255
196,12,127,133,213,68,124,106,82,133,90,19,220,145,85,112,168,155,133,135,46,241,121,100,46,116,139,137,175,133,156,167,182,115,55,138,136,90,170,35,125,229,54,163,149,129,136,123,74,132,169,100,132,176,118,119,131,52,63,206,185,162,82,255,143,225,119,75,198,143,116,160,206,181,87,65,124,179,183,114,101,216,147,93,16,126,255,255,151,175,70,205,103,182,182,170,52,0,161,96,201,10,255,122,161,192,84,130,163,153,81,213,122,52,255,41,253,89,0,223,186,255,0,124,209,84,142,255
191,16,120,121,224,56,115,107,43,156,94,8,234,141,90,132,203,109,199,148,67,238,99,126,60,125,134,152,178,167,135,122,200,81,173,115,217,72,137,42,101,231,55,66,132,217,167,138,153,186,206,59,128,185,154,96,112,42,91,195,200,110,35,255,205,192,78,62,177,103,165,203,255,244,86,79,129,83,183,70,177,255,117,143,3,158,255,255,66,147,8,240,160,228,212,25,9,30,255,120,255,147,255,103,74,169,114,69,235,167,98,221,146,31,255,74,238,58,0,224,236,255,64,67,197,67,217,255
193,21,135,115,229,55,116,126,27,161,68,53,221,165,75,108,195,119,148,126,57,222,108,117,61,166,151,130,162,184,157,57,189,92,140,113,160,68,108,62,134,229,72,65,132,200,138,141,110,221,181,47,118,166,92,116,140,87,51,152,166,133,63,199,116,212,26,34,115,115,115,178,234,234,139,126,169,210,185,135,108,255,94,154,97,90,255,242,60,163,49,155,111,198,182,136,65,63,243,102,255,66,248,86,121,208,62,130,177,120,19,255,68,82,255,2,161,139,0,196,226,255,89,58,255,16,207,255
185,15,137,120,209,44,100,136,45,155,65,78,169,131,111,78,149,124,121,101,82,238,137,100,85,153,121,126,202,153,161,93,171,142,86,99,157,93,119,49,208,189,60,138,91,141,122,156,63,175,138,115,97,159,91,100,86,82,67,163,206,165,71,230,73,230,80,54,74,126,92,206,181,254,70,105,192,242,150,115,53,237,156,134,39,86,253,255,47,87,60,156,90,147,67,137,107,150,185,93,250,103,151,151,109,95,115,136,53,209,113,252,124,89,255,0,196,146,0,174,175,255,116,167,255,42,183,255
194,11,123,123,207,50,117,128,60,130,79,19,244,114,97,111,162,141,166,128,61,222,147,131,40,103,116,138,188,152,165,156,231,121,64,106,167,68,133,50,110,205,29,103,98,194,151,137,99,138,186,41,150,166,154,78,77,83,72,200,255,113,31,255,162,248,121,31,166,106,99,241,235,239,73,61,110,130,145,122,97,241,213,101,33,138,255,255,96,141,16,233,117,206,160,110,0,0,197,119,207,56,224,183,105,194,67,77,233,199,150,255,67,0,255,4,240,109,0,185,221,255,0,145,255,33,204,255
195,14,129,132,205,70,92,93,75,163,127,30,207,159,98,101,178,110,155,126,67,255,116,141,75,192,124,95,196,203,114,129,169,113,116,155,155,85,142,24,164,255,101,174,97,206,188,184,104,158,227,89,142,120,115,62,162,5,73,205,178,99,55,235,151,197,129,33,113,206,175,85,202,222,53,188,240,159,196,159,111,244,134,146,60,169,255,255,26,166,57,107,78,142,170,31,0,18,223,104,232,114,188,76,56,199,87,94,166,131,122,246,51,54,205,0,164,98,84,255,179,255,93,77,238,82,183,255
187,22,131,108,218,60,96,104,78,157,111,62,162,141,86,77,151,105,159,131,88,234,117,120,30,187,154,189,165,211,146,93,144,115,109,147,132,88,112,57,143,202,69,116,53,159,166,143,72,182,174,141,131,80,116,108,182,22,67,167,244,85,22,253,214,186,68,0,141,109,188,159,206,153,93,106,66,171,173,61,178,255,164,172,64,104,255,185,54,182,0,144,84,251,60,85,0,126,190,189,225,60,99,128,64,163,110,201,214,85,86,217,22,107,114,0,212,221,0,58,255,255,126,192,211,133,167,255
191,15,124,139,214,64,114,93,87,145,135,17,232,125,94,104,160,141,156,163,103,246,91,112,45,154,140,146,190,168,140,156,156,107,79,135,153,78,194,34,177,226,66,144,132,179,120,125,114,139,228,67,129,163,133,134,155,23,67,195,169,112,73,255,120,229,111,102,149,155,114,195,208,195,77,89,135,141,190,108,108,222,137,90,29,125,252,255,73,158,40,166,115,187,163,101,56,0,216,60,255,84,253,116,98,251,99,145,166,172,165,221,185,105,253,0,219,98,0,201,217,255,6,104,190,102,250,255
193,15,129,124,216,82,105,107,73,154,104,30,217,143,66,94,176,122,158,142,88,255,119,133,72,154,141,140,195,180,146,140,190,116,122,135,125,88,166,6,153,255,87,113,146,168,161,156,117,181,182,119,107,160,104,52,127,11,67,189,208,146,101,253,199,211,95,37,128,177,137,170,219,225,90,123,169,192,147,118,112,255,120,172,16,193,241,255,67,148,66,190,125,198,176,119,0,14,255,140,241,70,214,132,86,237,101,167,175,114,153,227,62,64,200,29,209,30,54,224,238,255,12,74,193,88,163,255
192,20,147,109,213,78,90,127,42,203,67,78,194,121,73,59,130,100,164,156,67,227,120,66,65,164,158,161,185,166,96,73,166,126,121,135,129,101,121,34,188,250,47,126,146,165,161,161,71,182,161,145,96,128,71,112,158,57,75,186,213,197,34,225,127,217,98,24,98,152,132,165,197,169,102,174,139,255,130,101,76,255,131,146,54,118,249,231,107,200,110,165,102,157,107,167,0,109,180,190,179,39,166,60,179,185,106,200,203,140,113,252,75,62,255,0,142,202,30,187,175,255,104,102,236,43,255,255
200,13,134,121,218,60,133,128,38,165,71,37,230,156,100,155,176,123,164,128,25,251,120,126,58,145,113,108,200,168,159,124,192,77,132,110,174,56,121,50,112,255,78,125,146,204,177,157,145,211,183,58,139,204,147,93,135,87,120,194,228,208,13,225,180,220,76,57,181,101,192,193,254,243,74,82,173,148,186,90,106,255,73,119,90,116,255,255,102,165,28,204,131,240,241,97,0,32,216,149,255,84,255,136,99,208,43,122,202,157,66,255,112,0,255,13,188,121,69,233,255,255,0,68,255,8,162,255
196,15,130,124,221,61,97,125,34,175,84,29,237,124,84,111,172,105,163,152,37,240,141,126,64,146,149,122,174,179,127,110,241,104,168,111,193,85,121,22,144,250,70,89,200,209,201,134,137,172,197,57,108,186,159,103,130,91,86,195,226,156,14,240,217,235,101,50,174,159,140,177,237,252,115,129,183,186,166,176,89,255,90,124,62,156,255,255,91,165,69,216,133,255,209,76,0,0,238,138,243,69,255,82,129,213,85,135,189,150,129,255,97,28,255,47,241,69,76,201,227,255,46,47,255,0,207,255
196,11,121,130,215,41,124,124,66,129,80,8,241,128,111,138,194,144,164,116,48,234,126,123,63,112,120,124,191,140,172,155,187,85,111,96,171,69,114,64,75,239,59,106,151,189,155,114,118,175,177,37,118,204,170,68,84,65,83,185,221,136,21,255,172,224,129,53,211,78,156,229,255,238,94,70,133,84,192,99,124,255,189,80,35,150,255,255,131,95,0,236,176,233,211,78,14,3,217,125,220,106,246,148,75,215,62,69,238,176,103,255,146,0,255,19,225,115,0,199,218,252,10,164,255,82,148,255
193,17,129,102,227,83,104,119,20,158,79,52,211,161,54,77,192,104,181,123,59,238,102,138,68,192,142,151,191,190,129,98,192,88,148,101,176,83,88,1,150,255,110,64,133,172,161,145,100,255,151,98,105,159,81,57,125,46,93,199,201,162,139,252,206,165,37,29,141,137,124,166,255,211,95,122,127,219,160,40,102,255,123,157,75,119,255,255,150,194,3,167,166,211,216,112,32,32,255,84,255,14,213,60,74,140,181,180,222,181,151,255,49,39,218,14,162,125,62,233,255,255,53,44,255,12,219,255
191,18,126,123,224,57,84,122,37,168,70,32,224,94,97,83,180,119,199,137,67,215,114,145,90,147,159,155,196,179,130,94,218,129,179,127,163,86,100,19,142,212,28,51,126,164,126,148,110,180,187,86,82,161,128,81,148,98,77,174,203,121,79,255,164,220,70,44,171,153,122,240,243,255,93,168,119,197,132,142,133,255,121,124,63,133,231,251,123,162,113,190,161,240,174,62,0,5,255,83,255,34,212,73,144,203,102,191,161,186,169,204,85,86,255,30,125,127,0,255,145,255,0,53,255,85,255,255
188,16,126,115,211,49,97,125,68,145,109,34,196,134,120,97,171,138,142,130,90,234,143,116,62,132,142,167,190,176,147,81,182,111,95,125,137,90,118,79,103,190,39,121,17,177,182,132,77,188,154,86,122,122,128,126,130,40,93,136,217,120,36,255,129,255,94,15,110,108,136,200,212,223,96,126,164,164,176,150,106,253,218,94,38,138,255,255,64,97,20,198,118,159,81,78,3,46,203,101,223,67,168,127,119,168,112,170,208,188,140,219,123,10,255,0,202,155,0,112,232,255,89,169,255,101,84,255
194,11,122,121,215,49,111,137,63,134,89,25,208,124,96,88,172,115,149,117,79,255,128,115,45,99,132,142,191,140,167,106,154,102,80,96,140,70,127,67,108,224,44,126,84,180,128,149,89,200,163,96,158,163,98,89,120,65,63,169,245,107,76,255,113,207,120,89,74,99,154,209,215,220,53,150,182,71,155,84,86,255,218,130,0,135,255,255,65,152,50,194,125,167,75,92,69,56,223,150,207,91,222,127,152,205,144,123,125,204,115,255,222,0,255,18,184,135,0,151,183,255,61,151,246,37,136,255
194,17,136,124,211,79,85,104,54,165,148,43,218,142,83,64,178,124,141,165,89,255,122,100,56,146,134,118,213,148,131,102,147,81,91,86,152,114,148,62,148,208,111,169,115,160,172,113,76,177,178,81,125,141,101,144,130,32,74,181,232,111,138,227,127,131,131,61,78,154,147,155,186,186,110,175,255,195,163,135,55,218,255,84,19,126,255,255,77,180,24,229,95,142,61,110,0,9,229,96,226,56,176,64,150,184,149,189,219,170,135,254,159,53,255,0,226,184,47,173,188,255,112,143,255,68,209,255
183,26,151,99,216,48,99,115,69,181,140,76,161,117,140,99,149,93,107,143,59,226,146,122,98,200,156,164,205,192,116,63,155,104,112,114,135,73,118,112,120,241,92,102,26,204,167,129,75,155,140,158,150,78,128,131,105,12,136,170,193,143,25,198,228,248,77,25,105,156,117,166,227,253,120,145,158,177,234,153,93,255,224,125,63,85,224,255,79,95,45,140,132,222,115,111,0,85,137,152,243,70,93,80,92,146,31,202,239,171,52,205,40,130,255,0,162,255,4,0,255,169,164,200,255,125,0,255
200,16,145,115,208,78,119,123,31,188,80,60,214,167,85,109,145,135,146,163,47,255,128,118,65,146,107,145,197,178,120,112,192,94,106,92,190,65,128,40,133,255,72,165,123,167,175,180,119,200,171,112,146,161,121,98,140,56,128,209,234,220,58,211,188,198,103,55,153,163,166,170,220,227,92,119,206,167,175,60,89,255,82,80,73,88,255,255,127,195,84,183,124,237,245,127,0,0,229,131,255,4,255,116,138,196,76,212,203,144,80,255,103,18,255,0,211,159,98,237,255,255,0,51,255,0,215,255
196,11,121,123,215,83,98,95,69,154,169,26,253,109,68,86,179,104,168,169,112,255,117,157,54,158,151,141,193,158,122,130,156,105,60,96,152,82,137,39,152,255,116,173,86,186,173,125,95,211,191,37,164,147,89,142,183,26,160,175,255,80,185,254,117,175,183,74,98,172,152,158,207,165,25,191,224,84,148,133,74,255,243,191,95,195,255,255,53,255,46,160,123,182,41,59,0,0,255,46,225,0,231,94,252,255,144,174,255,255,255,209,255,24,187,0,191,68,36,132,161,255,91,65,255,80,255,255
195,24,146,136,220,79,49,51,133,185,146,87,141,144,124,43,239,153,104,110,109,255,113,33,45,255,134,120,164,216,81,141,143,113,80,244,103,102,165,30,178,178,94,121,115,221,155,215,18,129,166,48,127,109,113,52,160,31,77,127,233,43,181,191,159,203,150,80,151,136,252,22,182,171,176,190,105,211,173,90,105,152,17,0,135,54,255,150,61,99,41,87,181,117,69,124,0,108,255,40,202,98,90,92,0,253,102,255,239,161,172,255,6,234,74,0,48,207,43,125,255,255,190,163,102,89,181,255
191,21,129,132,232,82,72,63,98,159,177,62,182,132,94,63,198,138,128,154,127,246,70,61,53,217,157,127,174,195,140,120,117,90,135,217,121,81,167,60,176,169,126,107,93,150,117,129,39,206,192,67,81,125,55,86,165,0,24,137,200,47,151,187,157,175,110,39,158,106,161,95,212,159,212,113,31,212,167,79,106,194,94,81,102,126,255,255,53,207,22,68,114,167,32,111,19,117,255,46,255,46,153,81,17,204,114,200,237,160,174,255,105,160,136,5,66,255,39,128,231,233,167,95,213,56,146,255
193,24,132,121,236,92,85,56,102,176,137,56,152,156,103,81,191,171,151,155,119,222,81,74,26,255,128,174,140,202,100,104,167,119,123,219,95,144,114,34,204,152,71,110,85,101,108,127,26,183,157,85,127,106,100,109,185,18,58,188,249,68,105,255,180,198,93,16,212,59,220,54,231,138,168,55,0,245,171,115,119,212,43,141,69,111,233,225,56,241,0,72,152,151,52,210,0,145,255,78,194,71,160,83,0,217,123,255,214,173,183,255,56,206,59,23,61,251,0,101,255,252,235,153,88,139,202,255
193,26,133,132,226,80,74,71,109,200,147,84,166,155,132,74,221,194,164,117,91,251,107,39,54,254,128,131,170,240,60,137,194,121,131,255,120,57,142,92,173,147,108,121,104,199,105,146,28,120,192,39,108,131,86,75,125,14,41,183,248,0,105,250,119,246,91,35,221,68,222,51,206,134,196,96,54,219,166,138,121,226,0,20,127,105,255,197,40,142,0,84,161,139,34,235,0,51,255,13,252,66,157,163,0,206,77,255,255,108,118,255,15,255,161,0,34,255,44,93,255,255,222,46,23,72,194,255
183,28,127,129,241,46,73,88,76,181,160,72,191,135,104,75,181,121,173,109,109,255,71,103,79,235,157,125,140,251,113,80,162,145,180,223,92,62,91,94,136,155,65,161,44,225,120,125,51,183,139,32,60,110,63,173,180,43,97,106,210,0,158,176,110,208,91,3,188,73,156,147,215,137,103,159,60,221,181,197,95,255,0,86,166,95,255,214,0,169,0,73,201,187,8,114,56,54,255,45,255,148,44,82,73,164,85,179,253,133,168,209,0,123,94,0,52,255,8,117,187,255,255,50,160,235,203,255
188,18,118,134,219,68,58,73,133,196,191,90,150,140,152,63,212,171,163,102,117,255,103,79,82,221,159,119,124,255,75,120,164,110,153,243,80,13,144,119,145,179,132,166,91,192,104,168,28,148,204,18,95,127,104,81,192,4,55,166,250,0,120,195,105,255,152,82,248,75,228,28,220,107,159,158,117,147,154,181,104,255,0,26,122,113,255,202,0,154,0,43,119,126,0,154,113,6,255,0,254,0,180,198,0,255,100,253,156,154,145,255,107,178,107,75,0,255,85,62,255,255,180,81,48,14,87,255
188,21,127,115,222,87,58,73,135,205,189,88,102,172,134,60,204,159,146,99,117,255,93,69,62,255,137,155,126,231,71,86,163,91,129,220,108,108,127,49,168,203,123,159,60,157,184,174,9,145,186,72,133,79,146,112,190,0,106,183,249,0,109,235,132,203,137,36,198,86,255,22,203,116,100,166,40,134,166,98,117,227,7,12,107,127,255,202,11,132,0,106,222,131,52,207,0,73,255,99,194,74,118,81,0,246,192,255,231,181,113,207,115,223,101,83,31,255,0,98,255,236,177,142,34,40,102,255
187,20,127,131,222,75,56,70,119,199,180,89,155,94,147,74,194,166,181,150,87,255,113,81,112,231,153,130,164,234,77,116,173,90,177,216,104,29,133,106,155,217,138,129,98,204,130,185,39,142,167,76,84,146,91,79,166,45,102,172,255,54,32,176,168,255,131,60,231,112,218,103,232,155,146,135,100,136,154,119,108,242,0,1,131,148,255,224,0,143,0,80,101,169,34,180,3,0,255,15,255,0,154,190,25,212,78,182,215,169,145,250,57,214,176,91,62,207,0,67,255,255,170,76,17,17,152,255
188,30,155,132,216,97,64,21,145,190,191,54,130,147,100,64,183,188,143,131,117,255,91,76,49,238,130,135,185,188,68,115,115,64,119,191,169,58,136,53,133,168,103,80,128,160,108,172,104,195,158,84,107,110,150,99,142,126,150,133,255,114,53,195,132,130,133,76,66,182,206,74,184,188,78,156,98,128,156,86,132,184,0,72,72,87,255,173,117,78,0,46,172,157,45,201,0,51,255,51,255,84,50,160,0,255,133,255,255,153,141,255,0,255,104,163,54,253,78,225,255,42,86,24,146,30,226,255
188,30,145,125,220,89,62,33,135,191,202,41,104,175,120,42,189,194,122,149,137,255,86,58,52,238,149,140,190,190,62,88,112,48,111,233,156,69,129,110,137,158,116,113,65,170,138,200,65,197,180,81,115,118,128,84,198,79,131,89,228,84,41,235,82,164,139,102,84,127,253,58,235,181,81,126,145,97,170,97,124,185,6,22,108,110,255,167,76,126,0,28,189,165,9,139,0,61,255,57,214,81,72,53,0,255,218,255,255,144,109,255,99,236,81,163,64,255,85,228,249,50,106,27,99,86,139,255
194,18,126,136,223,99,58,66,147,188,239,48,125,180,92,36,255,164,127,125,125,255,100,31,94,255,191,107,224,137,127,114,131,72,159,231,122,115,160,117,111,236,177,171,147,104,141,171,100,205,252,103,104,132,107,32,137,81,143,86,169,0,131,178,50,172,218,191,61,155,255,51,198,180,114,196,147,34,159,127,198,255,140,82,221,209,255,255,77,186,0,0,149,163,11,0,0,68,255,48,139,0,95,27,72,255,232,255,225,139,143,255,255,201,108,138,0,255,103,250,130,197,0,167,153,0,0,255
181,11,120,134,215,89,61,62,139,178,243,61,139,146,108,50,175,113,141,118,135,255,74,128,73,216,166,89,161,166,152,93,122,67,137,166,114,95,75,110,118,249,100,211,108,131,164,134,98,255,246,31,128,122,92,140,255,16,202,114,205,0,192,173,68,64,207,195,119,130,213,74,182,222,72,222,203,105,128,214,143,186,227,161,167,135,255,255,28,198,30,79,131,85,0,61,103,46,255,115,230,0,116,66,107,255,255,255,215,232,254,177,255,104,89,200,0,232,103,134,233,151,0,177,255,0,41,255
188,19,117,137,223,66,51,68,136,187,198,79,133,119,138,57,191,172,181,133,92,255,88,55,92,234,146,120,129,238,76,108,148,111,163,239,85,6,176,125,148,167,123,136,47,192,120,191,2,179,217,58,123,128,73,99,179,0,101,178,255,0,81,169,123,251,153,92,233,103,248,46,191,139,148,179,100,138,127,111,85,250,0,47,131,168,255,183,0,141,0,40,123,129,10,127,37,0,255,5,255,76,141,242,9,230,124,143,204,156,219,255,128,178,139,138,91,242,64,67,255,255,179,54,0,55,114,255
179,19,119,121,230,69,56,75,121,179,181,86,148,123,138,68,188,141,149,130,81,255,92,126,83,211,150,114,91,209,117,78,169,100,155,236,52,61,117,103,130,182,54,142,0,187,191,181,0,168,155,25,67,101,162,196,243,0,131,80,229,0,133,179,127,212,135,28,255,77,223,99,192,123,172,201,118,221,153,232,71,242,0,56,161,119,255,156,61,190,12,96,141,111,0,168,38,0,255,110,255,0,116,89,70,195,151,200,239,250,184,118,49,127,70,69,35,248,0,23,255,244,141,87,134,86,113,255
182,12,123,129,214,99,60,60,143,195,241,71,132,123,111,65,170,124,136,147,123,255,83,123,110,227,157,96,158,154,153,102,124,87,161,160,107,90,75,95,136,255,111,206,128,124,146,149,98,219,221,74,97,123,100,128,235,52,172,101,210,0,128,179,118,99,184,165,142,140,212,62,184,240,83,207,141,109,149,174,175,203,157,99,146,164,255,255,71,160,24,134,101,148,0,78,72,15,255,111,226,0,111,113,80,255,211,255,226,194,177,249,230,131,78,245,0,242,109,148,255,168,0,179,241,0,37,255
181,15,114,129,231,62,58,77,121,167,211,77,156,100,143,63,173,132,159,112,116,255,85,120,90,188,157,100,99,229,133,88,138,125,142,207,51,10,159,139,137,190,112,184,0,208,171,177,16,228,198,0,147,108,58,156,253,0,160,149,240,0,187,177,99,169,136,102,214,100,228,123,213,151,155,243,157,165,135,219,77,226,71,89,181,103,255,200,1,216,0,96,156,131,0,114,99,10,255,38,255,49,111,133,40,216,158,171,205,228,255,96,143,92,45,65,51,194,0,11,247,242,125,63,219,155,95,255
182,18,121,133,231,71,56,85,122,175,209,86,146,112,144,61,169,120,137,137,83,255,88,106,112,203,170,113,124,202,132,104,134,106,165,197,83,104,126,108,138,231,80,200,50,172,147,179,33,184,160,28,93,142,83,113,208,11,163,142,234,0,124,193,112,140,177,89,242,135,203,143,196,202,158,255,181,157,178,191,72,250,56,80,131,122,255,229,69,165,12,87,137,199,0,129,64,41,255,101,255,45,149,87,48,223,196,162,209,175,223,158,144,99,128,121,69,255,97,0,228,197,143,109,224,111,99,255
181,11,113,127,219,72,53,71,135,182,227,83,140,120,138,65,187,127,160,106,125,255,104,117,90,215,166,108,100,222,126,98,136,96,151,207,73,21,134,122,140,217,114,184,41,169,173,172,23,221,221,0,133,100,119,147,255,0,167,149,216,0,158,169,79,187,174,129,206,91,234,58,209,138,95,225,182,130,119,229,106,237,93,92,171,144,255,211,11,171,0,119,157,95,0,97,126,1,255,51,255,2,140,115,41,255,206,188,154,249,227,169,209,116,71,135,79,168,86,21,246,239,87,123,202,42,76,255
179,27,120,114,251,77,84,71,100,146,140,59,154,114,51,57,169,105,155,160,85,253,97,111,51,211,160,157,111,193,186,85,175,119,89,225,52,110,72,36,161,139,32,86,9,178,65,159,0,245,72,79,76,109,64,129,166,0,133,111,216,44,169,135,168,101,63,11,204,18,220,90,246,134,100,86,0,160,163,187,41,233,34,104,149,78,255,214,63,228,0,152,224,182,110,218,4,81,255,24,254,93,0,47,0,89,202,255,255,240,239,123,0,52,0,45,102,255,0,102,140,194,247,153,125,159,88,255
180,11,118,125,223,81,60,73,129,179,226,93,144,93,130,64,163,102,150,145,104,255,82,139,115,191,170,106,120,182,149,103,121,105,161,156,76,91,96,111,135,255,95,214,64,167,155,154,54,207,172,30,101,135,85,125,255,0,193,138,225,0,174,199,136,96,200,133,210,145,226,144,200,193,119,255,171,125,160,188,123,230,199,124,160,139,255,239,66,200,56,123,140,193,0,112,98,30,255,130,255,0,138,60,69,250,231,158,187,251,228,173,234,56,104,119,39,221,69,15,189,192,65,110,255,65,125,255
184,14,118,127,225,64,69,72,118,173,187,93,141,104,133,70,196,141,152,100,98,255,88,92,83,217,148,115,134,210,128,105,150,99,161,216,82,30,133,113,130,189,87,175,36,158,116,169,29,193,187,34,107,129,86,146,211,9,131,164,209,0,129,210,107,177,143,116,212,104,200,102,176,182,148,166,103,173,141,151,108,188,43,44,111,104,255,232,21,147,11,98,142,127,6,118,105,59,255,69,255,27,99,125,59,189,144,149,165,215,191,209,144,124,146,95,31,226,25,47,254,222,150,98,153,84,57,255
179,17,113,139,233,67,58,85,136,163,214,61,152,120,128,73,157,116,181,108,99,255,44,107,123,226,152,109,116,166,96,91,116,122,133,183,56,53,198,121,147,205,110,177,34,175,184,156,5,255,184,0,176,133,45,125,180,0,182,146,255,0,204,215,106,130,208,73,208,121,214,136,178,213,146,255,128,104,177,177,25,255,58,166,140,122,255,216,28,255,0,0,140,94,9,44,70,56,255,66,255,135,154,143,65,255,183,211,186,152,255,68,169,80,87,150,59,255,0,118,151,232,92,127,199,185,164,255
188,20,126,145,225,85,62,57,139,186,206,61,148,154,113,62,200,145,154,120,127,255,74,80,55,251,148,102,167,211,122,91,139,62,156,223,99,94,149,68,152,218,127,147,127,172,161,156,81,184,223,56,125,131,102,90,210,0,124,128,219,0,189,234,81,136,128,125,177,110,232,68,219,187,135,201,143,151,175,160,114,224,0,89,110,86,255,236,11,160,0,61,132,94,0,90,53,52,255,51,243,83,121,74,50,255,158,255,234,133,199,251,138,223,144,139,0,255,98,171,255,234,67,161,165,13,125,255
184,23,117,115,243,69,75,65,98,135,157,56,165,139,84,56,209,124,135,106,132,255,80,108,55,240,141,126,127,206,137,89,151,91,94,244,65,97,102,42,172,149,98,103,0,152,104,121,0,196,155,35,95,64,81,109,202,0,73,78,234,0,212,195,155,128,64,15,159,45,233,75,216,146,156,134,31,196,196,146,53,255,0,92,146,91,255,219,63,201,0,114,199,139,56,179,70,110,255,54,255,40,43,44,0,179,176,255,255,224,214,144,8,213,0,0,76,255,0,84,228,252,255,100,167,156,150,255
186,26,130,116,237,64,83,65,60,122,148,37,145,158,87,45,159,133,104,136,118,234,68,97,23,245,113,131,160,202,134,68,154,119,137,209,106,124,59,71,160,161,78,138,2,137,94,111,11,255,145,72,32,108,72,171,195,65,65,119,232,58,147,190,151,96,63,0,169,68,197,55,191,165,146,53,17,219,188,99,28,240,96,135,125,131,234,212,84,201,11,13,206,209,102,177,0,182,255,44,255,57,76,30,0,182,204,244,225,255,175,255,34,187,46,0,70,255,0,153,196,164,255,86,255,136,84,255
188,17,112,132,234,61,77,70,102,146,191,44,182,124,90,63,201,117,174,110,143,255,80,123,62,210,154,113,129,240,150,93,174,91,117,227,96,55,161,108,145,179,124,144,9,168,124,154,74,237,195,9,141,94,77,145,213,0,136,114,248,0,232,205,81,155,124,74,153,112,186,127,168,164,78,207,118,142,185,190,51,253,76,141,136,108,255,239,0,255,0,55,165,108,0,28,64,81,255,35,255,78,107,65,68,255,172,224,206,190,255,110,187,127,95,12,33,221,0,131,166,229,205,10,213,194,145,255
180,26,123,118,238,72,72,60,86,161,181,53,133,144,100,42,162,118,140,137,106,255,60,114,46,236,143,118,134,241,136,71,161,115,132,212,122,146,68,59,182,174,101,141,23,191,150,176,22,222,175,89,77,99,140,143,227,24,142,137,213,15,173,214,137,108,125,35,190,113,242,96,236,131,69,136,95,202,146,169,67,229,23,133,135,92,255,152,19,241,0,87,195,188,71,122,19,47,255,49,255,111,65,0,0,165,217,255,255,238,211,164,89,173,43,104,91,255,0,136,163,176,255,60,186,163,178,255
187,19,116,133,232,47,68,80,98,156,177,71,169,123,138,70,208,145,164,81,123,255,90,103,68,225,148,113,150,255,122,81,174,100,150,236,94,16,155,120,124,153,124,158,0,205,127,182,33,220,201,0,115,108,80,117,205,0,90,128,255,0,176,182,88,204,145,81,192,94,205,123,184,170,144,203,165,162,127,170,49,236,0,82,133,86,255,194,0,188,0,25,165,128,17,74,87,46,255,13,255,89,135,152,45,235,102,185,199,207,227,108,136,156,101,0,19,192,0,80,228,255,245,43,147,175,80,255
188,26,125,124,247,75,79,77,109,145,163,68,163,153,83,63,190,138,128,141,106,255,101,104,41,227,154,136,123,187,155,83,145,106,94,237,48,116,123,67,137,153,46,123,40,176,123,138,0,192,121,28,72,113,67,120,196,0,109,88,229,5,171,132,144,148,99,0,197,55,231,116,222,156,168,144,8,196,153,170,53,240,48,101,168,124,255,187,27,172,0,102,227,178,52,221,19,34,255,51,255,64,110,38,7,189,165,255,255,170,204,147,20,109,38,58,56,255,0,36,210,166,233,167,186,140,61,255
179,14,110,120,230,69,60,76,129,169,218,83,142,118,141,53,175,125,161,111,104,255,79,124,96,216,167,110,87,216,150,109,137,94,127,204,51,70,116,117,136,194,103,222,18,173,163,167,38,223,173,8,110,80,126,141,237,0,158,114,221,0,151,201,121,128,214,105,209,90,221,122,208,144,124,253,192,145,166,226,57,243,94,67,152,116,255,170,10,205,0,100,160,162,0,120,141,16,255,97,255,60,104,41,0,216,206,179,181,210,255,127,165,60,30,41,82,255,29,34,183,218,155,83,210,105,106,255
186,14,115,123,226,60,63,85,111,154,189,81,148,112,127,65,215,141,137,106,106,255,106,116,78,194,156,119,120,211,151,81,142,105,139,218,74,49,134,120,125,201,92,196,0,163,137,170,25,197,179,15,107,111,98,145,231,0,143,126,209,0,167,172,102,194,130,107,190,123,220,107,174,144,154,195,120,184,157,184,74,252,108,76,177,127,255,248,0,168,0,115,185,115,11,120,76,89,255,92,255,9,104,116,45,184,162,153,145,242,221,177,162,111,131,38,43,238,0,36,219,238,179,89,214,80,71,255
181,11,112,135,221,70,58,71,147,163,227,59,147,147,134,49,176,144,163,95,136,255,99,121,81,199,153,98,115,209,136,96,142,103,128,221,72,32,136,146,113,194,87,182,51,142,177,153,26,239,230,0,149,88,129,128,241,0,176,128,218,0,157,174,87,195,170,111,180,81,212,90,188,162,89,210,134,132,108,255,117,240,94,105,199,132,255,216,16,171,0,66,133,81,0,90,149,29,255,64,255,29,151,152,50,255,162,238,189,223,255,161,175,139,48,155,0,226,30,106,228,222,34,129,176,84,56,255
183,19,121,132,227,68,41,96,128,185,200,85,101,172,144,62,190,142,127,103,82,255,87,61,82,247,153,135,139,181,98,100,115,81,162,233,120,73,169,94,140,201,106,143,50,173,190,166,0,183,196,20,126,130,78,103,188,0,110,183,197,16,94,169,77,194,133,91,192,112,255,71,168,195,175,210,83,161,137,96,36,249,24,44,108,122,255,221,35,117,0,72,133,101,29,123,43,75,254,80,228,92,161,128,0,222,199,219,168,117,187,159,82,120,183,160,95,255,12,106,255,255,138,188,73,62,6,255
183,25,115,109,252,83,93,67,103,138,162,23,153,153,53,56,178,116,164,132,114,255,66,106,46,227,142,133,133,191,145,86,178,86,104,215,67,150,133,69,175,156,86,102,4,163,112,119,18,253,121,63,115,98,62,136,180,0,146,102,225,18,214,255,183,84,95,22,155,53,213,113,224,156,112,102,11,175,161,189,63,255,13,158,132,117,255,222,36,255,0,119,201,179,89,162,42,87,255,64,255,101,20,24,8,208,238,255,255,243,255,140,102,122,0,39,71,255,0,124,177,222,255,64,158,157,165,255
186,27,131,131,243,56,51,81,82,135,175,75,141,165,97,49,173,137,97,127,103,255,83,72,49,226,145,135,159,180,123,49,108,126,129,239,88,113,118,66,119,149,111,123,5,170,161,141,0,204,142,65,83,103,8,108,146,18,76,86,207,56,147,140,152,162,87,6,173,100,200,99,193,187,193,167,7,214,176,78,58,204,17,46,199,87,255,241,40,143,0,58,167,127,129,184,63,149,255,62,255,115,53,95,19,135,138,255,243,180,222,174,0,194,95,40,89,255,0,117,221,255,255,175,202,123,70,255
188,22,116,107,247,88,98,76,94,141,164,51,160,153,37,53,202,104,143,137,111,255,81,87,21,231,160,145,122,184,172,86,173,84,78,210,70,127,143,87,152,172,112,109,22,169,135,101,12,246,150,77,100,125,46,144,200,0,141,105,209,0,223,225,173,64,146,0,178,87,195,120,197,134,114,79,0,233,171,163,30,253,142,169,149,172,255,187,5,255,0,125,198,177,52,194,14,66,255,85,255,70,46,0,41,153,224,204,255,255,247,126,191,27,38,10,127,255,0,68,151,160,255,65,255,78,92,255
188,19,120,138,229,69,65,63,117,151,206,50,170,128,113,57,167,134,143,126,131,255,71,110,61,217,156,106,139,226,129,91,120,121,123,217,103,87,148,106,142,204,99,160,47,179,164,147,39,202,212,28,128,89,71,91,221,0,130,128,229,0,177,209,131,155,144,52,201,147,187,131,192,213,116,205,121,179,170,171,88,215,81,107,160,118,255,206,15,219,30,44,146,158,0,80,64,31,255,61,255,66,146,59,65,255,179,252,247,180,255,150,148,174,157,89,38,233,49,110,192,161,131,98,255,160,149,255
182,25,117,140,244,50,54,78,99,159,181,81,158,130,127,71,186,146,159,105,101,255,63,85,86,219,146,130,116,239,106,93,153,128,115,240,78,32,169,80,151,142,95,113,11,217,128,181,2,178,203,0,119,121,59,119,152,0,82,137,238,2,188,161,98,180,93,56,220,106,241,92,226,161,197,217,113,172,178,123,46,252,0,58,170,46,255,237,29,192,0,11,177,135,97,129,26,57,255,0,255,162,120,178,0,151,140,229,213,140,253,110,0,187,91,29,114,255,0,78,224,255,217,96,101,209,178,255
180,25,113,103,250,86,88,59,82,141,176,33,161,134,31,26,170,78,170,176,134,255,77,144,41,198,182,160,119,188,194,79,152,89,78,174,91,143,89,66,179,174,82,82,32,170,110,120,57,255,158,106,91,100,90,125,254,0,135,90,169,8,213,177,160,14,137,69,117,119,176,158,255,154,32,153,59,123,195,229,40,255,140,199,138,79,255,191,0,255,0,165,157,206,93,86,84,38,255,26,249,45,38,0,15,142,255,210,255,251,238,37,138,0,37,18,101,255,0,141,63,230,254,39,255,100,160,255
181,17,114,135,235,62,55,77,122,163,213,80,166,116,126,49,197,118,159,109,127,255,77,121,93,203,175,107,122,211,154,82,121,120,89,201,58,67,133,117,151,189,84,178,17,207,171,168,45,216,213,0,152,118,62,118,249,0,163,102,252,0,250,163,34,97,185,145,171,120,223,144,211,168,167,255,230,124,145,238,62,227,88,176,192,66,255,198,7,253,17,39,167,95,0,77,89,19,255,57,255,74,136,96,72,255,205,164,206,207,255,56,164,80,55,49,32,248,37,0,176,232,116,91,255,169,154,255
182,25,116,111,245,74,75,52,101,169,205,48,118,120,89,55,162,132,165,131,75,254,13,65,69,235,117,114,145,208,112,110,127,103,133,247,115,91,158,105,179,162,114,139,10,205,148,175,60,223,211,75,130,139,59,177,216,12,160,164,254,0,193,195,114,151,148,73,209,98,250,129,218,143,70,187,118,139,135,131,65,211,0,94,123,107,255,167,5,255,0,63,215,149,104,93,0,7,255,6,255,100,61,7,0,208,216,255,251,255,250,160,165,97,0,67,83,234,36,86,178,179,213,84,134,116,122,255
179,24,114,129,240,71,64,61,107,173,185,55,165,78,120,66,166,122,201,164,107,255,39,129,103,204,138,121,140,236,135,123,168,84,158,204,94,93,72,32,161,201,84,148,69,175,101,182,68,191,164,79,69,97,110,130,185,0,86,138,255,2,113,220,160,116,100,48,233,85,248,143,255,143,145,162,104,153,159,111,130,243,0,38,42,113,255,204,34,213,0,88,171,213,80,108,16,54,255,42,255,65,92,124,0,199,117,255,255,142,206,114,75,227,8,65,50,241,0,136,253,229,151,64,68,249,172,255
189,21,117,140,225,52,54,58,112,167,191,69,158,148,138,49,212,169,163,88,125,255,82,94,56,255,137,123,143,255,84,83,139,116,134,255,94,23,124,98,118,166,99,139,40,212,128,176,18,200,237,20,111,87,132,128,208,10,66,114,255,0,189,206,60,200,146,53,222,84,231,44,177,133,121,190,154,153,166,153,82,233,0,81,162,90,255,166,27,152,15,0,183,67,0,84,42,0,255,0,255,51,132,134,54,244,111,230,193,204,209,160,75,255,108,1,0,255,0,93,255,255,246,89,128,152,156,255
183,22,116,127,231,55,67,65,105,145,133,54,171,137,124,76,201,169,191,73,119,238,91,110,75,255,128,141,147,237,119,96,194,119,136,239,74,54,78,68,138,142,61,104,12,142,64,136,17,255,157,3,79,87,114,97,174,0,84,154,255,0,112,235,130,200,83,26,200,8,237,63,215,168,173,122,33,161,138,184,105,255,0,93,143,115,255,190,44,153,0,28,215,149,92,200,52,141,255,38,255,78,99,207,0,247,138,254,213,233,214,183,0,251,27,56,18,255,0,133,255,255,255,94,26,242,219,255
180,24,121,131,237,55,59,63,100,161,217,61,157,115,102,51,186,121,168,114,106,255,56,105,79,235,133,111,125,207,97,74,113,135,105,204,72,31,141,113,138,171,93,166,6,211,181,158,26,236,209,32,171,118,66,188,217,0,158,105,253,0,255,177,36,90,180,92,192,141,212,124,212,133,129,255,220,95,204,164,70,188,22,166,175,84,255,163,26,255,0,0,237,47,48,59,0,0,255,26,255,103,61,72,106,216,211,187,225,230,255,51,161,148,57,48,102,200,0,54,120,152,159,58,255,208,198,255
180,13,118,140,224,65,64,59,113,182,216,107,179,46,130,54,133,93,188,161,94,255,55,114,71,221,169,74,134,255,137,89,123,141,101,169,36,49,54,48,126,255,113,255,78,171,141,173,79,222,198,107,84,50,152,181,231,25,171,91,255,0,220,148,60,48,229,110,255,117,220,119,217,158,120,255,211,117,232,170,161,132,34,125,205,30,254,224,83,255,153,105,151,131,0,82,23,101,255,31,255,19,29,18,154,215,137,196,160,218,245,0,101,149,0,45,0,247,0,0,131,88,98,190,255,255,255,255
159,24,158,109,233,15,111,78,124,155,145,133,151,139,166,123,64,140,197,82,13,246,92,90,34,132,186,178,142,127,137,47,146,74,36,112,121,118,107,131,58,222,150,109,139,156,125,85,102,196,199,67,178,150,49,118,60,152,97,183,176,0,88,182,206,184,134,88,255,3,128,92,42,191,168,90,10,165,116,224,210,160,145,112,227,126,171,232,198,29,111,185,166,255,0,190,123,0,236,255,255,84,35,0,94,78,135,188,109,22,238,30,36,178,223,138,138,0,0,121,19,26,118,141,255,148,41,255
172,26,192,96,216,78,164,110,122,186,149,123,135,175,130,84,101,87,159,120,29,194,45,82,70,178,138,206,157,158,65,79,74,68,95,124,73,117,209,155,133,130,56,177,145,134,120,111,123,197,248,84,156,157,53,91,141,134,126,174,255,84,73,157,226,208,160,111,178,74,51,151,255,255,74,73,36,130,139,171,175,154,181,255,225,151,58,234,158,34,189,104,136,162,29,255,94,26,75,189,255,122,93,101,43,125,113,161,210,181,118,47,32,49,178,195,0,70,0,35,195,49,150,98,212,0,66,255
171,18,173,80,191,61,167,82,142,136,117,101,98,196,98,130,112,163,79,108,89,240,88,101,42,151,152,206,175,150,114,61,131,38,131,223,121,17,188,121,155,77,49,138,32,225,138,176,64,195,200,89,116,127,165,140,200,83,128,94,137,43,1,255,157,202,168,75,116,27,75,199,238,162,130,104,66,233,220,91,190,145,212,207,73,104,126,148,203,73,123,174,116,93,88,228,122,0,138,255,250,93,111,79,72,111,143,156,211,198,83,184,0,62,152,137,0,54,16,131,244,142,0,91,98,0,83,255
171,15,160,92,182,52,132,110,156,149,127,26,116,150,96,72,51,140,46,107,85,255,122,103,66,115,147,203,140,193,191,120,153,49,84,175,202,76,57,146,156,126,84,130,53,160,118,99,24,86,131,151,91,112,75,76,145,24,128,77,155,0,11,225,130,193,174,69,83,91,75,204,255,209,113,93,141,208,255,161,230,144,155,122,101,114,98,108,22,100,126,253,57,120,80,223,69,73,138,201,255,122,199,149,61,66,185,144,208,255,197,129,93,155,65,14,88,65,0,156,245,246,0,95,120,0,102,255
177,21,166,105,192,64,137,101,120,196,161,87,128,181,126,64,128,139,53,143,73,244,83,110,64,183,134,178,215,176,104,78,98,93,91,127,185,131,111,111,193,137,59,167,98,189,114,147,59,105,176,159,77,126,155,165,183,57,126,150,163,108,24,182,121,216,161,90,82,73,72,205,179,255,79,139,90,199,108,125,195,71,182,186,37,101,96,187,133,52,227,144,58,207,113,252,51,4,92,178,230,207,213,57,117,145,108,216,250,255,160,175,80,113,57,93,55,169,42,131,255,98,27,34,77,61,30,255
184,32,174,128,213,88,115,88,90,211,121,41,150,169,93,117,119,124,119,193,53,255,41,77,25,229,138,183,136,163,116,89,112,93,176,160,163,170,143,28,166,233,61,168,202,158,190,143,111,198,155,66,91,131,211,136,222,67,106,201,212,101,46,255,94,201,143,66,190,190,92,183,184,214,151,187,49,188,141,159,106,132,95,103,27,88,85,86,83,157,124,69,156,114,234,228,0,127,116,226,167,125,220,0,38,164,60,195,144,164,150,255,46,195,155,16,64,82,12,214,120,115,199,58,220,0,137,255
200,20,150,124,206,56,128,103,47,147,93,30,200,174,90,112,141,171,94,149,47,255,118,82,50,153,113,142,173,155,139,118,149,112,105,117,182,87,148,63,156,255,68,215,116,149,118,165,73,185,198,80,146,154,102,145,154,88,72,232,191,193,19,236,102,166,114,94,156,171,139,97,180,235,149,84,183,180,206,86,111,255,124,96,38,102,255,255,133,104,87,154,181,201,244,160,0,18,170,85,255,78,233,140,76,193,83,159,173,125,28,255,91,95,255,37,223,126,33,172,220,206,87,93,255,70,168,255
197,13,122,136,216,56,119,108,85,118,94,0,239,136,84,104,171,160,143,144,69,233,131,98,30,94,131,124,185,150,178,184,200,127,39,147,142,92,170,51,105,199,15,127,98,148,155,137,69,119,180,82,165,153,150,90,109,50,74,179,225,136,58,255,138,206,158,68,197,163,103,207,198,192,70,44,123,131,184,126,87,235,111,51,12,136,247,255,107,195,47,216,125,211,158,154,0,0,203,127,223,83,248,151,174,229,74,143,231,198,162,214,167,28,255,18,255,109,0,213,184,255,0,108,255,95,208,255
190,23,137,124,216,59,113,89,61,148,101,7,216,156,101,130,148,152,170,138,61,228,110,131,59,126,126,166,183,165,135,131,156,105,117,132,197,90,102,48,107,223,52,159,127,154,152,107,147,180,199,74,122,154,135,95,179,76,118,192,234,128,48,255,138,196,100,39,168,171,133,178,254,254,108,110,190,103,212,93,186,255,106,143,29,107,255,255,88,97,57,185,162,213,181,91,18,37,204,115,255,67,194,102,83,198,89,129,194,105,64,255,56,113,255,7,215,106,6,177,144,212,98,110,255,86,249,255
194,22,135,114,217,69,91,115,32,176,96,34,213,155,94,80,167,132,176,161,72,238,119,146,68,169,131,152,198,205,139,90,188,133,128,122,164,85,119,10,156,226,50,69,93,204,189,161,122,223,210,85,156,145,140,32,172,75,78,239,221,164,43,243,173,211,54,4,136,179,146,204,250,255,108,155,183,189,162,132,96,255,114,125,63,96,218,255,84,133,70,204,130,192,225,77,0,0,221,76,255,64,230,80,21,202,96,160,211,128,136,255,3,42,255,0,164,149,47,191,229,255,59,94,255,99,207,255
193,25,154,120,199,70,86,112,53,190,109,46,178,185,64,59,169,131,119,173,91,255,72,95,64,200,127,166,159,208,99,94,169,117,129,104,152,114,141,42,147,233,109,129,155,174,203,135,117,176,203,95,92,105,100,77,184,55,64,173,163,134,71,231,125,213,116,48,133,189,140,84,207,209,107,136,164,245,128,120,63,215,94,105,73,128,249,255,72,175,95,192,122,155,209,118,0,86,181,195,225,151,202,31,95,239,149,203,207,105,100,255,0,80,255,20,181,128,23,250,195,255,148,78,147,142,202,255
192,33,161,134,212,68,87,77,46,181,130,38,188,148,100,102,173,137,152,174,88,255,51,128,48,230,145,145,173,177,78,85,126,156,146,128,186,128,101,65,153,243,63,177,191,160,149,108,168,238,233,12,88,150,112,140,249,28,99,201,221,62,47,241,129,159,162,51,180,192,114,133,203,219,83,223,167,114,199,158,123,240,124,149,68,98,249,222,41,207,60,77,166,197,255,183,0,105,243,172,249,124,238,46,116,255,56,136,175,150,116,255,143,191,255,0,197,123,48,177,110,160,149,98,255,92,255,255
193,24,156,126,200,78,85,99,51,201,113,45,199,179,82,61,145,132,129,174,101,255,103,95,61,159,115,157,198,174,111,84,146,95,137,121,189,113,169,57,193,208,71,141,114,171,137,136,118,187,193,85,115,121,149,117,159,21,87,211,198,163,92,213,149,160,97,45,110,196,122,128,189,229,117,141,253,237,148,162,87,252,135,66,44,90,255,254,92,147,103,213,132,168,212,156,0,20,209,136,255,137,196,58,107,217,119,216,230,131,135,255,43,125,255,0,223,167,127,237,178,245,40,108,246,50,255,255
189,24,149,94,207,72,87,103,77,199,115,75,153,157,55,55,147,112,122,162,88,255,114,79,44,233,168,152,162,217,139,97,158,98,83,178,133,100,153,41,180,215,82,152,32,149,255,177,41,191,166,158,216,22,100,114,255,14,104,164,243,120,16,216,120,158,172,36,67,142,188,97,145,79,95,125,58,175,153,86,72,255,124,148,41,39,255,204,38,255,22,157,50,160,48,117,0,189,138,255,201,22,107,71,121,213,101,250,239,155,86,195,67,71,151,0,84,238,0,52,255,255,194,126,244,144,173,255
191,13,122,137,211,55,118,90,76,133,124,0,235,121,84,104,183,133,166,172,122,237,106,127,9,141,131,131,180,155,164,135,147,98,84,84,159,102,124,27,129,254,59,147,135,168,120,201,119,148,211,73,182,113,146,121,108,93,74,178,237,79,51,255,109,192,143,145,129,175,153,206,226,178,13,94,127,83,198,113,144,230,161,136,10,137,255,255,95,212,0,184,76,181,117,22,20,51,250,96,255,70,255,150,70,255,118,138,182,229,207,234,224,18,186,62,234,108,0,213,210,226,33,90,255,88,255,255
195,22,145,131,212,82,93,82,41,170,127,41,208,178,76,93,174,144,122,182,90,255,104,110,72,177,113,155,194,195,122,100,190,74,157,100,194,114,174,23,170,210,99,128,171,198,155,130,123,187,229,63,98,184,147,134,155,49,56,220,189,164,70,233,195,176,56,20,171,181,161,131,213,226,130,84,200,252,186,110,83,221,156,102,70,118,255,255,144,140,75,161,176,209,243,144,0,44,252,100,254,86,255,38,7,195,139,200,221,149,101,254,60,139,255,7,243,137,41,209,253,255,104,63,150,81,223,255
190,31,185,96,193,70,72,97,46,213,87,80,138,135,55,73,100,127,167,163,69,255,124,129,75,196,141,173,147,146,121,133,177,127,88,165,149,47,136,101,166,240,29,207,140,195,143,150,115,170,165,118,136,88,78,112,193,40,81,218,245,166,0,205,153,203,174,51,176,128,138,90,214,168,108,150,163,255,106,66,125,228,115,176,86,74,239,255,81,204,132,84,209,127,238,120,8,132,147,248,172,48,95,68,59,206,176,209,221,158,19,255,42,86,255,94,198,207,47,78,255,231,63,63,93,24,135,255
200,14,138,115,214,65,135,124,34,163,74,30,221,175,99,153,150,131,152,139,27,224,110,105,48,122,99,131,199,161,164,109,160,90,97,94,177,80,96,71,69,253,59,161,130,171,185,137,114,215,171,81,147,165,113,93,141,73,141,207,255,188,29,209,144,183,76,72,183,147,175,175,255,255,82,70,166,157,195,55,117,255,110,113,32,94,255,255,78,177,11,189,99,191,166,100,0,21,200,146,255,108,255,143,105,123,61,156,181,126,106,255,112,0,255,41,221,133,65,214,255,255,23,99,255,0,204,255
196,16,137,127,210,78,115,93,65,156,113,45,218,150,85,116,168,129,130,157,42,243,108,111,49,155,116,143,183,179,145,132,177,80,136,92,168,111,120,39,125,246,79,172,183,200,158,121,110,158,192,83,85,189,163,125,131,83,88,192,240,159,79,251,175,209,117,62,196,154,170,161,239,194,83,106,204,226,178,96,115,250,182,154,69,151,255,255,151,138,72,171,126,245,180,99,0,0,205,131,156,56,233,44,95,209,110,118,243,107,74,255,77,37,250,37,254,139,127,193,214,255,57,95,221,43,176,255
197,21,135,134,214,57,100,98,62,146,116,16,204,167,107,93,179,157,134,140,76,255,114,115,38,152,136,124,192,190,162,114,159,115,100,141,149,109,149,56,141,189,51,142,113,178,150,143,100,193,227,47,134,148,130,84,184,97,75,213,205,126,55,250,86,188,101,74,155,177,154,161,211,236,104,106,198,193,156,146,83,223,175,113,67,118,255,251,85,125,81,164,167,185,142,114,0,0,201,97,216,103,227,74,54,237,115,157,169,102,120,255,93,95,255,26,202,143,36,198,177,218,80,118,255,146,162,255
196,16,131,130,218,49,115,118,51,158,84,17,227,144,116,147,199,134,165,123,49,255,113,120,76,165,130,123,194,152,140,132,191,74,172,102,194,71,129,38,112,252,97,93,186,194,169,121,168,229,183,38,101,214,182,54,122,74,101,200,188,144,14,255,205,212,94,38,207,98,171,224,255,255,146,105,188,151,202,141,122,255,179,132,68,156,255,255,158,68,10,222,205,245,247,56,3,24,222,121,248,87,249,123,0,225,65,48,216,89,84,255,114,34,255,21,255,79,47,207,220,232,40,114,255,110,135,255
193,19,138,120,224,79,88,111,44,185,92,63,202,135,86,85,181,112,165,162,53,229,118,124,93,147,152,158,173,175,124,82,200,104,177,114,176,85,130,41,152,205,91,74,141,179,138,134,105,194,172,103,81,178,111,113,148,71,76,178,200,140,85,222,193,205,61,22,190,154,136,186,218,221,121,154,181,255,153,134,112,255,144,118,77,110,252,239,115,158,86,175,124,211,184,104,0,0,255,85,255,16,216,43,95,165,109,217,195,139,88,246,103,122,255,12,153,122,83,248,204,255,0,41,243,0,148,255
190,48,219,76,201,39,52,58,68,241,157,68,97,162,81,92,92,172,139,188,99,212,133,177,95,255,134,245,191,130,128,145,196,84,34,233,144,51,182,185,88,233,0,158,70,207,119,108,233,207,129,242,205,17,147,128,175,11,109,255,255,166,0,233,255,137,251,108,255,19,113,115,159,167,57,89,91,98,58,107,246,255,148,213,0,58,216,255,89,255,0,83,255,255,148,255,0,30,32,255,170,79,174,123,51,255,167,237,221,202,86,255,92,108,228,0,227,222,111,0,255,32,2,40,17,138,0,255
190,25,167,105,192,67,69,93,61,182,117,30,169,141,95,31,130,111,141,159,104,255,75,88,73,199,171,149,199,142,112,100,133,99,101,134,150,77,174,101,168,255,62,165,89,204,144,139,90,198,144,79,154,112,129,99,187,21,107,149,182,129,86,230,147,220,187,16,117,132,171,125,178,208,66,169,171,221,130,103,95,213,182,86,18,109,193,228,29,158,98,137,166,139,158,124,0,112,159,205,144,103,126,87,115,253,161,210,175,165,128,255,93,116,255,18,214,124,88,129,255,255,82,51,253,127,215,255
194,28,180,109,182,68,60,82,36,202,99,40,176,132,79,29,124,124,151,183,112,255,111,95,85,137,135,178,158,120,105,104,167,114,77,108,199,83,177,96,187,187,51,162,106,167,111,104,130,136,126,28,138,119,104,95,166,25,60,212,250,139,27,239,152,154,178,26,99,138,119,98,227,192,96,170,241,239,95,176,103,198,211,73,0,40,237,255,12,157,145,240,131,133,205,140,0,95,180,165,188,107,163,84,109,183,147,197,209,202,70,255,25,133,255,32,255,159,47,255,186,255,77,29,255,78,243,255
183,41,203,85,182,12,64,80,98,203,188,26,69,143,105,85,147,162,119,168,84,209,135,104,109,226,163,217,169,156,192,168,189,42,98,205,134,45,167,176,117,255,0,96,54,179,191,117,119,229,127,210,135,0,177,136,187,0,114,255,184,164,0,173,255,153,204,56,255,44,95,71,156,170,129,78,93,113,112,134,156,255,90,198,35,111,197,230,129,218,0,103,255,255,23,255,0,0,170,255,195,112,162,81,7,255,51,213,182,255,159,172,172,108,118,0,188,222,89,116,189,0,0,173,0,120,0,255
186,32,183,99,185,46,74,98,47,189,117,52,127,135,101,45,112,138,90,165,112,255,95,129,70,221,147,180,166,136,114,96,147,114,100,127,149,89,132,114,181,255,42,186,98,171,155,170,105,147,150,129,133,75,119,129,176,0,51,189,172,137,37,235,161,204,177,50,163,115,148,49,180,213,133,150,137,208,131,91,111,192,148,117,24,59,188,226,38,123,116,97,223,137,145,121,0,133,141,194,209,146,147,96,88,183,164,255,139,207,117,255,25,175,238,13,238,146,0,77,255,245,118,103,196,45,143,255
187,30,167,102,194,47,61,79,50,183,111,10,147,133,104,18,124,137,119,152,135,241,105,113,58,193,168,158,194,131,102,92,158,109,48,143,165,79,124,117,173,219,43,160,56,169,148,172,80,160,163,116,177,104,107,106,184,3,93,160,171,143,96,255,128,227,187,10,101,107,174,78,190,182,56,120,156,166,109,74,83,176,219,105,0,83,215,248,26,167,116,131,235,146,139,134,0,144,149,222,111,102,149,106,142,255,171,221,131,221,166,255,89,132,255,0,255,142,18,103,255,255,132,88,255,183,196,255
191,44,205,110,210,69,70,45,69,179,179,24,155,127,108,112,113,145,142,195,58,250,109,188,99,189,186,189,161,89,153,129,131,133,97,148,142,92,136,84,198,233,30,174,192,165,150,162,123,207,184,31,92,98,73,153,195,59,175,255,255,57,49,235,177,208,255,82,255,168,0,80,193,255,156,197,76,211,120,242,140,96,203,255,145,69,255,197,76,107,136,136,255,164,177,255,0,56,208,168,241,161,237,5,0,229,142,124,168,255,145,255,55,255,255,97,134,236,139,255,67,45,32,45,65,0,14,255
186,15,147,140,201,110,65,38,87,225,186,68,197,65,122,190,66,111,180,244,94,255,102,175,112,212,103,207,183,187,144,65,162,54,164,75,201,129,144,60,250,255,147,179,157,180,56,130,123,138,186,41,92,132,144,201,186,90,117,146,198,187,42,171,171,145,103,120,137,201,174,37,255,255,35,123,190,184,162,204,95,186,253,127,155,96,248,255,83,145,37,217,115,133,106,183,0,27,197,143,182,18,178,124,0,114,171,236,129,253,113,218,130,236,237,18,68,131,0,255,176,116,33,88,201,0,255,255
192,44,204,105,207,88,85,43,74,220,149,47,139,183,102,68,141,163,126,159,53,255,97,131,83,182,156,196,205,154,150,72,166,57,98,129,179,121,149,63,154,217,3,116,150,213,124,190,168,180,207,72,94,87,134,128,143,2,131,255,205,55,57,237,158,174,221,50,157,153,93,69,219,255,119,134,152,211,100,146,94,148,127,202,29,60,207,194,91,118,118,212,255,79,207,255,0,64,240,216,255,169,145,32,0,240,130,252,255,166,67,255,0,217,255,114,227,255,35,157,171,64,75,159,2,41,134,255
196,29,181,118,200,115,138,83,89,244,126,87,167,221,104,87,124,157,146,199,30,255,66,88,54,148,151,145,182,209,140,62,144,147,92,118,201,123,130,58,188,170,0,164,143,201,140,211,160,146,253,81,109,113,139,108,209,37,88,223,214,106,23,239,111,188,186,98,113,167,57,124,224,215,110,144,149,203,113,140,105,169,164,125,61,53,199,230,228,173,163,156,131,197,231,255,0,0,186,216,243,170,201,0,7,245,100,226,255,95,64,255,0,94,225,43,126,52,0,121,196,75,50,159,139,5,142,255
190,16,136,155,216,97,83,32,126,165,191,27,204,88,99,103,98,144,159,225,117,255,82,119,90,232,131,142,218,177,171,119,133,74,141,112,154,118,167,69,224,241,107,140,171,205,89,129,92,152,180,60,86,119,109,109,136,52,147,125,219,141,87,213,108,108,178,121,89,205,165,144,236,252,79,135,167,134,130,169,92,185,179,183,127,133,188,255,122,173,125,53,133,250,64,67,0,0,255,51,202,74,171,19,49,241,171,218,171,210,237,255,144,184,103,107,69,137,43,255,130,102,0,65,255,70,218,255
185,31,150,134,244,101,71,62,102,213,175,48,183,123,52,105,118,106,184,243,37,255,113,119,127,222,139,141,167,154,159,79,203,59,108,118,129,112,172,67,196,210,118,120,233,201,92,150,74,138,217,58,151,162,72,159,149,42,132,117,155,5,124,172,84,165,155,77,130,217,123,87,177,255,207,156,138,132,167,218,99,149,186,146,152,58,181,219,97,217,47,53,168,150,141,111,0,70,196,169,194,93,109,1,45,219,171,204,195,82,240,231,57,172,142,0,41,186,35,254,60,81,0,79,138,0,192,255
186,52,226,97,236,59,79,50,93,172,174,27,109,139,151,124,119,164,123,87,52,206,69,157,46,231,158,222,189,105,161,157,129,112,100,188,58,51,156,122,127,255,0,118,94,194,168,79,162,247,111,141,143,82,60,141,103,0,161,255,255,115,67,198,255,228,206,88,255,141,80,102,172,228,24,91,54,138,141,192,135,132,136,255,86,65,121,215,139,121,75,94,255,203,98,255,0,141,95,244,142,158,190,142,0,255,18,210,186,255,188,255,116,211,255,199,115,171,68,180,111,16,0,100,145,99,18,255
197,24,147,142,217,88,78,50,73,144,183,29,198,163,87,56,186,161,109,202,117,255,86,107,68,211,144,122,202,140,173,101,100,70,103,103,153,161,178,85,200,165,113,150,208,142,143,85,65,220,224,0,80,162,62,145,210,61,51,172,208,83,81,158,108,66,140,63,84,148,183,124,193,221,132,155,167,187,134,154,40,136,255,169,137,146,224,232,146,174,82,112,111,221,69,162,0,36,255,51,242,56,255,0,15,236,181,171,221,239,153,255,157,173,199,41,143,255,23,196,160,77,190,33,255,71,162,255
188,31,173,120,213,99,69,50,81,158,178,35,184,115,77,79,123,132,153,200,50,255,84,115,74,176,170,185,184,111,127,77,123,84,111,117,167,88,137,90,188,209,86,116,163,184,97,112,101,213,158,36,143,153,86,123,152,61,140,147,226,80,89,177,134,156,191,49,53,196,120,101,144,213,85,201,211,177,124,213,100,80,255,161,131,107,152,187,66,151,78,102,136,153,164,197,0,85,241,157,188,94,132,44,105,214,152,196,215,192,114,255,93,252,225,22,98,156,107,193,53,51,115,2,237,0,139,255
189,47,215,78,199,67,98,72,61,210,137,56,87,218,130,102,111,193,95,196,89,248,81,179,61,248,162,253,146,130,146,39,174,115,59,150,128,136,147,124,119,237,0,156,95,177,215,221,215,205,184,161,216,19,150,173,158,0,115,255,255,112,94,255,222,174,240,92,255,68,82,64,196,227,87,107,67,148,94,171,133,204,107,255,12,49,152,182,79,228,39,181,255,162,100,255,0,45,218,255,219,213,246,102,52,255,44,255,211,255,104,255,0,175,207,36,144,89,29,12,255,80,58,100,126,7,28,255
190,48,219,93,202,42,57,34,61,142,167,30,80,149,106,83,120,151,85,176,81,224,81,167,56,220,229,191,190,79,166,107,186,74,69,173,118,57,166,93,182,255,32,101,134,238,159,205,107,179,184,112,123,56,69,96,155,0,90,255,229,141,33,226,207,201,247,64,255,112,126,0,155,255,113,115,21,181,90,73,95,137,91,233,116,56,234,197,145,116,101,113,255,254,155,255,0,130,249,210,204,218,246,0,0,236,133,203,171,245,85,255,0,255,255,218,209,209,144,205,174,75,3,80,0,0,0,255
181,27,153,90,215,67,49,71,92,224,149,132,76,144,129,33,181,138,116,165,108,255,145,76,76,251,106,184,144,203,55,102,173,156,87,171,106,113,66,84,174,243,39,133,71,137,184,173,0,83,125,168,82,100,149,153,223,38,111,156,207,59,78,208,187,198,188,54,185,103,255,56,166,77,180,172,27,165,169,62,216,187,104,29,117,80,255,176,80,211,0,147,151,182,0,210,0,125,166,180,255,29,75,145,41,176,117,255,249,196,61,223,42,131,0,5,112,255,0,0,255,252,163,255,100,244,171,255
188,31,162,124,207,65,63,61,109,211,118,92,132,149,132,15,194,195,159,144,111,231,141,50,48,242,112,173,136,205,85,155,163,168,60,251,128,74,139,71,172,139,45,169,86,155,108,162,0,85,115,80,138,117,136,65,181,4,79,189,212,4,73,237,124,223,162,61,179,47,223,68,160,71,159,172,81,181,122,158,115,126,16,29,67,26,231,206,23,110,109,141,149,128,102,191,0,21,189,79,254,126,174,43,8,229,81,246,252,97,121,255,0,255,174,1,40,255,0,54,255,192,96,128,120,153,134,255
191,22,131,139,224,82,66,68,123,158,152,26,172,139,104,56,192,157,130,146,117,249,90,60,78,208,166,122,180,172,123,103,123,98,131,183,117,125,169,20,160,186,106,133,114,124,136,117,62,169,160,107,76,118,96,71,171,44,49,155,229,96,108,221,141,198,94,41,141,167,168,121,202,205,173,138,83,224,173,125,109,238,27,77,18,109,227,241,86,115,11,115,109,166,75,161,0,100,255,69,200,27,136,92,32,249,126,255,205,153,190,235,63,230,151,41,28,255,33,210,243,255,170,132,148,92,135,255
183,24,119,113,238,82,79,52,125,182,159,58,126,149,97,83,172,137,171,106,95,255,39,90,41,255,107,167,117,232,129,95,163,83,127,246,95,112,87,42,190,190,80,90,70,198,115,158,43,205,138,74,97,76,123,129,130,0,115,157,255,34,161,255,167,163,44,0,227,86,216,41,195,133,134,80,0,216,197,148,58,232,0,37,80,121,255,177,35,192,0,34,230,143,106,205,0,93,255,117,218,107,48,80,0,174,159,255,225,185,185,255,7,180,76,46,0,255,0,170,255,186,255,45,14,115,139,255
193,20,121,134,224,67,53,65,126,190,187,75,145,161,149,56,226,208,166,92,128,255,121,68,80,255,133,115,145,242,56,118,157,120,133,255,97,22,127,131,149,161,133,162,60,178,105,181,0,172,201,8,117,74,85,77,138,32,51,146,243,0,100,219,76,252,129,56,203,69,248,0,180,135,185,110,50,145,147,140,116,255,0,0,185,123,255,238,0,130,0,15,180,61,0,151,27,21,255,0,255,11,138,214,0,248,120,255,229,132,172,255,79,255,140,35,0,255,0,75,255,255,210,108,14,77,161,255
195,18,117,138,216,69,83,64,119,117,189,15,166,135,91,56,165,150,120,124,98,255,48,85,40,199,138,101,172,174,149,106,119,84,64,205,113,111,192,70,147,208,69,156,33,169,107,128,56,201,226,47,185,110,99,121,157,44,85,138,255,63,181,255,115,119,126,61,199,158,172,73,183,234,25,146,142,145,217,72,61,200,171,106,110,190,255,243,146,203,39,37,249,137,3,130,0,53,255,84,182,84,124,96,92,255,255,245,183,255,241,161,244,173,228,67,108,163,6,245,177,170,91,40,253,138,145,255
189,24,125,122,226,92,72,55,115,174,210,36,117,181,100,51,174,169,128,122,112,255,45,70,29,255,125,108,156,210,101,75,143,87,134,253,108,132,123,51,164,193,143,208,46,139,137,144,68,255,254,80,154,89,128,169,191,71,109,146,255,1,161,255,91,133,100,46,183,94,255,0,185,187,85,149,58,176,219,70,112,237,54,121,158,158,255,255,129,188,0,43,255,95,34,145,0,156,255,47,193,100,29,65,0,255,225,255,246,255,210,255,191,226,28,90,0,255,0,201,255,108,180,68,167,24,182,255
189,23,128,128,224,80,65,58,131,194,154,80,126,145,142,77,196,187,176,122,110,255,84,90,52,255,125,163,150,226,72,103,154,118,119,214,96,74,92,20,164,194,52,133,105,166,130,130,30,145,174,79,102,68,144,118,186,0,63,188,255,44,114,245,168,195,91,53,200,99,248,33,175,128,157,84,5,188,187,145,94,227,0,50,48,95,255,173,50,121,0,43,200,150,48,192,0,63,255,61,222,3,127,129,0,208,116,255,130,147,144,255,0,255,116,23,0,255,0,109,255,239,251,125,63,142,132,255
192,22,122,130,236,80,81,83,108,160,145,63,185,129,92,71,195,153,135,139,98,242,85,62,75,196,156,138,154,212,120,126,152,111,110,224,96,65,176,47,164,175,95,80,107,189,107,134,14,162,187,58,107,160,49,29,123,0,8,168,212,62,150,247,175,235,97,34,210,123,142,109,200,175,177,118,49,192,172,97,84,251,7,51,69,136,255,227,23,185,1,95,130,182,78,210,13,57,255,44,234,93,197,115,52,237,104,209,228,111,194,255,100,148,201,0,107,196,9,118,239,255,149,81,73,95,168,255
191,20,139,128,216,104,57,57,141,201,214,70,124,135,120,49,196,164,119,140,101,255,85,59,75,226,169,129,174,164,105,101,132,75,177,197,136,95,139,77,135,223,141,165,106,158,131,181,82,190,177,101,104,153,118,98,180,113,131,162,246,51,48,202,129,177,149,84,131,153,229,89,168,202,105,194,127,149,164,110,165,179,99,57,135,123,255,241,79,92,15,120,116,182,37,175,0,97,255,106,173,25,93,99,33,255,160,255,255,200,89,255,172,182,155,172,0,255,135,189,255,135,47,61,116,0,119,255
193,21,136,138,215,96,60,48,141,209,225,59,126,174,96,46,232,168,147,138,114,255,119,30,103,255,156,102,221,147,105,106,145,58,122,231,171,103,131,117,152,212,144,122,185,137,129,154,118,171,241,82,90,149,118,28,136,78,188,115,212,0,70,143,41,178,173,176,39,152,241,77,211,204,98,169,119,54,156,112,194,202,84,72,229,175,255,255,59,160,0,5,126,153,9,41,0,2,255,31,164,51,110,71,33,255,174,255,255,52,156,255,172,245,143,187,33,255,124,237,193,149,0,156,81,0,80,255
184,15,129,126,203,89,62,54,130,204,211,65,112,127,109,37,197,137,131,142,113,255,112,100,114,226,157,122,170,172,111,83,134,67,143,168,141,51,61,84,152,233,125,169,121,124,114,163,122,199,194,105,60,141,188,88,183,105,131,127,213,55,44,188,107,135,155,144,101,176,209,19,208,161,69,186,161,58,179,132,181,209,141,41,129,140,255,255,116,119,120,82,134,168,8,92,0,8,246,52,154,0,143,38,74,255,207,255,139,164,96,255,166,255,155,196,54,255,24,220,217,177,0,150,132,0,7,255
180,11,118,128,218,79,58,67,125,183,225,81,140,109,122,62,174,113,153,126,118,255,91,116,95,209,156,115,136,185,136,96,121,100,151,178,95,65,95,101,137,249,98,194,80,142,152,156,63,219,213,44,123,116,100,141,255,0,176,150,205,0,172,177,90,132,174,147,177,129,222,82,196,189,91,230,167,118,135,185,137,190,149,109,128,133,255,251,33,185,18,130,138,97,0,73,103,30,255,89,251,0,127,92,76,255,217,200,153,209,220,188,200,126,119,163,65,195,80,69,213,218,51,158,238,50,78,255
179,27,116,112,252,76,88,80,93,153,134,51,163,103,64,62,172,113,184,160,96,247,86,120,72,197,157,157,130,197,186,86,200,99,103,199,68,107,84,40,149,171,34,55,35,188,69,151,41,212,111,74,71,117,82,113,172,0,111,116,215,34,132,188,149,111,71,15,171,54,222,153,255,169,104,91,5,160,124,204,38,255,0,88,67,74,255,201,0,228,0,160,155,228,166,168,25,58,255,14,255,96,62,24,0,119,158,255,255,205,204,85,0,69,18,15,71,255,0,163,154,255,222,97,84,154,82,255
181,13,118,128,226,78,59,69,131,175,219,87,150,104,140,59,166,120,151,134,123,255,78,124,92,195,163,114,132,202,136,102,133,103,138,186,71,91,87,121,141,233,75,206,41,159,155,168,49,208,189,29,112,123,85,127,255,0,184,137,239,0,147,192,108,115,190,141,206,115,225,140,212,180,133,238,191,150,138,203,126,207,140,120,158,126,255,220,23,217,31,76,128,159,0,108,105,61,255,114,255,4,137,83,61,255,217,198,197,225,255,161,215,92,72,107,26,240,61,0,231,174,84,114,255,107,117,255
180,11,112,134,220,60,64,70,131,160,217,71,142,123,130,55,193,144,160,98,127,255,91,122,66,180,155,107,110,199,156,100,136,104,128,209,60,22,151,127,113,178,63,178,18,150,139,166,25,220,240,0,166,104,101,182,255,0,159,166,173,0,172,179,68,151,119,154,193,78,238,91,199,153,105,168,132,163,121,224,111,202,95,90,167,91,246,242,57,151,0,120,160,84,0,91,159,53,255,45,255,34,120,145,43,211,177,172,154,255,237,144,162,113,105,147,66,218,18,54,242,203,55,124,203,96,89,255
182,20,119,139,237,59,55,78,122,163,192,87,159,108,158,70,167,148,164,115,81,251,76,85,112,193,158,97,147,208,107,87,134,107,168,226,64,59,142,88,119,192,102,166,74,173,138,165,24,181,162,29,85,122,65,115,145,0,112,136,255,0,149,205,125,216,140,63,240,73,196,135,209,188,200,227,74,165,153,156,114,218,0,16,124,89,255,241,42,166,0,60,117,145,0,140,91,44,255,33,255,67,94,186,71,221,72,246,220,121,244,147,22,164,62,121,0,255,0,52,255,255,143,147,122,208,135,255
185,14,121,130,219,89,53,80,142,192,233,90,122,128,131,64,194,137,141,125,109,255,101,109,79,223,153,121,133,191,129,105,126,85,159,187,88,67,122,117,116,255,112,220,102,165,167,158,40,202,229,38,104,152,84,115,255,17,153,156,203,0,144,185,118,134,192,180,202,139,255,78,187,167,129,226,197,127,158,154,130,241,139,67,168,180,255,253,14,136,0,97,151,155,0,111,73,22,255,85,255,0,160,96,53,255,223,230,187,205,161,235,255,120,140,142,28,222,62,42,255,206,16,173,224,0,16,255
181,14,119,125,223,67,63,74,117,173,175,93,146,112,132,65,184,124,151,100,111,252,90,112,96,220,151,107,132,209,134,89,144,114,142,200,74,51,90,82,127,193,89,156,46,148,141,179,36,215,165,34,91,95,107,115,206,0,128,134,254,0,142,189,104,181,139,82,195,95,199,96,189,204,100,200,106,172,131,178,84,217,47,75,88,96,255,216,14,159,13,111,112,113,0,100,103,91,255,78,252,38,99,109,41,214,135,219,154,200,219,178,61,97,91,87,12,231,6,97,230,255,172,144,176,119,78,255
182,19,117,129,236,64,63,77,101,168,188,82,169,81,134,57,162,117,163,140,100,246,61,116,113,187,166,106,137,207,127,89,149,129,158,196,80,80,96,79,144,204,79,182,35,167,119,158,47,175,176,44,79,119,84,128,213,14,110,144,254,0,132,210,143,150,138,55,238,110,193,163,204,188,155,230,119,171,162,167,115,224,17,58,97,75,255,238,46,211,13,101,110,207,14,99,71,51,255,56,255,34,105,86,67,212,126,208,227,189,207,144,79,124,86,64,27,255,0,39,194,225,150,108,209,179,153,255
184,13,119,130,215,83,62,70,142,189,226,84,139,101,133,60,168,136,148,136,111,255,85,109,88,203,156,103,117,212,129,105,129,110,139,181,75,48,129,110,137,248,82,215,78,166,128,166,49,208,232,37,134,145,83,140,255,22,150,183,228,0,120,187,94,152,163,158,206,123,223,80,200,185,89,227,183,135,147,167,132,197,119,86,126,149,255,248,26,148,6,110,131,142,0,142,78,18,255,59,241,19,153,137,54,255,201,216,200,235,210,213,255,103,127,135,9,214,130,10,255,166,26,124,213,15,59,255
178,11,117,132,215,75,60,59,126,173,222,61,142,143,110,58,178,107,162,103,138,255,89,128,95,223,145,106,146,185,131,71,113,98,143,157,97,62,92,97,118,215,92,182,80,133,165,137,53,255,232,13,122,88,108,141,255,0,180,113,191,0,216,197,56,96,179,152,119,123,205,76,186,211,56,235,147,121,106,229,147,205,158,183,151,110,235,245,58,190,43,105,128,47,0,55,128,45,255,99,224,28,116,82,83,255,221,217,154,210,255,144,151,134,69,171,34,225,52,168,149,227,55,166,235,110,128,255
186,20,120,144,234,65,42,84,145,178,211,85,141,125,159,52,193,176,155,136,85,255,126,73,103,196,136,106,132,219,110,136,148,108,151,243,79,33,163,152,114,199,50,156,58,198,137,172,0,167,204,7,114,146,30,116,180,10,103,126,241,0,74,167,109,221,118,142,215,61,239,128,206,188,205,181,131,186,119,191,122,255,0,22,197,158,255,219,63,112,0,51,84,173,0,176,89,9,255,4,255,44,142,255,18,232,113,180,255,141,223,230,62,136,50,104,29,255,70,0,255,255,91,98,46,90,92,255
184,15,121,133,220,83,59,61,144,183,215,84,139,124,135,59,181,143,152,116,118,255,84,113,81,231,149,107,114,221,130,107,133,114,119,199,79,65,107,105,128,214,57,201,78,160,149,167,38,222,229,11,131,109,98,127,255,0,151,166,242,0,165,178,94,134,165,148,193,103,242,74,199,203,104,240,159,129,140,201,120,195,94,99,134,120,255,188,27,172,6,81,165,125,0,135,72,19,255,73,236,24,154,103,10,255,218,254,181,183,218,216,157,118,96,157,0,255,123,47,255,151,77,123,203,70,79,255
179,21,113,122,235,67,67,64,114,168,205,48,139,101,119,46,162,123,161,130,91,255,24,98,104,201,144,133,131,207,113,95,124,107,145,207,95,72,111,90,161,180,88,170,14,176,117,184,42,227,193,51,123,107,80,134,194,0,125,160,255,16,134,200,109,144,133,73,209,128,219,112,216,162,94,230,131,131,149,170,71,207,34,77,77,120,255,173,51,242,0,40,187,177,48,90,35,49,255,46,255,77,142,41,28,246,191,255,164,185,224,153,97,152,90,128,43,255,0,129,162,160,160,63,127,192,80,255
183,18,118,125,234,57,66,87,111,171,178,96,146,119,143,73,193,155,157,100,93,255,108,91,81,191,147,108,114,233,125,115,170,122,156,239,70,4,175,149,132,149,80,145,7,198,156,167,0,169,188,0,101,143,71,142,210,7,113,150,208,0,122,200,119,236,129,76,232,69,210,142,195,135,199,143,99,217,112,200,97,254,0,48,182,96,255,188,1,158,0,94,107,164,1,140,129,37,255,39,255,41,119,179,25,151,108,117,220,228,192,187,104,100,81,26,72,250,0,0,255,255,188,53,112,96,83,255
180,10,119,132,214,89,56,65,143,182,242,78,133,134,111,55,175,104,144,124,132,255,83,127,79,231,161,83,148,181,161,103,120,78,126,161,101,94,71,113,127,255,100,208,97,144,188,140,77,250,238,30,127,115,83,134,255,2,198,105,196,0,206,165,69,49,223,203,130,123,240,70,186,219,78,250,207,105,131,199,134,199,241,155,181,143,255,255,6,213,27,113,134,74,0,61,103,39,255,117,249,1,113,69,72,255,255,255,211,224,232,176,255,75,92,205,0,226,97,98,241,167,0,208,255,0,65,255
189,18,118,134,226,70,54,68,122,179,213,71,130,130,122,56,200,158,150,122,103,255,85,75,75,240,144,124,156,220,101,87,114,88,178,225,107,37,141,86,134,218,126,165,79,184,120,160,35,190,225,61,115,130,87,91,194,0,96,150,213,7,136,185,93,200,156,125,192,144,223,54,190,178,148,201,114,128,150,98,95,241,0,64,114,139,255,238,0,115,0,67,160,99,55,96,51,19,255,24,255,62,133,150,42,232,122,190,183,134,199,252,148,191,168,146,50,228,38,152,255,255,124,129,77,41,80,255
182,19,128,137,233,71,46,91,132,176,196,97,126,124,149,61,176,147,118,137,68,255,104,94,96,204,154,125,145,181,132,117,135,85,167,199,101,101,126,113,125,218,62,174,69,163,156,181,2,161,162,53,95,139,63,131,188,27,121,142,203,22,92,188,127,158,140,123,203,102,214,145,178,214,207,188,130,179,134,155,107,233,22,16,151,124,255,218,97,126,15,76,115,208,13,174,52,89,241,115,255,39,113,100,41,206,173,190,187,140,175,223,50,123,91,90,62,255,11,0,255,218,110,129,152,55,90,255
182,14,121,129,220,83,57,62,134,181,226,77,135,128,129,52,188,137,134,119,131,255,85,118,78,213,159,120,141,188,133,96,115,82,150,201,95,60,84,100,132,243,101,191,78,150,155,174,65,214,225,42,118,120,107,120,255,0,160,139,219,0,147,178,91,145,158,161,174,124,225,71,202,182,88,204,182,122,142,179,120,192,109,78,127,133,255,228,20,155,6,89,143,117,0,104,94,30,255,79,242,0,137,79,69,255,207,255,163,211,214,228,185,140,110,162,18,213,92,84,255,189,39,150,222,10,45,255
179,18,113,124,231,53,68,79,113,164,185,82,151,105,127,78,185,129,172,94,94,255,79,106,90,204,139,112,80,220,143,101,156,116,141,217,39,0,168,117,132,153,81,156,0,183,124,172,3,222,167,0,142,115,92,174,210,0,168,168,251,0,163,181,80,160,113,43,253,82,232,103,225,138,170,208,114,175,155,198,49,220,0,62,131,98,255,186,37,184,0,82,209,127,43,145,59,23,255,32,255,96,81,137,24,132,154,124,229,227,253,107,79,97,77,82,110,248,7,0,231,201,162,74,173,159,60,255
179,13,116,129,223,67,63,75,128,167,208,85,147,105,134,65,172,114,156,122,106,255,81,124,93,185,157,114,121,206,150,106,143,105,145,193,65,77,114,105,139,230,84,183,55,163,142,175,48,193,174,15,120,128,109,113,246,0,153,145,241,0,161,176,110,139,168,113,237,133,221,134,213,165,103,238,166,158,162,192,81,230,116,102,133,131,255,197,23,198,7,71,143,163,0,106,122,81,255,107,255,31,151,108,45,255,187,175,150,234,237,136,186,100,122,100,55,229,23,57,187,221,115,91,217,110,101,255
180,10,117,122,220,82,56,74,130,188,222,99,137,106,127,66,185,111,152,120,108,255,94,123,102,215,170,120,115,189,135,101,131,84,156,187,78,63,98,92,134,255,117,192,85,151,163,167,55,204,189,26,106,122,114,141,255,0,176,152,226,0,164,170,104,158,180,134,213,122,229,78,189,167,82,248,178,116,159,177,111,216,139,78,136,150,255,250,25,175,26,141,149,123,0,96,90,43,255,90,253,0,135,55,72,255,226,205,128,238,196,180,212,89,107,126,66,167,69,31,234,234,86,137,228,19,74,255
184,23,123,141,234,74,64,77,119,161,184,71,158,117,89,57,177,119,142,141,93,255,79,81,60,242,148,112,138,214,138,95,119,117,115,197,60,82,159,43,143,216,96,141,93,208,160,161,23,195,180,70,109,124,68,109,150,0,94,132,205,36,213,180,138,144,120,40,228,134,218,87,206,188,154,220,77,161,194,111,87,206,9,68,134,96,255,210,44,196,0,91,179,134,94,116,0,62,255,17,255,134,106,56,32,198,181,241,220,157,241,163,36,125,92,87,83,216,16,126,195,221,144,182,193,108,147,255
183,21,124,148,234,72,56,66,125,163,206,61,173,101,117,77,162,135,149,146,107,255,61,99,92,211,154,92,161,201,135,71,118,111,151,166,77,80,146,83,132,236,101,151,87,207,157,162,44,213,181,48,119,138,29,134,178,14,140,134,206,29,211,203,64,116,127,116,173,126,208,117,255,214,162,215,135,144,142,165,109,236,31,83,122,90,215,246,10,225,0,38,153,135,57,112,25,35,255,15,255,106,86,108,96,248,144,255,226,165,255,162,82,150,90,121,0,242,19,178,207,184,77,180,255,143,157,255
186,20,117,135,232,64,62,79,110,149,196,57,165,136,104,55,183,132,150,113,112,255,91,90,69,224,160,108,129,201,113,101,141,134,79,228,87,93,162,94,138,176,96,153,25,186,145,162,7,189,205,12,158,87,66,123,181,0,137,123,241,0,218,197,87,152,179,61,167,115,219,97,164,173,112,245,134,128,167,166,42,235,57,125,160,112,255,217,47,221,0,75,190,93,6,108,21,5,255,52,255,92,114,126,42,226,195,242,248,179,255,110,132,145,91,38,133,222,37,73,178,233,176,109,236,148,170,255
177,27,121,81,255,91,108,52,75,140,130,30,120,192,36,56,163,110,143,103,96,243,63,99,17,255,96,139,135,163,180,71,181,77,95,195,79,183,45,73,194,148,87,52,11,143,78,90,0,255,71,114,64,89,100,178,153,21,190,154,175,73,191,255,172,14,57,17,130,51,235,37,236,174,79,0,0,212,146,158,0,255,73,119,84,118,255,203,82,255,0,88,216,196,201,192,18,90,255,80,199,138,0,0,0,95,255,255,255,255,250,255,23,16,0,38,131,255,0,222,167,193,255,35,147,68,121,255
189,17,117,138,227,68,64,60,99,174,190,56,172,122,102,63,215,140,166,110,156,255,84,103,72,252,147,109,156,249,89,94,173,83,161,230,119,38,133,59,167,195,173,141,69,155,83,166,47,195,229,35,119,106,83,109,202,0,56,140,229,0,171,206,86,175,93,99,166,115,203,29,202,152,119,147,98,152,171,110,83,255,0,119,107,94,255,255,0,190,0,44,143,78,0,63,56,108,255,0,255,48,141,139,36,255,105,255,198,179,203,212,124,255,144,63,13,204,0,160,255,255,179,81,135,54,204,255
184,31,137,104,241,77,94,56,51,150,159,73,142,218,105,46,191,154,109,145,151,245,79,132,10,255,125,167,139,226,161,61,138,146,81,180,105,191,53,73,191,133,64,115,53,149,136,120,35,255,180,85,29,105,113,156,255,19,93,104,161,61,143,167,174,102,111,45,118,30,231,101,255,151,99,80,20,247,153,167,55,202,57,175,179,54,255,223,37,181,0,87,113,255,96,156,129,67,250,0,255,169,190,0,0,108,179,254,255,252,161,255,0,109,16,5,135,255,0,24,255,255,255,87,255,95,159,255
183,25,120,123,242,52,68,80,69,160,179,40,158,124,98,45,172,110,157,121,116,235,59,94,75,201,148,122,175,224,129,71,164,101,159,220,134,90,122,79,150,156,107,136,0,204,123,151,63,204,168,30,116,129,63,121,212,29,101,155,237,42,109,229,91,136,77,27,186,122,172,185,225,172,113,190,101,174,151,170,73,238,24,76,98,38,255,241,30,214,0,89,174,172,76,105,48,98,255,27,255,91,104,28,32,185,155,195,255,251,181,112,50,157,144,36,42,251,0,121,184,244,244,63,197,157,104,255
185,22,115,124,242,50,60,84,91,151,180,67,153,128,114,53,176,136,153,118,96,255,99,109,51,209,142,115,114,242,157,79,179,123,114,251,60,54,125,134,138,159,97,128,0,233,142,155,32,220,148,12,110,117,72,151,208,41,151,109,255,0,147,166,91,163,121,26,205,98,238,133,197,137,173,172,132,227,149,214,19,255,0,106,214,84,255,194,0,238,0,48,158,141,46,134,41,39,255,18,255,92,65,110,18,154,140,180,255,240,255,81,85,80,26,0,78,255,0,25,228,255,255,65,190,195,94,255
181,17,112,120,236,68,62,68,114,164,215,67,130,119,118,39,170,132,162,118,108,255,67,100,74,203,160,126,108,222,119,103,139,93,136,235,99,70,118,123,139,175,114,176,2,163,137,181,39,214,183,40,121,98,105,139,211,0,155,153,219,0,119,218,130,153,162,62,205,96,211,113,211,135,109,190,109,134,142,152,81,244,40,55,130,105,255,204,18,203,0,87,179,151,20,132,95,51,255,66,255,62,93,70,2,194,185,198,209,216,240,178,120,133,74,105,102,232,0,78,204,196,198,65,155,97,121,255
184,12,114,122,224,73,57,82,126,170,213,90,129,124,118,50,200,117,144,108,115,255,94,112,72,219,162,121,114,203,148,86,123,90,137,203,77,55,126,101,126,234,119,176,31,168,177,166,26,216,199,26,102,114,86,123,255,0,138,126,203,0,189,169,97,158,180,124,180,124,236,102,159,148,105,253,146,139,161,154,76,232,156,96,159,143,255,214,0,187,18,116,150,113,0,87,101,77,255,98,255,32,132,51,41,242,220,181,145,239,194,163,240,63,122,91,48,208,0,73,195,255,138,127,201,56,75,255
179,13,114,121,227,77,62,76,131,161,216,69,143,109,113,53,176,111,153,134,119,255,90,131,82,179,179,106,113,164,160,105,130,85,119,209,74,78,95,102,147,225,83,173,17,144,167,164,60,218,166,0,170,93,94,127,255,0,204,124,227,0,169,172,71,121,160,128,178,125,211,120,202,165,76,234,140,139,158,231,49,225,197,109,150,127,255,219,20,228,0,130,176,94,0,102,109,102,255,104,255,4,97,33,49,255,230,222,187,246,255,102,210,66,104,85,42,201,23,68,164,174,81,112,255,91,72,255
178,12,113,123,226,66,56,85,134,173,227,91,132,131,148,46,174,128,153,114,97,255,97,113,98,192,172,118,98,202,139,90,124,111,131,193,52,52,120,140,114,197,82,191,19,190,187,167,14,221,186,0,121,106,112,138,255,0,169,135,189,0,151,174,95,148,206,102,216,96,230,124,180,146,125,255,185,141,126,231,86,227,127,82,182,110,255,187,37,171,20,111,133,146,0,114,131,0,255,85,255,51,158,64,37,241,211,147,157,221,232,145,145,38,93,104,114,240,68,5,178,226,109,102,204,99,102,255
179,25,116,125,246,65,64,83,103,169,199,62,140,124,101,52,165,110,151,138,82,255,33,44,82,212,164,116,132,210,109,91,136,122,148,222,101,81,187,95,162,165,137,113,5,229,188,173,20,177,187,94,119,117,27,160,141,0,130,138,208,0,194,206,98,170,142,29,179,123,219,137,221,150,160,221,87,164,147,113,55,227,0,54,86,116,255,168,9,255,0,81,150,166,124,90,33,0,255,38,255,148,43,80,55,144,182,213,255,191,248,108,113,94,67,90,122,241,30,140,178,246,216,41,145,162,78,255
186,24,120,129,241,60,63,69,93,141,200,45,156,153,103,52,190,128,145,105,125,255,82,91,42,224,158,126,154,208,116,60,123,98,123,225,102,103,127,80,125,173,105,157,39,159,139,118,21,213,203,34,102,78,77,130,211,5,113,111,207,0,194,210,116,130,147,57,149,122,192,123,185,173,144,198,80,180,188,171,79,210,37,65,138,82,255,226,39,205,0,59,193,125,54,106,81,35,255,46,255,77,50,38,44,191,170,255,255,146,246,132,82,169,62,79,87,255,0,102,157,202,225,138,240,189,118,255
185,23,118,134,238,66,58,79,109,160,190,63,144,153,109,62,198,138,161,106,119,255,75,78,58,255,151,110,142,234,100,101,138,90,150,234,90,67,194,71,136,178,142,121,23,191,187,176,3,197,187,45,134,111,57,98,179,0,103,143,208,0,191,204,113,191,152,24,190,88,255,108,206,166,145,183,80,148,161,82,38,255,0,64,120,82,255,212,0,203,0,76,145,82,99,98,37,57,255,15,255,139,106,108,0,197,166,255,255,176,255,69,113,163,115,61,66,243,0,139,255,255,216,179,114,126,132,255
183,20,118,129,236,73,61,65,102,170,192,71,165,84,107,59,163,115,167,175,93,255,74,123,103,199,164,124,124,209,139,82,171,93,144,212,114,93,86,87,148,215,61,146,32,174,119,163,54,191,170,50,60,119,100,155,234,0,148,107,240,0,131,166,120,125,133,70,203,111,196,146,200,182,128,217,135,152,165,177,86,231,31,109,116,107,255,228,31,251,9,83,128,192,0,107,12,10,255,60,255,18,126,38,78,210,182,179,255,186,223,142,100,129,98,81,59,255,39,59,188,163,151,62,195,151,156,255
184,29,126,149,245,42,50,78,76,145,167,83,190,110,118,58,147,141,173,145,92,255,57,105,80,224,146,141,152,238,155,61,153,154,90,209,113,68,89,30,121,156,13,153,53,200,169,154,68,212,196,26,95,123,98,195,161,19,41,116,255,27,175,112,186,158,129,0,217,70,202,153,171,163,150,241,65,163,199,117,8,208,0,7,122,27,255,200,78,179,22,3,253,159,136,93,3,48,200,0,255,137,136,128,0,169,68,221,228,212,250,111,0,190,24,0,116,255,0,76,150,255,255,143,202,249,193,255
183,22,111,112,239,69,76,68,89,159,174,52,139,126,75,42,180,95,172,113,115,255,50,106,52,239,144,149,116,236,165,96,185,88,123,215,105,89,116,46,186,164,127,126,0,211,133,159,51,248,199,73,131,122,93,136,226,7,141,148,255,0,199,234,127,85,141,22,178,93,255,118,217,126,51,159,83,167,175,151,31,255,15,163,132,90,255,155,0,255,0,95,183,178,112,78,16,89,255,16,255,128,32,0,0,146,211,191,255,255,251,101,150,79,8,10,91,255,0,161,151,255,255,25,165,98,138,255
184,26,126,133,243,63,53,51,99,152,225,60,152,134,110,34,169,138,142,145,120,255,82,134,54,205,150,121,151,209,122,90,100,110,113,225,85,108,91,116,147,171,89,147,56,196,137,145,37,188,183,31,128,117,56,95,245,23,161,108,230,11,154,164,101,108,156,130,176,145,229,163,247,170,121,247,178,124,171,174,106,194,33,142,240,57,255,204,14,244,0,0,147,161,14,71,75,9,255,20,255,75,102,0,35,225,211,247,255,169,255,145,82,156,38,75,97,255,0,53,155,184,161,60,245,196,203,255
183,21,117,134,237,64,54,78,117,171,191,85,141,119,131,52,188,147,155,119,86,255,65,76,91,218,154,114,129,219,109,111,148,96,147,243,95,61,132,86,144,171,92,148,20,197,139,191,8,176,182,39,97,136,59,119,168,0,108,136,243,0,145,189,88,182,136,66,212,72,237,115,196,166,184,218,106,143,155,94,84,224,0,61,124,88,255,208,3,179,0,57,147,136,33,151,25,55,255,42,255,111,115,152,25,189,155,193,231,154,228,175,64,132,92,97,50,255,17,64,255,255,171,98,75,139,163,255
181,24,113,132,247,71,67,59,104,160,180,27,161,74,96,64,146,117,186,172,101,243,37,125,98,174,150,121,137,221,146,100,183,89,156,210,113,107,97,42,173,195,61,122,41,189,100,178,76,229,167,47,89,133,78,136,214,0,114,151,233,20,119,255,136,105,60,82,214,93,221,147,255,147,120,148,103,149,148,207,126,255,0,88,86,74,255,225,40,255,0,85,184,224,96,99,18,100,255,11,255,75,112,37,9,232,181,255,255,175,221,138,106,203,53,77,23,234,0,165,163,192,119,89,122,237,190,255
183,27,133,132,236,64,68,48,89,144,190,39,160,108,94,51,152,111,154,135,109,249,53,119,76,216,123,115,151,195,124,91,136,98,162,217,107,108,80,69,176,198,97,133,52,168,91,160,56,253,153,38,110,117,79,134,202,11,182,126,255,0,197,218,75,78,131,27,165,140,172,134,193,175,101,244,100,90,202,141,86,171,51,158,120,78,241,201,57,239,11,2,227,135,46,145,0,68,255,95,255,93,42,48,70,239,148,194,251,182,255,216,42,223,55,61,36,227,19,119,143,116,196,71,247,205,207,255
182,22,115,128,231,57,77,66,92,155,188,50,155,102,99,47,176,120,176,113,109,255,51,111,56,220,141,126,122,255,126,83,156,110,148,199,108,49,119,83,141,184,113,179,0,189,106,181,68,249,204,67,102,107,107,170,201,21,124,148,255,0,196,245,92,124,129,30,219,105,213,110,215,150,73,209,164,124,179,138,105,233,0,122,88,96,255,169,18,233,10,54,220,185,58,85,1,76,255,4,255,129,80,45,50,174,200,185,199,250,225,144,125,165,42,47,86,190,7,108,135,178,255,26,204,185,185,255
181,16,109,130,229,63,68,64,105,165,207,44,153,126,96,50,180,108,186,99,143,255,52,120,80,240,151,119,123,243,119,78,149,109,128,197,100,66,131,83,143,178,116,189,20,161,118,168,64,255,219,6,130,90,117,139,231,0,145,140,240,0,184,226,81,103,172,72,177,111,196,100,198,154,56,238,155,128,144,212,69,255,55,180,123,79,255,229,11,237,0,57,198,97,4,75,75,84,255,45,255,108,135,75,26,251,183,214,182,237,255,81,157,169,69,103,60,209,0,132,153,204,190,113,212,165,190,255
175,16,121,145,219,65,62,46,119,179,219,75,165,78,113,61,154,99,187,141,101,255,53,112,85,196,144,81,149,213,137,71,111,90,168,159,50,49,83,46,98,236,116,243,127,137,107,190,88,255,222,103,103,103,144,193,215,17,163,139,255,3,228,182,58,28,152,136,255,117,192,88,253,170,106,243,165,145,189,147,180,120,54,124,111,68,204,233,146,217,45,57,203,69,0,70,0,106,255,46,255,64,0,74,105,230,139,196,172,182,255,67,52,173,5,117,0,231,39,91,185,82,50,182,255,169,198,255
159,25,159,101,227,20,104,76,122,151,171,109,131,151,184,96,116,117,175,74,31,255,73,108,52,196,192,190,170,152,108,54,117,68,117,94,144,125,90,110,130,189,127,156,52,131,193,101,45,208,160,54,202,124,90,134,167,125,93,181,152,6,76,178,231,153,134,33,255,7,112,95,132,168,144,108,24,129,109,188,170,185,144,94,171,152,146,255,215,43,145,144,161,255,0,177,70,0,188,255,255,92,37,0,168,100,94,207,98,83,209,27,1,173,170,236,135,0,0,149,20,29,66,173,255,180,96,255
168,30,164,136,236,45,113,106,148,187,169,98,173,201,119,80,160,74,189,146,33,208,66,82,75,180,141,176,103,150,66,76,78,107,59,142,117,113,146,159,104,179,47,125,124,164,101,116,110,171,178,101,145,155,66,138,106,136,180,203,240,77,87,129,220,205,187,69,204,58,136,221,205,242,116,81,144,154,145,160,155,209,76,181,137,163,75,174,204,0,99,106,208,237,34,178,121,0,90,210,255,75,74,63,48,255,117,204,222,193,227,51,66,113,155,120,29,47,0,113,123,16,163,170,255,190,20,255
161,31,181,84,242,53,117,91,150,176,166,101,151,187,136,115,96,141,150,103,6,214,64,147,76,142,204,146,177,114,97,77,177,67,70,104,95,86,149,169,97,164,82,169,101,139,95,60,40,255,220,36,183,220,25,94,88,110,155,205,230,48,49,103,191,216,168,51,245,78,183,160,159,236,79,79,47,194,201,199,162,119,122,144,167,178,95,255,177,12,95,228,238,211,34,255,57,12,208,233,226,40,138,0,127,239,85,226,125,190,205,113,101,69,232,255,16,22,0,148,73,0,0,69,255,156,36,255
152,21,165,90,229,31,168,88,143,180,157,112,173,163,114,36,104,125,180,163,64,156,109,39,62,131,130,133,137,148,98,66,117,0,43,163,203,110,118,199,36,223,31,54,49,92,30,138,44,255,251,39,199,212,86,3,65,113,160,234,163,0,0,173,255,190,210,99,216,0,162,110,194,235,135,70,125,139,120,237,82,68,181,204,73,110,54,243,195,33,98,228,174,248,12,255,241,0,213,255,137,16,215,0,126,169,255,157,255,132,255,235,48,52,158,166,0,0,0,255,55,72,0,98,255,200,0,255
153,20,160,112,230,12,141,85,139,189,183,151,205,161,148,25,84,73,210,108,8,187,70,34,65,146,134,108,114,125,53,118,172,19,42,101,229,174,54,185,111,255,119,109,64,124,56,60,30,173,247,0,255,255,29,0,15,162,180,197,228,80,46,139,255,226,255,60,255,0,120,186,118,254,199,87,113,115,123,188,187,116,74,162,252,98,4,205,201,2,137,27,134,255,0,200,159,0,210,255,195,166,255,0,0,105,238,80,212,242,255,52,66,121,255,93,0,0,0,213,141,26,104,230,255,207,0,255
157,8,144,134,186,0,114,103,99,162,207,97,157,118,224,86,93,99,246,163,84,186,89,26,43,97,143,159,253,202,90,113,94,88,118,82,178,159,44,101,118,255,144,255,149,249,87,98,185,142,99,2,247,127,116,0,174,174,21,221,248,148,35,117,186,197,136,38,239,82,152,183,217,255,119,187,150,167,255,58,192,139,255,97,13,56,131,245,249,66,9,80,187,213,0,255,109,15,47,220,250,22,255,141,0,113,198,113,40,240,255,0,125,0,255,113,130,187,0,206,0,69,175,169,255,72,105,255
160,14,150,125,197,0,112,97,114,178,210,73,154,107,215,59,123,95,222,165,62,155,107,68,88,91,159,148,241,180,115,130,164,66,132,175,192,104,41,73,124,244,122,204,119,204,0,110,165,198,144,83,237,112,189,36,201,65,37,243,216,133,6,171,160,173,152,94,192,0,143,128,224,161,65,147,163,158,160,119,192,189,241,65,14,99,118,187,250,86,144,76,255,255,0,252,130,14,77,205,156,0,101,62,78,161,122,181,107,188,255,0,11,51,255,60,62,133,8,193,43,29,43,125,255,136,224,255
