167,20,141,117,218,57,111,93,137,197,156,28,127,111,126,35,136,102,163,177,56,156,110,69,76,147,188,171,187,164,62,140,119,99,165,190,82,71,63,75,150,172,112,251,160,164,100,114,109,226,78,215,107,60,204,134,120,53,77,133,183,205,38,141,89,124,102,55,151,134,100,145,246,181,111,147,156,134,148,50,156,139,166,107,0,125,49,184,125,0,167,131,175,68,123,145,28,78,60,43,193,0,0,19,162,255,3,255,119,125,123,0,56,242,182,0,34,4,0,174,137,14,76,178,198,180,0,255
156,21,129,74,250,53,128,93,129,199,185,20,154,161,113,18,86,77,189,187,55,168,132,44,116,37,209,174,120,117,33,106,135,153,113,218,129,53,87,170,196,126,0,149,91,240,80,27,64,237,192,84,106,73,187,71,72,0,203,236,160,189,0,111,69,155,183,137,160,0,93,152,185,144,191,88,199,0,117,170,52,196,255,122,68,106,6,45,61,46,33,136,241,158,134,183,72,0,74,214,145,0,0,177,0,255,199,223,83,240,154,136,4,140,223,30,108,42,0,255,131,0,135,54,180,173,0,255
154,25,121,57,255,67,122,91,102,194,210,8,148,139,124,24,89,74,175,192,47,199,90,77,149,20,210,177,80,62,64,136,70,166,117,255,198,6,0,162,156,151,0,123,77,255,88,45,124,204,220,28,153,96,144,130,135,0,162,172,168,126,0,116,126,154,128,91,116,0,31,168,231,115,57,60,154,0,189,205,3,242,234,74,38,102,69,109,125,94,0,210,243,200,94,227,73,0,150,236,211,0,0,141,0,255,140,255,157,255,145,126,0,72,146,0,129,104,94,232,202,0,58,13,207,60,0,255
153,20,119,63,253,63,117,97,103,180,201,3,163,109,100,28,105,71,189,225,36,196,105,81,156,0,211,137,127,78,68,137,92,150,167,255,234,0,26,124,176,162,0,160,96,239,73,12,118,223,178,56,152,133,141,68,139,0,155,239,188,142,0,116,137,142,141,121,203,0,32,142,200,127,140,86,152,0,184,125,0,194,251,42,0,79,77,178,95,126,13,235,214,195,50,182,63,5,145,187,251,0,0,172,0,255,183,237,129,255,145,114,11,122,196,6,81,88,80,255,184,0,0,29,255,0,0,255
154,19,135,51,246,69,126,91,141,215,158,55,159,177,131,66,103,112,139,197,53,191,93,78,170,39,243,215,169,66,0,76,78,148,161,255,150,53,128,139,208,120,0,228,142,255,211,0,81,255,222,73,120,97,174,0,97,0,255,215,176,172,0,99,85,128,157,113,227,0,169,90,170,245,151,111,200,0,124,89,0,189,255,81,122,189,103,152,93,74,12,227,52,226,129,213,27,0,131,211,255,16,0,200,0,255,177,255,108,255,0,86,0,108,127,41,145,52,0,255,242,0,6,130,78,0,10,255
156,13,132,62,232,54,132,85,152,201,178,36,169,129,128,47,123,106,178,218,57,177,127,88,150,8,212,180,179,119,0,69,71,117,172,255,178,0,115,160,153,107,0,223,143,255,163,29,129,255,131,85,127,69,154,23,80,0,221,167,194,187,0,99,143,122,156,90,177,0,97,62,210,222,177,173,125,0,216,44,22,164,255,92,73,123,29,203,51,53,109,203,173,144,63,203,54,31,146,189,255,0,0,230,105,255,133,232,144,238,40,84,0,158,157,19,50,31,0,255,242,0,0,43,123,52,50,255
159,18,136,72,226,31,140,93,148,204,166,20,150,157,145,45,126,114,153,191,60,164,154,48,131,49,230,255,175,143,0,28,90,82,196,255,134,9,130,163,168,110,0,233,111,255,162,0,77,255,163,67,140,50,171,21,129,6,224,141,119,167,0,93,104,126,143,71,168,0,177,34,255,164,150,128,204,11,182,113,117,224,255,184,101,120,92,160,100,35,122,192,176,227,101,187,120,0,114,106,255,0,52,145,117,255,137,255,90,239,0,0,0,147,142,0,119,0,0,234,129,0,48,199,132,160,97,255
160,23,133,89,238,30,126,100,133,184,181,0,135,160,150,32,134,97,149,184,49,177,134,32,112,32,230,227,170,169,34,30,89,80,186,248,123,52,116,157,142,95,0,185,113,253,129,23,71,248,163,74,153,70,114,47,112,7,181,166,108,201,0,106,91,134,112,119,158,0,168,36,255,159,210,151,228,32,194,157,56,214,245,166,103,108,102,148,89,90,107,149,254,196,115,160,103,21,178,157,251,0,1,165,39,255,184,255,81,212,0,33,0,147,182,148,108,26,0,244,108,0,107,125,134,183,51,255
155,23,126,72,255,54,134,90,146,203,159,11,165,200,86,39,145,82,181,162,54,227,139,88,136,47,244,230,75,96,63,118,87,149,106,217,92,92,96,172,219,116,0,183,119,255,118,0,29,225,183,41,115,77,161,44,111,29,225,205,112,199,0,91,52,49,149,165,218,0,156,93,203,179,217,56,210,0,123,170,0,255,251,151,107,139,34,103,97,0,0,189,207,130,142,100,106,0,139,169,255,45,20,156,0,255,179,255,102,218,102,122,0,148,217,71,152,67,0,253,157,0,146,145,189,137,0,255
157,15,137,52,240,40,128,81,160,208,137,54,192,169,67,35,136,67,136,173,42,163,145,80,153,0,255,248,178,87,0,84,80,117,209,255,146,2,220,170,225,51,0,255,170,255,180,0,107,255,189,69,124,122,141,0,107,34,255,198,206,165,0,0,92,1,165,75,255,0,215,0,252,247,153,111,151,0,211,53,53,255,255,182,102,186,20,213,67,0,12,252,136,148,130,224,87,8,123,137,255,6,0,255,94,255,196,231,93,255,0,25,30,242,152,56,117,0,0,233,255,0,79,132,0,40,0,255
153,23,126,67,246,62,117,85,100,192,230,11,157,105,178,27,43,89,199,227,27,189,88,68,163,27,195,120,125,90,76,152,54,161,156,251,255,1,0,132,156,166,0,148,48,216,56,21,146,217,246,37,150,78,100,47,179,0,141,193,204,115,0,218,143,207,156,91,143,0,36,204,247,175,71,137,179,8,200,144,40,126,255,19,10,80,116,135,171,139,115,191,172,255,75,203,98,0,106,242,186,0,38,142,0,255,207,182,107,255,220,171,32,98,148,0,138,103,132,255,187,0,0,0,194,144,104,255
158,17,135,71,226,54,118,88,132,195,201,27,167,114,140,39,90,93,183,220,49,167,97,74,133,36,200,148,180,122,0,98,87,117,192,255,197,0,85,171,174,133,0,190,84,255,137,7,113,235,158,90,126,67,131,42,125,2,179,186,218,159,0,126,129,176,173,27,143,0,70,162,209,216,134,165,137,0,210,40,101,127,255,64,33,138,40,158,82,98,145,154,167,203,25,255,72,17,95,222,232,0,0,175,99,255,171,207,121,255,55,102,67,133,147,17,23,30,0,239,191,0,27,4,132,110,61,255
156,20,135,62,240,67,84,85,107,181,221,0,132,92,165,19,15,91,168,216,16,142,38,125,156,50,226,81,128,92,56,132,126,142,132,191,230,0,27,144,144,139,0,203,64,239,92,59,135,201,192,59,114,91,75,67,121,20,65,241,206,102,0,236,163,179,111,78,43,0,74,212,191,155,53,228,101,25,186,92,71,169,255,6,26,37,182,220,173,203,62,91,140,255,71,255,9,0,146,225,98,0,38,146,15,255,150,186,110,255,175,179,123,66,68,23,176,222,39,249,142,0,0,0,111,144,255,255
155,18,130,60,246,76,88,90,104,187,200,15,144,110,134,28,54,95,164,223,18,167,39,144,173,21,214,59,136,66,72,155,94,189,131,174,227,23,72,141,166,142,0,159,110,214,111,62,121,187,214,41,98,151,84,83,140,37,103,255,202,118,0,153,142,173,114,111,97,0,100,158,188,183,75,213,120,24,166,105,22,199,210,17,52,71,125,243,145,161,49,143,170,221,32,244,0,0,174,211,172,0,73,159,13,255,168,175,135,255,125,176,137,117,91,38,159,225,27,193,153,0,0,0,126,74,146,255
155,18,127,64,240,66,105,92,113,188,200,15,169,112,151,16,73,95,173,212,43,181,78,100,157,8,209,117,143,100,33,127,77,156,164,217,230,4,81,143,161,143,0,174,87,223,124,42,100,216,193,60,114,98,94,61,121,0,153,248,184,134,0,145,127,203,145,116,107,0,10,207,195,193,139,177,164,0,206,121,0,165,255,19,47,97,106,169,75,148,101,147,138,247,52,255,44,0,143,234,161,0,0,138,43,255,168,215,176,255,86,170,51,97,93,12,74,160,0,255,219,0,0,10,144,58,51,255
153,18,124,76,244,63,112,107,125,193,204,28,171,110,140,29,80,77,189,222,22,194,85,97,161,0,236,129,138,90,47,119,101,171,163,203,171,46,47,132,175,184,6,196,112,245,85,48,102,223,198,47,102,113,90,43,126,0,131,235,181,162,0,117,108,135,152,111,227,0,92,140,158,179,227,120,177,0,166,106,23,198,255,78,56,119,75,120,78,106,81,174,181,255,59,210,25,7,177,238,249,0,9,214,18,255,204,255,100,255,115,116,30,120,255,16,59,80,0,255,152,0,0,56,212,69,2,255
162,19,158,101,195,31,91,85,108,187,243,21,156,124,152,42,78,76,196,190,27,96,81,51,136,138,145,140,97,187,0,54,150,63,116,239,176,0,74,168,76,121,17,146,83,176,44,73,202,195,116,73,226,34,96,75,125,84,105,224,227,128,0,162,223,184,128,82,0,0,64,222,255,172,0,125,132,54,219,99,231,144,255,103,48,112,116,211,231,170,178,97,204,255,20,255,100,68,105,201,94,0,48,58,60,255,100,249,167,255,185,42,9,10,139,21,118,102,0,225,145,0,28,0,168,204,219,255
155,19,128,65,251,59,129,91,135,200,196,5,152,132,124,43,85,85,176,228,34,164,89,83,153,0,201,159,181,104,0,75,87,149,179,255,133,15,125,175,190,114,0,205,128,255,160,25,64,255,177,99,82,102,151,81,91,0,201,187,168,177,0,88,103,149,101,78,207,0,85,123,173,172,203,166,185,0,172,110,20,214,255,115,107,125,59,118,67,119,1,196,146,177,123,190,0,0,114,215,233,0,0,216,39,255,185,239,55,255,0,58,0,139,194,43,2,18,0,255,177,0,0,97,148,46,35,255
161,15,140,72,224,53,121,79,142,202,175,49,164,151,130,42,116,97,150,204,56,141,124,76,147,55,207,197,161,126,0,48,104,103,179,255,137,0,122,155,152,90,0,175,111,249,168,67,89,255,136,103,134,82,163,71,139,44,211,164,179,165,0,104,140,156,154,44,132,0,119,92,231,208,103,129,136,0,184,123,93,169,255,137,121,149,55,157,104,57,99,185,102,149,49,240,74,0,88,148,217,0,8,160,133,255,109,223,217,255,32,80,0,164,171,27,102,62,0,183,217,0,0,80,87,83,78,255
154,26,126,64,255,72,125,93,115,194,207,0,177,132,113,7,67,73,179,227,50,196,81,101,169,0,223,138,106,60,89,125,65,176,137,243,177,45,31,147,173,165,0,129,72,243,81,13,107,210,209,81,100,127,104,117,131,0,164,201,165,139,0,150,103,195,102,144,154,0,18,202,178,152,137,100,191,0,122,135,0,237,255,69,61,136,85,101,94,112,21,212,181,235,117,191,17,0,142,255,175,0,0,181,0,255,202,255,194,255,112,216,0,64,153,40,57,102,93,255,240,0,0,0,217,36,0,255
156,22,122,72,255,56,117,98,119,190,205,6,138,137,129,0,66,64,168,191,46,158,90,21,152,0,193,168,106,84,14,96,143,149,111,232,125,27,90,172,208,109,0,102,35,242,95,50,18,225,203,51,133,120,194,145,80,0,189,249,169,201,0,117,101,192,144,134,90,0,97,169,220,101,191,115,198,0,137,197,47,195,255,100,65,101,44,31,82,142,29,85,255,158,165,190,12,7,129,244,117,0,0,105,0,255,214,255,52,206,153,139,0,108,204,97,104,116,0,255,76,0,85,13,118,215,0,255
154,22,119,56,254,62,115,95,109,187,197,22,151,162,113,25,110,76,167,170,62,217,107,81,139,35,213,192,75,55,68,125,79,153,119,241,192,1,13,160,159,174,0,127,85,255,126,21,96,193,178,2,152,90,190,106,114,0,182,186,167,113,0,117,127,134,152,73,123,0,41,190,212,110,93,35,148,0,182,194,9,232,209,44,37,89,33,115,78,82,0,193,199,180,62,227,94,0,167,228,255,0,0,133,0,255,116,255,123,255,156,101,15,83,99,0,137,103,56,206,188,0,75,81,180,76,0,255
158,22,129,84,241,43,114,105,102,179,217,16,160,121,146,12,111,66,189,187,17,182,142,49,113,38,215,198,96,136,32,68,130,120,141,255,186,0,15,110,125,164,39,152,61,255,56,54,128,193,175,58,164,84,138,125,149,0,103,160,189,131,0,160,151,180,150,113,91,0,61,147,255,108,75,59,170,0,230,176,75,187,254,119,0,78,79,159,163,56,111,153,246,228,51,219,93,42,107,149,217,0,30,111,55,255,86,255,102,255,227,69,0,98,191,5,129,80,41,230,176,0,50,44,255,130,53,255
153,23,127,50,255,68,124,87,129,210,169,44,157,175,126,79,82,96,172,194,16,229,109,73,171,36,228,185,130,39,30,126,47,182,151,255,137,48,134,145,229,113,0,172,123,255,165,0,101,255,255,71,136,136,160,0,148,25,255,225,166,227,0,119,71,101,203,122,255,0,180,121,148,219,185,70,164,0,154,137,0,242,226,124,92,118,35,115,129,67,0,239,66,215,169,153,31,0,107,236,255,105,0,202,0,255,227,255,58,255,66,94,0,117,173,3,154,92,0,255,255,0,60,130,122,0,0,255
156,15,126,58,242,56,127,78,147,191,171,16,169,118,117,52,136,93,173,208,31,201,126,98,159,0,208,193,168,81,0,96,66,102,182,255,156,0,83,139,185,76,0,223,117,255,177,35,123,255,114,107,138,84,146,61,88,0,185,122,214,181,0,102,154,113,137,65,164,0,113,71,182,185,215,165,125,0,207,92,40,150,255,98,65,113,32,172,36,70,101,232,172,90,97,212,17,0,154,197,255,0,0,161,87,255,129,255,76,217,19,50,0,213,159,8,7,34,0,197,255,0,0,79,93,0,18,255
157,19,130,66,239,33,146,101,141,203,178,30,165,163,107,38,138,89,148,200,59,183,152,45,146,13,237,235,160,129,0,23,104,105,169,255,128,12,138,186,164,115,0,202,104,255,136,0,74,255,192,48,134,67,182,21,112,0,244,120,98,188,0,76,103,107,173,65,225,0,164,39,255,153,158,103,199,22,159,167,86,255,255,152,92,95,32,129,114,34,10,241,183,204,146,146,160,0,160,121,255,0,36,169,81,255,143,255,137,211,30,0,0,176,142,0,138,0,0,255,108,0,75,153,194,163,0,255
166,22,138,96,230,23,128,88,128,181,179,14,136,183,125,40,152,129,140,174,85,167,148,53,77,49,222,255,166,172,42,8,73,70,173,238,122,61,104,169,109,122,20,191,166,235,115,29,99,224,144,78,138,87,106,68,117,43,218,155,96,193,0,96,100,181,103,118,151,0,172,55,255,165,160,136,223,73,189,121,158,211,228,170,187,101,130,204,78,0,113,179,232,184,119,152,191,0,135,72,255,0,10,174,106,255,135,240,141,202,5,64,0,149,152,103,170,0,0,190,127,0,134,152,165,180,92,255
160,26,141,86,249,37,141,101,148,192,154,30,151,175,108,58,116,105,176,186,46,175,183,51,94,50,226,231,106,145,70,38,98,144,97,255,70,91,156,188,147,109,0,129,122,255,140,29,77,227,137,73,141,83,128,59,117,57,244,164,121,207,0,109,87,150,171,113,243,0,174,94,230,164,187,137,198,58,151,205,78,210,255,184,127,73,28,104,120,14,83,215,202,146,95,110,156,0,51,138,243,0,42,198,0,255,228,252,142,219,66,39,0,134,255,85,141,0,0,207,135,0,123,133,241,179,0,255
156,20,135,58,255,54,132,89,152,196,156,39,195,155,74,40,148,69,154,181,34,187,138,103,151,0,255,221,145,86,0,90,93,136,170,255,128,15,162,178,209,61,0,210,119,255,140,0,82,255,191,88,136,135,127,36,123,7,248,204,210,168,0,9,100,46,143,108,228,0,176,38,235,216,173,103,165,0,196,63,34,255,255,173,52,140,0,193,102,0,8,223,158,143,108,199,65,3,97,188,255,0,0,255,25,255,179,255,65,255,1,46,0,208,233,74,60,4,0,255,255,0,54,76,139,22,0,255
153,24,122,57,255,70,108,83,91,187,223,0,144,106,153,25,33,88,195,222,34,175,56,74,176,4,187,124,130,63,90,153,56,169,131,255,252,15,6,142,149,160,0,151,66,233,70,33,147,218,241,41,151,114,98,73,162,0,151,214,196,119,0,213,151,207,138,107,105,0,33,244,211,156,89,148,165,0,168,180,0,174,235,1,0,56,130,182,166,200,55,187,162,255,128,209,57,0,120,249,176,0,9,130,0,255,214,235,90,255,190,217,4,55,93,17,153,172,99,238,232,0,0,0,164,77,75,255
155,14,135,50,238,53,123,86,154,201,153,54,187,169,101,47,125,95,152,194,72,193,145,76,150,4,250,210,188,98,0,102,43,117,194,255,208,0,157,168,212,76,0,255,92,255,216,0,133,238,158,69,122,86,128,0,118,0,255,187,206,146,0,92,53,89,213,58,207,0,121,92,223,255,178,135,127,0,109,60,0,196,255,78,36,201,40,213,51,35,56,239,45,184,11,241,105,13,130,203,255,51,1,255,3,255,227,231,97,255,0,124,66,211,161,41,102,0,0,218,255,0,0,90,39,0,0,255
155,23,124,59,255,82,100,65,114,184,207,0,131,107,118,19,29,105,186,243,28,173,32,134,177,6,170,68,151,67,103,155,56,179,121,201,227,55,64,157,171,148,0,166,97,227,97,114,128,241,164,89,78,132,93,94,117,0,116,203,215,94,11,253,109,166,76,112,109,0,39,255,143,182,139,253,133,0,110,141,53,225,243,3,22,64,148,200,193,164,29,210,106,216,102,196,0,0,184,225,170,0,46,218,0,255,210,190,127,255,129,255,91,75,28,60,94,174,71,196,219,0,0,0,31,118,123,255
155,21,141,71,248,68,94,108,119,182,194,13,139,144,148,39,74,81,151,186,16,151,60,100,154,54,233,108,88,90,53,102,144,160,109,190,168,39,88,165,130,122,0,148,67,216,143,56,73,171,174,56,142,121,84,96,114,29,104,255,199,123,0,164,173,169,147,97,51,19,185,132,215,161,77,162,139,81,197,92,48,184,228,91,75,58,69,238,136,159,47,157,202,177,49,233,25,20,161,208,201,0,128,145,20,255,151,246,65,255,199,120,98,64,134,60,175,158,0,185,73,0,0,20,99,103,131,255
156,19,133,77,228,62,104,85,123,194,214,22,159,131,163,24,59,101,177,202,42,171,75,108,152,55,196,113,147,113,44,123,94,131,165,198,199,22,65,124,144,129,0,169,86,199,112,51,118,238,172,51,117,86,91,75,149,7,136,233,211,124,0,196,105,189,124,77,99,0,42,201,213,193,103,209,172,0,205,108,68,143,255,53,59,87,92,164,126,111,139,107,123,235,24,255,66,0,120,217,148,0,25,170,64,255,161,182,150,255,140,176,64,115,125,5,101,148,5,255,184,0,0,0,76,159,141,255
153,22,121,64,255,64,111,94,124,186,210,0,160,132,118,23,64,80,193,217,18,191,92,92,169,0,194,105,114,69,47,145,74,198,137,238,150,33,114,169,185,133,0,113,89,255,95,43,85,227,190,77,94,108,95,99,114,0,156,240,177,161,0,110,93,182,136,135,173,0,111,187,132,160,238,129,186,0,202,170,0,241,255,74,74,36,17,100,104,92,32,195,222,177,130,161,4,0,123,248,146,0,0,224,0,255,224,255,93,255,153,168,0,119,157,0,80,130,4,255,200,0,0,59,156,132,0,255
163,23,156,96,210,38,74,92,106,177,238,9,147,111,174,46,74,68,183,189,0,125,47,69,163,123,166,141,100,188,0,60,145,88,103,241,166,0,80,167,77,96,0,176,59,193,62,65,154,167,115,97,222,56,81,89,142,60,85,197,233,144,0,184,227,195,113,98,0,0,112,232,255,161,27,116,145,17,243,90,178,155,255,107,33,116,149,227,239,189,154,81,219,255,60,255,11,118,157,252,122,0,33,38,46,255,111,255,76,255,129,50,32,56,118,21,129,135,0,205,186,0,0,0,181,238,192,255
156,20,128,71,247,60,135,98,121,199,210,18,150,141,138,35,102,76,175,208,56,169,114,65,121,15,217,187,165,127,6,57,99,135,161,255,156,18,49,178,140,142,0,184,118,255,124,30,86,247,186,71,113,79,171,73,95,0,199,156,142,166,0,107,134,149,127,68,174,0,69,119,236,150,142,133,157,0,166,143,71,185,255,119,100,109,54,137,88,98,10,195,198,184,91,203,79,0,159,209,217,0,0,178,43,255,146,243,149,244,18,40,0,142,188,64,50,12,0,255,145,0,33,59,198,66,0,255
164,17,145,87,222,45,112,95,133,202,204,38,156,154,145,51,129,86,152,199,48,144,130,59,121,99,188,210,169,173,0,30,118,80,192,251,121,0,119,168,112,106,0,180,93,242,134,34,113,236,122,140,154,42,161,94,119,43,200,136,178,142,0,105,155,193,141,51,67,0,124,125,255,181,104,130,161,45,181,158,144,167,251,146,117,169,42,194,123,97,135,154,140,191,61,255,65,0,86,170,223,0,0,115,164,255,55,229,179,250,24,29,0,136,121,58,94,62,0,130,225,0,5,100,135,115,89,255
156,26,130,60,255,75,137,81,125,200,194,12,158,168,110,24,97,80,181,206,56,210,119,123,153,6,202,170,95,52,78,125,66,187,108,245,132,53,81,163,196,141,0,124,113,255,122,35,77,214,164,62,99,157,152,111,122,20,196,224,180,186,0,141,106,145,96,151,169,0,45,208,183,145,146,116,176,0,135,118,0,246,250,112,112,116,27,83,49,82,0,159,194,178,96,180,11,0,136,255,182,0,0,202,0,255,180,255,167,255,51,174,0,81,185,32,25,100,0,255,217,0,41,36,154,31,0,255
156,24,132,75,251,56,119,96,123,193,223,0,145,134,159,33,71,87,187,218,8,163,79,55,145,17,178,133,108,120,26,82,113,132,142,255,158,7,75,166,131,96,0,128,58,255,103,67,129,255,191,94,126,62,97,135,116,0,109,193,172,150,0,178,133,216,104,141,28,0,83,200,185,137,170,144,184,0,186,164,54,190,255,122,16,78,88,111,157,160,101,144,219,228,139,232,0,4,153,255,118,0,12,129,0,255,159,255,84,255,163,119,0,7,146,27,53,102,72,255,205,0,0,2,145,157,150,255
156,24,126,69,245,64,126,87,121,191,213,9,155,135,176,23,50,109,178,220,38,182,93,82,140,39,213,171,112,99,56,107,71,129,144,235,206,15,9,143,147,146,4,121,33,231,97,49,137,244,232,67,116,61,106,119,159,1,138,146,185,107,0,218,120,196,127,70,101,0,22,163,233,159,95,139,178,0,202,166,70,228,255,96,44,99,134,81,134,126,73,181,154,255,51,250,67,0,150,230,178,0,9,154,7,255,170,229,144,255,127,157,0,66,117,0,63,98,74,254,222,0,0,19,190,120,162,255
156,20,124,58,246,39,129,81,129,196,182,40,180,133,59,19,127,70,176,187,39,223,176,52,156,17,190,171,107,86,0,121,69,143,155,255,159,0,150,172,238,119,0,146,37,249,107,0,70,244,229,73,114,111,188,43,134,0,255,187,133,196,0,96,71,159,244,71,252,0,148,104,226,102,161,84,128,0,117,183,83,255,243,90,50,121,0,91,138,36,34,237,197,166,217,95,97,0,71,121,215,0,20,134,0,255,252,218,86,255,134,139,12,229,212,0,164,23,0,255,172,0,36,141,199,144,0,255
157,30,120,78,255,50,154,90,115,164,214,13,130,137,101,0,80,47,210,171,0,251,224,30,87,55,202,124,9,127,181,83,159,161,0,109,81,140,133,162,255,120,32,64,0,146,0,24,104,213,254,28,123,133,217,122,93,3,180,225,59,255,3,219,93,133,255,255,245,0,84,219,234,140,255,255,62,1,50,255,60,235,226,32,84,0,163,0,100,116,0,226,255,224,255,105,139,0,55,128,19,93,27,20,0,255,255,255,251,167,255,168,0,0,217,255,186,243,3,255,35,138,69,26,255,255,0,255
158,29,122,89,255,35,125,101,128,194,202,0,146,164,132,0,114,72,190,164,34,248,192,41,103,33,229,190,26,157,88,108,132,120,103,171,138,61,67,149,207,137,80,103,0,238,39,61,36,203,218,38,77,86,183,138,135,2,134,160,115,199,0,185,0,180,202,170,168,17,73,151,255,60,234,96,214,0,140,255,91,255,255,140,47,55,94,0,114,5,53,135,255,166,148,145,90,0,118,160,93,0,30,101,0,255,206,255,129,179,203,147,0,88,217,118,75,132,29,255,104,0,120,93,255,255,0,255
160,29,138,104,255,37,144,111,127,192,182,6,129,141,129,19,86,83,175,151,0,162,144,14,63,92,192,153,73,168,120,86,189,130,77,218,91,124,32,172,180,178,90,90,89,247,20,62,73,173,143,59,92,85,140,166,32,132,140,183,139,175,0,170,59,168,159,210,155,71,86,175,157,142,255,102,250,65,148,227,104,164,255,137,54,21,83,62,126,55,91,68,255,131,214,167,37,25,73,226,153,0,23,223,0,255,157,255,108,196,197,166,32,9,224,195,66,0,0,255,157,0,106,107,255,255,0,255
159,21,133,71,241,45,149,65,142,193,161,1,149,130,105,39,94,102,163,236,46,143,129,24,125,44,185,207,129,82,3,52,96,91,174,255,119,26,166,185,235,79,0,166,64,221,141,59,93,255,176,96,166,105,173,82,122,46,232,175,118,216,0,122,86,119,109,105,199,0,141,106,255,198,169,164,168,12,163,94,129,207,255,156,40,96,48,79,139,102,84,211,116,173,193,97,129,0,35,90,186,0,16,87,15,255,248,186,128,220,79,34,0,146,183,21,164,0,0,255,73,0,28,93,66,159,3,255
156,28,129,80,255,55,156,112,123,180,179,21,154,174,109,51,171,72,179,180,29,238,172,53,97,80,227,188,96,142,114,20,82,130,92,115,75,115,152,153,157,140,0,148,48,172,76,44,98,232,224,60,156,83,146,66,79,5,212,171,60,236,44,136,112,170,196,225,207,0,112,149,255,136,247,172,158,71,115,255,37,255,232,129,105,37,61,140,148,109,0,255,182,171,255,86,142,0,119,122,184,3,20,156,0,255,255,216,191,166,122,129,0,95,240,181,163,114,0,255,136,0,85,108,255,174,0,255
154,26,117,48,255,80,140,86,105,177,182,6,139,200,78,51,127,106,192,193,49,215,59,42,137,84,193,204,82,48,138,57,73,186,63,120,125,100,106,151,166,132,0,144,61,209,50,33,117,237,248,93,191,82,169,70,114,0,184,197,103,188,86,117,191,112,221,205,137,0,103,181,255,180,134,143,78,17,72,255,19,255,142,105,83,50,133,178,126,206,0,255,206,255,255,214,111,0,220,78,183,54,0,71,0,255,255,233,240,255,208,199,0,28,64,84,196,247,90,230,85,0,112,91,255,0,0,255
159,27,128,75,255,53,156,107,132,178,181,3,169,151,98,42,152,75,167,200,41,214,154,30,95,27,229,201,85,157,70,0,91,148,108,167,63,100,115,236,151,106,0,139,14,243,87,57,97,238,193,99,167,75,154,90,62,11,197,113,84,233,11,103,112,171,155,156,164,0,117,135,255,127,255,202,166,0,111,255,156,255,255,188,94,69,30,68,133,129,0,233,247,162,249,149,131,0,129,192,162,0,38,128,0,255,246,223,171,134,108,114,0,108,214,188,106,67,13,255,106,0,86,12,255,121,0,255
160,32,132,86,255,51,148,88,150,183,158,10,144,182,107,12,131,79,189,162,7,255,248,80,108,68,179,197,0,108,152,139,131,142,43,145,78,134,190,126,255,90,20,117,0,162,66,128,48,202,209,43,114,155,142,152,140,68,211,214,130,253,0,199,3,156,200,244,213,9,125,123,239,117,255,203,189,6,131,246,67,255,255,182,71,76,96,0,95,0,112,188,255,210,205,71,84,0,11,109,131,91,70,100,0,255,255,234,168,206,204,208,22,70,255,228,103,104,0,232,103,0,117,109,228,195,0,255
160,25,127,68,255,40,143,82,129,184,172,0,160,116,99,26,136,75,173,184,19,210,175,26,102,30,198,196,125,136,15,34,105,132,137,241,122,62,149,215,236,86,0,154,62,255,98,34,65,250,208,92,169,116,183,50,81,33,217,157,110,255,0,161,106,106,192,160,195,0,124,147,255,140,219,219,118,0,183,255,118,218,240,155,50,33,32,116,178,135,0,176,198,172,242,112,107,0,105,156,141,61,29,106,0,255,252,197,102,249,53,119,0,161,164,174,103,67,0,222,133,0,66,39,123,153,0,255
159,25,123,76,255,56,119,72,119,195,184,2,127,151,121,14,77,65,174,195,5,190,115,37,119,67,176,165,104,70,58,106,121,133,153,232,132,64,126,122,255,110,0,122,53,255,121,106,52,247,189,94,83,155,182,170,129,38,187,196,180,219,0,125,33,119,104,145,163,0,112,167,250,165,141,147,189,0,151,150,21,224,221,138,53,122,53,0,109,31,43,154,249,189,145,161,20,0,30,147,100,38,0,57,0,255,243,191,116,255,111,60,0,112,203,95,94,98,0,255,133,0,127,117,90,154,0,255
150,11,153,85,234,71,100,109,183,211,131,39,183,186,96,32,131,120,164,149,58,181,95,183,122,118,255,145,81,165,134,149,136,102,120,175,178,129,112,93,119,180,23,250,87,195,228,88,93,170,163,52,37,76,97,24,77,116,143,222,201,94,0,122,46,35,221,156,132,42,149,100,190,248,123,144,134,173,76,129,80,146,254,51,171,207,138,170,84,0,13,200,144,122,57,233,0,0,185,115,187,0,248,120,81,239,159,171,213,232,193,241,165,104,220,56,255,184,61,179,165,0,0,129,70,0,0,255
157,17,164,85,227,48,116,114,197,207,124,60,162,162,90,52,123,113,179,154,51,144,119,146,81,114,225,178,102,169,56,119,118,97,101,217,146,112,195,159,130,180,20,216,132,238,181,76,124,239,86,97,100,37,140,22,87,131,186,251,223,135,0,100,86,151,248,65,135,0,161,168,153,231,112,123,165,92,201,96,144,185,255,89,116,126,0,92,5,0,69,163,228,93,111,255,62,0,30,148,54,0,29,188,92,255,140,136,217,217,131,126,138,141,202,11,214,75,0,255,166,0,16,168,127,110,0,255
158,20,144,86,243,70,127,86,159,203,166,1,148,176,120,33,83,99,180,200,33,136,94,121,121,88,199,159,99,141,81,113,142,110,95,187,90,124,134,152,189,134,18,191,87,194,207,64,75,220,107,106,60,67,138,122,80,76,176,221,156,188,20,100,81,150,90,114,146,34,121,164,152,204,200,160,208,94,144,93,71,193,255,160,153,145,55,100,35,40,110,128,190,127,123,182,0,0,115,173,95,0,33,112,55,255,186,249,187,206,98,173,31,122,209,41,102,56,0,255,151,0,55,59,94,148,0,255
161,25,136,86,227,24,139,82,161,194,152,0,130,146,121,15,96,98,176,184,34,173,185,26,106,72,212,250,85,161,61,76,148,52,130,245,152,84,162,143,253,94,0,182,54,222,122,58,33,252,150,73,143,82,130,70,105,58,255,201,162,255,0,172,17,138,142,117,165,0,122,99,216,151,198,174,218,63,200,135,30,222,255,183,102,113,109,13,70,25,155,118,255,215,159,137,49,0,12,111,125,0,0,140,19,255,251,178,141,240,66,101,0,135,229,62,116,0,0,255,106,0,142,82,137,228,38,255
163,26,140,90,229,32,135,79,177,177,147,0,130,156,155,40,65,146,160,177,53,172,180,84,123,34,232,255,51,178,91,108,74,47,107,236,127,54,141,150,154,101,25,199,104,202,140,42,86,249,117,71,101,42,87,33,120,50,212,166,160,122,0,178,62,184,94,98,121,0,106,123,255,130,191,134,255,36,215,144,130,255,255,199,162,122,178,67,40,0,199,141,207,255,81,181,118,0,110,82,230,0,14,113,29,255,162,254,82,155,38,110,9,168,226,0,91,0,0,237,120,0,97,128,187,255,124,255
161,27,144,99,240,33,127,102,163,200,138,22,152,169,93,36,161,92,194,129,13,193,198,69,59,129,205,198,0,174,130,108,157,105,63,186,82,108,127,168,224,155,59,93,89,217,128,125,47,174,125,56,110,74,185,161,90,172,220,209,189,190,0,141,0,215,180,130,177,64,149,164,161,117,232,142,233,81,217,237,91,204,255,113,97,109,15,0,100,0,127,116,255,28,181,144,0,0,0,184,163,0,20,186,0,255,201,200,108,227,167,145,110,70,255,145,125,0,0,203,179,0,153,142,248,255,0,255
157,12,151,61,237,56,124,104,203,223,108,69,171,213,65,65,185,102,141,131,59,185,178,112,119,38,255,255,108,163,0,110,90,118,110,255,132,90,255,136,150,101,0,251,163,255,255,29,119,197,83,74,25,63,121,0,100,176,255,220,206,177,0,0,16,45,217,84,155,0,215,47,207,255,250,154,182,0,182,54,0,246,255,122,106,190,0,198,0,0,15,183,202,71,191,255,0,9,143,186,255,0,13,255,112,255,178,255,180,246,0,100,76,164,149,11,124,0,0,255,255,0,0,186,65,25,0,255
160,26,144,104,249,55,137,102,170,206,164,28,166,163,126,29,138,91,193,171,11,219,182,93,101,93,199,203,57,164,106,108,113,108,104,182,55,107,160,140,203,203,64,137,81,227,138,81,40,181,125,88,85,96,164,96,95,113,174,177,206,153,0,157,21,188,149,128,229,3,137,179,255,162,202,136,248,35,182,182,50,231,255,158,115,183,0,17,71,0,157,38,255,78,106,168,0,14,48,159,173,0,106,137,50,255,111,255,117,228,178,144,43,114,255,147,37,106,0,243,145,0,93,213,255,212,0,255
163,27,145,110,255,26,149,99,153,191,153,18,142,138,91,38,134,76,210,126,0,178,215,1,72,180,157,129,4,133,152,109,224,106,44,175,40,124,143,158,255,142,66,53,50,157,49,111,59,154,120,31,121,148,197,160,24,191,233,255,148,255,0,230,0,234,236,249,215,43,153,164,107,166,255,177,173,105,189,242,119,112,255,107,64,93,37,0,128,0,179,117,255,76,242,63,25,33,0,250,129,40,40,162,0,255,255,219,140,204,179,181,95,70,255,164,67,0,0,173,177,30,105,130,255,255,0,255
157,18,138,65,228,21,146,97,148,209,153,63,177,180,96,51,160,102,177,163,49,201,189,62,115,26,255,255,160,141,0,39,121,97,170,255,146,20,169,162,194,110,0,250,146,255,149,0,61,255,224,34,138,59,165,0,130,16,254,207,157,221,0,52,116,57,222,90,223,0,206,18,224,210,176,110,163,0,184,123,56,239,255,182,118,139,76,174,109,0,30,168,175,237,140,149,129,70,87,97,255,56,63,238,27,255,184,255,21,255,0,59,0,217,255,0,158,0,0,210,219,0,80,181,186,148,26,255
164,25,141,107,240,35,135,99,149,202,150,5,125,156,103,50,144,101,192,151,15,153,159,12,80,148,178,189,52,156,129,70,195,86,107,182,67,128,124,141,210,137,52,126,106,158,81,112,42,192,128,75,130,99,181,151,75,143,235,223,146,251,0,154,0,188,155,196,153,70,168,143,186,172,222,196,224,128,200,179,113,145,249,157,59,117,44,56,161,0,182,124,255,115,180,110,27,3,0,186,169,54,20,138,0,255,212,207,131,196,92,99,67,87,246,168,105,0,0,229,128,0,87,130,176,242,0,255
156,28,136,89,255,64,135,95,136,221,181,9,174,164,119,10,128,65,179,166,11,233,113,101,124,56,234,199,47,119,75,114,112,146,95,193,83,93,75,138,189,169,46,151,63,255,97,72,67,203,156,74,66,99,139,179,102,120,117,177,177,155,0,96,75,93,102,210,192,52,74,162,237,176,197,46,240,0,160,181,45,239,255,162,64,142,52,73,115,0,22,123,255,58,157,141,0,26,142,201,218,0,70,157,0,251,49,255,166,156,177,118,0,17,241,168,54,136,22,255,222,0,134,140,255,224,0,255
156,16,143,84,226,37,113,107,173,203,144,19,183,148,96,27,117,102,186,184,48,159,159,92,119,31,226,192,60,169,54,123,83,159,115,255,168,34,133,173,102,151,35,163,86,254,121,17,114,187,100,86,87,26,108,71,174,114,140,197,182,135,0,121,61,144,195,55,151,0,101,127,214,196,187,153,199,30,204,156,80,205,255,120,81,128,0,114,21,39,159,141,235,93,95,250,62,0,132,194,143,0,0,187,78,255,156,221,186,255,120,177,87,161,135,0,148,15,0,232,148,0,0,77,142,94,0,255
154,18,144,89,240,79,95,113,157,196,164,51,164,165,129,30,92,100,156,156,32,199,78,164,126,80,241,127,80,131,103,164,124,152,104,155,165,130,110,103,140,173,58,208,98,169,159,94,60,160,126,56,83,85,96,82,128,86,116,234,245,62,2,182,125,127,156,106,99,14,144,171,207,237,126,172,173,81,168,116,86,150,244,39,131,120,103,182,65,5,86,165,193,125,50,230,17,0,159,181,255,0,151,99,91,255,109,221,166,230,215,149,144,140,144,65,175,187,0,191,104,0,0,140,121,72,5,255
155,20,159,86,238,70,103,111,172,206,174,30,163,171,154,55,87,107,176,142,13,162,55,143,129,106,228,159,36,170,61,140,129,140,60,193,162,75,141,162,113,142,23,202,48,177,157,48,113,167,143,66,105,77,87,55,111,123,125,250,255,111,0,179,143,154,193,143,45,12,171,204,214,207,113,141,169,85,233,63,160,138,250,94,135,124,78,183,69,0,116,151,255,99,62,255,0,21,219,208,188,0,201,53,0,244,46,219,147,255,185,114,154,68,125,89,156,140,0,215,108,0,0,158,136,141,0,255
157,17,161,91,230,54,104,109,180,219,171,43,164,171,152,73,114,108,178,150,26,159,84,118,120,120,235,154,65,170,55,124,113,139,93,191,158,87,152,161,96,168,30,197,101,202,125,46,120,201,123,74,123,48,128,8,109,154,162,230,254,137,0,132,91,155,193,127,73,0,171,218,219,255,121,173,175,121,179,88,141,120,249,80,148,159,38,148,96,1,131,119,248,146,81,255,8,0,150,192,156,0,122,79,0,249,57,218,169,255,99,56,103,80,159,65,164,105,0,211,128,0,0,190,97,126,0,255
154,16,141,74,243,66,124,108,154,197,175,60,187,171,114,49,138,83,169,169,46,207,111,131,145,52,234,188,115,143,42,90,89,137,129,242,198,68,107,120,153,169,0,237,121,245,172,6,82,195,140,45,110,76,129,0,86,18,230,215,233,129,0,99,141,131,167,145,183,0,125,157,177,253,117,107,193,0,157,36,0,106,255,78,123,172,85,186,60,0,116,161,149,217,43,237,35,59,101,211,255,0,75,150,81,255,149,255,214,255,148,133,0,166,161,67,123,78,0,255,249,0,0,86,239,0,0,255
155,23,151,95,246,59,102,108,158,206,179,18,163,145,149,40,80,94,184,159,8,190,65,152,126,97,210,117,44,144,123,142,129,158,80,179,134,98,73,147,117,197,56,213,98,189,100,59,91,186,100,58,103,88,115,78,101,88,81,217,223,76,10,205,120,153,140,169,100,21,130,241,190,173,174,142,195,74,167,87,173,149,255,66,64,119,95,167,133,22,129,113,220,150,101,201,0,0,188,252,216,0,161,82,0,255,80,255,105,255,209,132,139,31,168,112,139,118,0,226,166,0,0,149,171,220,31,255
156,22,160,100,250,44,126,134,161,198,193,18,179,151,152,63,134,78,202,156,0,160,82,83,135,89,168,165,29,215,48,63,89,126,82,239,120,47,131,191,82,162,28,165,85,191,110,1,94,164,121,63,212,77,99,41,72,92,174,196,205,167,0,120,161,230,188,174,93,0,133,235,211,160,170,61,198,58,255,151,84,97,241,152,107,135,13,150,124,80,159,121,255,105,141,195,0,41,193,255,144,0,84,8,0,185,78,255,195,255,150,58,42,58,196,153,104,78,0,255,174,0,18,151,255,148,0,255
156,18,138,88,234,47,110,113,138,196,194,31,177,158,143,37,104,73,184,171,44,171,108,76,111,47,222,188,70,131,23,86,111,136,131,234,167,26,103,137,117,182,26,170,110,223,93,35,123,207,160,31,126,95,101,72,121,91,150,230,222,112,0,150,102,182,150,118,89,0,111,175,220,184,168,122,209,3,221,92,79,191,255,90,55,137,67,148,71,47,130,122,197,203,67,254,62,19,136,202,255,0,61,106,46,255,147,255,99,255,141,61,15,64,169,16,121,72,0,247,188,0,35,168,211,88,31,255
156,20,146,95,231,44,99,119,143,192,192,35,167,136,162,54,101,80,185,164,0,186,74,96,113,117,228,152,27,170,68,109,97,149,110,179,165,40,50,143,110,195,67,182,97,213,87,52,125,151,127,34,138,40,86,69,125,145,75,208,242,88,0,155,122,161,140,110,67,45,136,192,255,189,114,84,186,119,249,134,119,161,255,76,70,138,91,169,142,60,126,124,224,173,62,254,14,15,153,158,255,0,119,51,12,255,66,242,82,255,225,45,100,56,159,17,162,121,0,204,91,0,6,184,251,215,40,255
153,21,145,88,250,59,117,125,170,201,174,34,181,153,134,26,135,81,173,148,19,232,98,150,114,84,243,172,39,155,109,97,93,152,94,152,146,97,90,138,116,224,57,175,92,220,133,85,69,188,96,66,85,68,112,93,122,93,106,170,193,109,0,168,141,146,171,123,151,3,118,166,200,168,173,84,191,73,209,150,72,179,255,87,110,143,40,108,55,29,56,127,221,111,66,188,0,0,175,249,255,0,127,168,28,255,95,213,200,255,173,131,62,88,247,89,138,114,0,255,126,0,0,224,255,110,0,255
163,23,170,107,237,57,112,126,157,215,162,38,147,142,159,68,125,112,188,129,12,133,68,86,128,139,195,161,100,212,80,134,171,119,64,179,98,152,145,205,147,179,40,191,139,161,157,48,80,140,136,69,150,81,115,57,62,123,196,235,211,176,0,125,109,191,245,136,85,124,166,238,200,223,138,165,176,143,180,114,142,60,215,100,119,110,43,218,108,35,131,102,255,91,149,230,0,3,105,214,95,0,181,46,44,169,32,203,227,187,143,58,131,67,250,127,113,81,0,173,127,4,19,153,191,194,0,255
159,29,172,109,255,46,151,134,159,227,153,24,148,127,143,30,148,89,211,134,9,181,140,74,100,99,157,148,60,223,122,99,143,139,59,170,1,188,127,199,115,193,76,128,127,155,131,61,84,191,178,73,116,54,121,144,55,132,160,179,119,218,14,112,81,255,255,232,168,83,158,170,180,130,238,72,233,142,180,207,103,85,252,176,80,36,0,174,96,36,192,96,255,0,242,112,0,3,67,255,3,0,166,179,0,155,69,255,132,108,230,113,19,59,255,226,61,87,0,255,221,11,84,178,255,255,0,255
155,22,146,95,244,55,126,116,161,217,180,17,155,167,148,33,97,95,185,164,20,173,94,96,114,79,232,190,62,165,99,92,125,141,94,191,122,122,103,135,115,199,52,174,129,212,144,55,76,176,141,48,65,77,106,84,123,150,150,192,167,145,0,143,90,155,165,143,162,29,117,177,194,188,200,135,249,125,197,139,81,153,255,124,120,124,77,105,40,12,95,126,255,139,142,211,0,0,165,231,219,0,128,137,45,205,117,255,208,255,109,92,50,16,207,123,105,48,0,255,123,0,21,216,216,161,0,255
166,17,143,96,224,71,110,86,133,207,164,19,129,110,115,38,67,84,200,188,19,155,71,65,78,155,173,118,149,150,66,130,132,126,111,163,90,80,42,63,151,207,132,251,122,151,97,135,75,197,44,168,165,8,169,126,141,84,63,119,229,118,105,174,81,137,124,28,152,171,134,132,165,179,154,124,52,120,172,33,163,119,190,97,0,115,98,160,192,119,165,164,185,152,98,211,0,170,105,192,227,0,22,68,131,236,152,255,158,255,146,50,73,143,128,0,53,54,0,185,80,0,109,13,178,222,88,255
175,8,146,96,214,76,77,129,148,174,151,51,120,147,101,35,109,238,196,193,0,208,99,177,69,152,150,185,123,68,193,131,106,82,139,130,139,120,184,136,115,174,31,144,123,163,132,92,123,110,126,93,129,77,86,150,125,106,113,206,130,121,121,97,174,168,81,124,144,135,146,112,127,188,138,154,132,137,93,168,100,193,152,130,91,102,138,202,146,88,63,145,95,112,110,171,88,50,122,210,207,121,120,114,106,182,84,114,170,130,178,136,67,136,72,55,147,184,48,216,101,116,100,83,170,147,69,255
175,8,146,96,214,76,77,129,148,174,151,51,120,147,101,35,109,238,196,193,0,208,99,177,69,152,150,185,123,68,193,131,106,82,139,130,139,120,184,136,115,174,31,144,123,163,132,92,123,110,126,93,129,77,86,150,125,106,113,206,130,121,121,97,174,168,81,124,144,135,146,112,127,188,138,154,132,137,93,168,100,193,152,130,91,102,138,202,146,88,63,145,95,112,110,171,88,50,122,210,207,121,120,114,106,182,84,114,170,130,178,136,67,136,72,55,147,184,48,216,101,116,100,83,170,147,69,255
