159,15,161,102,204,80,89,79,191,188,87,100,149,177,0,95,125,64,184,166,58,185,130,117,127,174,176,178,172,89,57,130,95,94,67,114,98,149,229,95,46,81,0,108,105,100,53,133,55,255,163,77,174,113,87,46,179,141,78,255,96,31,20,200,255,38,128,130,187,163,200,179,255,214,250,55,0,52,153,181,0,178,187,190,144,154,138,255,113,0,143,255,124,90,90,187,139,0,250,250,126,32,0,167,205,255,239,217,187,255,244,255,0,168,118,4,172,33,0,228,28,220,13,0,213,187,20,255
153,19,169,67,238,92,144,94,192,201,66,112,203,193,0,71,177,127,201,184,99,188,53,142,151,98,153,250,178,34,110,54,65,132,110,211,70,171,247,29,89,172,0,185,129,115,54,160,136,255,195,66,149,74,69,16,184,0,106,255,148,89,57,189,138,70,104,207,255,37,176,58,128,255,175,0,87,70,96,185,0,188,255,219,4,124,141,255,219,0,64,250,140,231,48,107,71,2,255,238,234,0,165,255,107,255,255,144,239,188,255,255,0,43,89,97,253,255,0,235,53,17,0,0,232,137,35,255
155,15,165,64,230,76,137,87,210,209,73,98,194,209,0,52,175,149,206,207,84,150,61,135,148,116,168,198,203,87,50,56,91,123,33,105,37,172,255,104,11,152,0,130,147,77,23,180,92,255,172,100,148,188,90,96,146,123,25,255,123,66,2,154,149,41,102,205,165,73,212,60,182,207,212,0,3,44,117,166,0,221,255,255,93,162,155,255,64,0,14,255,211,238,40,222,46,0,255,218,182,0,0,161,255,255,232,255,255,229,178,255,0,0,155,23,125,101,0,255,79,39,64,0,204,67,55,255
154,11,166,55,216,72,158,79,206,218,71,98,181,236,0,64,151,172,172,234,81,147,95,144,144,140,141,204,223,99,20,41,79,10,86,173,78,105,255,121,88,216,0,203,148,88,115,194,173,255,186,48,122,121,173,84,118,84,96,237,165,21,0,63,131,0,114,114,255,0,255,89,251,255,189,0,0,175,255,182,0,155,222,255,2,140,200,251,92,0,0,255,255,156,120,119,90,0,255,216,190,0,7,127,255,255,224,255,255,120,175,255,8,2,52,13,85,0,0,255,82,0,86,68,93,155,0,255
152,12,159,57,242,80,147,106,208,184,62,107,216,176,0,54,168,159,179,206,79,149,52,172,180,49,176,196,185,30,107,105,79,78,55,113,72,171,255,89,40,234,0,150,90,39,0,213,136,255,148,31,184,198,56,0,136,84,14,255,166,8,83,122,113,0,90,220,184,46,208,128,192,192,255,0,0,37,216,240,0,228,255,239,0,164,169,255,52,0,0,255,255,255,79,255,72,0,255,255,255,0,65,114,255,255,255,235,255,197,252,255,166,0,125,80,67,32,0,255,12,58,0,0,167,115,0,255
156,16,156,55,252,82,154,105,202,188,63,85,222,183,0,37,195,152,191,246,101,154,63,163,183,3,192,233,189,40,130,12,30,125,52,89,59,191,255,134,23,247,0,125,132,43,0,204,152,255,163,99,188,192,45,0,154,12,0,254,140,48,145,88,90,0,47,230,221,27,216,150,234,179,255,31,0,0,155,211,32,250,238,255,0,205,162,255,98,0,0,255,214,228,33,235,69,0,255,235,248,0,16,197,255,255,255,223,255,255,101,255,84,14,177,91,107,7,13,247,0,39,0,0,134,48,0,255
158,18,157,65,251,106,160,108,200,200,89,77,194,205,0,72,178,162,176,255,75,160,25,162,144,79,180,182,186,75,132,26,66,127,82,90,28,196,255,61,69,202,0,147,129,90,90,190,183,255,142,122,144,146,78,112,121,91,67,206,175,55,96,92,86,40,97,195,150,85,192,116,205,255,230,58,13,146,150,165,37,209,223,255,0,177,128,255,89,0,0,255,208,247,96,232,0,0,255,218,252,0,67,149,255,255,255,255,255,193,151,254,44,0,83,78,21,91,10,255,84,3,0,0,192,0,0,255
154,15,166,56,255,80,176,113,206,194,91,98,204,219,0,56,206,141,176,239,94,159,34,143,127,89,130,186,230,80,132,33,85,66,43,83,73,211,255,123,90,255,0,163,47,21,6,161,208,255,140,20,255,255,86,68,90,114,2,255,204,10,108,64,114,0,58,185,179,93,248,129,248,196,255,6,0,122,199,138,8,162,148,255,0,181,181,255,0,0,0,255,255,255,52,255,41,0,255,255,255,0,8,112,255,255,255,255,255,255,129,255,16,0,104,211,0,0,90,255,0,38,0,0,238,0,0,255
156,16,162,55,240,94,166,93,208,211,74,103,192,234,0,85,160,177,188,255,85,149,66,141,131,125,166,233,215,62,54,35,82,62,59,113,45,164,255,107,80,214,0,209,119,49,66,220,170,255,217,113,145,164,168,126,99,115,51,251,208,0,37,94,120,0,68,160,198,61,247,124,255,221,255,24,0,140,197,210,0,161,227,255,0,203,206,240,33,0,0,255,252,255,109,206,102,0,255,234,240,0,0,107,255,255,255,255,255,180,104,255,0,0,139,76,11,0,0,255,49,29,16,8,211,71,60,255
156,19,162,63,249,72,173,93,203,198,74,90,209,220,0,60,192,146,186,226,90,154,74,153,150,103,147,202,203,55,76,11,66,88,55,101,58,180,255,138,65,193,0,176,87,52,0,168,153,255,147,60,153,217,108,99,95,84,40,224,163,14,71,63,163,0,86,234,210,38,216,66,255,196,255,6,0,74,157,159,80,255,213,255,0,220,195,255,21,0,0,255,255,235,77,237,104,0,255,255,193,0,0,145,255,255,255,253,255,243,150,255,0,0,128,135,0,0,53,255,0,0,0,0,255,103,73,255
154,19,152,56,255,108,153,132,189,173,105,105,217,174,0,82,204,149,181,251,86,177,15,179,212,21,170,167,186,22,213,57,58,126,25,71,68,174,234,87,66,255,0,75,15,17,0,192,180,255,164,86,177,234,97,93,147,18,0,255,225,0,118,103,94,63,54,225,146,165,234,167,255,124,255,15,0,49,153,243,0,183,223,187,0,241,151,255,74,0,0,255,255,255,13,255,58,0,255,255,219,0,43,130,255,255,255,255,255,255,255,255,36,0,229,108,31,10,169,255,0,149,0,0,255,53,0,255
151,15,159,49,255,120,150,131,181,162,83,113,192,164,0,116,198,172,179,239,102,160,2,196,239,15,147,157,198,0,205,95,67,138,29,131,97,174,215,53,33,255,0,73,27,0,0,229,155,255,130,60,223,255,102,60,187,0,0,255,242,0,156,226,166,49,45,244,175,169,243,118,178,102,255,15,0,15,172,255,0,159,240,175,0,133,146,255,140,45,0,255,255,248,0,255,113,29,255,255,229,0,71,172,255,255,255,255,255,234,255,255,91,0,213,52,141,78,88,255,0,221,0,0,255,26,0,255
147,19,151,55,255,99,129,108,177,195,82,99,212,190,0,99,176,147,173,197,90,191,2,182,224,90,162,218,160,0,173,140,42,113,48,186,73,158,217,15,74,208,0,165,70,48,8,180,184,255,130,39,178,130,48,54,181,0,67,255,229,0,20,133,170,18,29,239,255,72,255,103,178,152,233,0,25,81,177,255,0,123,255,136,0,194,222,255,192,0,57,255,191,228,15,187,72,121,255,235,255,0,60,183,247,255,255,255,255,255,255,255,0,26,255,23,255,64,108,255,43,77,0,0,255,131,0,255
156,13,161,66,223,78,151,77,170,197,90,85,170,179,55,92,113,163,167,193,45,144,97,100,118,204,109,119,170,32,28,131,103,104,105,174,55,72,172,145,107,186,0,167,77,55,26,197,112,255,152,36,165,125,137,97,95,133,50,213,133,15,0,152,145,60,102,136,213,61,177,90,204,242,169,8,17,168,175,156,33,127,250,237,54,101,158,235,116,0,59,255,196,173,77,165,148,0,255,205,200,9,20,102,203,255,191,255,208,152,255,228,46,33,121,0,168,0,32,196,98,32,49,97,115,148,45,255
155,13,163,64,239,107,145,84,193,162,71,91,192,216,0,69,172,166,205,228,104,155,53,151,159,125,155,184,175,78,98,83,62,107,66,116,83,146,248,51,53,239,0,142,85,0,59,204,125,255,169,100,192,118,135,97,172,15,15,255,199,0,37,167,178,64,77,182,178,135,217,125,220,174,186,3,0,172,216,167,0,118,202,255,0,135,185,255,203,0,34,255,255,170,67,99,122,0,255,255,207,0,0,59,255,255,255,255,255,153,255,255,6,6,91,112,110,0,94,255,0,199,0,4,152,74,37,255
159,21,161,64,241,73,163,98,207,203,63,98,214,217,0,44,166,166,188,245,84,140,76,155,151,69,200,234,205,25,56,18,64,131,45,101,18,185,255,154,28,160,0,163,142,82,0,223,119,255,161,142,130,194,57,108,128,116,22,255,137,20,61,82,143,0,55,229,200,0,244,49,255,197,255,26,0,0,126,183,51,255,255,255,41,255,152,223,0,0,0,255,255,255,73,255,155,0,255,169,214,0,0,166,255,255,255,255,255,217,36,255,0,0,140,50,3,0,0,255,0,24,0,0,223,146,105,255
150,16,156,50,249,102,148,98,185,220,90,114,195,223,0,75,184,167,188,228,83,188,49,172,177,94,145,227,190,63,127,81,50,101,12,140,73,158,255,97,76,237,0,179,74,8,79,204,243,255,182,16,191,174,154,120,166,0,27,255,203,0,42,81,92,0,43,186,255,98,255,125,248,201,255,0,0,119,202,255,0,76,189,206,0,208,219,255,130,0,0,255,255,161,26,169,42,0,255,232,230,11,76,148,255,255,255,255,255,255,255,255,62,39,178,58,255,9,68,255,0,39,0,0,177,172,0,255
155,22,168,57,255,95,156,124,207,202,70,112,233,213,0,62,209,148,182,244,108,204,40,189,152,45,185,255,193,47,162,21,65,123,69,158,69,207,255,78,106,243,0,207,73,60,26,161,209,255,132,120,167,168,71,123,179,0,32,255,245,14,123,94,94,31,59,206,198,112,235,124,255,207,255,0,0,27,148,238,0,209,253,238,0,255,136,255,79,0,40,255,255,255,41,255,91,0,255,229,195,0,0,226,255,255,255,255,255,255,180,255,0,0,242,125,162,79,93,255,0,55,0,0,255,125,0,255
157,22,169,55,255,94,161,96,212,210,66,103,227,239,0,62,174,168,218,249,112,148,33,161,157,61,184,255,202,0,97,2,65,136,88,140,35,232,255,81,0,192,0,199,135,59,22,227,181,255,208,124,134,129,62,135,152,13,21,255,169,19,96,134,127,45,10,230,255,70,243,70,255,220,255,0,35,0,140,199,0,254,255,255,38,255,173,255,0,0,0,255,255,255,0,230,92,0,255,186,220,0,15,255,255,255,255,255,255,255,108,255,0,0,71,73,99,87,2,251,0,11,0,0,255,235,115,255
160,20,164,53,255,98,163,103,221,214,66,94,245,246,0,52,180,179,220,255,145,110,23,164,178,22,222,255,235,0,72,0,56,181,71,76,0,255,255,125,0,187,0,108,179,36,0,255,146,255,246,181,112,138,38,145,126,57,0,255,88,30,113,165,71,39,0,255,221,131,235,49,244,158,255,0,0,0,53,238,0,255,255,255,30,255,160,216,0,0,0,255,234,255,0,255,106,0,255,184,255,0,0,220,255,255,255,255,255,255,17,255,0,0,103,9,40,43,31,208,0,9,0,0,255,184,131,255
156,14,165,55,240,111,177,80,192,202,82,98,204,244,0,66,169,158,198,250,128,145,25,201,169,70,137,206,180,32,103,45,51,136,111,166,88,203,255,52,48,183,0,179,184,14,37,218,255,255,174,25,177,61,68,48,179,0,136,255,187,57,112,132,111,0,48,229,255,0,209,13,175,255,152,41,52,116,168,110,0,204,255,237,0,155,171,255,150,0,0,255,255,253,31,158,64,2,255,245,255,0,130,225,255,255,255,224,255,163,165,255,0,34,0,0,177,177,54,144,64,0,0,0,44,132,0,255
155,9,164,59,215,68,190,49,218,227,78,72,195,255,0,22,181,141,209,252,118,124,103,151,145,114,144,226,193,62,0,7,33,87,126,170,31,146,255,98,23,127,0,238,229,56,51,201,203,255,95,12,141,100,70,99,161,11,38,214,99,59,61,81,188,0,52,158,255,0,201,5,255,255,100,43,0,46,111,20,38,224,255,255,142,151,228,249,85,0,0,255,255,232,32,79,149,0,255,135,225,0,34,255,255,255,255,233,255,184,65,166,0,131,38,0,188,38,0,210,20,0,17,0,0,70,255,255
162,7,172,93,179,39,203,49,232,207,20,49,151,253,28,54,150,135,221,192,78,178,181,60,63,164,108,234,229,0,0,53,165,140,105,166,0,125,241,154,161,40,0,255,156,138,17,219,193,255,131,58,119,104,132,120,147,130,135,196,57,103,82,10,255,0,128,138,187,47,208,32,255,255,141,0,48,97,203,51,96,255,255,255,165,122,230,188,40,0,0,255,191,239,162,106,121,0,130,86,134,0,32,255,255,255,151,167,210,201,157,108,0,146,182,32,177,131,0,233,25,0,71,255,35,82,255,255
158,12,175,33,235,89,196,66,228,255,38,136,212,255,0,50,152,202,211,255,173,111,94,164,173,49,174,255,216,26,0,0,45,108,96,151,0,160,255,106,0,137,0,255,242,100,27,255,211,255,247,150,72,42,96,81,144,60,19,255,151,33,102,159,79,0,78,227,255,0,255,28,230,255,215,0,0,0,168,176,0,223,255,255,43,199,234,255,17,0,0,255,216,255,64,195,115,0,255,146,223,0,13,255,255,255,255,255,255,255,0,255,0,0,0,0,72,45,0,255,31,0,0,0,82,208,253,255
159,16,169,45,242,86,195,80,213,227,57,116,231,255,0,40,179,168,202,255,167,139,82,189,196,25,185,255,212,0,51,21,27,102,94,168,12,168,255,86,6,170,0,241,180,75,0,220,255,255,146,104,132,69,15,80,174,19,47,255,192,27,136,98,104,0,67,205,255,0,219,40,255,255,199,1,0,44,111,155,29,255,255,255,0,255,170,255,67,0,0,255,255,255,60,176,155,22,255,186,255,0,24,255,255,255,255,255,255,255,0,255,0,10,69,0,0,0,0,190,22,0,0,0,92,212,112,255
155,14,163,56,245,96,158,85,206,199,79,91,205,225,0,39,196,146,219,253,92,161,73,149,147,101,138,197,214,103,71,10,40,135,45,83,49,177,255,119,16,199,0,163,120,30,34,202,222,255,183,78,171,128,130,117,155,40,0,255,119,14,38,93,89,22,38,207,241,75,242,76,255,235,223,0,0,48,148,166,0,136,225,255,24,188,176,255,100,0,0,255,255,161,0,157,52,0,255,152,195,0,13,195,255,255,255,254,255,255,199,255,12,70,16,137,222,73,45,255,0,52,0,0,128,162,0,255
150,9,150,64,211,70,118,66,190,200,86,91,186,193,0,44,155,134,223,177,68,160,63,152,170,126,160,192,166,100,69,91,38,93,96,143,91,105,255,45,0,150,0,166,190,106,88,195,89,255,179,72,62,58,79,26,185,51,18,255,107,51,38,122,145,0,67,171,242,0,207,99,162,229,105,0,0,66,168,151,0,170,255,192,146,170,236,251,159,0,31,251,101,187,49,160,4,0,255,115,194,41,8,159,221,255,238,107,255,255,211,255,42,165,218,0,255,202,0,255,101,0,0,0,36,50,26,255
156,12,170,51,233,115,170,69,202,204,68,113,188,247,0,97,171,167,225,214,127,137,52,172,147,91,138,238,191,57,62,28,53,138,115,163,53,150,255,22,0,159,0,155,199,56,40,234,206,255,224,64,92,35,105,42,201,0,69,255,169,39,72,208,107,35,49,227,255,4,185,69,151,255,110,0,20,98,180,148,0,178,255,255,40,118,207,255,162,0,13,255,248,246,13,192,38,18,255,247,218,0,114,255,255,255,255,204,255,152,205,255,0,47,0,0,183,255,0,202,44,0,0,0,146,73,104,255
156,16,165,51,255,120,171,106,208,186,71,104,218,211,0,101,213,160,199,255,134,155,18,205,172,25,171,234,201,13,133,32,62,114,70,109,70,222,255,50,7,255,0,115,83,0,0,237,251,255,191,65,223,169,91,60,163,0,44,255,241,0,146,187,113,20,71,240,178,159,225,141,210,202,255,0,0,107,200,175,0,180,235,241,0,200,179,255,88,0,0,255,255,255,5,255,51,0,255,255,241,0,53,182,255,255,255,255,255,255,206,255,0,0,60,76,48,70,142,253,0,89,0,0,255,75,0,255
152,15,155,47,255,109,160,132,195,196,89,120,205,205,0,82,216,138,174,232,126,166,3,185,211,29,180,229,219,29,195,60,62,97,20,102,76,188,255,52,64,255,0,116,73,24,0,167,212,255,159,36,179,222,86,36,138,0,43,255,235,5,144,125,78,0,55,224,174,139,241,140,187,142,255,0,0,96,142,224,0,154,216,189,0,230,161,255,37,14,0,255,255,255,27,255,47,6,255,255,255,0,40,162,255,255,255,255,255,255,202,255,36,0,188,58,83,63,72,255,0,0,0,0,238,0,0,255
152,16,166,55,255,94,152,110,213,198,94,86,214,243,0,50,197,145,230,248,107,138,0,163,174,76,178,230,221,56,115,0,45,146,35,80,67,239,255,85,0,207,0,149,117,82,23,162,183,255,185,49,190,191,19,119,136,102,0,255,170,20,61,118,128,25,0,255,201,89,255,64,201,183,255,0,4,0,175,160,0,166,211,255,93,184,197,255,38,0,0,255,255,255,0,248,29,0,255,253,217,0,0,255,255,255,255,255,255,255,186,255,0,0,70,156,196,117,47,255,0,5,0,0,181,86,45,255
156,19,168,65,255,96,149,98,211,177,63,88,216,211,0,92,154,165,224,226,87,134,49,172,150,81,164,223,176,0,77,40,63,135,136,144,68,206,254,69,0,194,0,178,122,44,19,255,120,255,218,76,138,101,95,64,145,43,22,255,165,2,88,189,178,83,33,250,246,84,196,109,224,201,255,0,25,0,214,234,0,255,255,255,39,183,181,255,6,0,0,255,225,255,10,215,88,0,255,227,192,0,72,238,255,255,255,189,255,184,239,255,0,2,29,134,127,143,17,238,0,82,0,0,255,235,85,255
155,18,162,59,236,78,154,82,211,218,78,96,203,252,0,59,168,163,191,255,82,155,80,147,149,128,165,232,233,64,42,25,44,68,48,136,31,163,255,119,35,202,0,209,126,45,68,190,175,255,174,94,126,183,150,152,119,47,30,255,182,0,10,49,134,0,35,144,255,43,255,129,255,209,223,0,0,98,146,207,0,150,204,255,46,237,247,252,40,0,0,255,255,253,87,125,128,0,255,190,208,16,0,144,255,255,255,255,255,255,75,255,0,44,190,94,62,0,9,255,17,30,44,7,232,136,78,255
154,14,160,65,230,94,146,82,200,171,92,89,195,229,0,46,174,154,234,234,79,154,65,145,183,133,143,180,216,68,88,67,44,78,49,103,83,121,255,87,25,219,0,164,121,45,52,191,135,255,188,57,131,126,140,125,151,28,0,255,164,0,0,114,170,4,28,173,215,115,225,118,255,167,163,0,0,121,147,167,0,125,203,255,46,175,231,255,130,0,0,255,255,184,66,91,116,0,255,242,218,0,0,118,255,255,255,255,255,152,231,255,0,16,71,128,84,0,106,255,0,117,0,0,129,159,70,255
154,10,155,50,240,94,170,89,191,207,84,94,184,226,0,65,204,145,172,255,125,143,56,152,181,92,142,205,201,64,87,32,27,99,34,129,71,153,255,94,76,225,0,126,121,0,35,203,225,255,166,32,180,145,155,76,132,35,56,253,165,0,78,92,122,0,54,167,247,80,255,39,255,228,202,18,0,167,162,180,0,149,203,255,0,173,187,255,88,0,0,255,255,170,55,162,132,15,255,255,255,0,32,184,255,255,255,255,255,187,166,255,16,77,46,0,157,0,35,247,0,0,30,0,154,76,0,255
157,16,158,56,255,109,167,112,209,177,86,84,221,213,0,61,212,159,208,255,110,153,20,186,156,37,196,216,214,60,141,0,58,134,53,39,51,226,255,81,31,255,0,121,97,20,9,221,210,255,165,118,165,191,83,113,118,75,10,255,216,0,147,99,100,14,63,238,112,140,209,138,250,192,255,56,0,77,148,198,31,228,205,255,0,255,147,255,28,0,0,255,255,255,75,255,13,0,255,255,220,0,0,151,255,255,255,255,255,255,134,255,0,0,112,167,0,0,107,255,0,41,0,0,231,0,24,255
157,14,163,56,244,112,169,93,202,184,65,112,206,237,0,89,188,162,195,253,125,146,46,172,179,66,185,252,216,30,88,23,48,103,67,132,43,147,255,71,31,245,0,111,132,20,5,233,212,255,217,68,122,128,117,83,172,0,62,255,219,0,75,129,105,0,65,186,217,158,212,105,255,227,197,25,0,198,160,207,0,183,255,255,0,182,196,255,127,0,0,255,255,254,99,176,135,4,255,255,251,0,10,160,255,255,255,255,255,99,149,255,0,0,81,50,11,0,138,195,0,64,0,0,206,82,1,255
156,19,169,55,255,77,196,110,218,218,79,98,208,255,0,75,203,169,194,246,112,151,47,188,141,94,127,255,224,70,84,0,81,93,12,115,81,228,255,171,121,201,0,223,85,32,0,183,203,255,185,76,225,255,108,156,84,124,29,255,233,0,87,37,163,0,70,242,168,39,255,22,255,176,255,0,0,124,219,99,78,236,190,255,0,253,235,255,0,0,0,255,255,255,43,255,153,0,255,239,189,0,0,140,255,255,255,255,255,254,18,255,0,0,130,118,0,0,75,255,0,0,0,0,255,34,221,255
156,16,163,52,237,70,171,91,220,247,69,106,210,255,0,39,185,151,176,255,129,160,66,154,149,115,156,255,222,56,50,0,57,47,1,96,53,208,255,176,93,211,0,231,107,37,33,215,207,255,222,71,188,199,149,152,83,50,0,240,178,0,28,30,156,0,21,177,226,106,255,94,255,179,255,0,0,139,215,194,5,149,170,255,3,255,255,254,0,0,0,255,255,255,84,186,179,0,255,255,238,0,0,75,255,255,255,255,255,255,0,255,0,0,131,119,20,0,68,255,0,0,47,0,233,173,166,255
156,10,165,68,179,37,145,52,206,221,72,57,167,234,14,59,140,157,187,184,88,132,168,73,126,193,133,228,254,134,0,1,73,0,160,207,59,53,255,149,77,142,0,240,195,187,133,198,81,255,150,46,89,89,183,58,152,92,88,216,139,55,0,76,227,0,108,41,255,0,173,96,255,255,104,42,3,139,177,204,70,209,255,255,173,117,247,163,126,0,0,255,217,144,147,75,150,0,132,156,153,0,0,156,255,255,136,154,255,112,218,143,0,1,130,8,78,0,0,255,118,0,189,151,152,92,255,255
