175,8,146,96,214,76,77,129,148,174,151,51,120,147,101,35,109,238,196,193,0,208,99,177,69,152,150,185,123,68,193,131,106,82,139,130,139,120,184,136,115,174,31,144,123,163,132,92,123,110,126,93,129,77,86,150,125,106,113,206,130,121,121,97,174,168,81,124,144,135,146,112,127,188,138,154,132,137,93,168,100,193,152,130,91,102,138,202,146,88,63,145,95,112,110,171,88,50,122,210,207,121,120,114,106,182,84,114,170,130,178,136,67,136,72,55,147,184,48,216,101,116,100,83,170,147,69,255
175,8,146,96,214,76,77,129,148,174,151,51,120,147,101,35,109,238,196,193,0,208,99,177,69,152,150,185,123,68,193,131,106,82,139,130,139,120,184,136,115,174,31,144,123,163,132,92,123,110,126,93,129,77,86,150,125,106,113,206,130,121,121,97,174,168,81,124,144,135,146,112,127,188,138,154,132,137,93,168,100,193,152,130,91,102,138,202,146,88,63,145,95,112,110,171,88,50,122,210,207,121,120,114,106,182,84,114,170,130,178,136,67,136,72,55,147,184,48,216,101,116,100,83,170,147,69,255
175,8,146,96,214,76,77,129,148,174,151,51,120,147,101,35,109,238,196,193,0,208,99,177,69,152,150,185,123,68,193,131,106,82,139,130,139,120,184,136,115,174,31,144,123,163,132,92,123,110,126,93,129,77,86,150,125,106,113,206,130,121,121,97,174,168,81,124,144,135,146,112,127,188,138,154,132,137,93,168,100,193,152,130,91,102,138,202,146,88,63,145,95,112,110,171,88,50,122,210,207,121,120,114,106,182,84,114,170,130,178,136,67,136,72,55,147,184,48,216,101,116,100,83,170,147,69,255
175,8,146,96,214,76,77,129,148,174,151,51,120,147,101,35,109,238,196,193,0,208,99,177,69,152,150,185,123,68,193,131,106,82,139,130,139,120,184,136,115,174,31,144,123,163,132,92,123,110,126,93,129,77,86,150,125,106,113,206,130,121,121,97,174,168,81,124,144,135,146,112,127,188,138,154,132,137,93,168,100,193,152,130,91,102,138,202,146,88,63,145,95,112,110,171,88,50,122,210,207,121,120,114,106,182,84,114,170,130,178,136,67,136,72,55,147,184,48,216,101,116,100,83,170,147,69,255
175,8,146,96,214,76,77,129,148,174,151,51,120,147,101,35,109,238,196,193,0,208,99,177,69,152,150,185,123,68,193,131,106,82,139,130,139,120,184,136,115,174,31,144,123,163,132,92,123,110,126,93,129,77,86,150,125,106,113,206,130,121,121,97,174,168,81,124,144,135,146,112,127,188,138,154,132,137,93,168,100,193,152,130,91,102,138,202,146,88,63,145,95,112,110,171,88,50,122,210,207,121,120,114,106,182,84,114,170,130,178,136,67,136,72,55,147,184,48,216,101,116,100,83,170,147,69,255
155,20,148,78,218,0,166,108,129,254,139,151,230,202,37,0,185,98,114,86,73,255,227,70,123,49,148,220,79,138,0,88,197,0,114,255,159,0,201,255,255,143,55,243,0,255,127,10,33,115,255,0,64,160,100,115,155,137,242,106,193,255,207,143,0,0,255,0,255,0,114,54,169,213,255,145,66,210,29,255,190,255,148,224,0,0,53,193,185,64,43,110,169,174,150,63,236,101,255,190,172,46,255,241,0,206,255,191,9,222,34,229,0,179,255,0,0,0,0,126,255,0,0,90,255,219,0,255
150,20,151,77,231,10,145,98,146,225,110,187,217,179,50,25,170,105,129,65,62,255,104,75,141,111,122,209,87,83,136,101,145,0,40,255,118,0,160,176,247,211,46,98,0,245,104,78,21,131,186,0,75,201,91,104,167,10,151,177,253,102,153,73,91,0,255,0,248,0,159,153,190,250,255,103,78,149,116,212,70,163,145,127,9,35,71,236,234,0,192,128,144,193,4,149,166,15,198,240,166,6,255,183,0,197,218,40,69,225,239,240,0,114,255,0,12,44,0,216,254,85,0,142,255,255,0,255
152,14,144,79,171,0,140,91,160,246,89,155,210,196,54,0,155,101,82,72,109,250,140,53,160,82,145,255,134,102,23,48,143,0,50,255,143,0,170,215,255,186,0,232,0,255,159,36,0,126,215,0,59,139,159,73,115,0,128,124,154,189,132,61,146,0,255,0,245,0,117,120,190,255,255,128,17,141,100,255,98,210,148,206,127,11,251,230,159,0,62,171,81,163,94,111,255,41,255,222,117,28,255,181,0,255,142,84,87,231,0,187,0,0,241,0,0,122,0,125,255,0,0,127,150,255,146,255
153,15,153,66,176,0,146,75,167,255,58,164,209,195,6,0,142,129,104,80,112,241,182,46,159,112,125,255,145,89,12,53,121,0,43,255,63,0,238,221,255,158,0,239,58,255,97,77,0,255,213,0,45,118,126,35,133,2,41,189,126,102,117,47,166,0,255,0,255,18,127,47,227,255,255,104,0,155,117,255,71,255,207,255,104,70,255,255,159,0,61,246,80,182,115,107,255,107,255,187,100,27,208,178,0,255,186,125,36,165,5,255,0,7,255,0,0,0,0,144,227,2,0,88,162,255,240,255
148,16,145,82,189,0,135,82,136,252,95,223,228,187,44,0,154,95,105,35,94,251,101,30,191,73,130,255,70,61,103,102,177,0,0,255,140,0,150,156,255,206,12,162,0,255,70,4,0,68,254,0,59,180,88,36,176,0,147,200,255,228,234,24,174,0,255,0,255,0,149,38,143,255,255,200,64,167,21,255,94,255,72,153,120,0,225,255,236,74,193,111,181,255,88,122,183,82,255,234,210,52,255,212,0,232,255,58,31,96,167,251,0,89,255,0,0,82,0,105,255,5,0,139,255,255,0,255
149,19,148,54,255,52,178,98,148,230,59,129,194,139,0,94,213,60,140,108,85,255,143,98,163,33,185,244,83,120,95,123,48,24,101,255,24,45,129,159,205,127,0,255,108,208,41,55,222,167,237,28,118,177,8,13,216,0,205,247,108,231,198,82,19,0,197,41,255,0,239,0,122,255,255,82,71,178,0,115,0,252,255,224,26,89,101,235,255,0,48,234,14,187,23,0,30,255,125,203,152,83,202,255,0,255,241,179,165,255,148,255,0,255,255,0,255,82,0,255,255,0,0,113,252,0,0,255
147,19,136,81,214,0,141,78,129,236,130,175,210,211,74,9,198,89,167,76,38,255,185,64,144,59,154,255,0,81,56,119,178,0,14,255,167,0,142,121,255,151,10,207,3,255,95,52,60,164,255,0,37,138,126,82,234,30,169,175,200,255,194,39,103,0,255,48,255,0,194,0,137,235,255,186,145,198,76,185,13,255,130,170,101,23,120,162,181,38,146,80,157,255,140,54,81,77,234,145,255,110,238,254,0,227,255,154,0,150,242,188,0,227,255,0,39,38,0,255,255,0,0,180,255,217,0,255
153,21,131,86,210,5,129,64,130,203,145,120,178,197,45,10,189,75,191,107,26,249,156,51,102,73,190,223,14,99,41,86,157,25,70,170,123,6,166,109,184,116,63,143,46,225,72,99,48,208,255,0,37,186,116,159,216,70,100,184,162,159,132,52,109,14,219,53,255,0,165,7,228,182,255,171,104,100,62,155,110,255,157,204,160,110,139,78,124,0,108,126,228,192,166,201,87,0,149,104,255,21,100,139,0,255,255,174,93,163,198,92,0,150,255,0,57,84,0,255,95,0,46,193,255,67,42,255
154,22,140,95,212,0,137,70,148,210,114,169,207,160,20,27,194,56,172,71,3,255,138,38,138,91,181,243,82,113,39,111,158,0,44,255,123,18,229,98,255,108,10,190,66,255,116,0,76,157,253,0,47,255,56,76,153,113,143,197,228,211,227,65,127,0,255,14,255,0,150,27,201,214,255,235,89,142,89,117,144,255,80,255,124,50,116,220,203,0,71,73,97,227,208,89,136,59,210,120,245,13,176,239,0,255,254,3,0,119,140,124,0,255,255,0,23,33,0,255,238,6,0,70,255,133,0,255
154,25,150,81,252,25,192,84,159,221,95,136,227,141,0,43,217,89,182,113,29,255,138,46,131,66,174,241,104,106,76,83,140,5,90,255,89,82,199,175,255,152,0,240,40,229,75,30,120,162,222,42,108,255,23,75,122,59,177,191,167,222,255,163,151,0,255,71,255,0,168,70,194,247,255,124,27,103,0,149,195,255,148,255,25,80,54,233,255,60,3,153,72,237,184,0,108,109,198,189,127,27,243,255,0,255,255,68,113,159,177,255,24,255,255,0,47,0,0,255,226,0,0,55,255,12,0,255
151,18,133,91,207,0,129,39,121,196,113,160,188,165,34,0,135,98,190,113,0,170,106,14,102,89,134,192,42,45,83,122,230,0,71,199,165,0,151,80,235,158,42,165,92,167,55,158,58,255,255,64,4,255,184,234,215,30,68,254,222,125,129,0,183,0,159,78,255,0,173,0,255,255,255,216,101,90,83,153,58,255,121,181,130,192,251,158,104,3,85,105,255,255,201,220,6,45,133,43,191,95,113,16,46,255,255,53,118,92,244,109,0,128,255,0,0,0,0,254,55,120,0,206,255,128,90,255
155,17,149,101,178,0,138,22,148,204,111,129,185,204,74,0,118,134,172,141,42,190,144,44,95,61,157,232,66,36,0,57,194,0,126,221,217,5,76,114,152,117,30,199,89,228,87,157,0,227,213,25,30,170,176,233,221,101,85,165,182,43,51,21,241,0,255,6,255,0,83,7,244,255,64,111,81,43,58,235,232,255,98,255,217,184,196,111,148,0,54,148,179,255,127,202,210,0,159,122,80,9,101,0,66,255,173,144,229,43,199,35,0,124,224,0,0,0,0,255,43,0,0,168,176,208,255,255
153,17,140,107,182,0,123,18,131,197,114,154,174,192,64,0,137,108,197,130,5,184,102,25,75,60,176,208,50,41,0,110,251,0,65,179,181,60,77,31,172,131,49,162,90,228,66,161,18,149,233,59,39,234,185,255,247,123,84,229,232,76,137,0,237,0,209,40,255,0,214,0,242,208,108,130,88,51,84,189,125,255,79,235,251,170,202,133,178,0,51,114,255,255,135,223,34,0,139,94,185,61,116,0,43,255,239,204,178,81,244,0,0,122,255,4,0,0,0,255,34,41,0,231,255,103,255,255
159,19,157,96,188,7,126,47,187,192,74,121,165,170,0,20,170,121,206,163,34,178,153,58,82,116,147,211,145,41,0,38,112,0,73,197,60,0,192,81,66,98,2,135,199,203,73,176,31,255,165,116,47,150,181,146,218,76,0,179,127,48,24,21,234,23,78,42,255,11,130,27,255,228,95,168,46,21,128,222,46,255,145,243,189,197,197,205,95,0,24,235,126,168,83,255,125,0,222,53,72,0,50,55,177,255,181,119,180,70,122,0,0,114,212,0,7,38,0,164,0,105,0,98,205,178,255,255
160,25,160,102,207,4,139,64,159,190,110,96,161,197,22,23,186,108,208,136,16,235,167,67,85,95,155,223,135,23,30,23,156,0,87,182,98,33,135,74,149,85,61,162,164,197,100,97,74,255,143,70,95,208,85,191,225,116,56,167,195,124,84,52,227,36,104,21,255,0,112,29,204,203,119,180,118,43,123,255,143,255,78,255,204,144,160,183,83,0,16,212,185,143,115,255,112,0,143,138,150,0,27,137,123,255,211,151,125,60,121,63,0,218,250,20,1,0,0,160,36,26,0,126,172,94,201,255
157,19,142,92,200,2,150,28,145,183,104,91,198,192,33,0,134,119,197,151,25,175,161,44,78,102,164,206,78,14,0,62,179,0,168,209,107,0,66,87,131,142,81,198,85,157,55,132,30,255,165,78,15,133,136,238,177,85,73,137,162,52,106,18,209,8,149,23,229,0,91,0,249,255,123,70,77,1,81,194,210,255,131,255,216,250,183,49,72,0,0,195,189,231,121,207,130,0,126,96,77,15,0,17,66,255,241,181,167,105,138,132,0,234,255,0,0,0,0,239,49,0,0,242,156,108,255,255
155,19,151,85,203,17,151,70,177,192,100,89,183,206,0,38,184,126,171,141,41,204,169,105,124,117,148,250,152,37,37,37,116,0,131,189,61,21,208,87,153,121,0,227,172,188,80,129,30,255,142,38,70,132,128,69,179,52,66,126,145,57,58,25,218,0,145,63,255,0,170,0,255,241,193,147,22,131,146,199,141,255,180,255,128,176,212,202,23,0,0,255,167,148,173,255,143,38,255,147,195,0,19,168,240,255,255,129,206,26,181,147,0,139,255,0,0,0,0,255,0,0,0,175,173,85,204,255
165,32,149,136,255,50,130,102,180,141,126,80,197,167,51,0,174,83,216,155,0,255,185,83,171,28,203,172,138,0,138,129,112,0,28,140,104,89,119,0,124,131,150,72,179,122,60,54,194,223,122,138,83,255,0,64,0,7,179,129,255,41,116,167,222,141,196,147,194,0,30,57,174,141,94,116,194,0,41,255,171,255,29,111,137,212,228,71,27,29,0,169,173,218,211,255,104,90,183,163,158,0,19,111,126,255,255,172,229,0,255,249,0,255,255,0,0,61,0,163,208,116,19,168,196,0,0,255
155,16,122,84,215,34,127,19,105,178,137,76,138,184,95,0,67,92,204,149,12,125,38,13,93,143,166,164,73,80,6,121,143,0,185,161,210,74,21,79,195,48,150,116,8,105,73,141,85,255,235,174,38,106,157,251,200,1,111,173,140,64,67,143,227,53,169,51,255,0,162,0,255,169,153,3,70,8,55,54,255,255,255,249,134,201,255,7,134,5,138,246,255,155,136,171,135,88,46,107,251,0,0,0,60,255,255,56,190,147,171,211,0,221,255,117,70,0,0,255,130,88,255,166,247,60,255,255
153,17,106,69,239,47,110,13,93,175,152,34,126,161,66,10,53,89,220,140,0,118,0,16,100,140,164,217,79,52,1,137,108,4,185,161,232,47,50,86,205,8,122,98,3,168,72,180,127,255,255,212,34,94,111,255,182,4,129,186,171,81,29,152,221,61,191,71,200,0,99,0,255,124,114,37,38,0,40,138,222,255,255,173,124,169,255,8,134,116,115,248,255,147,242,218,42,10,0,0,255,0,0,0,74,255,255,13,171,192,118,249,0,230,255,163,150,132,0,175,238,94,255,247,255,0,208,255
159,34,130,79,255,45,123,20,98,176,177,13,161,189,0,22,121,85,206,131,0,255,83,98,146,41,105,213,91,0,115,116,103,42,112,200,162,97,137,74,215,41,77,109,185,215,85,68,175,246,233,137,67,247,0,255,146,75,165,184,255,107,86,114,181,117,98,125,177,0,74,124,216,211,81,96,160,0,49,255,239,226,17,238,253,136,116,39,74,87,0,214,246,136,255,204,50,0,55,111,116,0,0,59,7,241,255,226,115,122,142,237,0,255,181,42,44,108,0,103,184,0,82,167,109,0,69,255
157,30,135,82,241,28,110,24,104,176,172,47,133,180,32,45,147,93,206,103,0,247,81,101,108,134,120,213,112,31,107,130,136,40,85,162,90,117,26,42,203,53,106,157,163,233,64,103,161,255,170,126,91,175,31,255,181,98,79,165,230,73,93,76,142,82,2,46,212,0,175,0,183,164,164,158,194,48,105,255,198,238,84,201,224,148,150,41,115,0,0,177,255,138,230,255,84,0,31,152,237,0,0,26,180,208,227,247,63,62,218,127,0,245,165,118,47,6,0,173,0,39,148,162,103,34,226,255
158,23,116,88,229,27,100,35,93,186,151,22,91,126,92,58,141,78,232,105,12,207,37,17,69,167,135,190,120,167,119,126,122,37,153,180,188,88,47,48,178,109,111,153,109,182,35,200,142,255,206,130,106,128,153,156,195,13,104,201,201,64,2,237,67,65,68,98,255,0,202,34,251,112,139,223,123,87,134,186,101,227,199,99,34,115,252,70,255,19,94,200,255,186,105,194,27,107,80,130,174,126,16,4,0,131,255,57,123,161,167,105,11,245,132,180,164,71,0,178,84,143,186,155,168,141,43,255
160,38,137,94,255,51,120,25,106,189,171,37,148,195,40,64,132,101,229,94,0,255,52,82,155,125,102,241,122,31,138,109,110,28,93,168,117,138,168,46,174,37,113,147,226,231,105,65,219,244,255,123,96,214,0,255,158,62,181,180,224,95,94,255,227,135,149,114,249,0,101,140,176,221,124,107,158,68,73,255,255,145,0,169,246,39,176,42,188,101,24,213,193,155,255,127,93,0,73,115,161,0,0,66,25,201,174,181,150,78,255,181,0,255,89,92,118,190,0,223,98,97,160,115,147,61,127,255
153,28,124,86,232,20,95,27,96,185,188,76,135,186,64,10,129,97,209,96,0,255,93,96,103,87,124,228,22,30,116,158,169,12,51,157,151,56,25,0,213,80,103,122,187,251,60,123,126,235,255,86,66,148,137,255,216,75,61,145,255,59,114,61,166,92,108,80,222,0,152,0,171,118,147,146,191,92,156,255,134,255,13,149,219,79,191,36,81,59,69,145,255,141,255,255,0,0,115,109,255,0,0,0,79,136,241,232,63,0,255,88,0,222,161,1,38,151,0,247,55,80,191,200,185,15,122,255
158,22,151,83,195,4,141,30,176,194,80,108,163,208,6,32,151,132,189,162,33,151,123,60,102,131,164,255,133,31,0,41,123,0,77,148,63,56,192,101,139,91,0,209,200,192,55,175,40,255,224,129,74,185,191,185,175,128,0,211,171,0,1,0,255,0,16,68,215,0,234,0,255,202,190,129,46,30,180,155,144,255,202,255,201,255,255,143,30,0,0,255,232,235,138,255,227,0,169,128,195,0,0,25,255,255,236,205,95,33,65,31,0,24,229,57,0,0,0,255,0,25,73,160,220,197,255,255
159,31,143,72,238,40,114,35,117,186,139,54,116,182,21,62,119,121,181,127,0,230,81,81,112,121,122,196,123,43,73,71,120,48,83,120,98,107,103,97,150,81,44,135,186,210,35,146,112,255,193,128,120,218,70,235,194,146,98,244,220,54,0,119,160,105,74,82,219,0,153,85,224,185,138,163,96,20,139,248,133,185,168,187,189,81,213,115,118,0,0,255,251,138,202,255,91,0,84,143,133,0,0,61,150,255,208,255,144,210,156,111,0,114,97,183,14,0,0,244,17,134,111,179,186,97,207,255
152,25,116,62,253,51,110,21,76,179,197,19,100,204,53,42,104,94,202,106,0,253,29,91,101,190,60,165,83,48,83,203,96,28,81,153,198,99,0,112,251,47,125,98,79,217,49,106,138,255,214,98,132,73,77,236,216,25,157,147,151,145,64,139,227,84,150,14,179,0,117,9,191,171,146,96,66,131,121,255,104,190,136,90,165,0,241,110,166,117,0,240,255,110,255,219,89,0,99,53,183,0,0,0,0,34,255,211,214,192,255,228,0,191,92,117,133,156,64,166,186,203,255,219,250,3,77,255
146,22,106,29,255,62,125,40,80,179,173,21,72,169,67,79,78,108,149,25,0,255,12,78,160,255,16,167,123,55,111,232,55,96,14,163,115,104,0,191,255,45,53,187,5,222,4,99,159,255,116,15,151,160,62,179,117,2,182,152,99,177,0,168,238,0,238,72,255,24,124,31,249,186,226,144,82,139,119,255,0,201,191,17,183,0,255,182,107,124,0,255,255,97,255,255,195,0,163,0,162,43,71,0,0,76,255,255,210,241,221,233,0,42,17,165,238,255,15,1,255,255,103,255,255,0,0,255
153,30,118,43,255,68,113,32,71,202,174,0,61,169,50,66,140,107,217,90,40,255,5,85,90,218,34,255,130,106,146,172,76,81,52,176,166,105,0,186,203,131,0,105,103,255,48,184,214,249,189,84,142,143,138,191,222,42,208,249,137,219,0,195,144,87,177,48,174,57,96,201,238,114,83,138,92,90,47,255,14,184,155,0,16,0,154,116,226,234,0,149,255,205,255,188,4,0,54,50,31,0,107,0,0,84,205,242,233,255,255,103,0,0,0,234,204,255,0,162,132,174,111,255,186,40,0,255
154,31,105,37,255,94,143,41,49,197,194,0,83,199,0,23,155,86,247,117,73,201,10,79,5,177,92,255,146,137,167,130,114,150,68,132,205,159,14,183,173,162,24,101,108,228,0,169,255,241,207,122,124,125,105,218,186,0,140,211,175,179,114,171,180,0,235,135,200,135,0,208,255,127,0,97,0,62,0,255,55,255,102,36,0,0,255,249,255,255,0,255,255,200,255,255,87,0,99,0,132,0,126,0,0,53,255,255,255,255,255,148,0,0,0,255,109,255,198,139,191,255,144,159,255,0,0,255
154,34,113,27,255,96,148,79,62,196,189,15,71,229,22,89,123,164,210,125,86,255,35,72,95,139,59,238,33,57,221,138,39,187,56,112,166,86,185,156,167,142,0,168,64,241,0,196,135,209,255,90,202,72,144,91,240,0,168,199,117,111,246,233,227,82,255,156,59,38,6,255,255,84,22,154,0,106,29,255,39,255,126,41,28,0,255,255,240,241,0,255,255,255,255,255,89,0,255,0,144,0,7,0,0,0,221,199,255,255,255,255,0,0,0,123,147,255,152,152,62,255,172,255,255,0,0,255
153,33,132,37,255,98,124,81,53,187,180,70,24,245,154,96,0,154,139,78,47,245,22,46,116,234,68,233,124,66,200,149,150,162,48,255,156,39,164,141,171,122,17,184,0,242,140,49,112,227,225,65,152,114,233,204,194,9,242,255,94,46,195,255,255,26,255,110,51,56,35,231,255,140,25,0,0,123,69,255,0,255,145,11,0,0,255,255,168,255,0,255,173,255,237,233,124,0,255,0,94,0,0,5,0,3,118,214,227,255,255,203,0,0,0,40,255,255,0,255,75,162,161,191,255,36,0,255
153,31,125,54,255,88,133,92,72,188,181,67,57,184,111,77,0,113,181,102,77,254,72,47,87,84,138,255,39,94,164,156,99,141,37,255,201,96,161,146,130,132,6,205,16,247,123,123,222,237,255,54,81,138,142,157,157,81,240,240,147,8,170,255,232,26,255,77,58,0,30,255,255,66,87,0,33,100,0,255,74,255,197,109,0,0,252,112,127,102,0,255,255,255,223,217,255,0,167,83,146,0,12,0,0,74,148,192,229,177,255,206,0,0,66,70,255,255,0,255,114,147,195,184,255,0,0,255
151,31,123,53,255,85,114,75,51,184,213,43,49,214,124,59,0,118,168,86,50,201,31,28,65,177,97,224,97,76,166,170,148,130,69,255,203,36,144,150,184,143,32,149,0,254,87,63,190,226,255,52,92,131,187,172,226,45,195,255,124,77,107,255,212,34,255,80,134,60,46,255,255,138,15,70,0,124,62,242,34,255,117,0,20,0,255,227,166,255,0,252,217,255,248,255,152,0,253,0,83,0,0,0,0,18,241,164,255,255,255,198,0,0,0,90,255,255,53,255,47,188,201,190,255,0,0,255
149,34,129,35,255,94,132,93,69,216,213,37,50,171,120,95,0,147,195,85,29,255,26,49,150,119,88,227,103,53,133,185,100,181,36,232,161,62,123,222,183,131,0,224,0,255,72,89,200,219,255,0,161,226,78,169,211,37,217,255,196,198,40,255,222,100,255,63,169,0,69,255,191,144,63,91,38,105,10,255,0,242,126,20,84,0,238,176,216,150,0,255,255,255,223,243,138,0,91,31,33,0,165,0,0,167,59,255,220,255,255,90,0,0,9,115,255,255,23,241,57,227,0,255,255,0,0,255
149,33,112,44,255,76,135,51,59,192,241,0,44,187,58,67,0,111,232,81,0,237,11,16,125,102,56,245,152,70,126,170,95,126,74,216,235,99,188,219,228,39,73,159,0,255,46,60,253,246,255,12,163,255,0,244,195,26,239,244,183,174,46,255,247,39,255,77,236,19,0,255,153,214,160,160,0,12,0,255,59,182,64,21,78,0,255,164,240,202,0,255,255,227,255,255,243,0,22,0,115,0,123,0,0,47,168,226,255,255,255,74,0,0,0,255,249,255,132,137,133,255,0,255,255,0,0,255
151,30,130,51,255,72,136,50,87,184,162,82,60,238,64,123,45,119,217,0,0,255,7,24,83,215,53,255,105,58,191,158,169,104,18,214,145,122,187,174,229,81,73,159,175,255,121,116,231,255,227,54,70,253,64,253,124,63,255,255,185,21,105,238,251,0,255,74,215,77,50,203,221,204,95,16,71,127,0,255,106,255,123,49,145,0,233,149,75,117,0,177,255,255,255,255,205,0,86,0,189,38,0,15,0,104,153,93,221,141,255,149,0,12,98,226,255,255,0,161,0,107,255,255,255,0,24,255
148,31,117,39,255,88,139,64,72,195,172,72,49,255,56,97,43,128,221,17,19,255,0,6,79,247,53,255,111,107,222,138,120,165,0,193,157,128,185,164,222,104,45,161,85,255,64,92,185,255,252,67,62,175,108,195,162,0,249,255,147,91,140,249,255,0,255,138,169,109,58,241,255,204,65,0,0,150,0,255,0,255,118,54,99,0,255,216,165,187,0,238,255,255,255,255,181,0,140,0,142,80,2,0,0,4,197,108,255,248,255,190,0,0,49,235,255,255,23,255,22,255,255,255,255,0,0,255
151,34,135,30,255,97,148,101,93,216,140,121,74,255,122,133,56,165,149,51,35,255,41,55,106,187,140,255,16,57,237,106,139,215,22,169,65,100,191,138,187,101,5,181,39,238,70,138,123,238,247,62,117,207,140,208,176,0,205,255,187,87,176,179,174,0,255,207,176,22,125,161,255,135,95,11,52,149,58,255,0,255,213,114,98,0,255,182,107,89,0,255,255,255,255,255,87,0,159,0,176,12,70,10,0,209,113,159,175,167,255,66,0,0,149,98,255,255,0,224,66,170,75,255,255,0,0,255
149,29,126,47,255,87,123,81,95,187,129,88,83,255,55,103,51,155,168,78,13,237,0,23,107,220,114,255,108,33,234,96,117,137,16,132,93,129,140,145,180,129,22,91,100,255,34,106,131,255,222,134,71,119,105,196,160,0,176,255,162,30,140,184,250,11,254,166,100,139,194,137,255,219,114,0,0,178,0,255,0,255,177,75,111,7,255,255,181,199,0,255,220,255,211,255,65,0,245,0,240,35,0,55,0,181,255,136,188,255,255,255,0,0,158,199,255,255,10,242,0,255,250,255,255,0,10,255
149,28,115,60,255,70,135,67,87,187,177,62,101,196,63,77,51,119,208,107,0,246,0,4,111,139,122,217,98,64,177,122,117,102,86,161,195,97,157,177,183,77,77,97,17,253,47,128,146,255,233,150,65,160,50,227,172,0,230,222,178,174,125,224,254,39,255,140,172,0,126,204,255,213,177,41,0,134,0,255,54,243,164,58,71,0,216,183,151,208,30,249,255,237,255,176,48,0,118,0,236,0,27,6,0,118,255,75,240,180,255,176,0,37,255,188,200,255,82,255,98,245,206,255,255,0,0,255
149,33,127,40,255,86,143,93,85,208,178,93,81,233,109,109,4,154,188,62,40,255,6,26,78,137,152,255,60,63,188,147,136,160,64,222,154,53,248,196,154,101,15,181,0,255,68,147,180,250,255,104,80,174,70,197,202,0,255,255,221,73,122,255,195,31,255,115,97,4,88,255,255,163,92,42,5,113,0,255,0,255,210,7,16,0,220,175,104,151,0,247,255,255,255,255,149,0,139,0,224,0,40,10,0,78,149,114,237,234,255,114,0,0,199,135,250,255,15,255,45,178,180,255,255,0,0,255
151,31,111,55,255,77,156,44,92,188,172,32,109,198,0,82,125,132,242,134,0,252,0,10,141,143,56,195,76,39,195,102,75,144,66,91,155,158,204,207,230,76,48,112,67,228,25,195,212,255,208,170,122,232,51,255,169,0,178,208,159,197,174,144,255,21,255,209,255,19,166,214,255,253,199,158,0,62,0,255,111,255,123,143,56,0,240,191,253,221,0,255,255,187,255,151,38,0,58,0,222,10,113,72,0,163,255,156,255,156,255,177,0,0,231,255,179,255,213,193,84,255,136,255,255,0,0,255
151,32,112,46,255,74,134,44,75,193,181,33,89,195,25,68,64,126,223,116,0,255,0,5,128,133,88,255,114,39,170,108,76,151,61,160,179,120,167,194,212,58,59,80,22,255,22,149,194,255,255,186,89,183,14,247,247,0,209,214,150,216,118,231,247,32,255,125,193,0,87,239,255,229,150,112,0,69,0,255,105,255,141,72,46,0,220,145,223,219,0,255,255,253,255,209,115,0,80,0,153,0,5,0,0,62,253,125,255,238,255,167,0,0,139,217,199,255,167,228,68,255,194,255,255,0,0,255
148,31,117,33,255,85,122,80,86,196,195,56,83,233,65,79,5,140,209,52,70,255,0,49,75,131,198,255,71,40,184,143,117,170,31,173,168,93,176,179,175,121,32,161,0,255,30,114,195,238,255,102,75,156,15,178,175,0,220,255,226,55,86,255,214,0,255,102,87,70,92,255,255,149,51,29,0,67,0,255,0,255,159,0,46,0,250,139,99,120,0,255,255,255,255,255,237,0,109,0,204,0,52,0,0,121,156,183,244,238,255,137,0,0,128,125,255,255,91,160,18,199,199,255,255,0,0,255
151,33,111,31,255,90,150,61,78,204,184,38,73,220,39,92,81,153,223,114,14,255,0,34,116,161,81,254,91,48,219,156,52,188,48,150,172,102,229,151,217,87,7,143,51,255,18,157,160,255,248,130,146,155,84,132,230,0,182,220,166,178,182,255,255,12,255,178,155,22,63,255,255,183,70,136,0,107,31,255,4,255,116,62,58,0,255,244,226,177,0,255,255,255,255,223,113,0,178,0,162,0,49,0,0,0,204,108,255,225,255,160,0,0,100,100,189,255,179,165,86,255,143,255,255,0,0,255
154,35,112,40,255,78,153,78,92,201,189,39,130,176,0,75,151,135,229,100,51,255,39,80,118,61,166,255,25,56,175,143,65,168,71,157,174,118,249,184,178,107,14,154,4,255,10,241,150,239,255,146,129,184,15,137,240,0,212,213,150,170,191,255,191,14,255,146,156,0,69,255,255,58,81,122,0,66,0,255,57,255,178,81,0,0,150,124,202,100,0,255,255,255,255,220,175,0,82,0,201,0,103,0,0,13,201,225,255,191,255,204,0,0,245,59,125,255,195,183,149,255,175,255,255,0,0,255
152,19,125,44,254,59,135,53,109,186,140,58,99,214,125,49,28,108,165,101,0,147,86,51,125,190,117,167,77,0,92,179,156,81,98,222,80,11,105,119,194,73,71,158,95,229,64,158,23,255,182,74,37,193,228,203,191,9,69,122,105,60,55,147,231,25,103,99,128,0,124,81,255,171,97,25,50,65,226,161,0,255,255,174,91,55,255,160,54,49,0,255,192,147,255,255,108,0,146,67,146,0,0,19,0,255,255,136,115,200,139,221,0,42,185,0,100,143,0,255,164,63,144,244,149,0,166,255
151,30,126,43,255,79,142,81,98,196,136,84,100,210,36,100,99,126,178,69,51,255,10,54,87,135,163,255,47,52,170,117,138,135,58,192,122,115,231,163,186,103,13,206,0,255,92,214,171,247,247,157,71,193,82,196,212,9,205,255,163,82,178,250,216,0,255,101,154,8,137,188,255,102,112,71,10,129,0,255,79,255,234,100,13,6,187,159,134,96,0,255,255,255,197,255,175,0,120,0,255,0,76,0,0,147,163,129,217,184,255,168,0,18,255,164,203,255,0,205,0,155,237,255,255,0,0,255
149,25,104,58,255,58,141,44,85,187,180,69,100,183,39,83,99,112,251,101,0,255,0,10,125,164,116,232,59,44,154,170,83,110,89,163,255,108,180,153,229,69,51,112,0,224,59,191,158,255,255,145,85,173,75,179,200,0,255,233,156,205,160,237,255,0,255,146,255,0,131,218,255,148,153,62,0,129,0,213,88,255,159,86,41,0,180,103,150,146,23,255,255,255,255,114,124,0,75,0,255,0,22,0,0,11,255,30,255,173,255,223,0,187,255,121,228,255,104,223,157,255,255,255,255,0,0,255
150,27,98,33,255,84,148,58,77,175,203,0,92,190,0,56,124,129,225,110,14,255,0,59,149,124,67,190,102,49,177,165,55,166,83,99,190,129,171,189,236,74,38,167,0,239,0,188,126,255,136,120,151,145,41,173,170,0,155,176,128,161,243,239,255,0,255,165,168,48,47,255,255,131,142,140,0,24,0,255,41,255,134,46,30,0,255,255,231,251,0,255,255,245,255,215,93,0,205,0,255,0,78,0,0,56,255,227,255,218,255,255,0,0,96,191,104,255,183,111,114,255,134,255,255,0,0,255
148,26,102,31,255,77,140,46,80,192,187,11,65,189,36,85,48,150,211,92,0,247,0,33,174,159,67,222,159,11,149,200,52,162,79,167,189,121,144,195,255,17,19,163,25,255,41,151,175,255,135,114,129,202,0,209,157,0,193,187,163,193,141,255,255,0,255,137,176,19,77,233,253,190,177,88,0,64,0,255,0,255,116,60,79,0,255,252,195,204,0,255,255,194,255,219,126,0,153,0,255,0,111,0,0,88,191,177,255,168,255,219,0,0,112,159,186,255,119,65,158,255,115,255,255,0,0,255
151,30,132,51,255,83,151,57,100,189,134,86,82,235,87,106,0,158,198,88,0,204,0,32,144,181,89,219,129,0,178,143,145,127,57,205,133,84,211,173,191,76,35,197,94,242,52,128,123,255,210,112,33,237,91,245,117,4,238,250,210,44,170,208,255,0,255,186,123,0,157,183,255,255,112,0,37,93,0,186,95,255,183,170,116,6,244,208,92,43,0,255,255,255,255,192,124,0,104,0,222,0,0,125,0,255,184,95,106,81,255,211,0,39,203,83,213,255,0,255,69,112,213,255,255,49,4,255
148,24,108,29,255,92,132,64,80,189,168,36,72,220,47,88,59,154,184,115,30,232,0,32,147,209,80,191,136,20,200,168,48,159,70,133,154,99,85,140,235,79,9,114,51,243,13,102,130,255,151,106,157,83,99,149,182,0,160,191,168,124,166,250,255,0,255,140,109,99,132,159,255,204,74,58,0,148,2,255,0,255,130,0,69,0,255,255,255,255,0,255,255,161,245,225,33,0,255,0,255,0,83,0,0,118,255,106,249,255,255,255,0,0,67,119,234,255,108,130,69,255,155,255,255,0,0,255
150,35,109,25,255,91,147,60,71,206,193,47,78,203,13,91,93,153,255,105,43,255,0,6,87,116,98,255,76,82,219,113,61,200,24,127,187,107,242,176,159,123,25,110,0,255,0,205,219,228,255,167,157,160,38,148,255,0,232,255,208,195,125,255,236,60,255,156,184,36,26,255,255,177,76,168,0,53,0,255,0,255,182,0,0,0,235,158,250,232,0,255,255,255,255,255,127,0,51,0,138,3,93,0,0,0,192,189,255,255,255,135,0,0,132,250,180,255,224,140,68,255,104,255,255,0,0,255
152,34,129,33,255,96,152,87,76,211,159,94,69,221,70,119,49,154,186,67,48,255,24,33,104,165,81,255,73,64,230,146,91,161,77,219,120,46,255,165,191,105,0,190,11,255,70,158,172,233,255,120,122,183,119,168,255,0,255,255,186,90,194,247,192,27,255,111,113,18,74,255,255,170,47,61,0,131,2,255,0,255,189,35,0,0,250,232,211,148,0,255,255,255,255,255,123,0,118,0,168,0,16,0,0,0,149,78,255,255,255,134,0,0,150,161,233,255,33,255,29,255,150,255,255,0,0,255
156,34,114,55,255,50,151,55,110,202,173,61,146,105,0,97,153,101,232,37,0,255,0,24,164,99,190,255,75,104,50,198,106,104,144,255,255,172,255,216,255,74,71,206,35,255,170,219,185,236,255,179,91,255,0,153,161,83,255,226,171,102,163,255,255,0,255,25,244,0,119,255,255,0,32,3,23,133,16,255,177,255,151,130,0,0,70,39,255,34,0,169,255,255,255,40,255,0,0,0,196,0,203,0,46,0,68,125,231,172,255,233,0,221,255,0,228,255,100,255,171,255,255,255,255,0,0,255
151,38,144,35,255,104,148,116,87,222,174,101,60,255,158,147,1,180,185,25,70,255,83,44,15,196,141,255,46,90,191,118,194,174,5,213,88,92,188,167,162,121,0,208,34,255,89,113,204,223,255,2,133,202,147,217,191,64,245,255,203,38,100,237,130,0,255,132,227,38,37,250,255,133,19,6,47,167,54,255,0,255,151,57,67,0,255,240,64,74,0,255,255,255,239,255,174,0,206,0,97,24,36,0,0,187,111,230,255,198,255,53,0,0,40,186,255,255,0,180,87,155,157,172,255,0,0,255
157,35,131,55,255,68,132,54,104,175,177,38,91,242,31,101,69,126,212,44,0,255,32,61,107,122,142,255,99,30,146,99,178,71,29,144,127,192,161,100,235,58,114,163,183,255,101,66,235,255,255,67,128,230,9,255,127,57,236,255,224,82,37,255,218,73,255,79,197,7,60,167,87,214,71,34,119,63,37,255,201,241,79,82,209,0,244,8,87,0,0,255,255,255,255,255,255,0,12,57,164,54,0,0,0,255,129,255,197,41,255,135,0,88,35,190,255,255,0,107,32,95,223,207,255,0,88,255
151,31,134,46,255,100,156,93,80,207,136,115,55,248,100,150,49,174,164,50,37,255,11,25,96,208,76,255,99,70,198,140,159,152,59,255,128,82,240,149,186,118,3,243,18,255,141,143,176,255,228,53,90,215,168,204,176,51,255,255,171,57,172,255,220,0,255,126,152,39,92,234,255,166,107,0,33,186,0,255,3,255,180,95,7,0,248,219,143,146,0,241,237,255,188,255,171,0,186,0,246,33,37,52,0,97,100,155,200,211,255,213,0,0,135,102,255,255,0,255,29,112,197,255,255,0,0,255
153,37,116,43,255,66,167,42,94,200,184,48,99,154,0,114,115,134,255,20,0,255,0,0,89,181,98,255,109,154,143,139,80,162,80,248,242,174,255,255,233,93,52,213,39,255,115,205,255,252,255,177,99,255,0,197,187,10,255,252,192,128,143,255,255,0,255,76,255,0,105,255,255,149,23,73,0,90,0,255,112,255,115,60,0,0,152,109,255,96,0,223,255,255,255,145,255,0,0,0,159,60,168,0,0,0,110,140,255,240,255,147,0,10,219,188,255,255,204,231,40,255,255,255,255,0,0,255
151,30,109,44,255,78,147,28,67,185,199,6,80,206,22,69,54,129,231,111,0,252,0,15,154,175,10,179,148,42,167,166,58,117,94,151,207,101,144,209,251,28,63,116,37,251,12,97,213,255,210,144,102,175,21,255,165,0,219,181,150,172,166,210,255,15,255,143,203,5,55,207,255,255,154,64,0,57,0,255,94,255,77,80,66,0,255,229,254,233,0,255,255,178,255,175,87,0,99,0,180,0,6,6,0,28,255,114,255,220,255,240,0,0,35,233,179,255,185,218,129,255,162,255,255,0,0,255
151,29,114,38,255,83,134,52,75,189,180,23,76,208,54,72,51,140,177,113,0,255,0,75,156,158,68,193,107,2,158,157,67,158,86,150,146,115,91,158,255,46,40,176,48,246,47,128,137,255,166,112,135,164,56,227,182,0,170,176,165,154,164,213,255,0,255,127,154,19,92,161,255,209,131,94,0,63,30,255,71,255,134,101,105,0,255,225,169,164,0,255,255,150,255,232,123,0,171,0,220,0,11,17,0,106,227,191,253,164,255,179,0,9,41,141,170,255,40,154,119,255,141,255,255,0,0,255
153,36,136,47,255,92,153,98,94,200,171,79,97,253,105,95,49,150,181,79,53,255,98,78,63,139,136,255,0,74,196,118,129,140,39,177,111,91,188,151,172,124,3,220,20,229,94,138,180,252,255,92,107,145,140,198,192,29,220,254,181,51,168,226,199,55,255,142,139,0,90,223,255,134,59,42,42,101,62,255,38,255,184,116,53,0,222,168,78,91,0,255,255,255,255,255,133,0,175,11,152,0,0,60,0,141,205,206,250,141,255,163,0,0,146,126,255,255,0,255,74,150,223,252,255,0,0,255
150,35,117,30,255,95,147,68,71,220,190,49,69,215,60,104,61,167,232,115,40,255,0,23,96,131,92,255,83,77,211,130,67,196,43,177,192,79,245,193,167,74,0,154,0,255,39,191,206,242,255,148,137,161,74,189,255,0,220,248,188,220,146,255,233,61,255,133,133,0,60,255,255,169,99,170,0,136,0,255,0,255,127,3,0,0,246,197,246,224,0,255,255,255,255,208,77,0,132,0,141,0,114,0,0,0,170,113,255,255,255,117,0,0,101,167,231,255,190,216,30,255,68,255,255,0,0,255
153,38,132,28,255,111,154,91,82,224,154,86,88,255,74,109,83,162,190,111,86,255,31,55,89,147,135,255,12,47,240,100,94,215,11,142,71,103,199,129,148,152,0,174,72,255,0,150,200,204,255,106,157,149,131,157,253,0,195,255,196,144,165,218,187,67,255,183,124,48,83,255,255,176,29,108,0,127,64,255,0,255,183,68,39,0,255,146,205,143,0,255,255,255,253,255,93,0,165,0,115,7,29,0,0,132,153,182,255,255,255,108,0,0,94,113,225,255,55,249,10,220,117,255,255,0,0,255
153,34,105,27,255,88,151,56,71,196,197,18,81,150,0,85,103,148,251,137,21,255,0,15,126,44,114,255,102,73,199,110,36,228,70,143,213,147,255,205,146,107,0,122,0,253,0,255,221,237,255,188,135,244,0,147,240,0,214,255,169,205,215,255,204,66,255,164,203,0,37,255,255,100,107,206,0,12,0,255,0,255,124,28,0,0,161,150,245,240,0,255,255,255,255,255,132,0,45,0,170,0,145,0,0,20,144,251,255,255,255,164,0,0,132,198,161,255,218,71,67,255,8,255,255,0,0,255
150,29,129,43,255,77,139,73,105,198,130,77,98,221,68,94,78,142,179,83,18,248,0,34,95,211,121,255,76,36,199,134,95,134,36,155,102,86,131,184,193,107,1,106,60,249,41,149,151,255,212,143,104,145,99,205,177,0,182,255,168,102,100,184,217,46,233,132,116,51,160,134,255,185,132,59,22,134,28,255,23,255,209,77,77,9,213,196,155,131,0,255,255,233,218,234,35,0,136,18,217,0,45,45,0,212,215,66,182,229,255,184,0,0,204,145,230,255,32,174,37,181,174,255,255,0,0,255
151,30,117,43,255,69,140,73,94,188,170,47,108,198,72,76,49,136,185,130,0,250,0,11,138,133,136,201,83,36,175,115,72,145,55,133,148,96,130,202,190,85,19,79,0,252,0,104,135,255,255,145,99,132,50,158,195,0,170,190,149,203,119,200,224,92,255,154,126,0,151,209,255,196,175,109,0,102,21,255,22,255,172,90,132,0,237,183,168,176,0,255,255,249,255,208,67,0,180,0,161,0,3,29,0,198,255,126,206,248,255,230,0,12,182,124,175,255,112,255,72,255,164,255,255,21,0,255
148,25,99,38,255,81,150,50,92,190,190,0,102,197,9,70,91,130,222,107,0,242,0,62,172,191,65,170,151,1,162,221,31,126,69,122,156,123,83,194,255,56,34,149,49,255,0,133,161,255,118,82,141,145,0,190,127,0,159,150,131,193,132,192,255,0,255,165,221,64,98,174,222,243,185,66,0,86,0,255,0,255,121,71,49,0,255,255,239,132,0,255,255,170,255,168,100,0,187,0,255,0,93,0,0,118,255,216,255,133,255,236,0,0,110,100,115,255,233,92,239,255,130,255,255,0,0,255
153,28,111,44,255,87,146,57,83,184,192,25,112,210,39,74,96,137,228,174,29,247,17,30,117,154,52,144,66,41,199,143,41,148,54,108,173,66,120,167,208,135,10,71,38,164,0,105,172,255,255,122,172,48,177,135,196,0,174,187,157,138,136,138,222,120,241,167,163,0,89,244,255,212,113,140,0,71,60,255,78,249,143,34,14,0,255,246,235,238,0,255,255,212,255,221,30,0,234,0,165,29,0,0,0,81,255,169,255,255,255,255,0,0,40,72,124,255,239,228,119,255,178,156,255,3,0,255
150,29,96,30,255,80,136,52,74,205,209,0,78,181,8,65,101,137,241,147,21,255,0,39,104,166,91,242,143,58,172,163,0,179,41,106,174,110,93,181,219,94,2,97,79,255,0,156,196,245,188,133,196,71,33,90,230,0,138,134,113,255,76,207,244,13,255,123,221,104,31,255,255,198,82,224,0,114,0,255,0,255,127,0,35,0,255,255,255,234,0,255,255,198,255,255,89,0,196,0,186,0,123,0,0,0,255,179,255,255,255,139,0,0,64,173,150,255,255,0,203,255,127,255,255,0,0,255
149,27,107,41,255,68,132,53,88,196,162,44,100,181,14,73,103,120,210,78,0,245,0,15,146,160,130,255,135,27,166,146,58,157,56,164,150,114,113,206,223,66,59,48,43,255,0,155,156,255,173,144,81,197,0,220,172,0,197,223,145,197,90,219,212,0,255,122,183,74,111,171,255,184,178,36,16,78,0,255,14,255,185,54,52,0,200,146,214,162,0,245,255,223,255,225,131,0,74,0,255,0,95,18,0,127,199,110,255,232,255,206,0,0,255,188,205,255,143,95,131,255,189,255,255,0,0,255
149,32,118,37,255,80,138,74,88,187,176,46,91,218,41,76,71,137,200,102,14,255,0,14,126,124,98,255,67,58,198,82,95,165,24,119,134,103,172,197,210,109,47,117,0,255,5,118,162,243,255,130,114,156,69,184,220,0,169,249,171,155,114,199,252,86,255,144,158,31,103,255,255,203,152,120,0,46,0,255,86,255,197,64,78,0,255,176,213,211,0,255,255,255,255,255,128,0,112,0,134,0,53,55,0,172,231,172,255,255,255,215,0,0,142,255,196,255,128,255,0,255,130,255,255,0,0,255
148,32,106,24,255,81,138,66,70,207,201,29,60,184,80,85,24,145,214,111,0,255,0,1,141,162,83,255,105,61,170,166,61,188,24,157,168,92,115,186,211,82,4,162,0,255,0,104,195,255,255,74,175,156,68,129,247,0,211,236,159,255,33,238,255,36,255,135,181,0,34,255,255,221,118,196,0,122,24,255,0,249,152,0,72,0,255,165,239,204,0,255,255,255,255,255,129,0,111,0,64,28,130,0,0,38,179,173,255,255,255,73,0,0,23,194,216,255,166,180,121,255,30,255,255,0,0,255
153,36,104,24,255,81,133,76,63,196,222,22,88,190,67,49,46,134,218,124,66,255,38,40,106,98,140,255,29,64,197,151,40,211,32,140,189,70,142,161,168,153,0,129,3,255,0,137,177,212,255,108,133,101,92,95,255,0,202,226,119,209,90,255,178,98,255,125,81,0,0,255,255,106,24,184,0,50,39,255,0,255,161,0,26,0,255,91,145,192,0,255,255,255,255,255,171,0,193,0,12,0,0,0,0,0,209,211,255,255,255,174,0,0,0,71,159,255,205,230,93,255,155,255,255,0,0,255
151,31,114,44,255,72,158,72,88,201,187,61,97,180,55,101,70,141,208,120,0,255,0,4,166,102,99,207,100,48,170,137,80,183,57,181,165,88,223,223,214,70,46,111,0,255,16,137,132,255,248,114,112,200,42,142,182,0,217,199,153,230,146,210,242,42,255,176,216,0,106,255,255,187,184,92,0,93,0,255,58,255,188,112,59,0,184,190,225,152,0,255,255,255,255,159,144,0,124,0,182,0,103,47,0,93,194,140,235,120,255,161,0,15,246,82,145,255,149,255,101,255,117,255,255,0,0,255
150,31,96,32,255,87,135,57,77,195,208,0,68,185,0,73,85,151,238,177,0,255,0,40,132,114,68,195,134,56,196,143,0,214,49,66,128,160,195,195,191,60,0,121,90,255,0,200,174,255,151,175,218,95,0,111,200,0,129,173,123,255,179,152,255,24,255,181,227,99,65,255,255,233,158,255,0,66,0,255,0,255,136,16,54,0,255,255,255,255,0,255,255,231,255,214,51,0,186,0,201,0,176,0,0,0,255,245,255,216,255,80,0,0,73,255,108,255,253,0,191,255,8,255,255,0,0,255
146,26,96,36,255,73,135,60,81,196,195,0,66,144,15,66,98,118,225,155,0,244,0,0,155,125,87,228,166,73,128,131,14,188,25,110,150,157,80,222,212,51,2,107,0,255,0,169,220,255,167,118,212,174,6,135,237,0,147,143,88,255,48,210,255,12,255,117,255,72,96,180,255,197,221,255,0,110,0,255,0,251,159,27,44,0,255,235,255,255,0,255,255,120,255,171,94,0,141,0,214,0,255,0,0,118,240,233,255,255,255,63,0,0,147,255,196,255,222,0,146,255,0,255,255,0,0,255
152,31,104,31,255,85,134,70,77,198,210,0,85,166,57,77,57,168,216,190,15,255,0,41,138,83,111,205,105,52,163,132,17,217,62,109,197,108,132,183,177,118,1,124,0,255,0,165,167,243,238,126,173,101,39,93,218,0,151,171,162,232,109,255,217,122,255,139,159,0,16,255,255,154,133,240,0,66,3,255,33,255,161,7,57,0,255,217,239,255,0,255,255,255,255,255,69,0,225,0,169,0,128,0,0,70,212,242,255,255,255,191,0,0,24,132,87,255,200,78,153,255,5,255,255,0,0,255
149,26,98,33,255,87,141,53,79,190,193,1,66,188,28,85,72,135,228,180,0,253,0,16,151,159,47,170,123,41,185,169,0,172,51,99,152,114,113,171,216,74,0,109,42,252,0,133,217,255,188,113,224,86,78,103,194,0,157,161,124,244,143,170,255,28,255,140,253,63,75,211,255,235,155,242,0,110,0,255,11,255,133,11,41,0,255,255,255,254,0,255,255,165,255,171,77,0,212,0,221,0,172,0,0,42,255,141,255,254,255,122,0,0,39,233,186,255,222,43,157,255,48,255,255,0,0,255
151,32,100,31,255,83,134,71,78,198,213,0,102,176,2,44,126,135,223,165,24,255,0,56,133,85,122,231,102,62,179,111,22,218,30,60,149,136,98,181,194,131,21,93,56,255,0,169,151,229,215,146,157,103,35,113,232,0,119,164,112,255,108,186,210,79,255,165,213,87,18,255,255,148,118,228,0,57,0,255,0,255,172,7,38,0,255,227,255,255,0,255,255,255,255,255,45,0,206,0,157,0,107,0,0,62,255,255,255,255,255,194,0,0,104,218,59,255,255,91,139,255,61,255,255,0,0,255
152,34,108,39,255,80,130,69,68,200,209,29,95,217,57,35,24,107,213,117,65,213,12,10,36,127,153,255,31,55,186,127,103,155,20,168,176,81,103,155,166,175,13,55,89,255,0,109,224,206,255,109,112,95,144,145,255,4,201,246,169,183,15,202,170,78,255,134,123,0,0,255,255,170,23,186,4,58,101,255,1,255,187,0,0,0,255,125,157,254,0,255,255,255,255,255,89,0,177,0,31,7,0,0,0,61,255,158,255,255,255,172,0,0,38,49,184,255,237,255,157,255,244,188,255,0,0,255
154,34,112,35,255,80,138,75,74,202,209,21,112,179,72,37,36,107,203,139,66,255,48,23,89,108,149,249,42,66,170,144,45,165,47,161,164,62,96,170,171,160,0,99,49,255,0,97,220,207,255,120,116,85,103,122,255,0,192,182,118,216,39,207,135,149,255,95,117,0,0,255,255,164,35,179,2,71,68,255,0,255,181,0,44,0,255,96,172,193,0,255,255,255,255,255,71,0,162,11,26,0,0,0,0,78,255,184,255,255,255,177,0,0,38,23,168,255,219,255,117,255,172,246,255,0,0,255
172,34,164,103,210,25,91,14,106,171,146,0,63,232,43,54,122,105,255,192,0,204,97,45,93,110,112,201,40,227,154,172,200,18,0,188,223,96,35,111,0,133,178,132,230,243,0,37,113,230,161,0,62,8,49,238,172,135,223,0,255,75,198,137,51,112,229,37,43,22,93,0,177,201,78,0,26,205,60,40,255,73,0,179,79,32,126,220,166,46,255,18,255,177,244,160,51,48,92,119,218,206,0,107,236,202,184,166,176,255,255,255,0,181,55,0,154,34,173,255,255,12,191,0,255,239,43,255
157,23,125,84,209,22,82,48,113,191,156,35,105,175,102,36,173,140,207,106,63,210,67,56,98,191,133,252,53,155,134,160,167,0,77,141,207,19,0,63,113,156,39,116,95,203,74,101,114,192,195,74,137,52,230,169,200,9,72,203,194,115,44,111,41,84,155,58,136,65,85,57,231,59,102,200,164,111,179,177,99,255,68,54,0,40,194,176,255,94,80,0,255,251,47,255,0,0,139,52,194,91,114,0,112,125,131,141,153,254,255,95,0,0,1,23,101,225,5,186,113,101,94,70,185,108,94,255
158,28,111,77,246,29,88,75,93,188,179,2,141,182,62,0,219,114,188,77,85,231,129,93,51,145,159,255,0,174,153,121,217,66,47,166,219,0,0,95,174,142,68,128,10,206,55,124,38,133,232,61,149,72,255,255,222,53,76,98,177,126,86,101,0,107,111,52,170,118,0,14,255,0,84,255,101,81,249,255,69,255,31,79,5,8,255,182,207,170,0,39,255,191,121,255,0,0,255,0,189,37,26,0,73,39,220,75,255,230,255,123,0,45,0,53,52,189,43,255,86,137,66,0,255,0,0,255
157,23,130,82,213,26,102,47,133,199,140,78,132,162,79,21,189,112,240,111,15,183,114,57,64,156,65,244,51,103,163,210,201,0,32,255,90,0,3,49,147,161,69,6,209,255,54,122,116,141,204,84,47,42,255,210,255,0,34,121,229,163,148,0,48,152,49,0,132,93,28,77,190,75,179,255,106,126,255,116,134,149,131,32,32,54,154,79,195,111,202,0,245,109,84,255,0,0,118,73,179,0,0,9,172,144,159,36,137,255,255,141,0,0,254,0,0,124,41,200,114,0,73,37,52,52,244,255
160,33,131,52,255,83,96,48,79,219,181,27,105,147,92,63,124,123,146,170,37,247,93,148,130,71,115,231,39,68,157,161,95,160,102,204,136,48,0,137,224,149,0,145,166,207,85,159,119,172,156,133,138,197,125,168,255,24,158,223,171,104,0,148,56,179,59,69,255,63,71,197,237,104,79,210,154,91,218,255,0,156,207,12,51,0,199,184,187,211,0,226,55,165,101,255,0,0,119,92,120,0,0,132,0,78,168,230,255,255,210,68,101,44,60,41,163,255,80,98,134,91,0,154,140,21,0,255
175,41,151,81,255,65,66,19,73,211,211,42,103,156,148,35,93,166,137,215,29,255,128,156,62,69,146,231,123,131,113,54,83,113,100,218,100,47,36,150,219,141,51,209,113,251,65,109,29,132,159,84,123,255,72,150,255,157,215,118,226,109,0,253,20,255,56,63,255,44,162,211,255,165,145,140,196,173,213,255,97,106,93,84,202,36,196,131,104,117,50,73,62,232,35,255,85,0,72,148,128,0,2,74,0,92,187,170,255,120,213,210,34,83,0,67,242,255,22,29,178,76,38,0,88,148,99,255
166,40,133,68,255,54,78,49,55,220,193,8,108,150,123,31,93,104,145,192,9,255,141,115,83,71,180,249,40,106,96,62,118,146,99,225,179,29,0,143,229,155,93,135,112,255,40,111,48,165,255,79,76,200,88,210,255,164,110,129,146,180,0,171,0,185,50,84,175,10,32,156,255,92,97,137,206,145,255,255,96,216,189,133,119,0,245,39,138,103,0,148,111,229,134,253,113,0,50,74,0,0,0,77,0,46,202,158,225,233,142,100,0,49,25,0,235,255,113,205,198,65,134,0,226,88,20,255
161,22,136,100,218,38,104,38,138,189,98,93,138,116,0,32,177,57,189,142,0,135,136,92,96,99,100,143,58,100,146,170,181,16,49,255,93,34,39,45,74,141,28,0,255,215,0,162,185,208,146,93,41,156,226,215,201,43,22,137,255,55,181,1,61,14,0,60,255,62,130,63,212,114,164,178,96,111,231,0,93,160,112,135,8,0,134,191,213,13,198,110,203,9,68,251,0,0,132,50,255,0,0,148,161,255,131,162,209,255,174,57,0,148,184,0,14,55,0,195,231,83,68,0,139,118,135,255
162,41,144,88,251,35,101,31,93,224,169,82,137,208,113,35,159,136,202,123,10,255,116,100,61,107,85,242,43,100,134,106,152,39,0,232,114,54,50,126,192,164,0,71,166,255,33,168,78,176,255,68,52,198,192,215,255,79,190,188,233,191,23,159,71,178,104,99,207,0,187,195,255,108,204,155,175,124,221,255,70,155,43,136,105,0,88,31,146,98,94,49,239,169,92,130,15,0,141,103,0,0,0,23,0,132,238,212,193,173,255,175,0,187,75,0,32,165,13,175,148,144,176,121,239,255,0,255
165,30,145,92,212,4,93,8,96,210,151,54,120,182,62,0,133,106,187,157,0,179,112,48,68,73,78,186,66,145,133,94,132,59,36,255,160,0,93,126,186,155,39,74,203,255,90,167,104,163,209,65,0,176,191,205,249,59,91,124,236,173,137,68,81,119,50,53,161,0,161,157,232,144,157,126,133,95,156,167,170,229,28,159,105,42,107,105,138,109,219,71,251,130,113,146,0,0,119,134,87,0,31,136,0,227,228,222,115,255,121,197,0,168,126,0,99,87,46,76,224,0,39,104,91,255,149,255
146,25,121,46,255,51,121,58,89,218,150,117,56,186,110,95,64,117,173,22,0,255,0,57,247,212,0,122,36,0,245,255,80,117,0,240,109,46,79,143,243,139,0,6,255,255,78,204,85,255,255,9,58,230,241,142,181,0,182,240,128,202,71,74,255,76,211,171,147,0,160,255,151,99,137,96,95,207,140,255,0,203,116,37,141,0,164,186,153,124,0,160,254,187,255,178,0,0,221,211,46,39,0,69,0,58,219,150,127,162,255,255,0,89,255,0,88,180,0,254,214,195,220,255,203,183,0,255
157,35,139,61,255,61,109,63,72,221,174,79,67,149,106,91,12,118,209,59,6,255,38,22,105,124,30,185,101,61,164,182,56,144,0,255,66,11,117,253,145,147,0,29,168,255,129,113,132,178,255,50,115,239,126,212,225,81,231,255,187,193,32,159,188,183,200,0,85,0,185,255,201,123,171,154,47,47,103,246,0,152,89,85,83,0,89,70,197,176,0,94,255,160,225,207,74,0,11,255,0,9,18,0,0,56,167,202,191,255,255,152,0,0,100,69,190,255,0,141,158,255,105,190,162,133,0,255
149,24,125,79,255,28,129,70,117,203,144,123,128,155,59,77,74,90,220,59,0,255,80,43,111,124,56,146,19,53,224,205,95,74,0,255,122,27,170,172,176,160,57,1,115,255,65,176,130,212,255,45,0,210,124,181,161,0,79,192,209,97,139,132,205,79,164,88,212,0,195,255,186,116,255,162,55,132,111,172,0,227,162,161,139,0,180,124,136,40,230,146,255,186,159,153,27,0,144,251,60,0,6,145,0,151,255,140,15,161,255,255,0,219,255,0,48,85,19,249,255,222,55,214,255,119,0,255
152,27,130,70,255,35,144,74,114,198,153,83,173,181,51,44,152,100,222,88,0,255,131,59,105,94,111,168,49,77,139,140,91,105,36,255,133,34,136,198,182,183,25,82,63,232,94,79,95,200,247,34,26,215,95,207,178,33,152,231,172,175,135,116,176,84,251,84,192,0,151,174,233,202,224,128,86,24,68,221,0,255,106,167,152,95,65,125,114,64,33,119,255,223,132,127,34,0,176,227,0,118,56,166,0,202,255,255,61,255,148,255,0,220,255,0,45,100,0,151,255,19,0,244,255,34,0,255
155,25,126,88,239,16,104,41,86,198,155,90,148,143,95,40,148,88,218,91,6,217,78,50,96,100,101,169,98,94,148,147,120,44,62,248,177,46,94,99,185,141,0,102,158,186,78,153,165,238,255,81,16,238,171,221,255,12,94,251,224,127,56,110,94,90,80,134,190,0,166,212,255,166,212,255,200,81,150,154,17,209,69,67,25,27,123,174,193,25,146,99,232,192,91,177,53,0,66,165,95,33,0,93,0,126,232,117,42,177,197,146,0,238,213,0,96,123,7,153,183,201,104,237,194,239,0,255
150,27,129,79,231,29,121,37,115,228,172,104,141,189,115,32,122,116,214,102,5,202,49,60,121,160,95,203,57,5,151,205,125,20,0,227,146,42,48,99,214,145,16,57,127,222,48,189,106,255,255,59,57,163,227,186,255,0,97,210,201,139,0,79,163,60,78,111,249,0,210,167,246,160,195,180,159,106,218,174,21,197,118,115,53,28,144,112,188,0,127,163,255,205,216,197,23,0,161,253,102,9,0,25,0,179,255,156,99,37,255,121,0,109,224,0,0,0,104,255,130,116,108,135,229,255,0,255
165,41,163,99,255,35,91,39,117,208,151,77,112,158,82,88,95,151,175,97,0,232,69,84,97,103,68,198,130,92,147,167,82,68,18,255,37,15,149,165,120,130,29,77,149,255,96,123,74,199,222,98,118,255,54,171,215,129,178,211,252,151,15,144,99,248,94,25,255,0,255,209,165,116,248,131,162,80,187,146,58,92,30,152,142,0,68,120,163,67,183,33,229,105,128,135,51,0,26,188,76,0,43,129,23,231,144,255,59,208,255,164,2,200,137,105,59,120,0,112,200,160,23,90,229,255,27,255
157,26,146,75,244,17,143,63,99,234,112,131,170,140,49,57,136,95,184,87,45,255,129,38,124,124,84,162,86,100,100,152,87,52,92,255,144,10,94,209,190,147,0,128,116,254,89,62,154,173,233,39,57,205,103,146,182,35,221,210,187,220,124,116,87,70,241,28,255,0,146,133,198,174,214,83,120,114,48,107,24,211,131,156,56,13,39,143,247,30,89,81,216,166,45,10,91,26,29,229,58,52,103,190,0,188,198,80,129,255,224,255,0,217,255,0,111,99,0,212,255,85,48,116,255,186,0,255
167,45,153,100,255,45,84,53,83,199,188,62,100,195,158,69,110,148,166,125,23,255,130,76,109,129,107,239,143,115,166,123,75,68,77,216,76,65,123,108,142,150,21,72,124,227,80,97,74,174,255,78,110,226,84,135,255,122,169,169,187,203,0,217,104,202,165,130,168,4,167,233,255,154,132,128,169,103,192,255,33,149,6,128,78,0,147,86,151,99,30,79,209,229,89,113,134,0,110,108,0,25,9,4,0,79,206,224,219,179,255,143,0,148,84,93,154,255,21,98,150,255,143,148,218,255,0,255
155,29,134,70,255,61,163,55,107,208,154,102,132,194,85,106,121,124,200,94,0,255,71,50,128,188,85,167,69,66,148,171,82,88,53,216,164,88,134,238,200,95,0,92,82,198,96,155,168,243,229,61,112,239,107,184,141,0,223,174,159,154,117,218,182,98,221,88,254,0,162,222,255,178,226,105,72,134,64,165,0,218,110,188,145,11,114,99,171,32,88,130,255,216,167,87,144,0,105,142,138,42,48,101,0,143,238,76,255,252,255,249,0,198,255,0,160,84,76,226,162,216,165,96,255,89,0,255
159,41,155,81,255,63,130,38,109,204,155,64,122,199,70,91,93,133,181,79,0,255,69,106,146,187,44,204,151,0,149,184,86,61,40,243,77,110,133,153,180,96,11,102,169,252,56,113,112,255,150,55,146,255,20,195,165,64,198,212,251,108,25,226,235,126,117,104,252,0,167,220,224,190,167,67,136,80,159,255,56,105,44,224,159,0,113,168,169,21,0,92,226,129,197,159,97,0,88,242,66,0,35,86,21,246,174,217,150,115,255,210,0,133,176,101,37,123,33,202,159,159,72,129,213,213,32,255
157,36,135,69,255,55,107,26,79,215,187,45,82,166,128,93,11,152,196,147,0,217,3,32,136,146,69,195,160,2,126,153,18,85,48,245,104,94,58,221,177,64,0,0,106,255,90,99,162,255,223,126,79,217,0,220,228,98,248,229,151,216,0,217,117,169,105,87,169,0,216,219,200,182,230,79,137,139,26,255,2,101,80,107,133,0,122,113,193,181,1,122,178,151,252,175,62,0,87,220,24,0,0,0,0,86,255,232,202,91,255,187,0,26,81,75,155,223,56,148,168,206,147,188,104,255,0,255
157,35,146,88,255,56,114,54,103,197,141,103,81,187,70,109,98,152,208,54,0,248,84,14,131,213,0,114,166,86,199,164,114,117,0,255,96,130,152,233,143,160,50,63,224,244,133,179,173,255,142,78,0,255,142,255,31,14,176,255,209,27,134,187,160,174,150,154,245,4,229,227,255,173,255,103,127,72,108,222,67,135,76,91,95,0,153,181,176,125,0,66,255,54,198,95,60,0,169,198,68,0,0,239,0,221,207,237,60,193,255,233,0,122,148,90,122,78,0,250,104,255,91,232,255,255,111,255
153,26,126,66,255,32,146,76,93,198,160,102,147,201,139,76,147,98,175,70,17,255,142,26,101,174,138,204,37,119,134,137,85,100,82,234,145,11,93,198,198,103,26,135,0,252,118,73,94,213,255,32,81,193,174,136,188,24,195,142,63,160,62,154,116,61,255,70,209,0,97,84,255,157,207,117,139,115,83,255,0,255,124,149,113,60,91,51,120,0,0,202,255,255,168,162,255,0,181,127,46,157,72,0,0,0,196,20,231,156,222,147,0,156,182,15,162,170,13,216,131,187,101,206,255,0,0,255
156,26,139,107,209,0,100,40,105,196,122,157,150,145,113,43,134,100,201,44,0,212,103,39,82,154,121,182,84,66,230,175,205,38,46,255,76,44,127,63,164,126,55,42,174,255,43,157,97,150,148,36,52,240,187,190,187,59,98,228,247,67,183,61,103,17,26,95,255,0,218,38,209,112,255,209,181,39,120,163,149,255,103,114,142,36,140,122,229,23,189,64,255,213,131,222,16,0,126,214,255,0,0,48,103,163,177,0,82,42,255,40,0,79,185,1,0,56,0,215,73,144,60,127,159,234,19,255
165,29,136,107,222,14,109,41,112,222,96,143,171,161,46,44,180,85,171,117,7,242,141,52,55,81,168,205,19,136,155,112,151,54,45,255,91,9,171,97,106,144,55,66,150,254,79,219,46,157,211,85,0,245,132,225,225,65,104,237,202,61,162,79,88,0,124,127,255,27,184,103,255,61,255,199,42,149,131,136,122,255,5,184,205,34,188,87,159,9,136,142,194,204,64,97,139,0,244,83,47,0,0,128,0,117,77,41,255,101,26,101,0,233,255,0,41,187,0,59,255,103,15,114,255,188,0,255
147,19,108,53,255,44,134,41,95,212,165,96,93,160,90,94,102,70,179,42,0,255,0,43,233,211,53,137,72,1,180,255,26,113,11,239,173,101,59,206,240,76,0,71,114,246,70,195,156,255,238,0,73,246,111,112,120,0,227,212,71,203,19,163,187,0,218,123,255,0,162,228,228,128,238,128,157,172,19,223,0,221,163,54,111,0,131,40,212,0,0,182,255,255,255,49,252,0,34,174,130,116,116,0,0,96,187,52,247,202,255,192,0,158,255,0,255,159,87,161,248,253,112,255,255,119,0,255
149,17,120,81,220,0,128,48,110,220,135,125,158,200,104,45,147,89,177,60,0,240,98,34,160,137,126,176,2,59,141,170,160,27,108,222,176,17,126,163,207,85,104,133,36,217,38,235,25,255,255,9,0,202,180,170,212,0,116,198,108,95,84,68,113,0,162,135,255,0,225,57,255,138,255,50,153,195,42,123,53,255,240,211,134,95,228,60,121,0,204,191,255,255,176,142,163,0,178,91,194,60,7,30,0,190,255,38,113,65,195,246,0,255,255,0,64,41,18,255,129,51,114,242,255,177,0,255
155,32,149,57,255,61,109,42,100,226,122,82,68,163,94,127,28,112,168,79,0,255,16,73,193,157,0,213,130,0,155,236,59,78,0,255,20,28,144,185,185,64,1,111,248,255,89,151,162,208,226,57,169,255,19,157,229,77,154,216,179,148,35,151,207,163,39,0,198,0,135,204,115,204,255,207,123,155,173,227,0,44,173,138,173,0,162,164,173,66,13,171,90,113,221,193,47,0,118,255,5,0,0,81,41,167,129,110,107,183,255,162,0,108,161,81,126,92,0,185,208,218,0,141,40,112,16,255
150,28,125,48,255,63,133,57,76,221,168,60,60,147,145,102,0,126,147,68,0,237,4,52,203,218,29,118,142,0,155,255,18,83,65,255,128,33,0,255,223,35,0,58,107,255,42,137,161,255,183,0,186,251,62,159,152,9,195,204,105,182,0,208,194,26,194,64,157,0,124,224,252,161,214,90,63,144,126,255,0,105,138,78,75,0,240,211,220,35,0,224,255,129,255,149,191,0,165,177,21,0,69,0,0,26,159,95,255,229,255,166,0,0,145,64,229,199,55,120,255,255,27,170,151,200,0,255
155,31,160,58,255,75,144,68,101,243,145,110,107,138,103,140,76,150,216,96,50,208,15,53,71,125,126,255,145,114,90,111,103,110,50,255,129,61,225,234,132,124,0,129,98,255,180,135,246,190,255,141,123,203,35,130,218,48,255,255,240,196,76,232,116,186,206,11,235,0,239,255,135,188,139,183,116,156,43,95,0,119,199,145,79,7,16,136,255,168,199,30,205,255,68,212,0,0,0,255,39,0,128,182,9,104,145,148,144,255,244,226,11,132,255,24,255,182,0,218,155,24,29,70,229,0,0,255
153,24,141,58,255,32,168,75,112,233,107,143,166,181,28,104,158,109,167,68,27,255,132,47,124,118,149,251,85,83,97,151,106,94,87,255,113,8,165,154,212,145,0,255,72,255,146,54,125,192,228,5,90,218,118,114,169,96,255,232,169,161,185,142,87,0,255,71,255,0,192,43,247,164,161,16,60,130,0,224,0,255,74,187,80,85,59,182,248,19,0,178,184,255,156,78,208,0,161,126,133,139,168,168,0,124,146,155,86,227,102,207,0,255,255,0,192,129,0,216,211,0,0,194,255,0,0,255
154,15,135,69,197,0,142,71,134,210,111,128,174,193,80,57,139,115,143,97,47,239,154,23,129,140,141,200,122,110,54,111,111,0,116,255,146,0,136,215,223,130,55,157,0,255,100,65,66,255,194,0,39,102,157,94,171,33,81,128,141,37,66,83,88,0,186,0,131,0,136,88,255,211,255,38,37,152,140,198,38,255,228,190,96,141,211,162,78,0,156,183,195,219,4,238,255,0,255,137,151,44,32,112,0,199,168,100,0,255,65,255,0,135,255,0,53,0,32,184,164,28,42,130,255,255,105,255
155,18,133,92,191,0,126,70,113,221,138,145,205,216,90,0,143,125,157,139,50,241,145,59,119,90,157,156,8,111,71,98,161,0,52,233,255,11,58,183,219,167,55,92,0,183,79,127,56,196,255,0,73,105,159,155,163,0,116,198,199,128,75,74,143,70,255,29,149,0,102,108,255,248,255,104,128,143,104,255,75,254,137,185,115,89,166,80,120,0,222,116,243,255,0,106,255,26,168,128,91,125,233,55,0,212,219,169,125,255,167,255,0,119,255,0,47,30,0,79,255,176,0,89,255,255,152,255
154,18,129,66,219,17,144,71,121,215,143,114,179,225,79,49,157,108,145,119,50,255,135,60,102,135,151,181,51,123,54,88,104,3,103,251,233,1,73,199,221,122,57,115,0,232,125,58,61,237,255,0,29,58,171,138,164,0,162,89,127,116,51,106,96,27,255,2,154,0,117,90,255,202,228,31,62,174,102,227,65,225,189,188,79,104,141,81,102,0,141,190,207,255,55,148,255,28,167,174,140,176,137,0,0,131,254,157,91,255,83,255,0,178,244,0,86,24,45,169,255,6,51,90,255,172,10,255
155,20,127,84,207,0,125,60,110,218,157,123,192,217,113,17,156,125,185,105,43,255,142,59,109,113,165,185,53,124,53,132,144,8,118,252,229,0,94,177,205,124,72,109,13,246,107,99,45,215,255,0,41,101,174,153,204,0,127,162,172,113,72,123,103,48,255,15,174,0,107,102,255,187,232,92,125,98,122,232,81,255,137,151,87,89,145,52,140,0,158,82,255,255,30,136,244,0,170,121,106,118,146,29,0,99,217,100,111,240,160,204,0,162,255,0,27,86,25,141,255,124,71,105,255,252,73,255
154,18,132,80,200,0,120,61,102,211,151,141,204,224,117,13,161,114,149,86,63,255,129,57,113,101,160,194,32,118,58,135,153,6,92,248,211,0,114,164,249,129,40,166,0,217,137,91,66,178,208,0,39,144,159,164,227,0,147,195,178,101,61,67,70,72,237,4,175,0,103,44,255,236,209,144,197,81,105,253,45,255,169,93,84,170,144,119,131,0,99,116,254,255,6,208,241,0,185,139,161,118,200,7,0,100,247,96,96,164,168,140,2,129,254,0,14,70,0,120,222,116,21,170,255,236,0,255
154,23,128,70,233,15,154,77,112,227,152,106,182,193,67,39,183,84,137,101,45,255,161,41,70,96,177,235,0,133,40,69,140,18,128,255,196,0,133,221,228,117,70,180,0,255,179,91,83,143,255,0,62,173,178,199,198,92,184,67,109,168,75,138,99,0,255,0,251,0,90,85,255,170,208,171,55,157,90,255,148,255,126,189,75,56,83,30,118,0,4,232,255,248,161,148,255,0,203,125,46,129,233,0,0,47,216,104,205,174,45,88,0,201,226,0,94,58,28,143,255,0,0,152,255,0,0,255
152,24,123,54,255,37,164,79,100,237,162,97,145,166,84,102,133,110,156,29,21,255,85,38,150,157,124,226,60,111,72,192,100,64,92,255,206,17,129,255,255,62,44,179,0,255,157,99,148,202,255,0,68,215,81,160,134,4,236,69,88,209,53,255,124,5,255,0,230,0,95,178,254,100,255,29,87,217,64,255,0,255,149,155,54,0,121,48,190,0,25,127,255,255,218,73,255,0,99,172,115,68,220,0,0,12,119,95,195,148,235,252,0,159,255,0,201,235,97,231,255,148,97,110,255,0,0,255
154,20,125,68,226,3,153,67,99,214,165,115,187,190,95,39,156,119,148,84,53,255,172,39,98,121,127,171,0,162,56,95,124,18,119,255,255,0,79,255,230,105,76,148,0,242,139,89,74,190,255,0,47,108,192,168,158,17,191,32,102,126,87,181,82,50,255,0,194,0,65,113,255,149,242,117,67,154,58,255,135,255,124,138,89,41,136,13,130,0,114,143,255,255,111,133,255,0,183,124,78,141,224,0,0,0,228,56,213,237,157,255,0,190,189,0,117,109,81,156,255,138,6,54,255,92,0,255
153,16,131,70,228,8,155,62,117,210,130,140,181,172,65,55,147,91,157,88,37,255,118,29,124,111,148,170,83,120,58,127,104,6,126,255,207,0,118,237,230,121,16,146,0,228,133,56,89,194,214,0,27,187,111,132,135,40,234,149,143,139,138,128,69,0,255,0,239,0,111,86,255,231,255,81,69,120,0,178,21,255,153,158,114,141,68,101,143,0,110,124,211,255,64,115,234,0,161,171,132,116,147,101,0,125,226,30,141,255,73,255,0,255,255,0,91,2,0,164,255,16,0,136,255,104,0,255
156,25,140,65,250,47,163,96,115,228,143,118,177,192,68,84,144,116,138,76,71,255,131,60,81,110,161,224,60,129,69,91,133,29,151,255,133,0,180,250,194,110,43,180,0,255,171,82,98,168,255,14,44,180,133,220,195,106,225,98,148,103,121,202,49,24,255,0,133,0,105,173,255,182,188,65,18,157,32,235,85,255,165,181,11,83,88,104,158,0,60,165,238,255,83,202,238,0,160,184,66,117,168,7,0,76,177,145,191,255,90,206,0,129,255,0,75,139,10,216,255,26,0,58,255,0,0,255
153,18,141,60,220,5,174,78,122,239,115,151,187,196,74,53,146,121,96,66,82,255,158,32,119,117,126,236,42,132,57,62,160,0,116,255,192,0,113,255,247,121,69,205,0,255,132,72,89,183,255,0,25,119,166,152,144,86,190,43,136,138,152,195,71,0,255,0,188,0,66,104,255,201,255,77,1,243,34,255,149,255,168,199,22,3,175,131,160,23,92,159,213,255,147,164,255,0,255,214,76,77,241,29,0,114,177,87,126,200,78,255,0,104,184,0,39,59,0,183,255,0,0,10,255,146,0,255
153,17,130,72,228,19,134,71,120,198,164,116,184,195,133,35,58,134,163,147,41,255,98,48,97,134,194,138,89,107,49,134,103,0,139,227,255,0,2,247,204,107,88,61,0,165,108,59,30,255,255,73,43,60,102,152,165,0,175,133,205,90,12,255,164,121,255,0,13,0,88,148,255,185,255,45,17,152,118,187,132,98,173,117,50,65,104,43,59,0,124,178,199,247,46,92,255,0,151,221,77,41,182,0,10,161,251,0,37,255,155,255,23,217,255,0,84,0,18,153,255,216,3,36,255,255,68,255
158,18,149,73,226,28,153,82,145,202,79,134,192,187,49,69,118,123,120,149,57,189,100,45,107,144,136,170,133,92,94,105,107,1,82,255,158,37,92,219,157,181,39,85,0,192,9,76,138,238,177,28,84,100,100,116,126,83,129,168,217,73,128,128,102,25,179,0,80,0,109,157,255,255,255,62,15,174,105,207,90,157,187,179,26,105,143,188,129,0,112,198,140,230,15,195,240,20,255,195,85,21,54,93,55,255,191,118,88,255,115,255,0,143,205,0,27,0,17,128,255,85,0,54,255,255,21,255
156,24,151,74,232,21,179,93,128,245,115,153,211,193,46,67,178,123,122,103,64,255,175,63,116,84,136,215,91,135,50,76,146,0,92,255,142,0,157,255,237,150,33,199,0,237,139,56,132,161,232,0,71,182,113,177,174,86,206,85,203,151,192,157,46,0,255,0,255,0,142,99,255,251,255,78,47,198,36,239,119,248,124,235,0,27,76,194,226,0,105,200,186,186,4,87,255,89,255,189,109,50,255,204,0,180,178,204,89,212,90,234,0,231,255,0,0,0,0,171,255,27,0,34,255,188,0,255
154,21,150,49,230,38,171,113,130,251,140,139,177,238,70,74,168,141,64,80,103,255,194,84,77,86,149,234,62,174,42,41,174,0,181,255,154,0,223,255,227,105,66,255,0,255,227,72,68,182,171,0,8,141,171,212,188,38,255,19,155,132,120,255,0,0,255,0,186,0,75,92,255,173,255,110,0,255,22,255,139,230,219,71,0,36,82,194,118,95,5,183,224,148,113,218,239,0,255,193,216,31,255,32,0,98,179,139,129,255,45,122,2,0,187,0,0,146,0,170,255,0,0,99,255,58,0,255
154,28,156,49,255,62,198,129,114,255,130,143,160,205,64,137,158,159,85,40,82,255,161,61,97,126,130,244,85,165,90,70,186,1,181,255,127,0,221,255,240,108,63,255,0,255,194,82,127,201,198,0,29,233,120,225,152,85,255,40,143,150,188,255,0,6,255,0,225,0,115,150,255,123,255,0,0,255,0,255,69,255,210,156,0,0,101,201,197,91,0,136,227,202,144,163,203,5,162,204,201,0,255,107,0,111,117,136,148,225,255,244,6,0,255,0,76,243,0,255,207,61,0,19,255,0,0,255
156,24,143,58,243,34,169,94,120,226,140,119,178,174,95,94,110,158,114,82,68,255,126,45,86,109,151,207,69,146,38,94,147,0,163,255,207,0,133,255,178,108,37,188,0,253,155,88,105,202,253,0,39,158,133,203,168,122,238,57,173,68,73,255,35,71,255,0,67,0,71,210,255,152,216,53,29,183,46,255,139,241,180,131,0,55,103,122,147,19,76,128,212,255,61,223,255,0,217,184,71,41,229,0,0,112,132,114,114,255,108,255,0,157,196,0,50,69,20,228,255,47,0,42,255,62,0,255
154,20,141,69,224,13,173,74,125,215,123,143,195,181,81,60,109,142,137,117,44,234,97,28,122,111,141,188,85,109,55,82,137,0,105,255,255,0,53,255,192,148,54,126,0,211,60,68,107,231,255,0,31,129,91,162,136,109,236,126,211,137,108,215,90,0,255,0,115,0,75,184,255,255,255,31,33,189,0,223,179,179,180,189,11,41,124,131,145,0,129,143,208,255,76,141,255,0,245,193,60,55,216,83,0,204,222,90,61,255,114,255,0,218,241,0,0,0,3,169,255,20,0,52,255,255,0,255
155,21,160,65,218,6,200,84,131,255,84,182,190,180,7,41,162,130,96,94,120,255,156,37,136,56,139,255,119,139,22,48,152,0,100,255,142,10,182,255,255,102,0,255,0,255,183,58,183,133,255,0,86,188,110,124,195,108,239,109,147,255,255,212,107,0,255,0,255,0,140,32,217,255,255,116,0,255,0,255,197,255,135,255,0,1,137,255,255,117,11,207,142,217,180,27,228,150,255,255,41,72,255,225,0,142,224,156,180,118,75,255,0,140,255,0,32,35,0,132,255,0,0,0,244,195,0,255
155,23,157,59,222,37,190,120,123,255,119,131,151,224,53,80,200,148,60,101,93,255,184,35,83,97,116,255,87,180,65,0,188,0,185,255,193,0,228,255,239,161,79,255,0,255,255,67,114,140,150,0,49,169,167,200,126,52,230,0,101,220,166,255,24,0,255,0,254,0,12,193,255,171,255,55,0,255,10,255,173,159,133,150,0,0,77,230,138,242,26,171,112,60,196,141,252,22,255,255,120,0,255,89,0,66,99,168,192,231,120,172,53,0,141,0,0,163,0,255,255,0,0,28,255,78,0,255
154,23,139,61,240,27,172,102,116,239,145,130,176,207,80,76,159,121,103,54,73,255,173,57,81,131,139,233,34,156,62,67,161,0,159,255,157,0,176,255,237,107,85,239,0,255,202,70,74,179,230,0,6,151,163,226,158,81,251,20,109,148,148,237,11,0,255,0,198,0,78,112,255,164,255,71,13,237,33,255,132,255,168,132,0,26,117,89,118,34,19,165,245,228,161,153,255,0,223,151,113,75,255,6,0,39,185,76,165,198,103,190,0,96,228,0,97,157,0,255,255,0,0,79,255,9,0,255
155,22,150,61,243,19,196,109,103,255,120,156,174,194,40,72,174,128,68,29,104,255,188,60,132,88,133,247,59,165,30,76,198,0,176,255,170,0,185,255,255,70,39,255,0,255,210,114,131,159,243,0,40,229,140,210,154,135,255,23,65,245,255,255,24,0,255,0,255,0,92,71,255,124,255,19,0,255,0,255,113,255,158,237,0,0,163,202,216,121,0,121,231,228,217,63,255,12,255,204,108,40,255,124,0,31,163,127,255,157,129,255,0,61,255,0,77,182,0,255,255,27,0,0,255,0,0,255
156,19,157,54,227,12,196,104,141,255,86,172,192,174,45,76,133,130,51,72,75,255,162,28,126,94,132,242,139,156,26,39,185,0,158,255,137,0,191,255,255,139,0,255,0,255,171,0,154,174,200,0,0,154,120,111,117,101,255,6,179,227,213,210,0,0,255,0,255,0,99,109,196,255,255,27,39,255,0,255,104,255,213,194,0,0,97,224,194,97,101,144,71,212,144,174,222,126,255,229,169,12,248,215,0,232,155,172,49,255,0,255,0,123,226,0,0,29,0,255,255,0,0,64,255,182,0,255
152,15,149,55,197,0,178,75,121,255,109,160,189,200,67,21,146,127,55,51,107,255,180,24,133,98,102,228,74,179,25,29,178,0,102,255,199,0,117,255,255,107,93,228,0,255,116,51,78,187,211,0,19,136,142,143,161,90,196,56,118,166,149,214,57,0,255,0,215,0,52,53,255,255,255,101,0,234,0,255,199,228,225,182,48,0,230,192,171,96,147,156,199,199,99,215,255,32,255,242,56,18,255,150,0,177,173,108,137,255,46,255,0,54,145,0,13,48,0,142,255,0,0,0,255,254,0,255
152,21,150,58,242,26,181,106,129,241,126,159,180,211,87,84,140,146,69,48,65,255,158,79,117,114,133,198,49,145,66,65,179,0,159,255,196,0,139,255,236,97,76,222,0,250,146,107,19,231,216,0,0,175,118,189,138,80,255,48,137,110,138,255,4,0,255,0,176,0,100,122,255,167,255,0,35,243,0,254,145,234,255,169,0,0,107,153,139,0,92,131,190,245,112,150,255,0,194,220,185,18,255,111,0,157,163,57,102,233,158,255,0,61,255,0,33,81,0,255,255,0,0,57,255,139,0,255
155,21,146,67,213,7,179,70,116,237,121,138,197,174,61,19,141,139,128,129,63,239,156,15,100,67,140,244,77,132,17,45,186,0,115,255,234,0,68,244,231,163,30,214,0,255,110,51,153,148,255,0,82,138,165,186,206,102,189,88,187,191,105,194,79,0,255,0,250,0,65,89,255,251,233,108,45,195,11,255,222,209,115,207,0,10,128,177,236,97,81,153,224,232,92,134,255,53,255,163,33,73,255,67,0,174,211,202,146,228,44,239,0,188,128,0,5,0,0,98,255,0,0,44,255,209,0,255
157,23,148,74,226,49,158,98,127,212,133,133,167,196,90,90,139,127,114,118,75,255,104,57,67,130,161,207,109,142,79,55,136,0,161,255,175,0,180,205,152,147,57,142,0,225,226,89,103,163,173,10,32,131,134,223,201,55,242,71,192,102,96,243,33,90,255,0,97,0,43,232,255,247,151,98,41,240,44,198,135,162,162,82,0,78,36,162,189,30,133,170,110,194,7,177,236,0,168,172,129,13,215,14,0,122,117,92,154,255,67,124,12,136,221,0,73,66,7,174,255,9,0,117,255,115,0,255
154,25,157,53,253,45,207,121,116,255,105,157,160,194,60,105,161,167,77,49,75,255,148,44,116,124,114,255,111,146,64,46,209,0,143,255,138,0,147,255,255,125,39,255,0,255,168,45,124,188,213,0,55,235,151,178,135,108,250,57,121,231,186,255,44,0,255,0,255,0,77,124,252,185,255,0,0,255,0,255,128,233,194,243,0,0,164,245,237,141,0,124,162,205,184,167,255,103,255,207,79,66,255,158,0,125,143,160,156,187,186,255,28,0,255,0,36,196,0,255,255,0,0,0,255,0,0,255
156,18,150,57,208,13,180,108,135,250,113,131,181,214,40,38,178,128,48,59,98,255,188,52,125,101,123,255,117,156,12,15,194,0,164,255,153,0,166,255,255,131,56,255,0,255,204,16,82,154,155,0,46,125,157,136,108,83,215,0,119,205,164,243,4,0,255,0,243,0,5,89,225,182,255,65,0,255,23,255,207,242,150,185,0,0,162,252,132,160,0,140,142,86,200,201,255,38,255,226,190,0,255,103,0,169,131,168,149,173,0,215,0,0,67,0,0,120,0,156,255,0,0,34,182,132,0,255
157,16,163,55,190,20,188,95,148,252,59,145,165,199,37,47,132,138,40,85,93,241,149,11,98,140,104,244,195,163,27,0,183,0,140,255,152,0,150,255,255,148,5,255,0,255,161,26,86,188,140,0,22,143,163,109,133,70,158,30,145,209,124,183,89,0,255,0,175,46,5,126,252,255,255,77,0,255,29,255,188,156,198,255,0,0,218,255,153,103,106,192,92,94,109,224,255,160,255,255,39,0,255,110,0,255,109,132,108,251,0,255,0,0,79,0,0,30,0,110,255,0,0,48,115,242,8,255
155,15,157,55,186,0,180,99,143,255,90,147,199,218,25,0,154,131,36,96,129,255,162,30,136,85,126,255,165,168,1,0,189,0,150,255,204,0,132,255,255,200,16,255,0,255,230,0,91,150,173,0,0,80,172,136,146,1,211,17,135,255,125,197,45,0,255,0,205,3,0,127,184,255,255,70,0,255,0,255,143,172,168,171,0,0,200,255,174,192,46,126,97,132,157,150,255,178,255,255,0,21,255,146,0,246,197,244,120,255,0,255,0,0,100,0,0,62,0,144,255,0,0,43,112,255,0,255
152,20,163,54,236,52,170,130,168,238,85,173,180,198,56,58,129,132,66,97,87,219,42,55,130,98,169,255,176,110,120,41,184,0,108,255,121,9,137,160,255,200,22,201,0,255,148,15,61,136,192,0,104,221,126,101,160,0,131,152,255,85,50,154,75,0,255,0,66,81,109,223,242,255,255,21,39,229,124,255,114,69,233,221,0,30,203,255,229,0,139,183,85,227,0,255,228,109,239,255,78,0,255,125,0,255,101,91,6,255,3,224,15,0,255,0,0,106,0,185,255,0,0,130,238,86,0,255
161,16,142,88,200,63,85,111,161,217,142,89,148,170,101,56,150,126,114,179,85,248,116,32,101,186,207,184,134,169,110,88,128,34,123,158,100,13,133,85,105,237,98,106,0,110,169,74,53,122,116,116,45,73,157,178,160,31,94,81,207,155,0,223,0,198,213,0,37,160,98,183,255,255,97,223,75,233,114,195,57,115,111,0,40,146,124,165,123,124,131,195,188,163,21,185,0,59,165,201,146,89,131,0,35,251,84,254,78,255,87,0,87,100,145,0,56,174,0,172,182,150,0,233,231,26,0,255
175,8,146,96,214,76,77,129,148,174,151,51,120,147,101,35,109,238,196,193,0,208,99,177,69,152,150,185,123,68,193,131,106,82,139,130,139,120,184,136,115,174,31,144,123,163,132,92,123,110,126,93,129,77,86,150,125,106,113,206,130,121,121,97,174,168,81,124,144,135,146,112,127,188,138,154,132,137,93,168,100,193,152,130,91,102,138,202,146,88,63,145,95,112,110,171,88,50,122,210,207,121,120,114,106,182,84,114,170,130,178,136,67,136,72,55,147,184,48,216,101,116,100,83,170,147,69,255
175,8,146,96,214,76,77,129,148,174,151,51,120,147,101,35,109,238,196,193,0,208,99,177,69,152,150,185,123,68,193,131,106,82,139,130,139,120,184,136,115,174,31,144,123,163,132,92,123,110,126,93,129,77,86,150,125,106,113,206,130,121,121,97,174,168,81,124,144,135,146,112,127,188,138,154,132,137,93,168,100,193,152,130,91,102,138,202,146,88,63,145,95,112,110,171,88,50,122,210,207,121,120,114,106,182,84,114,170,130,178,136,67,136,72,55,147,184,48,216,101,116,100,83,170,147,69,255
