175,8,146,96,214,75,77,129,148,174,151,51,119,147,100,35,109,238,197,194,0,208,99,178,69,152,150,185,123,68,193,131,106,82,139,130,139,120,184,136,115,174,31,143,123,164,133,92,124,110,126,93,128,77,86,150,125,106,113,206,129,121,121,96,174,167,81,124,144,135,146,111,127,187,138,154,132,137,92,168,99,194,152,131,92,102,138,201,146,88,62,145,95,112,110,171,88,51,122,210,206,122,120,114,105,183,83,113,170,128,179,136,66,137,71,55,148,184,49,217,102,115,101,84,171,148,69,255
175,8,146,96,214,76,77,129,148,174,151,51,119,147,100,35,109,238,197,193,0,208,99,177,69,152,150,185,123,68,193,131,106,82,140,130,139,120,184,135,115,174,31,143,123,164,133,92,124,110,126,93,128,77,86,150,125,106,113,206,130,122,121,97,174,167,81,124,144,135,146,112,127,187,138,154,132,137,93,168,99,193,152,131,92,102,138,201,146,88,63,145,95,112,110,171,88,50,122,210,206,122,120,114,106,182,84,114,170,129,178,135,67,137,72,55,148,184,49,217,102,115,101,84,171,148,69,255
175,8,146,96,214,75,77,129,148,175,151,51,119,147,100,35,109,238,197,194,0,208,99,178,69,152,150,185,123,68,193,131,106,82,139,130,139,120,184,135,115,174,31,143,123,164,133,92,124,110,127,93,128,77,86,150,125,106,113,206,129,122,120,96,174,167,81,124,144,135,146,111,127,187,138,154,132,137,92,168,99,194,152,131,92,102,138,201,146,88,62,145,95,112,110,171,88,51,122,211,206,122,120,114,105,183,83,113,170,128,179,136,66,137,71,55,148,184,49,217,102,115,101,84,171,148,69,255
175,8,146,96,214,75,76,129,148,175,151,51,119,147,100,35,109,238,197,194,0,208,99,178,68,152,150,185,123,68,193,131,106,82,139,130,139,120,184,135,115,174,31,143,123,164,133,92,124,110,127,93,128,78,86,149,125,106,113,206,129,122,120,96,175,167,81,125,144,135,146,111,127,187,138,154,132,137,92,168,99,194,153,131,92,102,139,201,146,87,62,145,94,112,110,171,88,51,122,211,205,122,120,114,105,183,83,113,170,128,179,135,66,137,71,55,149,184,49,217,102,114,101,85,172,149,69,255
175,8,146,96,214,76,77,129,148,174,151,51,119,147,100,35,109,238,197,193,0,208,99,177,69,152,150,185,123,68,193,131,106,82,139,130,139,120,184,136,115,174,31,143,123,164,132,92,124,110,126,93,128,77,86,150,125,106,113,205,130,121,121,97,174,167,81,124,144,135,146,112,127,187,138,154,132,137,93,168,99,193,152,130,91,102,138,202,146,88,63,145,95,112,110,170,88,50,122,210,206,121,120,114,105,182,84,114,170,129,178,136,67,137,72,56,147,184,48,217,102,116,100,84,171,147,69,255
175,8,146,96,214,75,77,129,148,175,151,51,119,147,101,35,109,238,196,193,0,208,99,177,68,153,150,185,123,68,193,131,106,82,139,130,139,120,184,135,115,174,31,143,123,164,133,92,124,110,127,93,128,78,86,150,125,106,113,206,130,122,120,96,174,167,81,124,145,135,146,111,127,188,138,154,132,137,92,168,99,193,153,131,92,102,139,201,146,87,62,144,94,113,110,171,88,51,121,210,206,123,120,114,106,183,83,114,170,128,179,135,66,137,71,55,149,184,48,217,102,115,101,85,172,148,69,255
175,8,146,96,215,76,77,129,148,174,151,51,119,147,100,35,109,238,197,194,0,208,99,177,69,152,150,185,123,68,193,131,106,81,139,130,139,120,184,136,115,174,31,143,123,164,132,92,124,110,126,93,128,77,86,150,125,106,113,205,130,121,121,96,174,167,81,124,144,135,146,112,127,187,138,154,132,137,93,168,99,194,152,130,92,102,138,202,146,88,63,145,95,112,110,171,88,50,122,210,207,121,120,114,105,182,84,114,170,129,179,136,67,136,72,55,147,184,49,217,102,115,100,84,171,147,68,255
173,18,156,111,205,78,124,98,165,206,121,51,131,133,115,73,97,123,136,141,38,194,97,72,115,203,140,153,182,109,132,150,122,134,101,177,120,149,98,72,232,141,132,255,140,171,95,96,114,187,127,238,93,97,118,138,91,100,71,127,255,166,111,192,133,150,64,51,91,166,81,159,255,244,47,159,140,174,225,44,210,209,164,192,122,205,75,196,100,51,162,205,146,195,138,191,86,70,123,75,232,107,3,94,75,255,36,155,153,174,122,131,56,178,125,0,31,89,0,110,147,29,66,141,181,30,133,255
170,29,185,104,215,64,124,85,158,204,118,37,133,145,97,28,89,150,133,138,30,179,99,73,87,174,107,181,122,71,151,151,98,60,143,206,194,118,81,72,152,106,48,214,131,138,75,111,73,201,189,214,171,104,36,119,79,99,120,186,255,112,63,203,177,190,107,112,107,53,85,61,255,214,0,159,253,167,155,195,197,133,134,246,148,151,78,192,100,66,141,213,246,199,164,255,31,0,155,138,255,0,129,104,62,254,144,85,155,188,76,110,167,126,42,132,44,123,0,83,102,11,70,47,0,161,197,255
171,20,159,104,201,51,134,115,172,190,178,4,158,136,125,48,140,94,157,152,33,188,112,30,102,217,162,146,176,163,108,73,155,47,134,227,157,90,122,73,185,118,41,244,88,139,96,147,63,197,143,199,149,32,152,125,73,159,134,129,244,160,88,162,211,155,68,25,59,157,46,57,255,132,47,107,137,184,239,222,170,165,221,255,161,142,66,197,104,18,195,203,194,255,84,159,134,101,203,58,255,48,36,85,89,201,21,110,255,209,118,94,0,78,242,110,136,66,23,239,227,0,0,159,150,82,111,255
173,19,152,112,193,58,129,88,177,231,105,14,146,104,122,0,64,88,160,153,22,179,164,0,146,229,174,186,157,114,99,146,160,99,152,212,111,78,137,36,255,120,164,255,51,117,116,95,82,180,172,255,77,40,69,82,66,126,122,73,238,155,55,129,143,99,70,52,93,188,1,18,255,167,34,104,117,154,237,157,148,255,255,255,153,231,146,184,36,0,255,240,179,214,98,207,33,68,107,25,236,15,0,122,124,213,0,100,185,184,81,158,0,172,163,101,0,81,0,192,255,5,95,255,125,128,204,255
166,20,145,94,216,63,131,83,166,223,142,18,155,148,140,0,28,72,143,164,0,177,106,49,167,237,190,188,141,33,60,177,144,65,160,207,138,154,69,0,255,95,56,255,56,189,119,98,86,255,140,169,85,63,71,219,70,188,108,66,255,140,100,117,228,24,10,29,86,128,79,0,255,195,25,98,158,106,213,178,185,255,236,255,249,255,145,171,46,0,191,255,198,198,120,124,75,9,176,0,255,0,0,138,123,255,8,107,200,139,66,150,0,116,243,110,86,0,0,122,255,0,180,255,14,216,255,255
176,20,161,116,192,68,139,99,182,237,112,12,166,126,97,0,94,97,174,161,60,190,127,0,123,241,152,179,212,100,86,106,182,127,125,213,104,138,137,75,255,116,103,255,80,151,134,123,131,161,176,255,94,67,129,104,39,170,166,101,255,230,81,196,172,121,74,43,99,224,8,83,255,176,32,126,182,130,204,192,203,228,211,255,159,177,95,197,58,0,230,243,148,255,90,187,75,16,124,30,255,108,2,159,103,255,0,52,176,186,134,139,0,213,98,58,37,95,0,170,255,6,132,188,127,116,19,255
172,26,170,95,217,74,146,86,189,230,108,20,142,178,122,18,72,139,152,158,20,149,119,36,155,187,175,224,135,66,101,131,150,69,115,231,134,170,136,66,216,58,34,255,135,153,162,163,122,228,186,236,146,67,81,126,43,143,163,122,255,138,128,168,205,121,111,89,86,130,65,58,255,227,17,137,212,129,205,161,234,230,174,255,180,206,149,119,73,0,81,255,211,191,159,195,56,0,127,78,255,0,102,174,38,255,53,69,214,151,84,54,0,118,150,65,38,0,0,53,236,0,146,182,0,112,231,255
172,17,144,115,202,58,117,107,154,187,188,33,145,130,123,45,141,103,143,150,69,185,106,45,114,182,165,173,218,195,85,74,145,92,118,210,132,71,80,110,180,140,91,216,97,146,104,126,86,182,145,195,143,82,177,99,94,52,109,127,210,175,20,170,170,144,99,29,77,143,56,95,255,166,49,155,133,156,206,118,168,187,173,174,95,145,99,251,137,0,197,151,158,255,52,150,142,112,190,47,223,68,45,63,175,255,4,194,220,148,104,119,0,248,166,64,119,93,55,214,167,61,0,103,255,48,0,255
178,20,149,111,204,54,128,104,183,184,154,4,141,132,105,59,139,139,149,146,48,185,104,13,126,180,161,175,186,174,171,109,152,108,98,243,121,92,140,96,205,116,74,197,108,105,116,78,57,110,201,251,100,62,127,127,109,90,139,119,192,169,110,144,115,225,85,48,90,186,76,54,218,147,47,106,93,216,235,122,165,193,169,233,119,143,155,200,58,20,163,211,189,255,92,130,89,97,178,72,255,111,24,97,91,178,21,158,196,166,90,190,0,140,162,27,60,178,104,255,184,55,0,131,111,20,0,255
173,21,144,115,203,67,117,78,188,201,148,9,162,143,106,0,91,102,188,173,28,171,120,4,134,235,152,176,136,122,76,132,124,76,113,193,127,71,127,64,219,108,118,254,87,62,107,89,55,206,211,255,46,48,65,139,47,73,135,39,226,179,55,125,151,124,68,39,121,155,78,13,255,148,1,80,16,119,255,134,176,230,162,255,194,225,146,221,47,0,142,245,159,156,82,100,34,91,175,21,255,81,0,89,78,255,0,157,255,114,115,168,0,110,200,142,0,107,0,255,255,17,8,245,126,114,210,255
168,20,142,105,216,71,127,65,161,212,155,9,147,142,122,8,38,100,162,200,7,135,104,69,155,204,157,157,164,70,56,145,124,91,175,224,70,97,83,54,255,76,91,255,94,153,147,113,82,255,139,214,81,69,122,196,120,133,96,49,222,168,53,102,166,51,0,29,139,124,80,5,255,203,14,138,109,93,220,111,214,255,244,255,170,205,124,215,138,0,189,255,126,148,80,121,87,11,115,0,255,0,0,63,139,255,22,180,209,113,68,102,0,178,228,110,13,0,0,215,255,0,69,217,67,163,231,255
175,21,159,98,209,74,136,101,160,222,131,15,143,142,107,8,91,92,156,152,68,144,117,0,136,209,155,195,245,122,45,54,149,80,113,228,105,102,127,109,246,84,63,255,56,156,174,135,108,215,187,254,69,82,166,138,70,135,157,70,255,254,83,151,167,149,66,12,82,199,29,93,253,154,40,68,135,94,153,198,216,224,214,255,150,165,138,170,97,0,117,255,154,200,66,178,72,71,142,83,237,86,0,123,93,255,31,91,205,175,69,143,0,194,166,81,31,6,0,232,214,0,166,164,92,75,0,255
176,22,168,94,212,70,154,96,183,240,106,0,160,160,159,0,86,92,158,131,30,109,152,0,178,243,171,250,185,100,64,136,124,29,107,242,126,165,161,42,255,57,29,255,59,146,157,171,148,225,157,255,136,35,83,164,9,208,187,108,255,173,125,113,243,130,108,74,86,203,0,23,255,200,42,61,219,69,201,224,221,255,220,255,202,243,111,87,43,0,205,255,236,201,146,168,97,8,162,66,255,8,0,200,3,255,0,99,255,138,73,124,0,89,191,88,18,0,0,110,255,0,226,255,0,100,162,255
175,23,165,104,202,60,138,107,176,196,162,13,146,140,109,42,146,120,165,160,59,169,118,38,114,196,176,187,195,158,102,70,146,99,78,253,140,73,142,104,215,86,39,245,114,132,148,170,101,185,181,235,148,48,148,95,67,132,173,176,255,207,71,191,255,177,116,68,55,163,33,76,255,165,58,145,151,142,223,172,234,203,226,255,137,136,178,144,119,15,157,249,205,255,130,186,112,75,150,68,255,65,73,127,54,237,73,95,255,208,116,136,0,155,220,94,109,73,27,225,209,0,26,143,76,0,43,255
177,20,151,107,200,55,118,109,172,184,174,21,146,118,110,60,122,116,139,148,40,200,94,28,114,186,163,173,177,187,124,88,140,97,106,237,128,63,130,109,190,112,57,210,87,129,102,114,64,140,187,239,117,59,128,121,110,85,100,113,229,172,52,161,135,195,61,19,76,170,45,85,255,168,19,103,91,170,237,139,166,208,191,205,128,177,115,195,71,20,162,186,149,255,73,141,99,139,214,72,255,94,10,73,94,210,0,163,207,156,83,128,0,129,180,52,101,170,58,255,187,12,0,110,174,57,0,255
172,19,145,110,198,61,119,84,178,203,137,27,156,124,107,0,79,87,153,170,28,178,122,0,124,223,173,167,156,119,55,113,157,89,112,211,121,84,110,64,249,103,124,225,68,128,115,102,55,180,183,248,62,66,73,134,65,77,120,56,224,167,25,129,181,111,68,13,78,128,71,23,255,138,8,92,40,154,255,141,171,237,199,247,195,206,117,210,60,0,200,247,136,200,101,144,75,90,163,34,250,54,0,71,112,255,0,158,241,143,115,154,0,167,182,90,65,73,0,255,255,5,63,239,151,139,192,255
176,19,162,121,194,70,155,67,184,255,108,12,158,126,137,0,74,73,171,132,19,150,176,0,153,223,144,223,192,119,63,133,156,103,132,204,77,151,142,37,255,66,94,255,82,133,106,122,129,168,220,243,102,40,85,115,80,104,117,89,213,119,91,153,207,104,89,105,112,184,0,44,255,170,0,117,131,126,220,157,168,255,212,255,193,255,147,195,124,0,248,255,173,197,121,175,91,18,121,44,255,0,17,138,98,241,0,95,176,209,48,156,0,224,119,205,33,148,0,80,242,0,118,242,145,161,248,255
174,19,150,111,202,69,135,95,154,229,114,22,156,118,119,0,94,88,160,149,51,167,127,0,129,222,162,181,216,116,50,79,172,119,128,190,84,112,107,75,255,109,103,255,83,144,102,137,122,183,159,254,65,107,120,141,58,137,123,84,255,202,64,156,139,91,67,61,93,209,41,51,255,144,44,130,169,128,211,190,191,241,207,255,117,192,101,183,121,0,220,231,151,239,80,170,95,58,112,39,213,97,0,126,164,255,0,98,209,164,73,166,0,213,168,55,29,0,0,172,192,15,161,236,139,102,85,255
173,25,170,92,215,62,151,105,189,217,139,5,164,160,136,11,96,99,158,163,15,133,114,0,140,242,163,215,173,86,79,119,155,56,105,255,146,125,155,62,222,66,0,255,94,156,146,178,129,240,161,232,150,43,101,160,0,188,194,132,255,204,106,150,255,143,75,55,64,161,26,13,255,181,19,88,225,102,208,245,205,245,201,255,202,187,110,102,26,0,141,255,234,230,141,155,53,12,177,60,255,0,37,182,17,255,19,26,255,163,118,75,0,46,239,54,92,0,0,133,255,0,136,188,0,106,160,255
175,23,164,100,199,63,122,107,167,205,173,27,135,128,109,42,125,112,138,152,52,184,103,49,123,191,164,192,167,175,102,83,120,80,77,254,174,77,120,100,210,134,43,196,106,163,114,153,90,188,181,236,135,59,169,100,101,93,149,151,255,169,64,177,255,162,85,32,47,135,22,101,255,185,56,138,178,131,249,145,217,216,200,255,131,169,142,166,155,38,232,217,191,255,94,186,113,91,194,108,255,29,75,108,40,223,46,92,245,226,56,120,11,171,154,72,121,106,0,200,211,0,18,120,82,68,42,255
177,19,144,113,207,69,136,95,168,194,163,17,162,133,128,20,140,111,141,134,33,163,111,11,140,177,152,207,186,192,123,86,144,80,94,223,108,108,131,103,181,127,62,223,83,94,95,88,84,116,202,249,103,85,116,137,54,45,153,102,189,148,112,149,130,230,116,97,104,170,29,68,255,163,5,101,74,152,231,159,172,200,167,220,119,219,114,230,79,76,138,207,169,233,86,117,102,82,196,78,211,61,44,48,133,251,0,167,232,147,42,237,0,176,173,138,0,151,14,255,179,14,39,140,143,11,0,255
175,20,158,113,194,63,125,87,178,215,127,21,148,119,105,0,86,100,138,141,47,189,138,0,118,230,152,150,170,130,119,128,154,103,101,219,131,93,151,54,248,117,122,213,67,105,102,93,53,137,211,255,79,56,94,92,85,109,126,90,240,171,88,138,171,152,71,54,95,181,38,46,255,162,39,83,90,170,245,167,161,193,203,255,177,153,100,188,86,12,236,212,127,247,96,154,67,110,139,56,255,95,0,109,53,223,0,126,194,216,102,189,0,163,144,64,57,134,0,255,255,53,48,255,114,122,100,255
168,20,145,103,216,61,132,72,175,219,149,1,158,131,153,0,16,72,169,181,0,167,112,39,185,237,186,179,140,49,73,188,121,80,165,186,131,151,70,0,255,115,92,255,90,165,119,60,95,255,149,206,78,15,50,196,62,209,105,27,255,141,150,100,229,19,0,24,98,155,71,0,255,253,0,122,155,97,197,155,212,255,232,255,251,255,159,194,86,0,219,254,207,147,109,122,14,29,174,0,255,0,0,186,114,255,0,117,213,149,62,174,0,91,246,144,31,17,0,125,255,0,190,255,0,236,255,255
168,19,149,92,212,65,143,92,173,231,143,26,142,130,160,0,8,78,147,139,4,195,107,29,191,255,174,223,134,35,43,127,104,90,110,217,101,158,42,19,255,124,51,255,49,213,120,132,108,255,137,155,125,47,42,185,26,170,126,76,255,143,61,143,255,26,25,31,66,99,61,0,255,177,0,128,154,73,246,149,175,255,255,255,255,255,123,177,115,0,192,255,225,255,129,143,103,60,203,40,255,70,0,193,76,255,0,146,243,94,90,206,0,165,224,135,185,0,0,74,255,0,248,255,48,255,255,255
176,22,168,116,192,52,112,108,178,184,155,29,184,150,89,51,129,76,180,178,29,155,80,8,79,255,149,164,168,137,27,68,102,26,123,215,150,35,168,72,159,134,33,255,106,158,126,139,130,231,192,255,86,25,180,138,36,206,131,110,255,221,28,175,209,184,62,31,75,160,15,156,255,189,0,20,123,36,186,203,196,205,183,245,165,171,116,160,40,0,143,251,100,228,71,228,122,65,178,0,255,38,0,15,58,255,0,100,177,231,129,0,0,39,153,54,30,188,0,255,255,0,98,137,174,125,0,255
174,8,146,97,214,75,77,129,147,174,151,51,120,147,101,35,109,236,195,192,0,208,99,176,69,153,150,185,124,69,191,131,107,84,139,131,140,119,183,134,117,174,33,144,122,162,132,93,121,111,127,94,129,79,86,151,126,107,112,206,132,122,120,99,172,169,82,121,144,133,144,112,128,189,134,154,130,138,93,165,99,191,152,131,91,103,138,202,145,88,63,142,92,113,110,170,89,51,119,207,207,124,119,113,108,184,85,117,173,132,176,133,68,138,73,59,146,184,44,215,102,118,100,87,172,146,69,255
