178,8,164,99,175,75,168,118,171,148,121,89,98,155,98,119,105,83,115,131,7,220,112,89,96,176,136,165,229,165,119,107,120,132,15,161,133,67,137,111,215,117,42,255,114,246,81,85,120,119,125,136,19,149,171,151,126,111,133,130,128,179,61,152,188,177,110,113,97,198,56,255,255,236,59,39,95,237,187,29,190,255,222,255,120,204,53,234,118,48,118,200,131,31,112,138,52,0,163,152,194,149,21,132,0,157,24,166,234,216,60,159,47,86,254,114,0,177,23,215,183,42,20,225,78,0,3,255
176,10,167,95,185,57,183,125,161,87,151,75,97,180,85,161,110,123,95,138,65,223,105,123,50,110,152,186,255,122,109,71,145,85,28,169,171,66,85,107,160,111,7,206,93,218,37,125,92,158,159,47,95,166,192,202,149,106,195,177,44,127,45,166,218,173,201,143,188,63,87,255,255,221,84,44,136,197,143,34,247,240,137,217,45,166,105,225,158,116,16,255,175,0,101,125,0,27,210,121,255,152,175,201,49,173,148,227,252,255,197,244,0,86,230,179,0,255,33,173,255,120,0,118,0,0,74,255
174,11,165,97,199,58,186,140,150,96,147,62,107,175,91,158,136,153,105,154,65,189,100,93,87,92,159,196,240,124,151,80,139,88,54,156,149,73,92,130,87,147,48,164,100,188,23,111,85,188,109,48,125,184,150,171,162,59,191,172,56,146,60,167,190,175,170,137,156,45,103,255,251,218,94,71,134,207,137,37,176,193,145,177,12,122,99,251,126,108,43,168,245,37,107,150,26,40,233,95,255,111,145,162,46,174,152,255,255,255,165,190,12,24,196,121,20,170,37,114,227,80,0,67,154,0,69,255
174,15,169,102,194,53,187,117,170,147,148,60,99,179,99,125,154,120,107,162,86,180,88,112,51,162,138,161,255,139,118,60,131,101,22,187,135,91,130,107,190,67,1,194,113,204,77,117,83,158,181,122,99,122,210,193,112,130,203,161,95,181,49,135,255,146,179,133,101,110,87,207,249,255,57,66,113,238,132,58,220,168,183,255,101,142,149,173,129,66,109,255,180,121,140,200,63,18,121,136,255,97,135,197,73,197,97,159,255,255,97,211,0,83,237,130,11,255,13,255,212,0,0,121,38,0,71,255
174,14,166,85,185,37,159,128,166,145,156,68,108,146,96,142,134,65,116,131,21,200,92,92,93,153,152,152,255,165,81,33,117,58,0,204,150,44,86,145,128,60,4,159,95,243,37,82,56,213,130,91,23,122,132,187,126,117,156,179,157,199,57,182,255,105,56,86,55,88,53,136,255,255,44,46,87,152,125,81,229,255,255,255,155,142,167,254,143,35,117,255,188,125,86,253,73,119,255,113,255,115,76,125,0,203,52,123,241,255,198,127,0,10,255,4,115,255,71,255,178,0,80,115,61,0,2,255
175,15,172,94,197,84,200,101,166,163,140,86,93,203,119,119,116,133,110,143,74,185,81,118,73,170,139,175,255,171,74,48,149,128,9,177,153,91,106,121,182,66,0,255,94,195,50,98,127,164,182,125,33,150,182,211,96,133,255,136,105,166,67,150,255,145,193,166,121,100,63,234,255,253,0,30,120,225,108,25,240,171,197,255,143,179,188,255,179,80,134,255,209,134,72,221,4,10,190,173,241,124,181,157,89,202,86,181,255,255,33,228,0,114,173,153,0,233,0,245,231,0,0,113,18,0,64,255
174,16,166,99,192,54,161,118,146,142,165,79,121,182,89,118,147,128,110,161,63,194,126,127,83,127,181,195,255,148,79,38,129,76,49,136,136,72,116,112,134,78,44,199,140,229,124,110,71,241,166,66,124,112,144,177,176,59,171,153,140,165,0,119,240,168,174,55,75,53,119,221,255,255,98,138,136,239,137,85,171,160,192,238,38,155,102,211,183,23,100,173,141,123,144,168,102,3,142,80,255,125,201,120,117,137,93,231,250,255,152,174,0,62,189,95,39,184,44,177,175,54,76,70,130,0,15,255
173,14,172,96,187,44,161,122,160,111,156,88,82,166,92,121,154,100,117,160,46,206,109,113,70,139,171,136,236,137,128,81,146,95,50,139,127,82,120,81,169,96,42,135,180,235,90,115,55,210,130,0,92,96,131,167,184,115,127,168,98,104,0,159,222,147,208,83,94,68,85,195,255,253,97,117,115,232,83,63,162,195,179,204,53,144,70,198,160,60,144,172,145,102,133,231,82,0,171,160,255,142,159,149,59,144,90,182,255,255,178,192,0,2,226,83,33,226,58,206,144,60,0,118,70,0,56,255
173,17,172,96,194,48,189,114,155,148,142,67,93,197,110,109,150,127,107,161,92,154,71,93,53,162,131,172,255,159,88,34,138,75,42,198,140,79,127,152,157,63,0,176,114,206,118,105,91,210,178,65,96,125,220,149,130,116,195,119,124,173,7,145,255,113,207,114,98,44,68,174,255,255,43,83,133,235,120,76,229,175,171,255,69,64,162,192,128,52,82,197,125,104,82,232,129,20,89,122,255,79,170,207,79,203,103,140,240,255,90,209,0,29,222,109,11,204,2,247,241,0,39,102,79,0,119,255
173,14,167,102,186,42,161,116,142,122,161,73,106,178,97,118,153,130,92,153,69,190,98,107,69,139,162,170,250,148,77,67,114,95,44,128,161,72,95,125,156,90,12,163,111,230,87,100,67,185,145,30,133,148,132,196,181,98,167,124,83,143,0,151,221,142,188,68,87,33,96,199,255,255,64,114,154,210,94,57,183,162,152,219,46,142,92,190,152,74,104,169,131,74,93,229,120,10,181,111,255,87,205,176,104,150,104,185,250,255,154,191,0,5,174,64,52,255,55,185,155,58,41,102,64,0,73,255
181,18,178,93,187,32,183,128,172,130,127,59,101,194,99,152,140,108,129,178,45,180,77,90,76,176,154,194,255,97,104,30,143,71,28,204,145,76,151,126,207,72,3,239,132,212,125,121,108,198,173,111,66,77,151,244,150,156,212,151,181,191,42,134,228,112,108,82,119,36,108,153,255,255,52,44,172,205,172,71,207,255,233,255,87,150,195,133,105,0,60,255,249,94,61,218,115,39,146,66,255,111,17,175,6,136,83,165,210,255,29,140,0,0,238,49,3,254,5,255,255,0,129,237,0,0,50,255
178,20,173,100,195,31,169,133,154,125,158,45,138,155,106,157,163,110,137,182,32,173,90,91,104,190,190,178,255,116,138,18,134,74,24,191,136,66,137,124,162,96,13,199,178,187,144,97,92,191,149,93,51,95,148,255,157,147,206,182,91,189,24,175,250,186,146,103,111,42,70,180,255,255,100,60,77,203,156,168,186,238,255,255,113,164,204,121,135,39,16,255,255,128,34,233,99,35,190,43,255,70,99,126,0,134,87,152,193,255,40,164,0,29,185,109,28,255,0,255,207,0,172,129,34,0,27,255
176,16,166,86,203,47,188,149,155,127,150,37,109,173,100,179,154,162,118,153,74,183,93,83,85,123,160,217,255,122,152,31,142,83,35,195,153,82,98,144,144,140,26,165,78,184,99,78,60,162,166,73,75,164,203,233,157,116,223,152,32,184,80,193,173,195,174,141,186,51,62,236,251,205,124,71,108,240,157,109,248,235,148,198,53,138,201,230,104,123,33,255,252,42,58,154,5,32,204,60,255,124,149,164,99,159,161,212,208,255,94,238,22,26,179,109,0,246,0,242,193,29,0,54,75,0,79,255
175,20,173,94,218,87,192,111,161,205,161,55,122,225,140,95,151,118,149,147,101,117,72,69,119,150,177,255,255,181,64,0,154,87,0,215,145,131,99,169,161,39,37,240,126,184,137,65,151,161,221,169,38,77,158,172,62,39,255,82,144,254,114,99,255,169,120,145,76,118,65,245,255,235,0,32,87,192,106,159,255,107,193,255,203,205,255,255,244,123,65,255,226,214,73,195,0,34,147,197,255,90,196,78,166,221,72,151,255,255,0,167,0,130,172,178,0,148,0,221,153,0,43,0,128,0,56,255
174,15,166,90,187,27,160,130,168,137,164,64,111,167,96,158,159,69,133,149,22,193,93,120,98,178,162,147,255,140,94,28,121,73,0,180,162,61,92,123,166,83,0,185,137,236,92,72,68,212,118,70,5,109,169,255,136,173,200,182,108,206,45,180,255,108,107,92,67,64,61,137,255,255,50,38,76,206,79,76,248,255,255,255,161,162,224,237,118,0,72,255,233,106,53,255,76,56,246,85,255,87,78,130,44,222,90,141,221,255,125,124,0,12,249,16,64,255,31,255,162,0,101,139,0,0,68,255
176,16,161,102,201,60,191,104,174,146,155,39,115,208,117,133,131,131,114,134,84,153,73,138,96,136,142,204,255,163,101,58,127,81,22,164,175,124,107,144,168,100,6,255,108,196,83,51,98,165,167,155,40,138,218,255,80,96,255,102,76,201,108,137,255,182,166,118,146,96,62,255,255,255,0,0,103,166,147,0,255,195,159,255,194,245,238,255,163,48,13,255,255,133,93,169,19,0,185,129,255,167,154,138,164,255,66,155,255,255,10,191,0,165,170,86,0,249,0,255,185,0,0,80,67,0,30,255
176,20,172,85,207,45,184,120,163,150,172,42,136,187,131,124,122,100,137,152,58,106,75,99,124,155,167,240,255,178,82,0,135,83,0,218,129,64,85,178,134,86,0,181,134,183,94,97,63,231,180,176,22,65,163,255,96,125,255,181,87,178,58,172,255,163,165,138,107,34,0,150,255,255,33,0,139,223,77,125,255,252,241,255,176,188,255,234,149,14,105,255,255,121,0,255,72,38,204,105,255,60,99,59,126,255,88,125,255,255,0,103,0,127,167,68,0,255,0,255,178,0,132,79,0,0,115,255
178,18,176,78,207,69,204,122,152,169,152,72,115,178,136,140,98,89,102,124,49,139,80,91,108,160,137,228,255,177,79,14,133,74,0,220,119,56,88,179,132,82,31,213,96,197,43,84,101,222,184,149,1,114,171,237,73,101,255,158,117,143,107,171,255,147,119,166,130,61,0,197,255,255,67,0,89,196,102,150,254,255,253,255,188,210,232,255,165,83,123,255,255,87,12,255,0,67,255,129,255,109,100,91,56,232,25,143,255,255,22,208,0,138,170,95,0,255,0,255,231,0,111,78,0,0,27,255
174,12,168,74,224,95,203,121,153,195,155,80,92,201,161,151,103,153,132,129,77,111,104,64,125,113,103,255,255,158,30,0,188,99,16,235,180,95,91,203,167,48,0,255,75,168,54,30,141,178,195,110,39,135,215,196,65,47,255,64,93,248,161,158,204,207,146,139,112,49,89,255,255,169,0,0,0,75,23,162,255,60,223,255,113,185,255,255,255,180,0,255,239,124,43,197,0,78,228,218,191,72,254,39,132,255,0,181,255,255,0,244,7,118,159,147,0,189,0,255,63,0,0,0,154,0,40,255
175,18,167,94,201,26,176,144,155,133,191,30,138,153,125,131,172,107,144,177,57,178,106,83,116,151,169,193,255,137,130,1,146,65,36,199,131,71,100,125,140,131,26,148,132,192,134,109,52,218,142,102,55,99,156,243,145,104,222,207,85,217,70,153,255,168,152,96,103,34,38,135,255,247,88,98,116,255,144,143,182,229,242,247,93,119,212,198,93,42,94,255,255,172,69,240,72,70,179,46,255,49,125,132,117,159,147,184,202,255,111,125,0,60,218,81,85,255,47,255,203,0,154,57,13,0,140,255
