172,10,146,104,211,72,83,127,136,175,156,60,126,141,115,48,106,196,176,174,0,207,89,142,76,163,143,173,158,97,162,135,107,102,147,127,144,108,152,103,157,189,74,157,121,146,114,102,106,128,137,133,116,99,106,140,137,112,93,209,157,126,94,139,121,169,108,82,131,130,110,133,164,201,112,146,143,148,118,126,108,162,153,112,47,122,130,197,108,102,99,116,74,128,99,181,120,96,104,175,188,101,89,87,125,203,117,140,140,155,150,128,88,140,94,70,145,188,10,182,97,141,91,113,175,110,81,255
157,6,133,131,177,40,54,93,124,185,216,129,127,123,142,46,0,89,143,128,111,145,84,54,104,124,231,224,153,120,137,202,255,107,43,255,235,128,0,13,121,220,52,220,133,228,63,106,194,142,141,0,186,76,137,106,97,24,248,255,188,78,0,197,201,73,172,53,134,0,157,200,255,163,31,81,217,46,173,176,176,173,250,0,105,155,109,255,174,150,172,132,168,255,0,220,127,106,137,126,246,72,204,99,178,255,136,240,83,226,255,255,0,134,255,247,200,255,0,255,255,93,0,119,255,63,151,255
170,2,165,72,182,107,137,132,153,131,149,145,57,142,100,101,68,111,189,150,55,206,122,126,95,90,211,201,196,121,98,85,165,160,21,150,74,91,75,16,100,144,80,163,179,235,69,157,101,201,168,0,116,73,81,23,202,23,116,255,162,46,45,251,255,165,190,91,203,177,166,249,255,86,99,118,91,126,109,3,170,197,210,82,0,182,116,255,255,255,144,90,165,50,74,73,0,110,255,236,199,179,181,86,0,209,131,255,255,207,166,140,17,129,255,86,65,174,0,61,67,255,48,198,255,0,191,255
168,0,163,79,176,104,129,133,155,145,153,129,78,138,93,72,47,118,183,157,48,217,111,157,88,126,200,207,170,94,119,85,161,158,53,156,60,120,66,0,135,158,91,184,167,236,88,139,113,198,148,9,100,92,95,26,207,44,133,253,130,50,54,255,255,191,169,86,193,131,157,200,255,68,104,133,80,120,151,60,160,122,210,84,32,218,68,212,255,255,133,117,164,53,41,122,77,92,174,228,184,232,191,95,0,229,137,255,255,195,167,107,19,255,255,142,91,153,0,91,73,255,90,253,255,54,229,255
176,0,164,77,177,94,128,167,119,180,139,92,108,101,95,51,66,112,164,151,99,229,84,105,125,111,184,233,206,111,66,100,95,100,72,121,61,110,121,43,225,216,46,141,83,193,59,126,55,113,149,83,125,175,133,49,189,2,157,205,186,100,87,241,255,176,143,83,131,136,100,248,192,136,121,183,1,104,151,41,152,103,181,36,64,220,42,208,255,255,144,181,138,88,17,122,104,108,191,200,188,157,168,122,0,255,199,206,233,255,162,73,101,204,188,84,82,174,0,88,81,255,70,200,255,0,96,255
171,1,165,77,175,101,134,124,165,134,136,134,65,149,84,100,64,103,167,122,28,238,123,156,79,95,214,195,170,102,116,75,179,121,28,142,58,119,53,0,145,83,75,174,172,251,53,137,112,213,162,0,113,83,52,72,202,52,115,255,155,13,43,255,255,189,189,91,174,165,155,228,255,109,152,125,136,123,159,24,144,197,198,85,0,226,81,206,255,255,169,159,110,41,110,98,19,73,227,255,175,247,223,99,0,137,145,255,255,164,208,159,0,192,255,113,24,220,0,62,111,255,78,201,255,0,124,255
172,3,162,74,173,96,129,131,156,143,155,107,78,116,85,93,66,127,171,143,47,234,127,111,129,101,221,211,212,117,84,63,139,105,30,152,96,57,47,28,118,142,52,182,123,252,66,156,85,200,155,0,97,111,88,72,162,28,137,248,163,69,0,243,255,157,174,112,175,149,71,235,255,90,102,122,81,110,144,27,193,179,192,64,12,237,126,214,255,255,116,155,149,27,74,73,0,113,255,217,143,206,169,84,0,224,125,230,255,187,199,124,0,214,238,134,58,193,0,171,82,215,74,212,248,16,29,255
169,1,157,80,184,98,129,133,141,175,167,116,90,98,108,63,78,98,168,158,76,198,127,105,127,115,217,219,215,141,77,75,148,133,45,171,96,92,39,43,172,170,64,187,126,230,45,149,70,179,150,41,141,94,115,31,141,14,149,250,158,131,0,199,255,156,183,103,137,178,95,209,227,131,116,163,71,138,147,39,189,116,233,84,81,210,86,254,255,237,195,188,144,140,82,110,64,120,209,185,212,167,218,88,0,255,120,221,255,156,184,86,12,255,255,112,158,130,0,73,56,172,27,178,255,56,71,255
169,2,158,82,182,99,131,113,149,143,150,149,51,119,99,89,87,98,150,144,62,210,116,104,117,109,236,193,176,159,91,112,165,150,11,165,84,87,59,34,137,125,69,176,141,230,32,139,132,203,141,0,106,85,89,42,162,33,118,237,142,91,6,212,255,136,181,78,133,170,154,219,255,152,85,129,94,81,161,0,181,162,214,108,61,164,116,255,255,240,188,191,138,94,99,174,36,162,255,253,192,198,195,88,0,216,140,255,253,183,180,148,0,149,255,114,114,162,59,87,58,143,37,211,255,42,110,255
172,1,173,72,188,118,124,146,132,171,148,146,69,139,103,79,79,167,175,144,54,188,78,151,89,129,222,226,171,132,100,116,122,155,45,133,78,138,121,40,165,171,73,136,93,229,86,152,131,101,217,18,117,153,97,21,241,29,179,252,227,68,70,255,255,121,99,104,187,118,139,183,246,131,152,142,42,38,147,62,164,71,192,108,33,137,202,225,255,255,169,89,188,140,25,188,19,201,237,255,125,202,182,98,0,211,141,170,255,255,74,81,9,236,184,77,94,205,0,88,97,223,55,254,255,0,100,255
169,0,164,66,192,121,121,141,150,168,158,161,64,128,121,68,75,134,168,155,68,207,79,166,112,126,226,249,187,132,124,89,132,149,21,173,104,136,66,12,169,189,107,181,137,239,84,162,146,139,191,0,56,112,76,0,203,48,149,249,179,108,63,223,255,135,171,115,225,143,160,255,253,152,153,194,54,39,162,28,179,98,200,102,108,182,152,241,255,255,170,182,197,99,15,246,13,177,250,255,193,240,255,70,0,255,156,130,255,200,122,194,0,241,255,111,127,175,0,59,60,255,89,157,255,0,215,255
166,1,160,79,181,99,133,139,161,154,153,145,52,158,118,95,60,104,186,149,52,179,125,128,83,98,206,226,190,123,84,115,148,173,9,159,103,104,114,3,143,155,81,178,169,255,61,135,140,174,182,0,78,99,108,26,216,78,95,255,161,62,40,249,255,139,195,79,169,182,197,254,236,117,84,129,67,102,99,28,179,164,229,131,43,179,161,213,255,195,171,95,151,71,67,219,15,80,219,248,174,207,247,152,0,255,120,236,255,251,230,156,99,145,255,68,157,223,0,94,23,190,6,192,255,0,238,255
169,0,160,69,190,107,137,138,157,149,159,151,57,143,121,96,79,116,162,145,64,203,115,138,113,88,215,252,186,120,100,92,135,157,32,164,79,84,78,24,132,184,100,184,175,255,49,148,134,231,164,0,60,115,70,11,180,49,125,255,163,69,89,227,255,136,168,82,203,163,176,220,219,104,90,160,38,53,103,19,200,133,228,106,32,185,212,255,255,193,174,131,164,91,73,214,0,117,255,255,189,218,255,93,0,255,106,224,255,200,181,157,54,195,255,73,101,167,0,83,99,248,39,137,255,0,161,255
172,3,164,86,158,85,108,113,168,186,109,128,40,124,66,78,49,114,157,122,46,225,151,102,108,115,172,158,142,127,121,79,161,136,38,179,94,85,116,15,152,118,101,144,198,235,0,114,73,208,157,0,85,87,57,64,186,84,30,255,160,33,54,239,231,175,200,103,196,216,81,191,250,134,105,87,48,109,197,0,111,255,221,78,35,246,133,239,244,255,202,220,109,106,90,133,45,141,255,246,133,222,193,120,0,216,119,165,255,234,168,166,42,97,216,71,45,255,0,165,0,246,99,214,255,71,140,255
169,0,165,73,168,97,126,134,166,145,134,142,56,140,91,73,48,98,182,142,47,214,109,150,94,105,209,205,182,103,114,86,154,141,26,131,71,116,89,0,168,131,93,162,184,255,83,133,118,171,188,0,61,75,61,19,230,76,65,255,143,36,50,255,255,148,204,62,218,192,164,253,255,113,141,111,87,103,157,11,155,170,181,86,19,184,107,184,255,255,160,128,111,10,57,141,16,88,229,255,160,227,214,133,0,184,141,196,255,252,190,158,23,164,255,102,45,255,0,88,31,255,92,250,255,5,255,255
175,1,166,73,163,103,122,144,148,154,120,115,81,112,76,69,49,132,170,142,56,255,91,137,115,107,215,228,178,125,99,85,119,111,23,132,70,89,103,15,188,188,62,154,149,255,66,137,91,156,192,18,62,142,85,54,194,43,133,255,173,52,69,255,255,167,148,116,184,171,123,210,229,83,148,150,34,123,171,0,152,163,194,86,55,225,128,223,255,255,152,161,159,1,76,58,26,110,255,255,118,201,133,95,0,209,178,181,255,200,136,114,0,175,176,146,0,199,0,133,128,255,129,255,255,39,122,255
171,1,163,81,169,104,120,122,160,147,133,137,44,149,91,73,61,126,151,141,67,227,107,134,107,104,214,210,156,132,135,90,146,138,20,174,100,102,95,0,153,159,74,154,179,244,50,132,103,201,191,0,78,115,96,42,208,44,101,255,143,47,77,255,255,197,206,101,176,177,151,213,212,88,103,121,52,104,168,0,142,178,172,83,32,202,115,214,255,255,167,155,116,40,58,135,43,105,255,255,162,243,218,100,0,239,134,250,255,204,140,175,17,191,255,148,49,192,0,125,96,255,109,250,255,37,190,255
172,4,160,78,166,80,113,129,151,181,150,121,61,109,79,76,82,112,132,153,57,221,114,124,128,105,213,223,177,158,89,91,108,93,41,146,141,51,132,81,185,169,47,141,105,255,15,71,120,147,201,0,116,124,107,64,195,29,120,215,185,103,0,209,255,115,122,46,137,177,109,198,247,176,105,130,49,24,149,0,208,198,202,90,8,197,182,235,255,255,199,139,115,152,85,152,25,136,255,255,135,144,172,122,0,255,50,162,255,229,84,62,47,142,185,39,87,255,2,162,73,127,21,255,255,102,10,255
172,1,169,69,168,105,109,138,154,149,146,134,66,142,83,86,69,164,175,138,35,210,89,160,115,98,255,217,157,126,106,96,133,90,35,129,106,97,99,17,155,144,61,134,153,255,30,144,122,164,222,0,71,160,48,79,221,49,164,255,182,31,38,226,255,118,125,132,181,160,112,234,255,85,164,154,68,25,161,0,154,188,172,29,0,242,197,191,255,255,157,54,155,79,65,147,0,122,255,255,105,255,201,92,0,217,119,156,255,253,133,54,0,154,207,141,0,255,0,165,179,255,113,255,255,31,178,255
170,2,164,76,188,121,116,135,146,183,146,154,61,134,100,81,75,141,164,138,59,235,91,147,100,131,220,207,162,135,117,90,106,162,19,155,77,126,108,2,175,156,91,174,127,234,75,143,144,116,191,0,92,144,67,6,208,99,127,255,222,65,84,237,255,174,164,95,177,190,151,224,217,145,150,190,37,84,180,37,147,120,199,86,90,212,161,177,255,255,197,236,181,117,33,255,14,192,245,255,159,210,218,119,0,200,167,172,241,222,172,177,19,208,245,85,101,186,0,94,28,225,134,171,255,4,131,255
166,2,161,81,180,99,125,128,155,173,157,144,55,147,104,92,71,107,160,135,55,206,106,125,85,113,214,225,168,149,140,90,137,141,0,210,119,101,103,1,168,132,93,172,144,255,47,112,187,162,191,0,95,124,69,24,199,49,110,255,191,103,39,168,255,149,125,82,161,149,173,229,255,169,153,197,64,79,194,42,173,138,213,114,79,208,134,205,255,255,204,176,188,114,79,255,22,147,233,248,169,255,255,134,2,235,146,200,255,188,231,187,54,165,255,129,174,249,34,115,28,208,33,157,255,47,118,255
169,0,164,80,181,117,116,133,154,184,153,153,56,152,98,86,75,147,166,130,46,213,92,152,110,139,240,212,139,147,136,89,123,128,17,182,87,123,96,15,141,143,67,161,144,248,48,134,162,172,177,0,101,160,88,47,202,43,166,255,218,72,56,201,255,153,137,121,186,142,148,186,247,158,151,194,39,57,191,29,141,151,208,70,75,217,121,209,255,255,183,160,164,142,55,210,24,159,248,252,153,255,255,80,0,253,187,195,255,173,143,131,0,180,255,179,124,207,0,102,90,255,143,233,255,78,86,255
170,2,162,90,167,95,116,122,159,186,150,132,50,126,59,89,53,86,188,146,49,209,145,104,101,128,187,185,157,132,109,81,178,157,36,182,80,77,128,10,136,132,86,168,177,243,3,102,110,190,174,0,130,96,97,58,180,66,85,255,176,94,8,196,253,176,161,105,167,232,131,212,255,138,123,151,77,105,228,0,140,252,231,123,91,255,49,255,255,255,183,158,161,109,73,120,14,106,198,195,167,243,218,169,0,197,158,171,255,196,152,123,28,176,255,196,130,252,0,105,0,206,42,219,255,78,87,255
170,6,151,94,195,92,122,125,147,174,172,114,89,114,106,57,102,95,133,157,74,193,122,71,113,125,212,225,169,160,75,92,138,157,56,189,95,59,75,93,139,165,98,181,94,179,66,125,63,176,150,87,136,107,159,31,161,7,150,210,138,137,0,152,255,190,167,80,133,182,118,170,226,168,69,170,76,147,143,91,174,162,220,105,116,190,71,252,227,126,203,174,125,141,73,166,81,96,156,100,223,149,158,50,34,255,94,241,207,129,113,113,29,231,255,151,208,88,0,49,63,140,25,153,225,11,21,255
166,2,156,93,172,91,102,127,139,217,158,136,86,115,96,69,32,85,157,142,81,185,119,113,114,112,190,208,168,117,111,108,173,124,55,230,135,113,72,38,169,194,120,164,176,236,18,119,115,130,188,16,134,97,132,25,194,54,90,255,210,79,25,186,255,167,154,65,168,165,138,206,242,184,104,113,65,119,212,39,126,200,255,73,140,233,120,243,255,255,212,208,137,206,10,181,111,117,137,189,224,139,206,126,0,255,147,205,255,217,162,112,49,186,255,112,194,242,0,60,31,132,57,175,255,50,143,255
168,6,153,86,182,78,111,136,106,211,170,101,99,96,102,45,60,120,170,165,98,185,106,90,125,115,158,247,208,148,61,67,164,110,105,217,90,45,88,60,112,205,83,135,130,191,69,81,71,180,176,63,139,183,180,0,221,37,100,255,187,157,32,225,255,196,175,79,140,107,138,153,221,114,101,161,28,136,135,66,175,126,250,150,175,159,143,255,255,246,136,144,177,214,29,182,156,149,132,148,212,19,161,148,29,255,172,195,248,255,137,145,18,138,254,98,219,160,0,62,0,69,102,150,255,54,229,255
171,6,150,94,168,89,84,114,133,244,155,125,50,79,72,65,70,84,129,136,89,255,126,69,177,131,172,185,125,151,119,63,134,110,51,219,114,77,88,61,167,206,94,158,141,204,19,87,90,183,149,60,184,94,158,46,166,40,73,255,250,145,14,225,247,183,160,51,72,198,101,111,174,156,45,137,0,158,244,45,91,248,255,100,178,255,87,255,255,255,241,255,147,182,32,165,94,243,229,225,148,135,141,108,0,235,76,151,141,152,175,253,0,215,255,138,251,196,0,214,0,107,83,112,255,67,0,255
159,3,140,113,165,53,85,87,159,198,153,128,58,138,72,50,62,75,129,134,75,155,145,78,113,98,211,186,115,161,114,138,194,84,40,227,210,41,52,38,115,140,80,132,243,237,32,112,144,255,153,0,113,139,191,59,194,0,99,255,77,97,0,185,255,13,169,93,158,101,128,150,255,178,60,71,94,146,112,110,152,255,245,116,94,169,135,189,245,134,255,225,119,146,54,236,158,138,165,104,214,120,205,113,49,255,44,193,255,207,255,157,35,84,255,171,253,255,0,195,135,61,0,174,255,53,212,255
166,3,152,83,185,91,126,121,147,147,186,134,80,117,113,67,82,96,143,157,72,192,93,96,117,120,210,225,190,145,97,92,156,128,49,181,113,75,54,58,146,188,80,172,117,218,74,118,91,183,167,0,126,108,157,3,172,0,170,204,121,138,0,187,255,148,173,32,144,128,160,216,255,156,55,165,76,87,136,42,207,121,223,91,98,155,107,255,255,165,194,104,157,131,42,203,69,110,196,212,209,139,192,69,0,255,91,251,252,208,108,116,22,226,255,179,162,159,0,103,92,169,0,161,255,17,199,255
165,1,156,88,179,98,108,132,128,190,155,136,77,122,108,48,54,103,156,139,78,194,101,121,111,134,213,222,175,116,91,106,162,111,40,206,123,132,42,3,179,186,99,177,134,221,61,120,88,142,164,20,126,118,136,30,193,5,129,255,170,100,14,255,255,151,181,88,168,132,131,208,209,118,108,123,68,135,172,56,141,115,239,102,108,170,95,255,255,255,185,185,104,132,36,168,139,181,179,233,234,176,204,59,0,255,180,213,216,243,147,135,2,186,255,123,187,135,0,58,53,200,117,238,255,58,231,255
174,0,163,80,179,98,118,159,120,188,138,106,97,108,89,51,61,110,163,140,96,217,95,109,129,113,183,212,188,113,98,102,94,90,74,127,49,115,119,47,195,211,60,131,122,174,61,121,48,116,153,64,125,151,135,28,199,0,133,236,214,60,59,248,250,175,164,74,171,169,107,224,169,158,129,144,34,119,162,64,142,121,160,13,67,210,31,187,255,255,157,183,93,87,31,95,112,155,184,212,204,180,153,82,0,217,202,187,236,255,168,93,92,199,180,76,139,115,0,55,33,255,93,254,255,0,69,255
166,1,151,96,160,88,102,100,154,181,149,136,37,99,51,71,27,73,148,151,80,236,156,76,134,132,235,188,148,182,112,47,201,101,4,231,181,35,42,6,143,176,98,156,196,255,0,114,150,233,151,0,97,85,119,60,155,24,66,230,107,113,0,242,255,88,175,95,122,172,89,242,250,124,90,164,124,162,255,0,148,255,235,119,58,233,69,255,255,255,255,255,108,94,8,102,43,191,255,234,134,191,239,148,0,182,132,197,255,146,248,244,0,78,255,196,134,223,0,119,114,154,0,184,129,156,87,255
178,2,163,76,165,72,125,177,136,174,154,51,133,69,96,66,62,125,143,164,60,255,94,98,147,126,180,249,227,135,96,79,118,84,65,123,130,82,68,79,220,235,79,177,65,185,111,151,6,116,111,114,108,126,149,72,166,1,171,222,153,105,45,219,202,160,133,110,186,132,22,252,227,170,147,193,29,197,198,98,166,158,179,14,22,229,43,198,220,243,134,185,182,53,18,45,0,83,193,120,139,176,89,94,0,131,200,222,233,255,255,54,24,162,63,121,37,185,0,139,160,141,58,85,255,15,132,255
177,2,163,77,172,75,131,173,134,146,171,58,124,92,101,65,72,131,138,172,74,255,71,119,115,95,170,255,233,121,80,106,124,111,67,134,117,78,81,56,200,216,70,136,62,183,90,154,33,109,146,90,106,162,155,51,188,1,165,238,139,64,82,227,221,200,132,122,158,100,58,255,255,133,121,185,49,128,142,76,177,120,163,41,28,226,37,224,255,223,107,160,184,76,43,95,45,74,196,146,157,142,106,121,0,221,203,219,246,255,200,88,41,185,130,124,71,204,0,107,117,142,60,108,255,22,160,255
178,2,164,75,171,75,136,175,131,148,169,62,122,97,96,65,72,131,145,165,80,255,75,112,119,82,167,252,241,113,84,101,114,118,53,129,117,69,91,73,204,209,46,124,68,187,74,151,36,92,174,61,99,182,157,39,190,0,179,244,140,57,85,211,223,187,114,124,162,106,67,255,255,116,112,178,50,103,127,83,201,141,157,50,33,217,69,229,255,212,114,149,177,85,33,72,18,57,221,156,139,137,138,151,0,200,193,182,246,255,203,133,65,173,128,134,77,232,0,113,120,156,23,103,255,0,164,255
179,2,163,80,177,96,127,175,118,177,131,98,120,97,93,77,39,125,166,157,80,255,96,121,103,111,154,234,227,109,85,92,101,122,44,96,104,83,114,48,208,230,44,152,95,185,89,127,77,79,177,115,109,181,143,57,184,21,146,234,213,77,68,250,214,214,113,111,155,143,97,255,217,169,114,181,76,147,140,76,170,153,183,53,56,233,65,205,255,228,128,188,126,97,28,48,47,100,177,176,157,109,104,122,0,175,251,211,221,255,164,145,97,103,114,84,64,196,0,29,109,216,50,167,255,0,113,255
174,1,157,92,178,73,124,167,129,155,165,81,120,98,101,82,70,113,150,171,88,250,93,92,98,119,128,232,255,123,79,102,115,140,63,130,122,55,104,33,186,213,73,149,93,189,67,82,60,107,142,106,138,170,148,20,158,5,140,254,136,109,45,208,237,217,111,122,145,139,107,255,241,130,77,174,106,159,141,87,187,76,164,34,37,212,38,253,238,215,134,165,152,73,87,53,105,153,134,156,124,44,91,111,0,211,210,162,192,248,154,103,73,182,190,101,141,188,0,66,79,194,71,123,255,33,143,255
174,2,158,88,181,77,123,169,127,171,157,84,116,87,108,80,68,114,137,172,84,255,77,83,107,134,122,235,255,120,66,100,128,147,71,139,123,36,112,29,215,219,107,153,86,166,55,84,62,128,161,113,121,189,163,15,162,51,116,255,155,111,48,222,206,231,124,141,124,152,88,255,201,140,95,181,107,187,155,87,160,74,154,38,40,224,54,221,250,213,172,186,147,100,83,108,87,156,109,152,104,58,64,94,0,216,200,147,171,243,176,112,48,192,158,64,140,169,0,51,68,115,92,111,255,24,139,255
169,3,153,95,186,74,113,150,133,193,168,89,109,95,121,73,87,107,140,172,78,234,96,87,118,135,124,198,226,129,81,90,131,126,96,127,154,50,80,34,215,232,119,161,109,154,58,86,63,161,154,114,122,169,174,43,160,50,114,225,173,151,18,196,173,194,152,89,119,153,61,229,177,169,74,156,107,207,171,95,139,68,170,38,19,209,55,218,207,175,224,163,123,135,82,181,114,165,93,158,123,61,91,44,29,208,128,135,212,240,144,70,102,199,199,85,177,185,0,117,60,111,44,160,255,29,89,255
167,3,151,100,189,68,93,135,130,210,175,89,114,98,129,49,85,116,154,168,76,201,96,93,128,149,131,173,205,134,79,99,133,138,116,129,176,68,85,41,220,234,136,169,121,147,76,104,67,171,176,116,145,145,168,67,174,85,79,231,198,195,0,171,141,169,177,58,125,161,23,197,156,177,79,132,103,212,212,81,114,83,166,32,7,197,91,196,197,182,224,117,94,131,82,171,105,172,55,160,115,56,98,27,57,227,100,144,199,241,147,48,101,207,197,84,206,190,0,153,53,80,57,180,255,63,81,255
174,8,146,96,214,76,77,129,148,175,151,51,119,147,101,35,109,237,196,193,0,208,99,177,69,152,150,185,123,68,192,131,106,82,140,131,140,120,183,135,116,175,32,144,123,163,132,93,122,109,126,93,129,77,86,150,126,107,113,206,132,121,120,98,173,168,82,122,144,135,145,113,126,188,136,154,130,136,94,168,100,192,153,129,91,103,137,201,145,89,65,143,96,114,110,172,88,50,121,210,207,122,120,113,107,183,84,115,172,131,178,135,69,137,72,56,148,183,47,215,101,115,98,84,170,146,69,255
175,8,146,96,214,75,77,129,148,175,151,51,119,147,101,35,109,238,196,193,0,208,99,177,69,152,150,185,123,68,193,131,106,82,139,130,139,120,184,135,115,174,31,143,123,163,133,92,124,110,126,93,128,77,86,150,125,106,113,206,130,122,120,96,174,167,81,124,144,135,146,111,127,188,138,154,132,137,93,168,99,193,153,131,91,102,139,201,146,87,62,144,95,112,110,171,88,51,121,211,205,123,120,114,106,183,83,113,171,128,179,135,67,137,70,55,148,184,48,216,101,115,101,84,172,149,69,255
173,3,162,95,186,83,140,158,137,134,157,81,117,114,101,95,71,128,119,167,64,255,77,105,89,113,134,204,227,134,130,111,144,133,74,149,138,83,75,22,188,208,125,179,108,167,79,116,86,115,126,160,125,148,156,51,171,25,116,218,151,105,66,189,170,212,135,114,139,146,69,253,222,164,82,124,117,255,164,61,103,74,169,46,44,207,0,232,160,182,138,147,118,75,143,107,104,134,97,132,197,97,29,76,20,155,205,255,204,173,187,88,12,145,172,117,81,95,0,24,129,126,12,89,255,0,131,255
166,0,161,93,172,90,107,125,162,166,165,142,66,143,60,63,6,79,198,136,43,193,148,121,76,160,199,130,180,104,123,98,167,180,44,183,86,118,95,0,148,111,96,190,154,255,76,86,130,93,127,0,135,46,41,14,200,116,68,255,166,38,0,235,242,195,205,33,195,182,127,255,255,97,134,131,139,140,196,34,179,197,226,83,49,232,33,189,223,255,185,163,147,101,41,128,86,114,154,235,191,193,190,154,0,185,194,248,255,255,221,207,47,170,255,173,109,208,0,122,0,165,23,255,252,82,144,255
173,4,171,73,185,103,131,158,141,152,170,113,75,146,108,83,87,157,153,153,61,201,77,146,91,101,206,243,202,122,88,113,132,142,53,172,90,121,100,36,170,167,91,129,106,231,64,158,75,159,191,0,120,162,122,24,240,18,168,252,160,87,130,229,255,167,136,105,175,90,137,255,255,125,137,166,37,64,117,51,165,94,139,95,65,211,93,236,255,255,169,123,177,83,49,170,38,87,234,221,164,239,210,108,0,255,113,207,255,255,155,140,49,214,234,141,73,213,0,80,78,236,54,170,255,1,158,255
174,1,163,79,183,106,123,151,130,184,154,113,86,117,103,71,74,115,161,149,69,224,88,124,110,125,191,232,188,110,77,95,128,95,102,138,43,114,92,18,171,200,75,158,106,208,72,117,70,156,150,66,138,151,128,58,204,36,162,230,203,93,70,253,255,217,168,65,160,157,138,217,175,148,117,150,36,113,170,44,125,76,180,46,91,219,46,227,255,249,173,177,118,119,55,149,78,111,171,212,203,193,191,56,0,253,169,216,228,242,131,60,70,248,216,102,115,146,0,61,73,255,93,208,255,8,35,255
175,2,163,81,180,93,134,153,143,157,166,91,93,124,105,76,76,137,150,171,69,232,84,119,94,108,183,245,205,132,86,107,137,156,67,152,85,74,77,51,161,179,93,125,111,202,89,110,66,145,160,80,110,159,135,16,219,10,161,239,138,84,116,199,255,205,135,109,161,123,130,217,241,124,120,157,39,120,152,98,177,103,173,83,78,211,39,245,255,194,178,162,152,96,56,116,84,57,158,136,177,160,141,101,0,247,147,232,255,247,122,141,74,223,252,148,100,153,0,77,96,231,83,159,255,32,112,255
170,0,170,72,181,112,140,150,140,178,157,126,82,127,113,84,62,108,178,146,63,209,78,130,121,131,203,220,207,127,97,77,117,132,52,158,82,113,93,19,171,169,84,175,105,252,106,135,101,105,184,3,110,141,116,12,229,60,141,247,234,84,36,221,255,154,166,82,195,153,119,219,234,149,142,163,29,154,187,86,152,93,210,84,85,202,70,180,255,255,165,156,185,90,18,178,10,126,181,188,177,191,172,123,0,200,166,240,255,230,143,75,32,227,225,82,122,145,0,68,30,205,98,192,255,0,108,255
171,2,162,79,187,108,129,134,150,175,156,135,73,132,98,91,78,117,158,149,70,205,115,126,93,119,195,214,185,136,83,90,122,148,52,174,83,72,114,36,150,152,93,160,131,219,61,132,105,162,189,37,116,133,137,25,204,54,128,253,187,85,59,191,255,188,149,71,165,153,152,214,241,145,90,161,39,94,155,46,188,150,213,82,67,215,88,228,255,220,185,163,142,107,80,164,44,121,182,189,170,157,170,63,0,255,123,252,255,178,87,110,92,231,255,123,148,172,0,79,37,232,67,209,255,0,82,255
174,6,171,72,179,108,118,147,130,193,164,121,70,115,99,85,92,165,152,157,60,209,74,121,128,118,224,238,195,139,75,93,99,120,59,147,109,88,123,70,188,197,58,148,55,238,43,113,124,111,218,7,125,171,115,62,214,35,195,247,248,115,54,220,255,151,92,81,159,147,102,208,222,147,121,143,23,12,183,28,177,92,172,61,58,196,192,237,255,255,188,129,171,168,50,196,0,168,255,255,110,205,193,92,0,230,98,121,255,255,84,45,29,253,119,101,83,224,0,142,77,167,58,249,255,59,0,255
172,1,177,64,185,135,129,155,129,187,144,155,66,159,114,107,43,161,167,149,75,221,61,163,95,134,210,253,178,125,102,97,129,166,30,153,69,160,120,0,179,189,92,160,128,237,99,146,133,103,215,11,75,179,109,27,243,79,168,255,253,39,132,255,255,182,149,113,213,141,166,229,218,113,169,174,22,83,179,58,162,81,182,83,87,204,133,204,255,255,190,175,184,86,0,182,5,144,227,255,142,225,202,120,0,217,189,254,255,255,85,87,47,248,175,116,30,150,0,40,115,255,146,233,255,0,146,255
174,0,176,66,178,113,132,166,121,190,131,124,88,123,108,59,47,134,171,141,92,223,52,151,115,115,198,251,182,130,101,92,89,124,52,154,78,137,128,44,213,203,67,151,126,227,85,137,99,94,215,20,68,174,105,15,247,36,141,229,214,79,112,234,255,147,130,102,196,100,121,236,216,139,168,179,0,77,181,72,170,87,182,80,116,186,110,189,255,255,170,159,189,90,0,170,46,121,222,243,152,193,206,122,0,235,187,200,255,255,111,123,85,242,153,77,75,193,0,78,90,255,85,161,255,0,160,255
176,3,169,71,198,109,134,151,138,148,166,142,67,165,115,85,111,188,118,140,53,197,85,169,91,95,203,237,181,133,104,111,134,158,54,170,102,112,82,61,123,168,85,149,113,227,58,180,93,192,174,1,103,185,129,30,217,0,215,252,127,99,167,223,255,183,106,170,170,75,182,247,255,134,129,166,72,34,79,52,171,115,165,113,93,189,164,255,255,211,179,124,217,126,68,180,30,85,255,220,172,255,255,74,0,255,98,194,255,255,136,236,28,192,229,140,44,195,0,68,149,255,34,110,255,0,123,255
173,2,167,71,196,114,123,157,130,171,169,134,68,154,106,71,97,167,134,139,67,196,81,147,98,96,224,255,178,118,98,107,134,113,55,182,72,144,82,51,145,177,91,122,94,241,57,141,100,147,174,0,98,200,117,15,224,0,216,229,164,79,124,255,255,171,128,130,157,117,176,245,209,131,177,174,52,16,97,65,170,103,158,78,114,187,134,248,255,255,196,183,151,138,50,209,51,111,255,255,185,231,255,98,0,255,151,158,255,255,150,191,1,156,233,114,88,131,0,45,110,255,100,147,255,0,156,255
169,2,156,68,201,112,127,134,141,179,173,145,68,135,117,58,102,154,149,144,64,183,100,125,110,108,237,255,182,107,100,75,130,126,48,193,74,110,49,35,132,173,86,173,81,251,50,142,135,163,176,0,113,157,90,11,206,5,208,240,157,138,52,246,255,158,159,108,153,151,175,230,203,141,141,175,66,38,111,56,189,122,225,116,96,163,165,249,255,190,218,191,171,187,66,255,28,144,255,255,224,222,255,63,9,255,104,150,210,255,176,234,15,153,255,42,176,129,0,80,53,255,110,117,255,0,220,255
173,2,172,80,161,105,107,139,146,210,128,130,55,119,74,82,31,129,162,112,76,251,80,123,153,114,201,200,148,152,120,47,93,115,27,175,95,106,116,33,163,166,85,152,162,255,44,133,94,182,202,15,117,174,109,33,229,82,67,255,255,76,84,255,255,147,150,95,195,186,39,196,192,117,133,160,0,149,227,17,74,217,213,85,99,255,158,171,255,255,173,245,211,110,0,135,11,213,255,237,100,236,167,189,0,252,130,146,255,211,182,115,0,154,183,115,38,238,0,131,52,147,205,112,255,78,49,255
171,1,171,68,182,123,121,158,137,184,154,143,84,128,99,79,57,141,156,147,81,219,70,137,133,123,225,231,181,116,102,90,101,124,52,143,85,125,99,23,195,228,90,165,137,249,87,147,86,120,193,0,59,162,122,9,204,29,155,249,220,60,87,255,255,148,150,93,187,150,111,242,183,118,156,158,7,88,155,61,175,113,184,22,82,220,129,203,255,255,210,157,142,92,11,143,3,127,233,255,134,200,180,67,0,232,156,188,255,241,102,75,34,227,154,164,14,150,0,65,120,255,99,240,255,0,120,255
174,1,165,77,179,95,128,160,142,157,159,88,100,109,90,71,64,125,160,155,78,216,92,110,105,106,191,231,209,108,77,105,122,118,70,138,65,85,104,38,188,179,79,136,75,209,53,136,40,133,167,61,135,141,121,43,186,15,161,239,175,66,59,227,255,181,141,69,170,153,88,254,210,119,115,144,57,89,153,55,166,104,148,19,28,242,41,203,255,255,155,147,134,86,77,91,45,108,203,206,167,176,123,71,0,255,152,204,255,255,130,71,84,236,197,115,99,162,0,90,54,207,68,215,255,0,79,255
173,1,160,77,183,107,123,147,142,180,153,110,89,110,85,69,86,119,166,154,67,208,115,114,120,112,208,229,197,101,70,86,118,107,74,140,52,96,91,27,181,191,79,149,103,218,47,122,70,160,148,52,118,160,120,39,192,23,168,226,178,93,61,235,255,166,140,81,155,178,126,217,188,107,120,153,23,97,152,27,180,124,189,48,73,233,73,243,255,241,179,200,113,92,82,122,62,113,211,217,186,178,174,79,0,255,115,176,255,224,159,66,57,255,200,125,104,128,0,73,74,219,42,255,255,0,43,255
177,6,178,73,179,112,124,165,119,191,148,114,88,118,97,68,48,151,157,154,73,255,33,131,83,126,163,251,171,126,96,123,145,140,101,156,35,139,142,41,183,195,101,112,109,183,102,145,81,83,213,70,126,186,115,0,255,80,106,255,255,54,167,236,255,203,149,87,210,122,140,188,195,162,161,157,0,98,185,85,107,77,155,66,120,188,90,230,255,255,181,130,193,166,40,161,41,150,161,217,172,144,106,113,0,255,236,255,199,255,55,91,74,196,136,163,105,170,0,40,62,208,166,99,255,0,162,255
174,1,164,70,183,118,131,153,130,189,151,125,101,120,96,57,53,141,164,154,79,221,92,135,115,113,220,255,185,106,79,83,135,108,69,141,47,110,94,33,168,219,76,176,127,227,72,142,100,150,160,42,93,171,112,29,199,16,166,255,207,87,89,255,255,181,159,116,151,159,127,222,173,119,174,193,22,94,158,53,181,120,224,71,78,185,111,242,255,246,221,147,133,124,45,137,64,94,198,246,202,204,209,77,0,253,182,220,255,240,161,84,20,206,172,154,38,87,0,43,153,255,94,213,255,2,146,255
170,3,169,81,197,135,118,151,143,201,163,165,68,159,108,110,58,166,170,138,58,192,89,151,61,124,232,237,159,146,114,83,113,163,0,196,105,170,122,33,132,173,107,197,123,255,53,142,179,131,184,22,150,164,86,23,194,63,219,255,255,88,95,255,255,166,103,105,156,143,154,233,232,173,176,220,14,92,156,78,144,129,236,65,38,199,161,245,255,255,220,177,232,134,0,231,5,205,255,246,130,198,198,106,0,252,101,255,221,175,139,97,38,192,206,139,55,215,0,121,119,237,152,132,255,30,97,255
169,1,172,69,195,132,125,157,134,225,152,150,77,137,127,95,59,159,180,145,78,212,79,164,97,133,179,231,197,141,122,83,98,177,39,188,74,161,134,32,167,187,111,160,126,219,92,163,161,72,205,16,117,146,87,0,242,113,109,255,255,106,170,187,255,165,130,87,232,132,170,203,210,188,165,178,0,78,217,97,122,62,216,83,128,200,135,227,255,255,177,218,244,167,2,243,35,225,214,249,171,193,243,114,0,255,172,198,255,201,131,155,117,255,186,83,224,216,0,47,0,179,136,144,255,36,54,255
171,2,176,75,187,125,114,160,117,227,132,140,88,122,99,65,27,148,194,122,105,215,60,142,104,127,180,208,166,111,112,100,65,143,55,169,33,166,143,39,196,195,66,167,111,217,87,131,110,33,213,30,128,166,91,15,237,78,94,255,255,73,108,250,255,163,164,74,232,143,120,196,175,119,195,135,0,127,200,77,92,101,220,66,139,200,138,191,255,255,131,219,194,162,0,177,65,245,226,255,204,177,197,138,0,255,236,181,250,255,98,134,83,206,147,65,154,224,0,60,0,209,157,214,255,0,79,255
174,1,164,73,185,118,116,141,130,211,153,132,80,99,108,54,57,149,167,142,98,228,82,115,123,123,209,239,171,131,93,76,121,110,63,191,47,123,76,68,162,203,86,175,99,214,77,139,131,122,186,56,145,152,108,1,212,35,172,251,255,119,72,251,255,181,159,77,153,143,138,189,193,136,152,168,0,92,178,46,127,125,242,69,139,206,124,255,255,255,181,219,189,186,20,180,62,212,227,255,194,165,163,83,0,255,135,204,219,188,123,177,0,184,213,89,143,141,0,85,54,229,168,175,255,36,120,255
173,3,156,89,193,100,106,144,140,198,162,97,87,98,90,59,96,121,153,154,87,200,122,72,128,125,201,212,197,144,86,72,113,100,83,159,58,101,82,53,173,196,103,149,87,184,54,98,56,130,135,123,147,155,135,21,166,23,184,204,183,143,15,195,255,181,171,86,114,218,111,211,164,135,152,167,43,166,155,57,136,101,180,33,105,236,31,249,236,235,190,237,111,141,83,166,86,157,182,202,194,150,140,84,4,255,92,167,233,181,160,105,53,229,204,109,165,133,0,78,38,220,54,237,255,27,0,255
173,3,163,78,182,119,110,136,127,222,153,138,82,95,91,69,65,126,157,142,95,225,95,95,135,132,204,216,179,147,91,77,94,106,61,175,75,83,114,72,186,222,80,154,100,223,52,109,116,101,191,45,112,171,134,19,176,47,150,240,255,119,32,211,255,172,144,75,131,191,115,192,170,159,139,176,4,108,210,36,146,142,243,49,157,216,132,248,255,255,230,255,136,184,29,184,45,200,224,255,165,158,176,98,0,246,145,141,250,205,91,106,26,217,169,124,140,160,0,99,49,197,104,226,255,45,0,255
171,1,161,83,197,130,111,138,135,227,152,151,78,123,107,80,68,155,160,142,69,212,94,153,120,136,207,186,161,120,122,97,84,169,53,187,63,147,114,36,165,178,72,192,112,214,48,163,148,92,182,64,159,149,93,37,203,107,157,255,255,89,107,208,255,213,125,89,179,158,168,173,164,183,108,165,2,83,211,72,111,125,233,82,131,222,127,223,255,255,191,255,182,185,25,200,35,227,224,246,152,193,217,62,0,236,169,155,234,164,140,186,39,255,220,92,196,168,0,90,0,253,163,190,255,27,12,255
164,2,161,101,164,84,92,111,154,179,131,85,97,120,44,19,28,80,184,111,80,202,158,62,136,128,222,117,172,159,117,119,145,106,62,205,108,101,80,12,175,108,81,159,122,251,74,102,125,93,148,17,200,79,83,75,180,94,111,255,188,98,0,223,227,175,225,65,119,161,97,217,254,124,138,88,66,187,196,74,148,181,251,122,101,196,0,228,204,255,173,234,92,141,115,209,93,123,179,174,176,55,96,130,35,233,194,247,230,178,249,205,0,104,255,115,154,175,0,79,0,157,75,255,136,160,26,255
174,1,166,70,170,101,116,143,124,199,137,119,80,108,94,47,42,138,182,144,98,226,91,100,138,126,194,229,170,110,69,69,113,92,81,154,41,82,121,45,166,208,68,148,113,222,97,122,91,155,178,28,111,145,105,28,215,29,126,223,237,103,52,255,255,164,170,51,158,129,98,176,202,107,121,144,0,88,188,26,134,152,215,53,90,206,131,222,255,255,152,139,172,125,9,146,96,180,222,253,193,155,143,95,0,255,151,220,226,255,100,101,36,178,191,75,110,158,0,158,33,246,155,254,255,44,155,255
175,1,165,75,195,129,115,143,136,204,161,154,88,115,116,91,78,145,154,154,87,226,79,137,116,128,198,224,184,125,104,96,85,151,67,151,55,139,104,60,165,225,80,174,110,195,63,147,127,93,175,72,118,157,110,28,201,82,166,255,255,89,92,204,255,207,154,80,192,155,158,203,175,162,95,170,0,86,170,43,145,100,221,26,123,231,141,255,248,254,186,237,158,160,23,183,31,197,198,255,165,159,184,44,0,255,130,186,255,178,74,131,56,255,194,120,133,175,0,64,89,255,104,190,255,0,0,255
175,2,155,88,191,101,107,152,123,203,152,117,87,119,99,62,81,107,155,151,87,211,104,98,134,123,159,192,189,105,103,103,92,120,91,114,57,106,126,41,196,226,83,151,117,150,63,90,54,116,145,103,135,131,150,35,176,33,148,255,241,66,78,218,246,217,151,44,143,208,133,215,119,164,84,125,54,149,157,86,138,99,157,10,66,204,77,227,206,233,190,189,72,139,74,128,120,163,159,213,206,127,134,23,0,231,149,179,166,241,138,141,147,236,166,89,182,145,0,86,0,207,45,255,255,0,0,255
173,4,163,78,188,115,126,135,150,173,164,148,75,138,120,97,79,120,146,164,61,225,88,124,119,128,199,220,193,117,99,93,118,152,69,154,90,110,100,34,182,216,73,180,133,226,75,134,98,161,164,31,88,132,125,47,199,59,157,252,220,69,61,189,255,208,173,60,188,133,150,240,210,155,53,161,34,99,154,35,193,117,204,59,90,242,114,234,241,209,195,197,125,133,56,184,25,97,174,213,167,185,197,38,0,255,125,215,255,196,92,100,67,235,234,148,82,139,0,42,116,247,20,217,255,0,27,255
171,1,161,81,180,102,116,141,141,166,153,119,85,109,83,59,68,121,156,150,66,232,106,112,122,118,211,219,190,114,82,93,135,91,76,148,89,85,78,18,180,195,99,159,116,226,65,137,76,145,156,45,124,134,117,29,186,20,129,216,175,89,15,248,255,172,175,83,153,174,95,250,185,142,122,142,76,131,154,30,137,109,183,45,75,227,57,214,255,255,176,195,107,100,80,139,76,135,202,242,200,166,147,70,0,242,168,190,255,215,154,89,0,162,218,111,93,131,0,39,58,209,69,215,255,30,98,255
174,0,165,74,172,96,119,161,134,178,157,100,96,100,92,70,59,109,158,157,76,244,92,111,135,114,183,229,210,109,87,95,119,101,66,125,82,90,94,38,216,210,82,125,97,214,47,113,46,113,160,41,105,144,126,31,191,22,144,233,189,52,57,225,255,165,150,74,166,169,80,255,197,140,132,156,43,106,169,73,180,112,155,0,61,253,40,194,255,255,196,183,110,98,55,122,64,107,201,228,179,170,139,85,0,238,170,188,253,255,155,73,90,222,166,116,111,169,0,87,41,203,51,204,255,15,95,255
174,3,160,83,182,97,116,153,128,189,160,104,96,98,95,74,68,100,136,152,87,252,98,94,127,115,175,226,195,129,91,92,113,98,80,137,81,80,104,43,198,211,99,145,90,195,58,101,70,112,155,93,120,147,134,31,177,19,122,211,219,79,42,214,247,198,133,62,113,181,88,247,172,164,121,167,54,134,192,86,154,102,175,13,73,236,46,221,246,237,221,208,90,138,69,141,91,145,162,212,176,128,113,68,0,224,150,198,208,213,130,93,91,219,185,108,145,151,0,55,60,174,55,182,255,13,0,255
174,2,162,85,181,98,117,154,129,184,151,103,96,108,88,71,68,104,148,152,74,241,93,104,124,121,172,214,191,120,105,96,117,102,84,131,81,91,104,22,199,201,100,144,110,182,67,98,62,112,156,98,122,156,134,29,192,26,134,230,212,70,61,214,239,203,133,68,139,179,98,245,175,168,122,160,66,160,184,86,141,84,156,29,63,223,21,212,253,249,194,193,87,115,60,135,95,127,144,193,179,146,108,65,0,204,179,207,200,229,128,84,95,209,184,114,123,156,0,41,44,211,82,208,255,16,30,255
175,3,162,87,184,99,125,157,121,192,141,101,100,108,82,72,69,100,151,141,79,226,96,92,129,124,165,206,200,133,115,92,98,93,79,131,79,84,122,34,189,201,92,150,119,177,64,99,66,110,167,107,124,158,148,18,179,3,127,224,238,84,50,219,206,192,109,87,123,198,91,233,182,191,125,164,75,190,169,83,138,107,167,58,57,208,28,210,255,218,201,175,103,110,55,95,88,142,152,180,164,139,86,77,0,161,190,196,200,219,128,90,78,171,160,105,96,123,0,46,41,184,70,207,255,0,0,255
173,3,157,91,185,92,118,154,128,182,160,96,106,107,95,71,76,102,144,157,78,237,95,95,116,128,159,207,199,134,103,91,115,117,81,129,101,84,102,26,194,207,104,159,114,159,70,108,54,118,150,122,124,152,156,24,170,19,140,237,200,79,46,207,209,205,123,85,122,181,97,234,189,171,96,189,81,197,165,90,147,83,171,35,41,212,24,223,236,195,197,164,107,119,52,129,102,140,121,157,163,129,90,64,0,186,175,217,200,205,142,79,100,212,173,126,134,148,0,52,59,190,69,173,255,13,65,255
173,3,158,88,185,90,120,161,124,180,152,97,113,103,96,70,70,108,150,160,82,237,84,102,122,120,153,217,212,118,104,86,112,114,76,124,108,85,107,27,189,216,99,151,121,158,74,123,54,121,162,111,127,154,152,12,184,7,117,242,210,101,49,222,202,179,118,92,133,151,93,245,189,180,92,182,92,189,156,97,133,96,166,51,16,193,35,228,251,184,174,138,121,108,34,104,101,164,125,167,155,110,81,72,0,196,176,197,218,210,143,100,103,189,161,96,140,161,0,36,57,184,84,149,255,0,105,255
172,4,155,90,184,78,114,161,127,181,166,84,109,92,109,59,73,100,136,167,92,251,83,91,132,119,146,222,209,124,102,90,119,112,89,128,124,74,87,37,201,228,110,155,119,146,80,112,55,134,152,103,111,150,160,3,176,16,111,227,187,103,43,217,195,176,138,84,119,146,82,240,195,168,83,192,93,171,148,109,140,102,160,33,11,197,42,231,231,166,193,151,127,140,32,143,102,165,109,166,150,101,89,81,16,224,148,193,198,220,159,102,105,213,169,85,161,154,0,70,57,155,79,123,255,32,146,255
169,4,155,98,178,80,96,145,113,206,145,95,123,113,89,50,60,105,167,137,91,205,82,87,110,151,164,201,203,112,73,125,116,122,98,144,113,86,112,8,198,189,111,165,81,178,55,68,54,91,159,110,175,143,116,66,192,46,137,255,210,135,47,251,175,219,132,54,163,126,109,228,216,134,90,138,45,158,184,88,143,35,197,106,62,171,72,254,255,252,192,153,126,82,52,147,142,201,98,186,144,104,86,13,0,216,218,129,183,255,150,114,88,175,210,115,141,189,0,93,27,176,131,200,255,61,76,255
175,8,146,96,214,76,77,129,148,174,151,51,120,147,101,35,109,238,196,193,0,208,99,177,69,152,150,185,123,68,193,131,106,82,139,130,139,120,184,136,115,174,31,144,123,163,132,92,123,110,126,93,129,77,86,150,125,106,113,206,130,121,121,97,174,168,81,124,144,135,146,112,127,188,138,154,132,137,93,168,99,193,152,130,91,102,138,202,146,88,63,145,95,112,110,171,88,50,122,210,206,122,120,114,106,183,84,114,171,129,178,136,67,136,72,55,147,184,48,217,101,116,100,84,171,147,69,255
175,8,146,96,214,76,77,129,148,174,151,51,120,147,101,35,109,238,196,193,0,208,99,177,69,152,150,185,123,68,193,131,106,82,139,130,139,120,184,136,115,174,31,144,123,163,132,92,123,110,126,93,129,77,86,150,125,106,113,206,130,121,121,97,174,168,81,124,144,135,146,112,127,188,138,154,132,137,93,168,100,193,152,130,91,102,138,202,146,88,63,145,95,112,110,171,88,50,122,210,207,121,120,114,106,182,84,114,170,130,178,136,67,136,72,55,147,184,48,216,101,116,100,83,170,147,69,255
167,2,157,99,186,106,131,126,147,159,143,138,78,147,94,82,59,115,153,144,55,208,134,121,96,145,195,165,193,118,109,95,152,164,47,155,129,113,83,15,189,181,96,222,149,218,54,140,100,165,122,77,122,117,123,74,161,77,121,247,155,108,49,244,220,199,185,75,132,153,111,250,211,145,79,123,104,204,160,27,138,147,206,150,51,191,43,255,255,240,173,170,118,83,71,157,93,125,162,173,215,221,167,87,18,198,155,255,255,194,187,117,23,185,255,171,85,120,0,20,80,210,12,255,204,31,150,255
173,0,169,77,155,90,133,130,169,134,112,118,49,124,69,96,38,105,180,130,32,253,122,122,115,108,179,185,189,133,148,45,132,134,0,153,115,76,102,10,154,138,88,144,171,255,44,147,77,153,191,0,78,75,46,22,217,59,37,255,175,36,17,254,195,136,164,122,210,194,98,250,255,123,139,134,82,201,245,8,134,240,181,154,7,223,83,184,255,255,137,136,170,0,45,57,0,145,255,255,112,255,125,185,0,73,145,165,255,183,215,228,0,114,198,93,63,242,1,128,18,255,92,202,162,20,184,255
176,7,172,80,178,95,137,143,142,149,131,118,75,136,88,100,64,127,139,132,46,207,106,115,92,115,204,198,196,147,104,106,116,146,20,159,127,78,112,59,173,143,87,171,120,236,58,145,75,126,193,32,85,140,111,56,196,27,141,238,195,54,16,228,236,149,120,129,164,152,94,242,255,176,138,134,93,147,140,25,193,189,192,138,40,176,135,193,242,192,182,118,135,51,33,115,0,82,229,181,125,214,108,127,0,128,127,231,255,241,134,129,49,157,163,64,4,182,0,98,137,250,39,221,246,0,55,255
184,3,166,73,164,78,130,174,109,210,86,79,103,93,61,36,28,111,160,105,127,232,91,70,164,65,171,255,170,123,109,74,47,0,75,114,56,77,178,110,175,227,13,100,116,211,75,111,56,84,181,72,110,189,121,28,214,0,62,166,255,96,42,255,163,158,110,65,117,139,102,240,172,190,163,182,0,82,191,0,156,242,193,97,80,170,149,161,255,205,150,151,141,116,40,13,61,138,244,231,159,166,134,173,0,144,255,168,255,255,219,150,88,0,48,30,57,140,0,75,111,217,0,175,255,0,34,255
172,6,166,81,187,97,132,143,127,166,157,132,75,134,104,83,92,107,119,144,53,219,101,116,101,124,191,204,174,146,99,111,145,131,66,156,107,96,90,31,166,175,104,158,122,224,86,130,74,159,144,26,96,160,128,25,190,13,143,211,184,80,79,223,255,170,133,97,119,139,129,218,233,190,126,173,63,138,123,72,170,110,198,108,84,167,106,228,249,169,232,149,120,134,43,217,60,96,177,169,188,185,157,93,0,195,148,255,239,255,130,110,71,155,255,89,72,136,0,48,110,212,82,146,255,0,111,255
177,3,168,73,164,82,131,149,141,157,125,94,94,102,79,55,46,87,170,141,74,223,97,93,142,99,204,216,206,117,90,86,97,104,31,131,105,72,110,72,210,174,35,152,108,224,62,137,44,118,188,7,107,112,85,60,200,4,128,240,215,51,0,220,206,111,166,85,214,169,58,247,249,167,111,137,67,130,168,33,197,237,179,76,20,217,73,163,255,219,134,158,129,24,8,45,0,100,246,183,175,184,115,139,0,161,178,187,255,255,164,131,56,128,149,34,59,155,0,100,94,255,72,210,252,0,86,255
176,5,171,67,172,88,111,128,140,167,147,125,66,112,87,82,68,170,161,161,41,212,113,148,104,127,233,215,187,174,82,82,117,130,38,113,141,58,112,81,163,148,56,150,95,217,78,124,143,88,251,16,111,93,112,84,215,37,157,222,190,79,0,221,255,109,117,102,212,154,101,182,255,144,142,112,101,26,123,15,220,169,210,99,0,160,241,206,255,255,137,54,144,151,50,102,0,144,255,255,96,165,155,98,0,189,78,195,255,255,46,69,0,165,94,5,41,255,0,182,106,217,0,255,255,66,16,255
174,2,169,67,159,87,118,140,142,178,126,117,59,115,86,51,28,120,151,135,74,223,84,122,137,115,210,246,157,146,104,77,127,92,32,160,121,74,103,48,181,179,70,143,155,255,78,101,68,150,224,0,54,131,108,24,224,0,124,239,190,64,11,255,255,117,163,88,177,141,130,205,236,137,161,144,47,70,170,27,194,202,186,107,64,191,164,180,255,255,218,125,147,93,13,90,0,97,253,255,116,215,149,124,0,213,130,210,255,255,114,166,41,109,153,43,41,203,0,132,97,255,130,242,255,76,210,255
180,6,175,69,153,82,112,156,132,206,104,78,72,85,73,45,25,141,136,125,99,255,63,75,189,108,208,238,119,165,116,88,81,40,68,158,91,91,108,79,189,224,46,146,161,221,128,156,48,153,184,50,57,164,147,60,229,2,98,215,250,63,67,253,219,135,187,101,186,135,42,164,161,151,140,146,0,167,193,31,69,220,171,62,83,254,165,124,255,255,182,243,195,88,0,96,0,148,232,209,88,255,131,125,0,198,215,175,255,255,244,103,0,45,100,15,10,172,0,183,143,253,218,98,255,35,64,255
175,2,178,66,164,106,117,147,128,181,136,127,74,119,88,71,43,158,154,138,76,238,66,142,129,109,228,233,177,153,93,88,101,97,30,152,118,120,111,54,192,196,62,136,132,253,73,137,105,79,234,0,55,174,114,42,229,11,156,240,211,41,61,248,255,124,126,136,189,123,101,224,251,122,177,142,0,47,181,17,191,141,206,57,98,197,178,196,255,255,167,161,161,103,0,124,0,128,255,255,99,196,174,141,0,188,179,193,255,255,95,74,0,167,100,92,0,243,0,128,149,255,118,247,255,70,126,255
171,9,170,78,195,107,152,134,131,190,127,164,51,141,110,101,62,112,127,133,44,193,105,86,101,151,177,195,189,176,105,107,137,180,14,179,116,88,127,74,159,145,58,201,124,203,58,116,138,149,167,0,100,148,138,15,187,61,139,235,219,106,22,228,214,125,168,108,164,154,145,204,255,242,109,119,79,141,93,87,196,178,207,204,106,112,123,233,237,165,241,174,175,129,13,232,0,153,250,188,159,162,152,148,0,180,121,255,242,215,129,202,81,100,190,73,91,108,0,0,46,61,35,159,233,0,78,255
172,3,161,76,160,80,100,135,132,210,152,106,71,93,78,24,44,107,131,146,81,248,111,98,156,107,203,236,145,140,90,84,144,58,77,173,129,71,84,55,208,222,103,151,143,247,66,101,74,132,172,5,79,132,119,30,196,23,84,232,215,75,8,251,255,126,203,86,126,187,56,174,161,169,188,144,27,123,188,63,151,180,221,61,100,219,146,197,255,255,255,204,114,185,67,198,99,133,203,242,213,163,164,121,0,255,150,172,231,255,178,130,33,90,172,46,143,173,0,138,21,170,130,184,240,123,130,255
175,5,162,81,148,73,100,106,140,228,103,125,21,95,45,60,37,84,106,140,47,255,139,76,140,115,158,164,115,176,115,40,148,94,56,181,173,43,130,43,180,157,87,135,239,241,0,103,67,146,186,3,52,141,108,59,188,102,0,255,207,20,44,190,237,141,160,130,183,255,68,151,192,159,90,127,6,149,250,0,153,255,218,120,83,230,192,162,255,255,255,255,113,115,19,149,0,190,208,251,89,169,149,157,0,144,105,120,255,229,159,141,102,108,151,51,93,196,0,201,8,181,188,139,255,120,103,255
170,0,167,77,165,99,128,124,165,123,111,148,51,152,63,86,40,97,165,116,15,244,126,152,94,116,206,158,169,98,142,64,180,94,36,119,70,106,62,0,146,108,99,170,199,255,84,126,106,204,146,0,63,96,59,49,210,73,72,249,143,14,33,255,255,164,212,80,187,193,143,223,255,102,186,75,142,188,157,2,113,228,176,92,1,180,82,178,239,255,140,88,107,0,87,102,27,81,250,255,177,232,126,117,0,106,162,255,255,191,171,139,0,153,209,158,0,222,0,73,106,255,127,255,255,0,244,255
177,5,167,73,172,93,119,159,127,196,116,92,86,111,59,63,31,135,132,121,69,229,97,90,157,91,213,247,123,152,123,93,118,62,62,154,100,68,99,79,147,203,86,143,159,220,70,107,47,136,170,51,32,191,112,45,210,12,108,232,214,33,71,255,220,156,142,130,142,185,64,180,152,155,208,162,56,163,187,76,135,218,182,88,53,202,174,161,219,224,246,159,144,97,15,120,21,81,214,188,134,218,140,97,0,142,235,194,255,255,189,129,68,76,110,96,4,119,0,117,125,250,154,137,255,0,24,255
177,1,167,81,156,79,111,167,122,202,104,64,89,85,42,24,24,113,143,121,104,255,97,62,172,96,173,252,140,133,123,97,99,24,58,174,111,80,117,57,215,209,75,115,139,193,66,91,37,94,166,69,80,195,122,8,208,0,67,196,216,74,60,238,169,165,151,131,126,176,54,209,139,141,190,180,4,170,218,55,96,163,133,55,94,246,69,153,255,255,183,227,139,55,36,80,90,144,169,177,158,245,125,168,0,163,255,145,255,255,255,130,50,81,115,90,124,102,0,71,43,253,147,134,255,28,77,255
179,3,170,74,161,76,115,169,104,231,107,86,96,74,70,15,24,91,159,105,127,227,71,68,169,83,190,255,174,128,71,95,58,0,87,160,63,71,139,105,219,204,5,124,107,239,39,96,63,97,219,31,87,180,129,47,221,0,66,179,255,101,0,246,225,105,147,72,119,123,68,208,182,192,194,138,1,82,181,30,161,225,181,41,132,226,147,121,255,255,199,177,154,165,72,65,93,142,251,229,176,121,123,135,0,254,250,159,227,255,164,156,76,12,89,52,123,196,0,140,35,130,20,190,255,0,33,255
175,5,178,65,177,117,135,144,132,193,138,144,85,113,112,65,37,116,158,143,62,230,58,141,107,141,210,222,187,164,100,82,102,156,24,145,100,109,125,30,180,168,82,170,128,237,128,162,125,63,238,0,52,122,69,0,219,61,113,242,255,52,0,254,249,146,156,132,206,156,108,216,255,221,170,210,26,110,203,80,197,121,233,122,112,166,133,178,255,197,240,164,163,109,0,145,0,124,212,224,115,212,150,150,0,102,176,206,255,228,122,191,33,142,109,87,11,154,0,60,120,213,77,173,255,2,75,255
176,6,182,75,170,113,112,157,114,242,120,130,83,94,80,77,33,138,151,126,105,255,72,100,160,128,202,208,164,159,96,91,70,107,46,169,72,129,123,61,214,167,52,183,145,226,76,149,148,88,191,36,145,180,114,33,218,93,65,255,255,113,101,216,255,157,150,117,131,161,80,196,189,176,158,179,0,185,175,55,76,178,198,48,158,255,119,158,255,255,212,255,200,146,12,133,0,223,197,255,119,203,114,165,0,237,226,211,255,210,203,87,0,145,137,93,79,179,0,63,48,170,255,101,255,68,20,255
172,6,178,76,174,110,126,146,140,200,135,143,60,128,95,95,41,147,155,131,59,241,84,134,116,144,231,211,162,178,118,70,101,143,2,185,125,115,108,35,189,159,87,219,143,255,71,171,147,142,201,0,112,157,80,40,190,73,167,255,255,102,62,231,255,116,114,103,181,134,107,221,251,212,189,193,27,136,194,53,144,155,207,130,92,212,142,164,255,255,201,188,244,118,0,218,0,179,255,243,102,255,153,160,0,194,175,247,255,180,158,78,0,138,166,95,40,240,0,68,103,212,234,154,255,153,143,255
174,2,173,71,189,133,130,162,122,213,128,161,78,124,90,87,39,135,156,129,81,255,62,142,130,130,197,222,160,135,139,76,64,135,38,132,64,124,132,10,186,222,61,188,172,235,118,142,156,73,209,35,64,206,115,0,206,81,113,255,255,83,133,245,252,204,138,106,158,172,156,205,155,163,180,203,0,157,172,87,127,111,205,105,142,197,160,176,255,247,219,199,211,128,14,203,0,181,212,255,132,218,187,120,0,165,254,224,255,189,160,130,74,202,141,144,91,159,0,28,86,255,148,147,255,0,64,255
172,1,171,76,183,123,131,146,132,203,112,160,68,133,74,85,33,96,158,123,81,231,100,146,117,104,196,202,159,149,161,88,85,121,7,158,73,109,153,0,155,168,94,130,197,237,76,131,152,68,209,19,55,151,87,0,220,37,40,255,255,18,64,248,222,162,137,121,180,215,125,224,189,202,196,154,53,172,221,72,137,176,220,133,116,173,82,181,255,244,238,237,111,100,44,156,50,190,229,255,183,188,156,130,0,107,252,191,255,175,145,180,78,103,187,74,132,140,0,0,31,240,102,227,255,0,42,255
174,4,172,79,180,103,125,160,119,208,134,115,102,101,104,53,62,118,173,141,107,205,82,93,145,129,192,206,197,145,74,73,81,128,49,143,91,101,106,80,215,200,69,199,91,205,125,129,82,96,187,59,124,151,144,0,193,19,174,228,255,128,16,235,255,147,156,58,156,143,98,206,183,176,140,165,12,185,144,106,143,91,206,55,108,162,122,198,234,255,166,160,143,112,0,120,47,136,180,190,143,124,117,115,0,203,162,209,253,222,122,102,49,172,112,69,87,185,0,58,46,212,136,217,255,7,32,255
172,3,171,78,180,109,115,148,125,194,163,117,83,110,94,74,82,136,163,155,78,201,93,108,120,123,208,207,187,144,55,96,116,108,73,155,89,118,100,48,191,198,82,146,107,206,62,134,59,112,181,49,114,167,148,49,211,30,170,231,216,77,31,224,255,139,162,99,171,146,83,198,202,144,134,154,5,125,167,43,159,81,180,17,99,218,95,230,255,255,204,183,123,112,44,147,58,155,198,207,144,142,152,72,0,230,149,187,255,255,99,23,31,208,166,119,97,181,0,104,51,234,73,243,255,0,58,255
173,7,162,85,173,96,112,125,136,218,119,97,69,94,75,81,66,120,166,137,83,191,131,72,137,133,181,210,153,161,90,84,95,81,70,149,104,40,126,69,147,178,82,123,119,209,44,107,65,135,203,103,136,133,156,51,203,19,69,200,249,105,0,254,209,138,132,79,129,211,64,188,193,169,110,149,58,131,223,17,161,181,218,122,39,188,117,201,255,246,242,175,92,120,67,104,45,169,182,229,105,127,95,87,0,189,121,134,255,227,69,59,90,111,139,42,122,140,0,106,28,146,8,255,255,0,0,255
169,4,153,83,194,112,110,110,131,217,163,167,34,117,111,82,113,129,132,155,71,203,110,86,145,129,199,212,176,155,107,72,124,147,11,210,117,118,63,49,118,185,56,153,127,198,65,136,154,177,163,37,144,147,198,13,179,24,158,255,216,177,28,207,255,182,179,106,126,196,163,168,191,191,32,143,16,105,145,29,149,162,236,114,156,178,144,255,255,214,198,255,173,187,58,251,38,246,255,206,194,156,236,113,0,252,86,190,146,202,196,207,15,182,255,95,255,105,0,122,0,73,64,96,250,34,62,255
161,1,145,103,152,58,67,73,147,255,109,78,44,95,47,53,102,102,108,114,92,150,127,0,187,126,158,171,104,92,165,0,173,69,110,201,164,0,2,0,122,241,55,0,214,255,118,124,45,247,255,11,255,207,148,61,211,34,0,226,168,183,13,182,48,75,64,194,94,156,17,53,244,51,73,0,0,255,255,142,172,255,255,181,201,234,2,76,255,255,136,255,0,37,51,200,166,255,165,85,134,194,177,171,0,208,40,0,255,255,221,255,0,118,255,255,255,181,0,255,76,64,0,255,255,12,27,255
168,0,173,74,183,120,126,145,133,194,143,153,77,140,115,70,39,127,189,140,63,207,67,157,94,146,192,205,178,123,123,83,128,166,49,173,85,155,98,5,182,171,119,173,138,238,138,149,145,83,209,7,117,115,87,0,255,106,94,255,255,70,72,255,255,161,173,55,231,140,141,183,240,166,174,155,42,176,199,98,90,76,222,95,74,171,128,171,255,255,164,151,223,124,0,215,84,188,161,223,202,169,176,147,0,201,182,255,255,229,133,113,32,221,203,56,137,179,0,32,0,167,144,191,255,21,184,255
172,4,172,78,187,131,125,144,130,193,144,152,90,127,99,75,29,136,167,142,66,240,77,139,83,138,219,235,165,134,128,88,126,150,40,166,86,136,101,17,190,196,105,192,134,229,95,149,149,81,191,52,98,141,72,18,185,70,151,255,255,62,73,255,255,186,141,88,165,137,149,205,207,153,187,217,86,153,210,106,142,89,232,101,74,167,141,204,255,255,248,206,181,139,6,192,11,176,203,255,153,214,169,88,0,158,231,255,255,201,93,105,28,223,181,169,49,154,0,43,114,255,157,198,255,55,104,255
178,8,160,86,184,92,128,165,115,208,119,79,114,105,82,61,57,111,170,130,116,204,93,79,123,88,158,235,198,113,105,108,64,88,62,116,40,100,159,85,170,195,36,147,88,161,51,99,63,97,173,101,131,164,133,26,189,0,102,234,255,74,53,255,164,194,123,70,111,188,118,241,167,195,131,157,46,105,146,73,176,179,172,71,29,188,100,180,206,181,161,171,97,135,64,61,82,153,177,184,176,156,103,127,0,184,219,177,222,255,190,141,148,97,104,40,109,106,0,68,19,165,69,212,255,0,0,255
166,8,161,103,148,66,95,117,161,211,130,111,7,134,9,67,0,57,109,128,86,255,168,53,60,105,206,185,132,191,172,52,222,63,0,255,203,93,104,0,174,101,89,119,217,255,0,75,205,177,140,0,78,120,48,60,149,24,0,255,157,50,0,229,255,70,159,152,99,223,58,255,234,132,236,171,161,164,255,11,125,255,176,93,22,255,89,161,255,255,255,255,104,159,41,172,37,210,255,255,150,255,255,255,0,181,183,154,253,240,255,255,44,4,255,144,155,255,0,150,134,127,74,73,194,211,15,255
179,6,161,78,156,57,127,166,147,167,126,21,129,65,74,56,34,132,121,147,83,255,101,88,138,69,167,255,190,135,120,98,115,67,7,145,164,104,56,125,221,218,60,120,61,178,55,153,44,73,111,104,91,144,98,79,173,0,90,211,169,29,61,255,112,139,145,140,170,105,0,249,226,172,166,180,0,120,187,70,183,227,202,108,0,211,107,229,210,232,136,255,149,71,29,104,24,136,249,171,152,229,141,197,0,165,250,150,255,255,255,118,33,69,13,40,95,192,0,107,167,142,65,12,225,42,123,255
178,5,162,79,168,74,136,168,136,174,136,59,127,72,74,74,45,108,127,162,73,255,113,72,124,96,161,255,225,126,93,80,115,81,22,125,134,76,99,86,213,210,53,145,56,201,38,140,60,82,127,115,108,153,114,71,139,0,116,214,200,70,12,243,172,152,120,147,118,158,2,255,194,211,159,196,71,153,185,96,189,179,189,72,0,217,79,218,217,190,200,234,118,79,54,81,19,128,198,165,131,153,101,151,0,149,226,146,251,247,255,99,74,103,59,57,110,177,0,54,149,145,70,55,220,5,33,255
178,5,163,79,166,72,133,164,136,195,127,54,103,75,73,62,45,107,140,157,96,248,111,42,148,90,161,255,198,132,84,73,92,69,31,136,138,60,118,118,202,210,27,136,62,201,37,111,52,80,167,82,117,152,151,45,148,0,133,198,218,78,0,219,184,145,121,122,109,167,31,255,188,176,120,175,55,103,186,92,208,199,173,85,22,216,114,202,255,187,211,227,132,101,43,66,2,117,203,177,107,165,125,155,0,170,185,98,255,255,234,100,116,133,41,51,162,142,0,91,89,118,43,97,250,13,0,255
177,6,164,81,177,83,145,170,131,184,141,63,113,100,80,80,60,118,141,151,89,227,110,56,121,90,155,238,220,132,87,74,101,89,34,137,111,77,125,100,178,187,28,138,55,192,43,124,47,90,149,86,127,186,155,44,153,0,159,222,227,69,24,233,189,163,120,122,110,158,44,255,186,184,126,186,81,138,166,105,194,170,163,62,3,195,75,207,203,173,207,193,130,99,49,70,27,116,201,141,112,135,120,146,0,142,205,141,249,255,213,104,120,125,71,93,129,123,0,66,87,148,65,106,255,0,1,255
183,5,168,77,171,78,149,180,114,172,121,63,120,105,85,85,40,141,155,137,90,237,82,81,111,67,152,255,233,108,87,91,82,79,35,127,95,97,145,109,190,194,0,134,62,195,35,140,76,77,190,89,135,213,152,74,195,0,133,225,240,76,69,240,152,181,76,144,131,100,84,255,238,180,125,166,39,83,155,44,206,209,171,109,37,202,96,189,240,205,79,148,160,70,36,11,24,103,221,152,114,156,118,216,0,153,244,162,220,255,236,155,73,64,67,94,73,185,0,65,137,166,14,120,255,0,84,255
180,2,170,79,172,84,145,178,115,148,137,76,114,116,87,86,58,145,156,156,85,246,64,95,98,89,147,255,232,113,88,88,91,108,41,143,97,71,141,57,174,193,32,128,78,194,69,136,77,99,205,83,127,219,162,37,192,0,181,241,190,77,65,222,220,209,68,156,156,101,116,255,242,134,98,178,64,137,148,68,171,107,140,64,46,198,68,209,255,218,70,114,178,21,39,15,36,102,201,143,99,122,88,171,0,154,243,198,202,255,165,117,48,138,121,120,96,182,0,61,145,245,87,127,255,0,148,255
178,1,166,85,173,75,135,180,113,155,146,78,129,116,78,85,58,146,159,163,89,246,81,94,100,109,130,250,249,100,81,95,92,146,36,144,101,53,149,22,158,177,41,147,62,186,59,103,85,83,167,99,136,220,141,27,170,0,193,255,162,103,55,207,241,234,40,165,149,108,112,255,255,84,59,193,92,147,125,80,181,56,156,53,24,199,81,253,255,226,80,103,193,34,52,13,77,124,168,158,83,91,86,144,0,186,247,179,180,255,167,108,76,171,148,117,116,210,0,95,124,229,116,113,255,10,138,255
178,1,166,83,175,72,134,181,116,158,157,78,130,113,77,83,60,151,150,176,91,242,84,89,96,110,118,255,247,101,81,102,101,164,39,148,105,36,154,24,143,175,43,140,67,180,58,92,83,99,166,89,133,224,134,8,163,0,200,255,148,106,66,198,255,236,28,183,144,102,104,255,255,82,56,195,90,124,105,110,211,41,140,44,10,195,89,255,255,205,108,94,204,45,55,21,72,137,148,153,64,82,70,128,0,217,224,163,192,255,159,105,95,203,153,113,134,192,0,105,127,211,146,78,255,44,159,255
169,7,157,101,192,96,137,139,119,176,143,114,101,128,104,95,92,121,152,136,66,197,95,89,107,143,152,171,209,148,134,101,105,138,81,141,108,99,113,52,159,233,113,206,112,187,50,115,90,152,128,121,110,140,173,65,188,24,85,232,215,144,97,227,150,160,122,61,146,176,92,233,190,202,91,109,86,244,201,43,112,120,215,121,36,141,72,255,207,201,170,117,92,119,83,158,89,164,132,128,214,175,131,64,30,125,212,207,160,255,177,118,62,84,203,116,95,118,0,0,45,103,44,191,222,0,61,255
175,8,146,96,214,76,77,129,148,174,151,51,120,147,101,35,109,238,196,193,0,208,99,177,69,152,150,185,123,68,193,131,106,82,139,130,139,120,184,136,115,174,31,144,123,163,132,92,123,110,126,93,129,77,86,150,125,106,113,206,130,121,121,97,174,168,81,124,144,135,146,112,127,188,138,154,132,137,93,168,100,193,152,130,91,102,138,202,146,88,63,145,95,112,110,171,88,50,122,210,207,121,120,114,106,182,84,114,170,130,178,136,67,136,72,55,147,184,48,216,101,116,100,83,170,147,69,255
175,8,146,96,214,76,77,129,148,174,151,51,120,147,101,35,109,238,196,193,0,208,99,177,69,152,150,185,123,68,193,131,106,82,139,130,139,120,184,136,115,174,31,144,123,163,132,92,123,110,126,93,129,77,86,150,125,106,113,206,130,121,121,97,174,168,81,124,144,135,146,112,127,188,138,154,132,137,93,168,100,193,152,130,91,102,138,202,146,88,63,145,95,112,110,171,88,50,122,210,207,121,120,114,106,182,84,114,170,130,178,136,67,136,72,55,147,184,48,216,101,116,100,83,170,147,69,255
165,3,157,102,177,87,101,131,155,161,179,126,88,143,66,85,38,79,161,138,67,206,124,116,77,151,226,172,200,111,118,125,169,183,26,217,121,99,63,0,145,125,86,212,125,255,0,68,129,118,113,0,188,94,34,95,144,76,179,255,128,113,0,201,255,209,141,80,196,123,172,255,255,64,74,187,105,102,187,27,229,134,226,126,69,249,43,255,253,255,189,175,141,100,66,175,40,125,166,229,172,184,211,78,30,211,154,246,255,255,232,225,14,186,255,253,45,189,0,137,91,151,0,226,255,41,70,255
174,4,167,80,175,93,132,147,150,184,154,104,87,103,82,72,78,110,180,147,65,195,133,81,105,113,202,204,222,129,48,87,120,130,40,151,63,71,126,62,204,129,64,165,77,249,48,137,52,131,186,41,171,80,117,26,163,15,125,248,234,102,0,242,255,147,158,67,108,190,66,207,233,165,149,144,30,140,150,48,201,160,215,88,27,184,75,223,255,255,204,104,112,96,133,77,58,120,217,200,151,147,100,99,0,212,115,201,241,207,131,70,31,183,182,149,102,201,0,156,0,122,10,255,255,0,36,255
174,0,168,73,173,88,123,155,141,171,164,102,98,118,86,81,59,134,193,162,60,205,115,122,98,138,188,209,223,122,71,98,122,128,73,151,59,83,98,25,181,141,54,135,96,236,58,114,39,127,162,33,135,115,97,31,188,27,206,250,160,63,28,190,255,148,142,61,225,111,102,225,255,87,117,140,47,102,153,75,224,89,165,49,37,227,57,230,255,255,160,117,158,61,50,64,55,110,216,221,144,156,146,57,0,244,152,167,255,255,90,88,123,255,235,156,116,224,0,168,59,255,90,247,255,35,126,255
177,0,168,79,164,81,121,172,119,186,140,87,110,105,59,58,37,114,169,144,97,242,110,89,121,126,149,213,212,95,99,89,82,107,61,157,57,67,140,23,183,181,60,118,100,209,44,84,53,64,141,60,115,177,106,11,164,0,186,239,165,49,46,191,255,205,67,101,187,135,105,244,235,63,97,165,15,109,158,82,206,71,164,0,88,237,49,208,255,255,150,165,161,42,40,33,84,134,196,215,114,155,110,91,0,198,242,167,235,255,165,89,119,239,163,123,152,166,0,158,52,255,101,211,255,25,105,255
172,1,170,70,182,119,143,147,136,156,141,140,83,152,103,76,56,134,159,158,42,236,64,156,90,132,195,233,176,107,134,87,165,143,67,139,55,143,97,0,150,174,86,172,137,221,137,161,105,145,166,33,84,148,118,9,243,32,149,255,205,59,118,255,255,200,161,102,205,119,173,211,226,131,149,162,62,146,166,106,149,76,182,118,52,143,68,195,255,226,157,93,168,68,13,163,28,87,166,223,187,237,157,80,0,171,209,255,255,238,116,113,47,232,212,172,45,103,0,12,130,255,141,190,255,1,221,255
176,2,164,78,176,88,125,163,132,205,154,82,105,76,90,52,73,105,173,159,84,214,102,77,113,120,173,221,219,128,58,92,127,100,80,141,50,82,117,58,224,170,58,136,67,204,52,124,39,104,176,86,156,127,134,20,166,14,154,237,226,107,16,234,255,145,144,67,116,168,73,186,200,162,160,166,10,141,156,84,172,96,190,47,44,184,59,236,255,254,219,134,135,141,99,89,74,141,192,210,136,93,86,82,0,245,143,169,234,234,120,71,85,201,143,133,146,215,0,156,6,121,31,202,255,0,63,255
172,2,165,75,179,104,125,145,144,171,159,116,84,120,99,77,81,134,145,156,63,240,87,126,112,131,197,231,183,136,89,99,130,133,60,147,101,73,87,32,190,164,90,171,88,221,74,131,81,131,193,34,99,155,131,21,197,43,164,219,169,91,46,202,255,170,154,97,185,168,120,234,220,141,124,181,66,111,150,81,163,78,161,45,61,232,100,195,255,244,201,166,144,104,65,160,18,91,189,218,157,192,171,70,0,242,147,193,255,232,102,107,62,207,227,128,93,180,0,85,72,224,87,152,255,25,92,255
177,9,181,59,170,115,121,137,126,209,155,138,75,128,103,123,52,205,178,148,54,220,84,125,118,142,237,247,190,154,55,82,105,128,41,131,85,80,137,75,158,152,20,187,81,250,75,129,164,85,255,0,131,155,54,104,219,87,210,255,255,96,0,236,255,165,110,91,185,137,104,201,255,178,160,166,46,26,186,0,209,121,193,74,43,206,250,222,255,255,218,71,211,151,25,137,0,163,255,255,67,217,169,94,0,187,115,230,255,255,53,0,0,152,64,91,0,255,0,197,124,231,102,255,255,72,0,255
178,7,177,68,165,93,116,160,127,202,137,89,94,96,81,62,47,159,156,155,80,255,73,112,122,118,202,243,168,125,65,111,129,70,85,139,55,107,117,58,215,194,49,121,95,216,92,170,65,112,201,68,93,165,119,78,228,42,151,220,252,51,59,255,255,129,170,85,169,87,66,187,213,165,180,153,8,97,171,65,136,139,152,51,54,246,139,178,255,255,211,185,165,145,58,136,18,133,217,246,134,188,108,79,0,255,208,195,255,255,122,69,46,101,114,95,59,244,0,159,97,199,127,208,255,10,97,255
178,8,171,77,176,90,129,156,127,208,143,88,107,87,83,64,70,121,167,138,86,203,113,62,143,111,201,223,220,138,43,93,75,85,68,139,56,68,136,101,207,165,35,158,52,213,64,125,59,100,204,79,158,145,123,40,194,24,159,196,255,117,5,203,254,141,146,50,135,166,60,232,219,200,132,149,26,130,159,73,182,158,181,60,66,230,113,172,249,245,198,190,134,124,72,105,23,112,205,184,155,122,116,121,0,217,145,182,230,255,153,74,69,120,138,96,69,212,0,131,33,97,44,220,255,0,0,255
174,7,167,73,184,107,123,133,139,194,176,128,85,102,110,91,75,129,160,168,70,214,111,82,126,128,207,222,224,153,55,78,126,135,58,151,101,72,91,79,167,192,81,182,65,222,83,128,119,119,177,44,140,114,119,31,181,60,164,231,255,132,4,199,255,160,165,43,146,168,92,238,252,190,107,171,57,103,162,40,209,134,225,46,70,206,159,255,253,246,234,173,169,178,59,182,6,133,216,230,176,105,134,77,0,255,92,255,255,255,82,59,57,195,162,133,88,201,0,121,49,95,40,204,255,49,0,255
175,5,170,59,183,100,116,141,140,175,181,117,82,134,99,86,97,216,169,164,48,207,112,147,109,98,246,255,202,138,59,70,154,102,59,149,98,102,76,70,131,158,51,147,82,237,56,180,113,145,205,0,135,140,68,88,222,22,236,254,146,127,81,204,255,122,125,120,173,83,103,249,255,120,179,157,101,9,145,28,182,123,167,82,10,214,218,255,255,255,210,114,241,161,58,174,0,138,255,255,150,195,255,48,0,255,52,163,255,255,109,92,10,191,164,105,60,255,0,201,100,245,100,187,255,122,84,255
178,5,171,66,152,94,122,127,156,192,131,121,61,114,82,86,56,134,158,155,55,255,100,138,106,121,191,210,191,141,114,49,131,135,12,133,72,74,146,34,175,148,45,138,131,255,49,138,110,140,213,0,82,111,29,82,205,91,103,255,252,75,58,248,255,168,169,96,217,189,98,210,255,187,173,181,33,68,255,0,172,226,183,108,19,227,159,225,255,255,233,185,174,89,67,113,0,147,255,255,129,255,187,130,0,181,111,160,255,255,128,168,49,112,141,100,16,255,0,227,61,255,137,252,255,87,69,255
179,7,176,68,167,105,126,154,124,210,127,122,90,103,95,58,32,121,164,149,80,253,65,92,114,128,176,244,158,85,76,96,112,106,107,122,1,92,146,38,188,231,88,142,134,218,130,150,78,133,199,44,78,132,114,35,223,35,104,249,255,29,51,255,229,205,174,45,203,156,118,142,164,183,138,139,0,122,175,63,131,141,217,58,99,180,166,191,216,189,239,148,118,144,52,127,0,121,172,216,146,182,95,64,0,183,231,209,236,255,101,53,51,110,69,77,56,136,0,66,99,239,133,211,255,0,140,255
180,6,181,66,150,87,119,151,120,224,113,107,62,89,74,45,17,125,147,140,110,255,71,83,148,126,192,239,162,144,59,79,87,63,74,148,69,61,162,91,231,211,30,143,128,251,81,115,91,103,223,7,60,167,130,75,227,24,95,200,255,72,0,255,255,127,174,76,177,132,73,178,207,165,166,142,0,82,189,14,163,204,175,84,129,235,179,143,255,255,235,214,165,130,27,104,0,160,236,255,106,213,113,147,0,225,187,155,255,255,124,76,10,58,56,17,47,183,0,155,77,203,115,251,255,44,71,255
182,10,185,71,162,81,123,158,128,233,112,87,69,96,68,40,53,129,153,156,108,242,93,67,109,112,168,253,156,132,56,128,120,66,101,161,18,111,224,94,255,163,0,104,84,202,49,140,66,105,218,73,126,148,118,84,236,27,96,188,255,71,35,246,227,118,198,81,116,107,66,161,195,210,192,135,0,59,151,42,151,180,148,122,77,220,132,177,255,255,227,201,141,199,95,177,42,150,191,255,146,175,111,149,0,255,177,144,255,255,111,65,86,66,87,8,137,240,0,130,55,152,62,205,255,0,55,255
174,6,163,73,181,101,123,133,138,203,155,122,81,111,85,89,77,143,156,147,70,200,117,89,116,128,197,214,195,124,39,86,107,114,78,146,58,54,125,65,164,161,49,158,68,222,59,120,97,131,205,50,145,149,129,50,205,70,155,221,253,96,26,226,255,167,157,17,166,164,142,172,201,178,77,144,44,65,155,39,186,143,203,34,4,229,180,185,252,241,215,173,131,151,83,140,32,144,197,234,134,103,155,56,0,255,130,217,235,255,60,97,112,144,204,90,89,210,0,180,0,161,114,255,255,0,0,255
178,7,167,83,176,86,127,152,138,194,144,75,104,99,76,61,59,104,138,146,71,233,115,73,118,103,190,226,186,132,67,100,119,78,82,147,83,64,122,65,188,172,89,144,80,202,76,126,53,107,159,106,92,157,114,71,189,34,127,204,225,59,24,213,195,184,149,82,120,169,37,227,215,191,153,159,49,151,194,77,161,186,186,81,69,237,80,195,195,173,234,223,125,125,83,161,31,83,166,136,172,155,85,100,3,190,173,200,255,255,169,69,95,121,121,107,72,168,0,100,92,125,62,174,251,0,0,255
180,10,177,74,172,96,125,166,97,255,118,104,107,79,78,41,34,117,160,133,130,233,81,52,146,110,172,240,191,118,67,82,64,92,88,163,7,109,157,120,248,177,3,173,72,207,59,92,115,31,198,61,160,191,124,42,235,28,60,220,255,135,50,222,222,153,138,43,158,160,75,183,170,179,178,148,0,157,145,98,153,160,204,82,158,224,134,154,221,255,220,255,128,227,55,86,82,188,164,250,178,114,111,159,0,255,208,140,244,255,148,137,35,34,104,66,114,148,0,43,0,0,105,204,255,0,0,255
178,8,181,73,174,104,126,147,108,240,123,120,91,100,110,43,58,139,162,143,107,228,91,86,149,136,184,203,181,150,93,94,54,134,73,166,56,101,168,90,245,184,31,165,98,196,80,170,117,91,233,71,153,140,110,27,215,72,135,247,255,112,82,191,255,165,147,74,134,135,73,165,186,213,116,147,0,148,176,106,123,125,200,86,145,211,149,138,255,255,238,217,189,190,0,209,46,159,199,228,156,163,150,131,0,255,136,178,219,255,115,110,97,242,126,30,150,215,0,124,18,219,166,185,255,49,29,255
178,10,176,70,174,101,132,133,120,218,143,122,83,106,114,64,65,131,146,169,84,225,103,53,114,156,179,239,195,149,64,84,111,119,87,154,53,63,158,62,196,190,58,167,55,200,133,130,138,117,201,71,119,126,141,59,198,42,142,214,255,137,7,222,255,175,169,55,140,139,92,151,218,187,116,149,49,157,180,108,152,119,205,89,65,174,168,223,224,199,255,197,145,175,76,165,0,163,168,213,149,133,105,61,0,255,93,233,227,255,49,67,82,149,137,62,129,176,0,129,86,170,131,255,255,76,0,255
177,10,181,68,177,107,130,150,119,237,162,123,74,120,92,104,75,171,173,158,85,200,101,83,124,118,180,218,207,143,65,103,80,128,78,144,45,73,189,103,184,175,12,134,50,215,69,104,131,65,241,18,147,172,125,34,230,65,162,227,255,89,51,213,255,160,131,31,150,169,104,168,215,201,118,118,15,62,168,80,183,114,172,58,66,189,185,219,255,255,229,110,144,223,83,184,25,184,240,255,141,135,145,117,0,251,106,186,255,255,66,0,107,177,88,94,161,196,0,167,0,77,107,255,255,28,0,255
172,8,155,87,190,96,113,118,126,222,173,117,93,72,96,57,83,86,135,169,84,187,137,21,116,128,193,225,201,157,39,80,136,101,96,198,89,50,101,70,180,198,117,163,44,184,36,112,116,124,166,129,183,116,154,44,172,23,116,205,235,169,0,167,255,150,138,45,111,213,83,168,194,187,82,145,43,184,208,68,150,139,255,61,102,215,120,255,226,193,255,255,123,212,111,202,77,228,150,173,219,33,94,55,8,255,49,199,215,211,112,65,64,179,219,101,239,145,0,69,40,15,18,176,213,47,0,255
177,11,169,81,185,105,125,138,124,236,158,120,91,87,102,82,65,113,148,153,96,219,111,58,131,128,184,228,211,155,54,85,92,122,68,176,65,67,126,96,181,174,57,173,61,206,56,114,117,104,193,91,160,147,133,37,188,56,102,229,255,136,16,191,255,170,142,55,117,176,71,198,191,201,97,161,24,152,186,72,161,162,231,85,110,226,155,229,235,231,255,255,120,224,61,147,48,188,163,204,173,97,120,109,0,255,104,193,233,239,81,84,58,173,179,108,137,175,0,83,31,21,102,184,255,23,0,255
174,11,170,73,173,92,115,129,124,247,163,110,85,89,83,65,74,133,162,155,93,194,141,57,136,127,180,231,224,137,24,83,119,91,81,174,74,42,147,112,190,160,48,139,44,227,49,98,97,95,217,41,157,136,114,33,191,63,120,222,255,151,0,203,255,122,168,19,131,175,51,172,214,197,134,138,41,41,192,59,234,153,208,73,66,185,211,255,255,255,255,180,132,232,132,170,64,182,206,254,178,45,137,94,0,255,104,149,247,255,27,53,117,150,135,105,183,202,0,181,0,8,51,255,255,43,0,255
173,10,171,78,167,96,107,144,112,255,123,112,75,79,63,46,24,134,159,135,100,255,103,69,136,149,174,190,165,122,84,81,131,122,59,191,63,122,93,19,210,129,27,221,95,215,65,143,106,57,201,40,195,141,100,27,196,72,65,255,255,141,24,255,255,143,187,95,176,209,98,162,180,139,158,130,13,180,154,73,102,151,200,81,109,251,148,151,255,255,227,255,192,227,51,84,0,238,202,255,161,168,120,150,0,255,221,194,218,255,195,200,42,77,162,59,154,169,0,121,0,61,232,131,255,73,68,255
174,12,183,68,155,80,111,106,112,255,119,101,81,110,87,43,33,112,189,146,101,184,131,34,163,155,158,189,187,179,43,96,105,112,77,176,28,38,232,107,160,115,3,156,69,232,94,131,80,114,212,0,183,132,153,31,255,104,64,199,255,97,0,255,195,161,255,37,136,163,40,120,226,205,89,76,0,91,147,110,212,187,219,128,153,198,122,143,255,225,246,213,132,167,67,162,53,177,166,251,75,60,49,181,0,255,149,68,248,255,90,167,65,34,137,0,222,121,0,130,0,115,143,186,255,39,8,255
181,10,176,66,178,106,131,157,101,253,123,119,98,96,91,61,49,131,157,144,117,228,94,51,150,121,183,247,181,132,59,75,67,72,95,140,13,93,175,93,201,215,16,169,69,194,114,123,124,94,193,85,134,175,138,49,227,10,119,190,255,118,56,255,255,159,146,25,144,139,90,170,158,202,134,161,0,139,169,88,152,167,212,55,79,194,181,175,200,243,244,231,139,181,13,118,34,181,193,233,152,77,117,100,0,236,177,218,200,255,102,97,78,47,93,56,50,156,0,100,73,136,126,207,255,0,0,255
177,10,167,77,183,105,131,137,110,213,139,108,103,96,86,61,56,116,152,157,88,222,113,39,134,139,182,219,187,140,61,77,100,84,109,121,33,68,147,32,174,203,63,167,63,171,123,129,100,130,169,139,148,127,157,64,180,2,105,176,255,115,0,255,240,191,161,43,110,186,48,173,151,199,97,121,44,192,197,104,135,120,203,53,59,202,76,189,164,187,248,223,87,152,73,101,37,175,160,165,165,73,61,63,0,187,158,233,174,255,121,82,67,100,130,80,88,98,0,47,77,106,83,224,255,0,0,255
177,8,160,85,192,102,114,142,126,212,151,113,91,92,88,61,70,101,149,152,87,195,118,45,116,115,183,222,192,138,67,87,109,105,81,167,71,69,123,66,167,191,102,153,75,171,65,94,77,105,169,125,141,134,142,20,182,2,114,219,255,111,0,202,240,195,136,69,105,209,86,215,176,177,114,150,45,171,176,65,167,149,214,46,95,211,96,237,186,190,236,213,85,178,97,124,77,176,148,164,190,81,57,59,0,227,112,209,202,204,117,130,88,147,151,101,152,106,0,49,32,81,19,211,255,0,0,255
169,4,153,84,171,101,116,110,159,182,150,137,54,112,76,84,47,90,156,137,64,231,129,92,102,140,216,211,163,162,118,37,173,101,18,191,101,67,58,3,122,168,96,166,150,251,64,112,156,226,161,4,109,104,105,42,171,26,91,229,170,142,0,255,255,143,184,56,172,202,140,196,252,164,142,197,83,133,242,0,129,225,250,82,35,205,132,252,255,250,249,232,143,119,43,132,3,162,255,230,168,201,255,128,0,207,142,255,255,181,201,179,0,102,255,176,81,236,0,124,126,201,39,165,255,69,47,255
178,3,160,79,163,79,126,160,141,183,138,70,113,76,82,70,58,116,143,150,54,255,112,91,146,137,179,216,204,138,96,86,112,98,57,118,123,59,69,73,200,212,84,193,67,207,100,129,26,96,123,100,102,117,133,54,178,19,124,206,188,104,21,245,182,163,155,93,178,185,59,226,214,175,149,169,48,220,200,79,145,196,200,56,9,219,69,203,245,218,175,169,150,61,40,38,0,83,196,141,157,195,80,96,0,99,201,237,246,255,226,116,59,92,93,94,38,169,0,131,101,163,81,153,247,19,65,255
177,2,164,79,167,79,132,164,136,176,164,67,111,80,97,69,72,114,150,171,77,255,93,87,137,120,166,234,229,130,76,83,114,114,61,138,115,47,89,75,215,207,65,170,57,209,79,123,34,102,165,74,100,139,143,43,169,17,168,208,174,104,5,201,221,176,135,98,144,162,56,244,228,155,114,188,63,172,196,85,180,129,165,32,44,229,55,217,255,214,183,153,158,91,56,84,14,81,181,145,144,156,107,109,0,149,168,183,229,255,167,76,68,201,124,115,114,178,0,154,69,161,43,139,255,16,99,255
176,2,163,79,166,78,132,166,137,169,164,66,110,86,101,64,72,116,152,174,75,255,90,88,133,112,162,236,233,120,81,84,120,121,56,135,120,59,92,73,216,210,64,166,59,204,72,127,31,104,160,67,104,140,138,39,168,9,172,222,170,97,20,208,224,175,138,101,150,156,61,252,227,149,106,184,61,158,182,89,182,122,157,26,32,222,56,214,255,227,164,133,161,85,52,90,18,75,187,150,147,155,106,119,0,162,165,191,232,255,175,86,76,198,126,125,111,182,0,151,66,165,39,136,255,8,146,255
176,2,165,78,172,80,134,167,135,165,173,73,107,96,104,63,74,121,143,176,80,253,85,96,124,112,161,238,227,127,84,90,124,134,63,143,124,54,96,64,216,198,73,164,60,205,76,129,31,106,173,62,106,147,146,22,175,12,164,226,164,91,35,205,243,183,137,104,134,152,58,255,221,145,117,191,74,158,162,102,188,107,147,33,37,214,56,204,252,219,184,117,159,115,52,117,33,66,176,151,154,139,106,119,0,188,156,202,214,255,147,97,86,207,143,122,114,179,0,124,60,155,49,109,255,12,180,255
176,1,166,82,176,81,138,172,131,146,174,66,112,108,106,72,76,142,141,174,85,253,69,111,107,98,151,253,232,128,86,106,125,138,67,148,116,58,101,59,186,199,71,144,68,183,83,135,43,116,179,85,117,188,164,20,191,3,175,235,144,83,80,209,239,211,122,138,140,119,91,255,240,129,104,188,72,142,145,92,171,86,137,37,52,216,36,214,255,213,114,116,183,95,54,101,51,67,164,124,149,127,104,151,0,200,196,222,223,255,156,111,50,200,165,141,101,174,0,86,99,174,54,94,255,0,202,255
179,1,169,78,170,83,138,173,118,153,154,78,110,105,98,64,56,140,154,170,78,255,54,106,113,99,152,255,231,131,95,110,111,112,65,155,110,72,109,58,186,203,67,118,96,187,78,118,64,101,182,87,107,200,154,0,210,0,164,232,170,90,96,196,247,203,106,146,154,109,107,254,245,150,124,187,40,136,154,69,168,86,148,53,87,199,43,222,255,218,105,105,200,83,27,88,79,71,175,132,170,131,89,175,0,193,241,236,206,255,153,107,75,172,158,148,100,160,0,65,115,213,91,85,255,19,216,255
179,0,171,82,164,65,138,176,117,147,160,64,122,112,83,67,57,150,145,175,91,255,66,90,97,98,130,253,245,118,90,115,96,138,48,178,118,48,127,55,163,170,41,120,69,195,71,95,78,78,166,69,117,217,134,0,194,0,188,248,129,89,82,159,255,221,53,172,169,79,95,252,255,88,80,171,42,119,143,93,205,60,134,29,66,200,68,239,255,225,81,99,224,44,40,47,82,100,167,122,121,113,80,172,0,194,247,191,199,255,167,105,85,207,171,141,151,181,0,128,135,238,144,63,255,54,222,255
171,2,161,90,168,64,126,145,117,170,174,98,98,132,81,61,37,110,152,148,81,199,105,70,96,114,143,224,223,129,88,111,114,141,57,217,146,49,118,44,161,196,89,136,91,216,38,57,66,108,202,3,154,196,150,0,212,0,122,255,159,132,16,171,217,241,118,98,201,121,125,229,224,92,76,112,54,124,190,41,229,109,165,113,112,179,81,220,255,218,143,103,175,69,27,69,102,130,157,135,153,153,150,159,0,196,222,164,208,255,160,122,98,195,255,148,225,122,0,104,55,205,141,210,255,70,156,255
166,13,161,108,220,66,106,131,158,205,109,28,92,185,80,40,89,219,164,141,0,145,110,133,87,181,149,166,84,185,118,135,163,128,85,101,166,115,153,93,169,117,116,118,135,85,122,72,9,206,183,158,81,164,247,161,185,84,136,192,110,174,57,127,137,143,164,190,177,127,49,133,142,187,120,49,127,146,83,75,66,85,127,225,68,177,193,137,202,140,121,77,9,95,163,122,0,77,30,164,105,254,164,38,96,248,150,155,255,214,251,75,84,128,84,46,124,146,0,167,153,29,25,214,255,88,0,255
169,13,160,113,219,58,103,136,157,201,107,21,93,183,73,34,89,227,176,143,0,165,108,135,69,198,149,160,77,189,115,164,193,129,89,83,160,107,178,71,170,113,138,95,143,52,124,61,17,201,183,158,94,172,255,157,168,89,145,213,86,180,62,138,137,147,148,231,166,133,48,108,136,181,135,43,93,162,57,81,46,63,129,216,66,184,230,132,211,110,134,77,21,90,182,77,0,83,41,177,111,255,156,21,71,253,165,176,255,191,255,74,45,122,85,28,119,154,5,127,167,0,29,224,255,114,0,255
167,13,159,112,218,60,100,135,156,202,110,32,93,186,77,35,89,220,166,139,0,163,101,133,71,194,151,161,83,190,117,152,186,131,91,85,169,110,163,69,171,118,132,112,151,65,126,61,16,199,194,161,94,164,250,168,159,90,148,197,91,166,48,122,142,150,154,204,159,137,50,105,133,196,126,35,117,160,53,84,57,67,123,234,65,180,212,130,202,109,130,84,25,98,166,116,0,81,35,173,102,255,143,31,85,250,157,156,255,198,255,72,66,129,84,35,146,156,29,132,144,0,43,232,255,116,0,255
169,10,157,108,207,70,101,134,156,205,118,35,113,169,99,51,89,227,162,145,2,161,87,131,96,180,134,174,105,167,113,150,159,131,115,111,162,75,153,66,149,140,120,133,135,96,147,86,57,184,181,182,108,207,190,132,183,76,118,164,146,180,72,135,133,140,133,133,159,127,33,126,167,196,115,44,96,179,161,79,44,136,124,215,87,158,193,133,146,108,101,93,11,139,146,142,38,82,34,97,126,251,140,49,79,240,155,166,255,216,207,45,126,157,84,64,120,150,0,176,110,26,69,205,255,56,0,255
174,9,146,98,213,75,78,128,146,174,151,52,120,148,103,36,111,230,191,187,0,208,100,172,73,153,149,183,126,71,188,130,108,87,140,133,143,120,179,131,123,175,37,148,120,156,130,98,111,113,128,96,131,81,89,154,131,111,110,206,139,120,118,108,163,174,87,111,143,132,140,118,127,192,125,154,126,137,97,160,103,186,150,124,84,106,134,203,142,93,70,136,93,117,110,172,92,50,116,200,212,123,115,108,114,187,91,126,177,145,167,129,78,139,77,66,141,180,30,209,99,127,95,90,167,138,68,255
175,8,146,96,214,75,77,129,148,174,151,51,120,147,101,35,109,238,196,193,0,208,99,177,69,152,150,185,123,68,193,131,106,82,139,130,139,120,184,135,115,174,31,144,123,163,132,92,123,110,126,93,129,78,86,150,125,106,113,206,130,122,121,97,174,168,81,124,144,134,146,112,127,188,138,154,132,137,93,167,99,193,152,131,91,102,138,202,146,88,63,144,95,112,110,171,88,50,121,210,206,122,120,114,106,183,84,114,171,129,178,135,67,137,71,55,147,184,48,216,101,116,101,84,171,147,69,255
