164,25,182,54,249,10,86,113,214,207,177,98,164,100,186,116,62,122,216,12,0,255,102,115,68,255,105,91,190,81,119,170,124,166,102,151,84,149,0,255,198,241,74,0,255,176,231,255,0,204,38,0,228,255,0,107,17,0,0,255,255,0,0,0,0,14,4,0,255,255,58,249,17,44,0,0,119,126,243,0,255,225,255,255,0,131,120,255,240,71,255,109,186,228,53,255,0,222,224,148,0,0,0,0,159,255,155,150,141,255,43,112,162,255,0,27,255,107,152,1,255,161,0,0,123,124,255,255
159,15,184,29,236,0,83,87,214,177,170,114,135,139,181,145,3,112,174,12,0,255,176,137,13,255,141,45,146,87,150,181,182,139,78,152,115,138,0,255,56,85,54,0,255,137,83,255,0,255,0,0,109,255,0,46,0,0,0,255,245,34,0,0,0,0,15,0,255,255,99,220,42,45,0,91,126,208,147,0,255,138,255,157,0,139,63,255,170,226,132,233,147,10,159,255,0,164,255,102,0,0,67,0,194,255,179,2,113,255,74,172,135,255,0,30,255,102,41,0,255,184,0,0,0,106,255,255
159,12,194,0,255,0,100,101,224,199,200,125,190,132,251,152,0,102,214,0,1,255,172,96,0,255,102,31,105,63,163,255,151,177,114,177,89,221,0,255,102,102,21,0,255,69,106,255,0,255,6,0,165,255,3,71,0,0,0,255,255,82,32,0,0,0,0,0,255,255,108,242,0,0,0,0,137,239,209,0,224,140,255,224,0,102,18,255,173,255,195,250,255,0,255,255,0,244,255,0,0,0,0,0,255,255,255,14,92,255,0,255,113,255,0,115,255,86,108,0,255,255,0,0,0,54,255,255
161,22,183,21,255,0,84,107,203,197,179,94,143,150,209,124,11,130,172,0,0,255,159,130,9,255,164,78,134,43,165,203,138,167,117,193,124,161,0,255,117,87,28,0,255,143,134,255,0,240,13,0,149,255,0,92,0,0,1,255,255,78,0,0,0,0,0,0,255,255,124,204,37,19,0,39,149,141,131,0,248,181,255,216,0,86,77,255,184,243,45,240,212,18,189,255,0,173,213,76,0,0,35,0,223,255,170,23,108,207,67,135,65,255,0,0,255,130,41,0,255,198,0,52,0,131,255,255
161,20,186,13,255,0,84,105,212,197,187,108,157,128,216,124,31,118,203,0,0,255,158,99,0,255,148,78,139,57,171,202,123,167,81,198,97,208,0,255,118,101,10,0,255,120,170,255,0,238,38,0,168,255,1,83,0,0,0,255,251,144,0,0,0,12,0,0,255,255,130,222,0,0,0,39,116,166,141,0,255,159,255,217,0,99,73,255,179,255,136,206,246,0,255,255,0,192,226,93,0,0,0,0,255,255,255,79,109,255,0,184,87,255,0,127,255,90,87,0,255,234,0,0,0,123,255,255
161,21,173,24,253,0,94,110,200,191,172,100,129,174,200,130,11,131,147,0,0,255,177,125,23,255,175,96,115,53,149,202,135,160,122,187,126,124,2,255,135,45,43,0,244,149,115,255,0,233,44,0,131,255,0,103,0,0,19,255,230,40,12,0,0,0,0,0,255,227,123,182,120,20,0,65,137,136,146,0,182,244,255,255,0,75,138,255,129,192,0,248,190,75,199,255,0,161,226,102,0,0,54,0,255,255,161,18,76,162,36,140,0,255,0,0,255,110,24,0,255,202,0,47,45,130,255,255
160,25,186,22,255,0,86,120,204,188,172,100,149,153,189,124,26,139,167,0,0,255,160,95,14,255,143,76,143,54,174,203,142,145,109,237,118,182,0,255,134,57,0,0,243,166,154,255,0,224,0,0,151,255,0,134,0,0,9,255,247,58,0,0,0,0,0,0,255,197,118,200,70,0,0,0,182,97,96,0,213,225,255,253,0,80,82,255,188,213,93,191,240,23,230,255,0,222,162,98,0,0,0,0,255,255,210,71,95,175,120,235,91,255,0,104,255,118,60,0,255,255,0,0,73,141,255,255
157,8,179,4,251,0,112,103,219,177,189,125,172,148,251,149,0,120,222,0,5,255,186,96,4,255,119,38,70,64,147,226,189,171,148,182,49,166,0,255,40,29,65,0,255,120,81,255,0,255,0,0,81,255,23,72,0,0,0,255,201,117,15,0,0,0,6,0,255,255,48,215,0,24,0,0,255,205,118,0,255,255,255,254,0,138,58,255,226,255,196,255,149,0,255,255,0,255,210,0,0,0,0,0,219,255,250,4,146,240,16,255,75,255,0,0,255,255,0,0,255,200,0,0,0,0,255,255
157,4,184,0,255,0,114,113,234,172,219,128,181,176,255,162,0,119,234,0,6,255,175,57,0,255,80,26,73,50,134,255,220,203,189,193,50,244,0,255,38,0,46,0,255,77,82,255,0,255,0,0,198,255,10,93,0,0,0,255,239,91,43,0,0,0,0,0,255,255,27,255,0,5,0,0,255,184,132,0,232,249,255,255,0,143,31,255,255,255,255,255,143,0,255,255,0,255,255,0,0,0,0,0,255,255,255,50,221,255,0,255,89,255,0,81,255,255,4,0,255,255,0,0,0,0,255,255
157,11,188,0,255,0,97,110,228,179,201,128,157,204,255,145,0,143,192,0,7,255,182,88,0,255,135,60,119,38,127,242,223,199,162,206,127,190,0,255,67,0,88,0,250,111,71,255,0,255,0,0,173,255,0,92,0,0,28,255,244,63,0,0,0,0,0,0,255,255,50,255,0,0,0,0,248,107,149,0,252,248,255,210,0,119,84,255,255,255,75,255,160,0,255,255,0,180,255,0,0,0,12,0,243,255,205,0,154,255,66,255,44,255,0,43,255,255,0,0,255,255,0,46,0,0,255,255
158,10,191,0,255,0,108,116,229,177,213,127,184,177,255,155,0,132,224,0,0,255,158,36,0,255,94,36,119,24,135,255,190,236,179,240,47,255,0,255,42,0,7,0,255,124,92,255,0,255,0,0,187,255,0,137,0,0,37,255,255,100,12,0,0,0,0,0,255,255,15,255,0,22,0,0,255,132,102,0,221,234,255,255,0,117,0,255,255,255,184,255,179,0,255,255,0,255,255,0,0,0,0,0,255,255,255,91,246,255,0,255,124,255,0,176,255,213,0,0,255,255,0,0,0,4,255,255
159,20,184,20,255,0,99,126,205,180,197,109,168,161,220,132,3,148,219,0,0,255,178,69,14,255,93,32,118,64,131,212,168,171,161,219,65,200,0,255,64,46,37,0,235,130,116,255,0,255,0,0,184,255,0,127,0,0,37,255,235,99,4,0,0,21,18,0,255,207,79,238,0,1,0,0,213,96,91,0,238,231,255,255,0,86,96,255,238,255,158,160,218,0,255,255,0,255,189,0,0,0,0,0,255,255,255,154,175,255,99,255,69,255,0,149,255,190,3,0,255,255,0,0,55,47,255,255
159,23,180,10,255,1,120,127,177,196,192,131,147,191,240,163,0,179,197,0,11,255,136,65,8,255,96,90,97,89,182,169,170,255,129,214,40,213,0,255,101,11,11,0,248,152,110,255,0,249,0,0,163,255,16,235,70,9,99,255,216,133,32,0,0,19,26,0,255,228,37,240,38,66,0,0,255,106,93,0,139,255,255,255,0,98,107,255,255,255,155,255,239,0,255,255,0,241,199,32,11,0,0,0,202,255,248,163,229,202,113,255,79,151,0,158,255,255,0,0,255,255,0,0,145,0,255,255
158,8,168,0,255,0,142,111,192,181,202,130,165,184,255,177,0,167,228,0,17,255,185,18,16,255,76,54,93,63,127,220,171,229,210,203,0,211,0,255,47,0,35,0,255,156,79,255,0,255,0,0,105,255,54,111,14,0,46,255,167,100,75,0,0,0,25,0,255,255,0,209,0,147,0,0,255,171,82,0,112,255,255,255,0,64,120,255,255,255,219,255,76,0,255,255,0,255,255,0,50,0,0,0,249,255,227,97,255,143,0,255,73,255,0,71,255,255,0,0,255,255,0,0,43,0,255,255
160,31,161,16,255,66,153,107,123,212,154,133,83,255,244,169,91,224,139,39,34,255,193,68,2,255,105,255,15,165,203,56,164,207,37,121,48,179,44,214,113,11,13,0,75,86,159,255,15,194,119,61,234,255,221,220,189,0,79,255,105,37,165,29,18,9,134,91,255,24,0,44,255,0,40,82,147,138,51,255,20,255,255,255,0,0,225,255,165,255,32,215,246,255,255,255,0,190,255,126,63,0,157,0,43,255,167,255,249,58,100,139,0,0,0,93,255,255,0,0,255,255,0,0,255,0,255,255
159,23,170,0,255,21,131,105,153,214,198,152,97,226,255,183,38,201,216,20,34,255,174,31,0,255,118,255,87,88,190,161,176,255,56,183,18,207,0,255,86,43,27,0,245,163,137,255,0,207,43,0,199,255,110,178,142,0,62,255,157,109,60,0,0,0,30,0,255,255,0,144,19,73,0,0,255,93,48,116,23,255,255,255,0,54,138,255,255,255,12,232,187,196,255,255,0,180,221,65,38,0,0,0,183,255,223,255,254,28,136,150,47,0,0,23,255,255,0,0,255,255,0,0,213,0,218,255
158,31,167,19,255,56,149,117,127,214,171,143,67,255,248,171,36,215,177,8,28,255,191,68,1,255,134,255,83,107,202,160,194,219,23,190,49,164,63,206,107,69,36,0,185,182,111,233,13,201,87,0,175,255,111,202,154,72,120,255,136,20,110,27,31,0,124,86,255,146,0,111,125,44,44,0,203,87,60,255,0,255,255,255,0,1,196,255,164,255,0,202,242,255,255,255,0,99,255,147,99,0,67,0,61,255,113,255,211,0,197,147,40,0,0,11,222,255,0,0,255,190,0,2,255,0,207,255
171,41,180,47,250,19,100,103,126,174,212,76,42,222,173,172,91,178,181,18,42,255,154,64,19,255,210,255,188,100,199,108,202,174,102,102,102,87,225,133,144,139,7,0,185,121,101,118,0,124,115,3,255,255,120,185,242,157,197,255,180,0,47,12,89,110,100,29,255,175,39,141,83,175,42,51,177,0,84,255,103,255,121,255,19,40,187,255,255,132,0,255,255,255,18,255,0,143,144,199,175,132,53,6,73,160,120,203,198,0,107,0,144,163,0,80,252,233,0,0,54,255,0,113,127,66,0,255
155,36,147,21,255,108,150,100,78,226,158,134,0,255,168,149,43,181,165,76,51,255,92,44,98,245,52,255,94,36,255,133,141,197,0,183,99,114,192,0,183,149,0,143,194,231,167,104,109,173,255,26,217,195,255,123,230,34,192,255,152,51,239,126,199,0,255,197,162,91,0,255,255,47,0,0,0,182,96,255,0,255,106,158,22,0,220,255,109,148,0,255,204,255,255,255,5,0,255,68,48,26,0,0,0,42,4,167,210,182,255,1,16,0,0,78,255,255,0,183,83,106,34,221,253,0,0,255
156,30,158,29,255,107,157,156,123,222,137,131,57,255,175,219,99,205,118,69,66,255,151,43,67,211,65,255,142,145,205,68,255,64,107,242,111,59,196,96,175,132,0,215,0,255,255,168,117,202,158,23,68,165,255,255,198,64,255,255,137,24,134,148,0,26,255,40,227,0,0,235,209,0,95,0,82,255,33,255,0,255,183,12,0,0,115,255,0,69,0,255,173,255,122,190,0,85,255,22,210,0,44,0,10,255,0,191,108,194,172,65,105,0,25,204,255,255,0,255,206,0,0,46,255,0,0,255
156,38,161,40,255,104,166,133,119,255,148,99,122,255,130,161,186,200,124,96,114,255,186,127,16,163,110,255,60,202,105,52,169,69,124,255,75,22,247,153,179,62,7,255,0,255,255,179,131,211,217,49,111,80,189,255,227,55,240,193,146,0,192,190,0,43,255,0,188,39,0,132,255,57,140,0,61,255,115,255,20,255,191,130,0,48,146,255,169,37,0,255,151,255,124,143,112,0,255,0,152,0,204,0,0,51,0,219,175,200,136,95,5,0,114,206,255,255,0,255,255,0,0,0,255,0,52,255
156,35,162,36,255,111,169,146,112,234,134,115,86,255,197,217,132,217,110,54,61,255,174,84,45,218,57,255,93,158,172,102,238,80,113,245,81,43,208,140,143,69,15,244,0,235,230,224,136,232,180,35,91,131,189,255,218,86,255,246,110,0,169,179,0,45,255,60,208,0,0,136,255,20,137,0,95,255,68,255,0,255,229,56,0,35,158,255,21,79,30,239,204,255,107,186,0,63,255,0,244,0,65,0,21,180,0,213,184,214,150,145,54,0,53,224,255,255,0,192,255,0,8,10,255,0,32,255
153,28,149,42,255,86,142,130,106,198,136,125,59,255,185,193,100,184,118,43,29,255,150,75,86,227,67,255,90,122,225,138,239,69,80,201,124,39,147,101,137,109,15,190,26,219,161,168,117,211,197,9,99,119,203,216,213,73,255,255,63,7,129,174,58,31,255,92,158,0,0,136,241,38,152,0,119,255,23,255,0,255,236,5,0,35,199,255,11,160,0,186,130,255,111,237,0,27,255,42,231,19,15,0,74,119,0,135,181,234,238,203,36,0,71,147,255,255,0,171,176,0,29,129,255,0,0,255
156,32,151,26,255,99,144,128,92,213,139,134,12,255,202,193,70,209,128,60,46,255,163,57,95,255,22,255,103,135,244,165,255,149,3,156,86,94,118,101,97,140,0,142,115,175,56,157,159,175,244,25,141,121,255,174,255,52,206,255,54,54,144,114,92,0,255,187,156,74,0,96,255,3,81,0,142,241,1,255,0,255,243,70,0,0,255,255,13,219,0,157,211,255,109,255,0,89,255,25,115,25,29,0,6,202,29,221,179,255,185,177,33,0,0,101,255,255,0,40,166,22,47,190,255,0,13,255
155,30,141,33,255,74,122,124,109,184,152,102,44,255,199,165,117,178,134,32,51,255,197,89,74,250,61,255,60,197,232,167,213,128,10,128,82,55,102,111,127,104,3,137,68,152,88,146,115,174,238,0,165,88,255,175,255,19,162,255,0,0,90,80,44,22,205,133,197,53,0,0,255,0,154,47,154,192,49,255,2,255,255,7,41,0,255,255,39,125,0,157,240,255,136,225,0,113,255,47,110,78,79,0,24,183,53,172,172,199,181,124,16,0,0,167,255,255,0,0,181,63,0,112,255,0,116,255
158,34,159,20,255,108,151,128,100,231,121,134,28,255,202,195,93,222,112,50,41,255,171,86,87,255,24,255,98,132,219,148,246,148,25,181,61,49,118,137,111,142,0,143,102,193,107,186,133,186,180,54,140,163,255,243,229,40,201,255,81,68,98,124,60,43,255,159,193,73,0,118,255,0,93,0,143,197,80,255,0,255,255,83,0,0,208,255,2,202,0,120,206,255,92,255,0,70,255,82,72,0,36,0,18,230,0,237,182,255,148,140,57,0,0,82,255,255,0,48,255,0,0,169,255,0,39,255
154,36,153,38,255,108,163,128,99,234,150,114,65,255,196,164,124,178,125,61,55,255,146,71,77,231,81,255,75,113,214,118,196,93,103,214,116,53,221,74,143,102,0,243,0,246,240,210,136,205,215,52,93,135,226,255,238,27,255,246,105,18,151,185,69,67,255,106,144,23,0,218,255,55,17,0,95,255,74,255,0,255,164,49,4,65,138,255,0,82,0,255,204,255,122,218,27,0,255,0,210,0,0,0,0,93,0,161,255,255,170,107,7,0,113,235,255,255,0,255,156,0,109,203,255,0,0,255
155,34,148,48,255,96,148,118,117,216,131,105,90,255,154,151,134,146,108,76,26,255,131,84,107,204,101,255,52,118,176,123,163,43,138,236,82,30,252,89,200,80,0,255,0,255,255,150,146,210,206,67,91,161,210,255,188,16,255,225,109,6,125,155,55,104,255,17,143,4,0,141,255,77,116,0,137,245,93,255,0,255,203,74,19,84,124,129,26,27,0,251,139,255,146,168,110,0,183,0,161,0,0,0,50,85,0,87,246,214,255,47,0,0,152,227,255,255,0,255,126,0,67,226,255,0,0,255
155,38,161,38,255,103,158,120,97,218,130,123,41,255,214,162,72,206,112,43,0,255,144,88,128,255,39,255,100,92,240,170,200,122,65,206,94,56,153,83,139,107,0,184,64,210,114,176,156,205,215,62,174,176,173,255,246,48,212,255,111,14,127,154,173,9,255,194,176,72,0,139,255,86,24,0,141,189,85,255,0,255,234,129,0,0,214,255,71,168,0,184,180,255,138,242,0,0,255,5,140,0,1,89,0,143,0,221,244,244,255,153,0,0,79,180,255,255,0,134,255,16,23,255,255,0,115,255
153,34,156,33,255,104,170,137,114,238,129,130,97,255,198,193,123,196,105,29,50,255,135,86,87,221,91,255,62,101,172,129,223,78,120,255,84,47,205,109,181,52,0,255,0,255,226,230,115,255,190,41,65,144,159,255,203,85,255,244,130,0,154,168,2,0,255,99,166,0,0,147,255,51,90,0,134,255,83,255,0,255,248,77,0,75,149,255,12,6,33,243,197,255,168,227,90,0,255,0,255,0,2,0,0,153,0,151,198,171,183,149,9,0,176,227,255,255,0,255,253,0,116,110,255,0,15,255
157,38,157,30,255,100,154,127,119,197,118,126,53,255,218,182,105,224,141,56,26,255,200,66,0,244,51,255,1,224,234,65,197,173,0,91,44,118,132,118,118,86,0,139,55,99,120,208,232,179,243,76,255,130,255,255,250,9,192,255,93,0,145,60,62,103,255,174,255,25,0,0,255,0,119,147,112,173,34,255,32,255,255,108,15,5,255,255,29,254,0,200,255,255,197,255,0,207,255,0,102,74,162,0,0,255,105,216,253,243,217,83,47,0,0,255,255,255,0,0,255,163,0,86,255,0,204,255
161,34,173,29,255,107,175,130,130,221,115,168,52,255,255,226,22,255,133,67,47,255,210,18,0,213,56,255,97,208,191,27,255,206,0,120,0,134,148,175,11,30,0,58,89,82,65,255,255,255,251,141,143,191,255,255,255,43,142,255,85,48,100,117,3,74,255,218,255,46,0,0,255,13,127,80,180,222,0,255,43,255,255,170,0,99,255,255,0,255,66,128,255,255,198,255,0,255,255,76,178,69,217,0,118,255,121,255,219,182,76,187,92,0,4,255,255,250,0,0,255,108,0,0,255,0,255,255
166,36,176,25,255,77,179,126,137,225,129,177,78,255,255,233,57,255,169,106,19,255,255,0,0,244,112,255,61,255,211,0,255,235,0,52,0,191,197,239,0,0,0,0,45,14,89,255,255,239,255,158,128,236,255,255,255,0,106,255,71,124,104,46,0,137,226,206,255,95,0,0,255,41,144,129,197,187,0,255,140,255,255,255,0,142,255,255,111,255,128,206,255,255,255,255,0,255,255,53,188,110,202,0,252,255,229,255,234,162,0,180,0,0,0,255,255,255,0,0,255,221,0,0,255,0,255,255
166,29,171,11,255,24,160,143,159,192,174,176,111,255,255,237,31,245,206,41,24,255,255,0,0,255,186,255,48,252,223,0,255,255,4,21,0,252,138,255,0,0,37,0,93,31,97,255,64,217,186,32,75,255,208,255,175,30,97,255,57,81,77,0,0,48,180,93,255,191,0,0,172,27,79,25,244,161,0,255,134,255,255,255,0,169,255,255,142,255,157,255,255,255,255,255,0,255,255,0,198,82,61,0,255,255,255,255,239,22,0,229,26,0,0,255,255,255,0,0,255,255,0,0,255,0,255,255
159,28,162,26,255,54,156,131,147,187,154,162,60,255,255,202,29,237,166,35,20,255,233,48,0,255,147,255,58,191,252,79,255,196,0,114,34,166,84,164,52,38,24,0,143,113,56,235,148,213,186,13,146,233,208,253,205,21,101,255,65,40,98,45,33,0,212,161,255,115,0,46,217,11,108,13,220,182,0,255,3,255,255,181,0,70,255,255,88,255,20,193,255,255,255,255,0,255,255,71,200,134,164,0,200,255,150,255,210,89,143,204,0,0,0,127,255,255,0,0,255,175,0,0,255,0,255,255
159,29,149,31,255,54,122,110,132,172,163,135,48,253,194,168,88,192,171,57,24,255,208,56,37,255,88,255,61,211,255,109,220,172,0,94,67,113,87,160,123,103,8,0,112,104,111,164,112,157,213,47,178,177,255,187,255,0,101,255,43,83,62,0,67,20,176,103,255,72,0,0,241,0,132,119,173,111,16,255,99,255,255,84,1,23,255,255,61,202,0,127,255,255,253,255,0,198,255,134,98,112,138,0,121,255,187,199,153,111,160,67,60,0,0,182,255,255,0,0,223,156,0,0,255,0,190,255
158,29,156,47,249,47,124,108,134,184,154,149,66,247,194,157,96,205,170,54,17,255,188,79,26,255,111,255,81,157,233,137,233,158,0,148,69,119,62,167,88,110,14,0,183,159,95,206,68,156,176,32,148,213,234,164,232,12,116,255,85,86,67,25,90,64,146,96,255,81,9,42,146,43,145,78,222,118,15,255,76,255,255,139,0,22,199,255,133,255,0,95,199,255,142,255,0,146,255,178,160,79,146,0,164,255,175,255,149,74,226,167,42,32,0,59,248,198,0,0,255,127,0,59,255,0,116,255
154,30,144,37,250,51,119,118,117,209,193,126,85,255,210,138,97,167,171,3,74,255,163,107,0,255,166,255,20,176,252,152,162,184,3,131,95,118,94,162,140,94,38,40,134,167,136,181,29,156,202,0,122,215,205,151,198,4,127,255,117,0,81,116,17,3,120,90,255,164,17,64,217,0,91,80,169,181,69,255,0,255,255,118,7,44,255,255,120,188,0,164,255,255,250,255,0,22,255,191,178,52,144,0,0,158,204,174,129,8,164,127,35,0,0,48,255,255,0,0,244,114,0,0,255,0,63,255
154,27,145,44,255,64,118,127,122,184,176,127,73,255,213,143,54,183,151,0,61,255,177,89,0,241,196,255,65,181,215,107,183,186,11,140,116,132,76,119,164,113,100,112,102,127,146,159,86,171,148,1,127,115,159,161,213,72,124,255,104,0,102,248,69,22,176,99,255,58,39,28,255,0,96,91,47,183,35,255,0,255,255,13,72,56,255,255,56,233,0,220,255,255,151,255,0,114,255,158,255,61,95,0,0,228,249,255,111,100,173,138,10,0,0,33,255,255,0,0,159,129,0,86,255,0,179,255
155,30,139,44,245,41,118,111,125,177,186,110,64,252,200,106,95,153,175,41,45,255,206,79,11,238,172,255,33,218,255,109,151,156,0,110,112,116,107,82,134,109,38,41,113,148,144,128,74,145,225,21,179,136,255,95,255,0,69,255,34,0,68,100,100,42,128,107,255,60,0,40,255,0,66,109,138,124,38,255,16,255,255,156,10,0,255,255,143,190,0,192,209,255,203,255,0,72,255,162,93,126,130,0,5,137,176,212,178,44,252,59,0,0,0,42,255,255,0,0,181,181,0,114,255,0,106,255
157,36,150,30,255,75,126,132,114,230,202,117,70,255,213,130,75,163,169,32,125,255,210,85,0,222,197,255,0,209,214,109,117,217,0,113,100,179,149,107,91,84,1,45,136,172,179,181,91,108,255,6,196,157,211,146,222,17,123,255,76,0,143,65,39,63,167,83,255,93,0,60,223,0,40,43,121,208,10,255,0,255,225,248,59,2,255,255,127,181,0,255,245,255,244,255,0,79,255,171,94,62,139,0,0,123,168,255,255,0,170,34,0,0,0,80,255,255,0,0,255,224,0,0,255,0,120,255
155,30,142,43,249,9,109,111,135,178,215,93,89,254,212,87,113,112,197,35,41,255,251,81,0,255,200,255,0,235,255,134,137,157,0,99,85,162,66,179,94,94,78,0,135,190,140,170,43,148,232,1,100,182,207,114,231,0,38,255,0,33,35,7,19,41,72,43,255,131,21,0,201,0,94,103,231,139,27,255,21,255,255,200,0,5,190,227,176,238,0,182,231,255,255,255,0,99,206,184,16,106,122,0,91,153,246,230,211,0,255,98,0,21,0,57,255,255,59,0,255,233,0,44,255,14,127,255
156,30,153,40,253,58,131,118,124,199,184,142,51,255,213,151,61,179,187,29,37,255,208,87,3,250,148,255,61,172,250,144,180,179,0,142,113,147,106,126,115,117,42,35,169,130,131,175,90,158,187,0,160,234,200,135,197,25,135,255,120,0,105,107,74,3,163,115,255,117,4,100,209,0,82,33,155,129,16,255,0,255,255,176,0,25,225,255,95,219,0,179,255,255,221,255,0,79,255,212,135,75,159,0,29,193,167,255,147,24,236,81,37,0,0,38,255,255,0,0,255,132,0,65,255,0,104,255
156,33,145,45,255,44,127,130,138,186,186,120,107,255,225,119,96,149,174,35,58,255,250,64,0,197,192,255,0,255,243,46,150,179,0,72,68,188,103,148,103,52,53,0,56,115,180,194,128,167,255,33,109,148,224,245,222,0,115,255,3,21,67,38,0,137,149,98,255,31,0,0,235,0,145,160,180,211,0,255,13,255,255,150,72,97,255,228,79,198,3,255,255,255,255,255,0,223,255,197,128,131,176,0,1,255,255,255,253,0,127,131,0,0,0,255,255,255,0,0,255,231,0,0,255,0,209,255
159,34,155,8,255,45,129,111,123,215,208,131,63,255,223,152,91,169,201,22,51,255,235,82,1,255,120,255,4,194,245,160,167,207,0,111,98,142,108,219,115,83,0,0,129,101,137,192,24,122,208,5,192,255,255,196,201,0,136,255,138,65,83,0,3,0,150,68,255,195,0,106,205,0,19,13,219,53,94,255,0,255,255,222,0,0,165,255,116,255,0,200,255,255,255,255,0,125,211,155,10,0,49,0,41,239,185,246,159,14,89,83,3,11,0,43,255,255,0,0,255,212,0,0,255,0,21,255
155,26,145,27,255,41,105,110,122,193,193,133,45,243,198,146,61,154,188,0,54,255,166,98,10,255,112,255,52,158,255,207,183,193,1,144,91,121,24,213,136,163,17,0,231,183,116,171,28,137,107,0,120,255,255,114,154,28,137,255,140,0,64,32,27,0,127,27,255,231,3,93,155,0,104,42,228,77,60,255,11,255,255,91,0,0,166,255,74,233,0,67,255,255,255,255,0,38,231,213,91,4,102,0,55,235,209,176,71,61,199,92,127,0,0,4,255,255,0,0,254,99,0,82,255,0,38,255
155,30,144,35,251,34,107,115,116,210,213,114,64,255,200,117,91,143,186,21,96,255,197,102,0,255,189,255,9,203,255,159,138,185,0,120,90,140,101,167,103,107,27,0,183,191,169,162,28,105,203,0,143,217,240,114,214,0,62,255,57,0,69,48,37,12,71,54,254,211,43,56,174,0,73,51,212,123,28,255,0,255,255,223,0,16,221,255,188,228,0,166,237,255,235,255,0,8,235,251,81,58,139,0,34,95,212,239,169,0,213,70,0,0,0,0,255,255,0,0,250,179,0,17,255,0,36,255
154,30,149,44,250,51,125,110,123,203,186,124,76,255,215,124,93,176,168,33,45,255,208,124,13,230,174,255,20,184,221,149,170,163,8,117,133,129,91,131,113,98,41,71,126,112,152,177,60,169,204,16,150,187,216,146,227,0,132,255,111,8,69,197,84,78,144,115,255,38,49,26,198,0,100,80,164,146,40,255,0,255,255,146,38,19,225,255,113,210,0,153,231,255,167,255,0,54,255,243,178,51,182,0,0,196,191,255,116,35,238,106,23,49,0,4,255,255,0,0,239,99,0,111,255,0,100,255
158,30,160,17,255,37,142,115,129,205,176,146,84,255,247,179,102,231,180,29,49,255,232,59,0,255,162,255,31,200,223,62,200,223,0,85,62,147,100,178,98,35,48,0,65,95,178,222,18,193,159,50,182,255,219,240,236,5,49,255,48,31,101,33,0,41,79,118,255,68,0,0,159,0,94,26,160,157,0,255,8,255,255,255,0,85,230,255,128,255,0,186,255,255,255,255,0,169,255,203,136,57,140,0,123,255,181,255,133,0,153,107,37,0,0,38,255,255,0,0,255,189,0,0,255,0,182,255
161,29,177,4,255,30,135,119,150,221,200,153,101,253,255,196,49,219,222,1,46,255,200,55,0,255,135,255,87,154,181,123,223,250,40,109,40,197,68,255,67,89,39,0,179,115,120,255,0,199,78,0,219,255,115,244,176,112,100,255,162,47,58,0,0,0,134,27,255,233,0,103,30,9,25,0,240,82,66,255,47,255,255,234,0,117,147,255,191,255,8,177,255,255,255,255,0,152,255,137,124,0,8,0,144,255,186,255,210,25,4,112,115,0,0,124,255,255,0,0,255,181,0,0,255,0,211,255
159,29,162,25,255,29,128,127,148,228,202,150,114,233,242,144,63,172,184,22,33,255,201,102,0,255,182,239,11,171,216,131,129,245,33,121,79,175,38,255,111,98,67,0,185,112,159,243,24,117,172,0,161,255,129,193,163,0,84,255,170,88,50,0,0,77,77,0,255,214,52,66,118,9,54,21,173,174,35,222,57,255,255,243,0,43,206,255,176,255,19,173,255,255,255,255,0,173,200,206,119,0,141,0,137,255,245,255,186,87,121,89,0,30,0,0,255,255,0,0,255,171,0,0,255,0,182,255
157,19,154,0,255,0,114,122,163,208,219,144,145,213,249,138,62,126,206,0,64,255,157,47,0,255,167,209,0,116,216,180,127,247,65,160,22,209,0,255,102,11,15,0,233,167,136,255,0,166,127,0,163,255,149,151,114,0,62,255,142,183,43,0,0,0,11,0,255,255,50,146,0,0,6,0,255,187,72,74,3,255,255,255,0,44,123,255,235,255,84,191,255,122,255,255,0,223,163,48,0,0,0,0,238,255,255,205,251,114,34,255,0,200,0,0,255,255,46,0,255,255,0,0,245,0,125,255
160,33,165,67,255,37,104,141,141,206,175,106,92,213,229,142,56,174,134,0,19,255,141,130,28,255,205,158,142,161,231,110,132,189,94,163,67,123,88,255,153,106,82,0,235,179,148,171,1,93,96,0,120,255,50,229,167,94,102,255,78,0,14,90,0,97,31,54,255,200,128,126,158,46,135,59,196,83,31,238,96,255,255,161,24,3,232,255,255,204,99,191,227,255,3,213,0,137,214,255,170,26,223,95,80,255,126,255,118,53,107,120,99,0,0,93,179,231,0,0,255,183,0,68,255,255,242,255
161,32,161,71,247,20,109,120,143,182,177,123,98,222,207,141,96,185,163,21,31,255,143,108,0,238,188,200,130,187,241,112,172,177,43,139,55,120,91,191,116,145,93,0,201,183,93,162,22,105,188,0,140,252,125,160,215,89,84,255,96,47,38,76,12,101,53,52,255,128,100,81,63,49,173,88,203,119,58,222,124,255,255,133,6,0,149,255,232,159,61,152,245,255,50,223,0,132,244,255,192,102,172,0,111,255,128,255,81,51,177,92,92,48,0,40,144,133,0,0,255,132,0,103,255,189,109,255
163,33,186,48,255,32,102,117,160,187,165,106,117,158,207,177,51,195,191,0,0,255,131,118,0,255,200,196,160,138,216,92,221,221,72,132,124,149,65,222,130,208,83,0,245,141,91,97,0,184,0,0,180,255,41,214,154,155,170,255,149,12,0,0,77,100,116,11,255,255,0,190,7,148,55,0,148,76,132,153,191,253,255,165,0,60,168,255,255,226,93,197,255,255,0,213,0,147,137,172,165,0,44,0,84,195,85,255,255,134,100,134,169,0,0,176,255,168,0,0,217,146,0,70,255,99,255,255
161,31,170,5,255,70,157,127,132,221,161,160,40,255,255,234,25,250,172,21,51,255,242,101,0,255,128,255,56,188,243,121,255,228,0,129,62,161,77,214,75,50,13,35,162,99,87,250,141,184,125,11,178,255,190,255,167,74,128,255,97,0,85,67,20,0,187,158,255,189,0,88,174,0,106,0,234,105,22,255,0,255,255,206,0,45,255,255,106,255,0,221,255,255,239,255,0,198,255,166,150,23,145,0,172,255,93,255,195,0,77,166,18,0,0,36,255,255,0,0,255,139,0,0,255,0,223,255
149,20,132,57,222,11,114,86,141,167,183,146,108,214,181,56,89,136,175,11,46,255,188,63,28,203,139,255,0,190,255,145,176,82,0,186,155,28,75,110,160,95,42,26,73,202,155,166,77,151,187,0,88,121,255,109,204,0,50,236,121,0,107,97,121,16,115,26,245,11,22,24,233,0,138,167,156,153,22,255,34,255,222,63,21,57,255,215,113,186,149,53,209,255,208,255,0,0,255,174,255,76,194,0,90,159,208,64,159,10,255,133,0,2,0,0,255,255,44,23,89,107,0,0,255,4,175,255
152,24,148,46,236,12,130,80,137,175,180,138,86,216,211,102,127,177,216,26,8,255,178,90,28,255,118,248,49,133,236,222,151,137,15,175,127,67,47,121,111,88,25,0,141,178,154,221,8,234,145,1,173,255,228,103,201,0,61,255,107,68,123,45,115,46,98,68,228,84,18,33,108,0,105,1,161,136,72,231,0,255,249,170,0,89,128,255,154,210,0,21,220,255,255,255,0,0,233,162,197,20,91,0,127,98,140,122,133,40,255,203,68,39,44,47,232,253,0,32,217,56,0,108,255,5,171,255
155,31,140,73,238,16,106,90,138,180,185,111,95,220,183,67,132,150,202,41,25,255,154,68,30,237,144,255,65,164,247,155,157,99,0,141,78,80,68,67,109,151,22,0,166,223,99,147,78,152,231,40,142,125,236,130,255,0,64,255,123,61,67,78,83,71,78,102,247,64,92,32,161,23,99,152,209,111,76,255,46,255,182,96,0,38,156,202,218,166,3,39,250,255,167,255,0,17,253,224,175,121,101,0,56,186,209,214,111,7,255,86,0,39,0,0,180,212,3,48,177,89,0,127,255,189,52,255
156,25,145,0,255,27,114,104,121,214,184,138,52,240,226,158,69,146,171,0,66,255,141,57,35,255,103,255,27,94,255,200,147,221,0,202,35,138,2,239,153,63,0,0,255,255,116,235,0,147,124,0,108,255,241,119,145,0,69,255,115,92,83,0,0,0,22,8,255,255,0,178,93,0,67,0,255,108,135,247,0,255,255,200,0,0,178,255,155,255,0,161,210,255,255,255,0,94,216,158,0,0,0,0,48,240,156,151,100,32,64,231,32,0,0,0,255,255,0,0,255,212,0,0,218,0,77,255
153,30,148,37,255,57,117,111,123,204,178,139,52,255,217,131,64,169,161,0,44,255,149,94,26,251,107,255,40,157,255,177,175,177,0,152,85,133,47,147,127,121,0,17,204,187,126,212,70,168,185,5,112,241,249,146,178,0,151,255,117,4,63,85,71,0,172,109,255,156,0,100,217,0,83,44,207,135,35,255,0,255,255,123,0,0,174,255,52,216,0,99,246,255,255,255,0,20,255,179,98,15,134,0,0,232,170,165,159,79,255,119,90,0,0,90,255,255,0,0,255,129,0,82,255,0,93,255
155,25,149,47,249,31,112,112,131,170,174,138,53,232,200,142,47,165,170,24,24,255,148,59,18,255,139,236,102,137,255,159,197,180,0,168,57,151,13,156,114,138,53,0,248,231,81,159,32,169,130,0,101,255,185,99,182,49,102,255,80,41,67,34,63,0,97,55,255,157,46,82,109,45,150,35,255,128,25,255,18,255,255,119,0,14,167,255,142,223,0,110,201,255,229,255,0,76,255,225,133,106,130,0,104,255,177,233,95,50,255,157,108,0,0,51,241,255,0,0,206,148,0,91,255,30,128,255
159,29,149,0,255,23,118,109,123,205,199,137,64,255,215,149,83,151,184,0,64,255,194,62,0,255,148,255,10,181,255,131,151,246,1,135,52,148,76,255,138,68,12,0,182,173,129,187,0,118,156,0,174,255,255,146,173,0,84,255,104,70,91,0,0,0,66,13,255,255,0,122,190,0,34,21,205,74,91,255,0,255,255,226,0,0,213,255,147,255,0,198,255,255,255,255,0,84,208,99,0,0,0,0,108,170,202,189,187,64,31,116,0,0,0,21,255,255,0,0,255,255,0,0,255,0,20,255
160,31,173,8,255,76,153,133,129,228,163,179,32,255,255,236,5,255,174,13,60,255,209,68,0,255,116,255,82,163,225,122,255,248,0,146,48,189,75,227,73,87,8,0,198,118,107,243,131,157,90,12,176,255,192,255,153,103,151,255,165,0,109,55,0,0,188,131,255,184,0,85,134,0,111,0,219,94,0,255,0,255,255,223,0,23,227,255,55,255,0,137,255,255,237,255,0,206,255,216,159,9,154,0,145,255,148,255,133,0,127,108,103,0,0,24,255,255,0,0,255,123,0,0,255,0,161,255
153,26,152,39,244,44,128,93,122,195,168,166,50,233,196,147,71,176,217,33,42,255,159,37,0,255,125,255,77,162,255,163,156,164,0,174,112,112,125,109,139,117,32,3,168,175,175,175,106,169,142,59,163,255,219,81,206,0,76,255,148,8,145,65,95,6,77,95,255,133,23,62,183,12,155,76,102,114,0,255,0,255,255,191,0,76,205,255,123,255,0,110,232,255,249,255,0,2,255,255,160,32,112,0,24,69,240,111,111,0,255,84,109,0,0,62,255,255,0,0,147,152,0,37,255,0,26,255
160,30,179,27,255,105,152,131,134,236,129,195,35,255,255,240,25,255,157,24,60,255,198,74,0,255,108,255,114,139,190,101,255,205,0,168,50,191,80,172,71,84,36,54,181,86,133,255,170,194,95,81,147,240,168,255,171,109,144,255,168,0,107,160,50,0,250,203,255,88,0,79,171,8,146,0,163,110,0,255,6,255,255,169,0,67,255,255,32,255,36,140,255,255,120,255,0,255,255,255,216,0,195,12,58,255,177,255,110,0,129,174,110,0,0,62,255,224,0,0,255,97,0,0,255,0,253,255
160,28,165,31,255,59,157,119,137,203,139,173,55,255,255,197,21,255,163,59,24,255,207,59,3,255,146,255,93,166,224,43,255,216,0,130,51,169,35,149,38,79,11,12,177,147,68,234,130,204,142,59,137,220,234,247,191,68,82,255,89,25,106,114,57,0,212,184,255,46,0,66,172,3,90,0,212,155,0,255,28,255,255,247,0,35,249,255,130,255,6,142,195,255,145,255,0,163,255,155,183,120,186,0,222,255,86,255,181,36,188,174,0,0,0,0,236,255,0,0,255,150,0,0,255,0,255,255
165,32,171,19,255,45,163,130,138,212,170,165,99,250,255,210,34,237,194,46,0,255,255,26,0,255,177,255,62,202,231,0,219,255,21,48,0,204,99,255,35,60,50,0,117,78,79,240,115,227,189,43,78,255,157,255,134,68,94,255,96,100,93,0,0,23,219,138,255,212,0,27,204,51,23,1,182,180,0,255,62,255,255,254,0,142,255,255,125,255,90,247,255,255,255,255,0,255,255,31,147,75,56,0,215,255,215,255,236,125,0,229,0,0,0,255,255,255,0,0,255,202,0,0,255,0,255,255
166,36,166,22,255,33,161,137,157,199,169,153,125,255,255,193,86,227,177,64,0,255,255,2,0,251,234,255,0,255,255,0,178,255,0,0,0,255,115,239,65,0,22,0,30,14,187,255,179,202,255,99,87,247,225,255,184,0,84,255,20,110,99,0,0,150,173,177,255,70,0,0,255,0,56,137,174,229,0,255,121,255,255,250,23,187,255,255,98,255,227,255,255,255,255,255,0,255,255,47,148,143,89,0,192,255,255,255,227,92,0,203,0,0,0,255,255,255,0,0,255,255,0,0,255,13,255,255
167,35,171,8,255,42,171,126,141,217,165,160,105,255,255,201,70,248,179,36,10,255,255,49,0,255,202,255,33,232,255,0,194,255,8,37,16,227,124,255,73,0,2,0,90,39,144,255,110,198,229,67,124,255,225,255,178,0,95,255,80,110,104,0,0,53,162,155,255,181,0,28,235,0,0,40,146,178,0,255,85,255,255,255,0,90,255,255,164,255,111,255,255,255,255,255,0,255,255,1,111,102,51,0,241,255,162,255,255,70,0,214,0,0,0,255,255,255,0,0,255,255,0,0,255,0,255,255
165,34,165,36,255,53,160,119,144,209,147,133,91,245,255,186,105,248,187,102,0,255,255,40,0,255,182,255,28,228,211,0,148,235,23,17,14,181,116,189,45,60,41,0,85,35,175,249,162,214,216,118,196,162,227,255,203,37,36,255,54,79,122,41,0,117,161,175,255,50,0,0,255,0,59,133,86,179,0,255,146,255,255,255,0,121,255,255,131,255,108,183,255,255,255,255,0,255,251,122,146,121,173,0,178,255,200,255,172,160,0,101,0,0,0,232,255,255,0,0,255,144,0,0,255,0,255,255
165,35,177,12,255,89,180,116,115,254,121,181,33,255,255,238,51,255,140,67,16,255,201,91,12,255,123,255,88,153,239,35,250,255,0,115,24,194,81,186,44,62,0,20,163,75,86,255,213,196,144,110,208,234,223,255,200,80,120,255,110,87,131,138,21,0,190,251,255,118,0,50,252,0,89,0,166,157,0,255,2,255,255,255,0,27,255,255,128,255,0,124,255,255,201,255,0,153,255,233,161,95,204,0,211,255,61,255,193,126,18,138,20,0,0,19,255,255,0,0,255,78,0,0,255,0,255,255
166,37,168,20,255,62,173,130,142,210,137,167,102,255,255,205,78,253,169,54,0,255,224,6,0,255,151,255,35,233,248,0,197,255,0,26,0,225,116,226,74,5,0,0,65,25,110,249,181,212,255,90,153,255,238,255,202,11,153,255,88,128,114,0,0,105,208,189,255,73,0,0,255,5,72,124,143,189,0,255,117,255,255,247,0,112,255,255,82,255,107,238,255,255,255,255,0,255,255,42,111,168,138,0,199,255,214,255,255,161,0,145,0,0,0,255,255,255,0,0,255,252,0,0,255,0,255,255
168,28,203,0,255,65,175,122,158,255,145,227,111,255,255,255,0,255,196,20,9,255,187,0,0,255,19,255,143,193,182,0,255,255,41,85,0,255,29,255,7,59,5,0,159,6,52,255,89,255,37,61,152,255,143,255,81,93,106,255,255,122,123,0,0,0,230,98,255,255,0,87,135,82,47,0,255,98,0,220,146,255,255,255,0,212,172,255,129,255,255,102,255,255,255,255,0,255,255,68,79,0,0,0,250,255,231,255,188,255,0,245,134,0,0,255,255,255,0,0,255,255,0,0,255,0,255,255
168,33,179,5,255,64,186,132,144,231,130,197,90,255,255,254,28,255,165,46,0,255,224,17,0,255,156,255,83,209,255,0,248,255,0,31,0,243,104,255,44,0,0,0,110,6,108,255,175,236,186,109,104,255,234,255,158,30,105,255,125,120,124,12,0,10,190,215,255,151,0,0,233,19,54,8,155,207,0,255,103,255,255,255,0,124,255,255,74,255,144,220,255,255,255,255,0,255,255,69,170,123,112,0,255,255,183,255,196,60,0,226,8,0,0,242,255,255,0,0,255,190,0,0,255,0,255,255
165,29,168,17,255,38,161,111,136,220,150,151,86,239,250,207,98,243,180,53,29,255,234,73,0,255,162,255,48,182,232,0,190,243,38,91,42,164,82,254,70,43,59,0,154,80,133,255,51,184,148,47,174,255,213,255,200,18,43,255,59,96,84,41,0,41,83,118,255,136,0,65,148,0,61,38,128,154,8,255,136,255,255,255,0,24,252,255,220,255,64,241,249,255,243,255,0,243,218,178,122,60,110,0,200,255,149,255,199,45,0,175,11,0,0,21,255,252,0,0,255,165,0,0,255,0,255,255
166,28,180,0,255,21,169,122,166,213,171,183,138,250,255,221,61,243,209,0,4,255,225,19,0,255,127,255,44,196,224,0,223,255,35,44,0,231,45,255,88,1,38,0,116,20,106,255,26,246,139,0,121,255,198,255,114,0,105,255,164,137,80,0,0,39,166,59,255,245,0,76,118,13,0,0,201,137,0,255,171,255,255,255,0,122,238,255,149,255,225,238,255,255,255,255,0,255,236,0,58,0,0,0,255,255,244,255,241,162,0,255,38,0,0,255,255,255,0,0,255,255,0,0,255,0,255,255
167,27,193,0,255,48,165,122,155,244,134,185,70,238,255,255,6,255,162,10,2,255,203,123,12,255,107,255,128,146,230,38,255,255,47,116,25,212,0,255,77,66,43,0,214,64,81,255,130,253,39,8,155,255,136,255,77,84,54,255,112,91,76,0,0,0,158,184,255,255,0,141,26,0,91,0,235,134,4,206,149,255,255,255,0,91,236,255,177,255,121,175,255,255,216,255,0,239,255,163,83,0,43,0,255,255,36,255,156,150,0,255,40,0,0,23,255,255,0,0,255,63,0,0,255,0,255,255
163,31,165,7,255,51,153,121,130,222,160,150,115,249,255,198,95,233,149,11,17,255,208,93,3,255,168,255,21,194,229,24,175,255,31,70,20,154,65,255,111,17,0,0,70,66,141,255,81,205,167,28,134,255,196,255,119,0,109,255,101,75,113,0,0,32,129,104,255,197,0,2,240,0,38,34,174,201,0,255,18,255,255,255,0,109,255,255,115,255,105,197,255,255,255,255,0,255,255,21,114,48,67,0,212,255,154,255,231,114,0,251,0,0,0,148,255,255,0,0,255,179,0,0,255,0,255,255
163,21,183,0,255,20,148,124,155,241,189,187,107,255,255,254,6,237,167,0,47,255,170,74,12,255,91,255,23,111,205,133,255,255,91,111,0,214,0,255,101,0,0,0,169,94,101,255,0,197,6,0,165,255,152,255,15,0,85,255,202,66,88,0,0,0,132,0,255,255,0,137,5,0,29,0,255,89,6,114,47,255,255,255,0,52,210,255,182,255,157,164,255,249,255,255,0,255,255,0,48,0,0,0,255,255,193,255,218,133,0,255,38,0,0,121,255,255,0,0,255,250,0,0,255,0,255,255
164,27,176,0,255,46,148,128,138,238,173,164,91,255,255,228,43,255,136,0,32,255,194,134,19,255,150,255,61,144,193,82,228,255,91,91,46,142,7,255,104,32,38,0,159,105,94,255,0,169,70,0,153,255,129,255,85,76,113,255,118,25,82,0,0,0,159,67,255,255,0,115,135,0,20,0,233,129,0,240,28,255,255,255,0,37,225,255,167,255,41,167,255,255,253,255,0,218,255,76,104,0,89,0,255,255,54,255,222,111,0,249,0,0,0,0,255,255,0,0,255,161,0,0,255,0,255,255
162,23,176,0,255,47,129,109,142,246,165,155,82,241,255,223,26,237,138,1,36,255,154,163,35,255,124,252,77,87,171,140,242,255,83,127,44,126,0,255,100,69,23,0,196,102,93,255,0,205,48,0,178,255,137,255,52,27,87,255,136,75,65,0,0,0,130,64,255,255,12,145,60,0,59,0,238,119,65,94,76,255,255,255,0,18,152,255,182,255,0,141,215,255,207,255,0,122,255,150,42,0,114,0,220,255,82,255,160,132,0,171,0,9,0,0,255,255,0,0,255,126,0,0,251,0,164,255
163,17,179,0,255,0,118,118,166,234,221,167,129,228,255,228,9,204,190,0,61,255,182,95,0,255,109,238,7,143,173,127,222,255,122,66,0,205,0,255,93,41,21,0,196,89,140,255,0,162,0,0,190,255,159,255,9,0,21,255,187,69,60,0,0,0,95,0,255,255,0,131,0,0,0,0,255,100,0,0,142,255,255,255,0,54,161,255,201,255,148,152,255,254,255,255,0,255,245,0,0,0,0,0,255,255,255,255,255,151,0,221,4,137,0,39,255,255,0,0,255,255,0,0,255,0,236,255
163,27,173,0,255,29,141,114,148,223,194,143,122,252,255,189,63,206,175,0,38,255,234,87,0,255,143,255,0,189,203,67,187,242,69,57,0,149,81,255,79,0,0,0,89,62,159,255,13,202,149,3,132,255,207,255,70,0,48,255,130,61,110,0,0,22,127,0,255,255,0,70,189,0,0,49,214,141,0,235,80,255,255,255,0,88,243,255,185,255,155,217,255,224,255,255,0,255,229,0,7,0,59,0,251,255,209,253,255,123,0,255,0,45,0,216,255,255,0,0,255,255,0,0,255,0,255,255
160,26,168,5,255,48,126,109,134,244,169,138,97,231,255,178,51,207,150,23,47,255,180,141,23,255,157,255,22,124,194,129,180,239,46,121,19,128,27,255,53,59,0,0,171,110,144,255,49,218,134,21,129,255,189,226,60,0,60,255,123,93,68,0,0,0,131,57,255,255,60,63,127,0,2,0,213,198,31,217,20,255,255,255,0,61,187,255,178,255,0,150,253,210,255,255,0,121,255,105,43,0,143,0,167,255,137,255,202,123,0,188,0,23,0,0,255,255,0,0,255,160,0,0,234,0,224,255
163,33,180,20,255,82,119,92,115,236,151,146,57,212,241,179,87,233,124,8,16,255,178,156,55,255,126,255,154,80,153,152,189,209,81,169,127,150,0,241,136,166,27,0,158,99,171,255,14,110,15,104,155,249,137,192,127,61,116,255,194,59,98,116,65,0,191,103,255,137,0,97,131,30,0,0,73,51,71,153,42,255,255,186,0,0,139,255,130,255,0,52,250,255,102,255,0,99,203,255,26,0,95,18,135,255,36,255,129,112,109,59,80,0,0,0,204,211,0,0,255,81,0,98,255,8,255,255
162,31,186,8,255,74,133,94,127,244,139,150,89,199,253,179,65,237,128,4,9,255,155,175,33,255,87,247,114,132,172,104,210,255,35,121,57,164,0,255,138,160,56,22,112,77,140,254,73,248,0,129,184,255,140,255,111,70,55,255,181,36,111,88,28,0,177,98,255,177,11,28,146,0,29,0,137,125,131,171,84,255,255,208,0,47,115,255,150,255,18,83,255,255,92,255,0,96,255,252,60,0,112,0,62,236,46,255,124,211,7,156,111,0,0,10,255,253,0,0,255,126,0,60,255,0,255,255
161,30,171,19,255,74,115,99,138,240,141,113,74,252,231,170,95,205,114,69,47,255,211,145,8,255,214,255,55,163,170,33,193,190,31,75,81,166,65,240,21,99,0,0,142,95,180,254,80,193,144,191,131,144,203,176,99,0,41,255,87,43,105,149,21,24,166,144,255,56,98,28,196,0,3,79,149,192,46,255,0,255,255,222,54,19,116,255,132,255,8,106,126,255,123,238,0,115,255,225,86,0,207,16,58,255,67,255,93,248,0,82,50,57,0,0,255,255,0,0,255,86,0,0,254,0,255,255
159,37,154,8,255,71,131,97,130,224,169,102,56,255,209,126,83,162,157,72,43,255,255,110,0,255,212,255,11,240,227,47,99,238,0,76,97,168,146,170,59,83,0,9,144,68,151,168,164,189,255,154,200,181,255,148,161,0,106,255,109,49,125,135,16,29,149,162,255,96,45,66,255,0,0,125,96,134,90,255,0,255,255,208,7,0,207,233,95,255,0,238,217,255,255,255,0,27,236,77,0,0,74,0,0,251,98,244,191,255,30,0,0,0,0,60,255,255,0,0,255,226,0,117,255,0,202,255
166,42,173,20,255,74,117,82,129,239,175,96,68,255,229,128,149,189,188,80,30,255,255,117,0,255,151,255,70,185,155,83,99,208,0,131,54,150,134,255,42,61,0,0,160,107,212,255,124,173,233,165,164,222,207,189,149,0,122,255,97,143,104,3,0,140,128,97,255,172,10,92,255,0,0,167,131,64,62,255,26,255,255,205,0,42,104,255,141,255,0,150,255,193,255,255,0,58,231,46,0,0,53,0,131,231,108,255,251,255,0,59,0,6,0,237,255,255,0,0,255,161,0,9,203,0,255,255
161,41,154,46,255,65,144,102,124,204,138,100,102,255,210,106,134,145,153,125,0,255,255,43,0,237,210,255,0,255,185,0,65,192,0,4,32,200,177,148,22,115,0,0,36,49,122,120,255,228,255,202,202,95,213,191,169,0,150,255,9,90,102,87,0,242,167,236,255,0,92,0,255,0,165,241,153,117,53,255,0,255,255,243,135,116,239,96,119,255,0,182,208,255,255,255,0,95,242,110,18,167,39,57,37,255,254,255,255,255,3,73,0,0,0,255,255,221,0,0,255,255,0,158,255,52,243,255
157,29,158,57,255,67,90,103,150,220,139,82,45,245,195,127,115,169,112,83,26,255,211,113,30,255,187,255,102,156,171,107,182,78,57,70,122,129,89,187,10,197,0,28,132,143,217,210,120,238,174,155,181,107,230,130,107,0,45,255,43,0,43,213,64,29,114,221,255,80,234,109,255,0,163,92,122,128,75,255,0,255,255,165,28,0,185,175,113,222,0,133,137,255,47,255,0,67,248,221,12,40,131,89,113,255,168,255,103,255,50,44,0,67,0,51,255,79,0,0,255,212,0,212,255,165,119,255
165,27,180,90,216,67,65,55,155,202,133,92,61,140,150,120,139,155,90,78,30,239,190,169,31,255,144,138,184,114,129,185,203,36,80,90,166,60,32,145,47,255,0,62,128,176,255,183,128,220,52,216,140,129,120,110,105,0,18,223,139,75,70,239,181,37,111,199,255,92,221,131,203,142,89,142,48,130,98,111,186,181,192,110,86,19,82,119,90,121,62,82,230,238,0,255,0,161,120,255,33,0,91,116,132,215,168,255,121,167,85,65,38,140,113,26,75,19,0,25,255,150,0,118,222,138,92,255
160,23,185,51,245,7,94,82,162,207,148,132,148,117,169,113,60,130,181,36,0,255,98,143,40,255,104,47,205,46,153,188,151,182,45,209,69,177,0,255,111,211,63,0,227,128,118,215,6,250,0,0,200,255,20,37,72,26,46,235,175,91,29,0,13,80,0,0,255,130,162,97,59,85,79,26,105,206,136,0,210,198,255,199,0,171,109,255,225,185,119,70,184,233,96,255,0,11,255,255,37,0,40,0,218,174,255,173,153,255,83,196,135,152,106,131,255,4,71,0,255,155,0,127,41,101,124,255
168,27,175,123,199,21,89,53,162,179,140,100,99,109,100,81,148,143,108,118,0,226,152,131,40,255,80,126,197,151,137,211,79,63,46,164,172,36,46,79,61,212,0,101,155,232,108,130,136,200,101,192,219,87,158,105,124,87,0,170,205,79,26,141,181,85,42,174,209,127,184,121,198,167,20,116,48,85,125,122,140,141,102,135,53,80,84,197,218,99,58,19,166,255,114,255,0,12,136,255,144,57,71,169,166,175,97,255,103,156,255,45,8,152,12,0,0,26,0,105,255,33,0,0,255,255,83,255
164,30,184,73,236,64,61,66,174,209,131,60,84,183,162,114,93,155,88,73,13,232,154,146,65,255,201,138,167,72,163,173,223,10,74,70,182,105,104,112,39,178,0,72,78,170,213,124,92,255,57,239,106,150,82,121,59,1,25,255,173,137,51,183,123,0,8,236,255,57,255,71,255,0,7,127,79,124,26,146,139,201,184,194,218,12,86,193,45,108,22,54,233,255,0,170,0,163,187,178,44,2,162,31,68,255,172,220,101,180,67,64,0,66,187,0,188,24,0,0,255,117,0,32,176,179,134,255
162,24,175,59,231,74,90,70,153,230,140,121,69,159,169,148,129,173,133,93,14,255,153,165,72,255,101,142,171,64,139,146,188,93,99,106,103,140,0,157,73,224,0,62,175,126,255,249,104,246,0,157,184,189,146,149,96,0,31,227,181,95,47,151,89,0,117,118,255,58,184,156,185,57,10,116,54,140,125,34,204,130,238,89,0,64,41,204,98,142,16,152,223,176,0,255,0,106,145,255,53,0,80,0,114,253,171,255,125,255,0,15,102,134,120,0,189,0,0,0,255,102,0,114,151,102,141,255
162,26,173,87,224,38,81,96,192,181,137,107,124,170,127,99,86,115,142,94,13,255,144,101,15,255,199,140,177,131,174,122,121,136,52,174,186,158,57,162,135,105,23,14,216,124,146,251,0,237,138,34,112,255,50,20,92,0,43,255,220,59,0,0,100,93,37,29,235,227,146,228,206,140,14,159,146,191,176,10,125,102,152,153,15,143,143,255,209,0,143,255,158,107,77,251,0,86,171,181,22,22,128,0,115,237,110,71,125,211,207,115,81,201,36,91,178,45,82,61,168,255,0,171,119,101,136,255
164,25,181,38,234,0,103,107,200,185,149,95,133,156,149,135,66,115,143,27,0,255,167,133,0,255,200,53,212,96,201,185,163,90,107,151,178,123,0,255,88,148,24,0,169,100,80,208,0,253,0,28,151,255,43,63,7,0,36,255,245,58,0,0,5,0,0,0,255,170,144,180,249,11,43,23,39,220,149,0,175,151,255,255,0,31,89,255,74,132,10,191,231,178,50,255,0,111,237,131,0,0,81,0,255,255,115,3,33,255,85,67,39,255,0,0,203,39,200,0,255,200,0,220,94,255,50,255
156,12,155,40,235,9,120,97,204,201,163,136,173,132,183,120,26,89,178,88,0,255,153,121,52,255,156,103,96,92,171,156,60,181,78,141,98,150,0,255,156,186,104,0,244,106,107,255,0,255,114,0,110,255,86,55,60,0,0,246,185,20,0,0,5,0,0,0,255,255,90,142,109,118,64,0,133,255,217,0,153,152,255,232,0,164,129,255,135,14,127,255,83,121,125,255,0,161,240,138,113,0,44,0,145,255,199,50,161,173,29,20,0,255,24,0,255,0,161,0,255,134,0,150,255,151,155,255
162,12,167,45,219,15,116,100,219,198,149,113,156,102,174,141,66,98,201,90,0,255,148,100,40,255,149,106,168,97,140,123,126,138,103,106,97,114,6,255,188,217,128,0,247,125,141,246,14,255,81,0,155,255,64,25,16,0,0,255,150,26,0,0,17,0,11,0,255,255,36,227,67,57,42,0,74,255,255,0,217,188,255,217,0,215,77,255,150,81,232,255,62,196,68,255,0,196,255,152,4,0,13,0,196,255,92,31,144,253,19,50,70,244,97,0,255,37,178,0,255,78,0,94,173,56,226,255
158,11,184,15,236,0,107,90,215,187,165,114,170,120,197,151,29,103,189,38,0,255,153,104,6,255,127,38,143,52,194,175,195,137,132,158,64,162,0,255,57,135,35,0,195,103,88,255,0,255,0,0,115,255,37,44,0,0,0,255,248,140,0,0,0,0,0,0,255,255,119,179,37,64,0,46,151,255,170,0,255,104,255,126,0,239,0,255,182,251,187,255,214,0,176,255,0,200,238,0,10,0,60,0,211,255,189,0,141,255,17,144,165,255,0,55,255,94,121,0,255,117,0,71,0,31,247,255
159,16,186,25,240,0,87,93,196,194,181,104,160,106,192,166,14,111,185,52,0,255,138,156,49,255,133,29,190,53,162,237,187,185,117,152,88,153,0,255,74,182,33,0,205,90,63,216,21,255,0,0,225,255,0,65,4,8,0,255,207,75,0,0,0,0,7,0,255,255,128,184,46,102,0,0,152,255,193,0,251,194,254,152,0,170,43,255,239,254,162,255,180,105,96,255,0,85,255,36,37,0,16,0,147,255,190,107,129,255,46,101,85,255,0,0,255,115,176,0,255,161,0,161,0,126,86,255
162,25,167,55,233,18,107,95,182,188,168,64,123,176,168,117,43,143,164,64,0,255,144,83,57,255,137,97,182,26,157,162,125,105,161,165,113,134,20,176,117,95,48,19,184,151,100,204,0,255,0,42,175,255,15,114,69,13,39,255,228,54,13,0,30,0,0,0,255,36,90,113,228,89,0,86,117,145,113,0,250,207,226,251,7,134,100,255,103,41,0,210,224,180,126,203,0,145,194,115,109,0,79,0,171,255,190,34,114,177,131,26,68,199,0,0,255,0,83,0,255,118,0,96,3,185,255,255
175,41,196,74,243,72,85,81,173,208,166,53,124,156,133,94,98,187,129,103,16,255,138,99,44,255,153,171,248,53,172,121,95,76,44,205,201,126,81,84,109,169,0,102,143,151,188,200,117,255,78,255,87,89,34,202,74,141,76,236,255,164,75,104,140,129,0,49,255,103,115,28,255,75,0,118,107,32,49,163,255,108,172,255,166,70,121,192,70,74,21,83,255,249,0,128,0,208,237,165,253,0,154,150,0,255,154,179,104,165,193,83,0,15,148,43,246,61,7,60,255,32,0,0,14,192,205,255
175,39,189,76,235,89,78,77,166,226,151,61,67,184,142,126,141,224,159,82,68,255,169,67,41,255,107,222,189,78,161,173,147,113,36,212,178,140,103,70,35,204,0,97,146,149,246,201,94,211,0,238,161,112,84,112,127,72,97,251,235,239,69,132,102,110,69,120,255,77,55,188,255,0,0,175,71,16,90,116,255,107,144,184,100,18,181,198,33,153,0,22,255,255,15,166,0,210,187,129,88,73,89,0,32,213,242,255,255,255,51,108,56,0,112,23,152,8,0,67,255,154,0,0,183,0,84,255
176,38,182,85,225,70,93,79,160,221,139,43,97,180,137,76,130,158,134,98,28,255,136,82,48,255,137,157,225,104,140,110,134,55,79,173,150,118,105,53,72,167,0,103,115,170,184,216,116,255,66,255,71,82,102,177,60,97,99,203,255,176,89,162,71,71,17,98,241,137,93,94,255,52,0,126,85,84,71,119,195,174,170,233,72,86,81,144,28,51,60,113,255,195,0,228,0,139,225,156,127,58,13,91,25,255,101,233,223,245,47,103,0,62,178,16,111,26,0,60,255,6,125,64,18,197,144,255
174,37,184,90,226,56,71,68,152,200,158,53,86,153,140,84,135,162,90,73,6,255,165,123,52,255,166,127,209,94,152,163,147,28,84,152,209,77,80,55,78,166,0,72,112,164,208,212,130,217,50,236,129,130,95,123,50,66,69,244,252,115,34,148,132,79,62,152,255,97,87,88,255,60,0,160,88,95,67,123,194,158,119,190,98,28,158,184,48,77,0,47,255,255,11,246,0,148,215,212,79,22,109,86,72,206,114,240,179,165,130,66,25,170,101,50,130,80,0,64,255,79,0,56,41,137,46,255
159,22,179,72,215,30,75,64,188,202,130,98,104,120,149,117,93,137,164,68,0,255,156,158,36,255,154,83,175,79,114,180,199,71,61,53,140,57,5,217,68,218,0,24,195,207,193,194,84,255,76,103,178,255,46,74,37,7,0,255,190,20,0,52,76,0,29,138,255,166,192,144,139,49,29,101,0,211,135,0,226,154,239,187,72,93,62,249,95,0,77,129,205,230,0,255,0,55,210,177,0,0,21,0,204,229,112,169,88,222,105,42,86,138,159,16,168,0,40,0,255,113,0,73,168,185,221,255
155,9,191,9,250,0,101,94,231,191,172,129,175,148,213,150,2,94,192,0,0,255,127,140,0,255,131,12,159,49,140,228,195,159,106,180,90,199,0,255,28,118,34,0,254,110,84,255,0,255,0,0,161,255,0,53,0,0,0,255,241,69,0,0,0,0,0,0,255,255,99,255,0,12,0,0,137,255,214,0,246,99,255,152,0,183,0,255,182,255,210,255,134,0,169,255,0,73,255,26,0,0,0,0,240,255,146,34,153,255,0,181,164,255,0,63,255,55,94,0,255,149,0,133,0,98,211,255
164,22,186,58,223,0,80,96,217,195,157,92,139,142,135,121,56,120,170,46,0,255,202,118,28,255,171,64,220,81,138,200,168,123,106,159,129,121,67,220,89,131,47,0,220,193,170,204,26,255,0,48,210,255,28,61,34,66,23,255,237,47,0,0,40,9,21,8,255,141,73,198,166,23,60,34,28,211,94,0,255,189,255,253,0,112,48,255,56,62,1,175,162,171,96,255,0,70,179,162,0,0,24,0,246,255,179,70,65,255,165,21,50,222,117,0,223,0,177,5,255,161,0,122,42,184,145,255
168,29,183,89,203,52,48,62,169,205,147,58,88,147,120,115,132,114,82,102,0,255,189,176,46,224,249,76,171,122,138,146,239,0,82,38,255,64,91,111,82,173,0,109,155,211,228,193,184,252,104,183,96,200,93,130,59,94,24,255,213,76,0,118,115,14,63,183,255,173,187,136,255,58,0,153,34,243,35,89,213,163,170,170,185,34,129,178,13,35,49,152,234,255,0,255,0,146,205,132,0,0,131,82,135,203,67,211,187,193,164,0,32,135,188,8,158,120,94,66,255,135,0,0,166,119,68,255
172,36,185,70,225,69,98,82,156,231,129,37,84,180,164,120,147,169,124,107,30,255,137,136,12,255,208,174,160,77,115,47,177,33,81,66,170,104,103,132,75,234,0,76,112,161,231,255,121,251,135,255,153,53,140,166,35,55,42,255,169,40,121,149,132,83,67,118,255,63,169,100,255,40,35,155,80,151,119,100,214,249,188,255,82,50,86,170,136,108,13,167,255,218,0,209,0,142,203,238,61,50,193,106,38,209,45,205,152,178,0,38,59,106,134,4,164,59,0,0,255,27,47,148,11,105,195,255
177,44,199,78,219,48,86,59,131,217,127,43,91,166,127,59,109,171,113,118,40,234,126,107,52,255,176,229,219,74,151,75,146,72,31,163,97,71,122,123,75,203,0,57,144,206,184,206,95,226,140,255,152,126,73,155,121,19,64,244,168,130,74,184,169,161,95,93,255,86,123,12,228,150,0,63,145,92,72,154,191,195,140,255,102,81,72,154,43,81,89,116,255,205,70,255,0,111,160,255,106,77,117,129,113,255,67,223,145,175,81,106,80,120,212,101,199,102,0,35,255,29,24,119,0,203,128,255
169,36,181,72,230,48,98,85,159,189,154,61,116,176,140,81,96,143,86,56,0,255,142,134,38,255,202,148,203,93,156,79,139,63,80,144,142,85,78,103,85,124,13,63,128,173,159,160,57,255,71,240,93,107,48,184,78,62,78,215,185,75,57,123,154,106,53,73,255,5,72,43,255,87,0,104,112,139,57,169,233,188,163,255,185,89,83,204,65,33,5,143,216,225,0,209,0,112,199,210,159,29,152,71,123,255,35,116,183,217,95,30,17,127,143,37,162,91,0,0,255,64,4,152,23,140,176,255
176,47,213,103,240,25,87,107,166,161,167,60,126,122,85,95,142,203,100,39,1,242,135,167,44,255,228,117,226,96,240,162,89,68,48,188,143,36,121,86,105,184,0,62,86,182,194,118,87,173,194,255,170,96,56,135,99,0,66,255,152,107,56,77,255,186,78,141,255,47,109,26,195,109,0,55,110,74,37,103,192,209,183,255,124,35,207,255,201,18,141,95,255,255,0,169,0,138,79,95,253,193,255,222,0,200,70,171,118,255,205,175,153,110,207,255,211,255,0,94,255,63,0,150,76,181,25,255
170,39,202,54,229,47,118,80,150,195,116,71,95,158,159,147,78,194,117,74,0,236,142,169,0,255,247,159,229,44,217,105,182,140,5,158,132,23,130,145,76,177,0,141,124,165,69,139,127,255,96,254,136,164,36,176,107,123,44,255,98,117,131,147,255,135,11,146,255,10,149,19,255,64,56,90,124,147,54,116,255,255,245,255,153,83,45,231,53,167,0,188,255,255,0,154,0,133,218,238,142,64,255,178,147,240,0,121,44,149,137,127,49,8,229,0,45,91,0,0,255,24,0,247,115,147,133,255
171,43,201,64,247,34,103,111,166,183,147,82,108,157,128,135,83,200,80,42,0,255,120,171,9,255,255,161,248,97,218,50,173,164,63,175,132,75,107,158,130,166,23,20,124,154,124,121,69,199,68,200,183,172,11,202,112,48,98,255,164,81,5,53,175,157,128,133,255,26,103,90,255,108,13,27,123,156,66,43,255,231,198,255,66,65,148,255,213,123,27,158,255,255,0,138,0,153,122,202,152,87,255,139,140,255,25,151,85,255,179,58,116,116,170,74,206,227,21,0,255,93,0,255,95,158,127,255
176,38,196,61,236,43,103,101,158,190,145,69,96,88,142,129,100,173,108,83,0,255,130,148,36,255,235,165,227,107,206,97,192,135,67,150,125,67,104,195,222,240,15,28,125,171,148,167,96,166,129,245,177,75,48,170,36,116,67,255,156,77,3,90,185,141,178,116,255,126,82,122,192,152,43,92,127,90,146,47,255,246,241,255,32,73,125,235,255,149,74,169,222,255,0,209,0,129,90,245,87,67,219,202,107,216,12,150,105,235,115,126,126,104,174,0,177,171,0,0,255,51,0,186,61,143,86,255
172,32,194,44,242,30,96,98,172,202,168,89,110,136,183,162,73,181,152,28,0,255,159,159,28,255,216,161,209,93,146,90,240,163,65,122,137,98,82,249,102,188,60,0,194,117,108,185,31,230,0,102,227,239,57,215,63,104,104,255,164,16,29,0,135,106,129,44,255,139,62,174,171,119,111,1,180,74,122,0,255,255,224,255,25,94,141,255,255,255,69,147,242,250,0,223,0,128,195,199,98,0,189,46,173,194,59,185,190,251,3,70,42,197,16,0,223,242,0,0,255,158,0,162,0,62,162,255
176,49,203,86,241,37,89,73,119,171,147,60,79,161,138,130,84,189,92,74,0,255,149,187,72,255,220,190,229,60,201,68,167,97,58,154,117,75,114,82,112,158,16,66,103,147,151,112,135,162,135,214,236,123,10,122,93,17,116,255,177,54,60,183,223,194,167,151,255,59,110,48,155,177,0,154,81,106,65,185,193,203,130,255,105,55,196,242,201,136,22,155,255,255,1,255,0,118,123,255,88,204,182,203,185,171,43,255,148,173,213,161,107,232,141,189,169,127,0,0,255,93,0,153,40,186,108,255
175,44,197,82,226,13,67,68,140,164,146,40,103,123,75,105,113,123,120,89,0,255,134,193,95,233,255,170,226,58,194,84,156,35,27,123,120,7,98,144,148,146,75,53,180,185,158,76,102,125,193,224,222,158,19,105,93,71,95,255,186,0,3,123,253,180,124,76,255,23,129,50,245,124,14,116,76,170,118,137,255,185,147,255,155,41,196,237,131,30,40,194,220,255,59,255,0,134,37,255,26,127,109,126,251,227,68,112,0,204,205,73,94,255,144,83,243,169,107,18,255,114,0,98,32,179,0,255
177,43,186,80,224,37,99,62,104,173,140,49,63,168,135,98,89,173,120,130,12,240,111,139,58,255,205,229,219,105,177,82,137,123,49,148,92,64,121,83,134,146,59,97,119,157,115,123,134,173,156,216,255,106,57,134,159,98,90,214,179,93,70,235,230,177,126,110,228,63,113,39,194,202,53,127,129,75,130,150,187,236,134,255,41,77,171,173,159,120,8,181,237,255,50,255,0,83,109,255,130,199,100,189,180,193,76,225,64,174,149,162,51,255,118,2,119,106,0,0,255,102,37,159,66,174,0,255
175,49,188,101,235,16,59,42,70,159,196,48,72,180,132,36,89,120,98,137,0,255,123,195,88,247,215,199,204,87,215,112,92,88,69,112,56,56,130,20,88,159,94,100,200,191,94,79,60,103,124,171,247,189,3,110,176,144,54,144,144,51,46,191,223,198,123,149,255,46,131,0,255,197,0,78,140,82,51,255,159,174,61,255,210,66,223,203,121,137,0,90,149,255,164,255,0,45,88,222,181,224,138,55,233,115,210,221,144,210,171,47,0,255,119,198,175,188,0,0,255,141,0,173,103,122,0,255
169,42,201,68,247,33,86,75,127,186,164,114,67,172,160,161,68,184,154,71,0,255,130,162,103,215,156,227,202,60,211,111,191,141,51,118,13,65,117,57,129,133,82,76,240,157,98,31,121,181,93,54,235,191,0,255,152,210,107,244,212,7,1,66,179,139,105,126,255,43,44,45,120,161,97,103,99,29,101,255,226,209,123,226,115,84,165,255,193,230,47,228,198,245,83,255,0,10,140,255,202,28,131,94,158,189,73,213,87,143,237,10,33,76,79,71,157,141,0,0,228,179,0,114,70,107,119,255
161,39,169,57,255,37,108,93,103,203,190,102,70,215,151,133,7,161,133,32,0,255,159,147,141,246,103,196,107,6,210,168,114,165,111,162,5,10,109,90,173,52,129,153,216,237,60,30,26,151,73,0,255,255,0,207,187,197,101,255,192,0,75,80,141,75,85,61,255,21,68,84,186,138,78,82,142,47,153,255,46,255,180,242,146,0,255,255,159,134,0,199,218,255,255,255,0,0,93,255,126,51,36,68,87,123,132,247,142,50,255,0,0,0,0,0,136,255,0,43,255,220,0,75,128,55,109,255
159,31,169,44,255,39,133,99,112,195,185,131,24,252,225,160,2,207,156,35,0,255,182,70,34,255,116,255,143,81,211,201,201,172,64,154,61,106,74,98,77,117,59,30,198,208,48,105,72,179,14,36,255,255,77,125,147,158,65,255,132,0,129,81,139,0,127,128,255,79,23,54,114,38,83,0,199,32,39,255,0,255,184,255,0,16,154,255,167,255,0,84,215,255,153,255,0,0,255,255,179,58,139,9,108,169,94,255,161,0,255,52,107,0,0,0,123,213,0,0,255,150,0,114,232,0,128,255
166,40,175,70,252,16,90,84,113,161,194,94,71,192,151,128,49,175,123,11,0,255,125,71,77,255,113,208,217,41,200,172,155,152,95,183,15,25,102,78,83,145,20,0,170,220,18,46,0,148,52,47,255,255,27,120,129,214,135,255,187,40,76,0,149,53,119,77,255,75,21,87,135,141,28,57,204,0,113,255,40,255,37,241,82,19,121,255,171,165,0,72,255,255,204,255,0,0,198,165,176,51,16,28,116,226,104,218,162,157,255,39,64,67,0,84,214,190,0,0,197,213,0,168,66,77,0,255
153,28,147,24,255,67,145,105,88,178,160,128,0,255,220,155,0,182,115,39,0,255,126,33,157,255,55,251,134,6,255,234,188,166,31,194,72,90,85,0,167,123,8,97,221,228,6,47,83,212,165,0,231,242,192,44,170,106,101,255,52,10,197,69,233,0,211,255,162,80,0,154,207,84,43,0,150,131,105,255,0,255,163,186,0,0,255,255,98,210,0,222,156,255,255,255,0,0,255,129,92,79,10,5,0,142,13,255,131,105,255,127,0,0,0,0,255,255,0,64,238,135,0,255,141,0,83,255
154,28,149,0,255,56,126,102,108,213,162,149,28,255,219,167,91,177,168,0,51,255,158,71,84,255,51,255,36,64,254,234,204,210,0,197,47,108,0,172,138,102,0,0,226,252,86,232,7,195,148,0,127,255,255,165,167,25,149,255,92,104,93,0,30,0,181,91,192,217,0,114,137,0,26,0,246,134,138,255,0,255,255,78,0,0,152,255,37,252,0,73,255,255,255,255,0,0,255,117,19,0,0,0,29,226,51,173,126,149,111,234,120,0,0,73,255,255,0,0,255,33,0,11,234,0,169,255
155,25,148,0,255,48,126,106,111,217,199,160,70,255,242,179,99,190,169,0,70,255,172,83,58,255,87,255,0,110,238,201,201,242,5,145,64,110,0,242,152,53,0,0,126,156,122,255,0,206,121,0,126,255,255,191,104,15,145,255,149,61,105,0,0,0,192,65,255,255,0,112,187,0,20,0,255,122,123,255,0,255,255,121,0,97,214,255,35,255,0,113,255,255,255,255,0,3,255,67,103,0,0,0,30,248,169,174,129,72,0,255,73,0,0,83,255,255,0,0,255,128,0,0,255,0,120,255
155,26,141,3,255,41,119,109,116,215,197,129,102,255,205,159,138,171,162,0,89,255,198,91,16,255,143,255,0,147,217,151,172,224,32,152,32,44,77,255,155,3,31,0,76,195,142,255,0,199,156,0,111,255,221,207,181,0,93,255,92,42,81,0,0,0,137,13,247,229,0,75,255,0,72,89,203,158,175,255,0,255,255,100,0,79,255,255,78,243,0,167,255,255,255,255,27,0,255,36,133,0,20,0,6,171,211,86,168,57,2,206,0,0,0,71,255,255,0,0,253,206,0,0,255,0,131,255
155,29,141,0,255,40,110,106,105,222,199,143,80,255,204,146,122,152,161,0,100,255,152,77,32,255,134,255,0,110,232,172,148,255,0,167,8,96,9,255,174,37,0,0,153,255,129,238,0,152,162,0,122,255,234,194,148,0,132,255,100,88,71,0,0,0,150,0,255,255,0,117,225,0,21,4,255,98,175,255,0,255,255,121,0,29,204,255,94,255,0,160,255,255,255,255,69,0,209,40,0,0,0,0,19,166,161,138,217,84,0,207,0,0,0,113,255,255,0,0,255,238,0,0,255,0,73,255
154,29,146,24,255,62,114,108,105,213,174,136,57,247,208,154,89,177,167,4,51,255,146,96,68,255,100,255,47,116,229,199,190,192,7,171,81,80,34,196,121,126,0,26,156,208,100,203,13,184,162,0,118,238,214,164,179,61,168,255,115,44,60,93,50,0,210,89,208,185,0,100,207,0,78,3,212,136,109,255,0,255,255,48,0,27,197,255,86,220,0,65,255,255,255,255,0,0,255,148,128,0,66,0,8,173,121,142,126,151,149,171,93,0,0,68,255,255,0,0,237,60,0,55,255,0,96,255
157,25,169,0,255,44,118,118,150,208,204,169,121,253,235,198,37,183,237,0,66,255,168,14,0,255,45,255,36,147,187,158,255,253,42,164,0,201,0,255,73,73,4,0,180,162,64,255,0,255,0,0,128,255,159,255,58,35,162,255,255,58,24,0,0,0,255,0,255,255,0,200,130,68,0,0,255,6,176,162,4,255,255,75,0,141,178,255,110,255,114,118,255,127,255,255,0,187,188,0,41,0,0,0,28,255,255,209,241,255,0,255,160,0,0,255,255,255,0,0,255,255,0,0,255,0,255,255
158,13,165,0,255,0,116,136,173,199,243,198,174,255,255,197,62,134,203,0,166,255,176,0,0,255,178,255,0,159,200,30,181,255,62,141,0,241,0,255,101,0,85,0,203,255,94,255,0,188,101,0,0,255,91,207,29,0,40,255,149,50,64,0,0,0,107,0,255,255,0,255,87,23,0,0,255,168,80,152,0,255,255,255,0,177,166,255,255,255,255,255,255,0,255,255,205,255,163,0,0,0,0,0,244,255,244,86,255,177,0,255,2,39,0,255,255,255,0,0,255,255,0,0,255,0,255,255
155,18,152,0,255,0,94,112,155,193,212,149,132,218,241,152,65,135,200,0,63,255,143,52,0,255,145,240,0,133,220,175,182,247,55,136,17,157,0,255,119,55,46,0,192,199,114,255,0,202,80,0,85,255,160,151,52,0,90,255,183,88,22,0,0,0,81,0,255,255,5,131,50,11,50,0,255,109,160,136,23,255,255,123,0,104,191,255,173,255,14,168,255,137,255,255,0,126,216,0,63,0,0,0,123,255,255,68,144,149,0,255,59,70,0,165,255,255,0,0,255,255,0,0,221,0,161,255
155,20,157,0,255,31,121,115,137,207,181,166,117,231,243,196,71,187,196,0,82,255,147,53,13,255,88,255,7,107,213,182,221,237,36,179,0,124,0,255,125,58,43,0,184,224,80,255,0,250,48,0,68,255,162,195,45,22,115,255,190,54,42,0,0,0,159,0,255,255,0,160,25,17,65,0,255,109,165,177,0,255,255,127,0,78,221,255,121,255,39,145,255,146,255,255,0,168,248,8,62,0,0,0,47,255,213,157,148,79,0,255,97,0,0,129,255,255,0,0,255,220,0,0,255,0,200,255
156,26,168,28,255,63,145,120,121,230,140,182,85,243,246,209,46,251,158,0,28,255,162,116,0,255,71,255,72,140,217,160,255,235,0,200,41,121,14,255,99,143,66,57,170,144,95,255,96,248,28,0,96,255,145,255,65,135,147,255,173,0,93,127,0,0,166,150,255,183,0,41,70,10,216,0,174,167,44,255,0,255,255,135,0,84,242,255,29,255,36,13,255,255,170,255,0,15,255,221,255,0,92,0,36,255,199,255,110,97,101,255,128,0,0,24,255,228,0,0,255,0,0,0,255,0,135,255
154,22,151,0,255,29,120,115,138,203,189,152,109,255,221,179,82,180,167,0,74,255,178,74,0,255,101,255,0,162,239,163,215,255,10,165,27,110,0,255,154,34,39,0,143,165,96,255,0,228,50,0,94,255,223,234,78,0,121,255,193,42,76,0,0,0,122,0,255,255,0,80,193,0,102,7,255,139,163,255,0,255,255,66,0,49,226,255,31,255,0,101,255,173,255,255,0,89,255,27,90,0,2,0,36,255,255,82,102,135,21,255,65,0,0,113,255,255,0,0,255,255,0,0,255,0,135,255
156,26,153,7,255,55,122,118,122,222,176,150,79,250,213,181,58,190,169,0,76,255,168,89,4,255,106,255,17,134,227,176,210,220,2,171,34,92,25,255,121,99,21,0,193,186,94,245,0,190,104,0,104,255,204,194,134,35,118,255,167,39,49,33,0,0,167,36,255,255,0,114,151,0,88,12,210,143,144,255,0,255,255,91,0,31,242,255,57,255,0,92,255,255,255,255,0,71,255,161,124,0,46,0,4,255,221,162,114,98,49,205,87,0,0,13,255,255,0,0,255,136,0,0,255,0,105,255
154,31,133,45,255,60,122,117,92,200,191,86,74,255,192,111,96,139,153,19,76,255,171,90,39,239,151,255,23,180,243,131,121,154,34,160,114,72,100,128,141,105,38,115,90,213,129,136,96,166,255,0,114,67,201,150,224,34,142,255,12,0,95,185,53,29,182,105,140,112,0,97,255,0,45,50,90,230,79,255,0,255,250,45,68,29,255,255,129,157,0,225,235,255,220,255,80,0,255,83,156,63,5,0,0,0,141,155,255,185,161,180,0,0,0,114,255,255,0,64,152,90,38,73,255,0,82,255
153,30,134,28,255,35,126,107,102,209,211,107,81,248,203,86,93,127,151,0,67,255,195,108,38,255,174,254,0,165,255,177,110,188,7,155,117,91,35,163,162,90,48,20,130,199,102,146,18,157,242,0,99,187,229,107,206,0,80,255,44,54,55,126,47,17,120,98,166,129,21,88,254,0,18,55,160,191,123,255,0,255,255,137,16,0,255,215,154,162,0,202,255,255,255,255,64,0,218,199,56,55,90,0,0,25,177,160,220,55,215,154,0,0,0,0,255,255,31,25,246,183,0,65,255,0,47,255
155,25,132,18,246,0,88,87,125,198,228,95,101,215,207,101,176,123,222,0,50,255,200,110,18,255,176,254,0,159,228,231,102,194,60,133,74,58,0,255,142,61,40,0,163,218,126,202,0,168,121,0,136,255,245,128,163,0,54,255,62,112,18,0,0,18,63,0,241,255,62,38,178,0,112,54,255,66,191,255,0,255,255,99,0,49,128,201,197,255,0,106,255,195,255,255,0,0,156,92,29,0,0,0,110,49,249,107,125,54,99,199,16,92,0,20,255,255,11,0,255,233,0,22,255,82,38,255
157,22,143,0,255,15,94,104,127,200,210,124,87,244,206,161,107,145,214,0,91,255,185,104,0,255,137,255,0,145,231,198,215,236,22,135,24,86,12,255,135,61,25,0,160,205,131,240,0,185,99,0,145,255,225,152,113,0,78,255,111,63,17,0,0,0,135,0,255,255,0,134,108,0,45,45,217,80,168,255,0,255,255,76,0,48,209,255,75,255,0,130,255,255,255,255,0,32,225,43,35,0,0,0,60,191,255,145,183,131,0,122,70,0,0,136,255,255,0,0,255,255,0,0,191,0,97,255
156,26,166,0,255,70,132,120,122,220,187,162,43,255,240,212,10,196,210,0,71,255,191,65,18,255,15,255,68,102,209,255,255,212,0,216,26,181,0,255,67,140,0,0,255,183,52,255,16,221,37,0,131,255,197,208,77,121,200,255,223,20,80,0,0,0,255,49,255,255,0,202,29,7,25,0,255,62,163,255,0,255,255,57,0,21,141,255,33,255,0,89,255,255,255,255,0,75,255,97,92,0,0,0,0,255,170,255,160,187,0,248,231,0,0,183,255,255,0,0,255,103,0,0,255,0,152,255
156,32,152,0,255,76,130,112,105,211,190,154,48,255,209,176,56,170,193,0,57,255,161,37,44,255,45,255,41,105,251,186,190,238,0,184,27,129,41,216,145,96,0,0,172,182,68,209,5,200,136,0,154,255,240,191,124,47,223,255,201,62,130,0,0,0,255,69,255,255,0,226,255,0,0,0,205,75,157,255,0,255,223,49,0,12,191,255,16,255,0,154,255,255,255,255,11,22,241,0,5,0,0,0,0,255,151,158,224,255,16,192,92,0,0,245,255,255,0,0,255,237,0,0,255,0,110,255
153,30,147,28,255,79,134,114,111,220,162,123,79,255,143,137,109,148,169,17,78,255,124,54,40,232,89,255,61,91,199,140,178,147,13,236,41,50,74,190,189,150,0,76,111,255,177,174,39,189,139,3,63,253,230,238,185,48,203,255,143,98,70,51,34,13,255,10,193,138,0,210,236,59,69,0,160,137,140,255,0,255,188,22,7,53,91,241,7,72,0,157,255,230,255,255,43,0,205,120,11,0,0,0,0,215,120,120,164,177,128,135,114,0,125,139,255,255,0,149,160,51,6,81,255,0,0,255
154,35,167,44,255,95,138,109,111,236,138,157,60,254,172,167,49,179,190,5,62,255,101,75,19,199,57,255,86,111,225,180,193,167,0,255,45,82,116,182,132,182,0,90,182,243,148,217,134,184,184,24,86,255,152,247,165,96,238,255,224,41,76,159,126,22,225,55,212,130,0,205,153,85,100,0,105,126,131,224,0,255,255,87,0,0,90,255,55,106,2,135,255,252,132,255,0,0,192,194,120,0,42,64,0,236,90,123,171,218,255,129,207,0,187,179,255,212,0,73,172,29,67,96,255,0,112,255
152,19,139,0,255,1,110,82,113,186,190,157,65,214,204,136,96,144,201,0,48,255,139,41,31,255,92,254,20,77,254,255,161,220,0,185,56,71,0,255,186,95,24,0,237,255,76,185,0,222,28,0,79,255,245,106,65,0,107,255,97,123,51,0,0,0,110,0,233,255,0,68,59,0,116,0,255,43,160,255,0,255,255,81,0,66,123,255,57,255,0,19,255,218,255,255,0,0,196,171,8,0,0,0,66,145,247,35,112,58,117,255,181,0,0,75,255,255,0,0,255,173,0,0,224,0,37,255
154,21,135,26,241,5,124,83,114,170,167,132,82,199,193,138,123,144,180,0,10,255,164,77,24,255,126,208,47,147,255,230,140,135,88,165,102,0,9,250,211,45,82,0,124,189,73,145,0,208,24,0,109,255,182,120,118,0,106,255,70,14,103,33,0,0,62,33,212,161,4,0,226,0,224,19,143,51,108,240,0,255,255,117,0,57,222,255,85,184,0,47,255,255,255,255,5,0,181,179,163,0,0,0,113,38,222,0,108,12,142,252,112,3,0,44,255,255,0,0,255,179,0,25,255,0,53,255
157,16,157,0,255,0,108,106,132,197,233,150,131,241,255,190,62,151,205,0,47,255,180,57,0,255,61,250,0,128,188,255,248,255,101,167,7,138,0,255,117,77,62,0,172,183,39,255,0,242,0,0,168,255,147,233,2,45,163,255,180,78,0,0,0,0,209,0,255,255,0,119,4,0,71,0,255,0,231,101,0,255,255,50,0,54,157,255,135,255,0,56,255,157,255,255,0,7,221,0,11,0,0,0,197,255,255,169,255,249,0,255,85,17,0,196,255,255,0,0,255,255,0,0,255,0,51,255
155,24,142,0,255,11,107,108,123,195,231,138,109,242,230,141,96,126,192,0,61,255,177,53,14,255,107,255,0,116,231,220,169,253,40,160,16,124,0,255,159,48,14,0,157,224,65,253,0,193,77,0,110,255,195,178,55,0,163,255,159,97,53,0,0,0,196,0,255,255,0,179,177,0,0,0,255,50,232,243,0,255,255,67,0,37,185,255,80,255,0,131,255,165,255,255,66,22,166,0,0,0,0,0,56,255,255,133,253,216,0,255,0,0,0,180,255,255,0,0,255,255,0,0,255,0,87,255
154,27,148,0,255,17,96,111,125,197,220,122,106,237,204,130,85,125,192,0,48,255,187,97,0,255,77,255,0,145,210,235,191,255,30,181,27,128,0,255,147,128,58,0,186,242,53,228,0,193,32,0,136,255,155,214,79,36,167,255,150,71,7,0,0,0,225,0,255,255,0,137,142,0,32,0,255,33,255,215,0,255,255,0,0,0,146,255,89,255,0,83,255,206,255,255,15,0,199,0,0,0,0,0,5,201,255,163,255,255,48,205,42,0,0,209,255,255,0,0,255,255,0,28,255,0,71,255
156,20,152,0,255,10,117,99,132,199,201,154,92,229,236,179,68,170,214,0,47,255,154,64,7,255,46,255,17,92,214,255,225,246,54,187,35,137,0,255,153,72,6,0,218,182,38,255,0,252,0,0,163,255,214,185,30,0,159,255,189,131,62,0,0,0,205,0,255,255,0,187,39,0,56,0,255,20,224,131,0,255,255,83,0,21,147,255,56,255,0,56,255,181,255,255,0,19,232,0,0,0,0,0,88,255,255,139,199,232,0,255,105,0,0,115,255,255,0,0,255,255,0,0,234,0,51,255
155,22,146,0,255,31,123,109,125,199,178,149,67,247,232,162,47,167,163,0,58,255,197,80,0,255,86,255,0,139,255,206,211,219,0,194,41,127,0,255,106,72,9,0,220,190,78,255,0,226,43,0,66,255,248,192,32,0,132,255,108,29,55,0,0,0,161,44,255,255,0,114,110,0,80,0,255,82,116,255,0,255,255,128,0,0,215,255,16,255,0,62,255,255,255,255,0,58,255,117,29,0,0,0,79,255,221,172,170,92,0,255,48,0,0,31,255,255,0,0,255,173,0,0,255,0,92,255
155,28,154,29,253,59,138,120,113,217,159,154,80,251,225,202,64,204,171,0,70,255,163,92,27,246,169,255,46,117,248,133,201,190,36,172,96,57,156,192,112,55,58,48,124,154,118,218,21,199,207,0,108,249,127,214,177,92,160,255,141,0,92,243,32,0,167,117,255,166,0,120,129,15,97,16,76,234,82,255,0,255,255,57,38,55,255,255,125,222,0,236,255,255,206,255,0,24,255,159,255,0,89,0,0,195,102,102,94,45,56,202,78,0,0,45,255,255,0,0,213,30,0,0,255,0,122,255
157,17,155,0,255,20,113,124,149,196,217,161,117,255,254,211,59,169,203,0,93,255,195,16,0,255,71,255,0,133,190,184,234,253,60,162,0,141,0,255,113,17,39,0,176,187,75,255,0,215,16,0,64,255,173,201,24,15,127,255,203,26,71,0,0,0,184,0,255,255,0,182,83,0,32,0,255,82,146,148,0,255,255,92,0,76,203,255,51,255,67,145,255,120,255,255,0,255,255,0,50,0,0,0,101,255,255,137,162,143,0,255,98,21,0,190,255,255,0,0,255,255,0,0,255,0,230,255
155,32,155,9,255,80,122,128,110,212,169,149,55,255,187,187,55,188,185,0,70,255,142,44,30,255,52,255,54,105,226,174,227,231,0,211,4,143,6,255,135,127,0,0,227,244,81,233,1,190,120,0,105,255,224,208,147,74,213,255,180,54,92,0,0,0,255,30,255,237,0,188,190,21,14,0,255,114,125,255,0,255,242,48,0,9,161,255,42,202,0,135,255,255,255,255,7,72,255,15,40,0,0,0,0,255,163,213,178,205,89,244,175,0,0,241,255,255,0,0,255,210,0,0,255,0,126,255
154,10,163,0,255,0,124,113,153,178,233,187,139,222,255,222,13,161,255,0,95,255,174,0,0,255,5,247,0,95,203,255,255,255,116,172,0,219,0,255,103,15,0,0,213,190,0,255,0,255,0,0,64,255,184,230,0,36,155,255,255,114,48,0,0,0,255,0,255,255,0,249,0,63,0,0,255,0,208,21,0,255,255,30,0,157,186,255,105,255,63,164,255,2,255,255,63,228,157,0,0,0,0,0,109,255,255,130,255,255,0,255,156,11,0,255,255,255,0,0,255,255,0,0,234,0,255,255
155,35,166,27,255,102,136,118,113,246,149,153,61,255,200,188,78,211,164,18,61,255,166,106,29,243,46,255,52,145,208,179,230,190,0,219,27,87,71,229,103,137,0,67,146,183,137,253,112,188,128,26,96,247,190,255,156,84,202,255,207,4,85,114,53,0,255,91,251,191,0,110,235,27,103,3,211,128,142,255,0,255,255,57,0,61,143,255,32,177,0,72,255,255,188,255,0,10,255,177,122,0,149,52,0,255,108,201,109,203,99,159,204,0,111,183,255,255,0,0,255,34,0,0,255,0,211,255
156,23,176,0,255,54,129,136,143,221,173,193,78,255,255,233,0,220,172,0,54,255,134,86,0,255,116,255,87,97,203,180,255,255,29,163,38,163,0,255,108,149,75,0,224,173,30,235,12,207,10,0,108,255,59,251,0,183,183,255,252,0,64,0,0,0,254,57,255,255,0,163,38,28,94,0,255,117,70,164,0,255,255,63,0,94,190,255,53,255,0,88,255,255,255,255,0,108,255,139,179,0,70,0,72,255,166,255,91,187,78,218,158,0,0,87,255,255,0,0,255,78,0,0,255,0,183,255
154,30,155,29,255,66,130,111,119,215,179,132,83,251,178,156,70,169,194,8,71,255,173,77,0,249,102,255,39,128,206,199,218,173,9,228,76,81,93,231,151,117,14,39,120,195,133,211,40,186,128,0,107,255,172,231,181,75,181,255,193,17,55,113,56,0,231,37,204,152,0,156,183,51,88,33,189,121,170,255,0,255,232,15,0,64,142,255,61,113,0,144,255,255,255,255,0,0,209,164,149,0,56,0,0,240,189,126,93,105,130,140,177,0,49,116,255,255,0,0,202,75,0,16,255,0,65,255
155,27,140,0,255,29,102,117,125,196,187,127,100,255,201,140,120,147,171,0,81,255,171,89,0,255,120,255,0,188,239,149,167,255,0,160,21,111,0,255,162,42,31,0,121,245,138,243,0,177,145,0,134,255,237,199,146,0,126,255,104,53,58,0,0,9,111,0,255,255,0,55,233,0,96,34,251,142,135,255,0,255,255,96,0,7,231,255,77,255,0,164,255,255,255,255,28,56,255,0,0,0,0,0,74,193,202,126,225,187,109,179,0,0,0,215,255,255,0,0,255,255,0,0,255,0,125,255
154,25,150,12,255,71,123,114,117,210,128,164,42,255,194,194,72,186,153,0,61,255,125,48,60,255,35,255,53,80,248,171,232,194,0,203,19,105,15,195,141,111,0,0,223,255,96,250,41,204,155,0,58,255,255,180,171,25,162,255,98,84,91,0,12,0,172,84,231,169,0,97,141,0,147,0,231,189,70,255,0,255,255,66,0,14,169,255,0,211,0,88,239,255,255,255,0,98,255,157,70,0,0,0,5,255,127,105,71,107,101,252,163,0,0,104,255,255,0,0,250,36,0,0,255,0,99,255
156,26,140,31,242,10,103,102,123,195,190,106,99,217,195,137,129,147,195,0,57,255,178,101,0,255,217,255,12,170,250,162,148,186,63,159,89,52,90,255,142,41,67,0,106,190,148,173,0,170,148,0,132,233,169,155,180,0,74,255,64,54,41,86,0,28,66,13,204,250,73,47,182,0,142,100,134,147,136,255,35,255,255,77,0,57,248,255,185,235,0,172,255,255,255,255,31,0,193,123,179,0,49,0,84,55,214,43,122,77,48,148,60,3,0,76,255,255,0,0,214,175,0,0,255,4,86,255
157,24,148,0,255,16,105,105,119,198,218,133,85,247,211,169,111,163,194,0,57,255,188,77,19,255,60,255,0,132,212,228,197,255,53,170,49,91,0,255,179,66,3,0,168,210,87,246,0,186,0,0,143,255,235,231,71,2,148,255,141,55,48,0,0,0,193,0,255,255,0,144,150,0,43,0,255,0,210,219,0,255,255,68,0,15,139,255,71,255,0,71,255,180,255,255,0,0,197,0,0,0,0,0,95,250,231,149,183,188,0,255,107,0,0,157,255,255,0,0,255,255,0,0,255,0,78,255
151,29,140,23,255,64,129,87,96,189,159,122,45,238,174,117,85,132,183,0,0,255,154,64,94,255,19,255,42,42,255,237,160,165,0,230,71,79,0,112,189,143,0,19,219,255,65,146,77,255,175,0,93,240,245,129,166,30,198,255,120,114,100,35,138,0,241,137,153,102,0,140,239,24,36,0,173,113,187,255,0,255,231,15,0,0,126,225,0,147,0,86,255,255,255,255,39,0,244,143,18,5,0,0,0,112,141,127,148,243,255,237,84,0,67,167,255,255,0,81,222,30,126,158,176,0,101,255
156,32,142,61,248,31,71,80,105,180,174,73,81,209,178,109,148,112,199,16,41,255,89,92,53,242,149,255,100,153,246,146,146,120,33,114,16,85,35,167,144,137,50,7,175,255,85,140,73,207,205,12,54,170,150,132,197,54,136,255,76,31,15,81,0,28,115,42,184,169,114,44,255,54,134,171,207,123,62,255,100,255,217,0,16,68,111,195,129,131,0,98,255,255,255,255,60,0,245,164,36,58,56,0,0,122,196,55,89,113,215,48,107,0,0,255,255,255,0,48,25,196,0,88,116,173,98,255
156,20,163,0,255,40,127,112,134,216,203,183,77,255,253,218,25,193,224,0,102,255,164,18,0,255,44,255,29,89,205,224,255,252,7,190,0,186,0,255,96,69,0,0,243,177,66,255,0,235,26,0,117,255,212,196,37,64,170,255,248,74,81,0,0,0,234,0,255,255,0,227,13,0,16,0,255,47,147,194,0,255,255,84,0,65,167,255,47,255,0,124,255,194,255,255,0,133,255,22,33,0,0,0,24,255,255,215,174,127,0,255,178,0,0,194,255,255,0,0,255,250,0,0,247,0,124,255
156,31,144,6,255,54,115,115,101,210,200,132,49,250,192,139,23,151,195,0,94,255,152,41,0,255,136,255,31,122,237,173,156,242,0,218,45,137,27,255,108,116,0,0,238,255,101,194,0,159,163,0,118,255,226,144,137,41,184,255,143,71,65,15,0,0,239,0,249,255,0,229,185,0,0,0,213,84,114,255,0,255,242,95,0,0,182,255,86,255,0,171,255,255,255,255,73,0,205,63,0,0,0,0,0,197,181,187,255,157,84,163,53,0,0,98,255,255,0,0,255,255,0,0,255,0,0,255
154,30,156,9,255,83,123,120,114,211,182,151,36,255,193,176,18,162,203,0,82,255,146,32,14,255,31,255,71,95,231,212,227,209,0,240,31,146,23,235,131,161,0,0,255,255,91,228,44,182,117,0,88,255,235,181,138,77,231,255,225,25,76,0,25,0,255,8,255,255,0,255,141,24,0,0,253,84,164,255,0,255,228,0,0,0,116,255,8,192,0,148,255,255,255,255,10,41,255,76,48,0,0,0,0,255,163,168,154,226,79,198,249,0,0,253,255,255,0,0,255,130,12,0,255,0,76,255
155,32,140,14,255,71,122,114,102,223,163,123,74,255,174,146,137,173,145,0,87,255,145,91,26,255,94,255,0,131,242,116,164,230,0,166,18,65,64,189,182,66,9,11,143,255,141,225,28,189,208,0,92,176,255,221,216,0,132,255,54,58,100,2,0,14,155,67,205,207,0,88,255,0,64,53,140,222,123,255,0,255,255,85,16,24,248,255,28,215,0,154,255,255,255,255,0,0,255,56,52,0,0,0,0,113,146,143,211,144,116,176,0,0,0,119,255,255,0,21,212,145,21,0,255,0,91,255
157,26,167,0,255,46,119,104,138,197,168,159,64,227,222,184,31,175,198,0,17,255,155,52,23,255,0,255,96,120,233,223,255,211,0,202,17,190,0,255,128,152,0,0,249,142,39,241,14,243,0,0,166,255,206,255,64,72,194,255,198,74,35,0,0,0,255,52,255,255,0,164,77,0,41,0,255,0,189,186,0,255,255,11,0,43,93,255,25,255,0,0,255,255,255,255,0,48,255,129,0,0,0,0,22,255,219,191,180,255,0,212,218,0,0,255,255,255,0,0,255,173,0,0,210,0,151,255
153,31,144,24,255,44,105,112,119,205,189,119,104,254,181,121,103,141,165,0,66,255,148,84,16,255,175,255,1,120,235,124,137,214,8,174,41,81,57,239,165,71,41,0,163,255,145,211,0,179,164,0,82,255,136,189,162,0,120,255,107,5,45,18,0,0,168,15,247,251,0,116,235,2,0,14,186,156,159,255,0,255,255,68,26,45,203,255,112,148,0,183,255,247,255,255,89,0,206,55,101,0,0,0,0,167,148,70,203,84,123,139,28,0,0,152,255,255,0,0,208,186,0,0,255,0,149,255
156,25,151,0,255,50,133,117,123,215,194,159,70,255,241,184,61,172,172,0,83,255,186,41,11,255,84,255,0,121,255,169,192,248,0,177,24,137,0,255,147,35,0,0,187,203,84,255,0,195,121,0,95,255,234,174,102,0,122,255,170,48,123,0,0,0,192,20,255,255,0,194,193,0,0,0,244,148,153,255,0,255,255,128,0,0,218,255,29,255,0,179,255,255,255,255,8,122,255,10,15,0,0,0,0,255,162,136,175,130,0,255,53,0,0,106,255,255,0,0,255,250,0,0,255,0,189,255
153,32,136,21,255,49,120,105,106,206,193,121,94,254,174,107,127,145,168,0,59,255,147,73,24,255,150,255,0,134,255,134,128,184,9,156,87,55,82,188,196,75,1,8,94,229,152,188,0,185,210,4,115,235,242,173,221,0,144,255,96,81,65,41,37,24,196,52,207,162,4,148,255,0,5,69,129,163,153,255,0,255,239,66,6,41,223,254,83,195,0,183,255,255,255,255,25,0,212,56,54,0,0,0,0,42,203,54,251,113,188,160,0,0,0,123,255,255,21,72,171,240,0,33,255,0,0,255
158,24,157,0,255,20,107,92,118,205,221,168,49,248,224,184,67,164,254,0,60,255,154,5,37,255,27,255,67,46,211,255,209,255,14,200,45,181,0,255,129,105,0,0,255,236,56,255,0,194,25,0,146,255,246,142,62,44,213,255,230,206,74,0,0,0,255,0,255,255,0,239,47,0,0,0,255,0,180,144,0,255,253,13,0,47,59,255,67,255,0,124,255,158,255,255,0,0,183,0,0,0,0,0,88,255,251,148,190,255,0,255,245,0,0,255,255,255,0,0,255,255,0,0,170,0,68,255
154,24,170,55,255,42,128,107,146,199,144,181,98,196,208,145,32,194,189,1,8,255,112,94,0,230,129,217,132,133,225,140,234,207,0,200,83,130,49,184,104,195,95,67,253,190,103,186,48,235,92,0,140,255,80,134,101,69,140,255,197,20,82,109,97,54,104,122,255,163,78,135,59,132,137,0,112,163,83,170,85,255,255,120,0,103,188,255,177,255,79,129,198,255,58,255,0,0,255,194,254,0,101,0,1,169,177,195,156,142,255,163,76,0,141,61,151,203,0,64,188,36,0,199,255,0,85,255
152,28,157,48,255,84,133,114,123,217,155,136,69,248,215,140,31,170,170,45,29,255,213,84,40,178,164,255,65,96,243,171,124,154,0,213,141,147,101,77,80,109,0,128,255,167,146,227,126,225,255,4,79,237,108,36,108,11,140,255,226,17,101,220,137,53,200,192,190,44,40,150,158,100,39,0,129,238,59,255,0,238,193,134,83,63,255,255,54,209,0,255,123,183,253,255,0,42,255,168,188,0,89,0,0,199,139,221,157,64,255,219,4,21,90,84,255,255,0,113,255,58,0,79,203,0,237,255
156,28,165,50,247,45,141,109,126,203,171,144,86,235,224,145,67,198,184,44,20,255,211,93,5,235,162,229,78,123,191,135,188,179,25,182,105,133,90,143,78,104,112,41,143,134,120,201,68,216,152,0,169,252,94,137,188,64,101,255,126,30,93,188,88,121,132,109,255,62,70,87,122,46,87,30,112,171,64,255,71,255,255,177,15,76,233,255,191,255,3,222,213,255,110,255,0,41,255,216,217,15,149,0,24,166,178,255,164,103,239,186,35,0,25,23,129,204,0,0,236,99,0,134,255,0,175,255
153,27,153,21,255,26,159,116,134,200,199,113,110,255,255,119,47,164,163,11,0,255,255,86,29,255,118,166,0,133,226,220,155,175,71,146,128,113,44,233,61,46,70,0,79,104,39,222,0,255,159,0,117,255,140,134,100,0,95,255,147,50,110,108,54,5,148,124,255,70,10,62,248,0,10,0,170,225,147,255,0,255,255,228,0,0,234,255,101,255,0,222,255,196,255,255,0,71,255,47,134,0,154,0,0,255,204,149,164,145,255,241,0,24,0,0,248,255,0,0,255,196,0,122,255,0,192,255
157,28,167,31,255,35,170,110,142,202,167,123,108,248,244,138,14,169,162,17,0,255,246,109,15,255,130,184,24,107,199,201,169,183,83,178,77,134,58,204,79,50,83,71,126,113,36,207,51,255,92,0,127,255,52,185,96,57,107,255,168,36,114,113,93,0,118,116,255,30,16,58,236,38,14,0,174,174,149,255,40,255,255,255,2,64,193,255,84,213,0,255,255,199,255,255,0,67,245,113,190,0,151,0,0,255,135,184,160,130,174,184,0,0,0,5,144,235,0,0,255,91,0,179,255,0,255,255
157,31,162,26,255,37,174,113,137,208,170,112,125,255,249,132,57,169,137,11,0,255,255,116,17,255,120,196,0,137,200,190,150,186,79,161,107,123,44,223,102,28,84,77,40,106,45,232,13,255,116,0,105,255,70,217,90,55,103,255,164,20,131,109,65,0,116,137,255,0,0,12,255,0,34,0,184,194,190,255,32,255,255,255,44,53,197,255,23,172,0,255,255,202,255,255,0,55,255,98,194,0,157,0,0,255,128,136,115,102,121,211,0,23,0,21,185,236,0,0,255,87,0,132,255,0,255,255
159,27,172,24,255,20,162,118,157,195,171,112,115,239,243,140,9,157,142,0,0,255,231,106,7,255,143,155,42,99,194,210,172,189,105,184,110,118,39,236,88,34,75,43,120,116,9,211,0,255,59,0,140,255,0,185,66,84,121,255,170,32,122,43,74,0,70,81,255,33,7,91,255,17,33,0,216,180,167,195,68,255,255,255,0,105,163,255,99,255,0,255,255,170,244,255,0,75,255,109,191,0,195,0,59,255,120,70,136,189,152,223,0,58,0,0,116,255,0,0,255,122,0,193,173,0,245,255
154,34,171,65,255,93,169,126,140,224,143,143,170,210,145,127,135,180,116,72,0,255,125,169,123,117,167,171,87,142,176,110,201,122,106,177,135,98,144,208,150,113,71,227,0,134,106,151,69,255,183,43,75,255,34,239,106,49,216,202,255,46,146,255,130,102,255,146,170,24,149,97,255,146,152,0,74,217,112,255,112,175,255,132,33,58,106,255,184,50,51,131,255,194,40,143,17,0,199,207,255,0,255,214,0,255,36,129,59,248,255,215,128,0,255,189,81,226,0,238,156,0,0,75,255,80,167,255
154,26,169,51,247,88,128,126,132,218,148,129,134,224,158,149,118,196,96,68,73,219,91,132,71,144,255,208,133,125,66,98,251,91,112,204,144,0,181,240,108,84,41,243,0,189,142,122,29,222,205,15,97,136,89,115,92,47,235,241,244,29,78,255,43,184,255,46,96,14,236,139,255,98,118,82,56,229,95,231,102,152,247,7,101,111,142,255,171,141,6,116,250,184,0,255,13,0,220,135,255,0,255,79,88,255,25,139,0,255,227,215,142,0,248,110,89,239,0,153,0,0,0,47,255,7,17,255
153,26,168,48,255,78,130,120,109,204,147,135,103,230,222,158,68,206,92,23,41,223,87,118,70,205,248,196,133,84,122,114,255,134,72,181,159,8,105,231,103,95,71,219,0,156,55,136,28,216,173,0,127,163,39,137,88,45,227,255,143,0,76,255,119,178,228,146,173,8,208,119,255,107,118,39,87,209,27,213,0,204,255,0,156,118,241,255,173,255,54,132,231,255,0,255,0,14,255,149,255,23,255,123,43,253,51,216,54,228,253,255,31,23,195,39,62,255,0,62,53,0,0,159,255,20,39,255
