156,28,169,81,255,73,91,114,96,194,195,53,93,143,166,94,36,131,137,101,13,160,3,89,109,160,197,91,192,114,78,77,224,103,127,162,117,33,126,216,142,200,71,214,0,219,126,40,51,143,132,25,186,188,84,178,61,12,207,255,255,0,38,226,179,204,194,0,151,109,221,164,244,171,99,69,78,117,83,71,141,56,235,14,133,39,126,255,240,169,172,91,232,161,0,249,61,87,105,233,71,0,165,162,0,255,87,255,0,180,255,95,135,28,96,232,126,174,0,222,0,0,3,0,222,255,46,255
152,29,170,56,255,76,108,104,116,203,171,138,91,219,213,135,30,171,153,54,20,222,52,73,69,196,207,204,157,82,141,116,218,158,32,198,152,69,115,209,121,133,73,161,78,184,126,126,24,162,164,0,182,255,39,110,123,34,245,255,217,0,76,182,138,198,209,70,255,54,204,166,242,215,79,47,120,146,25,137,51,173,209,17,109,101,173,255,220,255,104,153,202,254,30,255,0,26,225,179,227,17,199,76,0,255,139,198,89,167,255,109,80,0,135,196,216,255,0,139,65,40,0,124,255,71,0,255
150,21,174,57,254,89,89,106,145,213,150,129,91,230,217,147,54,186,158,86,71,149,10,91,54,181,255,250,140,55,87,85,240,104,20,174,208,60,125,147,83,182,30,224,72,210,192,172,98,152,199,20,154,148,53,31,69,43,232,255,216,3,16,225,119,247,255,112,246,0,255,239,207,175,85,127,107,195,37,24,27,121,182,0,138,163,128,255,110,255,212,115,140,255,0,255,0,27,249,187,165,0,214,139,0,255,151,200,76,249,255,158,122,30,255,148,255,223,0,186,69,0,0,137,207,0,0,255
156,37,168,69,255,65,126,93,109,180,162,106,113,231,127,130,47,154,133,41,0,255,64,51,103,161,134,219,156,48,132,53,208,112,120,201,44,64,155,172,191,59,74,165,63,253,119,35,5,234,85,40,186,255,0,247,138,97,255,255,255,0,72,107,117,138,168,36,253,0,149,95,246,255,67,32,186,32,84,255,95,180,133,137,198,87,102,255,188,0,46,161,255,191,140,255,110,0,56,155,228,13,28,132,3,255,89,139,123,46,255,12,84,0,138,255,255,200,0,255,0,100,12,72,216,89,20,255
156,34,166,88,255,56,104,100,131,180,140,99,129,155,138,108,60,162,144,56,0,250,55,77,42,190,124,190,142,136,178,92,186,157,59,233,67,75,31,217,122,206,62,123,151,255,143,70,88,234,114,112,50,152,52,255,74,79,201,247,195,66,5,173,172,133,144,83,196,129,105,73,209,206,112,9,159,134,133,253,160,152,252,7,86,42,74,173,149,124,83,78,232,190,139,197,71,0,98,146,221,0,36,115,0,255,114,175,98,131,255,104,76,0,208,241,235,106,0,255,36,14,46,148,255,247,89,255
158,36,173,83,255,52,85,103,112,175,168,96,112,173,156,115,38,153,115,27,0,192,24,62,72,197,160,152,215,85,116,95,209,161,128,255,34,37,101,232,108,168,81,123,57,255,134,15,0,189,29,0,186,255,0,181,89,56,223,255,218,31,39,87,123,163,187,71,244,63,167,172,232,228,85,3,99,57,141,178,166,121,178,0,134,0,114,255,210,87,68,67,255,224,108,255,101,0,91,132,163,0,38,83,0,255,82,244,82,192,255,5,54,0,138,255,255,207,0,253,91,91,0,153,255,238,0,255
154,30,170,64,255,92,121,143,135,218,163,148,105,255,167,158,87,197,137,17,88,255,100,52,48,158,194,255,141,122,107,51,205,126,91,244,114,81,142,241,171,84,1,152,87,244,248,204,7,126,177,0,110,209,97,169,169,50,224,255,204,0,56,118,19,180,255,21,249,0,151,235,251,130,45,13,98,135,0,168,69,218,196,73,150,71,204,255,214,43,232,155,185,217,0,236,0,57,135,124,240,0,209,132,0,255,105,209,161,145,255,120,116,0,255,255,255,255,0,247,2,103,0,0,255,0,160,255
160,35,166,76,255,68,119,124,146,199,169,79,138,199,135,106,89,155,131,103,32,225,92,32,65,109,224,240,186,123,25,12,182,109,120,202,51,12,200,255,82,90,54,113,0,252,168,151,0,250,159,84,151,210,6,233,125,59,179,235,234,31,0,138,43,212,118,0,162,74,182,144,255,165,86,94,114,62,115,211,126,177,206,121,173,157,54,228,166,0,63,135,255,140,0,238,46,2,174,145,238,0,130,139,137,255,17,185,64,136,171,0,89,0,255,239,205,50,0,200,0,0,0,27,255,191,45,255
153,30,122,42,255,83,115,70,46,191,255,0,29,163,157,82,0,145,134,180,0,130,0,0,238,72,28,52,255,20,59,141,71,233,117,254,126,37,161,255,184,10,57,112,0,255,70,0,92,253,162,0,219,208,0,193,118,9,231,167,169,135,102,180,216,184,190,40,129,15,89,255,248,255,165,158,39,4,34,255,49,168,102,50,201,0,255,255,255,255,0,255,197,133,255,253,157,0,212,21,143,0,114,19,0,176,124,255,152,228,255,10,0,0,0,179,222,255,29,185,59,255,0,211,63,255,0,255
157,35,149,58,255,83,153,119,123,206,172,77,157,238,56,115,145,142,127,85,22,255,85,77,103,84,186,255,110,116,89,44,178,140,180,218,59,40,255,255,196,78,98,226,0,255,173,79,46,207,126,72,121,247,18,255,121,30,242,197,247,11,151,200,70,109,255,0,149,71,149,154,255,184,157,19,97,64,81,255,161,255,185,146,78,82,67,186,170,26,0,178,255,191,117,233,166,0,88,44,255,0,203,155,8,255,46,166,101,172,252,35,15,0,246,157,159,255,19,255,0,16,0,145,255,0,0,255
153,31,171,37,255,81,146,104,131,219,133,149,102,251,185,151,51,198,132,9,1,255,102,98,66,240,98,242,100,85,204,133,197,166,72,216,79,76,114,195,148,68,43,107,101,140,124,168,39,255,91,33,152,255,103,252,142,0,191,255,255,0,85,152,103,56,177,121,243,59,90,109,255,111,39,0,140,145,120,202,55,206,230,136,27,37,144,255,132,125,20,151,255,146,150,255,0,0,176,154,209,0,207,9,0,255,44,71,68,158,255,59,89,0,144,114,255,255,0,101,177,88,0,163,253,0,151,255
159,40,159,73,255,55,90,78,98,168,193,48,76,199,126,84,9,134,133,83,0,255,69,19,111,162,113,197,179,36,130,68,145,135,84,194,73,62,153,180,154,98,52,46,44,255,116,85,0,225,112,87,193,252,0,172,109,77,208,249,245,41,79,109,108,135,157,19,214,42,138,109,224,242,0,151,134,46,71,255,62,251,11,109,184,80,80,255,207,66,0,164,255,179,194,255,59,0,182,115,93,0,21,94,0,202,149,114,179,102,255,0,78,14,35,255,255,193,0,131,0,198,92,85,94,151,20,255
155,33,155,60,255,96,128,90,119,205,145,109,100,206,130,112,25,162,141,111,0,240,19,48,103,122,123,237,154,65,190,55,141,195,54,205,74,149,148,193,133,117,11,76,150,229,191,144,127,254,147,142,111,255,32,255,144,0,205,255,235,38,142,208,168,97,143,109,177,58,143,173,255,218,93,35,132,118,42,255,123,202,159,96,100,70,84,239,173,163,26,208,172,173,189,217,15,0,186,164,255,0,116,115,0,255,94,130,128,194,255,40,73,0,211,211,255,240,0,190,12,109,8,172,200,77,109,255
156,26,162,72,239,58,94,84,148,172,133,101,104,199,158,140,65,156,152,82,18,255,70,73,72,164,224,252,153,60,132,16,171,98,99,150,120,132,60,105,144,109,52,114,148,203,231,124,31,235,155,82,80,185,54,148,176,89,179,247,161,40,27,147,135,119,184,41,240,0,116,137,151,191,82,97,150,168,51,203,172,224,125,79,163,177,98,228,129,52,105,253,95,210,115,227,0,0,162,247,204,0,74,0,65,255,91,105,68,60,249,29,113,80,192,217,255,131,0,184,0,41,6,160,162,17,175,255
157,31,167,54,255,80,109,98,135,202,160,92,106,226,161,122,72,166,147,66,23,252,78,67,76,181,180,239,173,76,132,77,213,104,70,204,114,119,104,197,123,86,35,112,99,189,215,146,32,229,117,73,130,234,56,225,114,0,203,255,216,61,65,152,97,154,184,58,153,1,123,163,220,161,23,36,119,137,91,209,137,181,111,11,152,122,108,255,114,91,48,194,248,147,129,198,0,0,169,161,203,0,82,0,0,255,83,166,80,164,169,44,114,18,168,255,255,214,0,142,59,17,0,76,145,28,134,255
156,31,176,67,255,71,106,89,138,174,137,106,130,197,163,146,62,164,143,49,19,255,68,100,64,176,214,228,154,64,131,52,207,122,123,185,133,123,82,165,144,99,47,157,49,159,203,106,63,255,154,56,89,187,0,238,124,6,204,255,255,14,74,206,160,112,183,105,201,0,131,113,223,199,30,27,49,172,76,193,237,140,137,28,204,163,143,255,149,36,124,253,255,195,73,151,47,0,148,169,251,0,104,0,43,255,37,95,18,110,255,82,50,59,226,255,255,175,0,198,0,19,0,112,255,75,255,255
156,38,166,59,255,54,111,113,114,193,180,109,93,255,149,133,48,144,143,19,0,255,84,41,78,225,148,231,117,59,179,43,186,181,106,162,27,81,201,231,173,60,60,53,68,255,155,109,0,181,85,22,199,255,0,251,134,54,221,255,218,0,104,22,44,60,194,23,255,106,147,127,255,193,0,54,137,74,31,211,67,247,136,151,154,48,99,255,206,61,48,201,255,213,179,255,65,0,108,33,157,16,38,75,0,248,103,81,222,102,255,0,73,0,43,255,255,255,0,101,2,212,0,73,255,56,16,255
157,39,171,71,255,46,111,108,148,163,136,121,139,253,118,168,71,187,115,0,0,255,89,83,130,187,129,255,139,3,172,76,214,77,158,201,24,63,126,63,251,20,58,141,145,255,139,72,0,217,54,0,187,255,0,255,137,148,234,255,255,0,28,22,85,0,220,70,255,0,16,80,185,201,0,0,187,62,119,255,106,255,89,160,142,87,149,255,101,0,96,234,233,236,228,251,87,37,99,38,255,0,0,58,18,255,19,87,105,0,255,13,91,67,108,255,255,225,0,151,37,187,17,61,255,11,181,255
156,40,156,65,255,72,115,87,97,178,174,69,46,208,124,116,0,164,149,68,0,255,60,18,152,182,36,170,161,28,230,83,135,138,80,191,87,80,213,151,171,80,29,57,101,215,163,97,85,255,114,83,176,255,29,255,95,33,236,255,248,22,112,163,141,114,206,126,255,61,105,184,222,215,0,67,93,62,33,255,39,163,56,81,100,10,162,255,205,161,0,209,255,141,255,224,0,0,145,110,135,0,30,168,0,219,126,122,174,149,255,63,78,0,51,255,255,255,0,156,53,235,0,131,111,166,52,255
152,33,157,48,255,66,134,108,121,185,160,95,130,237,160,127,29,170,92,19,0,255,107,109,137,191,129,187,76,13,189,159,180,186,143,190,22,35,76,190,197,4,72,221,102,247,57,95,0,255,27,0,165,255,0,255,139,57,159,255,209,0,82,77,172,0,99,146,180,26,97,52,255,225,47,0,196,97,194,255,45,255,223,109,204,35,231,255,91,1,0,255,255,170,255,255,98,0,186,0,255,0,61,36,0,255,55,85,119,0,255,30,0,0,126,121,255,255,0,193,37,149,0,174,255,34,144,255
155,35,162,69,255,84,136,88,114,211,157,104,117,196,147,136,57,174,163,98,0,255,56,57,81,154,118,216,156,92,165,40,158,139,103,193,111,103,173,222,121,114,48,120,83,189,192,145,131,255,169,130,110,248,18,255,144,19,243,255,228,86,105,197,140,151,209,97,239,15,133,177,255,245,92,35,94,178,30,253,130,115,143,81,127,74,64,231,160,155,130,172,219,177,173,180,0,0,149,122,217,0,103,75,0,185,74,142,165,173,255,3,14,0,245,238,255,224,0,209,52,78,16,195,255,104,29,255
156,32,169,60,255,72,103,84,96,188,171,76,99,196,164,120,7,138,157,89,8,164,0,46,103,158,198,188,212,40,72,61,221,117,70,202,109,15,185,247,116,116,65,168,0,218,128,59,1,229,167,33,219,255,14,186,147,50,241,255,231,1,104,243,160,206,201,0,183,0,253,156,245,206,68,66,39,104,45,120,143,136,107,38,172,77,84,255,238,152,119,150,255,234,7,237,123,0,169,178,177,0,103,80,65,255,76,139,0,238,255,103,103,54,119,255,255,165,0,160,0,39,39,26,194,195,53,255
159,39,173,79,255,68,114,118,140,190,166,92,127,214,112,124,108,181,153,56,13,255,86,53,58,132,192,253,176,110,114,0,220,75,107,195,93,116,186,195,175,100,59,117,66,254,245,149,33,203,137,97,198,247,16,238,157,16,191,255,255,0,4,157,63,216,242,0,247,2,162,172,165,196,0,36,109,90,43,206,185,144,99,95,137,108,102,255,255,0,165,188,239,187,0,238,56,45,91,111,185,0,84,123,31,255,59,233,187,73,255,31,180,67,226,255,255,153,0,241,0,124,73,15,255,30,93,255
157,39,171,72,255,63,115,93,120,194,164,101,115,205,136,120,46,154,126,39,0,255,100,97,58,180,128,201,136,79,140,82,201,177,105,213,28,66,115,227,151,108,25,143,113,255,162,71,28,247,69,66,163,241,0,251,96,34,212,255,255,15,115,67,118,55,125,82,235,53,153,100,255,231,14,68,136,86,159,255,153,208,165,125,187,36,58,238,178,0,0,161,255,178,148,255,135,0,64,71,195,0,65,105,0,209,51,128,138,74,255,0,28,0,167,255,255,202,0,178,6,103,24,128,254,157,67,255
151,29,132,38,255,86,115,80,76,198,220,69,54,175,170,101,0,147,133,106,0,233,7,47,201,130,63,122,145,20,156,203,78,213,107,228,102,22,96,209,195,42,49,103,47,225,86,45,87,254,115,5,208,216,34,179,121,0,200,255,253,67,108,203,193,96,209,57,153,80,93,209,255,193,110,148,54,61,148,255,0,151,157,0,127,0,249,255,221,226,0,231,255,124,255,255,89,0,187,76,226,0,170,25,0,164,98,129,121,255,255,3,0,0,53,179,255,255,0,111,62,255,0,169,98,150,75,255
155,39,164,55,255,73,108,125,111,215,195,103,107,255,180,141,76,186,146,25,31,255,96,62,61,170,182,255,95,81,128,43,189,209,75,173,42,79,164,249,157,30,53,69,79,255,167,186,0,169,168,0,209,255,0,243,205,64,200,255,199,0,72,77,22,101,222,20,255,105,121,132,255,160,0,59,153,135,67,255,27,255,135,112,168,43,158,255,231,54,105,205,255,209,164,255,65,0,227,20,184,0,97,45,0,250,78,176,214,49,255,0,78,0,45,255,255,255,0,91,0,204,0,0,255,0,127,255
159,32,151,75,246,64,114,93,159,197,147,58,149,236,86,85,111,150,149,121,13,255,102,64,104,100,226,255,107,81,82,25,134,69,116,148,86,105,186,168,129,78,74,135,115,230,216,139,42,255,179,128,76,154,0,230,132,34,154,200,201,6,38,160,80,159,147,2,174,0,145,101,255,191,82,87,143,106,82,255,147,255,143,157,226,207,126,147,83,0,46,237,152,160,125,212,66,0,166,119,246,0,45,105,63,255,98,207,123,138,160,35,39,82,223,106,255,92,0,187,14,0,48,118,199,48,222,255
155,35,165,54,255,82,109,114,114,212,184,111,97,255,168,135,86,166,179,30,86,255,93,56,0,199,219,255,134,111,162,53,195,118,44,189,118,86,165,189,153,133,15,100,104,255,212,162,52,118,199,44,140,187,93,158,214,27,216,255,169,0,54,164,37,190,244,6,255,1,107,255,204,156,0,82,51,143,14,207,0,210,160,0,124,71,169,255,173,129,197,197,205,255,56,255,0,9,151,122,129,10,0,41,0,223,159,225,245,210,232,93,110,0,95,255,255,255,0,160,46,114,41,0,255,0,31,255
157,22,172,65,236,106,123,97,165,196,131,117,133,207,163,110,67,155,192,113,51,248,94,86,37,174,193,255,186,128,118,53,155,106,99,192,180,110,181,94,114,161,1,161,95,168,255,210,138,209,219,138,62,121,29,155,127,0,175,255,243,56,49,215,63,139,172,97,197,0,48,234,171,149,56,48,105,244,84,116,106,118,164,87,89,193,12,235,91,92,218,127,129,186,70,125,0,0,174,239,192,0,84,0,65,255,77,66,139,194,140,68,57,32,208,167,255,191,0,133,130,0,0,101,43,0,187,255
155,32,161,72,255,68,111,109,144,202,150,67,140,208,120,99,90,141,143,101,24,205,15,56,96,158,225,227,144,72,67,37,167,73,119,155,72,78,175,234,116,121,0,148,26,255,210,126,0,234,167,97,163,206,34,208,127,39,173,232,203,15,40,149,136,197,173,0,177,6,247,146,255,169,64,69,115,130,88,203,73,222,164,145,194,154,72,246,204,27,118,139,194,197,14,215,52,0,107,139,233,0,125,95,83,255,91,152,99,211,231,65,64,1,255,255,255,125,0,228,0,32,55,118,255,92,117,255
156,30,175,70,255,62,100,124,163,184,130,116,124,227,147,141,119,208,141,19,36,255,99,92,67,149,255,255,161,92,148,0,242,77,79,137,117,148,103,161,160,56,36,119,159,166,236,161,0,194,160,101,157,171,32,185,210,10,176,255,151,37,11,168,78,203,247,92,247,0,220,125,143,145,0,49,74,159,0,171,146,148,157,18,211,131,199,255,230,69,214,247,152,196,0,162,0,99,163,134,255,7,107,103,19,255,108,241,143,95,249,111,149,135,255,255,255,173,0,177,0,106,22,102,255,11,213,255
161,36,158,82,254,44,75,84,124,181,122,67,112,192,128,96,58,112,135,93,0,255,34,15,69,170,200,240,196,80,149,0,102,182,55,182,14,139,112,181,60,129,55,0,217,255,84,178,0,229,176,151,19,220,0,112,160,30,159,188,147,130,69,114,92,139,46,24,188,130,165,47,232,252,60,156,211,190,70,255,55,254,194,160,133,126,45,190,202,71,70,151,138,187,197,187,62,49,210,201,100,4,14,109,60,255,150,21,77,153,240,59,35,66,162,255,255,167,0,104,41,179,117,162,185,240,151,255
154,27,163,62,255,70,91,144,150,221,134,125,120,230,173,135,50,150,126,64,110,251,60,0,13,146,255,255,107,112,106,14,177,145,48,227,59,104,109,241,68,107,34,43,136,255,216,185,24,120,242,54,44,162,24,141,129,10,152,255,131,60,0,107,4,253,177,0,128,46,197,183,227,111,121,60,157,248,0,195,19,231,210,48,193,166,144,235,157,141,210,176,132,178,21,221,0,35,181,206,154,0,151,0,51,255,87,151,79,190,246,57,49,0,255,208,255,255,0,237,0,52,0,93,255,0,149,255
158,32,164,78,255,55,114,135,144,198,186,91,146,171,154,103,9,157,169,97,50,166,43,26,51,81,224,215,179,167,4,24,198,169,92,242,39,54,181,255,68,137,98,115,46,227,108,49,0,246,185,0,226,206,33,185,157,81,195,255,249,19,0,107,95,255,124,0,154,140,204,177,255,183,119,67,114,30,188,255,185,150,255,105,170,110,179,255,255,41,79,104,255,222,0,255,80,0,201,176,255,0,162,89,12,255,114,255,53,232,196,0,101,0,255,255,248,69,0,255,0,0,1,69,255,255,26,255
157,29,177,101,255,67,101,153,143,203,152,92,145,128,140,112,69,184,105,66,22,228,51,113,81,117,206,89,174,152,115,89,164,129,143,150,96,124,62,255,122,212,0,194,137,195,80,91,62,175,205,30,168,183,57,72,133,46,191,181,208,114,45,140,138,173,230,73,99,61,253,136,255,238,138,91,66,229,8,199,190,135,250,100,125,57,210,255,255,96,129,90,182,249,0,178,0,78,124,198,157,0,255,74,20,255,188,227,160,188,255,86,92,0,255,255,166,224,0,254,0,135,0,125,255,149,130,255
156,29,169,62,255,77,114,126,136,205,154,107,140,186,148,132,83,171,134,70,57,255,88,105,72,120,217,182,99,128,134,110,207,153,84,174,97,70,122,254,90,138,57,171,60,159,131,98,11,193,184,70,144,182,39,133,147,0,182,255,250,85,92,203,115,223,145,35,150,132,225,116,255,145,107,117,62,175,138,235,74,162,255,49,140,70,141,255,216,147,74,158,255,177,0,255,0,33,226,198,255,0,216,36,0,255,103,230,74,179,255,89,103,0,244,153,127,198,0,214,0,56,0,78,255,77,12,255
152,23,174,50,255,90,110,115,131,214,159,140,122,205,194,148,63,193,134,56,61,184,35,128,70,150,237,188,148,92,74,133,255,121,58,189,162,24,146,249,63,150,62,241,0,157,113,145,59,232,176,3,139,190,48,75,48,13,217,255,255,26,76,255,94,209,242,88,130,36,250,187,245,130,122,77,43,186,96,100,68,98,243,0,137,124,145,255,128,225,78,31,255,244,0,255,0,0,255,166,255,0,255,71,48,255,70,202,11,255,255,189,146,0,255,107,175,248,0,184,0,0,0,82,219,36,0,255
157,29,189,84,255,75,111,114,143,204,171,94,138,175,168,109,102,146,137,78,30,234,37,181,81,142,172,110,124,175,92,122,229,147,122,128,102,127,146,213,95,183,43,202,29,110,153,60,26,255,147,0,219,192,29,150,81,0,184,255,255,63,84,171,197,182,210,105,156,147,184,144,226,168,60,66,0,185,184,156,140,49,216,79,186,97,110,255,251,78,216,85,255,141,0,251,30,9,212,218,189,0,245,34,0,157,22,255,124,255,255,100,94,0,255,255,180,153,0,212,51,26,0,107,255,172,47,255
