178,11,150,99,217,115,104,122,127,217,142,149,95,146,116,74,121,141,139,158,62,178,118,98,73,133,146,177,159,115,95,117,132,171,98,122,66,140,114,89,119,218,60,178,123,122,91,114,82,122,121,168,121,182,100,86,190,59,182,255,255,59,77,244,194,255,167,102,186,188,177,191,139,234,92,153,47,175,91,117,155,113,202,70,38,162,204,250,98,167,149,202,68,204,64,230,116,187,122,165,235,76,132,10,31,253,153,236,194,217,89,209,149,21,165,34,89,169,0,7,98,239,84,167,200,0,0,255
175,11,151,103,217,121,95,90,148,195,142,163,78,160,98,41,152,137,144,142,46,164,77,116,49,143,160,142,128,62,105,116,143,131,155,125,24,175,74,51,80,191,3,136,101,91,177,164,63,136,104,154,212,182,138,79,255,0,239,255,247,82,80,255,171,217,198,62,255,155,223,163,198,208,53,129,38,189,108,110,86,144,188,66,24,123,116,162,110,134,79,250,177,148,53,255,88,255,132,203,255,63,104,0,0,224,156,243,180,255,86,179,20,29,176,136,68,111,0,14,133,203,55,194,136,0,76,255
176,13,143,99,226,110,92,98,137,193,151,168,83,148,103,33,182,154,126,149,47,164,96,114,64,106,196,166,117,90,109,118,133,122,114,176,28,152,65,84,54,165,49,143,93,100,131,200,66,130,102,160,209,175,136,66,255,0,227,255,229,94,55,209,185,216,162,86,255,122,255,147,235,180,61,155,43,159,84,59,107,181,198,84,100,123,167,221,132,91,79,234,178,161,83,236,80,250,198,155,255,78,100,0,9,211,101,245,215,213,103,242,0,0,229,77,151,86,0,0,143,225,37,152,116,0,109,255
177,11,150,104,218,121,82,98,145,219,165,156,73,143,108,52,157,162,147,143,58,146,99,91,56,129,146,180,153,84,93,149,121,131,139,178,48,109,89,96,69,223,0,115,102,107,102,137,71,118,138,111,229,216,153,96,255,8,217,255,255,95,77,230,174,212,181,148,255,181,247,177,166,204,57,140,30,174,104,78,117,190,190,33,104,168,102,178,158,142,91,255,143,181,70,244,57,255,146,154,255,99,126,37,0,255,130,196,178,255,90,245,13,28,165,116,134,118,0,64,98,233,23,195,168,0,0,255
174,12,151,104,218,113,97,107,132,209,125,164,72,149,112,68,137,119,148,140,65,143,102,102,62,140,151,167,130,91,80,129,157,168,125,137,41,147,73,57,77,193,0,134,114,93,144,150,29,162,116,155,189,170,157,87,255,0,203,255,255,76,80,255,185,224,189,60,255,137,254,159,181,206,46,116,54,191,101,137,98,144,184,99,30,124,150,174,142,164,112,218,148,150,50,192,84,245,117,151,251,51,113,0,0,236,182,255,205,246,67,164,96,15,215,94,126,152,0,0,74,191,68,237,188,0,28,255
173,5,150,92,212,123,110,119,136,188,134,165,90,158,94,60,105,100,165,150,47,172,81,151,63,116,149,157,133,22,126,92,162,128,143,68,5,192,81,1,93,193,44,151,90,119,173,131,75,138,107,141,238,124,111,48,255,0,203,255,255,39,83,255,205,234,188,0,255,155,236,132,196,195,70,101,62,182,76,155,59,110,206,60,0,141,153,194,135,192,116,187,163,153,68,161,138,255,146,222,255,49,98,0,0,219,135,255,249,255,61,98,106,98,183,62,93,126,0,24,37,207,50,239,250,0,25,255
178,13,147,108,225,117,68,93,144,228,162,163,64,147,105,27,207,220,119,158,53,165,126,80,46,146,217,180,143,100,98,141,126,133,102,231,45,144,74,110,47,199,61,127,114,103,117,228,88,82,129,175,207,212,141,84,255,16,240,255,168,136,19,212,122,239,208,214,255,193,218,158,200,201,59,95,7,196,125,35,80,220,159,32,204,155,90,206,121,139,22,255,130,165,113,255,73,255,190,139,255,177,113,0,0,193,106,136,139,226,167,255,0,0,187,114,245,32,0,70,149,255,42,183,211,0,173,255
174,13,145,98,229,115,99,110,139,187,131,168,96,138,98,65,147,126,134,151,68,149,94,115,56,100,167,189,109,90,113,136,147,157,107,152,21,130,87,58,75,205,15,138,91,108,116,154,43,162,107,151,202,179,83,70,255,0,224,255,255,60,121,240,216,194,131,69,255,125,255,160,188,199,103,142,7,181,82,128,127,136,183,100,39,122,201,189,106,142,79,223,178,144,55,254,83,255,188,176,255,36,78,0,0,255,136,255,255,176,91,177,61,11,209,68,90,166,0,0,171,200,48,184,207,0,44,255
176,13,148,101,220,114,89,94,135,218,160,163,76,141,119,39,163,167,134,160,48,163,106,101,43,132,174,172,129,112,94,124,153,144,120,175,42,146,54,98,72,181,25,153,93,110,145,190,69,125,121,170,204,179,124,89,255,0,232,255,226,93,26,218,174,222,168,111,255,141,247,167,213,196,60,144,39,194,115,98,124,116,201,59,103,138,148,173,120,138,107,248,150,177,63,255,82,255,121,160,255,103,127,0,0,194,116,220,202,231,108,202,12,7,210,99,157,81,0,8,149,206,34,152,134,0,101,255
173,5,150,91,213,123,100,116,127,208,134,169,77,156,98,55,114,119,175,152,40,164,87,153,68,124,149,146,133,21,125,92,161,118,142,74,0,198,72,9,77,180,32,141,102,105,165,153,67,128,124,140,213,160,141,54,255,0,213,255,255,43,45,255,187,199,201,14,255,164,255,117,203,161,92,93,109,172,94,147,51,137,180,59,0,146,177,189,175,178,100,207,169,163,63,145,94,255,148,206,255,77,115,0,0,179,130,255,255,255,81,151,128,82,188,39,176,107,0,0,33,188,53,255,255,0,62,255
151,0,172,142,207,102,82,80,89,211,141,121,63,130,79,61,139,90,168,115,27,219,105,136,44,184,130,153,117,96,112,174,151,179,140,157,174,119,114,38,84,152,0,86,197,121,190,205,0,157,186,131,120,164,209,141,211,1,255,255,126,28,84,255,77,40,129,78,239,111,193,170,139,255,78,0,118,195,185,234,233,127,102,141,165,136,111,140,194,214,109,234,197,222,16,234,103,158,98,102,131,32,202,26,43,248,255,38,211,255,112,130,74,80,255,133,239,22,25,109,178,132,109,140,255,74,0,255
147,6,176,150,226,82,80,81,59,206,158,88,93,44,131,70,158,148,172,147,0,242,143,59,32,138,184,222,121,83,94,174,154,140,87,199,255,2,96,24,63,133,21,128,185,157,146,229,74,221,254,125,106,136,75,214,159,10,209,255,138,30,57,160,55,0,61,42,228,126,255,103,222,255,186,69,112,233,150,165,195,242,194,71,188,185,233,215,186,255,48,66,157,251,32,239,59,40,41,82,175,0,226,0,0,151,93,106,181,180,176,94,0,0,255,200,255,0,41,188,231,60,169,0,255,0,0,255
153,5,174,157,238,95,70,97,74,175,184,148,62,66,123,29,185,126,149,145,27,255,63,103,68,127,231,181,126,178,116,185,199,182,113,195,209,83,105,154,14,145,40,131,158,192,148,240,0,177,133,203,148,107,127,151,136,0,255,255,135,84,79,172,103,0,56,0,206,91,255,159,240,255,141,48,175,11,255,158,255,245,87,84,255,83,255,255,178,243,130,165,193,222,49,196,62,121,102,183,126,0,253,0,0,155,219,255,88,245,158,108,0,2,255,255,255,33,98,196,205,0,196,106,255,117,0,255
142,3,160,139,230,85,67,69,44,209,185,103,80,58,117,58,146,111,157,147,0,249,56,95,106,92,215,207,97,69,99,210,223,97,164,192,255,0,38,55,49,125,0,99,177,152,169,239,16,192,252,60,153,122,82,190,164,20,247,255,130,42,33,197,0,0,16,27,255,188,255,108,168,255,155,87,226,221,255,152,255,226,165,71,230,205,255,255,106,252,52,142,190,255,7,255,97,25,20,202,142,0,241,0,0,200,176,140,214,255,207,92,0,7,255,196,255,26,103,200,255,0,149,0,255,0,0,255
150,6,167,154,236,85,108,95,66,206,180,151,74,93,134,43,155,104,148,134,10,255,69,90,89,107,187,148,106,153,138,195,200,147,90,172,224,37,127,156,67,112,44,152,165,159,116,244,0,183,167,129,159,124,89,110,130,0,255,255,141,41,112,170,146,18,23,26,255,141,215,171,218,255,148,102,193,109,225,232,199,112,158,192,192,131,118,255,203,193,131,174,162,255,83,185,54,37,43,208,202,0,201,0,0,50,174,175,111,189,184,70,30,69,255,255,255,158,52,185,195,0,120,36,255,65,0,255
150,11,174,128,242,108,122,79,50,227,149,179,55,76,156,113,135,152,160,144,0,248,39,64,103,125,159,206,137,98,137,174,157,168,87,241,249,0,147,113,22,119,16,152,186,139,165,255,74,212,209,124,187,118,75,172,121,23,255,255,199,131,180,220,50,0,0,36,255,159,255,161,201,255,170,91,70,218,165,113,252,82,231,172,190,255,177,255,104,255,50,189,208,255,78,189,50,17,69,223,204,0,183,0,0,109,107,255,157,253,255,56,0,46,255,172,255,129,0,207,197,0,226,32,255,0,0,255
148,7,191,148,238,107,135,66,74,210,161,152,47,141,189,49,152,159,172,148,10,255,0,177,107,152,172,186,102,62,158,186,155,177,85,179,255,59,113,108,101,123,0,124,205,191,254,242,0,226,235,126,159,127,175,162,160,5,255,255,255,103,109,233,42,0,31,47,255,54,255,251,94,255,154,200,160,195,115,223,255,120,198,168,159,255,194,255,69,234,92,128,255,255,57,255,180,0,63,255,121,49,255,35,0,218,0,184,255,255,255,213,0,5,255,194,255,152,0,120,198,6,154,60,255,0,71,255
154,14,177,126,234,99,136,72,65,221,160,160,72,75,160,63,171,145,140,136,28,250,43,91,58,126,170,171,153,165,128,144,160,191,77,209,229,2,115,128,42,113,10,169,155,144,170,255,46,165,203,166,192,105,97,103,98,19,255,255,165,165,164,224,108,0,10,52,255,160,190,156,222,248,116,151,84,212,194,108,255,32,231,175,203,225,125,255,99,238,114,176,185,255,57,196,93,25,72,221,182,0,225,2,0,69,51,255,215,255,201,98,12,100,255,250,128,68,0,135,197,0,193,31,255,0,0,255
146,3,174,120,235,114,100,83,56,219,155,166,48,58,170,117,145,198,181,163,0,247,42,50,135,127,230,245,124,48,128,210,165,151,54,233,250,25,58,34,57,139,6,202,166,164,207,255,140,248,224,68,162,43,83,137,102,0,244,255,191,127,83,255,26,0,49,50,255,132,255,102,168,255,138,55,81,223,161,50,255,70,189,90,184,255,255,255,1,255,0,226,186,255,67,230,29,75,72,166,179,0,210,0,0,226,162,255,94,216,255,131,0,0,255,50,255,136,0,255,255,0,173,119,255,0,0,255
150,4,151,116,226,98,120,69,84,204,158,181,101,152,103,73,154,85,139,121,72,247,69,149,101,116,168,132,61,150,181,134,73,183,51,204,223,107,144,112,33,114,22,64,101,82,227,255,56,137,189,42,80,88,136,29,189,0,255,205,61,0,147,255,152,25,138,39,255,104,157,99,217,193,48,89,56,194,36,152,118,68,195,140,91,177,53,243,255,28,154,255,192,255,0,78,181,79,209,156,255,68,255,64,32,0,191,70,255,127,255,121,118,255,255,59,255,124,120,128,101,0,71,27,223,43,0,255
160,14,213,95,247,155,204,89,45,253,131,229,16,174,226,164,128,247,181,170,55,252,0,131,59,119,123,255,188,169,156,66,179,255,25,255,152,146,255,129,0,94,0,247,183,93,195,255,169,184,231,124,217,77,152,117,119,17,255,255,255,224,236,255,64,0,138,101,255,90,171,121,255,255,131,145,0,219,163,171,225,0,178,255,187,246,114,255,0,211,91,255,255,255,0,255,20,44,140,255,221,10,255,143,0,255,19,255,255,246,255,255,94,119,177,36,53,194,0,129,153,163,138,159,255,0,0,255
154,13,175,118,248,114,175,82,67,231,177,175,91,139,159,87,139,131,158,155,13,255,16,163,162,68,145,155,119,115,194,101,125,188,40,164,162,94,169,152,39,76,15,151,150,90,140,254,8,189,192,95,184,94,137,70,72,0,255,239,186,125,223,219,146,12,47,42,255,109,124,206,191,255,120,196,104,191,124,185,205,0,210,255,163,224,61,255,129,204,115,228,226,255,17,174,97,6,129,255,255,0,255,54,0,119,37,255,255,255,255,201,21,100,255,140,32,154,0,94,248,18,151,61,255,89,20,255
153,14,171,122,255,106,120,96,49,211,158,177,88,63,116,91,172,143,146,122,7,241,65,20,107,101,195,187,127,179,129,161,181,181,91,243,167,0,191,154,11,101,76,139,105,137,110,255,34,154,138,160,214,97,40,173,64,0,255,255,140,66,186,175,118,0,0,58,255,225,197,102,255,252,169,6,85,115,213,97,200,27,234,153,172,247,132,255,161,255,150,211,194,218,78,50,44,99,61,185,195,0,158,13,0,22,124,255,79,184,255,23,0,37,255,255,255,215,0,255,141,0,235,91,255,124,0,255
149,3,183,117,223,98,143,81,61,204,190,172,57,117,186,68,141,155,169,120,8,240,10,130,113,123,196,192,139,144,139,141,171,154,79,210,214,47,127,70,43,111,22,192,166,192,180,243,21,169,234,67,185,83,98,32,113,21,239,255,223,134,73,156,97,40,102,1,255,130,194,138,197,255,90,146,96,235,204,154,215,0,225,185,227,235,133,255,67,192,80,116,252,255,0,255,110,5,97,206,215,65,255,45,65,187,53,255,217,255,255,170,61,56,255,94,217,191,0,147,77,0,144,67,255,19,140,255
152,6,177,132,233,119,95,63,59,203,166,167,79,40,131,93,146,142,177,185,18,255,52,69,96,131,197,227,145,98,134,191,162,167,121,175,238,52,92,95,32,157,2,164,187,104,168,255,46,172,169,155,193,103,70,145,144,21,255,255,202,109,102,234,108,0,51,0,255,116,255,161,159,255,113,150,89,144,206,107,255,127,165,126,197,215,189,255,148,255,42,255,189,255,18,216,22,65,95,252,222,0,255,0,0,125,227,255,216,255,179,94,0,21,255,168,188,6,39,255,216,0,213,76,255,38,0,255
186,22,183,106,201,104,106,125,87,255,91,147,69,186,106,126,137,144,194,183,82,218,140,99,73,225,44,139,122,168,43,168,194,255,67,123,109,99,176,128,131,127,16,162,116,110,42,34,53,145,83,103,134,111,206,177,255,105,57,255,255,50,92,255,102,175,213,130,152,167,118,128,172,170,67,118,84,242,64,188,80,211,151,160,76,76,130,255,76,243,198,160,84,64,83,211,2,47,36,66,255,137,115,0,22,227,131,201,181,235,0,255,85,108,255,0,134,166,0,117,31,219,59,137,229,0,85,255
186,30,223,103,204,120,85,157,108,255,114,184,67,225,101,164,78,181,237,255,203,255,231,48,143,255,0,188,85,131,0,255,231,255,84,69,39,81,255,98,122,194,0,255,143,84,22,2,47,24,152,151,201,0,196,145,169,178,89,255,230,40,0,255,141,233,255,250,255,255,0,161,254,0,97,152,106,51,0,255,255,132,223,131,255,204,92,106,0,255,255,255,187,234,87,230,23,11,120,60,255,77,137,15,2,255,121,72,182,255,0,255,215,40,255,0,233,62,0,136,11,101,0,83,227,0,97,255
186,31,217,82,209,98,72,114,94,255,119,160,55,151,103,123,115,155,221,251,131,221,203,60,79,255,0,218,148,91,20,255,232,255,43,180,87,38,237,214,127,244,0,206,238,145,64,124,9,102,160,135,156,45,208,255,140,115,92,255,242,141,0,255,101,206,255,211,249,255,38,125,236,80,140,99,189,0,0,255,255,121,232,104,196,122,11,27,8,255,206,173,198,80,146,208,0,46,133,156,255,0,29,131,56,255,116,111,207,255,0,255,220,0,255,2,187,112,0,144,116,38,0,145,72,0,36,255
186,33,214,111,223,93,68,131,143,255,116,145,35,108,132,103,120,149,246,205,140,229,169,54,84,218,0,205,148,128,21,255,178,255,5,201,72,3,133,244,123,253,0,213,207,99,111,60,91,117,227,157,160,58,176,255,214,142,170,193,255,172,0,255,154,198,132,134,72,124,149,255,173,98,58,116,84,0,0,255,215,176,89,129,109,151,68,18,67,255,254,91,255,59,94,252,0,0,0,156,248,0,0,55,16,255,113,129,255,255,0,255,138,22,255,0,255,197,0,0,151,140,0,188,26,0,102,255
167,16,150,115,208,44,86,91,115,189,148,124,118,106,142,63,154,83,171,151,46,205,118,81,91,169,127,140,174,162,80,148,117,137,75,159,148,97,83,89,104,172,78,117,133,177,105,138,41,115,139,145,63,59,175,146,190,66,63,154,207,171,66,170,125,162,120,38,141,147,127,172,184,227,85,170,143,159,131,128,164,113,150,78,44,67,67,208,214,152,191,54,115,124,67,176,82,39,82,158,205,0,0,23,138,133,81,215,167,214,197,91,37,85,159,0,98,220,0,134,88,102,16,141,207,164,97,255
165,9,160,101,226,112,121,106,102,191,144,205,90,163,111,57,119,100,138,160,53,159,60,141,91,122,182,127,112,152,151,111,142,197,58,142,126,236,132,63,89,173,34,143,150,107,156,228,107,107,135,114,124,131,172,31,203,0,247,252,240,104,60,165,182,125,181,42,255,71,177,168,255,255,40,109,106,157,109,158,94,55,207,174,102,69,103,255,180,68,136,238,217,184,0,236,112,231,178,164,248,91,193,71,101,123,138,216,255,205,141,139,141,145,255,100,239,131,0,0,88,12,80,86,221,54,0,255
153,10,178,155,227,88,117,59,86,195,165,146,56,152,131,48,116,87,172,134,36,255,38,152,57,154,125,153,109,116,160,155,98,165,100,186,255,121,142,95,54,87,2,67,174,114,190,233,22,192,241,147,72,176,177,116,171,34,255,255,170,55,112,255,186,0,148,35,255,47,173,199,110,255,106,111,141,185,84,161,255,90,66,183,166,162,105,255,198,199,171,109,197,255,88,219,134,0,65,255,193,44,193,84,31,203,125,136,224,255,219,173,53,67,255,212,202,7,68,159,211,115,175,92,255,48,48,255
150,11,171,138,242,88,119,69,52,207,174,144,65,82,158,66,124,146,125,150,0,252,15,93,133,123,217,177,100,110,128,189,167,117,109,204,252,0,72,141,44,117,0,126,151,175,186,253,36,211,231,111,196,100,80,165,103,79,228,255,168,126,94,191,63,26,32,43,255,101,255,193,145,255,132,138,177,181,114,154,255,85,187,154,199,255,150,255,69,232,78,162,184,255,92,210,117,0,112,242,179,11,242,0,0,113,54,213,227,255,255,136,0,88,255,255,255,196,19,137,203,0,189,49,255,0,29,255
152,13,189,104,252,140,165,92,77,254,95,219,52,128,143,148,152,191,165,162,46,246,4,101,76,120,102,240,165,150,218,65,108,253,32,254,228,24,255,96,16,141,0,105,190,171,194,255,155,142,211,141,163,113,116,135,213,0,236,255,245,166,238,255,45,0,15,119,255,157,245,174,198,255,168,113,35,255,233,105,255,0,255,255,139,255,112,255,101,203,162,255,255,255,0,226,126,82,11,255,97,0,255,144,0,138,54,238,255,248,255,207,43,37,209,59,218,255,0,255,154,86,142,14,255,0,0,255
150,11,188,145,236,83,164,66,69,203,166,91,61,133,201,25,170,179,135,173,20,237,13,149,88,172,197,189,84,135,158,143,127,103,68,244,249,68,55,109,107,111,0,86,125,205,185,244,14,228,249,141,189,144,166,133,137,57,200,228,229,134,4,184,115,118,100,86,255,6,234,224,186,250,123,229,239,155,133,216,255,107,205,158,117,161,121,255,145,166,112,105,179,255,48,247,130,0,169,255,118,3,255,18,0,195,0,146,249,255,173,232,19,0,231,255,255,178,63,47,255,0,116,84,255,0,153,255
154,14,185,111,248,137,161,78,66,255,138,216,67,120,192,148,132,179,170,164,34,251,30,83,101,141,137,235,171,129,168,103,126,227,35,231,200,100,214,128,0,107,0,202,166,77,212,255,147,134,211,109,193,80,63,74,107,0,255,255,255,172,228,235,181,0,110,116,255,151,206,233,255,255,123,147,8,208,109,120,190,0,255,245,144,242,66,255,204,201,125,215,228,255,24,143,31,20,122,202,255,38,255,79,22,92,99,255,244,132,211,35,7,78,255,200,135,165,0,158,186,0,147,39,255,25,0,255
148,0,181,131,201,94,107,77,83,190,158,160,54,110,153,103,153,118,195,125,0,255,42,144,82,112,153,207,124,90,163,145,95,155,68,164,242,85,155,45,81,121,46,146,209,245,223,180,19,163,233,73,130,132,106,90,217,85,198,255,223,67,82,194,38,21,67,0,219,124,192,154,181,255,141,140,1,255,167,176,222,92,180,168,198,255,204,255,77,186,87,116,230,255,62,255,97,0,66,225,237,19,249,88,35,238,56,175,255,255,255,229,114,22,255,0,236,197,0,255,127,57,73,108,255,20,5,255
153,4,173,96,220,141,107,98,99,226,121,213,69,152,143,125,134,133,158,136,48,253,55,94,70,145,168,196,120,164,180,113,117,207,1,205,159,136,223,41,82,142,46,168,162,152,255,255,136,63,201,87,135,78,109,0,177,26,189,255,219,95,124,248,120,37,109,125,235,114,180,167,200,255,108,113,0,242,147,206,161,0,237,217,151,116,180,207,118,38,153,255,245,170,0,255,59,211,243,180,192,28,255,94,81,102,244,249,250,114,167,249,107,145,183,0,254,255,0,255,131,0,82,168,255,113,0,255
151,6,186,111,231,106,167,96,34,220,144,169,51,117,129,152,164,204,177,132,0,248,44,60,112,124,158,220,144,128,155,114,129,160,24,231,150,39,203,69,33,112,7,137,196,123,90,206,89,212,214,27,236,119,164,87,78,0,255,255,186,114,157,177,63,0,5,0,255,199,175,59,252,216,123,87,86,255,184,127,159,3,193,255,189,255,173,255,38,184,89,241,134,255,0,217,27,81,118,255,194,0,195,11,0,246,112,229,128,237,255,145,63,47,209,123,83,182,0,115,200,6,204,222,196,0,0,255
153,2,174,107,218,131,115,83,102,207,123,213,62,183,148,75,112,112,161,117,65,195,28,170,58,169,162,149,97,132,150,111,142,209,58,182,193,228,159,44,52,152,0,123,182,144,255,255,55,75,178,89,87,140,175,0,237,24,255,251,207,84,76,255,168,42,231,89,255,64,138,158,171,253,82,118,0,154,140,251,103,0,203,219,96,131,137,227,221,48,128,255,255,252,0,255,100,175,186,148,193,62,255,145,156,170,142,252,255,186,197,155,192,179,255,6,255,176,0,169,110,53,55,101,173,58,54,255
147,4,170,123,231,90,143,75,45,208,184,175,73,116,173,64,134,137,156,120,7,252,0,111,140,127,184,181,133,121,141,142,166,145,68,224,246,42,108,113,78,96,0,133,152,146,160,231,0,195,194,70,173,72,122,84,123,0,255,255,216,107,112,196,107,43,42,0,255,119,201,196,185,248,109,163,150,216,158,141,238,56,249,168,159,254,145,255,82,182,131,138,154,255,0,216,181,0,40,255,222,81,236,0,7,143,35,167,232,255,255,139,19,126,255,124,219,176,0,145,142,0,188,9,255,0,63,255
152,16,178,114,249,105,148,71,44,251,132,219,67,85,178,143,121,151,185,109,2,235,22,18,79,135,143,246,161,124,152,123,156,184,64,255,217,0,190,150,0,138,30,130,166,154,167,255,115,164,234,116,143,136,4,163,106,86,255,255,221,178,236,242,66,0,4,77,255,152,205,177,218,250,217,94,0,246,82,90,180,32,255,235,115,255,77,255,137,255,127,113,252,255,74,149,23,0,73,255,239,12,197,29,25,33,82,208,175,221,255,39,0,35,255,162,153,128,0,221,103,0,255,20,255,0,0,255
155,12,182,127,247,107,107,92,50,222,161,189,41,77,136,109,163,143,168,140,15,255,78,19,87,114,177,224,143,193,124,156,214,178,61,221,199,53,207,154,0,139,57,159,151,119,176,255,84,170,184,162,187,101,52,160,84,0,255,255,185,101,200,205,199,0,61,42,249,184,192,158,255,217,115,0,62,77,185,106,200,23,172,164,242,222,172,255,159,219,152,176,130,195,138,97,0,116,85,176,194,0,132,51,0,17,238,255,0,94,210,10,0,126,255,255,218,158,0,254,99,0,249,160,255,39,0,255
153,14,178,134,230,90,125,68,55,208,153,150,82,57,121,60,178,133,181,133,15,255,71,54,41,108,168,208,134,156,131,160,149,163,84,213,221,0,156,128,49,100,39,139,135,137,171,255,44,160,190,172,199,130,90,149,126,23,255,255,164,91,160,193,102,10,0,10,255,134,194,119,190,252,131,109,152,179,255,181,255,82,144,170,204,205,115,255,141,249,109,189,174,255,49,199,10,21,41,245,178,0,178,0,0,18,79,163,128,202,255,89,21,57,255,255,153,86,19,230,140,0,191,71,255,4,0,255
160,17,202,140,235,117,144,65,89,207,138,177,54,132,171,72,146,165,157,149,40,246,25,110,0,123,133,189,148,190,173,139,137,209,70,207,221,85,212,111,20,126,0,151,159,152,232,255,61,147,247,214,200,133,111,64,120,0,247,255,233,182,177,153,255,13,11,157,255,71,173,206,221,255,132,166,55,159,197,243,187,46,223,204,137,184,114,255,179,178,147,213,241,255,116,189,57,84,76,174,187,56,252,103,22,114,0,255,234,196,234,151,125,105,255,250,197,147,0,162,84,36,78,51,255,28,2,255
155,4,210,117,210,138,176,72,41,244,127,165,18,188,184,66,172,176,173,139,19,247,0,245,32,102,201,182,91,145,177,101,247,126,21,243,215,204,187,75,46,14,0,121,230,225,166,255,16,198,255,166,161,180,240,133,208,0,190,255,255,194,66,121,22,60,94,147,255,84,92,122,224,158,169,255,85,245,255,255,172,2,176,255,132,255,175,255,136,168,150,255,249,255,0,255,109,0,56,236,117,175,255,136,0,255,0,255,255,255,255,211,161,89,255,0,143,252,0,123,255,192,75,81,255,0,23,255
144,0,198,138,212,104,136,95,45,204,141,137,23,156,168,76,183,162,155,97,0,255,0,185,110,125,222,213,92,63,137,195,203,63,59,237,253,124,113,0,131,92,0,74,238,222,153,164,0,255,240,46,167,134,201,198,158,0,195,255,255,104,75,145,0,36,88,34,236,95,243,162,140,247,203,111,92,255,139,232,179,172,231,103,176,255,200,255,0,182,76,114,102,255,28,255,201,0,62,255,161,213,255,0,0,255,26,87,255,255,255,255,45,33,255,23,201,249,0,115,195,226,89,227,255,0,0,255
161,10,203,122,230,129,156,79,61,225,166,208,24,145,202,102,158,199,149,133,28,250,0,157,80,108,191,186,146,185,127,142,183,214,46,209,179,136,232,153,2,104,0,202,208,179,198,255,72,211,212,134,205,72,90,93,90,0,242,255,255,217,214,131,114,42,92,92,255,98,165,218,255,255,94,143,12,145,236,158,223,0,188,200,249,162,120,255,56,175,138,215,197,255,102,255,56,84,136,251,195,178,249,65,22,164,50,255,255,202,255,164,15,181,255,233,148,209,0,93,124,0,59,98,255,35,0,255
146,0,188,140,215,100,107,69,54,166,174,123,44,123,153,12,157,147,165,123,0,237,5,155,79,154,235,195,77,63,130,247,204,86,111,194,241,62,84,0,96,118,0,81,194,219,193,197,0,220,255,119,200,183,89,151,196,36,211,255,255,91,0,144,0,86,105,1,255,80,255,119,99,248,215,117,150,187,228,202,246,245,179,54,179,232,255,255,78,227,15,108,244,255,44,255,130,0,160,214,132,151,255,30,0,255,28,250,203,255,228,156,0,0,255,72,255,62,22,95,219,11,128,51,255,0,0,255
149,3,189,169,235,111,95,105,82,199,135,122,53,74,143,31,178,149,171,157,0,255,89,102,53,158,210,195,133,94,144,201,174,162,67,197,255,115,128,37,78,144,0,120,244,168,156,228,7,242,196,153,78,157,112,197,179,0,255,255,198,71,65,165,55,0,109,7,205,74,255,184,235,255,199,39,104,93,197,224,198,255,187,125,201,152,255,255,174,241,56,161,160,255,63,255,17,88,54,164,91,0,255,0,0,255,119,182,188,255,192,142,0,0,255,255,255,33,97,187,255,13,128,62,255,0,0,255
153,9,174,132,238,107,119,78,56,205,161,147,83,64,105,102,177,164,143,170,8,255,73,103,104,102,175,181,127,110,156,182,152,170,98,211,216,9,132,120,27,128,0,141,180,114,113,255,44,196,177,126,204,142,99,143,108,0,255,255,162,114,151,151,71,0,9,40,255,151,204,161,222,255,138,119,103,134,187,127,238,95,150,133,178,182,153,255,164,202,49,232,158,255,42,198,1,72,137,203,239,0,193,0,0,145,159,229,191,187,225,103,23,26,255,203,180,102,116,132,200,0,118,38,255,5,0,255
151,2,178,129,218,103,112,76,45,219,166,138,61,88,110,99,126,166,187,145,12,219,70,73,68,122,179,240,132,115,103,151,160,160,97,238,224,52,162,44,51,111,31,128,181,116,126,210,41,189,255,107,174,160,133,151,160,14,255,255,205,94,71,187,88,19,107,0,255,166,199,136,229,255,129,59,82,201,174,101,191,87,171,104,180,185,201,255,165,221,101,180,101,255,1,235,0,120,61,162,210,0,140,0,0,253,128,178,134,236,227,41,70,37,255,140,210,68,54,156,140,27,152,43,230,0,0,255
153,7,180,149,234,99,100,78,50,204,147,141,46,47,119,91,153,144,171,188,0,246,97,75,80,137,203,253,119,97,118,207,179,160,83,230,239,56,135,57,8,144,0,117,247,120,163,234,89,241,234,143,149,126,96,255,143,10,251,255,168,112,123,169,34,0,79,14,255,102,255,123,210,255,136,32,78,179,157,185,197,188,117,129,184,145,192,255,149,255,76,194,169,250,101,233,0,87,161,228,168,0,186,0,0,196,158,163,133,197,255,115,0,23,255,255,255,12,31,99,150,0,207,53,255,0,0,255
164,5,192,116,204,114,162,70,105,148,103,170,28,179,114,82,138,126,128,118,60,197,76,158,47,178,139,129,129,190,142,164,81,173,51,236,132,149,188,88,77,123,0,72,145,166,129,207,104,214,186,116,144,174,196,57,216,34,172,170,161,136,9,214,181,103,196,164,255,94,49,93,255,252,35,42,52,216,71,143,29,23,119,207,77,143,0,255,255,118,131,197,201,140,76,189,96,207,255,149,255,67,152,129,0,255,82,255,255,122,102,158,136,178,255,39,248,136,104,0,116,211,27,254,77,118,0,255
147,0,194,128,221,101,168,82,35,205,179,112,46,141,201,31,188,223,133,143,18,241,11,169,95,142,252,194,63,172,119,172,214,113,55,255,255,111,34,19,84,100,0,131,168,182,161,255,0,246,255,102,241,83,160,146,108,0,207,212,255,132,26,140,55,107,102,48,255,64,205,136,255,203,102,171,198,232,223,255,255,152,255,99,201,191,233,255,0,76,96,208,56,255,0,255,167,0,162,255,106,196,255,0,0,255,105,207,255,255,237,254,0,46,250,156,186,211,0,38,231,0,87,129,255,0,105,255
155,9,191,109,246,129,163,70,57,248,164,216,40,150,187,102,120,144,195,145,77,219,0,116,73,128,125,233,168,143,169,74,156,216,56,247,255,58,255,134,0,82,0,127,169,161,244,255,101,107,255,168,185,97,119,101,122,0,255,255,255,175,246,218,97,0,69,27,255,159,176,218,231,213,117,140,4,253,193,72,255,0,223,228,196,255,110,255,111,208,203,163,255,255,9,205,100,0,1,255,202,0,255,150,41,126,26,255,236,255,220,202,62,120,255,73,160,209,0,199,102,0,255,13,255,0,0,255
156,3,177,129,214,102,135,81,76,210,162,146,50,162,126,103,169,129,130,101,32,254,40,197,94,144,162,142,123,137,139,122,113,146,57,214,180,133,149,137,72,85,0,113,171,178,163,179,6,200,179,76,140,141,186,82,119,0,229,247,187,97,123,169,106,95,134,43,216,172,100,133,216,253,94,157,69,226,162,150,146,1,101,189,177,161,97,247,149,157,156,222,175,255,70,237,100,112,163,243,236,7,156,100,0,175,145,187,247,179,255,143,40,159,255,154,207,193,61,88,147,0,82,162,208,62,90,255
151,12,168,123,230,89,111,73,53,217,161,187,77,50,146,96,146,106,165,139,0,255,40,39,106,118,175,218,150,134,141,152,159,136,73,231,219,0,139,102,25,121,90,126,159,150,128,249,52,166,192,140,169,82,64,107,149,15,255,255,187,103,145,184,141,0,0,0,255,161,208,122,206,255,118,101,88,196,218,103,184,61,212,157,207,255,147,255,189,255,130,151,181,255,62,185,48,26,47,255,247,0,154,0,0,1,83,210,126,190,255,19,0,106,255,173,210,121,0,255,132,0,218,28,255,15,0,255
152,13,158,116,241,80,164,77,73,218,190,148,127,135,134,55,161,71,136,149,53,224,88,88,118,102,164,149,108,171,143,134,127,131,45,210,184,79,93,155,41,87,46,82,78,53,91,255,13,150,200,66,190,90,123,46,88,0,255,181,52,87,106,160,218,64,111,101,255,90,115,79,215,213,34,106,145,206,18,171,114,22,211,161,160,214,0,255,255,93,117,185,185,255,0,62,160,60,144,255,255,56,255,26,0,55,122,187,255,115,240,101,69,197,255,108,145,5,56,91,126,0,103,89,255,78,0,255
151,2,181,95,250,134,199,99,54,233,132,205,41,212,153,140,175,246,103,141,68,209,0,135,171,157,152,182,134,103,188,144,146,214,0,255,170,99,157,108,67,73,0,105,156,74,112,255,99,206,143,0,212,113,241,85,111,0,255,236,193,122,152,255,2,17,107,62,255,79,221,112,163,255,71,91,183,229,108,182,204,0,171,255,116,162,130,255,5,84,84,255,202,255,0,255,145,78,240,255,195,39,255,71,0,255,176,243,255,255,255,255,23,92,119,23,198,255,0,38,247,0,77,164,240,0,39,255
157,3,196,126,220,127,142,88,84,217,114,182,7,185,157,124,143,160,154,104,23,243,20,214,67,135,171,172,118,104,163,117,155,125,7,229,237,150,206,119,28,75,0,106,166,230,182,188,100,229,205,148,139,184,175,120,169,0,225,255,255,140,152,237,66,64,154,109,228,75,107,171,194,236,163,155,38,214,156,197,153,45,95,232,150,242,101,255,124,235,148,255,211,255,97,255,133,81,148,235,154,59,203,123,0,255,104,255,252,138,255,190,86,164,184,94,251,255,0,73,99,71,136,204,228,0,63,255
163,18,200,108,243,129,163,77,36,231,156,208,42,100,169,186,134,195,174,146,0,255,61,65,71,76,129,235,178,191,117,100,197,201,66,221,150,64,255,167,0,97,79,252,212,76,120,242,169,212,202,147,243,109,23,152,0,32,255,255,255,164,241,134,136,0,64,118,255,176,123,139,255,255,137,55,0,201,110,150,157,0,247,205,186,187,86,255,68,229,138,225,191,255,130,235,0,141,189,214,255,0,119,80,0,108,48,255,148,55,255,72,44,206,234,186,89,161,0,138,14,0,210,74,255,85,0,255
154,6,185,119,222,132,121,92,85,246,120,170,47,144,135,104,173,168,157,138,56,227,72,126,60,154,161,188,125,133,114,167,165,207,62,209,195,114,160,38,69,145,0,104,171,128,186,255,53,145,210,118,194,142,164,131,244,0,255,255,246,143,164,255,92,14,88,115,255,129,192,187,209,255,113,92,32,191,205,214,198,111,217,172,183,220,118,228,190,177,121,255,159,200,35,238,84,172,115,198,139,69,236,26,42,212,225,255,203,230,124,91,39,94,252,114,225,152,0,92,131,63,135,154,255,0,0,255
169,5,151,117,176,79,71,75,155,219,131,139,44,93,83,87,113,77,127,146,36,237,139,69,140,202,137,115,116,190,131,136,145,184,64,101,167,53,106,64,162,198,43,124,161,127,106,89,57,111,131,122,114,143,179,75,185,119,102,185,189,87,30,192,157,118,203,91,129,214,99,159,227,255,36,171,21,212,175,85,168,184,199,108,98,130,72,187,217,192,255,255,63,156,55,255,81,154,58,149,136,84,68,91,1,119,121,158,134,220,138,142,41,132,242,141,157,233,0,205,62,115,0,186,225,19,95,255
174,35,198,112,232,110,86,137,146,255,99,190,64,205,104,142,161,144,229,201,76,220,234,32,85,255,0,230,173,102,109,255,160,255,0,255,90,89,255,10,36,178,0,200,136,127,5,57,42,54,229,158,237,129,172,93,209,57,103,229,255,179,170,255,167,255,155,255,204,30,152,244,238,78,86,162,10,123,0,255,255,137,117,232,214,90,117,51,111,255,235,198,251,95,60,183,19,217,57,108,172,0,0,43,0,255,200,230,145,255,86,198,0,113,248,36,167,201,0,0,255,166,0,78,149,0,89,255
171,21,157,105,216,76,90,81,139,216,128,158,59,143,147,102,195,146,159,154,38,208,159,83,54,249,108,165,133,178,98,157,146,172,97,141,114,126,88,24,140,214,13,165,119,87,129,136,14,164,121,174,160,100,235,138,255,53,69,246,208,0,165,226,192,142,87,159,217,24,255,121,173,107,175,130,0,201,93,161,176,155,126,197,82,50,192,203,194,212,90,135,105,236,0,243,0,107,106,208,176,70,33,11,73,207,116,255,91,78,201,122,0,113,0,0,37,238,0,0,141,145,0,255,243,173,198,255
175,19,169,95,219,92,93,102,113,252,122,183,75,129,141,112,139,156,147,142,75,178,146,65,75,217,89,161,140,170,34,188,173,247,62,193,105,91,116,101,133,181,16,211,141,87,62,98,9,118,105,141,140,195,143,156,230,170,115,255,255,80,100,212,141,245,169,152,176,103,210,125,129,123,121,141,0,187,83,140,173,129,178,149,158,89,179,255,156,232,185,116,138,174,0,255,0,92,142,135,218,28,77,53,12,193,98,255,201,163,144,144,124,24,63,0,96,255,0,0,163,159,29,186,164,63,0,255
174,15,171,90,195,77,98,104,139,234,138,166,51,116,131,73,149,140,149,163,53,182,154,45,66,178,98,162,132,170,75,198,151,237,58,174,132,73,141,112,187,203,62,154,147,162,58,80,6,123,156,106,109,119,104,68,254,140,69,255,219,97,94,220,168,219,129,121,109,181,158,132,131,197,99,125,0,181,80,134,204,126,198,124,146,96,148,239,138,195,255,86,100,216,44,255,30,74,108,205,221,70,65,82,0,191,49,215,143,199,190,148,175,0,135,0,94,240,0,49,30,92,0,140,197,103,168,255
174,15,163,102,213,97,90,111,111,241,136,170,88,122,135,82,141,132,151,158,73,162,117,81,74,183,124,170,138,161,61,173,159,242,77,168,93,121,100,97,135,168,0,180,126,108,60,119,8,111,128,112,107,127,145,122,216,116,152,255,243,91,49,218,137,226,181,113,146,120,193,185,172,196,60,154,99,197,99,192,169,80,153,146,127,70,119,246,162,164,231,149,94,169,0,255,53,143,110,154,179,87,92,27,55,169,120,211,187,222,80,184,137,75,141,25,148,253,0,0,61,135,85,144,255,94,86,255
177,18,170,114,211,96,102,83,136,226,117,179,76,107,135,92,172,108,142,146,39,151,141,73,60,200,102,150,113,159,51,220,175,239,93,149,103,113,76,81,141,180,0,140,168,90,76,127,0,171,107,143,129,177,145,143,242,55,169,255,231,80,97,227,231,164,187,153,204,91,196,148,170,240,28,158,31,247,116,200,154,117,149,180,128,96,122,202,191,140,214,141,98,189,53,255,2,146,72,147,168,77,63,28,66,197,103,240,255,202,108,188,125,38,177,58,64,255,2,0,143,106,15,164,240,51,146,255
178,22,162,100,212,77,78,88,126,255,125,154,85,137,137,82,153,174,177,157,86,228,202,71,71,255,72,152,115,211,27,202,178,255,93,140,72,68,131,75,154,154,0,243,119,81,91,81,0,55,64,184,146,73,179,165,223,146,72,249,190,0,76,255,108,213,241,172,180,112,174,115,132,29,193,133,0,208,22,175,249,153,145,137,106,73,186,196,77,255,120,89,95,162,0,242,0,12,40,161,212,12,47,64,83,249,70,255,161,91,119,227,40,133,1,0,0,255,0,0,149,170,0,230,149,116,189,255
185,16,183,98,209,98,99,129,101,255,94,181,85,128,130,125,103,177,179,186,102,245,202,61,94,255,42,115,141,181,0,205,191,255,85,80,117,49,229,96,185,156,49,255,204,48,39,73,0,48,105,172,114,131,156,104,108,214,59,255,224,64,70,255,106,250,255,241,220,255,74,114,220,130,139,155,8,139,0,233,227,114,248,213,183,68,201,255,36,196,255,171,103,201,43,226,7,88,96,52,218,82,96,69,33,239,101,192,150,142,83,255,129,0,255,0,67,215,0,32,136,181,0,122,255,0,86,255
171,31,197,97,242,115,80,114,164,255,114,201,73,209,123,158,160,146,210,120,84,211,149,20,32,214,0,236,197,88,59,238,164,234,0,255,92,120,240,25,100,191,0,68,139,61,112,81,53,83,255,65,214,175,137,129,165,53,154,255,255,222,172,226,152,255,61,212,166,99,146,255,140,66,103,202,0,58,58,255,249,229,170,252,135,48,57,0,100,255,255,188,255,37,70,255,10,195,186,220,150,0,0,46,0,255,242,255,158,255,147,134,7,0,213,32,255,186,0,0,255,197,0,99,75,1,115,255
174,14,168,102,206,95,125,110,104,194,137,168,54,163,120,87,146,107,116,163,64,163,106,107,84,178,135,155,169,158,75,132,130,216,92,107,137,107,121,85,153,206,28,166,184,140,129,122,68,197,124,90,92,169,220,132,217,77,136,220,218,151,66,194,164,193,177,59,169,129,121,203,195,255,0,111,94,174,79,111,174,119,131,223,81,81,83,255,190,107,185,153,90,131,38,242,36,131,112,95,200,91,145,67,113,192,102,214,158,255,48,138,137,43,231,46,96,87,0,0,84,67,22,180,207,0,69,255
175,15,166,95,209,106,110,116,104,244,119,161,55,170,136,105,143,134,149,146,76,164,142,81,78,213,61,156,171,143,51,165,169,244,86,137,125,92,143,98,179,184,0,173,153,87,95,92,0,150,166,104,133,156,230,149,215,104,115,255,252,97,127,255,130,229,191,140,154,170,161,159,150,192,29,93,66,201,30,173,182,126,158,190,113,94,129,219,173,187,218,161,44,149,0,192,67,143,76,78,197,78,128,67,44,224,119,208,131,255,33,225,138,44,175,0,126,168,0,0,40,193,22,193,189,0,35,255
178,16,177,94,212,102,114,119,90,255,125,191,85,148,140,121,57,208,185,240,84,255,215,90,64,255,67,109,176,166,0,209,218,255,152,0,76,12,245,71,240,148,15,255,245,42,47,107,0,11,115,201,177,100,235,171,74,233,26,255,184,10,37,255,49,221,255,253,255,255,21,87,167,46,178,57,0,117,0,255,255,89,255,255,197,81,55,83,108,231,235,134,70,255,0,217,0,81,80,53,249,44,187,220,127,183,101,73,70,255,41,197,136,6,234,0,59,103,0,0,119,98,0,154,255,0,158,255
165,14,145,66,224,58,120,101,145,196,122,56,76,197,137,87,212,122,147,149,87,255,168,89,0,255,177,222,74,240,72,0,97,67,160,0,113,188,66,0,217,219,76,246,0,40,255,117,46,78,4,235,255,0,255,175,100,128,0,200,117,68,173,255,232,170,131,75,255,0,201,0,118,0,255,205,0,151,120,117,123,249,229,255,6,0,98,253,112,255,38,148,0,234,84,59,0,223,17,255,212,211,160,0,101,255,255,255,0,190,255,0,0,225,0,0,255,31,0,0,255,132,0,255,255,60,88,255
168,16,149,88,210,64,111,106,131,203,128,65,82,159,122,75,167,127,151,161,77,238,166,89,22,255,181,198,136,208,53,31,121,117,119,41,141,74,124,18,207,195,77,245,21,70,187,98,48,135,133,167,234,63,255,167,140,151,13,187,129,117,70,255,182,220,177,110,232,107,151,135,157,41,203,191,24,190,122,76,138,149,152,193,14,74,149,204,166,218,120,207,31,142,37,96,0,175,43,161,173,169,171,48,139,255,124,255,68,245,240,67,0,186,0,0,150,87,0,0,228,169,0,241,255,110,38,255
169,11,156,104,203,62,95,113,131,217,154,86,123,121,128,46,154,96,134,157,63,218,113,87,79,216,157,149,185,176,80,96,132,115,143,77,165,95,85,65,194,231,80,203,100,122,120,98,83,110,157,152,131,119,138,113,164,143,22,198,207,147,28,171,123,173,145,87,140,180,112,178,197,227,85,168,75,227,185,141,161,100,171,106,57,78,117,187,159,140,213,148,47,188,19,216,71,99,0,157,197,101,142,47,129,197,116,201,97,237,185,52,105,105,152,65,128,173,0,105,141,149,92,179,174,102,0,255
166,7,161,99,203,80,96,113,93,224,99,123,125,110,123,46,123,84,166,125,67,189,129,91,84,252,124,102,212,139,76,131,143,166,103,86,108,132,93,37,250,210,161,198,116,40,104,101,61,112,96,170,173,104,102,63,193,174,27,208,210,145,92,229,118,179,150,50,170,154,129,123,143,252,76,91,66,255,163,112,119,65,205,130,38,57,92,214,160,206,229,201,69,107,4,228,131,255,40,116,196,81,89,17,94,103,230,199,51,255,220,41,59,154,163,0,147,150,0,45,65,255,189,255,193,0,114,255
154,6,197,129,238,133,146,79,47,224,145,167,24,123,182,95,130,192,158,166,0,227,0,139,73,105,182,195,128,104,128,162,201,212,77,227,196,99,186,122,26,102,0,164,209,159,196,252,57,255,215,127,215,105,156,187,96,0,255,255,236,186,184,184,0,0,17,69,255,64,252,180,216,255,128,128,94,226,255,240,255,37,165,233,224,106,217,255,68,247,83,255,182,255,27,255,62,117,153,234,90,138,255,29,0,255,86,255,247,255,255,174,0,17,255,165,164,131,0,80,203,61,116,104,255,6,0,255
153,2,193,131,226,117,131,89,56,199,158,172,26,113,170,66,180,183,144,145,7,250,0,152,121,132,231,196,110,138,103,197,143,186,43,239,250,107,107,76,102,150,0,136,200,189,180,237,3,255,223,122,218,69,178,156,144,0,229,255,255,177,72,177,49,50,62,17,255,94,225,206,226,255,61,84,90,189,189,144,255,69,217,88,176,206,246,255,26,160,123,215,143,255,37,246,145,47,131,255,86,140,210,2,0,255,55,248,246,255,255,173,0,117,253,124,204,225,0,100,157,0,74,169,255,0,0,255
148,3,185,137,246,85,189,109,48,216,166,131,40,183,192,70,190,168,102,128,1,228,0,145,132,156,152,139,143,173,146,122,188,111,49,255,203,100,105,137,79,106,0,89,202,140,106,181,0,255,160,71,234,142,200,150,79,0,255,230,224,194,97,124,126,120,129,89,255,89,255,194,246,204,120,159,246,255,64,232,127,130,255,176,77,156,97,255,29,93,95,85,201,255,22,189,193,0,144,255,167,88,255,51,2,255,71,143,255,255,178,166,0,123,213,209,205,255,0,58,215,0,92,163,255,0,98,255
153,6,217,110,239,134,207,87,33,255,170,160,14,173,238,97,145,213,189,173,23,221,0,204,87,102,170,206,148,182,133,69,255,190,41,255,193,158,216,83,18,100,0,208,240,144,151,255,71,213,255,137,217,103,177,159,73,0,255,255,255,234,136,120,114,24,169,137,255,139,182,155,255,173,80,219,52,255,160,197,182,0,255,247,148,233,96,255,9,187,120,173,255,255,0,255,136,0,91,255,117,87,255,153,99,255,0,255,255,255,177,188,60,137,255,56,163,202,0,24,96,0,138,48,255,0,82,255
151,15,190,138,244,102,171,64,66,225,129,140,51,150,163,75,163,179,155,141,25,255,12,144,54,155,167,192,72,115,164,154,160,142,63,248,230,46,108,162,72,114,0,95,138,170,204,255,31,219,209,177,218,166,173,171,145,78,255,255,235,144,147,242,111,33,12,109,255,29,244,241,173,255,143,158,166,195,73,172,233,108,233,184,93,219,138,255,126,168,126,94,211,255,35,211,111,0,93,255,193,19,255,13,0,164,0,227,255,255,255,242,95,25,255,255,255,213,0,54,251,69,181,79,255,0,59,255
157,2,142,129,213,82,96,72,118,194,120,162,80,106,65,66,82,53,156,161,37,161,115,98,74,157,201,122,69,168,158,183,161,169,52,184,108,147,48,60,32,187,0,92,201,94,137,225,150,171,72,107,117,135,222,81,234,65,189,211,117,7,67,241,173,0,187,17,255,62,208,60,214,210,0,66,117,115,101,142,137,184,129,145,28,15,98,178,255,37,252,255,194,109,0,226,166,239,202,32,204,76,162,110,64,170,255,113,208,181,201,8,26,201,255,77,255,51,95,22,36,14,95,182,234,0,198,255
167,7,165,90,203,112,109,81,131,174,82,165,51,154,75,96,151,50,127,126,42,190,88,79,63,193,124,114,94,102,108,134,186,115,144,126,0,164,112,0,79,169,0,63,136,118,217,141,72,162,104,111,114,137,239,75,255,0,204,164,183,120,26,242,133,243,243,0,235,190,69,63,227,222,86,124,10,211,121,127,1,88,216,83,0,66,97,181,134,116,162,255,189,80,40,199,27,255,141,169,131,0,109,0,54,193,95,255,148,255,100,0,102,79,255,46,64,96,0,160,96,117,30,199,220,0,0,255
168,5,162,85,201,114,100,87,136,162,80,173,38,161,44,96,152,1,130,112,43,187,60,82,27,142,114,129,84,77,134,74,164,61,149,106,0,180,170,0,56,182,31,0,125,153,255,86,108,184,122,100,110,146,230,52,255,0,154,168,210,93,69,255,140,255,186,0,253,222,88,45,234,163,130,113,0,184,168,129,0,108,233,33,0,61,170,177,46,145,133,255,228,0,31,229,39,255,184,219,86,0,124,4,0,175,61,230,134,255,105,0,111,142,216,9,44,216,0,205,129,140,24,112,255,0,0,255
172,6,156,96,204,122,113,108,144,179,118,182,68,182,77,67,136,83,159,122,29,181,53,134,64,146,149,143,116,0,144,75,178,103,181,58,6,211,100,0,58,176,36,119,89,143,247,125,32,167,130,142,227,136,158,19,255,0,183,243,255,95,106,255,167,252,218,0,255,142,206,112,213,185,64,52,75,180,113,143,0,154,171,81,0,104,209,211,88,155,122,202,226,171,43,131,60,240,160,158,255,0,114,0,0,170,104,255,105,255,8,79,80,44,226,79,1,219,0,63,85,68,18,160,183,0,31,255
173,8,167,86,196,125,119,98,149,167,89,188,57,183,62,92,113,53,157,97,26,201,55,91,28,159,135,150,94,46,145,54,185,82,163,94,0,213,168,0,72,170,66,87,113,190,255,98,85,196,128,123,132,105,173,37,255,3,127,176,246,88,74,255,146,255,237,0,221,205,111,95,209,180,153,69,4,223,140,82,0,126,255,103,0,71,228,255,6,149,171,194,218,97,53,201,57,214,169,242,156,0,135,25,0,176,108,255,59,255,0,0,25,55,147,39,0,255,0,98,167,158,12,60,190,0,0,255
173,6,152,90,216,119,134,114,121,198,123,205,64,165,115,74,123,148,83,128,30,189,87,122,92,151,176,192,109,120,150,114,157,197,76,162,78,148,82,61,127,201,83,202,148,159,66,175,98,180,101,147,115,194,187,54,175,15,226,255,173,117,151,222,229,218,133,86,216,108,219,108,169,225,26,135,80,146,82,115,128,85,255,215,105,55,207,255,169,91,255,210,204,199,87,255,93,187,219,167,190,126,188,0,21,212,172,233,105,232,14,208,90,72,255,153,120,61,0,0,124,186,72,88,154,0,144,255
173,5,154,93,208,124,122,115,126,191,133,193,69,162,98,72,125,128,110,136,22,217,92,127,98,157,161,158,129,75,148,95,146,136,120,106,63,141,92,18,126,228,75,179,134,164,145,141,102,177,89,151,149,191,175,68,192,31,217,255,222,109,118,255,189,255,166,24,195,122,189,128,154,218,43,120,61,169,94,115,94,74,223,135,61,87,162,255,136,143,212,217,166,154,109,255,75,202,186,163,214,84,145,0,22,183,182,255,110,255,45,125,65,80,230,155,85,84,0,12,133,221,35,160,139,0,76,255
168,3,164,97,184,107,113,107,152,175,118,208,10,154,87,101,76,89,156,128,14,226,110,129,88,159,163,139,107,158,160,91,136,212,23,103,115,140,131,0,165,160,98,167,212,233,125,112,133,200,173,52,89,113,171,34,245,107,74,255,185,64,82,255,205,171,198,19,200,180,168,209,230,207,64,115,93,207,148,64,112,147,200,205,75,136,164,176,196,222,255,255,169,123,73,255,13,201,209,191,110,153,187,103,0,87,155,189,122,255,163,176,72,74,255,78,124,255,0,22,0,83,4,118,124,0,231,255
