150,11,163,46,242,93,118,127,172,198,95,111,195,128,32,84,167,142,132,215,58,234,43,95,118,131,199,182,174,101,193,96,114,84,62,245,69,57,137,41,100,246,0,112,2,95,30,81,135,172,132,126,61,141,53,129,203,0,59,255,255,158,13,255,72,56,87,0,106,150,137,155,255,168,72,92,88,100,88,255,0,52,255,77,46,90,156,156,189,110,143,255,134,153,97,169,139,90,250,252,204,31,195,234,39,255,136,160,24,134,255,244,255,38,255,0,177,182,24,110,210,91,0,101,176,0,0,255
148,10,166,51,240,85,77,116,163,181,79,124,163,167,97,133,128,150,122,153,60,195,0,72,152,164,187,202,140,47,199,119,164,112,29,255,116,136,85,15,62,199,0,62,47,55,0,49,9,195,214,35,57,173,66,57,216,0,88,255,220,215,35,255,164,107,0,46,133,134,147,125,221,111,154,114,196,3,123,255,0,188,255,200,209,53,255,81,229,174,255,156,126,255,127,214,156,0,255,255,255,117,162,168,41,255,162,114,7,46,255,255,202,0,255,62,255,255,0,208,255,113,54,89,50,0,0,255
147,8,160,64,237,91,69,110,163,161,87,104,178,142,37,105,197,117,122,210,41,204,27,11,141,162,186,168,160,78,186,69,73,70,33,255,91,102,56,59,73,255,0,0,2,48,0,99,66,167,184,53,80,131,109,38,192,0,0,220,175,97,0,191,117,170,0,13,156,163,142,197,255,238,69,148,99,23,21,255,0,88,255,222,177,10,255,107,255,186,228,255,255,247,151,121,244,0,255,255,255,128,139,206,186,221,212,175,76,10,255,255,234,0,255,108,255,246,70,241,228,190,118,127,255,0,0,255
148,8,162,59,236,92,67,113,172,166,85,113,174,149,49,104,177,124,127,213,56,209,5,43,157,149,214,190,151,79,181,89,115,74,15,249,86,130,61,18,44,236,0,1,6,32,0,65,46,172,176,85,72,154,82,81,246,0,13,255,201,185,0,255,170,99,19,0,130,175,155,168,255,204,74,176,134,0,20,255,0,122,255,201,188,8,255,101,255,227,255,255,223,255,158,132,221,16,255,255,255,139,124,221,91,249,182,227,54,19,255,255,255,0,255,60,255,255,0,206,255,207,92,81,175,0,0,255
151,7,176,87,220,107,34,110,120,159,87,75,164,110,85,113,175,90,148,184,57,255,97,17,94,161,155,191,179,137,211,129,99,110,87,255,105,126,80,134,156,200,84,57,0,116,24,72,81,164,126,108,190,34,143,80,255,0,103,232,203,125,0,255,255,221,98,0,174,98,104,156,239,247,0,192,50,58,48,218,134,246,224,233,90,85,255,121,255,76,255,243,129,39,69,155,163,77,175,204,166,0,169,126,80,209,255,157,185,23,237,255,100,57,131,0,247,217,14,255,219,0,155,255,255,50,35,255
150,5,184,151,213,94,60,121,115,197,85,45,151,67,135,172,161,109,157,145,4,255,143,50,36,164,124,238,224,81,182,97,17,182,63,252,251,96,103,156,231,154,80,191,70,163,0,17,88,241,144,75,78,85,220,52,255,0,160,227,205,105,0,211,255,120,252,25,219,130,211,248,207,255,91,173,51,130,1,165,79,212,134,255,48,228,78,160,255,188,140,60,255,138,33,165,74,47,87,120,199,32,147,0,0,242,189,0,157,111,1,210,45,31,0,11,240,207,179,255,245,0,27,194,197,32,4,255
146,3,179,90,226,109,66,115,105,225,79,88,156,89,101,117,193,152,111,105,34,255,124,0,71,156,159,207,173,137,228,128,109,149,0,255,111,103,135,78,240,152,139,95,0,127,22,97,58,150,131,97,140,18,114,16,255,0,108,255,151,60,26,243,240,221,147,26,116,172,178,128,186,255,114,26,97,179,57,127,85,221,219,229,116,109,255,198,255,10,219,135,112,18,0,162,114,145,74,52,130,0,121,47,32,206,219,56,228,0,146,221,86,0,137,0,107,150,86,255,255,44,0,117,178,0,11,255
147,0,175,86,224,97,27,109,116,202,81,84,149,101,116,129,180,119,108,179,46,229,90,7,101,174,218,199,192,113,192,125,117,125,0,249,128,154,45,96,176,143,88,90,0,88,61,93,43,141,145,87,173,18,76,2,255,49,117,234,152,190,36,255,255,177,174,0,148,141,176,119,160,167,35,157,96,86,38,210,72,255,218,190,156,169,255,143,255,85,199,172,135,12,133,144,111,33,246,145,196,0,79,108,69,255,255,197,132,0,201,210,5,47,153,0,132,235,15,255,255,62,85,199,150,13,0,255
149,4,179,98,217,93,37,115,117,207,74,84,134,100,131,147,174,107,109,121,57,237,103,11,61,198,178,213,169,114,197,128,116,94,20,255,163,114,83,100,210,192,128,105,0,161,57,70,49,155,138,103,160,4,131,0,255,1,111,237,167,128,10,255,255,215,148,45,161,112,143,169,147,250,85,126,85,182,25,230,109,245,145,242,122,174,218,148,255,87,212,155,161,43,89,187,159,86,125,148,104,0,69,6,51,249,255,90,105,0,128,222,61,76,106,0,233,218,25,255,223,44,41,189,213,0,62,255
145,1,172,104,224,95,45,116,104,230,76,89,124,88,139,155,179,151,101,108,38,240,87,0,69,172,204,255,159,119,187,90,89,114,0,255,163,121,87,115,226,146,124,64,0,157,56,88,38,159,197,45,102,0,95,0,255,0,139,215,126,147,25,255,255,205,211,41,130,155,186,127,158,248,142,101,116,162,15,135,103,255,115,255,145,204,255,207,255,95,137,63,119,72,52,181,137,19,84,134,176,0,63,0,45,186,255,108,154,23,76,187,0,68,116,0,177,137,68,255,255,0,0,103,73,16,16,255
143,4,170,79,237,104,71,112,91,232,95,97,135,100,136,146,184,163,92,163,37,233,75,12,83,161,190,227,169,94,170,107,128,101,0,235,110,113,52,113,169,182,72,112,0,101,72,121,147,144,161,55,183,0,63,0,234,0,111,243,158,88,0,255,255,165,206,34,160,108,185,139,148,171,52,45,83,126,62,159,40,227,212,170,120,222,255,180,255,60,155,145,175,12,31,163,134,90,206,36,186,0,166,59,97,255,255,208,112,0,134,165,46,86,69,0,136,204,50,255,255,0,18,205,152,0,0,255
148,2,178,86,227,108,56,123,116,209,60,101,141,106,101,138,182,138,114,127,55,237,88,0,81,177,172,229,193,112,225,112,110,128,0,255,116,140,110,60,210,147,116,91,0,119,39,85,50,132,160,97,141,32,87,17,255,0,134,255,168,158,56,255,255,215,156,30,162,160,157,146,171,194,89,93,77,103,61,173,62,230,219,255,101,141,249,149,255,34,251,158,76,3,28,198,132,137,133,147,165,0,100,20,42,212,246,162,180,5,218,237,16,0,185,0,129,208,24,255,248,32,0,179,177,51,0,255
147,3,181,103,235,105,91,122,92,227,76,102,142,60,124,135,186,179,101,85,9,229,134,0,53,187,144,207,203,116,178,104,82,154,0,255,180,107,76,95,255,147,158,149,0,120,0,113,82,204,105,66,121,79,86,43,250,32,111,250,163,70,32,255,224,186,187,26,165,129,204,51,227,255,123,0,84,156,0,77,78,192,205,213,112,95,231,255,255,133,130,130,141,19,0,191,129,178,25,20,223,0,63,0,0,203,147,85,255,53,188,170,47,5,86,0,171,61,103,255,255,82,0,33,128,0,0,255
150,4,182,91,229,98,27,114,106,198,87,86,158,77,112,116,181,141,121,159,64,225,104,0,88,183,187,226,204,110,187,121,126,140,30,255,171,152,50,109,175,168,106,78,0,82,37,56,54,119,128,154,184,0,94,39,255,0,142,242,187,171,0,255,255,233,197,0,107,136,146,142,219,150,9,106,83,35,0,178,107,255,232,182,159,207,255,79,255,34,255,178,13,0,84,178,200,76,115,114,118,0,62,51,67,255,255,255,123,0,186,169,45,45,78,0,164,141,129,255,209,42,137,248,251,28,68,255
148,1,191,100,231,119,53,136,115,227,86,104,121,65,137,120,223,143,107,93,54,255,116,13,41,169,159,221,188,122,171,128,83,150,0,255,186,145,159,60,255,186,160,106,0,151,0,107,58,205,122,80,161,0,163,43,255,0,84,252,226,101,56,255,255,219,170,0,85,115,223,132,242,255,118,0,21,67,0,101,113,250,156,215,174,130,255,160,255,100,176,122,55,0,0,231,185,207,4,54,111,0,61,25,0,255,239,137,203,0,50,183,0,0,102,0,150,110,67,255,255,93,0,109,132,0,106,255
147,0,179,88,220,110,28,118,105,199,92,88,129,98,139,124,202,123,108,169,51,243,108,1,70,157,190,201,187,116,182,158,156,110,19,245,112,139,55,131,226,192,91,106,0,134,75,97,68,177,178,116,200,22,91,28,255,0,94,245,173,138,22,255,255,178,143,46,156,94,146,127,153,232,25,149,21,76,35,197,102,255,149,235,162,176,255,126,255,71,179,151,145,0,108,195,124,58,180,119,194,0,173,49,97,216,255,214,173,0,46,255,0,76,93,0,160,212,0,255,255,0,22,251,255,41,22,255
151,8,159,62,223,86,51,113,178,166,111,102,155,147,73,84,176,118,115,219,39,209,49,62,170,137,255,149,165,89,148,119,116,38,21,166,157,111,62,100,80,243,0,38,19,74,55,87,68,206,175,113,51,150,87,55,174,5,12,233,205,190,0,244,128,146,72,0,81,115,200,171,255,255,39,238,119,56,0,255,4,155,190,51,202,41,235,156,181,255,107,255,255,246,127,165,123,0,255,255,255,39,130,134,129,255,116,221,97,96,255,215,255,0,255,26,255,255,0,169,222,176,94,157,151,0,0,255
145,5,171,79,229,82,34,113,134,186,81,100,162,132,87,141,176,130,117,166,68,224,30,3,120,156,231,240,160,62,228,81,131,124,0,255,112,104,64,14,108,166,11,22,14,103,17,60,53,150,224,39,107,32,38,18,239,0,141,255,114,184,0,239,233,202,61,29,180,187,134,202,240,98,71,128,169,32,16,255,3,255,255,199,166,229,255,11,255,144,255,186,116,108,161,126,151,0,242,237,176,103,173,118,93,238,255,106,60,0,255,255,81,0,255,0,187,255,111,255,255,51,127,199,135,0,0,255
144,2,170,69,227,98,28,116,131,197,92,116,117,175,140,123,165,132,92,133,80,234,22,53,121,174,214,210,134,68,174,153,185,95,0,255,158,160,42,0,137,114,25,87,9,120,120,83,0,133,221,28,169,33,73,71,255,0,139,255,150,188,55,255,255,153,93,60,142,48,205,201,166,62,108,129,136,28,146,250,0,255,226,224,190,157,255,51,255,82,255,106,64,72,154,217,142,67,255,200,212,39,230,105,11,255,255,213,22,0,190,255,69,0,238,0,104,255,0,255,255,23,78,207,122,0,71,255
137,0,160,61,219,94,30,92,92,213,83,75,143,156,145,160,156,119,60,181,23,254,38,3,101,158,216,186,127,106,213,140,184,52,20,255,47,83,50,98,117,155,0,35,0,130,77,83,91,148,218,0,182,22,88,8,224,0,167,255,115,80,0,249,232,159,93,104,149,0,121,255,39,166,85,71,168,188,190,255,0,255,200,255,110,181,255,117,255,0,211,0,168,144,247,161,103,0,255,110,198,53,255,255,118,255,255,106,3,0,87,255,1,72,173,0,159,255,0,255,255,0,120,255,206,0,0,255
138,0,156,72,219,89,5,67,90,201,120,61,132,137,157,140,115,86,76,184,18,244,31,84,174,169,222,171,116,79,171,189,214,32,69,241,128,116,0,107,105,174,0,82,0,73,151,66,48,162,180,2,184,0,148,36,255,0,173,239,133,95,0,255,255,120,133,56,211,0,199,221,11,184,66,113,183,166,241,192,0,255,141,201,110,211,255,146,255,0,236,0,164,182,209,121,170,0,255,78,159,27,222,237,105,255,255,54,31,0,2,255,80,139,129,0,252,255,0,255,255,0,105,255,234,0,141,255
149,6,159,53,228,94,80,113,173,167,77,122,169,147,32,93,179,109,127,190,60,214,27,29,169,138,198,170,168,105,206,112,123,74,5,217,47,105,117,10,62,233,0,0,19,44,0,57,49,152,170,75,55,201,76,43,210,0,8,255,186,189,47,253,122,69,20,17,110,202,138,159,255,221,150,192,63,43,22,255,0,115,255,212,168,0,255,177,201,210,233,255,204,255,144,184,165,38,255,255,255,90,103,199,89,188,142,199,60,80,255,255,255,0,255,14,255,250,0,203,241,161,69,42,139,0,0,255
147,3,158,69,221,94,55,102,148,171,98,107,157,143,72,101,180,92,99,200,39,219,60,27,132,154,214,145,166,101,174,119,112,60,13,208,97,111,75,72,106,231,0,0,25,72,26,99,86,147,180,55,97,109,115,0,182,0,31,222,156,100,0,205,142,144,27,54,102,109,136,221,252,255,77,202,60,138,39,255,0,146,205,197,150,47,255,155,245,129,189,243,229,205,167,156,178,0,255,255,247,67,178,165,224,214,255,142,108,0,236,255,251,62,187,0,255,227,0,255,227,67,149,183,197,0,0,255
139,0,163,65,222,106,37,111,96,241,89,92,93,170,169,147,192,126,31,175,12,228,12,42,68,160,242,189,96,80,184,135,219,0,11,221,56,124,41,0,195,158,41,112,22,158,169,123,72,174,226,0,78,110,107,46,191,0,110,255,142,104,0,255,207,83,190,39,175,41,115,198,72,127,40,58,123,216,127,148,0,199,190,255,152,58,255,170,255,117,110,49,255,127,162,99,32,0,255,164,255,98,223,142,80,255,252,255,63,28,0,255,0,98,255,0,63,255,0,251,255,46,133,135,189,0,0,255
140,0,154,74,218,99,26,97,100,225,136,57,111,191,183,98,177,66,49,185,11,254,0,158,137,157,247,68,59,92,180,205,241,0,99,136,59,141,56,6,177,147,0,177,15,184,255,154,95,176,176,2,99,52,189,125,187,0,123,255,130,97,0,204,185,67,187,44,248,29,168,149,25,85,49,120,142,255,142,153,0,171,176,124,112,84,245,164,241,0,137,95,163,136,139,126,59,0,255,11,197,119,255,163,95,255,252,200,153,10,38,193,92,57,255,0,131,255,0,255,255,0,103,176,152,0,11,255
137,0,154,73,216,80,1,85,115,194,108,60,132,194,151,94,130,94,71,164,22,228,31,107,172,139,254,133,63,139,206,185,213,72,10,223,111,153,27,32,84,99,0,56,28,167,189,100,32,143,191,0,155,20,121,58,232,1,185,255,66,103,0,209,255,105,136,83,184,0,217,181,79,134,133,128,217,211,181,253,0,255,188,227,180,132,255,137,255,0,215,50,89,162,224,104,90,0,255,119,157,102,255,252,82,255,255,125,70,0,123,255,185,125,200,17,255,255,0,255,255,2,225,174,157,0,65,255
138,0,162,54,242,98,56,95,92,221,90,101,139,128,160,156,171,158,59,139,36,221,22,54,120,166,208,182,137,51,167,138,155,74,0,255,98,108,8,89,134,160,24,82,0,87,118,121,131,156,157,0,132,0,45,0,229,11,127,255,135,104,0,255,219,104,129,34,171,23,196,124,44,80,82,8,137,83,145,193,0,243,255,141,132,179,255,123,255,22,161,21,207,36,118,224,170,45,255,59,191,62,166,239,130,255,255,205,71,0,166,255,27,38,101,0,153,255,0,255,255,0,79,200,57,0,0,255
136,0,157,65,226,88,39,83,103,204,106,72,139,129,139,163,162,117,75,199,19,233,20,29,116,156,232,202,129,51,171,145,179,10,15,229,80,79,0,111,110,213,0,57,0,75,72,78,97,187,216,0,165,59,82,0,230,0,114,255,133,79,0,255,255,107,97,24,196,47,146,210,57,170,18,95,202,160,103,243,0,255,168,215,132,162,255,137,255,79,149,87,255,187,176,59,152,0,255,154,255,106,255,243,134,255,255,132,12,0,145,255,66,74,227,0,191,255,0,241,255,0,165,255,203,0,0,255
138,1,156,54,234,96,62,88,78,224,90,81,136,135,159,176,147,134,63,153,18,229,19,63,130,156,229,182,129,33,206,142,200,64,0,223,28,68,1,131,118,145,0,84,0,130,97,56,175,219,184,4,168,8,68,10,197,0,194,255,69,105,0,255,198,95,133,97,253,9,224,110,0,75,60,0,225,203,114,156,0,240,210,122,52,255,209,132,255,25,140,0,186,65,91,196,121,17,255,0,195,127,220,255,74,255,255,143,81,24,96,255,0,43,175,0,206,255,0,192,255,0,85,228,91,0,0,255
140,0,163,65,212,93,21,107,84,219,86,52,115,176,152,174,211,97,44,241,19,255,54,0,67,162,241,180,76,122,216,141,238,0,76,191,0,88,49,95,135,187,17,60,21,170,153,96,108,211,204,0,166,70,137,105,210,28,168,251,107,68,0,213,196,147,177,27,193,36,73,143,61,139,13,50,209,225,154,255,0,255,141,255,112,148,255,143,255,35,86,49,193,112,212,63,34,0,255,166,255,35,240,198,94,213,255,229,90,44,79,255,0,146,255,0,195,255,0,196,255,0,122,190,255,0,0,255
142,0,164,69,220,91,12,99,94,209,74,56,143,124,133,143,163,103,66,199,42,244,57,0,105,179,255,196,154,91,212,116,176,63,0,218,29,124,0,114,137,167,53,24,0,136,71,67,61,127,218,49,192,0,65,2,225,19,164,243,67,145,0,255,255,205,182,44,185,88,196,167,58,128,45,122,178,180,140,212,36,255,176,237,85,236,255,115,255,22,166,61,124,126,159,147,115,0,255,74,197,0,189,167,81,255,255,175,52,0,84,255,0,83,251,0,117,235,0,172,210,0,136,255,172,21,6,255
151,6,162,67,215,93,52,103,164,176,121,101,145,142,107,89,157,129,120,227,17,203,75,76,123,182,231,123,164,115,122,114,143,63,39,123,132,114,68,115,104,249,0,75,11,80,86,118,95,214,183,112,84,133,127,51,163,64,27,241,205,162,0,235,170,145,104,3,135,100,204,182,255,255,32,255,58,119,38,222,35,136,149,88,187,38,255,159,212,250,91,244,255,190,131,151,76,0,220,255,251,63,163,109,176,255,174,192,129,102,217,193,255,73,176,85,247,245,0,220,189,176,214,186,247,0,44,255
146,4,152,65,219,91,62,94,157,176,99,103,153,158,68,86,164,98,103,193,36,188,47,23,154,146,220,148,151,109,198,125,113,47,11,199,94,103,83,55,99,234,0,0,38,99,64,109,120,165,201,27,102,134,138,0,147,0,52,255,174,76,0,148,117,126,14,61,113,89,155,217,255,255,133,186,63,158,58,244,0,93,219,164,156,26,255,182,228,134,159,255,212,215,162,146,110,0,230,255,233,81,155,134,157,243,227,149,126,101,255,255,255,83,187,23,255,171,1,255,226,71,120,61,182,0,0,255
150,11,157,58,238,92,82,112,170,167,98,110,154,163,81,107,150,144,134,200,43,170,8,58,161,139,218,169,155,66,170,98,123,108,12,181,138,151,81,80,88,211,0,51,33,56,21,105,73,222,223,84,106,175,114,54,184,10,65,255,189,142,23,205,111,153,34,57,135,116,210,156,255,199,143,165,140,44,36,255,0,162,226,147,180,92,220,134,205,184,172,255,182,241,93,216,112,0,255,255,255,105,141,107,169,255,159,224,126,167,255,255,212,0,255,69,255,198,0,202,158,153,29,93,119,0,0,255
143,0,165,77,213,102,33,109,125,194,88,100,106,179,139,121,179,78,70,132,63,248,51,60,95,166,203,171,122,108,198,168,214,22,12,246,113,128,59,10,172,123,34,81,15,176,133,90,14,133,229,32,160,82,134,37,241,0,135,255,118,151,38,255,255,129,101,64,134,68,117,239,112,160,121,193,58,201,119,207,0,254,173,255,148,89,255,98,255,48,244,127,100,110,140,194,121,27,255,209,185,26,255,80,71,204,255,155,72,0,40,255,91,3,236,0,82,255,0,255,255,0,147,229,201,0,68,255
137,0,166,70,225,84,18,98,101,217,75,103,130,137,140,174,168,122,57,173,27,255,20,0,92,183,249,237,151,84,196,103,183,60,0,234,73,120,40,91,110,176,4,0,11,122,56,45,32,124,254,0,73,0,42,0,246,7,138,255,60,135,0,255,255,131,149,87,130,73,183,222,20,153,84,56,225,128,168,255,0,255,173,255,166,255,255,76,255,0,240,0,160,187,215,164,150,0,255,138,185,108,184,209,199,255,255,91,13,0,81,255,0,13,234,0,147,255,0,255,228,0,100,255,88,0,0,255
141,0,155,75,208,92,0,109,108,175,99,45,154,181,142,99,164,60,84,155,48,255,80,64,144,127,244,127,116,133,224,205,193,34,41,230,76,106,76,101,181,99,84,54,0,238,157,137,73,181,234,7,227,0,154,58,226,5,168,255,111,95,25,219,255,214,111,68,130,31,171,193,36,153,126,192,100,169,170,246,0,255,158,224,93,154,255,117,229,0,119,41,115,123,145,210,32,0,255,105,129,0,228,120,46,218,255,103,143,0,156,255,0,97,183,0,196,255,0,238,255,0,127,203,215,48,85,255
137,0,152,49,248,98,40,81,86,224,110,75,128,126,160,154,142,127,56,224,34,239,0,34,164,142,208,189,105,6,173,155,184,64,2,234,17,117,0,112,55,164,0,5,0,60,131,61,112,160,131,15,237,0,68,111,255,33,171,255,83,144,0,255,255,86,74,52,215,17,219,155,0,57,84,13,231,90,169,238,0,255,213,142,3,218,255,90,255,58,151,0,137,16,255,140,159,0,255,35,255,105,255,255,52,255,255,198,0,0,21,174,83,0,145,0,125,209,0,255,255,0,157,255,143,0,32,255
146,2,154,57,222,99,62,92,144,171,97,100,149,159,82,97,147,102,100,199,40,216,23,61,178,139,204,116,137,97,186,154,124,92,33,192,69,121,55,8,85,184,0,22,48,70,41,84,73,160,165,21,137,136,90,31,213,12,107,255,162,125,28,247,179,124,31,54,175,53,163,173,216,220,86,191,103,123,74,219,0,152,245,185,127,33,255,210,255,157,156,235,161,249,134,157,75,0,255,255,255,65,152,189,83,247,173,151,107,55,255,255,255,107,230,13,179,215,0,255,214,60,154,145,152,0,0,255
141,3,169,55,242,102,80,111,90,235,81,130,122,146,169,172,160,194,77,107,57,204,16,37,100,165,203,238,145,39,186,134,202,98,0,255,104,97,43,61,141,135,31,108,0,116,74,105,145,183,202,8,140,0,51,19,201,0,173,255,137,125,9,255,185,122,142,79,150,46,234,88,76,51,125,0,175,105,94,179,0,233,255,103,143,245,255,105,234,59,197,34,115,33,59,255,133,136,255,56,171,95,153,117,44,255,255,232,20,0,198,255,56,0,126,0,153,255,0,255,255,0,41,141,22,0,0,255
148,5,181,84,226,110,64,125,114,211,78,95,131,106,140,127,177,163,126,117,62,229,78,29,93,155,162,220,166,130,201,144,146,135,0,255,158,137,129,72,226,156,85,129,0,116,62,101,79,169,196,65,158,10,104,44,255,0,158,255,233,153,72,255,255,177,197,32,112,155,152,143,199,186,111,53,25,53,67,164,44,220,222,233,146,173,255,154,254,12,255,117,45,5,64,255,146,132,116,96,116,0,99,39,25,253,228,179,98,0,217,221,63,1,98,0,150,207,84,255,255,15,0,120,149,0,37,255
144,0,180,85,226,97,53,118,93,220,49,94,147,93,129,148,182,158,76,60,30,231,93,0,73,181,181,196,207,105,222,91,77,126,0,255,121,120,93,77,255,141,165,38,0,173,29,101,62,218,176,30,71,37,83,0,228,0,117,255,164,118,93,255,255,218,160,17,138,132,250,68,187,255,104,23,100,148,16,121,57,253,243,255,174,60,255,226,217,108,143,81,136,94,0,255,167,197,109,106,175,0,0,0,0,161,102,110,174,22,199,242,0,0,255,0,94,146,93,226,255,121,0,13,62,0,0,255
146,2,179,95,225,107,47,129,123,209,75,107,126,111,136,124,212,140,117,95,65,228,92,26,69,168,182,232,169,128,189,124,112,107,0,255,172,144,129,55,255,156,136,112,0,164,87,122,32,141,196,48,140,14,107,0,255,0,96,255,204,157,56,255,255,194,153,44,115,129,166,111,190,227,101,92,22,73,29,184,48,237,161,251,185,128,255,155,255,48,178,153,107,0,47,219,141,104,92,162,118,0,114,3,49,204,255,159,150,0,206,255,32,51,119,0,214,238,50,255,255,33,0,119,115,0,41,255
148,3,175,84,226,99,47,106,138,179,76,104,146,112,98,129,158,118,130,162,65,220,45,20,93,178,181,216,173,108,190,92,104,130,35,255,166,133,56,54,152,193,33,52,4,112,61,78,33,136,196,71,157,31,62,54,255,0,112,252,152,167,41,255,255,172,75,62,205,100,180,196,230,213,59,138,114,50,112,255,49,227,212,232,122,160,231,73,255,85,255,206,113,77,95,207,172,83,187,213,171,12,138,99,118,199,255,120,149,0,255,255,117,0,176,0,184,240,0,255,195,72,44,212,201,28,0,255
146,0,177,97,218,104,26,128,121,201,82,103,124,135,121,111,200,88,105,122,64,255,89,45,64,172,182,209,160,136,180,133,112,91,15,255,160,156,121,30,237,138,136,80,0,161,87,104,0,122,168,53,155,18,168,39,255,0,83,234,183,173,21,255,255,199,126,39,132,79,152,170,165,207,104,168,6,110,77,229,21,255,153,255,158,122,255,144,255,75,193,134,106,0,129,213,129,80,149,176,123,0,133,21,79,225,255,159,84,0,72,255,112,53,144,0,182,255,0,255,255,8,80,222,164,0,118,255
150,6,189,152,240,109,54,136,138,223,81,48,123,78,130,132,157,125,165,134,25,255,131,66,23,152,139,221,185,161,219,97,32,131,0,240,209,171,183,121,255,155,147,179,70,177,26,55,41,228,128,113,87,62,197,104,255,0,72,255,216,92,70,255,255,179,251,58,167,112,255,192,212,255,150,86,77,51,0,100,80,230,112,254,18,123,112,237,255,130,148,79,197,44,72,214,168,53,36,0,128,0,66,63,0,255,164,116,82,0,120,89,155,0,0,130,178,104,96,255,154,90,15,230,76,0,130,255
152,8,187,107,229,105,58,131,132,205,90,77,134,86,131,125,172,146,140,174,30,223,90,28,66,172,175,204,204,107,211,123,112,129,21,219,170,147,134,100,203,189,81,165,37,120,70,72,79,215,146,112,112,31,77,80,255,13,117,255,186,174,47,255,255,154,195,12,184,134,207,187,221,195,65,94,110,47,0,216,70,188,186,200,109,196,93,112,255,117,187,193,169,29,90,139,76,58,159,37,172,0,116,68,80,243,207,118,202,0,196,187,27,0,105,0,152,255,42,255,250,124,0,181,145,20,0,255
146,0,177,83,224,107,51,115,122,203,79,108,148,95,127,131,181,157,124,156,25,209,95,0,70,172,190,206,230,116,199,104,114,97,11,241,136,135,82,111,195,203,104,121,0,128,86,131,74,188,184,119,126,67,78,0,255,35,77,255,200,153,21,255,255,164,145,0,155,105,170,129,178,236,20,109,58,95,47,204,40,229,223,185,204,122,251,130,215,62,115,209,191,16,26,175,67,51,192,160,184,0,95,47,171,217,255,207,212,49,196,255,0,67,125,0,135,248,4,255,255,57,24,174,207,118,0,255
145,0,169,78,229,97,41,117,121,206,75,94,145,117,106,143,200,143,104,188,43,205,64,0,99,161,220,235,188,92,199,93,117,77,0,255,105,142,61,105,151,200,66,28,0,104,58,118,89,148,207,101,144,36,76,0,249,0,96,249,161,160,0,255,221,205,129,8,146,149,176,168,182,207,34,120,120,68,0,255,44,234,216,218,164,150,255,100,255,129,194,183,215,92,125,149,151,0,215,161,226,13,125,86,119,252,255,212,121,0,234,206,18,7,216,0,217,255,32,234,255,73,99,225,181,0,0,255
148,1,174,101,211,92,32,118,120,217,58,62,145,108,122,112,170,122,129,113,47,215,90,0,92,165,194,254,180,157,255,120,111,111,0,255,137,120,126,70,230,112,133,78,8,181,65,73,2,144,229,83,156,48,133,0,255,0,182,255,149,155,35,255,255,235,209,31,69,187,139,208,181,203,146,96,118,185,69,179,100,231,201,255,122,132,255,143,255,0,255,91,39,38,121,173,75,32,29,157,63,0,67,27,3,220,214,67,87,13,168,255,0,14,190,0,125,206,93,255,192,61,25,120,142,97,30,255
147,0,179,86,221,107,74,125,97,231,77,92,132,100,154,167,172,140,102,147,32,244,92,0,27,162,175,215,227,102,215,69,96,131,0,242,101,124,101,115,234,155,114,138,11,160,32,92,128,207,188,101,130,60,130,0,239,50,132,252,148,160,42,255,236,142,177,16,222,93,157,175,148,251,78,114,86,203,5,171,88,242,169,244,85,162,161,182,234,137,152,136,168,39,0,230,59,102,255,126,195,40,115,0,106,250,207,144,228,45,26,200,0,0,160,0,19,201,13,179,255,5,0,67,112,73,0,255
152,2,188,85,221,126,83,137,120,233,55,105,117,117,135,152,164,164,131,122,67,213,83,17,54,171,152,236,214,141,212,84,98,123,0,255,129,172,131,69,252,148,130,139,4,141,9,96,89,188,190,84,170,74,163,59,255,0,126,252,250,255,122,255,255,198,177,29,227,137,178,122,186,231,124,116,45,107,18,204,55,170,196,255,116,116,195,199,252,146,130,213,68,28,0,255,91,186,147,110,197,0,42,26,0,240,163,251,165,9,101,158,44,0,185,0,103,188,39,226,251,92,2,73,83,0,17,255
144,0,173,80,227,95,51,116,93,223,62,95,141,102,139,150,176,168,80,123,31,201,71,0,69,165,209,226,201,109,234,76,125,112,0,255,109,127,80,97,219,127,133,70,0,162,77,112,93,158,223,57,101,24,32,0,235,11,156,255,136,138,41,255,233,177,202,0,115,124,169,129,143,152,79,49,120,127,47,163,48,255,255,208,196,177,255,119,232,48,182,111,109,12,22,210,81,57,198,123,145,0,66,25,96,231,251,185,175,58,181,255,0,45,178,0,80,255,90,255,255,59,26,71,72,99,0,255
147,1,177,93,220,94,33,120,114,187,60,82,150,112,114,125,171,135,116,120,50,203,106,0,73,165,199,226,202,125,233,112,127,114,0,255,124,140,68,107,208,135,121,71,0,152,40,75,31,156,186,81,138,52,93,0,248,0,152,255,158,164,48,255,255,224,178,12,122,171,124,140,163,173,77,154,86,101,11,214,85,255,222,255,163,140,255,128,248,33,219,148,58,23,74,198,111,44,144,212,124,0,88,30,51,203,255,189,153,0,255,255,0,23,186,0,125,217,71,255,252,15,76,156,210,124,3,255
147,4,171,77,219,97,38,108,107,195,83,88,129,121,138,133,172,127,113,126,71,225,81,5,103,167,213,237,168,95,202,141,173,86,0,255,128,131,52,93,166,125,102,100,0,124,72,76,28,131,192,97,199,25,84,0,242,0,157,255,136,165,58,255,255,187,163,29,114,91,157,152,132,121,126,148,62,135,63,172,40,255,176,207,137,186,255,147,252,63,229,126,81,22,123,208,113,53,255,174,146,0,178,28,52,255,255,188,46,0,86,255,31,44,115,0,128,199,0,255,255,0,115,216,221,0,58,255
146,0,177,76,230,106,49,124,103,223,75,96,125,123,151,149,205,164,88,167,65,209,77,0,78,171,193,233,165,101,199,110,141,81,0,255,106,141,44,87,194,171,95,95,0,110,84,101,105,153,202,65,203,26,94,0,255,0,125,250,199,151,8,255,250,170,177,0,128,115,141,131,191,145,34,78,61,53,44,174,76,248,245,232,199,138,255,115,255,73,195,181,106,0,95,169,151,69,214,149,200,0,140,87,0,255,255,255,78,0,169,191,0,45,139,0,136,225,30,221,255,53,105,144,144,0,0,255
148,5,188,96,228,104,97,122,95,229,65,89,149,83,136,141,138,199,127,127,35,220,118,0,63,191,135,190,206,122,246,102,112,157,0,255,99,103,78,93,192,132,81,187,51,106,12,96,153,208,167,58,124,114,62,38,255,39,207,255,195,132,27,255,255,166,233,0,211,162,142,82,247,168,68,32,81,123,0,168,20,191,255,255,181,181,205,167,255,45,156,171,82,68,0,172,28,121,98,76,214,6,101,21,20,238,167,194,203,65,238,195,0,0,149,0,86,123,210,255,255,103,74,29,117,23,0,255
148,0,181,99,214,102,25,118,112,189,63,82,159,88,113,127,167,117,143,132,35,230,110,0,85,160,176,237,220,134,255,130,100,127,27,255,150,133,107,141,250,126,139,71,0,182,12,65,26,159,206,120,173,51,147,16,255,0,156,255,184,170,21,255,255,226,180,41,94,143,145,164,156,255,59,162,104,130,0,193,97,255,160,255,107,152,251,131,254,25,254,135,38,47,49,218,83,24,71,189,126,0,81,0,70,188,253,104,212,57,163,255,0,8,169,0,147,204,65,255,248,0,24,160,238,230,19,255
149,0,184,95,226,107,58,121,121,212,66,79,155,70,120,118,189,162,126,107,48,219,111,0,52,159,185,227,208,114,230,94,105,157,0,255,138,144,145,35,255,132,130,92,10,141,6,83,31,161,175,106,153,56,111,5,255,0,157,255,195,147,68,255,255,244,184,0,61,195,142,144,229,255,104,42,110,137,0,166,91,255,190,229,144,79,255,152,255,45,223,179,0,0,3,194,89,85,38,200,107,0,86,44,0,249,164,191,206,58,255,227,0,0,209,0,42,71,176,255,255,136,0,23,130,106,0,255
147,2,176,103,217,96,67,125,114,231,76,69,134,102,137,128,166,159,124,54,47,237,86,30,69,158,178,220,143,141,206,97,83,114,0,255,163,106,127,66,255,125,116,91,0,211,20,77,19,177,212,36,109,51,145,36,255,0,135,255,167,126,52,255,255,205,186,88,125,144,181,127,192,233,194,62,131,187,20,158,53,217,123,255,112,185,167,226,255,115,154,95,71,138,0,232,151,70,50,85,135,0,71,0,10,184,160,63,98,2,120,183,117,19,160,0,159,145,117,255,219,49,0,57,37,0,62,255
150,1,177,84,210,115,30,117,118,185,89,79,151,112,119,109,195,102,132,145,56,255,119,27,79,162,191,181,198,145,231,145,121,76,35,241,109,151,74,119,227,138,141,123,0,144,88,108,45,146,140,127,223,40,152,29,242,15,95,255,195,153,66,255,255,214,165,14,155,94,151,162,133,172,33,215,30,133,59,178,111,255,184,242,88,116,255,165,225,3,188,200,106,0,60,243,80,79,234,104,150,0,160,77,34,219,255,235,200,0,69,255,25,58,142,0,113,246,0,255,219,0,115,255,255,112,123,255
146,0,179,84,211,104,47,125,99,217,78,70,142,111,143,119,213,157,88,103,32,248,132,0,49,160,203,181,177,136,214,129,120,114,0,255,91,124,103,66,255,119,143,103,0,168,69,121,63,229,179,82,141,70,139,0,202,11,138,255,176,83,52,255,200,238,171,0,66,129,154,98,237,252,86,78,53,177,28,129,112,255,232,241,223,4,255,199,177,106,129,101,141,38,0,203,82,92,111,161,219,0,80,0,0,127,147,221,218,70,93,255,0,11,255,0,96,108,0,229,255,93,29,0,175,84,0,255
148,3,176,88,230,101,35,117,116,202,75,121,116,135,124,152,184,124,95,133,54,242,53,29,70,186,192,229,155,90,187,107,163,95,0,255,144,174,78,44,149,138,99,71,6,99,71,84,0,118,162,77,174,0,85,20,255,0,123,255,132,196,58,255,255,152,130,57,117,77,203,166,177,84,76,92,97,57,94,206,23,255,153,243,170,166,255,81,255,74,255,125,98,0,158,182,209,90,255,167,131,39,216,100,102,255,255,194,83,0,81,255,29,7,138,3,106,255,0,255,255,33,131,255,170,0,111,255
153,5,184,82,219,107,32,118,147,121,67,110,145,126,93,107,170,136,170,133,55,206,95,0,98,163,200,201,197,128,232,123,176,115,44,255,150,159,63,78,171,198,77,99,32,135,69,89,25,192,177,149,154,78,82,54,255,0,128,255,211,190,73,255,255,230,81,24,159,154,151,116,255,163,39,165,121,0,0,254,80,255,243,226,206,82,255,53,248,137,248,191,182,0,116,187,138,61,194,255,192,0,142,74,39,161,255,241,200,0,255,255,0,0,206,0,201,240,0,255,255,176,116,255,255,139,0,255
151,12,173,59,242,88,75,134,182,178,81,128,155,175,90,134,140,152,145,161,82,186,0,86,144,154,200,234,157,60,181,97,176,132,25,255,150,169,109,4,80,190,0,99,65,57,0,30,0,202,244,86,87,177,76,85,255,0,106,255,214,240,59,255,183,138,35,31,162,186,177,102,230,105,105,104,217,0,100,255,0,220,255,206,190,90,179,27,235,175,255,203,106,227,56,246,190,10,255,255,255,101,168,98,37,208,142,194,114,88,255,255,149,0,255,42,255,255,0,241,255,146,28,116,104,0,0,255
149,11,166,54,240,91,81,126,179,173,86,129,169,163,65,99,161,139,143,171,67,198,0,61,151,159,209,216,159,89,179,102,155,86,22,243,110,146,102,13,78,208,0,63,11,58,8,53,24,178,195,102,65,186,77,97,245,0,41,255,232,208,34,255,153,104,59,5,111,173,181,88,255,174,103,119,163,0,62,255,0,147,255,167,202,34,225,102,212,187,255,226,172,253,78,220,172,42,255,255,255,90,153,142,35,230,143,213,69,93,255,255,241,0,255,58,255,255,0,227,255,158,17,89,124,0,0,255
150,7,158,59,225,93,85,118,180,179,95,125,165,157,35,68,194,106,119,223,53,215,36,37,155,145,207,169,194,109,167,96,101,25,23,223,108,111,100,49,97,255,0,23,11,67,32,94,81,162,146,82,52,175,122,85,210,0,0,219,203,178,0,233,122,73,51,0,82,147,155,192,255,255,66,151,65,55,0,255,0,69,251,140,168,1,245,163,199,231,161,255,255,255,112,131,166,17,255,255,255,82,106,171,118,235,110,230,125,82,255,255,255,42,255,16,255,255,0,182,249,134,32,106,145,0,0,255
147,8,165,52,237,93,69,111,162,172,75,123,161,161,75,126,145,131,120,146,64,209,0,74,175,150,186,182,129,69,218,122,151,104,21,255,81,125,101,0,56,192,0,49,46,60,5,30,12,159,177,40,32,151,49,51,235,0,78,255,202,202,45,255,196,73,0,20,169,151,131,125,221,113,122,112,164,0,118,255,0,196,255,216,183,0,255,93,246,171,255,199,134,221,121,189,204,71,255,255,255,122,122,234,4,255,163,168,55,27,255,255,236,0,255,35,255,255,0,248,255,162,94,36,97,0,0,255
150,9,155,50,232,98,91,105,174,185,102,121,153,155,35,90,188,109,116,219,51,212,33,62,179,135,206,161,185,92,164,110,89,46,10,195,104,101,86,75,73,255,0,11,18,57,44,114,138,195,142,64,56,187,123,79,182,0,0,207,205,155,0,225,96,72,45,17,113,149,194,179,255,255,84,143,60,96,0,255,0,70,238,89,126,27,221,201,199,220,94,255,255,232,78,161,110,9,255,255,255,25,118,187,114,255,96,248,105,146,255,255,255,67,255,12,255,222,0,155,179,116,13,82,135,0,0,255
149,9,163,56,232,97,76,118,172,179,93,128,148,156,76,104,169,123,126,170,48,204,10,60,137,182,196,191,177,97,162,106,124,66,6,228,131,134,93,35,115,229,0,39,11,92,56,103,60,178,190,77,57,159,127,61,212,0,9,241,226,173,0,246,149,117,45,11,116,119,181,165,255,203,77,123,105,62,84,255,0,96,255,157,181,2,242,137,198,177,222,255,255,207,94,202,145,38,255,255,255,49,139,119,128,251,111,175,51,46,255,255,250,0,255,89,255,255,0,227,206,133,92,104,149,0,0,255
153,8,163,65,221,97,46,118,174,166,96,114,138,146,84,108,175,111,119,201,51,194,49,39,148,175,250,178,181,116,160,107,138,60,11,208,151,156,64,67,95,212,17,33,0,75,72,83,70,188,181,152,74,104,127,48,229,21,44,214,200,239,0,255,166,171,78,0,107,125,219,167,255,246,40,217,124,53,15,255,22,165,213,83,197,55,235,96,187,255,183,255,255,168,120,201,106,0,255,255,255,38,106,80,133,255,161,224,120,84,255,246,190,0,255,11,255,255,0,192,255,214,156,151,174,0,0,255
175,18,215,37,143,47,48,136,81,255,110,31,151,97,99,5,0,83,65,108,135,255,0,0,165,211,239,194,126,56,212,198,189,94,62,255,151,120,167,80,96,222,12,131,48,231,7,80,139,255,0,0,73,84,119,84,194,0,122,197,255,141,0,243,206,178,212,173,255,0,142,133,255,132,172,111,0,255,136,230,255,18,110,101,94,174,229,229,23,174,138,50,172,198,0,98,0,255,102,0,144,0,132,137,0,195,241,5,75,250,236,255,0,0,157,0,167,0,0,0,120,146,18,0,247,0,255,255
181,14,192,67,144,62,91,134,120,170,113,48,70,113,66,56,31,105,64,142,75,255,6,21,92,122,150,250,138,147,115,150,199,57,68,202,154,160,164,1,153,163,88,98,105,192,117,114,132,202,49,50,54,97,134,135,252,32,122,93,218,75,0,255,165,200,250,135,241,13,107,214,255,205,183,125,25,198,161,175,162,29,74,122,90,144,95,215,106,155,183,189,137,23,39,194,0,219,129,158,159,70,39,119,0,71,183,255,205,250,179,222,0,25,113,17,65,56,0,113,204,225,0,0,241,0,167,255
189,13,196,75,133,41,95,148,117,148,160,2,119,120,83,71,40,139,43,145,45,255,3,27,98,123,155,255,153,134,74,188,207,76,59,176,196,76,135,45,129,159,56,119,45,150,126,156,132,178,7,96,47,130,200,157,255,85,184,125,206,61,0,192,110,205,244,218,255,17,69,218,255,212,192,73,88,197,154,212,203,28,17,111,102,164,118,171,79,93,57,121,152,20,79,100,0,139,112,35,219,95,10,192,0,13,241,255,255,255,254,205,0,35,42,121,101,44,0,186,253,113,0,0,136,0,144,255
196,24,220,59,110,20,57,114,80,186,181,9,90,81,77,17,45,115,0,165,125,255,0,24,144,79,189,255,111,107,73,170,236,47,77,206,222,112,168,67,138,234,26,93,98,150,87,165,174,255,4,60,27,35,176,181,255,87,121,147,255,58,0,172,255,124,255,156,255,0,51,79,255,255,255,16,60,53,176,211,255,51,0,138,178,140,255,154,110,212,88,180,255,41,28,39,0,249,254,101,255,44,64,255,0,58,255,255,255,255,144,255,0,36,19,36,220,49,0,255,245,255,0,0,77,0,174,255
187,23,207,64,145,55,78,121,89,191,154,17,101,122,100,71,62,132,54,158,63,255,9,70,97,130,184,255,137,117,82,190,236,97,38,206,202,93,152,69,92,187,30,154,33,165,93,162,165,255,14,107,105,104,225,177,255,91,152,169,254,88,0,255,186,211,255,199,255,0,120,120,255,228,187,74,39,169,98,217,255,80,63,180,121,105,163,163,107,183,93,97,231,70,11,169,25,200,139,48,204,31,17,209,0,74,228,255,242,255,157,255,0,78,64,78,163,24,0,126,250,143,0,0,166,0,179,255
186,21,199,56,144,35,78,136,108,172,180,0,99,106,94,60,56,134,34,127,76,255,0,21,104,107,189,255,149,114,82,148,211,47,41,240,203,94,127,68,130,165,25,31,14,181,98,152,111,233,64,90,22,84,162,134,255,9,119,156,210,73,0,192,158,205,229,138,255,0,29,196,255,202,207,69,94,132,136,222,249,77,30,179,116,132,168,153,122,157,175,169,200,93,0,152,59,234,186,38,221,118,113,100,0,95,194,255,254,255,159,255,0,97,61,54,211,82,0,178,195,177,0,0,139,0,143,255
188,12,190,65,132,40,97,132,113,145,172,7,115,100,92,72,53,127,13,114,51,255,0,37,99,111,154,255,175,133,81,164,201,47,68,191,191,69,103,54,165,176,62,86,44,173,101,192,91,168,31,92,25,116,181,170,246,100,140,147,181,30,0,180,137,220,255,173,255,15,53,186,255,247,252,19,75,211,228,188,210,78,59,122,124,155,146,161,53,96,101,152,156,28,88,95,0,204,172,25,255,108,52,147,0,0,233,255,255,255,225,214,0,86,46,118,149,73,0,206,246,186,0,0,111,0,190,255
188,23,210,63,139,40,63,127,93,189,166,2,113,92,88,48,59,115,6,143,72,255,0,35,78,127,216,239,125,85,75,169,253,64,69,195,253,83,175,31,111,193,38,115,54,161,63,123,167,255,5,118,26,95,221,156,255,120,105,184,197,84,0,144,183,186,249,158,255,12,88,122,255,220,215,69,58,179,75,226,255,40,15,169,133,91,141,148,56,170,120,115,220,55,0,78,0,239,190,0,205,2,15,199,0,12,188,255,255,255,156,250,13,0,53,71,208,15,0,174,239,194,0,0,123,0,250,255
183,24,200,65,152,44,71,124,115,196,142,16,93,110,78,69,63,136,63,144,73,255,49,20,89,152,167,240,148,127,112,173,209,86,58,222,223,122,157,78,103,173,22,74,41,164,68,122,99,233,48,139,89,86,172,207,255,67,118,166,241,151,0,225,162,197,181,134,255,23,68,125,255,177,136,135,91,132,142,178,255,72,90,220,90,88,159,218,82,161,166,87,196,128,7,194,9,215,184,94,201,32,72,162,0,76,171,223,214,255,149,179,82,22,101,0,231,70,0,154,205,148,0,0,94,0,73,255
187,22,215,71,123,27,68,122,104,177,153,0,129,108,91,42,57,106,22,148,116,255,25,3,93,135,217,218,172,72,142,190,196,58,45,223,210,123,223,69,140,229,0,176,12,238,54,155,137,233,5,101,94,53,225,202,228,27,178,172,195,118,0,136,216,225,255,115,255,0,132,162,255,212,178,32,4,152,119,214,255,57,39,134,71,143,150,130,0,151,104,133,221,64,35,61,0,222,166,11,142,60,56,170,0,11,142,255,255,255,229,242,35,6,107,44,209,37,0,220,255,255,0,0,95,0,143,255
191,11,214,51,101,42,78,162,72,239,86,7,107,97,71,0,0,122,75,112,160,255,0,0,202,68,193,255,131,95,111,157,130,0,82,255,129,191,160,100,187,255,0,79,128,238,95,172,146,177,71,0,70,92,222,234,255,0,194,113,255,86,48,238,173,184,223,187,255,0,161,127,255,173,217,73,0,148,245,186,182,62,101,136,132,177,255,137,83,221,90,79,195,147,61,141,0,255,152,90,207,111,84,158,0,0,255,255,255,255,255,224,0,0,77,67,134,0,0,247,114,86,0,0,255,0,253,255
189,26,204,79,148,46,81,124,61,214,129,18,142,124,92,45,26,143,53,163,81,255,36,24,107,123,197,210,175,85,87,100,181,97,40,183,207,118,160,35,118,199,9,206,60,206,99,159,189,223,36,106,146,150,192,199,255,67,172,184,255,128,0,239,141,245,221,131,255,0,90,130,255,255,157,92,52,210,82,229,220,37,71,155,28,93,192,146,1,181,64,126,178,62,44,168,0,232,82,24,179,98,86,176,0,76,186,255,255,255,212,238,0,79,144,54,172,46,0,162,204,244,104,0,157,0,218,255
182,19,189,67,152,29,81,142,119,172,162,0,133,117,107,44,60,147,49,145,82,255,56,29,57,163,152,253,173,126,108,189,207,106,87,176,182,99,141,81,125,172,33,74,0,135,172,157,87,211,0,108,118,85,170,176,200,48,191,134,220,90,0,226,114,244,188,123,255,0,89,184,255,157,133,128,69,161,139,242,218,26,49,119,68,178,100,195,26,75,0,98,155,80,59,116,0,152,131,37,207,43,65,204,0,135,220,215,165,255,255,219,29,85,48,15,151,0,0,157,181,54,0,0,147,0,136,255
186,22,206,77,149,25,88,145,126,131,194,4,121,108,89,72,104,140,66,163,77,255,30,53,65,155,172,218,160,126,136,211,152,113,79,210,144,100,159,53,131,176,37,103,39,173,128,194,98,243,40,155,114,82,198,118,233,54,108,199,198,136,0,194,241,211,165,122,255,35,40,146,255,188,154,86,94,145,87,179,216,60,45,114,94,156,71,164,0,133,96,135,178,86,103,116,0,115,189,37,208,87,36,156,0,121,175,255,185,255,255,200,9,46,140,44,137,126,0,196,255,146,0,0,133,0,50,255
187,23,213,49,150,45,69,120,110,188,154,0,109,101,115,67,32,134,51,111,80,255,22,37,69,157,216,232,178,73,115,154,240,83,28,218,216,92,141,45,131,186,30,112,20,177,71,136,164,255,0,128,94,81,188,180,220,88,164,221,221,86,39,179,167,240,234,120,255,0,76,190,255,164,173,101,42,178,100,163,255,14,36,211,63,112,105,196,42,182,105,169,222,85,0,120,0,255,166,34,100,49,81,174,0,42,134,241,247,255,225,255,20,60,80,0,165,0,0,93,212,171,0,0,106,0,182,255
183,21,215,59,153,47,88,122,105,163,152,34,103,122,107,82,50,139,74,159,77,255,0,28,58,166,162,234,181,93,131,185,203,126,42,237,188,130,162,46,70,186,36,140,47,153,48,126,140,255,27,90,55,121,169,106,255,81,113,122,232,151,0,229,226,208,158,144,255,0,170,147,255,163,81,94,71,73,116,210,255,40,34,132,147,145,90,206,90,174,63,134,196,60,0,123,2,204,187,45,202,60,100,199,0,89,207,214,204,255,247,255,38,40,131,70,109,0,0,97,216,200,0,0,189,0,186,255
189,15,202,55,121,27,78,134,107,168,159,0,112,80,96,43,27,110,24,128,90,255,4,0,99,109,157,255,176,110,97,144,221,43,69,237,208,117,136,55,183,205,61,72,54,185,70,163,100,228,20,58,18,75,155,166,240,55,144,148,207,51,0,161,152,189,221,129,255,0,48,199,255,212,210,65,30,101,208,183,255,24,45,131,112,172,179,175,93,174,117,237,175,22,1,88,0,255,199,59,188,86,55,172,0,0,191,218,255,255,240,255,0,14,82,12,135,49,0,227,220,214,0,0,177,0,237,255
186,18,205,55,125,43,68,127,101,183,134,12,97,114,90,31,36,112,54,142,103,255,0,17,153,114,217,255,141,115,107,142,194,69,18,223,191,120,144,47,171,206,48,130,49,231,76,167,92,216,46,15,83,75,167,182,255,12,181,133,237,60,0,248,184,194,255,152,255,0,84,163,255,207,216,70,32,175,202,182,233,86,68,116,50,203,190,158,97,200,156,177,196,54,32,88,0,254,194,105,157,131,56,159,0,30,211,254,238,255,209,255,0,24,75,33,106,45,0,167,253,225,4,0,156,0,149,255
184,15,189,59,152,53,84,131,113,179,135,12,102,112,75,65,41,123,53,121,54,255,21,22,95,146,168,241,140,144,100,190,200,62,68,198,147,97,106,14,120,166,85,77,42,140,152,158,78,250,23,74,104,73,159,160,255,73,154,118,229,97,0,240,130,214,255,150,216,13,138,135,255,146,187,143,36,160,170,147,173,60,0,134,126,125,124,198,123,141,148,179,136,82,55,198,45,238,116,147,197,2,83,158,0,74,159,255,206,255,188,255,0,124,109,13,123,62,0,131,96,56,15,0,177,0,165,255
192,19,207,57,115,11,71,127,102,160,172,0,94,86,80,36,49,118,6,135,99,255,0,0,115,98,156,255,136,125,78,184,214,60,42,243,215,110,169,94,155,190,31,46,48,166,50,167,112,239,28,55,24,56,143,141,255,31,122,135,206,68,0,176,185,176,255,170,255,0,92,147,255,239,230,44,61,60,176,204,255,66,13,150,153,153,210,166,128,149,129,195,227,40,19,82,0,255,226,36,255,113,90,234,0,21,207,255,255,255,235,255,0,12,75,4,202,69,0,226,243,217,0,0,139,0,216,255
196,17,213,57,96,0,74,139,103,142,186,0,112,104,94,27,31,142,0,162,122,255,0,0,115,67,133,255,182,119,58,201,219,54,51,230,230,120,167,161,161,240,0,53,10,195,75,223,144,208,24,15,38,36,173,234,225,0,213,113,186,63,0,159,145,181,255,199,255,0,93,187,255,254,180,30,35,33,161,234,255,66,0,96,115,203,243,217,63,94,36,145,255,57,54,71,0,201,252,0,255,75,104,255,0,56,181,255,255,255,255,255,0,0,45,46,223,106,0,241,255,99,0,0,103,0,233,255
184,13,191,62,139,43,82,147,123,155,161,19,106,103,88,60,42,114,55,138,69,255,6,20,90,121,164,255,154,136,94,152,189,55,57,210,168,110,126,32,155,154,70,38,75,178,112,160,84,207,67,55,30,110,165,134,252,48,115,140,189,44,0,204,153,193,199,137,255,18,50,208,255,208,202,96,66,149,175,199,213,58,56,127,82,168,129,166,89,130,165,194,103,33,54,150,20,242,169,70,194,68,19,114,0,58,201,255,236,255,227,234,0,79,78,63,171,83,0,164,220,152,0,0,212,0,201,255
188,16,194,72,139,43,96,149,114,152,179,0,158,105,113,79,30,158,66,148,49,255,7,25,69,121,154,255,218,126,82,190,194,109,55,196,196,71,86,87,103,186,33,86,12,155,133,207,139,192,58,121,76,152,235,178,255,123,237,177,221,74,0,187,137,220,202,200,255,0,70,209,255,237,160,68,77,188,137,250,255,36,69,165,114,143,200,191,68,41,0,116,158,96,37,150,0,159,121,0,229,0,20,188,0,59,241,255,232,255,240,241,0,91,49,142,171,94,0,194,225,21,0,0,127,0,209,255
194,15,211,63,97,3,65,138,99,171,165,0,127,75,80,13,20,106,14,170,122,255,0,0,125,87,151,255,192,95,88,205,214,64,68,229,250,149,143,99,147,247,40,63,63,183,46,200,116,199,17,40,25,77,204,229,249,40,207,144,233,70,0,135,210,148,243,196,255,0,96,164,255,255,183,62,26,54,207,232,255,39,44,148,104,170,255,205,78,135,57,152,195,60,39,92,0,239,168,0,255,10,30,245,0,0,237,255,255,255,242,255,0,0,67,71,200,81,0,255,255,119,0,0,83,0,255,255
189,19,209,71,117,4,67,129,111,155,169,0,107,94,87,26,81,107,0,150,96,255,28,12,83,135,191,222,120,129,93,203,203,54,83,202,229,88,192,88,195,208,37,90,42,192,84,152,121,221,21,72,47,59,190,164,236,30,111,168,156,98,0,120,206,144,238,114,255,12,80,132,255,214,196,19,32,127,116,158,250,77,26,115,67,143,159,202,54,171,164,181,195,71,100,93,0,211,244,22,197,46,38,148,0,71,104,255,255,255,255,243,31,0,15,0,177,117,0,255,255,196,0,0,118,0,130,255
190,18,199,68,125,17,84,145,105,155,185,0,138,103,104,51,40,157,27,138,77,255,0,7,71,100,148,255,200,111,72,218,205,96,52,245,230,92,138,97,111,195,22,77,0,165,75,203,143,225,18,104,77,95,244,202,255,78,220,159,192,82,0,181,155,255,243,191,255,0,87,194,255,246,191,36,65,142,121,253,255,26,39,188,109,151,231,184,59,61,0,88,231,83,34,102,0,178,141,0,255,51,81,218,0,67,225,255,255,255,255,255,0,29,90,86,220,88,0,224,193,36,0,0,115,0,239,255
184,21,195,75,148,31,99,123,112,145,172,25,121,107,96,80,74,137,49,148,64,255,54,45,77,160,166,229,180,130,119,206,171,102,61,210,182,95,120,87,134,152,42,103,40,155,105,158,89,194,55,123,98,101,179,169,255,65,140,176,196,99,0,209,202,213,194,115,218,12,52,159,255,237,169,72,115,172,140,183,232,53,103,173,71,105,127,164,66,123,128,103,160,27,54,179,7,120,140,65,235,82,65,139,0,88,181,255,161,255,251,231,24,150,67,11,180,137,0,223,255,211,0,0,23,0,68,255
192,16,206,61,114,2,69,143,109,159,165,0,106,102,76,26,68,124,23,151,101,255,4,0,103,118,138,255,149,150,108,232,208,72,77,247,195,128,186,106,150,191,48,14,65,177,101,229,95,246,19,48,55,85,201,163,239,25,160,139,215,109,4,150,176,195,235,170,255,2,93,157,255,251,221,64,67,109,148,214,204,52,20,188,106,170,203,209,115,102,107,179,207,42,97,122,0,215,165,0,255,71,41,219,0,86,180,255,255,255,255,255,0,0,101,30,187,85,0,203,255,74,0,0,141,0,126,255
191,16,201,67,124,18,62,152,100,161,167,0,115,110,84,31,54,147,39,175,98,255,17,28,115,142,135,255,167,164,86,199,190,109,79,193,146,128,144,74,137,190,88,26,45,148,173,214,134,237,14,83,113,77,202,139,255,63,144,123,228,114,18,218,225,178,255,180,255,0,105,152,255,255,182,148,40,151,132,210,200,68,9,147,108,192,203,218,105,55,74,167,182,103,52,132,25,191,134,6,253,7,1,234,0,157,215,255,215,255,255,255,0,7,114,50,206,68,0,126,193,0,0,0,200,0,209,255
188,20,200,67,147,55,95,141,91,172,153,26,118,120,98,69,40,145,46,160,73,255,17,20,81,136,162,255,180,129,88,128,210,81,82,194,141,101,143,37,158,180,54,92,36,168,144,161,148,198,74,109,73,114,179,155,255,58,114,165,235,85,0,233,118,211,230,169,255,0,37,181,255,224,195,103,50,215,170,202,216,22,30,114,85,128,117,180,26,131,119,169,125,47,66,158,0,201,125,49,195,73,41,128,0,93,189,255,181,255,216,209,0,80,117,67,156,23,0,145,205,147,0,0,163,0,164,255
185,24,206,60,156,54,104,139,111,173,172,55,93,119,88,98,88,148,67,175,60,255,36,45,65,167,179,228,147,125,106,145,198,95,69,233,173,117,149,91,146,163,0,110,71,155,80,192,75,203,114,103,23,108,169,167,255,72,110,183,213,104,0,228,209,130,131,122,255,49,10,86,255,175,173,88,117,96,122,229,255,104,90,146,88,69,126,132,66,202,255,95,178,62,0,147,9,183,255,110,207,166,52,131,0,78,165,248,225,255,143,122,40,44,103,44,216,170,0,255,255,255,0,0,113,0,80,255
181,19,197,64,148,44,99,128,100,149,168,34,115,123,101,93,42,145,44,146,83,255,17,56,86,118,144,255,198,73,109,161,175,94,60,229,187,96,97,74,133,156,63,146,61,123,51,127,111,238,70,42,91,92,118,184,255,50,153,155,167,44,0,208,187,204,190,147,255,0,97,182,255,216,155,90,124,111,171,255,255,30,4,77,105,164,154,151,52,184,97,176,144,0,2,94,0,191,169,60,236,86,124,124,0,23,205,255,181,255,255,255,0,153,118,12,201,82,0,123,250,255,0,0,99,0,226,255
186,24,209,64,135,25,82,119,105,162,174,7,104,104,96,61,53,132,33,146,101,255,21,8,81,119,155,255,183,97,118,195,206,95,73,239,211,132,136,77,127,201,22,113,46,161,44,164,109,255,16,68,77,56,151,225,248,86,168,159,227,101,0,176,211,190,239,134,255,0,50,151,255,226,172,58,101,78,164,222,255,47,0,140,89,155,196,208,23,164,85,132,202,38,31,108,0,203,185,58,255,70,127,156,0,75,186,230,233,255,229,255,53,103,117,2,197,51,0,228,218,255,0,0,74,0,159,255
167,21,185,59,180,56,90,92,113,201,152,55,110,117,130,87,81,116,111,175,56,255,81,61,69,159,213,172,172,74,82,140,192,144,50,179,195,85,96,76,166,194,0,187,75,165,43,104,127,221,52,69,145,90,93,149,214,145,154,245,200,84,0,238,139,219,151,41,255,0,99,151,255,211,103,140,147,153,92,191,134,107,140,57,51,164,70,210,146,254,172,144,115,109,2,207,0,91,137,185,198,61,112,178,46,215,125,190,123,255,255,163,183,47,151,0,197,123,0,165,125,184,0,0,37,0,164,255
159,19,186,52,212,85,93,103,118,222,115,118,112,150,137,123,82,149,122,141,59,231,36,103,52,196,167,184,162,75,119,153,186,186,21,237,180,106,101,62,121,157,25,210,88,109,26,56,94,238,102,60,148,150,70,125,255,136,145,255,221,168,38,255,180,186,73,61,232,0,185,95,203,96,116,93,179,121,134,255,99,103,218,60,146,158,81,164,141,223,255,136,127,76,42,250,0,99,255,195,218,61,142,108,18,255,182,156,74,254,236,240,160,0,196,0,188,169,0,111,202,154,0,46,38,0,36,255
149,7,183,91,225,102,55,112,131,174,74,107,133,102,119,145,147,134,157,138,46,207,57,42,47,170,211,236,191,96,191,73,137,142,14,255,195,109,125,70,219,162,82,151,22,183,51,77,51,185,228,126,126,51,65,64,255,0,121,255,141,150,52,255,255,188,112,54,222,90,193,170,163,195,58,92,154,91,29,230,0,255,165,199,110,215,71,42,255,135,255,205,123,1,23,168,86,55,182,155,96,16,135,94,122,197,207,122,194,35,255,255,39,0,154,0,242,255,0,255,217,55,25,199,193,189,43,255
152,7,185,88,227,115,47,115,146,168,66,120,138,103,105,129,145,143,167,137,66,222,64,27,78,170,190,241,190,105,193,98,103,176,38,255,209,134,91,46,189,181,102,156,25,152,93,67,16,129,196,147,140,26,23,80,255,5,106,255,193,193,61,255,255,223,92,93,205,99,183,172,223,177,39,113,130,61,64,238,74,226,204,218,98,169,143,73,255,121,255,209,144,0,53,226,117,116,206,170,159,0,94,60,106,194,255,210,198,9,255,255,43,0,157,0,142,255,0,255,190,113,0,250,235,155,64,255
145,4,171,104,224,93,31,107,120,210,78,90,133,117,124,102,158,108,122,111,34,233,72,55,77,168,213,217,148,129,207,114,132,118,0,254,155,141,133,22,218,140,106,94,17,171,105,138,1,121,208,59,99,21,101,0,235,0,102,255,117,96,53,255,255,169,191,69,120,130,194,177,164,176,145,78,75,185,87,139,33,230,194,207,145,117,255,148,255,18,255,97,113,37,118,138,130,52,99,137,9,17,120,84,104,217,255,53,70,0,202,255,107,43,133,40,166,228,0,255,223,67,59,198,117,0,138,255
147,0,174,101,227,106,49,125,124,226,71,115,125,88,140,137,168,147,123,101,38,249,59,59,83,180,190,218,161,129,188,72,48,137,0,255,182,163,148,49,244,165,173,96,0,174,104,139,22,127,202,53,65,0,78,20,255,0,97,255,182,197,101,255,255,177,176,56,173,110,241,114,181,240,133,67,55,128,42,140,22,218,153,228,143,181,218,163,220,116,127,124,115,49,58,251,137,76,163,52,135,0,7,5,137,179,237,110,178,0,152,197,83,46,139,14,186,207,5,255,255,49,0,104,18,0,68,255
154,12,186,81,230,102,59,129,142,195,81,98,138,112,118,126,157,158,154,174,67,201,69,37,89,183,167,241,195,105,189,122,161,154,38,255,175,175,114,46,131,185,40,144,0,53,46,42,72,177,177,145,167,67,86,80,255,0,144,255,246,255,42,255,255,164,156,0,138,164,125,150,255,124,39,84,92,16,53,255,94,223,243,169,187,163,255,49,255,128,255,247,64,0,103,177,119,89,226,220,144,6,142,77,42,255,246,239,95,19,255,186,41,0,206,10,184,234,62,255,232,147,89,195,191,0,0,255
145,0,176,97,228,100,60,119,102,226,64,112,136,92,127,148,162,156,113,133,21,229,76,2,73,177,175,238,198,112,218,83,81,164,0,255,134,150,112,79,210,142,120,89,7,119,58,104,65,144,198,60,93,11,50,2,255,21,162,255,147,175,59,255,255,143,199,43,176,149,195,133,152,215,113,62,98,141,32,164,27,255,212,233,142,220,219,146,255,74,193,104,88,35,77,189,82,65,183,84,157,3,38,32,143,247,255,100,185,0,189,184,0,17,166,0,105,218,80,255,255,50,0,99,63,52,0,255
156,15,193,85,240,91,55,133,169,183,57,113,120,146,111,156,135,177,166,138,76,180,30,69,63,170,175,255,174,89,177,80,169,194,10,255,219,217,130,17,90,145,60,156,58,58,56,13,0,222,197,118,144,97,44,122,255,0,140,255,185,255,159,255,255,197,90,63,178,172,202,115,255,29,110,81,179,0,85,255,75,255,212,210,182,187,148,33,251,196,255,255,50,0,52,215,89,73,255,255,138,76,113,0,0,207,176,255,135,76,255,174,5,0,255,95,173,255,0,255,224,241,38,181,106,0,0,255
155,6,170,71,216,105,37,123,168,154,89,102,145,116,100,111,173,104,137,189,62,207,55,41,123,158,246,180,179,117,193,119,162,74,34,201,159,152,76,73,162,191,58,94,0,112,68,70,40,187,188,201,112,83,127,52,255,43,68,255,223,234,52,255,244,203,101,0,89,159,157,164,252,214,2,218,126,21,24,255,82,255,215,106,159,91,165,39,185,230,252,255,233,97,100,253,95,14,255,255,232,0,98,75,86,250,196,222,189,100,255,255,91,0,255,0,229,255,0,255,255,147,105,188,242,29,0,255
158,16,177,50,201,78,60,92,120,219,117,43,145,121,94,82,73,107,101,159,42,250,56,57,116,196,227,99,153,80,152,184,188,113,46,211,154,85,98,72,84,154,7,163,9,120,42,58,86,225,56,91,138,111,78,129,197,127,152,234,215,156,20,255,190,215,112,26,255,45,219,122,234,96,122,155,112,188,135,213,80,86,209,75,87,101,135,236,85,139,193,134,133,141,53,211,19,95,255,90,214,0,89,175,0,242,163,172,26,184,231,166,169,4,202,0,91,34,0,81,150,148,5,32,111,0,67,255
188,12,193,63,131,29,73,143,111,154,146,0,119,111,90,50,30,128,37,143,64,255,0,6,89,119,137,255,179,138,82,203,196,77,45,184,177,117,124,38,131,200,88,45,20,157,156,174,103,255,18,47,108,76,162,152,255,45,209,97,217,89,0,207,128,202,255,185,255,0,182,185,255,181,124,167,10,91,139,196,213,16,0,104,142,177,151,196,133,68,67,178,132,85,57,187,57,238,127,53,173,0,50,255,0,73,151,255,232,255,255,255,0,33,125,39,125,59,0,109,145,0,0,0,229,0,255,255
187,13,196,60,131,38,98,149,128,133,158,0,117,115,104,67,31,145,43,136,76,255,0,0,74,114,127,255,216,115,97,182,220,45,86,195,179,122,134,86,135,208,39,47,29,173,144,155,89,204,22,47,50,108,162,183,248,5,205,92,172,53,0,167,96,214,234,158,255,0,104,255,255,209,159,79,53,162,193,227,251,6,6,79,106,179,87,223,44,80,45,154,167,8,69,80,0,205,126,20,211,45,52,129,0,38,215,255,232,255,231,255,0,15,71,100,139,16,0,134,255,130,0,0,176,0,204,255
185,19,193,62,133,25,72,139,108,190,144,2,117,100,100,41,20,122,62,168,96,255,0,0,130,129,168,255,177,117,134,175,166,111,30,251,196,99,122,54,126,233,68,118,35,218,104,158,106,244,37,22,104,53,147,160,255,26,183,103,236,140,0,216,135,210,222,131,255,0,100,200,255,204,118,145,40,151,152,186,224,50,48,125,54,209,231,182,125,128,115,160,198,119,14,165,0,225,129,117,177,70,91,204,0,143,167,197,204,255,255,255,0,0,161,0,140,86,0,185,184,15,0,0,163,13,217,255
187,19,206,74,143,49,95,139,126,124,179,26,120,130,98,71,74,120,62,162,56,255,5,48,63,184,177,223,138,133,100,162,204,110,76,184,126,89,160,71,112,147,10,123,49,160,167,185,127,195,29,113,59,81,182,94,228,32,109,168,179,123,0,190,176,202,229,172,255,60,118,200,255,151,135,56,76,183,145,163,224,57,59,91,115,115,24,198,46,93,72,109,166,40,75,38,0,129,184,28,208,73,9,137,0,40,209,255,204,252,207,186,0,89,50,150,137,2,0,100,255,230,0,0,192,0,115,255
188,27,210,73,145,19,60,140,96,163,194,6,97,119,75,58,82,138,28,174,85,255,23,41,81,153,195,255,128,139,88,175,213,95,73,225,176,77,174,84,94,172,47,73,1,184,104,178,116,255,45,140,101,65,189,119,255,30,61,169,202,128,0,188,232,147,194,162,255,0,66,81,255,184,150,99,100,142,71,222,255,125,0,134,150,161,154,156,97,158,136,115,255,117,31,81,20,194,240,28,199,90,18,170,0,191,208,255,195,255,203,240,27,59,104,90,255,91,0,174,255,123,0,0,106,0,64,255
186,21,197,67,133,24,87,139,97,226,105,13,147,77,90,15,0,124,52,140,101,255,43,0,130,185,134,212,212,114,132,108,154,116,41,218,180,126,147,141,169,218,0,82,38,229,67,145,131,116,16,78,138,96,141,166,173,11,175,208,255,130,0,239,83,188,160,148,255,0,80,177,255,197,98,145,0,155,126,203,255,73,207,180,1,84,223,209,25,122,106,63,176,173,6,234,0,221,87,131,80,80,19,200,0,86,178,211,234,255,255,246,40,29,68,0,178,0,0,120,239,92,56,0,127,118,255,255
186,29,203,81,156,20,89,128,100,182,170,5,142,97,94,66,74,154,55,134,67,255,89,43,105,184,177,188,176,110,142,173,182,128,57,178,158,90,147,148,173,206,42,104,27,198,91,173,79,191,49,152,150,62,145,99,175,34,164,255,210,66,0,147,161,137,177,95,255,71,0,104,240,231,188,89,96,177,39,219,241,106,140,163,77,75,136,156,8,129,177,85,242,127,28,205,0,69,174,62,141,187,84,167,0,158,141,197,172,255,255,221,42,161,81,0,242,134,15,160,255,186,40,0,0,0,41,255
196,20,218,73,108,0,67,158,94,150,188,0,130,117,88,11,49,157,12,174,119,255,0,9,105,122,150,255,151,102,91,217,192,76,104,229,181,117,165,110,109,244,35,86,17,194,145,218,158,240,0,60,55,76,231,156,248,0,170,112,206,113,0,160,192,174,254,177,255,0,136,137,255,206,164,48,27,98,123,234,246,25,0,92,130,191,226,169,12,92,0,96,251,76,104,57,0,152,176,0,255,83,32,236,0,84,234,255,255,255,255,255,0,0,111,147,217,0,0,216,255,13,0,0,162,0,222,255
189,24,208,65,146,47,76,131,70,209,142,15,126,106,85,54,32,135,56,157,71,255,27,42,105,144,182,220,159,119,109,142,202,79,62,204,159,85,135,54,122,216,35,153,63,183,124,167,168,247,57,85,106,100,181,154,243,72,141,187,255,113,2,248,161,205,246,165,255,0,92,115,255,247,202,125,16,182,92,194,242,72,28,180,90,99,203,175,33,156,145,161,181,109,23,214,20,231,124,42,170,51,57,167,0,80,159,255,254,255,215,255,3,61,159,37,142,54,0,159,144,96,51,0,146,0,195,255
185,17,194,72,135,28,69,122,118,155,179,0,115,102,95,62,58,123,25,117,54,255,26,40,76,128,186,223,165,127,93,184,204,75,60,182,233,101,142,45,134,168,33,85,30,179,80,163,151,234,4,121,98,79,189,168,242,99,143,176,186,78,0,158,196,214,247,143,255,3,116,191,255,223,169,47,71,174,125,193,255,51,40,153,106,144,148,150,64,110,43,152,168,96,21,109,0,226,124,11,215,43,104,191,0,31,158,255,255,255,255,235,0,103,116,17,203,66,0,142,198,173,0,0,176,0,231,255
189,16,199,63,116,16,67,118,116,159,168,0,79,84,80,42,52,114,6,139,86,255,0,9,116,85,164,255,153,120,61,193,215,56,47,188,232,115,154,38,169,182,37,44,78,174,42,158,129,229,20,30,49,58,145,199,255,96,143,133,197,46,0,140,217,150,255,168,255,0,69,182,255,255,223,32,82,94,186,176,255,53,0,120,105,183,210,191,100,147,133,180,174,68,98,107,0,255,190,89,255,73,95,220,0,60,165,255,255,255,221,255,0,24,104,0,209,142,0,255,215,162,0,0,118,0,222,255
190,15,203,71,119,28,77,128,120,149,168,0,114,104,74,52,39,133,38,134,81,255,21,0,114,100,163,252,188,133,96,157,193,59,60,216,216,93,135,83,159,176,40,64,37,208,60,194,137,201,59,92,88,86,176,168,255,64,163,166,213,89,0,144,183,194,238,154,255,0,65,223,255,242,186,44,111,148,211,172,239,75,13,127,94,189,192,177,87,122,110,161,183,87,90,96,0,205,179,29,221,64,56,189,0,21,194,255,255,255,214,230,0,71,66,103,203,96,0,157,203,176,0,0,78,0,166,255
188,20,209,64,132,25,82,132,108,135,187,7,112,94,99,66,59,114,28,148,67,255,6,45,83,160,185,238,147,103,99,164,210,64,74,210,191,58,146,98,159,205,22,125,36,172,79,143,129,227,45,91,15,56,144,120,215,49,83,156,163,89,0,178,182,190,239,147,255,27,83,178,255,223,199,28,103,115,145,160,255,71,25,128,127,144,129,140,65,183,122,169,176,36,6,100,3,197,216,19,219,116,49,171,0,0,190,255,255,255,228,255,0,49,59,32,142,91,0,184,255,255,0,0,81,0,152,255
188,19,203,70,132,31,93,132,117,136,168,3,109,106,102,78,56,149,48,143,60,255,7,41,89,127,153,253,170,136,103,178,180,93,54,222,207,83,128,118,157,206,36,114,47,183,66,170,127,219,74,83,53,86,160,158,247,54,146,163,179,98,0,184,155,187,218,143,255,0,78,204,255,234,159,47,90,134,153,144,239,74,61,163,104,149,186,199,92,140,102,138,217,62,52,130,0,160,220,25,227,119,71,182,0,30,151,255,255,255,220,255,0,23,93,33,121,123,0,172,255,173,0,0,107,0,176,255
189,21,203,76,145,36,111,143,95,145,157,27,138,122,110,92,51,151,39,150,71,255,20,41,76,140,162,239,195,130,113,167,171,90,59,200,191,115,132,108,159,198,26,135,37,177,106,178,106,180,100,115,79,138,204,169,253,31,160,207,187,89,0,196,136,186,177,156,255,0,35,178,255,255,150,63,75,180,117,182,220,81,77,151,77,97,152,187,17,127,111,130,162,5,30,154,0,141,158,4,181,151,55,131,0,73,163,255,223,255,244,210,0,86,102,43,127,147,0,193,255,254,0,0,81,0,159,255
186,24,210,70,148,22,82,115,97,160,168,10,105,93,113,65,76,117,43,150,69,255,26,53,65,151,172,209,191,90,116,220,215,82,57,207,199,98,128,89,129,225,51,138,21,190,83,162,124,255,6,145,102,76,209,180,227,96,124,171,227,123,0,218,216,234,210,123,255,0,66,94,255,248,141,77,69,131,96,174,245,68,48,134,108,106,114,198,31,172,66,57,204,77,34,203,6,147,120,85,189,99,45,202,0,95,165,233,181,255,255,225,67,86,121,17,174,101,0,192,250,162,0,0,77,0,97,255
167,20,171,70,203,43,100,105,122,198,136,49,122,127,128,69,101,128,98,164,55,222,101,66,68,184,189,137,124,86,120,122,145,154,95,147,200,77,133,137,188,197,39,148,24,162,96,131,85,181,97,144,161,74,91,123,143,162,137,255,200,130,8,237,122,232,137,29,199,20,109,111,206,164,120,165,123,179,123,179,98,101,163,82,61,80,51,160,99,177,109,129,133,109,24,222,9,15,112,192,168,62,102,133,86,235,99,87,182,255,255,117,170,68,80,0,199,77,0,120,119,161,0,115,121,80,33,255
174,24,187,74,179,47,113,114,113,172,167,45,126,121,98,91,106,131,94,168,64,254,81,94,75,146,185,180,196,91,128,171,154,136,54,197,175,84,103,96,137,169,20,152,54,124,64,154,98,194,48,141,163,140,122,128,245,77,145,255,224,81,0,253,175,198,136,88,230,0,69,92,255,226,82,162,117,198,103,169,178,132,120,77,37,129,58,185,64,150,122,144,195,67,0,220,0,84,136,114,216,67,123,155,77,159,194,200,157,255,255,140,140,131,135,0,178,119,0,135,186,203,0,0,32,0,95,255
172,20,181,68,177,43,102,114,119,193,153,56,122,115,126,76,86,123,68,146,67,255,80,76,61,167,183,173,167,93,102,157,168,135,83,171,215,75,128,88,189,194,28,164,36,164,100,131,98,194,60,135,122,94,108,146,194,120,136,255,226,105,0,238,142,208,124,54,234,8,69,95,244,208,103,149,108,186,116,176,153,101,150,96,75,99,90,201,90,165,147,127,164,87,0,226,0,110,140,156,216,69,127,113,47,184,116,141,194,255,255,114,161,98,86,0,200,128,0,176,163,197,0,11,82,0,115,255
159,15,172,64,214,57,81,89,106,183,138,65,123,129,141,92,84,117,113,174,49,180,27,85,78,170,222,156,174,81,108,136,165,149,51,185,178,56,93,126,131,162,44,182,3,154,65,69,62,134,119,104,172,156,35,86,216,191,162,255,165,91,39,255,160,240,117,4,206,0,211,110,185,133,92,130,153,137,118,135,45,170,178,0,89,174,34,172,124,225,164,67,115,109,71,243,13,0,194,170,183,52,67,220,119,255,203,133,59,255,255,201,192,54,112,27,163,141,0,94,194,98,10,88,158,0,94,255
151,7,174,46,226,101,74,122,157,200,63,141,123,190,136,122,107,172,135,144,64,173,0,70,110,202,199,215,165,86,190,120,203,157,0,255,102,168,132,0,95,156,27,137,65,81,11,81,14,160,219,66,123,184,56,47,222,54,149,255,209,246,135,255,165,141,87,37,144,57,209,108,255,135,179,100,145,80,94,255,0,127,255,176,210,40,255,92,174,255,255,185,129,192,143,232,54,104,255,255,250,173,127,95,0,247,142,235,0,72,255,255,220,0,255,16,241,255,0,153,255,179,204,114,96,0,0,255
147,7,164,55,230,91,60,114,176,176,79,126,145,174,94,119,151,138,123,155,61,196,0,54,156,170,218,215,144,80,185,114,145,89,0,255,136,162,80,0,83,180,0,48,59,76,42,66,2,163,229,51,49,137,61,31,236,0,57,255,192,216,8,255,176,113,18,32,124,120,167,164,243,149,112,137,183,36,106,255,0,151,255,202,236,16,255,95,237,179,255,230,164,233,138,164,136,14,255,255,255,150,165,132,66,218,136,179,36,3,255,255,200,0,255,42,255,255,0,255,255,141,113,112,87,0,0,255
148,8,175,47,233,95,82,117,165,196,79,166,144,190,90,137,133,146,128,136,78,202,0,81,141,178,156,204,161,89,214,109,172,95,0,255,98,143,151,0,59,190,0,43,69,89,0,50,39,176,235,33,54,188,80,57,241,0,52,255,245,207,38,255,193,44,0,10,146,130,157,152,238,105,113,88,133,8,148,255,0,141,255,251,219,0,255,91,239,157,255,202,132,231,63,253,192,79,255,255,255,144,169,156,18,195,143,149,44,39,255,255,248,0,255,39,255,255,0,196,255,142,135,0,44,0,0,255
148,1,181,89,220,113,38,117,114,197,76,120,135,111,115,148,174,97,123,140,42,255,67,0,32,156,166,241,177,114,234,95,124,86,35,255,110,130,159,49,206,192,109,76,29,135,51,89,43,116,165,98,98,55,143,0,255,0,61,255,214,141,42,255,255,152,94,17,126,133,90,207,109,210,67,141,29,134,91,231,44,255,228,255,108,70,255,89,255,39,254,184,127,6,98,150,122,112,211,255,168,0,187,96,95,204,255,90,174,0,100,255,39,0,185,0,164,255,0,255,255,0,51,232,255,58,54,255
155,7,186,91,210,103,48,115,178,112,73,93,151,163,66,101,124,105,205,113,74,198,59,83,92,174,195,188,154,128,235,132,168,121,72,255,222,160,69,24,144,143,47,156,69,153,63,66,0,188,192,108,147,78,94,98,255,0,159,255,188,223,95,255,255,203,92,78,197,162,158,171,255,134,45,170,212,93,65,255,40,255,203,251,144,87,71,125,255,123,245,218,159,58,27,164,86,18,223,255,223,11,185,52,6,153,207,195,215,6,255,255,82,0,255,0,171,255,10,255,205,234,81,176,211,255,0,255
145,4,167,77,227,76,25,121,162,171,70,122,164,125,86,110,170,108,117,159,38,191,27,0,123,193,222,228,159,79,209,105,118,60,0,255,136,132,42,37,111,231,26,0,0,121,25,69,6,156,235,80,69,74,96,0,184,0,11,255,160,158,0,212,185,196,6,23,74,155,143,154,255,179,120,130,125,40,62,255,0,158,255,189,255,55,255,60,199,138,255,167,214,176,229,175,219,0,245,255,164,128,125,113,155,230,255,100,0,0,255,255,153,0,221,31,255,255,0,255,236,121,153,207,229,0,0,255
147,9,164,60,235,89,73,101,150,168,87,94,172,126,71,122,169,140,131,207,30,196,33,21,128,147,191,170,162,74,184,95,118,92,28,239,90,105,71,80,57,248,0,7,13,54,0,97,88,185,193,75,114,144,86,20,200,1,51,255,189,137,0,235,144,151,0,33,155,118,140,175,255,206,121,174,116,10,69,255,0,164,255,207,166,33,255,126,255,163,216,220,209,206,169,164,178,0,255,255,246,83,149,236,184,255,238,164,59,7,255,255,255,0,219,72,255,182,62,214,203,144,92,117,188,0,0,255
151,11,159,67,235,83,69,115,165,178,100,100,164,145,74,78,180,130,115,196,53,180,34,55,144,147,228,165,149,76,158,112,90,79,5,212,156,117,50,97,93,229,0,22,0,70,50,87,79,165,157,95,96,131,73,61,183,0,23,224,187,158,0,215,99,167,65,19,71,111,173,180,255,233,68,195,105,65,14,255,35,121,225,96,141,71,249,171,229,197,168,255,216,177,107,188,174,0,255,255,221,68,170,103,115,255,167,208,106,93,255,234,255,0,255,60,255,215,0,122,140,185,34,109,130,0,0,255
152,8,160,65,216,92,69,103,167,192,124,101,147,157,87,77,169,122,119,220,30,214,81,75,134,175,221,140,172,117,123,103,121,48,41,122,132,99,100,129,114,243,0,76,28,100,101,131,109,197,169,100,70,131,143,60,140,31,14,197,206,148,0,213,129,142,122,4,112,109,195,193,255,255,39,221,59,147,27,240,44,81,152,78,188,39,235,166,178,197,88,255,255,160,106,157,84,0,179,255,255,21,181,119,188,255,118,173,133,111,244,166,255,66,183,84,255,236,0,170,120,109,122,163,156,0,0,255
