175,8,146,96,214,76,77,129,148,174,151,51,120,147,101,35,109,238,196,193,0,208,99,177,69,152,150,185,123,68,193,131,106,82,139,130,139,120,184,136,115,174,31,144,123,163,132,92,123,110,126,93,129,77,86,150,125,106,113,206,130,121,121,97,174,168,81,124,144,135,146,112,127,188,138,154,132,137,93,168,100,193,152,130,91,102,138,202,146,88,63,145,95,112,110,171,88,50,122,210,207,121,120,114,106,182,84,114,170,130,178,136,67,136,72,55,147,184,48,216,101,116,100,83,170,147,69,255
175,8,146,96,214,76,77,129,148,174,151,51,120,147,101,35,109,238,196,193,0,208,99,177,69,152,150,185,123,68,193,131,106,82,139,130,139,120,184,136,115,174,31,144,123,163,132,92,123,110,126,93,129,77,86,150,125,106,113,206,130,121,121,97,174,168,81,124,144,135,146,112,127,188,138,154,132,137,93,168,100,193,152,130,91,102,138,202,146,88,63,145,95,112,110,171,88,50,122,210,207,121,120,114,106,182,84,114,170,130,178,136,67,136,72,55,147,184,48,216,101,116,100,83,170,147,69,255
159,20,151,65,240,76,133,137,132,220,135,146,166,183,90,79,159,126,84,165,93,255,123,40,95,119,230,194,143,119,107,36,149,87,103,219,110,23,158,135,159,191,91,123,0,166,172,128,33,104,175,100,85,63,108,125,96,0,152,117,206,106,22,213,0,231,208,14,29,106,124,157,255,150,172,128,53,255,84,255,29,50,223,10,4,104,79,184,107,119,14,217,137,156,45,171,112,92,175,228,182,0,234,0,26,191,151,216,39,227,103,0,0,45,255,0,17,64,0,150,100,101,0,176,255,98,0,255
153,23,172,47,255,100,152,130,146,223,115,182,143,205,128,158,104,190,102,85,62,219,24,76,101,145,162,224,185,123,131,71,200,98,107,255,146,52,137,184,137,156,49,172,0,155,135,136,72,210,159,3,116,244,112,155,156,39,206,255,255,6,46,230,60,133,224,42,100,65,168,200,255,191,117,0,62,197,126,214,74,35,255,65,0,107,128,255,203,29,108,142,203,198,0,255,34,69,203,217,255,0,255,60,2,255,19,91,19,255,255,187,165,0,255,85,190,209,0,255,43,0,0,81,255,35,0,255
152,25,171,54,255,104,137,120,148,214,128,150,150,193,135,145,83,191,145,112,46,202,0,101,108,148,170,226,157,99,106,86,193,107,109,219,158,102,134,159,123,198,16,213,0,159,149,133,95,225,168,4,174,231,114,171,146,67,185,255,255,0,12,232,160,169,206,60,137,80,179,229,255,198,117,0,98,101,206,222,54,48,255,85,23,100,113,252,188,35,134,89,225,238,0,255,46,0,199,228,255,0,243,71,69,255,6,193,65,255,255,192,183,0,255,169,233,219,0,255,41,0,0,71,255,111,0,255
149,23,165,51,255,89,140,117,150,221,123,153,130,252,141,138,97,168,135,94,69,217,15,109,97,180,219,244,101,71,155,91,205,92,42,178,108,84,108,128,135,188,23,161,22,197,111,130,24,227,217,0,159,226,156,120,106,36,156,255,255,0,9,171,145,129,191,108,205,43,230,230,255,162,139,0,172,169,162,190,0,104,227,112,84,186,174,206,174,0,79,177,216,205,0,255,41,70,169,234,197,31,255,32,28,255,22,175,59,255,255,255,85,0,255,140,167,215,0,185,108,49,0,93,255,21,54,255
155,33,160,52,255,76,162,108,124,216,133,127,146,249,128,124,105,187,98,83,20,255,128,106,78,156,139,232,76,86,146,85,174,110,100,255,103,70,52,182,179,102,34,163,0,211,145,144,65,229,120,55,86,223,119,255,178,70,203,189,237,0,75,186,64,82,247,43,160,0,81,119,255,147,63,0,186,149,118,255,97,249,187,173,65,66,66,210,100,0,0,247,241,191,46,221,196,0,146,128,143,0,189,74,0,255,46,179,72,167,171,145,76,79,219,8,212,81,0,169,180,81,0,153,255,37,43,255
155,38,161,50,255,100,169,115,123,217,134,111,121,255,115,133,113,182,119,61,0,255,112,96,101,164,121,255,123,72,171,94,178,100,130,252,62,65,183,149,231,82,0,242,32,255,170,123,97,240,143,86,141,255,109,254,215,44,244,249,229,34,110,185,119,24,255,77,210,0,51,180,255,207,42,0,129,122,118,255,61,252,180,170,0,0,103,255,131,0,0,255,174,198,165,246,132,0,117,10,188,0,93,181,0,241,0,128,198,145,255,63,64,0,229,170,249,255,0,255,110,98,0,199,255,0,0,255
156,29,139,44,255,76,155,100,123,210,126,110,111,255,100,117,210,140,119,105,54,255,127,91,39,255,118,254,0,185,202,0,134,110,34,50,87,130,49,182,165,136,37,107,6,155,123,133,110,139,244,48,194,75,255,223,184,0,157,218,36,103,109,17,77,101,182,101,255,0,71,33,255,95,232,142,67,180,37,255,63,245,255,236,116,0,238,45,138,92,0,191,189,255,113,192,25,44,147,140,19,255,186,0,0,230,226,162,255,255,239,83,0,0,10,156,255,197,75,88,254,147,0,85,255,0,0,255
152,30,146,59,255,77,157,87,106,216,108,144,122,255,114,130,103,147,119,84,1,255,93,80,84,228,97,189,39,76,232,139,141,161,0,250,48,104,9,190,126,130,43,72,83,214,26,164,122,242,167,12,87,173,137,217,162,0,192,240,126,52,75,100,118,0,152,147,207,28,162,0,255,211,161,37,154,222,77,255,0,183,213,143,109,2,194,146,209,0,0,226,242,255,83,160,240,0,193,132,130,147,220,50,0,217,160,111,246,253,255,136,0,0,230,36,255,133,19,112,165,151,0,123,255,95,61,255
152,30,150,46,255,108,161,93,105,224,95,162,86,255,128,160,110,173,134,92,55,255,59,68,84,209,76,255,49,86,234,84,181,193,0,213,59,187,11,140,132,145,0,94,175,235,46,177,174,223,244,18,80,167,226,183,159,0,255,255,129,68,101,88,94,32,202,189,240,0,81,63,243,210,128,0,211,235,0,246,0,176,255,157,75,11,180,135,192,0,0,194,176,255,41,199,162,37,194,117,147,204,132,80,0,255,120,192,255,255,255,224,13,0,169,163,255,182,0,178,156,11,51,59,255,0,99,255
153,32,142,47,255,97,149,88,104,198,84,123,109,255,78,105,177,144,138,104,80,255,19,80,95,212,135,255,0,48,215,64,139,162,3,153,26,175,11,106,147,177,21,113,97,255,66,164,123,194,186,92,139,106,184,221,171,18,216,255,117,51,151,117,193,71,207,149,128,34,136,12,255,177,128,0,166,99,72,203,74,255,255,141,49,39,156,68,224,53,0,245,209,255,47,209,174,0,125,72,203,64,14,104,0,255,141,202,255,255,255,248,0,0,189,223,226,214,0,255,53,14,201,249,255,0,87,255
155,31,154,31,255,118,167,88,94,235,109,158,36,255,168,171,108,195,128,113,38,255,63,83,125,230,21,255,51,38,237,124,175,189,0,205,85,134,88,92,174,115,0,159,142,174,137,227,171,185,217,27,212,204,255,176,242,0,255,255,162,111,159,103,141,81,238,157,247,0,33,171,255,146,35,46,134,202,43,239,27,184,252,140,0,0,142,169,177,85,0,255,195,255,76,218,68,0,189,56,126,92,131,52,0,238,38,145,255,255,255,104,86,0,96,168,255,202,0,98,157,66,0,171,243,0,0,255
154,23,135,54,251,58,149,77,123,194,142,135,126,255,126,98,182,158,134,71,22,255,73,117,73,255,99,195,0,107,201,101,158,101,24,119,130,115,0,151,177,132,0,117,80,152,149,198,19,183,175,0,143,90,255,216,161,3,226,255,92,33,108,0,98,29,214,101,150,0,77,46,255,135,99,120,168,139,0,255,64,255,186,157,176,116,185,79,125,0,0,77,199,255,130,250,127,0,156,120,76,255,224,0,0,194,232,97,255,255,150,230,0,54,134,106,255,155,0,0,236,3,0,72,255,22,119,255
153,25,142,40,255,89,138,91,115,194,142,148,86,255,144,123,151,163,121,77,38,255,59,90,125,254,56,191,61,103,233,88,185,157,0,124,119,174,0,123,194,117,0,83,135,170,110,186,25,190,210,0,124,153,255,153,172,0,247,255,81,40,124,0,66,47,222,109,208,0,9,86,255,123,25,24,200,237,0,255,30,226,199,101,130,86,184,170,135,0,0,135,205,255,125,219,142,15,206,66,119,255,181,0,0,255,148,98,255,255,212,246,54,0,69,255,255,240,0,48,134,81,0,0,255,0,195,255
151,23,138,55,254,48,129,80,121,204,147,159,143,255,85,65,165,105,146,64,43,255,60,89,115,205,128,211,71,59,175,115,113,179,7,233,42,93,2,143,217,156,19,40,126,223,132,91,0,153,185,0,87,190,188,174,222,0,176,255,108,29,97,0,92,8,182,19,124,144,126,42,255,235,0,37,169,142,41,255,14,255,156,180,245,249,104,86,170,0,0,189,255,255,32,250,255,0,208,102,0,255,130,0,0,128,209,137,220,255,0,179,14,118,255,15,255,126,0,0,105,0,0,203,212,27,89,255
150,22,146,47,255,64,158,99,126,214,125,168,137,255,144,121,148,140,107,26,15,255,80,110,121,221,100,164,25,33,205,159,172,135,61,248,98,94,0,182,228,129,20,68,81,207,109,194,0,198,108,0,84,255,191,186,134,0,220,255,169,31,61,0,79,0,245,88,193,0,98,123,255,198,70,0,224,169,111,191,0,202,234,172,112,96,64,153,85,0,60,181,255,255,50,236,255,0,130,158,91,133,175,8,0,250,106,101,198,216,102,198,73,74,255,11,255,130,0,29,255,8,0,175,255,0,0,255
149,26,143,54,255,63,140,85,118,211,111,169,136,255,103,93,147,131,148,38,11,255,34,100,145,211,122,238,40,9,192,167,145,165,15,255,63,75,18,127,220,162,0,142,99,255,123,114,2,209,172,0,99,248,198,213,181,24,232,255,194,29,30,0,181,0,255,125,111,92,171,62,255,223,73,0,202,42,83,183,0,233,209,195,178,172,115,59,106,0,0,130,255,255,26,255,255,0,89,141,37,255,127,101,0,240,125,155,130,255,129,234,26,28,255,105,229,151,0,88,140,0,0,255,255,15,107,255
150,21,132,40,255,110,154,63,94,205,141,129,43,255,174,131,66,153,70,168,0,203,0,91,230,225,20,66,50,3,238,151,114,191,63,175,146,216,17,87,213,59,0,179,170,136,180,191,126,202,165,0,232,190,255,81,112,0,255,246,87,50,133,6,163,52,180,213,255,0,109,167,255,255,4,159,245,170,0,255,0,167,146,113,163,0,215,193,255,8,0,255,0,255,116,121,232,0,109,0,252,255,255,6,0,255,113,73,255,255,219,68,38,0,0,255,255,201,0,80,179,175,0,175,0,9,0,255
153,25,145,47,255,100,161,81,103,201,78,147,81,251,132,152,130,142,82,123,16,243,23,51,154,229,45,158,40,50,244,89,131,155,39,205,67,157,15,131,190,125,0,95,136,211,89,175,126,178,166,5,181,191,249,99,133,0,253,255,96,53,111,15,133,77,137,159,255,0,98,82,255,255,115,67,224,172,56,174,29,159,255,166,111,0,167,139,255,0,19,255,75,255,15,165,239,4,99,72,182,151,171,57,0,255,68,8,255,255,255,146,80,0,128,238,255,156,0,139,136,115,0,172,169,0,7,255
150,26,138,47,255,106,158,80,107,195,113,120,70,255,148,118,110,146,103,129,0,233,0,55,239,252,0,111,75,32,226,196,167,130,21,158,114,165,38,81,227,122,0,190,203,213,92,121,141,197,232,0,172,193,255,109,148,0,255,255,91,69,93,39,233,147,232,187,236,0,56,83,255,255,17,22,235,212,36,255,0,207,200,91,184,0,255,200,255,69,0,255,56,255,31,126,115,70,220,0,176,190,155,104,0,255,90,42,255,255,255,255,73,40,96,255,255,224,0,244,69,103,4,255,124,32,75,255
150,24,124,50,255,85,145,65,106,185,124,91,104,255,101,113,147,141,148,126,6,255,0,75,131,255,36,143,1,87,213,152,111,95,18,85,120,132,0,148,195,101,0,124,105,175,0,119,163,226,237,0,209,44,255,144,131,0,255,237,79,85,58,0,173,86,187,166,241,0,115,0,255,255,153,101,154,199,24,255,49,172,255,87,136,0,255,118,255,55,0,255,182,255,126,148,97,61,140,0,214,255,203,0,0,245,255,46,255,255,255,226,0,0,26,255,255,243,73,111,233,161,42,158,255,5,0,255
149,29,139,44,255,100,139,81,101,183,113,118,62,255,160,106,98,144,134,119,0,255,30,68,208,251,0,170,48,25,245,190,157,132,0,149,72,96,40,68,199,126,0,204,145,189,66,141,138,234,251,0,175,173,255,144,211,0,255,255,89,82,111,0,204,132,234,172,204,5,52,24,255,255,29,53,209,195,31,252,0,233,254,18,101,43,255,192,205,103,0,255,153,255,149,183,38,66,251,0,154,167,62,78,0,255,183,38,255,255,255,255,18,0,103,255,255,253,0,230,69,79,60,255,146,69,43,255
148,25,127,36,255,98,134,61,88,179,86,69,44,255,60,131,166,128,159,127,33,255,0,42,124,255,0,235,45,67,189,174,127,126,0,94,78,167,0,89,107,213,0,171,199,224,0,174,237,188,255,13,245,0,255,79,241,0,255,255,119,148,77,17,255,160,237,97,150,0,24,0,255,233,37,92,171,255,28,255,45,115,255,0,135,0,255,155,255,208,0,255,96,255,18,189,61,106,248,0,160,255,84,0,0,223,178,157,255,255,255,255,0,23,0,255,244,196,0,180,59,74,241,255,255,0,105,255
160,30,198,41,255,149,182,99,113,252,42,217,11,255,249,241,0,255,131,25,8,181,150,113,20,254,29,255,212,90,179,135,255,225,0,255,98,167,67,161,40,175,38,198,180,102,89,255,255,255,18,60,104,255,112,255,104,102,227,255,245,17,209,255,140,6,255,255,255,7,57,128,169,214,244,0,74,86,0,210,29,213,255,247,0,0,255,255,56,255,38,28,255,255,0,255,0,225,255,255,131,0,231,255,83,255,89,255,145,161,255,255,85,0,137,40,85,225,0,11,255,24,0,92,255,0,246,255
152,35,146,34,255,92,142,80,98,207,129,91,60,255,115,128,77,162,160,36,0,255,42,56,67,255,40,255,95,56,250,141,173,82,43,153,72,61,146,146,210,130,0,137,116,255,67,109,171,234,191,132,153,129,196,213,234,0,184,255,159,94,118,117,225,8,232,133,167,95,69,174,255,220,47,58,0,165,144,229,0,186,225,52,13,0,255,255,151,232,0,197,182,255,218,255,0,0,192,0,66,12,0,75,0,92,169,78,255,255,255,125,0,0,70,167,255,255,18,209,125,196,157,255,255,0,5,255
151,38,142,15,255,132,165,78,69,255,127,118,0,255,222,148,0,200,156,120,0,243,12,51,195,255,10,255,118,0,255,255,108,185,0,220,6,82,149,0,181,48,0,157,214,253,0,99,255,255,255,58,252,175,208,167,224,0,213,255,177,175,192,171,250,0,255,255,178,132,13,122,255,252,22,3,0,238,190,255,0,238,175,80,0,0,255,255,248,249,0,255,227,255,255,255,0,0,255,0,90,20,0,75,0,61,82,161,255,255,255,93,0,0,76,168,255,255,0,146,255,255,23,227,104,50,57,255
151,37,143,29,255,115,152,78,70,216,164,93,5,255,145,134,0,179,167,75,14,245,9,17,91,255,19,255,120,14,254,143,160,150,34,209,92,108,199,95,181,134,0,191,121,255,106,111,242,235,239,98,188,188,225,208,233,11,247,255,184,112,156,203,255,0,255,168,200,92,25,255,255,255,0,23,0,158,57,255,0,196,101,23,0,0,255,255,182,250,0,255,184,255,255,255,69,0,175,0,52,60,0,24,0,60,107,199,255,255,255,26,0,0,0,228,255,255,0,255,91,249,110,255,255,0,0,255
150,32,152,44,255,102,163,95,98,229,112,142,87,243,158,141,87,179,110,64,6,255,40,95,162,224,58,238,59,3,255,149,136,178,52,255,82,63,99,125,210,106,0,178,107,235,116,203,111,243,133,44,110,234,163,214,180,0,222,255,183,24,94,163,184,2,205,211,192,33,80,150,255,202,22,0,150,187,100,193,0,202,255,121,28,0,192,255,184,56,45,255,184,216,113,219,100,0,179,61,234,0,77,217,0,184,54,28,244,190,255,174,35,0,255,109,255,255,0,239,103,39,32,213,255,0,12,255
153,28,161,44,255,94,155,113,138,221,113,145,124,206,135,129,104,162,102,63,27,255,37,113,122,184,101,204,105,66,250,108,160,138,63,235,85,61,106,151,242,149,20,88,132,232,89,161,22,181,139,79,80,240,119,147,187,0,164,255,255,56,55,154,142,74,129,102,166,17,105,153,255,192,82,54,149,171,214,109,34,135,255,124,47,0,133,255,157,17,138,181,168,212,44,253,0,55,98,255,196,0,177,211,0,255,81,0,87,193,255,137,78,0,255,0,149,235,0,199,180,22,0,131,255,2,100,255
150,24,150,46,255,84,162,98,117,234,132,131,119,216,156,142,87,165,102,96,10,255,44,103,161,202,63,106,85,20,255,165,122,166,48,255,106,39,22,168,230,101,0,27,142,181,36,142,53,233,113,23,82,229,122,137,155,0,186,229,204,96,9,170,124,72,126,176,239,0,134,76,219,201,97,57,169,255,172,114,0,92,255,100,66,0,182,255,184,48,156,255,210,101,107,166,26,63,208,221,187,0,179,241,0,255,227,0,160,157,255,178,3,0,255,0,188,167,65,195,233,111,0,80,255,52,23,255
151,24,145,37,255,110,145,82,99,231,128,143,59,252,186,146,39,167,112,123,33,216,0,84,164,216,127,207,99,0,233,134,133,167,51,220,140,90,86,63,196,96,0,182,99,185,133,162,112,207,186,7,174,188,202,131,176,0,237,222,194,47,148,255,189,53,198,154,198,0,165,202,255,215,61,21,105,241,82,208,0,147,192,84,33,33,219,244,233,156,82,255,96,236,112,197,35,0,190,162,255,50,172,120,0,252,105,56,162,255,250,171,20,0,191,27,255,255,0,139,208,67,0,119,164,19,7,255
152,29,168,49,255,97,158,124,142,214,119,139,144,203,141,132,102,196,106,88,24,244,23,118,121,175,128,194,123,91,172,78,195,127,117,230,128,98,77,194,198,169,32,187,0,173,125,157,38,232,89,51,171,255,120,229,152,19,173,255,255,0,40,216,163,120,202,88,174,8,164,152,255,170,109,0,142,92,197,153,68,125,255,135,0,11,129,255,199,16,131,161,213,217,0,253,54,0,127,205,255,0,235,160,0,255,31,163,95,248,255,149,102,0,255,116,184,192,0,255,122,51,0,147,255,60,108,255
151,23,157,43,255,108,142,111,133,224,134,153,116,223,153,138,85,181,109,110,73,234,18,115,132,162,179,234,109,68,156,102,163,147,77,220,158,82,71,123,180,153,10,192,0,157,165,166,86,209,180,7,141,185,168,178,173,23,200,255,255,0,22,255,130,117,193,67,193,0,177,224,255,132,98,0,148,149,151,185,0,108,235,54,17,122,143,192,183,39,55,229,202,182,0,233,23,0,162,232,255,0,255,76,20,255,14,150,72,255,255,208,119,0,220,28,181,200,0,215,44,4,0,87,255,27,41,255
151,17,166,42,242,90,100,116,162,193,118,136,130,204,160,120,89,164,125,95,82,150,0,98,122,170,255,237,150,51,104,88,217,27,42,177,188,32,118,109,127,145,27,178,0,227,127,130,38,234,255,47,87,133,144,67,116,41,128,255,255,34,0,255,155,170,239,51,69,0,248,186,255,113,45,36,100,163,159,180,44,125,225,0,103,142,138,180,96,100,90,143,220,200,0,255,33,75,193,211,180,0,255,0,105,255,51,44,0,230,255,255,130,0,255,70,224,255,0,212,77,0,0,37,196,38,90,255
151,16,146,46,244,87,119,103,138,207,155,120,117,195,177,103,60,145,113,112,39,207,15,136,168,176,205,179,117,12,175,160,155,127,84,176,179,20,69,109,188,118,0,160,36,173,131,140,84,215,192,10,59,151,97,127,137,0,213,235,201,66,57,255,119,104,199,60,122,6,155,205,255,141,73,88,148,228,92,118,0,138,197,0,20,167,110,182,123,159,103,152,110,207,28,217,0,0,175,231,255,0,255,132,31,255,75,0,69,255,236,231,124,55,255,0,197,252,0,114,115,0,0,118,149,113,111,255
151,19,159,43,243,89,105,110,159,200,137,112,127,193,156,110,96,159,105,109,66,195,15,127,124,177,255,195,128,50,133,100,197,52,64,158,196,23,92,132,151,141,0,168,0,195,145,149,50,210,235,54,82,150,147,83,105,0,117,255,242,16,0,255,144,155,232,60,84,1,208,202,255,88,45,125,82,200,151,144,40,110,204,0,84,101,143,194,80,92,71,191,175,229,0,255,20,0,206,199,172,0,255,34,101,255,55,41,36,255,255,238,103,0,224,14,182,250,0,169,83,0,0,62,222,48,138,255
150,10,157,49,213,75,53,96,157,190,116,89,123,185,175,86,98,136,120,106,79,124,0,98,146,176,255,206,99,29,137,129,219,9,8,119,204,29,54,79,120,156,42,151,0,239,132,125,2,150,255,19,89,112,110,0,85,47,105,255,156,67,0,226,148,219,238,55,96,27,238,198,211,108,59,157,120,199,162,150,1,128,149,0,167,140,186,146,84,144,153,143,186,162,24,255,7,5,199,255,89,45,255,0,59,255,94,20,67,255,243,255,181,0,210,35,254,255,0,174,221,0,0,48,139,36,102,255
148,17,158,36,255,105,148,123,169,202,92,147,170,202,81,132,133,170,89,124,82,206,25,111,163,111,188,206,135,62,212,100,166,69,48,186,99,55,114,126,134,166,0,89,0,100,0,153,81,255,243,57,79,227,157,84,161,0,77,255,255,0,18,255,92,83,119,116,84,50,195,104,255,128,158,49,62,227,165,255,0,54,255,95,0,50,240,255,173,4,25,250,233,219,0,255,86,82,255,255,255,0,255,50,98,255,129,10,31,254,255,255,129,0,255,0,122,209,18,255,58,81,0,0,255,0,131,255
150,15,161,34,239,102,108,112,169,198,111,142,158,197,122,121,121,161,107,114,79,192,33,130,153,137,255,186,143,57,195,129,200,51,26,135,136,29,124,123,113,129,0,154,0,138,60,165,87,255,255,63,56,195,162,31,114,0,100,255,255,51,43,255,116,121,166,81,54,85,239,99,255,110,57,130,21,235,96,239,22,111,223,0,73,131,203,200,81,31,0,191,255,186,0,255,7,57,255,242,255,0,255,4,78,255,86,0,0,255,255,255,136,0,255,0,181,255,0,146,96,0,0,0,255,25,128,255
155,18,163,54,222,63,142,129,181,230,95,139,167,194,64,64,164,144,49,104,70,227,161,62,107,131,196,202,224,154,83,55,150,0,104,255,175,7,170,250,198,146,36,165,0,203,129,118,22,255,178,15,17,204,165,52,142,0,96,75,235,140,0,253,47,33,233,0,65,17,143,177,255,235,214,116,0,241,104,255,98,61,222,91,16,5,255,255,97,17,0,255,157,65,70,240,110,73,254,243,182,0,255,54,67,255,88,27,48,255,158,141,56,0,226,53,0,122,8,207,113,99,0,77,243,22,67,255
154,14,164,51,219,74,111,129,176,231,106,149,150,217,102,72,187,142,39,107,82,252,161,40,86,170,239,176,188,153,123,68,161,0,92,246,172,18,181,171,180,130,32,110,0,180,223,158,27,167,171,11,0,190,142,23,74,0,101,93,235,150,0,223,0,135,213,0,0,64,146,172,255,242,124,192,0,255,35,220,108,30,196,0,69,0,255,255,88,104,0,255,176,53,90,191,51,69,165,218,218,0,255,2,18,255,53,0,20,217,217,25,119,0,234,85,83,255,0,186,122,130,0,163,182,0,61,255
152,12,163,61,224,87,102,129,160,214,114,135,151,205,108,71,169,141,54,118,60,211,133,71,75,163,247,129,177,138,139,102,178,0,82,222,175,70,126,155,128,199,51,106,0,154,184,182,102,134,122,1,24,133,101,4,55,0,102,156,228,109,7,208,18,117,209,20,58,51,184,158,255,255,102,169,0,255,44,233,50,13,189,0,108,0,255,255,81,108,0,255,246,84,16,210,51,76,237,222,195,0,255,27,63,255,92,116,154,194,255,119,209,11,205,73,165,248,0,114,152,87,0,141,170,0,0,255
152,13,160,45,237,81,93,118,163,199,142,138,156,212,158,77,145,153,70,89,73,229,119,90,103,181,255,154,129,95,149,123,196,52,59,125,197,62,70,174,140,90,42,99,0,133,121,198,6,211,223,54,44,157,112,33,63,0,107,218,241,80,0,255,86,179,208,80,12,30,186,133,255,124,60,227,28,238,59,255,54,112,123,0,127,105,231,233,94,100,0,183,229,98,57,236,0,0,197,237,251,0,255,0,79,255,102,0,76,255,255,138,106,0,206,89,143,255,0,128,47,140,0,126,237,9,208,255
149,7,167,43,224,92,83,115,179,198,118,154,142,201,134,106,145,142,74,87,68,207,102,103,107,166,255,146,163,118,171,126,219,0,49,156,169,61,134,117,127,129,31,113,0,173,162,198,73,214,234,50,0,164,161,0,72,0,73,249,255,109,17,236,88,103,194,49,72,54,206,139,255,148,41,220,0,255,66,219,62,86,185,0,147,34,255,242,84,76,0,228,255,100,37,255,0,42,238,255,205,0,255,0,71,255,79,0,76,155,255,217,204,0,251,66,154,255,0,207,142,45,0,55,203,0,100,255
155,15,171,56,230,80,81,114,137,184,139,116,118,194,158,91,99,152,76,104,51,174,93,99,80,175,255,124,188,86,154,116,255,56,61,144,177,41,142,151,144,121,42,140,23,168,95,139,54,192,229,79,78,168,101,5,57,0,125,255,216,83,33,225,133,200,225,82,71,60,205,135,255,148,42,194,35,235,48,171,67,131,109,0,156,85,195,226,63,135,0,167,184,121,4,255,0,42,184,203,123,0,255,0,135,255,104,44,77,245,255,179,97,0,179,10,135,255,0,100,140,96,0,163,228,81,100,255
153,15,170,52,241,89,94,126,177,186,123,145,155,169,128,97,153,147,77,112,45,213,85,85,98,176,232,147,197,156,136,94,172,50,67,227,188,80,84,171,152,169,54,73,0,112,89,128,39,220,194,79,50,173,140,25,138,0,90,164,255,105,0,244,48,175,161,13,47,18,209,124,255,216,15,169,28,180,71,218,123,52,244,0,137,46,255,217,187,145,62,235,253,168,37,255,30,41,187,246,230,0,255,0,102,255,100,26,66,210,255,153,144,0,255,109,227,255,0,178,86,151,0,123,202,0,45,255
154,3,151,157,186,47,98,46,133,221,132,36,175,140,44,49,117,72,197,156,73,254,160,62,45,166,116,164,185,89,130,121,105,105,175,182,51,70,78,0,89,222,91,171,210,49,97,98,145,167,158,92,10,54,113,152,153,54,132,253,107,0,50,246,50,0,78,114,159,213,138,175,255,255,8,67,43,249,0,219,168,72,254,106,97,169,138,189,228,61,95,168,123,149,129,99,117,232,206,103,33,67,171,91,0,21,83,37,140,124,246,147,0,236,229,162,190,174,96,196,255,236,0,173,154,74,0,255
159,3,157,139,191,82,120,89,140,240,115,33,122,140,86,80,125,96,176,125,82,224,156,99,81,183,146,135,192,92,129,128,158,121,170,132,62,82,113,68,159,192,32,169,97,154,174,108,111,118,137,105,59,131,128,105,241,72,92,186,183,96,103,179,96,49,80,164,114,139,133,183,227,220,146,115,63,250,151,179,81,114,255,116,97,211,7,149,204,93,144,235,147,174,169,221,119,253,72,72,190,38,203,2,132,19,108,105,246,183,230,168,25,166,203,140,255,162,192,242,149,255,0,227,183,102,0,255
163,4,163,156,166,59,124,67,182,193,58,30,123,134,89,86,111,84,201,109,74,223,159,71,30,193,105,117,210,17,31,118,142,189,187,152,51,87,49,82,134,182,53,160,112,117,77,108,72,121,137,116,27,96,147,49,241,30,162,153,143,76,96,162,204,63,123,153,168,203,100,192,236,255,51,36,52,230,171,210,59,169,255,135,114,176,172,149,231,75,114,230,128,255,239,212,144,125,58,142,112,99,197,143,4,88,174,118,139,170,255,87,16,236,174,72,255,255,60,244,47,194,0,250,255,112,187,255
148,0,162,164,194,41,92,42,135,204,114,14,154,168,0,28,88,40,255,118,103,249,180,78,0,108,82,164,161,40,162,60,105,141,255,255,71,55,112,0,0,142,173,68,240,132,179,80,111,255,173,110,0,63,149,69,160,0,96,255,81,0,105,244,192,0,27,200,139,157,166,207,255,255,60,0,0,234,0,233,219,255,243,8,142,0,255,170,165,185,56,0,155,197,0,255,119,255,255,217,0,147,255,85,0,245,191,0,241,255,202,255,0,84,255,215,189,84,55,46,255,255,0,0,231,168,0,255
164,3,151,167,168,58,82,14,140,245,128,32,142,148,41,91,97,76,255,121,120,255,145,60,71,184,116,124,224,63,48,80,158,77,255,142,68,11,59,0,79,112,170,80,255,92,27,83,147,229,192,109,34,84,155,80,189,11,146,255,190,0,8,248,107,78,128,190,164,255,95,79,244,255,77,0,0,228,27,255,165,147,203,97,140,167,164,169,235,90,157,104,60,168,206,203,158,198,178,163,0,68,192,197,0,70,142,0,180,205,255,104,0,255,120,255,255,205,61,255,170,255,0,120,216,210,3,255
162,2,159,166,154,43,97,22,158,240,109,17,140,166,45,53,103,83,252,119,122,255,160,36,57,165,96,119,238,21,32,61,161,68,255,137,24,20,94,2,72,118,148,115,238,93,60,89,123,187,168,128,3,62,184,92,179,15,153,255,151,0,35,221,109,54,128,185,105,241,131,153,234,255,35,0,2,215,26,255,154,103,251,24,130,131,206,167,216,92,119,102,47,169,241,240,131,171,144,178,0,94,201,131,0,87,137,9,167,255,255,119,0,203,123,255,255,255,50,255,173,255,0,190,163,255,58,255
152,0,164,161,184,54,143,72,161,205,84,26,106,150,75,62,92,91,255,96,59,255,152,55,21,173,117,143,250,18,114,77,154,167,137,158,0,77,128,76,112,171,113,114,85,136,119,92,161,102,139,93,0,76,116,0,174,25,128,223,154,0,154,206,190,0,94,128,78,132,208,244,206,255,132,10,114,226,105,187,107,132,255,41,113,42,236,160,169,134,110,87,113,255,152,255,169,218,130,140,33,123,255,87,0,0,77,0,143,213,255,255,88,142,255,108,255,208,142,209,181,200,0,116,21,255,0,255
157,7,164,165,179,52,132,92,147,206,128,4,118,152,154,84,102,101,229,123,64,220,161,49,9,212,118,129,214,93,81,87,111,98,152,108,76,137,75,81,117,212,92,197,126,192,71,90,127,102,152,6,4,85,157,0,165,87,109,209,160,0,101,218,177,19,207,138,188,168,218,255,244,217,111,138,45,160,112,177,140,146,255,177,93,100,106,183,255,126,48,27,169,255,127,255,103,115,116,159,183,9,255,133,0,122,126,77,67,255,255,186,70,6,161,255,255,248,215,189,125,148,63,255,122,149,130,255
157,6,160,173,178,29,110,46,150,183,77,0,131,161,72,112,96,81,234,112,52,238,174,34,13,149,124,154,214,0,43,95,166,138,255,179,71,71,53,35,45,179,91,136,160,111,118,68,131,143,125,42,0,67,178,30,209,2,191,228,171,0,113,191,223,30,172,135,161,234,178,216,223,255,64,52,58,216,37,226,99,136,255,117,103,134,220,149,173,42,78,26,145,238,218,255,116,145,166,218,0,44,228,50,0,26,144,37,84,255,255,141,55,162,202,223,255,249,193,253,189,220,0,117,191,219,140,255
161,6,157,157,176,31,127,51,172,205,69,44,114,166,61,73,89,65,255,144,43,241,164,40,18,192,148,150,208,6,77,93,156,174,255,194,6,30,109,41,116,218,189,127,165,144,171,102,120,138,138,74,0,16,106,0,233,0,91,199,202,23,227,100,243,0,90,31,112,237,101,240,210,255,117,61,19,255,104,197,49,189,255,137,133,179,207,150,97,0,163,82,78,255,150,255,151,162,88,159,0,56,255,163,0,0,222,49,128,237,234,138,46,138,255,99,255,255,11,254,73,178,0,170,197,204,255,255
163,3,164,161,166,27,135,85,174,207,91,0,124,165,100,90,121,69,254,124,63,240,157,18,24,188,123,142,250,25,50,117,152,121,218,102,10,77,71,63,119,239,95,180,97,220,175,39,111,53,95,0,38,52,111,0,240,55,78,199,168,96,168,100,169,3,139,98,120,251,251,255,225,240,104,104,19,201,185,200,96,181,255,117,157,61,176,161,142,78,98,46,132,252,209,255,157,210,42,234,51,34,255,241,0,38,211,54,79,255,255,78,47,48,203,252,255,255,110,255,39,193,0,243,113,214,147,255
177,12,143,113,194,64,113,126,128,180,117,69,128,115,132,94,109,146,136,128,54,238,77,62,80,177,139,201,197,147,106,157,150,148,119,144,157,82,162,36,222,202,125,189,114,127,75,93,99,80,188,200,137,164,173,114,126,89,73,236,189,106,47,255,68,255,144,107,154,180,91,201,222,155,60,120,88,187,200,53,120,148,209,136,51,162,161,208,153,111,122,148,71,184,120,106,123,177,102,112,149,138,70,78,49,220,112,180,85,204,145,153,136,121,151,0,85,170,0,133,136,162,26,125,215,21,5,255
175,8,146,96,214,76,77,129,148,174,151,51,120,147,101,35,109,238,196,193,0,208,99,177,69,152,150,185,123,68,193,131,106,82,139,130,139,120,184,136,115,174,31,144,123,163,132,92,123,110,126,93,129,77,86,150,125,106,113,206,130,121,121,97,174,168,81,124,144,134,146,112,127,188,138,154,132,137,93,168,100,193,152,130,91,102,138,202,146,88,63,145,95,112,110,171,88,50,122,210,207,122,120,114,106,182,84,114,171,130,178,136,67,136,72,55,147,184,48,216,101,116,100,83,171,147,69,255
175,8,146,96,214,76,77,129,148,174,151,51,120,147,101,35,109,238,196,193,0,208,99,177,69,152,150,185,123,68,193,131,106,82,139,130,139,120,184,136,115,174,31,144,123,163,132,92,123,110,126,93,129,77,86,150,125,106,113,206,130,121,121,97,174,168,81,124,144,135,146,112,127,188,138,154,132,137,93,168,100,193,152,130,91,102,138,202,146,88,63,145,95,112,110,171,88,50,122,210,207,121,120,114,106,182,84,114,170,130,178,136,67,136,72,55,147,184,48,216,101,116,100,83,170,147,69,255
