148,15,145,58,248,84,117,84,144,214,114,117,165,149,131,109,87,153,119,140,29,200,22,145,209,156,139,122,71,0,205,207,77,155,36,226,110,52,0,133,110,162,28,92,51,97,70,174,86,241,129,2,89,142,87,125,182,0,72,146,238,74,18,252,155,60,26,97,216,70,204,63,199,156,147,112,116,214,230,213,0,60,253,55,39,89,200,198,227,0,68,213,227,84,38,141,68,0,255,255,255,0,255,99,14,255,188,21,96,147,255,204,66,5,255,0,151,90,56,134,94,61,0,35,143,146,43,255
147,19,154,40,255,117,129,111,145,225,86,123,148,187,111,154,79,203,98,161,51,172,0,122,236,118,143,169,104,0,230,189,110,149,19,235,88,74,38,129,81,149,0,97,27,38,36,171,121,255,166,11,132,215,127,166,169,0,74,255,255,45,18,255,146,81,20,173,162,166,244,120,225,102,190,31,95,191,186,255,0,17,248,85,0,54,255,255,226,70,0,238,227,73,49,172,26,22,255,255,255,0,255,162,4,255,138,130,0,186,255,255,140,0,255,0,186,130,36,166,56,113,0,0,157,123,34,255
148,23,153,47,255,101,121,122,157,191,67,114,182,158,48,139,115,171,101,137,44,175,0,113,248,95,177,175,128,0,255,177,105,144,23,208,61,90,39,142,66,181,0,36,51,67,0,163,56,255,114,82,70,255,47,128,177,0,36,255,255,61,59,255,151,85,0,204,149,251,222,116,255,76,255,73,67,114,140,255,0,92,255,79,0,95,195,255,143,101,12,202,197,133,50,250,16,0,255,255,255,0,186,206,108,255,179,146,29,255,255,255,117,0,255,0,105,48,142,233,0,183,0,0,255,209,0,255
148,19,152,39,255,89,120,85,125,230,105,137,127,196,151,124,67,156,107,107,27,182,0,133,202,185,120,139,105,0,211,210,145,144,0,232,63,47,26,150,136,131,27,123,73,131,43,172,55,255,141,0,130,255,136,147,134,0,105,196,212,61,48,248,143,91,11,131,133,75,226,45,189,126,209,42,127,221,180,204,0,86,255,49,42,106,235,224,150,47,16,141,206,146,100,233,47,11,255,255,255,19,255,83,0,255,208,65,0,206,255,255,72,0,255,0,201,147,0,103,224,2,0,20,70,129,40,255
154,21,143,72,247,25,118,69,136,199,103,119,190,174,77,73,124,142,121,74,0,211,25,85,114,168,149,208,76,26,230,213,95,122,0,255,44,0,0,166,82,198,0,64,34,220,118,174,17,255,63,42,127,194,99,202,210,0,103,202,167,88,5,70,49,28,57,103,72,128,182,64,255,56,243,188,139,53,89,212,2,197,43,17,125,134,155,177,168,111,74,72,174,255,152,255,158,0,255,255,185,0,166,103,136,174,145,45,93,255,59,255,37,147,255,0,85,2,23,64,117,57,0,65,192,204,0,255
152,19,143,57,239,60,126,74,132,206,117,94,152,163,103,90,130,152,166,117,33,205,39,105,96,178,125,187,108,78,160,142,98,74,63,235,181,19,3,214,131,186,26,58,25,147,125,145,139,255,148,62,86,136,121,191,136,0,87,201,203,77,51,201,75,107,72,42,65,47,139,160,253,116,233,69,78,137,185,151,64,66,234,91,16,132,121,143,107,86,107,67,217,140,0,224,40,0,238,255,151,0,133,108,71,192,197,28,31,255,145,255,92,115,255,0,196,26,35,75,214,0,0,65,162,154,40,255
151,15,155,37,240,105,136,67,117,245,103,163,73,175,137,171,86,149,158,88,49,237,7,77,111,202,56,255,155,65,226,131,104,196,0,242,135,37,120,136,163,211,0,87,141,195,215,210,240,208,246,59,43,142,139,126,201,0,170,255,253,140,126,201,48,28,34,103,210,22,89,211,130,113,141,0,100,255,116,95,37,31,255,49,45,137,79,144,136,137,182,116,185,152,69,255,0,36,255,218,206,0,88,147,0,209,131,0,44,248,97,255,132,96,255,0,255,181,0,124,115,0,18,0,52,10,54,255
151,20,150,49,246,77,155,84,122,207,84,156,112,210,88,137,154,162,160,74,20,255,67,83,111,165,92,255,124,47,210,106,122,140,33,255,77,0,101,162,214,192,0,114,107,185,201,192,133,218,130,60,56,223,207,229,201,0,160,255,252,62,73,73,94,63,143,66,113,84,85,147,255,157,181,34,189,163,81,116,0,126,255,145,28,210,65,224,64,69,103,83,225,150,35,255,93,29,232,218,34,7,68,219,0,168,201,117,4,192,0,255,135,169,255,0,211,43,0,7,217,0,0,89,199,69,114,255
152,19,140,64,228,43,142,74,123,195,115,114,139,222,96,102,156,165,198,88,33,249,61,84,66,189,112,255,93,65,134,133,120,69,71,255,130,0,86,169,201,159,0,151,82,255,229,173,155,225,121,39,51,72,130,255,196,2,164,230,224,98,72,91,74,94,125,5,37,0,50,109,255,163,217,118,199,201,123,142,21,217,255,87,66,223,100,194,53,121,130,2,212,167,81,231,54,0,218,125,164,0,3,175,0,100,255,81,4,160,0,255,4,197,255,0,163,14,0,8,255,0,28,130,156,149,99,255
149,21,149,39,255,90,142,73,116,239,103,142,80,215,127,173,109,179,158,81,7,255,28,115,119,212,102,255,114,41,198,148,113,197,27,230,108,19,113,180,208,171,0,192,126,186,202,239,203,235,179,57,50,157,189,231,180,0,203,255,255,92,62,152,69,74,120,95,220,32,81,148,206,87,192,0,163,223,83,123,0,137,255,61,93,174,130,197,84,83,84,123,224,154,77,224,0,0,255,90,221,0,33,242,0,243,130,75,24,142,61,255,118,116,255,0,233,97,0,117,150,0,16,106,216,89,122,255
151,27,154,52,255,73,145,92,144,204,91,136,145,214,86,141,133,156,110,64,7,255,68,130,149,175,124,239,108,20,184,141,155,89,65,233,57,50,85,113,224,128,0,193,102,203,113,124,87,255,133,61,84,228,134,189,173,0,169,248,238,11,50,145,130,54,105,98,182,6,113,65,220,173,193,0,144,169,146,190,8,188,255,136,72,109,171,251,118,0,0,215,106,210,53,236,39,24,216,196,226,0,41,185,0,255,115,112,8,138,249,245,41,136,255,0,138,49,0,255,95,0,0,139,255,54,69,255
158,40,158,84,255,45,122,81,125,176,98,139,156,198,54,107,172,199,165,35,0,255,138,164,84,216,157,255,114,95,196,114,182,89,66,255,53,28,146,82,159,92,0,225,61,252,131,67,52,185,45,70,178,207,132,255,147,79,164,226,255,0,159,163,157,52,172,111,196,0,166,40,255,123,145,0,108,0,107,254,127,231,100,193,121,12,207,237,224,0,0,151,235,255,0,188,131,0,74,9,246,1,0,153,144,143,19,241,75,38,255,131,0,181,94,13,91,142,0,243,104,202,0,172,255,75,45,255
164,20,152,49,228,19,145,85,143,210,149,45,93,155,93,102,118,77,185,47,0,255,215,40,0,255,103,113,133,71,193,216,136,149,99,209,13,22,3,227,186,194,77,5,172,220,79,255,0,255,0,62,142,196,121,88,92,0,66,180,231,215,33,0,0,0,61,0,93,208,120,84,148,0,57,114,78,186,255,28,0,159,175,80,0,75,0,147,127,82,16,139,255,36,255,255,106,0,34,171,0,0,0,0,113,66,153,0,233,255,141,201,176,20,206,0,168,171,116,36,197,97,122,0,1,214,255,255
160,24,160,2,255,0,149,115,180,229,176,77,88,200,153,120,79,59,172,0,0,255,205,30,0,255,162,199,103,31,195,214,160,141,126,197,63,150,4,255,161,158,7,0,204,255,73,255,0,236,31,0,119,255,102,140,3,0,96,255,255,255,33,0,0,0,21,0,212,255,36,239,13,16,17,0,157,255,255,0,0,124,233,186,0,0,0,255,17,117,0,255,255,0,255,255,0,4,101,97,0,0,0,0,104,255,116,0,188,201,25,100,95,125,0,0,82,74,59,0,255,134,0,11,150,179,0,255
160,28,146,31,255,51,122,98,162,235,172,96,115,173,162,131,113,117,210,3,26,255,77,12,45,255,176,207,123,7,198,255,95,102,83,223,74,141,0,184,178,176,0,0,255,255,91,255,23,255,73,0,73,255,146,91,48,0,153,255,255,212,2,27,0,0,125,0,230,203,89,237,219,122,0,0,169,239,255,95,0,137,167,13,0,127,35,226,68,0,0,177,255,25,255,247,2,83,164,154,42,0,0,0,0,255,124,18,194,154,95,75,198,0,35,0,228,217,38,42,255,200,0,0,157,60,145,255
152,30,174,72,255,67,129,91,143,216,82,174,135,146,78,121,121,188,173,37,0,255,61,114,48,168,32,204,170,171,223,112,179,137,0,255,55,55,96,148,190,243,49,108,84,223,172,145,106,234,102,60,32,255,146,216,95,33,158,250,255,25,42,96,107,111,158,87,159,53,86,137,117,136,208,0,112,103,144,145,135,159,255,172,0,70,42,219,220,65,196,68,206,108,0,218,18,0,82,221,41,0,212,137,0,146,160,75,26,234,255,255,223,18,255,94,222,124,0,250,202,69,0,101,255,94,164,255
155,28,158,28,255,89,136,78,105,235,108,165,32,237,151,166,126,203,172,22,35,255,104,112,75,255,12,255,113,62,240,198,165,193,0,237,93,57,11,142,174,192,19,74,228,193,117,210,145,231,139,35,145,207,255,177,175,0,155,255,148,89,128,145,88,40,96,153,168,130,10,95,157,0,183,0,28,170,99,175,3,211,255,88,0,0,179,210,61,189,0,13,254,255,120,255,0,0,255,255,73,0,18,103,0,113,125,216,51,255,255,230,91,0,169,0,224,157,0,90,223,0,36,92,255,35,111,255
152,26,163,57,255,45,98,90,152,205,91,178,72,246,139,139,126,177,170,58,25,255,76,124,46,132,32,255,81,187,194,183,214,147,0,221,27,54,85,128,146,195,10,151,179,248,233,165,172,238,235,21,82,172,255,196,151,14,234,255,86,85,13,37,85,169,78,14,113,135,0,0,68,4,255,105,72,183,43,251,185,255,255,46,0,110,92,59,115,172,0,118,177,255,0,163,0,0,255,115,188,0,207,0,0,120,200,0,109,255,255,179,255,0,255,255,255,0,0,106,0,0,26,255,187,59,183,255
150,25,159,65,255,31,78,77,160,163,102,163,84,206,139,114,116,147,182,16,0,255,94,135,42,141,1,220,63,204,201,223,233,163,0,210,14,76,0,133,131,211,8,137,215,255,181,148,186,255,166,0,79,224,253,215,93,70,227,255,100,50,0,0,88,141,47,9,112,128,0,0,38,9,255,131,156,131,75,226,216,255,255,0,0,112,79,25,51,120,0,78,253,255,0,220,0,0,255,59,206,0,117,0,21,194,210,16,149,255,255,190,255,11,224,255,255,0,0,97,0,0,86,255,125,46,255,255
149,22,144,47,249,59,121,76,121,213,129,138,101,226,158,131,148,169,196,67,13,255,91,125,107,168,61,255,56,31,165,228,159,168,0,255,87,20,0,116,175,171,0,127,158,225,156,180,134,253,172,0,112,177,218,202,199,26,191,255,196,137,55,75,96,81,191,46,100,50,17,0,138,70,199,15,183,183,118,196,31,218,255,3,26,194,32,84,8,75,0,38,255,241,77,236,0,0,255,190,135,26,82,20,0,137,149,154,8,252,224,255,194,93,255,0,255,75,0,65,161,0,55,158,127,30,173,255
152,26,139,49,247,45,105,80,117,199,130,130,97,238,148,110,187,168,187,55,15,255,113,105,98,229,58,236,44,96,184,196,157,168,0,185,37,0,0,151,154,146,32,7,168,255,110,146,26,202,183,13,79,109,243,205,201,0,137,255,66,141,81,0,68,108,128,37,127,127,8,0,170,29,217,58,169,157,102,255,35,255,255,56,68,105,113,82,113,146,0,0,255,255,99,229,0,0,255,140,75,70,78,0,23,128,161,105,83,248,255,255,69,0,182,61,175,178,0,48,142,0,0,105,226,57,232,255
152,30,157,36,255,81,129,90,113,235,111,141,83,255,168,152,166,198,187,66,18,255,129,167,118,162,0,255,20,43,156,214,175,228,0,255,48,43,0,137,171,167,0,207,178,255,191,226,135,247,200,0,100,217,242,255,207,78,215,255,184,139,105,43,84,104,233,70,100,121,0,28,168,35,194,2,210,156,139,232,85,255,255,70,44,142,30,53,0,54,0,27,255,255,46,187,0,0,255,142,0,0,69,107,0,183,28,246,0,255,135,255,212,24,255,146,239,101,0,58,194,0,5,223,139,0,255,255
153,29,166,64,255,63,90,83,135,201,90,160,82,211,128,116,138,156,184,66,26,255,70,97,70,167,0,241,110,96,198,196,209,184,0,255,18,85,0,72,84,255,0,69,231,255,141,143,114,204,202,15,106,211,207,164,215,0,190,255,152,199,93,90,143,197,38,58,140,102,0,19,66,30,216,120,167,123,120,255,137,234,255,43,39,32,3,8,113,200,0,44,199,228,0,229,0,0,255,170,67,0,39,48,0,209,154,100,112,255,255,255,178,2,255,212,198,3,0,185,83,8,51,255,115,70,149,255
146,23,166,78,255,27,48,92,167,180,82,179,83,238,134,114,137,132,167,44,0,255,85,180,58,67,0,223,7,255,158,255,236,181,0,212,0,95,0,204,126,255,63,178,196,255,167,180,255,255,255,0,0,104,255,208,78,50,255,252,0,106,0,0,69,255,97,0,116,220,0,0,0,0,255,212,183,174,41,200,255,255,255,0,0,109,32,0,139,255,0,50,191,255,0,50,0,0,255,0,186,0,216,0,53,150,255,0,248,255,255,255,255,0,255,255,255,0,0,203,0,0,166,255,73,128,255,255
147,25,127,18,255,65,99,79,101,192,126,99,19,255,128,113,179,126,187,17,11,255,50,108,194,255,0,255,40,0,187,255,157,170,0,197,78,48,0,120,201,191,0,114,255,255,52,245,97,229,255,0,84,121,255,136,255,32,255,255,48,246,20,0,164,71,249,19,42,187,0,47,149,0,86,56,221,240,123,255,0,255,255,0,60,0,69,84,0,109,0,33,255,255,173,197,0,0,255,0,40,0,0,0,27,177,9,80,113,255,255,255,124,0,172,255,208,124,0,112,12,0,255,255,129,44,147,255
156,30,147,53,255,51,97,67,110,200,135,127,61,252,123,90,168,152,210,80,4,255,146,123,149,222,0,236,67,52,155,222,181,177,0,219,35,0,0,127,103,188,0,70,255,255,72,147,74,152,217,0,117,123,255,199,240,30,224,255,149,154,149,3,101,181,219,0,122,86,0,44,189,6,116,90,176,108,110,214,197,178,221,0,117,7,31,0,69,145,0,0,255,255,39,186,0,0,255,22,48,0,0,122,135,231,67,127,72,255,250,255,36,106,125,145,139,85,0,88,74,0,116,242,76,171,251,255
154,28,142,33,255,25,92,94,107,186,154,130,117,220,141,103,169,137,154,0,15,255,141,90,72,255,69,228,19,109,217,142,137,255,0,224,0,45,0,227,158,120,24,0,146,255,109,145,0,172,92,0,88,255,215,202,165,7,134,255,80,96,54,0,0,74,120,0,219,201,0,0,255,0,105,63,255,115,111,255,52,255,255,42,64,101,106,165,104,189,0,41,255,230,249,255,55,0,255,38,27,35,0,0,64,131,161,112,149,255,160,251,26,0,0,187,255,255,0,18,134,112,0,90,240,0,137,255
153,28,159,52,255,60,102,80,119,199,98,159,60,231,159,129,131,161,187,65,0,255,76,106,152,141,0,255,89,52,171,233,209,195,0,227,6,58,0,82,129,236,0,132,247,255,85,149,138,240,255,0,100,219,251,156,164,89,245,255,138,174,33,0,111,173,143,44,88,77,0,0,31,28,214,0,182,159,99,179,161,255,255,48,20,53,2,0,24,100,0,76,242,255,0,190,0,0,255,66,98,0,16,0,39,220,0,96,84,255,255,222,172,58,235,204,185,0,0,154,0,0,186,255,63,18,228,255
153,23,158,14,255,54,128,89,130,220,108,172,85,229,185,153,123,165,169,0,40,255,68,82,72,255,0,255,71,32,216,203,204,203,0,250,0,120,0,187,157,137,0,0,245,243,92,255,40,255,144,0,122,255,237,143,163,0,175,255,149,207,79,0,0,71,106,58,158,173,0,123,46,0,157,0,225,218,182,167,81,232,255,60,0,85,76,194,73,186,0,55,249,192,255,255,0,0,255,170,11,0,0,0,0,209,117,57,120,255,80,255,197,0,161,182,255,230,0,85,255,0,71,118,23,0,92,255
150,15,148,76,242,58,107,69,124,193,114,146,129,166,126,82,113,127,138,96,12,197,105,125,94,150,85,135,76,69,150,172,181,155,7,255,19,35,0,100,77,202,43,21,152,185,61,196,98,177,85,2,72,186,177,166,198,0,87,137,224,72,144,196,101,98,71,14,255,23,127,8,144,142,184,198,159,166,133,219,57,102,244,61,118,1,142,94,242,153,87,81,215,113,1,231,13,0,255,255,255,0,206,138,37,212,177,138,119,205,255,201,96,134,255,0,96,81,0,87,167,73,4,105,96,0,96,255
151,23,161,84,255,67,117,130,145,206,100,179,166,212,72,104,166,123,94,69,23,255,93,122,83,110,117,179,87,141,225,114,191,90,3,255,0,20,105,142,72,198,94,24,102,255,24,136,55,97,116,56,6,134,89,135,124,0,159,169,249,66,143,188,55,100,148,13,106,75,144,102,224,200,228,109,98,239,68,255,45,16,255,60,59,0,87,184,236,135,76,128,155,120,0,150,48,75,230,212,217,0,255,139,0,213,113,32,109,255,255,251,122,156,255,0,60,146,0,112,151,104,0,88,255,0,0,255
150,17,166,68,243,45,78,81,139,220,76,215,70,194,160,80,70,130,145,8,50,160,18,73,51,175,114,238,142,96,255,166,206,193,0,255,78,116,47,122,88,255,136,0,255,255,129,150,35,153,110,0,97,255,76,13,150,11,113,152,116,61,165,178,83,118,41,140,109,97,218,2,33,167,255,15,124,232,106,227,58,235,255,38,49,131,131,116,146,171,117,0,191,255,35,255,0,0,255,255,228,81,191,5,0,61,255,30,104,255,255,230,167,0,255,123,199,193,0,152,143,14,18,201,61,24,0,255
152,18,170,77,255,85,99,110,141,200,100,179,116,170,147,112,78,147,117,58,15,241,51,115,73,145,79,127,144,125,206,154,193,150,0,187,80,96,58,137,107,254,127,121,207,212,81,160,36,167,134,53,52,190,64,54,96,39,167,197,223,71,69,220,173,130,71,65,158,96,142,26,148,243,213,101,63,169,141,227,86,110,255,35,111,34,150,148,121,130,67,133,115,91,0,255,21,120,235,255,243,0,255,60,0,240,239,26,177,201,255,220,199,4,255,161,102,108,0,128,32,63,0,180,164,27,27,255
151,25,167,72,255,69,126,102,145,210,80,171,168,161,66,116,160,140,119,80,16,255,55,126,110,112,82,171,116,98,222,126,156,107,3,255,29,48,46,137,121,210,71,55,91,214,44,117,87,209,149,59,71,218,64,144,175,0,128,182,203,89,80,189,100,110,84,72,170,111,141,42,148,204,206,48,106,168,91,229,78,95,255,119,0,13,73,190,255,102,134,153,114,138,0,204,82,48,255,240,175,0,255,197,0,157,169,45,125,250,255,255,123,52,255,6,137,137,0,193,189,119,0,126,255,49,0,255
154,21,179,78,248,83,81,88,147,226,62,201,85,182,144,96,98,144,153,43,35,223,47,112,53,169,58,211,145,128,201,186,175,179,0,222,89,113,67,121,123,255,141,110,248,229,115,182,69,132,160,57,103,230,86,52,133,64,159,206,204,78,100,237,138,175,73,86,156,88,181,0,61,255,255,73,69,165,126,163,116,96,255,42,38,41,109,84,108,173,132,107,193,101,0,255,20,76,210,255,174,0,166,42,0,173,255,23,189,255,255,237,224,14,218,190,194,121,0,81,70,91,0,192,105,0,96,255
156,28,174,118,255,66,75,153,179,199,61,175,135,148,69,112,133,138,124,117,0,255,42,135,83,105,83,170,135,133,218,130,122,135,0,221,91,125,62,141,93,255,101,107,169,255,0,71,102,223,176,140,98,118,146,148,92,59,111,149,255,87,28,172,124,163,100,94,162,0,211,74,158,255,179,58,77,180,7,255,90,135,220,104,0,35,117,112,248,247,115,158,149,47,15,201,79,0,98,0,248,0,191,0,72,255,172,33,238,255,255,130,69,62,167,205,243,196,0,78,0,255,0,163,255,0,161,255
151,21,150,65,255,53,150,112,137,203,71,182,184,211,44,120,210,125,63,38,25,255,108,124,118,165,142,169,80,143,168,93,151,103,41,255,3,0,83,217,166,127,87,101,0,235,7,78,27,182,88,0,6,187,79,197,139,43,116,156,180,0,206,132,0,0,162,43,157,60,206,0,255,213,255,52,99,219,50,255,0,190,255,167,132,93,191,249,244,0,93,112,180,155,0,248,197,68,255,132,163,69,247,199,0,228,164,104,64,255,98,255,0,158,255,0,140,160,0,151,182,116,0,32,255,14,23,255
152,20,169,66,255,64,85,91,152,212,90,213,96,196,152,108,107,125,145,38,40,227,19,74,47,181,80,194,132,100,202,170,215,186,0,254,22,130,29,101,132,228,98,0,195,251,109,146,48,178,205,8,113,255,99,104,143,16,136,212,170,150,116,149,113,170,0,71,164,112,218,3,51,123,255,120,143,139,154,202,71,201,255,71,38,55,52,0,209,210,152,100,195,129,0,255,5,0,255,255,232,16,214,0,0,145,248,66,147,255,255,193,80,0,255,97,180,156,0,147,202,147,11,253,62,44,73,255
150,19,171,70,253,49,89,106,162,204,94,206,146,184,133,85,123,135,118,23,17,215,29,112,56,192,125,157,144,127,196,131,180,149,0,255,118,115,48,161,135,226,133,0,87,198,49,122,0,222,144,18,85,255,106,84,163,0,74,157,229,97,73,193,89,139,51,97,125,0,252,53,168,176,199,65,88,154,154,240,72,148,255,107,105,67,154,144,224,156,187,38,242,171,31,255,30,0,243,255,189,12,222,0,0,182,255,0,86,255,255,255,102,0,255,84,253,240,0,170,164,201,0,155,181,0,21,255
154,20,167,43,242,30,78,88,178,220,118,156,124,194,196,88,126,137,183,60,18,255,67,75,56,255,146,195,124,57,199,153,161,153,0,221,62,143,40,199,69,138,72,0,247,229,180,255,0,233,131,0,128,255,130,68,149,0,63,209,155,214,60,0,0,185,0,30,148,149,156,79,56,134,148,81,180,211,146,107,151,155,255,82,0,145,113,176,190,233,107,86,137,95,255,255,0,31,222,254,78,0,120,0,78,255,255,14,122,248,142,131,73,0,172,194,255,255,0,64,255,104,0,109,0,0,135,255
155,23,152,65,240,10,93,85,161,222,152,130,148,212,170,51,134,127,193,91,3,255,142,67,37,219,164,169,91,102,161,131,181,147,21,207,29,124,46,214,73,164,84,0,206,243,113,200,0,184,152,6,65,255,175,115,171,0,73,155,139,196,43,0,0,163,162,21,139,109,198,106,146,159,196,133,214,179,145,181,136,183,179,108,28,99,18,83,175,134,108,64,208,164,206,255,0,0,188,236,11,50,124,0,26,214,255,147,103,255,109,56,0,44,199,41,168,171,0,65,255,146,0,255,54,160,91,255
152,22,154,59,238,26,73,79,163,206,116,124,124,204,159,59,142,117,174,57,8,255,91,79,90,205,146,214,64,101,231,171,167,152,0,216,70,83,21,170,90,179,76,0,221,255,163,143,0,142,171,0,115,255,120,68,226,0,99,170,117,157,96,0,57,145,62,13,106,121,175,38,160,169,170,120,199,222,190,154,105,183,243,93,56,84,84,142,192,116,112,70,193,230,173,255,0,0,166,255,123,104,158,0,27,153,232,18,86,255,204,128,58,0,211,128,206,214,0,69,255,89,0,169,96,33,121,255
155,27,150,59,246,2,73,92,161,221,166,135,144,217,174,43,149,113,183,58,8,255,95,70,73,220,188,212,30,87,200,124,160,168,0,190,62,160,25,194,93,160,84,0,178,255,148,206,0,151,205,0,104,255,124,91,168,0,115,188,160,231,76,0,0,176,141,0,186,126,189,96,97,93,142,154,238,227,169,169,74,230,134,81,45,114,36,87,218,130,103,50,250,202,255,255,0,0,225,203,48,62,95,0,38,142,245,115,181,255,160,40,0,0,142,119,255,244,2,122,255,157,0,171,99,150,37,255
147,23,135,61,255,55,119,115,144,225,135,158,180,238,81,61,193,84,117,59,83,255,104,111,142,119,255,255,0,74,182,138,102,136,10,219,77,93,101,146,222,73,52,108,0,243,135,141,0,152,255,0,66,183,88,76,167,0,142,225,155,113,81,133,106,0,231,88,109,98,255,4,255,147,241,93,119,225,37,255,0,253,239,169,132,115,200,88,201,0,0,249,199,227,145,131,208,0,155,230,221,99,255,68,0,233,252,60,66,122,231,186,0,97,255,11,241,253,0,186,137,77,0,112,255,0,10,255
147,25,151,94,255,68,87,133,169,186,120,137,157,182,89,49,135,132,130,81,0,243,64,97,135,108,203,165,97,118,222,140,148,111,0,219,170,131,105,170,167,185,100,75,21,221,140,142,0,184,165,51,38,216,75,135,115,0,95,235,190,0,0,179,169,148,206,131,41,111,246,155,254,197,255,19,95,128,59,195,0,147,194,78,75,75,219,242,199,0,157,142,126,170,36,137,105,0,154,217,175,0,242,100,0,255,205,131,116,173,255,217,46,0,255,223,226,182,15,255,0,234,0,144,255,116,106,255
149,22,150,74,252,44,94,116,166,185,141,128,149,193,130,63,91,119,130,53,28,253,83,108,66,147,217,162,45,125,242,135,193,135,9,174,110,110,73,205,103,169,85,17,94,224,142,115,0,215,159,34,45,247,64,107,108,0,101,249,164,42,77,132,119,90,127,66,88,161,224,120,248,134,199,105,137,211,127,201,51,199,228,68,149,117,175,171,176,25,96,137,154,203,80,251,85,0,172,231,184,27,255,0,0,223,213,37,95,212,255,128,45,0,255,129,197,204,0,172,45,145,0,154,255,58,69,255
149,18,149,67,228,18,57,73,173,205,116,111,97,215,174,41,74,107,166,41,38,200,53,95,145,190,216,217,35,57,244,202,155,114,0,187,146,97,62,165,94,139,116,46,223,255,181,154,0,209,172,0,72,255,92,15,180,0,120,164,55,71,126,106,126,88,118,43,137,115,255,85,153,157,186,69,208,255,139,109,37,255,199,74,47,136,160,186,177,58,141,148,148,218,255,215,83,0,169,255,201,121,176,0,0,180,251,0,112,168,255,127,48,0,238,108,232,249,0,175,203,128,0,148,97,135,120,255
151,20,150,74,231,27,77,75,155,201,122,117,114,188,178,65,116,135,181,72,22,215,74,59,95,191,159,209,71,104,228,136,166,135,0,189,104,69,44,128,66,167,90,0,159,255,157,153,0,166,191,29,95,228,115,69,218,0,88,138,103,96,137,149,85,121,92,63,123,21,209,30,195,127,218,147,173,250,110,170,133,214,215,88,80,79,116,125,197,99,179,47,136,255,172,223,0,0,154,255,192,111,210,0,46,173,253,8,27,179,255,115,8,0,197,80,193,177,0,141,181,94,0,99,136,92,128,255
149,24,151,86,255,46,91,122,165,190,141,139,158,180,114,49,118,109,137,73,13,255,105,91,77,150,212,152,63,124,222,139,159,136,0,193,119,110,87,185,105,177,91,2,63,198,106,118,0,198,168,59,59,214,80,133,99,0,92,240,184,31,39,166,118,144,157,115,93,132,237,107,255,134,191,93,111,174,69,242,49,156,200,34,130,105,159,160,194,54,112,133,178,176,102,198,80,0,168,214,178,17,237,0,0,255,226,107,98,209,255,108,0,0,255,133,229,186,0,223,52,189,0,171,255,140,54,255
149,23,152,86,245,30,63,91,167,202,125,109,115,197,163,45,101,117,159,46,6,202,56,91,139,178,194,207,60,99,236,192,153,108,0,213,186,104,47,150,123,158,113,69,128,235,151,95,0,180,199,9,104,246,89,58,167,0,131,173,109,42,55,127,123,141,147,107,116,60,255,108,216,146,208,65,200,220,111,128,74,196,169,101,60,93,168,182,205,47,215,101,161,228,163,176,69,0,132,255,167,106,198,0,0,172,242,44,86,192,255,131,1,8,255,133,246,183,0,232,152,154,0,159,210,161,72,255
149,19,150,58,230,12,80,73,165,207,140,145,139,200,172,53,121,121,184,42,24,255,83,101,67,207,165,197,48,106,232,152,175,142,0,191,82,89,15,158,91,172,108,0,191,235,154,182,0,206,144,0,99,255,149,85,169,0,61,138,140,95,117,59,36,122,73,26,152,87,181,27,88,95,191,102,174,255,159,193,69,226,178,57,49,141,108,158,188,108,154,15,186,247,228,255,0,0,230,255,206,77,208,0,4,149,255,6,48,207,249,94,17,0,255,46,255,255,0,107,255,72,0,99,108,56,130,255
148,21,151,61,244,58,74,97,160,205,116,145,121,200,163,81,90,136,137,46,34,236,48,75,73,179,219,233,68,100,220,97,167,183,0,166,85,115,30,155,112,169,71,0,160,255,199,160,0,233,212,48,24,239,51,89,173,0,86,231,100,123,38,149,73,107,93,140,166,72,255,39,185,148,187,78,198,252,149,235,25,211,255,41,154,141,171,103,146,110,121,122,159,176,183,255,0,0,200,255,162,31,207,0,0,255,255,2,73,184,254,216,42,0,255,134,255,255,0,228,127,136,0,107,198,14,108,255
149,23,144,41,248,37,91,80,148,217,107,124,100,232,174,101,92,139,133,46,11,244,48,86,129,222,222,255,25,16,245,164,161,179,0,174,57,83,47,171,120,90,30,32,171,255,145,176,0,255,214,34,53,255,113,92,181,0,81,212,68,130,92,96,84,31,37,126,84,121,242,12,231,111,192,60,197,255,153,214,0,255,255,147,104,116,194,156,97,72,0,134,154,255,255,255,63,0,200,199,184,63,92,0,15,242,211,0,0,146,162,179,0,0,255,20,255,238,0,131,151,58,0,135,171,63,129,255
150,19,153,58,247,54,102,55,126,196,85,107,93,200,128,127,36,114,167,110,0,139,20,46,76,187,211,217,159,33,210,61,146,149,0,199,36,53,175,161,70,176,20,59,150,255,142,170,84,255,211,129,0,179,26,91,127,15,89,247,0,90,106,154,117,19,15,207,225,0,255,11,161,201,255,116,139,207,69,154,0,255,184,112,180,119,124,126,139,177,121,131,71,255,249,255,117,0,165,255,57,100,41,217,166,225,255,0,58,152,222,255,0,0,255,115,255,220,0,251,22,50,0,0,77,148,150,255
