160,17,175,46,225,8,105,96,183,198,168,121,159,119,167,136,39,104,187,77,0,255,138,133,22,255,148,74,186,107,146,196,141,210,144,130,82,151,8,255,148,171,101,18,224,67,16,161,24,251,26,0,219,255,0,18,95,58,2,255,225,48,0,0,0,0,13,0,255,255,169,148,155,153,53,27,134,255,214,0,255,171,255,166,0,209,36,255,195,137,195,255,158,149,54,255,0,50,255,95,114,0,49,0,156,204,184,73,81,255,77,19,80,255,45,0,255,69,114,0,255,162,0,255,49,136,153,255
156,8,184,8,249,0,108,98,188,202,202,116,163,89,230,165,0,111,224,32,0,255,155,126,20,255,136,59,148,8,169,255,175,245,196,177,46,186,0,255,89,176,99,0,255,74,3,225,24,255,0,0,240,255,0,13,0,2,0,255,250,116,0,0,0,0,0,0,255,255,171,138,0,155,0,0,237,255,177,0,255,158,255,84,0,190,0,255,255,255,161,255,158,37,223,255,0,127,237,0,136,0,0,0,196,255,174,140,134,255,129,125,129,255,0,0,255,167,107,0,255,52,0,255,0,62,168,255
157,6,183,0,255,0,118,93,215,184,206,130,172,114,248,173,0,107,237,30,0,255,139,114,17,255,142,52,135,1,146,255,140,255,187,203,51,207,0,255,86,114,108,0,255,106,36,255,21,255,0,0,255,255,0,36,16,0,0,255,243,119,0,0,0,0,0,0,255,255,86,171,0,132,0,0,243,255,175,0,255,213,255,173,0,255,0,255,255,255,169,255,147,0,255,255,0,165,255,0,137,0,0,0,236,255,179,165,226,255,98,135,77,255,0,0,255,192,118,0,255,83,0,239,0,23,217,255
170,29,151,79,241,54,103,109,159,253,232,100,85,176,197,90,168,128,197,138,0,255,226,22,79,255,171,113,148,122,145,188,142,90,152,183,196,155,40,93,145,181,163,58,161,177,145,222,0,153,65,107,75,101,94,32,70,0,126,135,255,254,0,107,38,145,173,82,146,16,126,255,255,57,155,123,3,209,236,116,115,98,205,86,19,20,110,154,26,96,0,65,255,201,159,138,0,120,37,255,25,11,32,72,0,148,121,255,208,76,232,23,15,59,162,1,0,255,93,127,255,67,0,162,241,255,53,255
168,43,155,33,255,38,124,118,165,246,240,45,56,255,210,76,53,93,193,33,0,255,219,0,59,255,149,198,130,0,178,255,78,112,160,255,130,196,134,27,123,109,69,0,235,255,107,223,0,236,0,43,196,255,0,99,21,4,169,255,255,255,38,2,0,0,213,31,255,18,0,255,255,50,0,122,44,58,255,216,0,255,44,91,0,0,56,236,0,0,0,255,255,125,255,215,0,0,92,39,0,0,0,0,0,245,154,91,255,255,124,0,61,0,0,53,166,223,49,125,255,255,0,106,66,154,18,255
166,23,163,16,255,0,143,95,153,229,219,107,111,208,180,136,13,89,236,27,0,255,178,34,34,255,149,144,42,0,193,255,140,196,110,204,94,134,0,176,89,174,139,0,255,255,0,235,0,255,6,0,180,255,3,33,122,5,138,255,255,255,4,0,0,0,136,0,255,242,114,255,0,86,0,0,190,68,255,0,40,229,209,255,0,0,24,154,207,229,0,225,255,120,255,255,46,125,0,154,0,0,0,0,109,230,183,106,240,255,79,201,8,145,0,0,38,247,0,72,255,125,0,62,92,113,110,255
157,23,164,88,233,0,109,74,155,163,198,146,164,153,224,71,38,140,212,34,0,255,133,136,19,216,172,123,171,143,147,205,175,82,82,112,116,99,7,129,117,185,104,76,187,199,42,53,42,171,99,9,177,255,56,19,78,68,47,223,255,0,76,25,62,123,125,20,255,0,98,25,0,133,89,66,172,70,98,151,241,255,142,166,157,119,64,255,200,0,110,69,223,255,0,255,0,0,213,207,255,0,116,0,176,119,107,96,95,27,255,0,63,215,72,40,0,42,0,33,194,67,0,255,222,154,83,255
155,16,176,20,244,0,109,95,184,181,197,146,167,147,219,119,55,110,255,0,0,255,106,67,0,255,148,122,133,102,178,247,157,155,89,139,86,183,3,255,136,204,107,0,216,133,123,182,0,246,44,0,255,255,27,0,118,0,19,255,248,113,32,0,0,80,0,0,255,255,98,117,0,83,59,0,118,131,184,0,168,255,255,202,0,193,69,255,255,255,129,175,205,246,227,255,0,54,233,143,43,0,0,0,175,145,255,87,178,226,155,124,167,135,0,142,255,214,42,16,255,162,0,198,99,0,101,255
159,26,186,45,243,50,117,89,162,217,162,175,112,188,200,150,54,169,200,49,3,255,141,140,13,250,132,185,153,93,169,143,162,204,2,162,117,172,40,136,152,166,148,109,228,99,123,199,102,235,117,0,212,255,0,83,131,106,77,255,255,73,71,14,48,137,94,61,255,98,78,163,103,115,95,71,86,174,142,39,251,239,230,145,30,223,151,255,117,179,103,243,251,219,95,255,0,30,255,255,111,0,130,0,11,164,187,235,99,204,192,60,98,0,178,100,128,174,0,31,255,45,0,164,125,0,211,255
159,22,186,62,225,45,98,97,160,197,161,137,123,150,155,143,58,136,115,69,0,255,104,181,31,255,174,63,161,126,144,154,212,148,84,118,160,101,58,203,114,175,96,174,114,154,101,68,28,251,74,36,167,255,0,56,103,85,77,233,221,82,63,131,156,109,70,18,255,122,214,146,208,144,78,129,88,244,167,70,239,128,227,120,142,138,65,255,175,183,107,202,185,221,0,255,0,35,253,244,205,3,227,0,107,105,116,144,95,255,176,114,108,80,199,25,8,110,0,74,195,102,0,149,180,61,43,255
155,20,181,68,232,37,99,91,154,202,168,158,156,127,181,102,38,129,150,70,0,255,93,184,37,255,144,37,166,126,161,182,146,192,60,124,154,145,9,200,103,255,122,177,158,98,85,122,76,255,90,1,163,255,0,2,75,82,53,229,254,88,28,106,128,113,47,65,255,100,205,54,184,163,55,132,75,238,181,57,222,141,255,63,175,205,112,255,164,111,57,173,215,249,0,255,0,0,255,255,215,10,255,0,27,64,218,90,145,255,255,59,124,70,255,77,93,58,0,82,180,38,0,255,134,101,29,255
156,16,148,117,213,4,128,94,134,191,173,110,153,112,197,62,81,122,192,131,27,216,125,64,88,144,126,105,129,157,146,180,101,103,109,203,190,62,35,159,95,217,126,137,67,217,0,102,94,169,181,47,95,121,116,30,152,80,75,127,215,110,78,231,119,126,213,55,205,0,151,161,201,205,139,128,154,214,111,96,186,124,160,119,66,29,93,131,255,57,244,84,196,212,44,196,121,0,101,199,211,3,193,37,6,183,124,90,111,232,255,84,4,125,204,0,35,93,0,186,72,47,0,160,255,195,121,255
151,24,156,69,255,89,155,126,136,209,158,127,164,167,149,115,27,164,143,160,3,211,49,127,167,75,136,66,57,43,155,138,158,170,83,150,118,110,120,186,136,198,43,173,54,122,0,137,69,228,235,0,147,198,69,55,82,57,190,241,255,90,99,205,195,141,255,201,215,0,227,177,192,255,205,96,83,201,177,197,98,127,255,132,50,0,158,255,217,106,30,209,221,227,117,185,0,61,215,255,255,0,255,184,0,255,255,164,76,146,255,227,41,5,255,30,55,151,0,255,123,21,0,84,255,177,0,255
153,25,151,63,255,49,147,116,119,192,205,111,191,155,193,88,45,134,169,97,0,255,129,109,116,80,188,105,45,97,121,144,167,149,101,144,156,41,69,255,106,162,136,138,0,132,6,77,57,255,255,0,90,220,7,108,114,54,192,204,255,146,14,229,140,197,225,82,160,0,148,124,219,226,130,92,124,157,175,195,147,145,255,48,110,93,133,201,113,167,20,145,255,229,96,255,16,56,203,234,255,0,220,43,0,255,231,181,25,204,255,225,18,122,226,11,0,144,0,180,111,0,0,121,255,137,0,255
153,27,140,55,255,87,150,117,123,196,212,91,181,156,168,78,35,140,160,155,27,255,139,134,150,9,190,120,32,81,153,148,141,190,74,137,163,63,34,205,126,182,89,177,11,124,0,107,103,253,254,16,60,193,47,107,126,4,179,216,255,132,40,255,123,162,219,115,205,0,67,193,209,188,154,130,131,96,140,230,89,190,255,13,43,40,153,172,82,142,0,215,255,255,140,255,0,41,231,255,255,0,220,132,0,255,206,255,55,233,255,204,26,35,178,0,0,170,0,232,132,0,0,0,255,68,13,255
151,27,154,55,255,90,160,123,141,216,164,127,187,183,125,126,86,182,146,139,3,237,96,138,196,70,134,91,78,28,122,163,160,159,71,153,110,54,117,255,122,183,60,133,0,63,0,147,60,255,255,0,152,255,99,146,133,18,156,244,255,75,39,255,119,148,231,164,254,20,250,173,255,151,255,33,25,159,210,224,22,97,255,103,0,19,199,255,199,58,0,202,255,171,79,195,0,30,255,255,255,0,255,140,0,255,242,255,19,255,255,255,0,0,255,0,0,47,46,255,73,106,0,18,255,217,0,255
157,24,163,71,247,66,172,107,149,202,150,99,173,178,127,100,108,174,135,141,60,187,117,105,98,137,132,132,104,94,92,137,136,111,113,183,99,33,167,209,121,136,47,143,20,114,8,149,0,255,247,81,124,163,111,60,127,72,162,168,226,107,28,199,182,179,190,112,188,9,162,109,203,221,125,110,94,206,229,210,116,149,255,192,47,57,128,243,186,43,24,242,221,156,129,240,67,88,157,233,250,0,231,80,43,255,214,141,121,92,255,247,22,66,183,4,0,0,0,249,91,0,0,77,255,90,0,255
154,25,157,64,255,72,159,124,154,200,163,117,190,171,130,98,94,155,151,162,20,229,88,121,149,59,164,113,80,53,123,117,146,144,83,127,112,94,142,205,116,172,60,128,8,96,0,143,10,255,255,30,152,240,78,60,125,28,139,221,255,147,62,180,164,180,187,158,199,0,190,172,204,195,214,106,78,142,203,218,123,155,255,166,61,53,124,221,161,86,0,231,247,205,136,233,0,43,255,255,255,0,225,94,0,255,228,180,66,165,255,224,14,50,255,41,0,62,0,255,96,0,0,86,255,132,0,255
155,24,148,60,250,55,144,122,124,196,196,113,190,158,168,86,95,140,142,93,18,255,147,124,129,97,195,117,66,104,109,141,154,147,105,136,128,10,78,241,133,136,130,120,0,127,5,91,0,236,234,0,89,172,43,114,154,65,168,178,255,132,26,255,97,172,208,45,143,11,120,112,251,172,123,138,86,171,184,255,114,156,255,27,85,81,157,222,147,131,0,142,255,210,100,255,32,73,191,230,255,0,255,44,9,255,200,164,5,237,232,220,39,79,210,0,0,146,0,102,106,0,0,53,255,139,45,255
153,26,145,56,255,63,149,112,119,201,208,97,186,162,182,82,55,148,151,99,7,255,132,127,138,77,172,116,46,82,94,169,159,140,89,166,147,0,70,255,133,150,109,160,0,152,0,88,44,255,255,0,66,168,48,119,143,76,193,195,255,130,0,255,129,168,243,76,160,0,121,145,255,195,136,142,101,126,215,255,82,160,255,24,110,56,166,200,89,138,0,144,255,234,127,255,28,32,255,230,242,0,205,105,0,255,236,206,43,213,255,255,10,95,193,0,0,118,0,194,132,0,0,55,255,153,0,255
161,31,176,68,251,0,125,112,158,210,195,92,128,170,162,85,95,122,221,36,0,255,255,47,17,255,202,48,88,76,194,248,220,177,94,226,111,162,132,224,11,120,148,0,158,114,0,130,0,244,60,0,133,255,15,71,50,5,78,255,216,243,0,165,40,187,68,169,144,94,225,150,134,36,54,102,69,169,160,96,219,77,255,89,62,22,119,215,175,214,0,55,255,113,255,211,0,56,36,176,139,2,90,11,65,255,255,238,16,255,243,180,35,93,186,29,124,15,0,64,239,88,0,255,80,255,138,255
160,31,159,67,255,0,131,109,149,212,241,107,120,212,246,76,93,104,224,42,0,255,241,19,89,255,158,85,93,98,154,255,135,116,125,183,135,191,15,204,35,99,185,0,169,165,0,188,0,253,145,0,130,255,0,19,63,0,110,255,251,212,45,58,0,108,127,112,230,30,188,152,194,71,90,8,205,103,214,134,66,234,255,215,0,26,86,215,195,164,0,71,255,140,255,255,0,115,152,222,35,0,7,0,0,255,255,255,73,228,245,189,0,168,90,53,25,107,0,145,255,144,0,155,182,255,144,255
157,23,152,71,239,43,144,125,143,193,178,121,177,170,147,90,131,149,126,89,37,255,162,149,89,119,204,121,89,136,94,149,149,113,122,180,148,0,145,255,149,112,117,125,0,138,18,109,0,244,211,0,77,128,98,118,193,96,164,136,224,91,35,255,74,187,192,20,83,0,121,100,255,173,109,180,41,186,180,255,148,190,255,26,110,108,183,187,184,80,0,165,255,215,88,255,67,4,176,182,255,0,255,32,57,255,166,123,66,255,50,238,100,79,197,0,0,126,0,41,68,0,0,46,255,83,81,255
154,29,164,57,255,61,139,120,144,189,172,123,140,202,204,119,26,177,147,62,0,255,155,134,70,139,225,119,76,89,190,155,222,133,54,145,135,88,116,226,88,95,99,97,93,81,21,133,62,255,233,0,85,247,23,156,57,0,191,255,254,85,53,255,130,183,188,177,180,61,175,125,182,167,122,114,94,174,139,255,122,175,255,0,115,70,253,255,175,216,0,252,255,163,133,238,0,45,252,202,255,0,255,47,0,255,169,159,40,137,255,187,51,0,181,125,23,243,0,63,160,25,0,152,222,167,129,255
151,25,142,48,255,76,137,120,126,194,197,103,164,189,187,90,56,162,141,114,21,255,135,149,152,71,200,142,17,67,176,167,156,165,68,109,156,52,44,176,114,133,73,157,14,96,29,134,57,255,241,2,81,188,75,131,133,0,145,242,255,96,59,255,137,151,201,126,137,0,114,119,235,119,124,109,131,175,152,255,35,208,255,4,63,66,200,222,73,192,0,185,255,224,156,255,0,43,255,216,255,0,255,70,0,255,181,192,0,200,255,243,32,52,173,0,58,248,0,137,102,0,0,58,255,84,112,255
157,17,145,95,201,2,131,72,156,174,166,109,125,190,96,33,56,87,110,111,24,255,221,86,61,44,186,170,7,118,106,157,167,29,67,224,231,47,154,170,179,67,142,105,83,248,55,193,86,220,221,39,0,121,50,80,212,7,89,44,140,33,30,228,188,92,165,26,101,0,148,118,255,174,124,109,144,183,143,31,255,255,255,198,50,72,107,7,64,0,183,255,150,142,174,255,140,0,142,238,255,0,140,214,44,255,164,180,156,133,255,171,61,134,255,0,78,104,33,255,85,0,87,128,210,141,133,255
162,34,190,76,255,37,123,129,135,206,198,128,129,170,151,133,93,164,172,81,0,252,145,97,102,208,189,36,165,88,153,133,229,107,105,164,141,141,185,209,65,182,127,118,121,128,51,88,5,215,179,0,191,243,2,78,32,0,199,227,255,187,71,178,151,205,118,93,235,30,246,155,231,122,34,108,0,162,148,149,170,11,255,76,223,33,167,255,194,137,0,109,255,221,48,196,0,99,138,226,187,107,178,120,10,222,183,255,23,255,255,47,71,29,255,174,23,17,0,164,157,0,0,122,233,255,0,255
168,35,187,73,245,0,133,118,148,229,234,118,139,164,162,100,111,104,243,97,0,255,255,19,85,255,163,25,98,59,152,255,200,136,116,201,150,223,85,202,47,198,168,0,116,163,0,175,0,191,156,0,82,255,0,0,1,49,117,246,255,255,0,117,30,155,214,133,255,16,192,222,127,104,0,86,136,123,161,0,181,113,255,211,64,72,55,175,185,197,19,86,255,157,255,255,0,241,3,187,7,33,32,90,44,255,255,255,113,255,246,255,61,184,209,28,0,4,3,172,255,168,0,103,222,255,61,255
154,23,139,77,250,69,127,103,102,200,207,96,159,153,192,79,53,140,122,129,0,255,118,128,164,98,170,74,62,68,135,146,129,182,138,122,124,43,40,182,146,128,120,185,66,111,35,147,39,221,214,12,106,106,61,100,158,53,160,143,192,61,9,255,154,168,186,122,204,48,130,86,255,226,91,175,107,211,118,255,109,97,255,11,141,60,222,196,178,161,47,245,180,236,118,252,39,16,255,180,255,22,208,79,0,241,202,233,162,185,255,134,0,113,176,0,66,147,0,117,38,0,0,104,255,141,37,255
165,34,173,48,255,0,139,112,156,235,254,128,121,217,169,110,115,111,212,74,0,255,255,0,136,255,148,54,65,48,158,255,182,139,60,255,255,223,7,224,0,113,186,0,140,164,0,241,0,255,152,0,116,255,0,0,0,0,57,232,255,255,2,152,115,80,100,163,203,0,163,244,255,0,0,82,85,84,255,131,0,121,217,164,143,0,173,208,85,127,0,51,255,193,255,184,23,183,169,211,17,0,0,15,8,255,246,255,110,255,255,255,0,105,230,0,41,0,142,255,255,240,0,0,255,255,153,255
165,28,158,94,229,0,127,114,140,200,219,68,128,142,188,56,125,116,213,121,0,255,253,11,76,255,202,108,160,165,150,173,166,161,120,181,97,100,127,131,109,114,156,0,166,170,12,113,0,168,127,31,158,77,67,53,118,24,111,255,159,147,0,186,82,215,193,135,109,35,144,104,232,80,123,148,137,169,114,226,127,139,255,148,31,33,91,90,208,167,58,46,255,255,235,223,0,101,34,196,65,0,126,50,74,163,216,195,62,246,255,126,0,133,101,0,79,124,55,151,159,134,0,162,236,255,133,255
157,26,173,70,251,51,132,107,133,183,187,127,149,145,194,116,42,163,147,51,0,250,134,121,78,148,169,96,148,129,115,134,211,127,101,169,164,45,73,249,80,152,128,130,66,123,13,86,15,245,200,0,100,210,0,86,70,79,197,226,255,116,77,229,149,158,173,55,210,39,142,168,198,205,86,111,68,154,170,189,162,92,255,60,131,40,143,255,196,205,52,118,252,159,45,255,0,74,190,207,255,0,255,70,48,249,120,160,69,220,255,212,55,96,175,66,0,134,0,90,99,5,0,80,248,206,91,255
153,24,148,65,255,55,138,124,117,190,193,119,166,168,198,100,41,168,112,62,0,234,93,131,140,135,190,62,66,70,139,167,197,140,108,143,125,20,68,255,131,149,135,120,1,154,0,96,0,236,217,0,53,166,30,106,113,95,208,191,227,133,8,255,112,162,236,97,184,0,181,82,201,218,143,114,98,193,170,253,86,141,255,0,190,23,252,238,134,174,0,121,255,239,106,255,0,60,255,199,255,2,253,128,0,255,250,180,74,194,255,255,58,75,180,0,0,148,0,138,114,0,0,119,255,201,0,255
155,26,154,73,255,72,136,121,115,200,180,121,157,162,179,93,46,164,125,111,0,255,115,119,125,112,174,87,82,87,146,135,178,167,92,126,117,79,102,210,127,139,104,149,54,132,20,129,57,200,231,41,82,140,28,99,125,84,197,193,239,127,58,255,134,181,239,112,152,13,175,105,255,234,143,149,86,210,110,255,137,107,255,32,155,40,185,226,132,179,24,170,212,207,118,255,0,55,222,202,255,0,253,119,34,255,227,202,98,185,255,232,73,104,193,68,3,135,0,134,45,16,0,119,255,186,0,255
154,23,151,62,251,70,140,113,114,198,181,123,160,172,177,104,57,155,128,92,15,249,117,124,115,115,176,109,68,87,117,143,181,161,103,156,142,53,77,211,124,141,112,150,21,138,26,128,28,221,214,3,74,143,66,81,129,66,191,191,251,94,46,255,136,143,222,94,160,0,142,107,240,200,111,113,86,194,155,255,112,147,255,48,117,50,166,228,130,131,0,150,255,231,81,255,45,58,224,233,255,0,255,46,19,255,195,173,74,169,255,235,72,93,174,0,12,155,0,140,61,0,0,72,255,109,0,255
158,32,167,85,255,73,138,129,140,195,151,114,163,154,139,114,69,199,127,127,0,229,75,117,150,59,124,93,130,95,167,131,179,154,79,162,87,95,131,206,119,152,72,145,57,126,0,87,17,215,250,82,143,196,53,131,158,95,183,177,255,187,141,220,157,203,197,116,178,8,176,157,168,234,227,147,57,178,160,255,130,95,188,105,83,0,143,255,227,150,89,157,212,171,130,152,0,10,255,217,255,0,229,122,7,255,156,227,76,209,255,197,84,18,210,134,0,78,0,240,38,118,0,53,255,224,0,255
155,29,160,59,255,86,142,116,129,200,172,123,169,154,147,113,64,189,152,123,0,255,84,151,168,32,145,103,103,42,184,132,170,152,69,110,93,78,82,192,115,157,79,164,96,80,3,133,68,255,231,37,137,242,30,137,134,60,169,229,255,152,85,248,147,192,168,146,167,22,153,139,179,202,180,129,49,123,143,255,128,105,255,37,67,52,163,255,140,190,0,203,255,173,136,255,0,22,255,255,255,0,243,94,0,255,203,210,94,152,255,233,122,0,252,91,0,167,0,190,33,29,0,29,231,134,0,255
153,26,151,57,255,81,158,117,126,207,166,130,169,191,154,130,80,164,132,90,13,255,112,125,139,102,161,145,47,58,167,146,174,156,104,154,112,42,120,204,165,120,100,166,0,116,16,140,46,243,221,8,83,203,53,155,164,45,209,211,255,94,83,255,116,111,223,122,206,0,145,106,251,202,190,105,67,209,141,254,89,166,255,54,59,39,172,236,129,75,9,212,255,233,136,230,7,36,219,240,255,0,255,86,0,255,196,126,48,134,255,184,31,12,239,2,22,163,0,202,54,0,0,62,255,78,0,255
157,26,168,67,255,79,155,134,142,202,150,120,175,146,131,117,91,183,134,140,25,209,64,133,134,74,145,115,110,90,147,130,161,145,81,164,142,79,132,223,132,191,84,160,1,115,0,94,54,236,232,78,133,197,45,82,160,91,166,220,255,184,95,234,128,191,202,105,156,0,173,152,215,219,175,117,79,164,202,217,149,132,255,99,46,25,108,255,179,114,33,148,255,195,88,255,0,64,219,255,255,0,255,109,32,255,178,175,63,172,255,251,156,0,241,35,0,104,0,245,58,0,0,33,255,130,0,255
155,28,161,77,255,71,148,107,126,188,170,116,163,151,162,103,36,182,122,123,0,219,85,120,131,105,131,90,124,76,123,136,160,124,105,169,120,45,126,216,111,148,77,152,36,144,0,130,32,255,254,63,116,179,37,71,129,99,182,196,255,119,66,253,220,154,228,109,203,0,179,144,230,255,148,144,70,186,215,218,127,65,244,80,126,0,182,255,188,119,6,173,180,181,134,225,0,65,236,210,255,0,252,159,9,255,190,146,65,145,255,234,41,112,191,73,0,62,0,238,70,44,0,89,255,218,0,255
154,27,152,59,255,77,151,117,108,212,193,127,173,160,186,110,52,164,135,94,0,255,107,132,148,84,155,84,44,74,157,160,164,174,97,150,110,43,65,253,112,135,115,160,52,119,0,124,49,249,230,9,96,201,36,137,119,36,224,202,255,151,56,255,145,171,208,115,175,1,181,116,255,235,137,108,100,174,173,251,69,92,255,21,105,36,182,239,160,186,0,157,255,168,148,255,0,76,219,255,255,0,255,82,0,255,214,234,65,151,255,211,20,54,202,0,0,196,0,181,118,0,0,45,255,163,0,255
152,20,143,73,252,52,137,103,112,195,199,116,172,174,196,78,36,163,133,80,0,255,140,100,131,136,153,72,70,82,89,182,164,130,130,210,170,16,93,255,153,106,127,126,0,164,34,148,0,255,252,0,13,108,45,48,173,70,204,96,206,94,25,255,161,192,213,112,133,0,120,88,255,208,123,111,89,186,192,139,156,141,255,129,106,0,204,154,164,153,59,187,190,210,164,255,0,35,214,186,240,38,225,82,0,255,218,234,112,218,215,255,0,89,152,0,25,176,0,168,141,8,0,51,255,45,0,255
157,27,161,75,255,79,142,122,111,195,189,124,167,151,157,111,43,172,119,110,6,241,77,146,124,63,169,83,122,88,133,122,186,183,114,132,99,64,103,227,109,169,97,176,91,113,0,104,60,209,202,19,130,190,5,90,109,91,226,224,255,135,64,240,155,177,235,102,193,65,148,144,206,255,124,135,64,184,144,247,129,70,255,15,120,34,162,255,157,151,5,141,247,224,84,255,0,73,231,232,255,0,255,156,34,255,191,245,120,188,255,178,123,63,231,88,0,123,0,134,33,0,0,54,255,168,0,255
156,26,152,69,254,82,138,109,124,193,180,92,171,137,161,91,68,166,126,149,18,240,86,127,161,85,162,103,93,71,131,134,123,185,112,161,145,49,50,192,140,149,75,158,28,100,17,109,27,225,218,54,132,140,46,103,146,48,182,191,255,115,30,252,178,191,196,94,147,34,117,135,255,230,81,146,112,159,186,244,138,107,255,37,83,68,144,225,191,115,30,206,214,187,117,211,28,32,194,248,255,0,255,83,0,255,142,198,69,181,255,164,76,32,177,4,7,130,0,155,46,0,0,51,255,175,73,255
153,25,142,62,255,61,142,117,120,198,196,108,183,165,171,85,80,151,125,98,17,255,108,134,148,87,188,105,33,78,131,156,152,161,100,162,124,10,68,241,145,129,116,136,0,165,18,123,0,240,242,0,78,158,65,118,158,40,177,161,226,133,0,251,140,157,216,91,155,5,142,118,241,196,137,120,108,162,186,254,100,165,255,26,93,41,194,211,168,131,0,178,255,228,118,255,36,36,239,215,255,0,244,102,0,255,223,188,70,165,255,255,17,90,227,0,0,155,0,190,142,0,0,65,255,152,0,255
155,28,140,59,250,55,137,128,137,190,239,66,207,174,176,67,139,128,202,146,48,255,217,147,124,0,255,167,0,122,141,136,123,178,129,98,141,39,98,178,74,139,129,155,0,136,32,135,26,238,255,0,83,130,27,89,194,0,96,204,255,114,80,255,85,208,185,65,103,9,109,156,255,87,128,160,122,125,195,255,122,255,255,19,42,159,119,159,107,162,0,188,255,255,155,255,0,28,232,214,255,0,220,45,0,255,181,255,0,255,237,240,21,81,220,4,0,250,1,154,48,0,0,5,255,57,220,255
154,29,133,47,255,93,138,112,124,210,255,46,186,153,192,39,54,112,159,202,62,255,224,210,148,0,255,157,0,151,180,142,45,252,109,60,206,93,11,135,106,222,86,255,25,145,8,131,158,224,255,56,14,75,0,23,134,1,92,150,255,81,107,255,57,181,186,116,192,0,0,240,222,104,161,251,129,125,181,255,0,255,255,0,113,87,191,103,55,193,0,255,140,255,195,255,0,0,255,255,255,0,115,228,0,255,141,255,116,255,208,211,0,11,126,0,5,255,18,255,88,0,0,0,255,0,241,255
153,29,136,52,255,90,133,108,118,209,244,49,193,150,178,51,83,107,167,189,44,255,182,173,157,0,234,140,8,135,161,127,65,227,114,98,188,79,26,160,114,185,67,254,29,135,23,97,125,227,255,49,74,136,34,61,142,0,138,201,255,123,32,255,98,194,177,131,227,0,78,201,237,167,142,187,161,85,184,255,0,157,255,0,83,63,136,139,133,186,0,255,204,236,162,213,0,0,238,255,255,0,142,166,0,255,148,255,86,255,255,160,0,97,100,0,22,255,18,255,93,0,0,0,255,39,84,255
154,28,137,52,255,82,142,118,131,202,231,72,189,157,190,64,62,135,168,164,37,255,168,151,145,9,225,148,8,115,158,137,109,206,97,97,157,59,35,191,97,170,107,197,0,114,0,132,100,250,255,31,59,143,38,106,142,0,121,202,255,127,48,255,105,174,190,107,161,0,64,188,255,137,141,181,134,112,177,255,90,214,255,0,53,81,159,125,67,164,0,205,255,255,178,253,0,5,248,250,255,0,230,84,0,255,160,255,28,255,255,163,0,23,159,0,0,254,23,191,109,0,0,2,255,83,155,255
152,25,135,60,255,62,138,112,118,197,210,96,180,169,183,80,67,154,146,116,16,255,156,139,153,69,193,129,13,82,135,162,138,157,97,158,176,8,62,233,132,120,110,137,0,126,35,137,44,255,255,2,55,117,67,129,184,19,172,131,221,97,30,255,125,158,230,100,129,0,99,106,255,106,140,139,87,189,159,255,116,211,255,25,29,44,187,134,123,140,0,187,255,255,164,234,27,0,252,225,255,0,255,45,0,255,210,197,45,230,255,239,0,27,215,0,43,187,2,146,128,0,0,17,255,101,54,255
154,24,139,70,247,61,132,104,121,194,198,84,169,163,175,76,80,139,139,133,16,255,120,111,151,96,179,111,53,57,143,149,116,149,115,144,129,32,61,171,146,130,85,110,20,137,47,125,24,226,255,11,99,120,91,99,175,25,149,138,199,104,3,247,140,191,177,102,156,4,117,123,232,177,99,149,117,185,168,255,116,156,249,44,91,68,157,162,173,116,26,242,203,211,154,224,24,0,219,238,255,0,213,39,0,255,187,187,82,185,255,175,9,75,171,0,43,146,4,142,94,0,0,89,255,139,32,255
150,22,136,74,255,74,139,97,105,208,209,106,162,162,201,78,11,153,142,151,0,255,101,130,203,99,135,37,68,32,148,190,121,166,111,188,156,59,37,222,171,136,88,148,3,162,49,144,29,255,212,0,40,123,35,77,192,0,182,99,217,109,50,255,225,153,162,143,210,0,88,105,255,252,107,128,112,212,201,148,81,124,255,153,74,0,172,133,243,90,40,255,165,205,164,204,14,0,212,214,215,28,255,93,0,255,129,255,200,176,255,187,0,0,167,0,75,228,0,174,138,67,0,0,255,86,0,255
155,26,152,57,254,77,142,108,128,199,182,110,173,156,181,97,61,168,132,112,18,255,120,141,138,91,182,117,66,71,136,157,154,165,109,147,125,44,69,188,117,119,95,146,29,102,6,141,10,253,235,26,99,159,52,96,135,19,176,197,255,118,50,255,164,164,193,106,130,16,113,118,237,190,104,156,73,170,208,255,115,140,255,21,85,65,197,230,173,145,0,187,248,195,166,255,0,50,222,255,255,0,255,26,0,255,162,160,22,162,255,202,63,22,175,6,0,198,0,130,91,0,0,38,255,131,124,255
153,27,131,54,255,104,128,92,112,215,234,76,145,165,182,66,31,130,128,222,8,255,140,210,254,20,167,73,11,14,200,176,25,255,84,101,152,87,4,105,204,191,32,248,101,143,94,131,119,221,231,0,84,146,75,70,143,1,134,146,238,99,57,255,127,125,172,147,255,0,85,165,206,209,65,168,137,158,128,255,0,202,219,2,148,54,203,122,159,84,0,255,114,255,135,148,47,0,255,193,255,0,218,177,0,255,168,255,196,251,255,77,0,9,162,0,93,243,3,227,79,0,0,57,214,96,119,255
153,28,133,44,255,103,133,110,118,224,245,88,166,176,198,64,38,131,146,193,37,255,136,207,213,12,204,107,0,51,192,176,64,255,78,70,154,96,29,143,151,187,57,255,70,149,52,151,78,221,255,10,69,153,60,82,103,0,140,212,255,135,99,255,143,124,216,151,237,22,57,214,226,166,106,206,107,138,185,255,0,222,255,0,120,50,203,139,104,156,0,255,227,255,221,204,0,0,255,223,255,0,214,120,0,255,154,255,143,255,255,113,0,0,135,0,0,255,0,231,140,0,0,0,255,35,132,255
152,27,142,41,255,112,132,88,113,233,216,110,125,166,211,109,0,165,144,205,12,255,96,178,224,70,153,103,45,7,209,163,53,255,64,103,150,102,0,111,167,175,14,255,157,136,95,160,129,255,255,42,74,198,82,112,113,31,156,239,255,145,67,255,156,81,185,161,255,19,73,191,172,231,46,182,116,211,134,255,0,131,181,0,110,44,200,201,170,166,0,255,129,222,222,140,0,0,255,213,255,0,240,100,0,255,111,205,136,206,255,25,14,0,83,0,75,255,0,215,83,0,0,23,182,78,156,255
152,29,131,50,255,95,133,93,97,225,232,72,126,186,221,82,0,148,152,201,0,255,151,151,198,76,149,94,15,36,176,178,57,255,87,156,162,88,37,119,169,141,36,231,71,188,100,111,125,255,255,4,93,145,104,86,168,4,132,149,211,149,38,255,172,102,222,156,255,0,74,186,203,237,72,170,122,174,181,255,0,197,197,66,112,0,254,151,173,139,0,255,136,255,241,202,86,0,255,158,219,10,142,77,0,193,173,255,221,237,255,83,0,0,20,0,107,255,11,255,192,67,0,61,212,44,118,255
152,26,136,48,255,106,125,92,111,223,226,89,133,148,203,93,0,143,154,226,0,255,98,168,248,38,135,35,42,0,200,184,42,255,69,125,152,117,0,127,198,224,24,215,166,174,87,93,137,244,254,7,53,228,82,81,99,43,160,236,255,173,22,255,152,116,186,154,255,0,104,219,69,255,111,145,148,130,147,210,0,109,216,3,104,0,193,174,162,176,0,255,98,202,202,171,0,0,227,255,255,0,149,188,0,255,211,255,103,242,255,91,0,0,30,0,6,204,0,255,170,0,0,43,182,131,88,255
153,28,139,57,255,80,135,105,116,208,226,89,152,182,207,78,29,136,148,144,13,255,145,157,155,51,209,139,19,74,172,157,114,200,83,111,132,85,44,160,103,137,79,202,76,146,43,131,101,253,255,8,76,147,44,96,120,0,158,204,252,100,55,255,137,137,193,126,196,0,96,156,229,181,106,185,142,168,145,255,9,180,255,3,140,65,202,145,108,151,0,240,230,255,209,255,39,0,255,222,255,0,203,82,0,255,153,244,126,221,250,117,0,0,151,4,65,246,0,155,103,0,0,46,236,92,133,255
154,30,138,51,255,91,151,100,106,218,227,81,156,183,204,76,36,134,158,152,20,255,143,135,163,53,161,130,14,74,178,161,100,207,80,138,138,87,57,183,97,119,67,186,48,122,18,154,106,255,255,43,89,163,78,128,132,0,177,198,255,154,87,255,167,106,211,166,187,0,82,203,255,186,79,150,116,152,162,255,19,177,229,38,47,3,155,179,134,165,0,255,255,236,255,199,32,0,255,210,242,0,174,8,0,255,151,255,170,166,255,106,0,7,95,0,34,255,0,215,172,0,0,15,255,118,15,255
155,29,134,47,255,112,131,90,98,228,251,65,142,124,208,81,0,155,123,252,7,255,88,175,255,10,130,41,60,32,157,142,31,255,89,120,158,55,4,172,201,172,41,255,37,127,99,121,116,243,254,33,107,125,86,128,134,0,131,155,255,165,47,255,137,174,122,131,255,0,38,248,238,223,92,235,95,145,182,255,42,136,225,0,137,0,225,200,222,166,0,255,139,240,188,89,0,0,255,198,237,0,177,124,0,255,109,255,134,176,255,30,0,2,37,0,52,225,11,255,44,0,0,0,225,252,50,255
153,31,139,39,255,91,138,107,127,222,236,77,162,190,216,74,34,142,180,172,50,255,162,155,137,38,229,189,0,106,187,148,89,218,70,83,155,125,53,115,83,141,46,228,75,142,27,156,89,255,255,43,57,181,62,64,126,0,134,255,255,173,81,255,114,129,206,154,205,0,36,248,200,139,102,181,155,164,208,255,0,216,234,20,73,16,208,157,103,203,0,255,203,255,255,241,0,0,255,182,210,0,120,8,0,255,128,242,85,230,254,148,0,5,17,0,58,255,0,255,176,0,0,0,255,9,157,255
154,34,145,44,255,43,118,105,134,197,242,83,147,215,228,81,38,131,210,87,0,255,210,97,87,155,205,192,0,95,201,132,94,175,43,78,88,124,58,154,92,59,108,5,138,161,78,164,0,255,255,0,70,255,53,169,146,8,130,255,220,167,11,153,100,125,227,70,255,114,54,153,176,128,0,120,192,211,246,255,11,229,163,40,108,33,216,191,139,192,0,255,255,67,255,246,17,28,188,64,102,0,69,0,0,255,196,167,156,43,255,103,0,0,0,175,226,255,0,136,220,246,0,21,255,82,235,255
154,30,155,55,255,47,147,121,143,207,225,105,151,212,231,77,60,114,194,68,18,255,237,109,51,120,234,197,0,171,203,122,147,140,11,55,118,141,79,177,29,125,114,58,97,107,24,155,87,255,255,13,32,228,81,105,89,0,107,255,234,141,75,225,112,141,220,131,255,87,97,108,197,67,77,102,168,242,120,255,53,239,255,129,91,42,152,177,91,204,0,204,255,190,255,255,0,139,202,228,200,0,255,0,0,255,171,203,67,93,255,146,0,43,139,128,130,255,0,77,200,12,0,51,255,106,215,255
150,31,140,40,255,31,138,128,152,195,249,109,153,255,255,38,55,73,210,18,42,255,255,68,0,208,250,255,0,245,247,175,85,148,0,72,132,184,75,124,42,72,46,0,48,119,94,211,69,255,255,0,0,238,163,118,111,0,129,255,141,63,43,113,65,111,255,92,255,105,14,38,255,0,0,71,255,255,149,255,0,255,237,114,88,172,255,144,58,173,0,255,255,216,255,255,71,113,218,40,143,0,180,0,0,255,255,128,255,122,179,243,0,0,5,255,255,255,0,54,255,238,0,38,255,0,255,255
152,29,143,32,255,60,144,117,135,222,208,108,125,252,249,81,3,126,177,47,33,255,198,97,70,185,189,193,0,96,230,221,123,170,39,147,103,144,76,161,56,63,40,34,153,163,23,201,14,255,255,0,32,255,141,97,112,0,128,255,255,145,78,217,137,14,241,131,180,89,93,166,233,90,5,53,185,237,207,255,0,255,225,152,12,0,226,208,95,165,0,255,255,159,255,255,20,43,213,140,123,0,210,0,0,255,172,116,142,132,255,153,0,0,0,24,164,255,0,83,255,188,0,97,246,0,230,255
153,32,143,36,255,48,147,116,139,214,232,96,153,252,254,67,66,118,191,63,14,255,255,106,66,187,196,182,0,160,214,191,109,173,45,96,113,112,116,187,49,47,93,14,40,98,34,205,0,255,255,0,41,255,127,144,120,0,129,255,226,148,81,201,101,100,229,138,252,94,78,112,255,48,0,103,172,232,255,255,0,255,247,108,51,8,221,194,135,201,0,255,255,109,255,220,0,62,217,73,142,0,219,0,0,255,190,114,135,132,236,149,0,0,0,108,169,255,0,96,255,185,0,87,255,64,219,255
156,37,142,57,255,7,149,125,152,189,233,67,157,251,255,27,75,65,216,55,0,255,255,66,21,208,230,166,0,255,255,141,63,127,20,54,137,167,171,169,21,63,115,0,27,18,15,172,68,255,255,0,0,255,117,182,128,0,108,239,165,172,42,247,24,159,207,208,255,59,100,49,255,7,0,162,208,221,237,255,0,255,251,115,25,29,226,123,162,173,0,255,255,64,255,114,0,187,162,102,89,0,202,0,0,255,255,74,118,161,170,153,0,96,0,217,223,255,0,38,255,255,0,225,255,255,204,255
155,27,152,40,255,24,129,107,161,204,225,64,91,246,255,109,37,104,223,59,0,255,248,71,99,216,157,184,47,62,226,205,90,139,139,190,59,131,119,95,98,8,115,0,230,194,74,195,0,255,255,0,112,255,48,98,222,0,0,255,169,99,95,76,113,0,89,59,241,153,169,240,221,78,0,53,249,180,255,236,9,255,203,246,0,0,122,255,246,255,58,255,247,26,255,250,0,144,132,148,72,0,124,0,0,255,93,190,0,158,255,122,0,0,0,0,197,255,0,0,255,214,0,115,0,188,255,255
151,22,152,0,255,11,137,104,168,203,225,120,130,244,255,103,0,112,227,0,21,255,192,55,24,255,149,190,0,53,224,255,138,210,72,201,58,198,0,255,65,5,21,0,230,194,48,255,0,255,175,0,78,255,108,109,55,0,110,255,255,170,62,0,13,0,141,0,255,255,28,235,72,95,0,0,255,197,255,141,0,255,255,148,0,0,172,255,202,255,0,255,255,0,255,255,19,79,139,0,43,0,0,0,0,255,213,49,225,213,157,240,0,22,0,90,255,255,0,0,255,255,0,45,97,0,255,255
155,32,138,66,255,28,119,95,149,186,227,33,125,211,237,61,58,108,193,84,0,255,255,145,112,121,220,163,15,128,244,153,55,90,135,73,88,99,125,95,82,38,122,52,178,87,47,154,75,255,255,0,42,187,82,133,191,0,56,246,146,74,25,255,56,96,125,176,209,62,137,145,243,60,90,186,186,155,219,255,72,243,221,38,60,0,255,119,180,136,0,255,255,110,255,139,0,1,196,175,143,0,147,0,0,255,182,137,39,101,197,69,0,90,0,71,208,255,0,77,222,174,0,206,48,255,255,255
151,27,141,29,255,5,142,113,155,211,235,84,129,247,255,62,59,86,230,15,26,255,255,82,30,255,202,202,0,153,248,255,79,128,65,156,99,133,75,196,8,30,77,0,159,143,51,255,0,255,255,0,0,255,163,96,126,0,57,255,173,134,45,178,52,20,154,73,223,216,111,136,189,0,0,3,251,255,255,255,0,255,255,172,0,0,195,213,184,255,0,255,255,9,255,255,5,129,151,58,68,0,109,0,0,255,216,114,102,120,223,255,0,118,0,17,224,255,0,34,255,198,0,160,222,126,255,255
154,29,151,33,255,46,144,103,142,212,207,97,104,240,243,95,17,130,193,69,6,255,247,95,49,225,174,199,0,112,222,202,109,171,62,173,99,103,116,161,58,41,83,0,175,161,70,197,1,255,255,0,74,255,111,106,151,0,71,255,201,103,70,195,150,30,132,83,237,150,85,151,198,93,0,61,158,226,251,255,0,255,244,183,0,0,217,255,201,230,0,255,227,69,255,255,0,56,174,104,121,0,196,0,0,255,118,101,132,128,255,106,0,0,0,0,172,255,0,21,255,189,0,131,165,30,255,255
152,23,139,44,244,22,114,87,131,204,230,85,99,188,243,86,32,110,208,69,0,255,189,96,103,233,172,151,38,62,219,255,57,149,117,167,88,62,15,135,119,82,124,0,229,233,75,152,0,255,207,0,87,253,80,34,165,0,28,255,189,97,13,171,108,18,84,15,208,210,126,122,139,123,23,75,176,202,255,255,0,215,255,92,0,0,215,231,238,197,0,255,203,88,255,255,38,0,140,145,148,0,114,0,0,170,169,95,85,109,255,97,0,0,0,0,148,255,0,69,218,156,0,141,55,156,255,255
153,24,142,32,248,12,137,104,145,204,205,99,113,218,252,90,54,94,207,13,8,255,213,66,67,255,177,174,2,86,243,255,93,135,105,189,48,98,90,171,89,48,111,0,189,226,31,206,0,255,231,0,32,255,84,39,141,0,33,255,170,114,85,116,68,0,66,36,189,219,102,146,142,84,16,24,190,216,255,230,0,255,255,180,0,0,234,255,230,183,0,255,255,87,255,255,78,65,133,71,117,0,41,0,0,255,156,36,85,139,165,212,0,3,0,0,162,255,0,38,255,174,0,154,115,87,255,255
153,27,137,49,255,42,126,81,110,213,201,92,81,205,223,88,27,116,186,54,0,255,168,102,97,237,139,180,53,66,247,244,54,136,105,197,106,64,46,142,141,79,84,1,223,239,64,141,52,242,201,0,94,219,103,50,162,0,83,255,161,92,63,214,135,0,150,94,173,155,109,140,219,126,50,32,106,185,197,255,0,197,255,141,0,0,213,215,189,172,0,222,209,170,255,255,82,0,168,166,107,0,75,0,0,31,169,62,185,156,255,107,0,0,31,0,189,255,0,53,255,182,0,150,120,127,179,255
158,29,143,55,254,23,117,92,121,201,178,80,89,201,242,118,67,96,173,0,0,255,189,99,102,255,137,181,97,87,255,215,58,112,170,161,32,83,85,107,135,90,145,3,255,191,0,131,33,231,235,0,54,237,74,36,194,0,51,255,168,72,87,199,46,0,86,120,173,216,77,169,215,126,120,117,136,177,255,255,18,204,255,112,0,0,255,231,193,90,0,255,255,201,255,255,89,78,178,225,38,0,0,0,0,155,107,78,28,163,154,72,0,0,0,44,168,255,0,8,255,197,0,255,58,238,255,255
155,33,135,56,255,57,128,97,106,207,193,58,109,233,217,80,72,115,173,79,24,255,187,129,114,154,201,214,60,105,255,182,60,127,130,128,117,96,138,48,95,77,51,117,172,146,13,92,116,252,255,14,96,151,112,54,212,0,99,255,172,90,84,255,127,46,168,224,92,98,93,163,255,136,62,122,107,179,219,255,0,215,207,76,10,0,255,197,211,131,0,255,229,241,255,235,91,0,247,160,160,0,77,0,0,112,103,108,123,223,225,103,0,0,0,50,152,255,0,103,220,168,0,235,128,148,167,255
157,23,133,42,235,0,123,94,138,204,193,77,102,200,223,100,129,103,210,0,24,255,219,105,54,255,189,177,31,130,247,237,64,129,165,170,57,29,80,204,130,53,144,0,226,212,32,182,0,216,162,0,70,237,161,50,192,0,0,255,89,84,40,139,0,0,19,38,177,250,142,110,194,10,116,38,147,122,255,177,44,255,255,179,0,0,228,188,244,146,0,225,255,134,255,255,65,65,99,150,81,0,0,0,0,130,161,46,43,112,96,165,0,117,0,0,154,255,0,0,255,151,0,199,155,239,200,255
155,25,139,25,255,32,133,84,110,227,173,101,76,198,255,116,14,117,153,0,0,255,148,101,157,255,123,186,55,1,255,255,41,136,151,195,14,28,27,124,185,11,118,6,255,255,6,140,0,255,183,0,74,255,39,78,101,0,8,255,162,103,110,160,82,0,101,125,116,215,35,126,164,113,107,0,104,183,255,255,0,229,255,178,0,0,255,249,150,135,0,255,255,113,255,255,101,0,178,182,70,0,0,0,0,70,41,0,102,112,118,164,0,0,0,0,150,255,0,4,255,189,0,125,0,93,255,255
152,22,133,12,255,19,131,96,107,214,210,106,101,224,233,123,51,97,185,0,30,255,173,50,68,255,124,141,0,64,230,255,59,178,131,234,34,23,57,255,136,0,95,0,132,255,16,197,0,253,161,0,88,255,71,55,89,0,77,255,140,110,155,63,0,0,89,0,204,255,91,141,193,72,129,9,133,208,255,221,0,255,255,153,0,0,255,255,248,255,0,255,255,0,255,255,178,0,204,0,67,0,0,0,0,65,209,0,225,194,167,255,0,0,0,0,255,255,0,50,255,255,0,0,151,0,134,255
155,31,132,46,255,19,114,87,90,216,197,76,60,227,216,100,106,120,192,25,0,255,178,89,142,224,151,239,45,44,255,230,71,104,128,167,35,74,46,66,140,38,80,0,248,255,37,97,36,235,255,0,143,201,152,54,234,0,31,255,50,145,68,130,81,0,161,169,68,123,139,132,204,43,139,0,206,113,206,255,0,255,243,229,0,0,210,115,186,140,0,208,255,238,255,255,148,0,145,229,0,15,0,0,0,0,121,224,116,35,229,168,0,0,0,0,215,255,0,120,255,249,0,195,80,143,119,255
154,17,135,7,251,0,132,88,138,209,212,115,98,214,255,127,110,122,249,0,6,255,189,60,41,255,137,150,23,83,228,255,85,136,158,194,67,70,0,255,137,19,114,0,231,255,0,233,0,255,63,0,65,255,165,17,70,0,0,255,159,147,86,0,0,0,59,0,207,255,93,174,98,0,242,0,242,99,255,87,0,255,255,255,0,0,156,255,167,255,0,94,255,6,255,255,109,90,120,62,0,0,0,0,138,174,229,83,40,190,107,255,15,119,0,0,71,255,0,0,255,255,0,0,229,212,235,255
155,39,121,40,255,45,100,97,68,227,230,19,82,174,158,37,94,96,172,24,86,255,148,111,113,210,175,250,5,45,179,255,0,149,73,238,8,13,0,219,159,96,0,1,212,255,57,135,72,166,238,0,219,142,136,130,255,52,122,221,0,207,0,101,25,65,206,18,31,84,94,174,255,0,0,66,162,97,229,255,0,255,137,8,0,0,153,85,212,57,0,176,255,215,255,255,150,0,163,173,0,0,0,0,0,0,171,255,255,153,254,45,0,0,24,0,255,255,111,139,255,255,156,136,157,96,0,255
156,20,121,77,201,0,105,64,119,213,186,90,116,212,215,67,176,157,255,78,55,255,181,94,50,193,204,223,48,172,176,240,78,76,139,173,135,0,27,154,162,58,107,29,133,255,93,169,65,246,170,0,78,109,255,96,218,0,17,255,116,117,60,195,0,108,133,30,135,78,154,96,218,0,255,46,205,24,150,239,113,255,255,136,0,13,149,49,175,106,112,44,255,144,124,255,83,0,114,193,159,0,85,123,80,46,255,105,45,0,255,207,40,67,120,0,114,255,0,188,233,204,20,66,244,255,122,255
154,19,128,71,213,3,108,71,135,208,183,91,91,189,187,87,107,125,238,56,35,255,166,82,85,208,169,183,54,127,155,249,63,84,120,184,88,0,30,172,100,88,124,14,210,255,54,153,27,255,127,0,58,188,176,28,171,0,30,255,120,37,0,191,33,12,150,17,187,184,164,101,174,59,255,21,174,67,169,140,26,251,255,182,0,9,172,80,185,32,72,111,255,112,188,255,170,0,169,214,98,0,0,65,8,91,191,145,90,71,255,180,57,78,99,0,61,204,0,164,230,150,0,111,196,255,109,255
157,21,150,7,255,0,110,93,130,221,218,125,89,177,197,126,57,103,255,0,77,255,144,42,29,255,101,190,62,34,176,255,83,161,125,235,0,87,0,255,113,90,14,0,255,249,43,217,0,191,62,0,218,255,125,31,129,0,70,255,185,192,37,0,0,0,118,0,237,255,85,255,0,28,31,0,172,8,255,20,0,255,255,173,0,0,107,255,236,248,0,111,255,49,255,255,0,0,42,171,0,0,0,0,48,161,255,126,255,226,81,222,93,0,0,19,255,255,0,0,255,255,0,0,57,0,77,255
168,35,165,59,249,21,133,82,102,221,148,52,99,189,138,118,73,105,156,29,0,255,148,110,34,255,147,102,158,31,248,239,103,131,83,246,0,2,72,175,101,215,57,92,184,255,54,128,16,243,0,45,107,217,77,102,139,57,107,240,150,187,76,54,2,5,64,122,192,94,191,112,246,0,32,99,60,61,180,66,81,255,145,120,92,0,59,207,98,119,0,100,255,214,242,255,106,0,53,253,0,0,2,188,140,137,15,95,99,255,0,141,85,0,87,12,32,219,0,0,255,12,109,240,78,255,87,255
168,39,156,17,255,47,118,108,160,233,234,70,58,247,216,99,84,151,194,6,0,255,226,0,13,255,213,185,131,1,179,255,130,148,114,229,225,202,93,142,139,118,62,0,255,255,92,234,0,172,30,18,204,255,74,34,63,0,177,255,255,255,80,0,0,0,220,14,239,56,0,255,254,111,0,44,15,64,255,124,0,242,106,113,0,0,134,255,57,120,0,204,255,219,255,226,0,46,85,0,0,0,0,0,0,170,151,189,255,196,198,0,0,0,0,0,210,255,127,19,255,255,0,111,189,51,74,255
171,22,186,13,255,0,101,111,154,224,255,129,124,212,192,153,31,78,255,0,0,255,255,0,0,255,147,76,158,58,148,255,95,168,146,218,127,192,0,255,0,218,93,0,255,128,72,254,0,127,22,0,255,255,0,0,118,13,114,255,255,255,0,0,0,44,182,0,255,255,213,255,0,0,0,0,86,0,92,0,203,255,82,203,0,0,36,255,255,255,0,240,255,92,255,255,0,206,0,130,0,0,0,0,255,255,255,255,239,255,1,245,95,255,0,100,158,255,32,30,255,255,0,113,131,98,62,255
159,29,149,40,252,10,111,87,127,209,209,106,68,188,218,119,74,127,245,11,10,255,160,77,55,255,155,232,105,84,236,255,63,135,113,158,55,88,25,176,172,115,106,0,255,255,81,128,0,125,103,0,189,255,72,53,207,25,56,255,158,106,43,3,29,0,68,0,255,249,48,158,62,80,88,7,135,16,208,175,0,255,255,182,0,0,158,255,245,179,0,154,255,255,255,255,0,13,42,231,16,0,0,0,43,78,176,166,166,54,203,59,105,0,0,3,120,255,0,0,255,215,0,81,212,165,164,255
156,25,144,0,255,0,100,83,113,207,224,123,66,192,196,116,103,109,242,0,83,255,154,65,15,255,159,255,30,103,252,255,95,160,66,152,83,73,0,255,158,103,0,0,255,244,91,142,0,103,100,0,209,255,204,34,159,0,49,255,103,151,29,0,0,0,55,0,229,255,30,131,32,0,26,0,219,0,187,201,0,255,255,191,0,0,90,255,245,255,0,128,255,255,255,255,0,0,57,233,0,0,0,0,87,0,228,65,199,0,170,168,99,35,0,0,255,255,0,0,255,255,0,19,250,0,0,255
164,38,165,51,249,12,86,62,92,171,220,54,68,182,207,97,71,125,182,56,37,255,141,103,43,250,184,255,130,82,180,213,95,118,127,143,54,72,56,194,168,149,39,0,209,255,74,58,23,148,171,7,154,243,56,52,221,87,84,255,143,104,0,64,63,94,124,0,246,192,35,104,115,117,11,65,184,4,170,255,74,255,151,118,87,0,93,255,199,163,0,156,219,255,255,255,79,0,130,203,0,0,0,0,121,61,105,137,139,38,182,72,92,79,0,80,175,232,0,0,153,202,0,149,197,124,0,255
154,36,131,27,255,69,132,94,74,214,207,80,47,247,205,80,55,136,167,40,33,255,149,86,106,255,111,255,52,94,246,227,54,169,41,191,127,53,51,70,196,88,0,85,135,233,76,70,69,196,255,0,201,148,206,77,206,0,136,255,65,74,116,123,133,0,237,152,125,88,0,166,255,16,0,0,64,142,188,255,0,255,157,138,17,0,255,252,160,120,0,255,255,255,255,255,125,0,255,67,0,0,0,0,0,0,62,134,255,154,254,115,0,0,0,27,255,255,0,119,255,254,16,127,255,0,24,255
155,35,135,10,255,66,133,99,76,225,171,119,46,234,193,106,72,135,137,0,47,255,135,81,88,255,104,255,1,82,255,217,75,199,0,212,36,56,42,145,201,59,0,5,163,253,75,136,42,176,239,0,188,231,206,123,191,0,129,255,43,147,140,45,76,0,183,121,139,125,0,137,255,0,18,39,79,165,195,255,0,255,228,135,0,0,255,224,138,163,0,191,255,255,255,255,78,0,221,140,0,16,0,0,0,0,86,101,255,161,193,125,0,0,0,45,255,255,0,35,255,255,0,32,255,0,45,255
162,38,156,45,255,23,93,67,94,188,216,75,46,197,183,72,52,101,182,40,46,255,168,97,28,255,154,255,142,116,247,200,52,118,45,165,93,72,97,146,166,138,11,0,238,255,120,56,59,88,152,79,211,233,103,18,221,16,54,255,91,93,11,42,115,27,77,24,230,189,0,185,202,28,0,100,131,4,168,255,7,255,185,139,16,0,100,255,194,161,0,144,191,255,228,255,78,0,77,204,0,0,0,0,47,0,112,69,231,119,178,0,117,0,0,89,255,255,0,0,252,220,0,126,162,109,17,255
154,37,142,32,255,63,135,106,100,210,179,109,52,242,211,88,48,121,154,0,32,255,185,91,39,255,158,255,37,176,255,164,78,170,22,167,117,106,146,85,154,110,0,77,144,160,99,111,124,159,250,51,169,182,187,114,219,0,140,255,101,14,122,214,136,0,196,188,224,85,0,150,255,0,0,55,49,130,137,255,0,255,255,111,0,0,255,255,142,191,0,234,255,255,255,255,0,0,214,150,33,11,12,0,0,3,91,119,255,204,223,19,0,0,0,69,255,255,0,34,255,227,0,227,255,0,67,255
155,35,140,37,255,52,114,107,100,196,196,106,51,228,201,92,31,117,181,14,46,255,170,64,29,255,184,255,66,161,255,163,91,164,10,177,115,113,111,108,135,118,15,0,164,208,124,93,85,141,240,24,172,201,154,105,210,11,133,255,100,13,72,160,128,0,200,95,202,150,0,143,255,10,0,31,97,108,130,255,0,255,215,90,0,0,250,255,149,159,0,249,255,255,255,255,63,0,202,158,56,0,10,0,0,12,107,117,250,122,202,1,0,0,0,114,255,255,0,0,247,243,0,145,255,0,65,255
159,32,146,51,246,41,125,100,107,200,173,109,50,225,184,127,89,137,171,33,39,255,183,73,28,247,144,255,100,168,248,141,116,152,62,188,88,49,173,148,133,112,80,0,143,209,119,130,70,141,196,35,148,174,161,117,231,12,98,255,69,27,101,156,60,25,93,69,209,141,3,111,213,17,113,75,83,109,113,255,38,255,255,153,4,0,201,220,176,118,0,186,246,255,151,255,17,0,205,228,113,18,42,0,24,12,78,92,158,117,120,30,42,0,0,22,255,255,0,0,215,107,0,141,255,53,41,255
168,39,179,108,239,3,53,74,105,116,140,66,91,121,194,132,170,179,111,0,10,255,91,115,67,219,255,183,222,144,232,78,103,111,155,104,59,92,70,75,174,226,139,40,121,118,147,36,38,127,180,105,69,80,0,96,181,134,45,250,75,57,35,176,107,161,129,155,255,140,119,0,57,188,95,157,16,75,64,224,139,255,117,54,116,17,225,255,244,81,128,193,255,255,64,188,58,74,193,239,148,121,0,39,77,108,28,255,52,0,255,76,95,161,0,190,192,72,0,0,0,255,0,255,255,255,138,255
158,33,170,36,255,8,93,87,121,202,185,125,80,182,214,127,89,149,206,4,30,255,142,86,0,255,170,255,131,123,227,163,129,222,44,169,58,156,55,218,121,195,65,0,236,219,154,142,5,129,73,9,172,255,79,117,191,46,46,255,116,64,12,0,22,48,20,63,255,255,8,67,13,44,67,36,138,25,120,255,49,255,255,167,0,60,120,255,255,255,0,88,214,255,240,255,0,0,201,255,17,0,0,0,103,34,169,215,152,10,219,0,113,0,0,95,222,243,0,0,254,135,0,170,255,63,51,255
162,38,151,15,255,57,73,77,90,216,146,101,0,220,150,104,121,99,158,70,34,255,144,91,120,255,59,255,124,88,248,223,128,190,0,216,61,63,48,206,104,187,0,0,255,255,78,142,22,25,255,65,188,193,251,80,255,0,150,255,0,208,38,0,126,61,108,16,78,255,0,124,170,0,33,80,184,44,202,253,41,255,255,28,0,0,83,153,205,230,0,108,136,255,219,209,0,0,157,209,0,0,0,0,120,21,1,44,205,255,82,31,65,0,0,134,255,255,0,0,255,107,0,223,100,101,44,255
160,35,161,44,255,66,122,95,103,199,155,129,0,238,184,137,38,165,156,62,39,255,150,77,24,255,106,255,152,144,255,160,163,193,0,211,69,119,120,122,102,189,13,0,252,220,95,135,129,118,174,64,174,221,216,95,231,44,99,255,78,40,120,117,168,5,133,122,247,156,4,129,163,41,77,13,151,87,79,255,3,255,248,164,0,0,137,255,153,195,0,111,181,255,161,255,0,0,223,255,49,47,120,68,20,149,59,230,115,144,216,40,121,0,0,30,255,245,0,0,255,85,0,168,255,44,55,255
158,30,162,10,255,66,112,109,114,233,160,174,48,255,197,178,93,204,175,36,81,255,122,57,34,255,128,255,92,95,218,129,207,247,0,189,46,180,57,187,108,111,0,0,212,193,152,221,0,152,159,9,170,255,224,152,188,12,129,255,148,120,80,0,14,17,150,92,255,227,28,142,108,0,56,0,224,97,82,255,0,255,248,184,0,50,162,255,170,255,0,162,238,255,255,255,0,24,255,211,54,0,28,0,13,242,156,255,106,86,56,164,107,0,0,53,255,255,0,0,255,166,0,4,255,0,45,255
158,30,158,3,255,31,109,97,124,204,181,132,42,227,193,139,79,153,190,0,44,255,176,82,8,255,68,255,73,136,251,204,164,227,0,206,67,136,6,255,118,144,0,0,255,208,139,209,0,143,90,0,173,255,241,165,151,0,114,255,114,88,53,0,7,0,85,3,255,255,0,142,61,0,24,0,253,26,156,223,10,255,255,151,0,0,72,255,137,255,0,73,234,255,255,255,0,0,205,202,0,0,0,0,93,192,129,183,136,157,73,155,146,0,0,64,255,255,0,0,255,112,0,68,218,0,60,255
157,27,153,0,255,21,98,100,114,215,200,150,57,220,199,140,57,125,200,0,82,255,108,31,57,255,73,255,33,65,246,216,140,255,0,196,0,155,0,255,151,103,0,0,255,255,116,219,0,130,134,0,149,255,235,144,137,3,131,255,140,186,64,0,0,0,123,0,248,255,0,226,53,0,0,0,255,45,178,201,0,255,255,119,0,0,114,255,211,255,0,154,255,201,255,255,0,0,127,86,0,0,0,0,59,236,189,111,236,222,13,233,102,0,0,183,255,255,0,0,255,255,0,0,133,0,88,255
156,24,147,0,255,8,113,103,141,193,203,146,115,224,240,138,83,127,188,0,52,255,153,25,0,255,117,255,0,129,255,168,130,250,12,156,0,130,0,255,183,27,30,0,192,243,80,255,0,191,73,0,108,255,169,185,66,0,101,255,165,95,54,0,0,0,102,0,255,255,0,150,181,0,0,0,255,67,209,238,0,255,255,114,0,25,183,255,87,255,0,137,255,169,255,255,0,109,161,0,0,0,0,0,93,255,232,50,235,162,0,255,3,0,0,185,255,255,0,0,255,255,0,0,255,0,206,255
159,31,153,9,255,42,114,104,119,225,174,135,54,255,195,151,88,155,176,1,64,255,180,93,0,255,131,255,26,125,240,164,167,237,0,193,17,122,59,255,117,102,19,0,237,255,132,214,21,135,141,1,136,255,202,182,174,0,88,255,93,86,60,0,0,0,75,22,255,255,0,108,120,0,78,25,215,89,160,255,0,255,255,176,0,0,152,255,126,255,0,116,255,255,255,255,0,0,201,206,13,0,0,0,83,173,137,203,148,111,27,101,58,0,0,14,255,255,0,0,255,105,0,0,255,0,110,255
157,32,164,20,255,44,119,104,113,193,176,126,61,213,228,178,66,179,177,0,17,255,165,94,47,255,126,255,123,85,233,191,176,199,76,163,95,114,3,176,164,168,25,0,206,191,68,150,0,134,72,0,161,255,101,144,170,119,142,255,140,15,68,3,66,0,164,101,255,228,0,147,97,53,0,0,161,62,145,255,0,255,255,128,0,0,172,255,172,231,0,116,255,255,255,255,0,23,210,226,24,0,0,0,55,177,45,255,151,11,252,101,84,0,0,45,255,255,0,0,255,118,0,87,255,0,162,255
158,28,160,3,255,34,100,100,127,214,179,154,65,209,189,138,79,159,195,0,43,255,146,79,9,255,86,255,93,119,226,193,146,255,0,219,70,135,0,255,170,173,36,0,255,228,134,205,0,148,38,0,149,255,179,147,81,20,121,255,177,74,38,0,0,0,125,5,255,255,0,159,76,0,48,0,200,0,167,144,44,255,255,114,0,14,136,255,124,255,0,84,255,210,255,255,0,0,195,162,0,0,0,0,19,161,179,172,150,187,61,141,131,0,0,100,255,255,0,0,255,151,0,103,246,0,54,255
158,31,146,31,255,38,89,72,94,186,166,95,40,182,199,125,68,132,175,41,11,255,89,74,103,255,103,233,147,51,230,213,110,177,42,170,35,96,0,149,213,164,21,0,255,255,58,119,0,157,70,1,147,250,151,64,222,94,110,255,72,117,71,5,86,0,119,52,215,130,0,64,177,86,95,41,154,72,183,255,0,255,237,65,0,0,135,255,156,120,0,114,234,255,255,255,0,0,223,254,0,0,0,0,0,87,155,71,124,52,199,67,122,0,0,78,255,255,0,14,231,238,0,94,220,98,74,255
165,38,169,68,246,36,71,77,91,157,180,78,68,158,195,111,95,142,177,61,68,255,109,76,18,235,241,255,189,121,174,70,105,157,85,136,78,153,84,119,190,235,66,0,154,204,168,68,74,116,170,76,138,140,53,84,255,118,61,255,131,72,0,153,123,113,169,71,255,125,60,109,163,139,0,145,68,7,129,255,126,255,147,28,87,29,165,255,246,117,0,200,218,255,101,255,72,0,129,255,6,0,12,0,41,109,115,254,79,41,209,0,102,0,0,146,255,198,0,9,5,248,0,211,255,128,98,255
157,29,155,7,255,47,118,117,114,208,182,163,55,233,218,156,30,156,165,0,67,255,131,57,19,255,156,255,60,111,255,139,164,247,0,157,35,158,0,201,164,128,21,0,238,252,97,175,0,130,135,0,122,255,149,154,134,79,119,255,113,50,82,0,18,0,171,38,255,255,0,164,145,0,0,0,204,117,97,255,0,255,255,128,0,35,196,255,132,255,0,186,255,255,255,255,0,19,217,191,30,0,0,0,32,207,133,222,218,89,104,171,67,0,0,85,255,255,0,0,255,225,0,0,255,0,142,255
165,35,167,57,249,46,67,94,107,155,165,104,59,143,180,109,127,150,156,31,60,255,130,45,31,255,202,248,179,155,179,73,124,190,58,146,90,174,40,142,211,225,89,0,117,168,212,141,0,125,115,106,144,155,58,127,214,83,61,255,139,70,32,117,91,88,162,57,255,119,84,45,164,97,0,119,46,0,123,169,110,255,197,0,78,69,222,255,241,165,0,241,255,255,115,255,0,153,169,247,37,0,0,0,0,186,175,255,102,83,114,79,98,34,0,174,255,170,0,30,94,255,0,145,255,50,162,255
158,29,158,44,254,76,124,110,119,179,154,150,15,237,203,144,29,184,158,56,55,255,190,47,0,247,219,255,136,162,209,82,187,182,0,185,124,185,94,21,116,139,89,69,137,133,143,128,152,148,164,85,213,108,129,107,231,96,107,255,60,0,117,244,219,28,208,151,255,12,73,110,244,20,63,37,67,63,42,255,0,255,245,104,2,61,255,255,149,255,0,255,195,255,108,255,0,73,255,255,173,91,97,0,0,170,151,255,177,145,223,90,0,0,24,24,255,255,0,0,207,196,0,193,255,0,204,255
168,41,173,102,235,9,66,80,105,142,194,55,79,133,181,93,100,140,155,37,33,255,104,104,59,211,239,215,218,143,202,134,65,107,133,138,85,41,182,68,152,228,81,5,102,133,178,0,86,100,188,85,176,82,40,92,237,109,84,255,147,36,0,196,176,220,113,74,255,163,85,72,108,164,75,197,35,0,135,250,139,255,158,121,83,17,236,255,255,116,56,146,255,255,0,229,10,29,102,255,212,102,106,112,51,78,132,210,66,160,232,12,146,101,18,172,156,111,0,2,19,198,0,255,219,255,37,255
168,38,169,72,234,13,81,77,111,145,212,78,57,153,187,106,110,144,185,56,39,255,156,84,24,248,235,254,203,128,215,138,102,126,95,127,98,98,120,93,177,214,50,0,205,179,145,71,38,96,160,44,185,148,95,47,254,114,67,255,140,58,9,78,135,126,124,54,255,173,51,103,134,148,11,108,92,4,112,255,121,255,119,112,112,43,205,255,255,122,0,171,236,255,80,255,0,6,124,219,126,66,45,0,105,68,119,223,121,56,184,0,98,87,0,109,206,233,0,0,15,193,0,228,218,139,34,255
165,35,166,62,240,43,109,99,111,188,184,106,44,203,198,113,77,165,171,61,53,255,206,60,0,243,224,255,183,174,202,85,110,183,36,168,118,113,174,99,102,160,75,0,181,138,147,104,112,90,201,78,191,162,138,68,255,63,49,255,61,34,72,146,124,170,80,79,255,149,81,133,196,65,34,109,87,53,43,255,117,255,237,198,7,23,208,255,253,247,0,225,198,255,54,255,0,79,174,255,82,51,131,35,98,79,113,255,139,70,173,12,39,0,0,17,158,207,0,0,142,200,0,218,255,102,149,255
169,41,168,92,229,0,74,89,116,143,209,43,76,169,173,101,132,143,160,40,27,255,159,97,6,223,255,237,206,155,230,98,96,92,113,103,62,54,164,110,121,161,74,0,181,189,140,41,28,84,179,79,219,122,61,78,255,78,41,255,58,20,0,115,64,198,40,68,255,155,99,3,94,109,87,155,134,60,56,255,151,255,140,194,123,38,191,255,255,84,13,134,245,255,25,255,0,31,169,255,163,189,98,2,176,44,122,213,92,0,189,0,144,157,0,140,217,181,58,0,35,173,0,218,135,255,0,255
164,32,161,25,252,4,93,91,126,204,210,121,71,191,190,108,99,126,202,30,30,255,182,67,0,255,176,255,100,143,216,151,139,215,29,142,94,133,80,255,126,167,49,0,225,235,119,129,0,63,126,23,201,255,141,64,206,0,56,255,120,109,46,0,0,66,26,0,255,255,33,123,50,25,13,65,145,22,120,176,115,255,255,231,0,0,100,255,255,255,0,138,194,255,170,255,0,0,120,215,0,0,0,0,178,30,161,161,240,129,62,23,46,49,0,0,222,241,9,0,255,220,0,113,241,43,30,255
163,30,149,89,224,0,101,105,112,163,163,107,111,140,207,107,123,167,196,87,10,255,154,84,22,226,231,212,170,205,201,90,94,168,91,140,127,76,116,118,147,157,112,25,99,171,118,57,87,142,169,43,192,106,112,138,255,48,0,189,104,78,59,205,47,185,41,72,208,101,76,14,118,95,186,126,50,119,107,255,130,255,254,119,46,59,255,255,255,165,95,144,193,255,0,246,0,0,205,179,255,111,32,0,228,2,108,195,49,122,152,75,0,84,2,1,137,153,0,0,108,209,0,177,255,255,155,255
166,37,162,60,243,11,82,90,106,202,184,106,68,183,155,102,133,136,220,90,26,255,179,74,30,255,148,224,150,156,199,177,129,160,47,189,66,65,123,218,76,188,26,0,206,231,88,83,0,68,135,37,203,255,134,64,231,0,41,255,129,129,63,0,53,163,54,9,213,179,148,117,98,50,118,74,160,15,160,121,116,255,207,206,0,0,104,255,255,235,0,63,215,255,38,255,0,0,68,233,15,0,18,79,148,64,152,174,120,150,178,82,48,83,0,0,170,255,18,0,255,239,0,211,224,199,0,255
155,32,144,41,255,65,132,94,96,215,156,120,60,247,164,111,95,140,171,66,37,255,155,56,54,230,110,255,51,114,239,136,108,195,0,210,77,87,95,139,117,123,0,0,175,240,113,133,112,164,255,52,139,154,222,122,238,0,133,255,72,103,113,99,124,61,134,107,169,94,51,74,255,38,46,48,99,178,80,255,0,255,238,176,17,0,159,191,175,201,0,161,229,255,200,255,0,0,240,209,81,80,79,0,0,57,135,156,208,223,255,116,0,0,33,40,255,255,0,37,179,94,29,130,246,0,86,255
161,30,167,29,255,78,129,122,116,208,148,184,34,255,220,187,17,209,154,45,82,255,159,18,0,254,227,255,139,161,193,2,200,255,0,153,39,213,116,102,114,112,113,9,144,172,137,156,111,122,162,104,176,204,96,180,251,122,107,255,92,17,140,197,86,47,182,95,255,91,78,90,221,38,84,37,72,107,0,255,0,255,255,161,0,66,255,255,192,255,0,255,222,255,111,255,0,160,255,238,161,84,75,0,53,255,164,255,180,135,147,78,0,0,0,52,222,255,0,0,166,255,0,70,255,0,229,255
155,31,141,0,255,51,118,111,101,213,184,144,55,245,190,136,63,138,151,0,78,255,130,51,43,255,132,255,5,109,255,172,133,236,0,176,35,103,23,207,198,80,0,0,196,255,78,153,0,139,178,0,148,255,225,124,150,0,111,255,123,99,97,0,11,0,177,62,222,255,0,177,248,0,0,0,157,120,183,255,0,255,252,117,0,0,255,255,107,238,0,189,255,255,255,255,37,0,176,90,0,0,0,0,0,123,128,75,237,111,121,126,0,0,0,47,255,255,0,0,255,255,0,0,255,0,46,255
161,27,169,0,255,2,105,84,115,219,211,160,40,219,203,162,49,142,249,3,51,255,171,33,40,255,25,255,108,81,241,255,186,255,39,209,49,188,0,255,54,128,0,0,255,200,68,187,0,172,2,0,197,255,239,123,93,4,135,255,183,210,42,0,0,0,155,0,255,255,0,239,12,0,0,0,255,0,190,155,48,255,255,163,0,62,27,255,184,255,0,127,255,183,255,255,0,0,156,80,0,0,0,0,137,220,225,105,183,255,0,255,230,61,0,206,255,255,0,0,255,212,0,53,82,0,0,255
161,30,156,65,227,0,110,90,111,140,151,100,52,169,205,143,128,175,163,34,0,255,145,88,41,254,216,219,151,188,255,125,129,135,123,86,87,65,89,89,193,133,113,25,178,157,84,34,71,173,156,27,151,119,127,82,254,18,9,255,1,26,50,121,73,59,53,154,255,106,26,0,146,46,203,45,59,93,7,255,103,255,255,144,68,52,255,255,225,157,0,172,206,255,121,255,0,52,246,255,156,216,77,0,194,1,52,107,80,0,255,120,51,21,0,9,144,214,0,0,105,180,0,186,255,141,61,255
157,32,160,33,255,78,131,113,118,202,144,144,27,255,220,162,40,204,153,31,62,255,176,92,3,255,215,255,104,157,218,68,179,221,0,143,106,158,96,41,123,130,46,106,169,141,126,143,128,165,170,82,205,137,154,184,230,97,131,255,63,0,98,248,177,8,213,208,255,58,24,110,243,0,47,0,94,86,61,255,0,255,255,132,0,45,255,255,175,255,0,255,207,255,122,255,0,28,255,255,132,75,106,0,0,172,64,255,173,86,249,65,0,0,0,0,245,255,0,0,255,159,0,194,255,0,174,255
158,34,150,34,254,52,120,81,94,202,163,109,15,198,191,114,53,142,178,47,18,255,146,87,53,255,138,255,119,100,255,179,105,174,15,183,107,111,57,62,161,197,13,7,227,237,112,77,109,134,165,76,186,156,196,59,226,28,68,255,94,65,95,128,202,0,116,135,187,156,0,123,179,18,1,23,65,68,164,255,0,255,255,187,0,0,176,255,174,188,0,150,209,255,237,255,0,0,172,255,0,0,0,0,0,0,32,181,141,83,255,0,53,0,0,0,233,255,0,0,224,82,0,240,255,64,101,255
159,34,153,24,255,28,107,114,118,212,192,119,79,227,198,118,64,135,175,19,57,255,160,56,0,255,251,255,51,142,242,98,103,229,17,133,19,170,93,196,105,94,6,0,244,255,140,140,0,97,189,34,177,255,109,95,216,12,61,255,59,93,70,0,17,19,46,0,255,237,67,98,152,36,1,47,180,128,69,255,0,255,255,255,0,12,199,255,243,255,0,213,173,255,255,255,0,2,145,169,19,37,0,0,134,107,164,248,255,73,95,56,0,0,0,40,255,255,0,0,255,255,0,15,255,0,138,255
159,36,161,16,255,68,123,92,91,231,162,134,4,246,189,151,40,170,173,54,45,255,148,81,52,255,103,255,97,89,255,177,169,231,0,194,38,128,87,172,130,176,0,0,255,255,113,139,94,126,149,63,166,255,215,157,198,69,102,255,116,71,96,49,125,0,140,120,230,200,0,122,157,30,30,0,170,44,125,255,0,255,255,196,0,0,138,255,150,217,0,149,236,255,252,255,0,0,168,255,0,0,13,3,0,119,58,232,132,65,163,0,92,0,0,0,255,255,0,0,255,99,0,140,255,0,42,255
160,35,151,21,255,32,109,69,93,193,186,98,12,193,187,103,64,119,179,31,24,255,174,84,75,255,128,255,138,98,255,235,117,140,18,174,88,93,45,109,171,174,0,0,255,255,62,75,45,126,153,72,173,222,181,48,212,60,59,255,57,95,27,27,167,0,117,126,157,201,0,130,156,32,0,0,168,0,220,255,0,255,219,120,0,0,140,255,146,130,0,195,229,255,255,255,15,0,126,248,0,0,0,0,0,0,28,107,168,28,97,9,92,0,0,0,255,255,0,0,255,101,0,226,202,52,0,255
155,26,132,0,255,13,108,110,110,214,236,146,92,255,233,126,82,99,181,0,138,255,145,28,0,255,164,255,0,97,255,195,89,255,0,174,0,157,0,255,201,0,0,0,229,255,102,255,0,136,191,0,99,255,231,116,102,0,95,255,121,151,90,0,0,0,157,0,255,255,0,250,212,0,0,0,255,159,226,255,0,255,255,92,0,0,254,255,103,255,0,255,255,217,255,255,212,0,146,0,0,0,0,0,2,145,199,72,255,131,0,255,0,0,0,177,255,255,0,0,255,255,0,0,255,0,123,255
157,28,151,0,255,16,112,97,117,218,208,142,72,222,220,138,77,144,201,0,57,255,153,74,5,255,140,255,40,110,251,218,127,251,30,169,44,121,0,255,165,117,47,0,244,255,104,186,0,132,69,0,174,255,148,116,146,12,60,255,145,82,56,0,0,0,69,0,255,255,0,133,86,0,16,0,216,50,205,255,0,255,255,181,0,0,152,255,175,255,0,127,255,255,255,255,0,0,158,153,0,0,0,0,70,82,160,165,193,70,99,127,64,0,0,0,255,255,0,0,255,202,0,0,255,0,77,255
161,34,164,35,255,12,73,89,118,191,220,101,70,182,197,100,84,148,222,42,68,255,124,52,0,255,199,255,161,135,203,166,116,221,30,183,85,146,24,247,126,208,38,0,255,255,156,147,0,121,142,14,165,255,111,63,181,59,52,255,119,106,0,0,0,76,124,0,255,255,22,150,25,55,0,0,193,0,137,210,91,255,187,69,0,66,81,255,236,225,0,170,232,255,255,255,0,0,179,205,0,0,0,0,40,106,172,201,159,63,117,43,191,0,0,155,255,246,16,0,219,196,0,123,255,35,0,255
159,34,157,70,253,55,105,86,93,186,145,125,60,170,207,121,78,160,152,39,1,255,145,92,76,255,142,250,156,117,217,120,91,177,51,216,118,124,84,88,146,164,77,51,131,160,181,145,115,157,132,81,110,149,79,164,208,89,113,255,113,38,125,229,165,57,120,145,254,77,36,79,202,91,119,90,71,79,75,255,35,255,252,112,0,0,219,255,202,216,0,142,191,255,127,220,0,0,217,255,156,0,53,79,38,54,94,255,91,96,255,80,0,0,26,63,184,203,0,46,197,163,0,225,255,166,203,255
157,28,159,46,253,40,106,111,127,178,161,151,79,186,211,134,61,172,164,23,36,255,121,64,7,255,254,255,116,145,231,66,153,232,10,153,100,137,59,150,160,148,124,15,155,209,147,151,44,167,171,27,108,196,44,163,190,112,104,255,80,43,30,166,97,66,133,80,255,149,77,68,185,73,78,59,76,138,45,255,24,255,255,15,57,141,255,255,206,255,0,250,207,255,151,255,0,0,255,208,222,93,87,0,78,156,146,223,157,122,214,133,23,0,28,103,197,255,0,10,114,140,0,142,255,0,195,255
159,36,146,48,255,41,107,97,104,191,172,85,60,209,190,77,66,118,158,58,34,255,187,101,21,254,194,255,85,178,231,139,93,166,10,158,121,117,92,132,126,154,38,0,170,208,117,82,120,121,227,83,168,136,151,102,255,0,91,255,79,111,38,199,135,92,95,58,166,114,20,76,225,35,42,127,116,113,161,255,0,255,255,105,8,0,202,190,198,195,0,177,168,255,119,253,6,0,142,192,34,10,80,0,40,50,93,164,166,254,211,1,0,0,0,13,255,255,0,0,227,193,0,255,255,145,154,255
181,39,172,47,249,34,60,73,59,255,137,136,67,224,156,133,134,161,240,211,97,255,187,122,79,255,115,255,104,178,98,160,144,255,23,145,19,50,140,255,5,210,0,0,255,255,76,138,0,23,190,62,135,206,199,74,219,0,78,235,65,138,28,61,23,209,151,0,187,255,68,88,81,114,213,99,187,1,159,204,110,255,255,147,10,0,85,170,183,255,0,171,157,112,29,255,0,0,82,160,136,0,134,126,255,64,124,112,255,179,0,126,0,80,152,76,126,203,0,0,255,217,0,228,139,74,162,255
154,20,149,0,254,0,113,76,132,195,179,149,73,184,204,108,96,130,234,0,15,255,146,58,21,255,127,247,54,84,255,255,131,208,15,210,66,114,0,229,111,112,42,0,255,255,84,163,0,227,45,0,175,255,206,41,112,0,26,255,99,186,42,0,0,0,15,0,184,255,2,78,0,0,88,0,219,77,171,156,0,255,255,221,0,46,109,255,221,255,0,54,225,198,255,255,0,0,150,154,0,0,0,0,167,36,202,84,155,182,185,255,89,0,0,0,250,255,0,0,255,145,0,125,119,0,61,255
155,31,146,5,255,58,126,116,94,223,181,157,59,254,222,143,30,155,152,0,69,255,114,58,32,255,167,255,38,78,255,179,138,255,0,181,22,161,29,160,135,120,8,0,216,255,62,161,0,151,172,0,149,255,154,83,135,51,150,255,135,85,100,40,31,0,176,67,255,255,0,148,157,43,0,0,178,168,129,255,0,255,255,168,0,0,251,255,146,255,0,239,248,255,255,255,78,0,255,82,38,22,0,0,0,111,121,245,255,116,118,144,0,0,0,0,255,255,0,0,255,247,0,40,255,0,0,255
154,36,147,35,255,88,143,122,94,216,158,129,61,255,213,147,98,195,140,16,29,255,198,85,46,226,127,255,25,177,251,75,148,225,0,162,65,81,143,101,144,83,24,118,49,178,143,184,134,212,227,42,151,118,193,220,238,17,138,255,46,0,159,185,59,7,255,198,255,89,0,50,255,0,36,18,64,232,57,255,0,255,255,111,38,44,255,255,68,205,0,173,255,255,255,255,3,0,255,49,158,37,66,0,0,45,69,239,244,195,173,131,0,0,75,171,255,255,0,0,185,127,29,55,255,0,210,255
154,26,136,0,255,35,124,86,114,196,167,140,31,255,201,131,116,160,186,0,24,255,170,72,67,255,58,255,0,82,255,219,143,244,0,187,58,75,0,188,205,78,0,0,231,255,126,216,49,228,129,0,90,255,255,190,146,0,136,255,74,142,102,0,0,0,164,53,199,224,0,46,235,0,80,0,224,99,121,255,0,255,255,74,0,38,119,147,0,238,0,39,255,255,255,255,0,0,237,79,0,0,0,0,79,190,124,104,98,175,137,255,130,0,0,148,255,255,0,0,255,42,0,42,238,0,208,255
157,15,155,0,255,0,105,93,152,219,228,172,121,237,255,157,56,136,245,0,105,255,161,34,0,255,101,255,0,100,219,219,175,255,35,191,0,227,0,255,85,17,18,0,255,245,95,255,0,255,30,0,118,255,235,168,0,0,66,255,175,213,33,0,0,0,109,0,255,255,0,237,0,0,0,0,255,66,237,102,0,255,255,191,0,67,131,255,182,255,0,210,255,0,255,255,8,0,245,0,0,0,0,0,162,255,255,126,255,255,0,255,10,89,0,179,255,255,0,0,255,255,0,0,135,0,64,255
157,29,152,13,255,33,126,106,115,206,179,153,58,219,215,152,40,152,177,0,41,255,142,56,17,255,184,255,75,114,255,146,149,249,18,172,56,126,29,188,164,133,75,0,224,255,69,150,17,146,127,0,105,255,105,149,164,90,92,255,114,50,69,43,39,0,109,61,255,255,0,139,183,43,36,0,182,110,127,255,0,255,255,132,0,26,208,255,161,255,0,197,255,255,255,255,0,0,161,177,97,1,0,0,59,134,96,167,162,75,165,103,25,0,0,4,250,255,0,0,255,142,0,77,255,0,143,255
155,35,147,19,255,63,139,111,104,220,169,128,44,249,224,122,51,163,158,0,49,255,175,77,29,255,165,255,48,144,255,153,107,200,0,156,49,119,92,70,137,102,0,54,195,209,99,142,97,173,223,32,184,215,187,112,207,12,75,255,73,43,121,112,89,0,143,174,235,134,0,96,255,0,0,22,94,170,109,255,0,255,255,188,0,0,255,255,123,201,0,186,255,255,255,255,0,0,255,195,14,75,59,0,0,41,50,211,249,56,226,15,0,0,0,7,255,255,0,0,255,187,0,88,255,0,162,255
153,33,138,0,255,55,106,109,103,214,177,123,39,255,186,116,76,134,155,0,75,255,149,83,35,255,119,255,0,108,255,191,130,234,0,204,46,112,0,177,162,113,0,0,253,255,107,183,11,154,194,0,112,251,247,157,157,0,125,255,67,80,60,0,36,0,172,79,169,255,0,139,203,0,0,0,191,146,188,255,0,255,255,53,0,0,209,255,65,223,0,147,255,255,255,255,22,0,255,115,0,0,0,0,0,95,87,131,216,141,159,136,0,0,0,71,255,255,0,0,255,175,0,26,255,0,83,255
153,28,134,0,255,38,125,99,105,203,179,133,57,241,214,120,98,144,150,0,45,255,169,78,35,255,117,255,0,114,255,187,115,234,0,201,57,87,0,184,205,54,0,0,178,255,111,203,0,209,143,0,100,255,255,154,103,0,91,255,75,83,95,0,0,0,124,93,209,255,0,122,254,0,5,0,201,141,189,255,0,255,255,125,0,0,255,255,31,255,0,143,255,255,255,255,55,0,238,62,0,0,0,0,0,69,127,119,194,91,102,255,0,0,0,28,255,255,0,0,255,207,0,0,255,0,99,255
156,19,146,0,255,7,119,88,125,208,172,159,70,205,242,165,31,150,191,0,32,255,101,25,49,255,79,255,33,35,255,226,158,255,8,217,0,139,0,255,173,46,10,0,255,255,47,246,0,238,31,0,108,255,207,135,44,0,73,255,142,193,98,0,0,0,77,0,255,255,0,168,34,15,80,0,255,105,196,159,0,255,255,164,0,0,202,255,118,255,0,136,255,162,255,255,0,48,191,36,0,0,0,0,90,255,228,83,170,170,0,255,37,0,0,56,255,255,0,0,255,255,0,0,141,0,143,255
156,32,139,6,255,68,72,57,81,216,139,80,0,215,134,88,112,76,165,62,90,255,66,125,138,255,95,255,109,45,231,255,135,160,0,249,85,49,0,125,123,198,0,0,236,255,57,160,18,70,228,21,227,184,255,93,255,0,177,255,54,190,24,126,234,9,150,0,17,209,0,80,80,13,22,0,194,110,255,223,0,255,255,0,0,0,114,141,199,192,0,190,148,255,253,194,62,0,164,245,0,0,0,0,0,61,62,115,148,255,133,185,33,0,0,0,255,255,0,7,255,32,16,90,176,80,0,255
160,33,158,0,255,37,115,113,107,229,213,148,44,255,210,158,51,153,192,0,91,255,172,45,1,255,142,255,47,126,244,173,142,255,9,151,27,137,67,255,120,108,0,0,253,228,120,175,0,65,146,0,199,255,188,151,179,59,109,255,137,72,85,0,0,0,120,0,255,255,0,182,133,0,0,0,213,35,120,255,0,255,255,216,0,0,142,255,186,255,0,171,255,255,255,255,0,0,158,182,0,0,0,0,79,176,152,229,219,61,50,70,51,0,0,14,255,255,0,0,255,255,0,0,255,0,20,255
159,38,145,1,255,61,82,60,73,245,194,88,3,235,140,83,131,103,189,49,104,255,118,133,90,255,105,255,97,63,219,244,120,209,0,235,105,74,0,215,128,177,0,0,255,255,108,145,1,48,218,28,210,205,255,125,255,9,175,255,38,213,0,51,147,0,150,6,52,255,0,195,112,0,0,15,187,13,255,255,0,255,218,13,0,0,52,161,232,224,0,113,207,255,255,255,10,0,83,255,0,0,0,0,15,0,59,126,237,255,55,52,50,0,0,0,255,255,0,0,255,42,0,103,108,57,0,255
153,31,134,0,255,31,109,90,94,227,212,129,58,227,196,78,98,100,175,0,77,255,131,113,69,255,161,255,0,45,255,255,72,223,0,204,91,115,0,179,160,137,0,0,255,255,95,186,0,141,196,0,126,255,225,91,115,0,160,255,88,149,9,0,52,0,153,57,173,255,0,190,106,0,0,0,230,118,223,255,0,255,255,82,0,0,123,219,142,239,0,148,255,255,255,255,70,0,117,191,0,0,0,0,0,0,108,163,255,103,141,179,0,0,0,0,255,255,0,0,255,114,0,80,255,0,0,255
158,30,147,76,237,37,120,75,93,172,182,76,46,195,182,96,82,142,183,90,18,255,122,75,75,238,133,199,157,107,234,169,76,106,112,164,117,65,95,55,171,158,76,70,187,220,95,61,116,184,202,34,155,74,139,24,218,36,38,221,81,49,113,192,202,60,128,130,158,118,81,101,167,143,89,69,41,129,118,255,86,255,186,155,59,0,252,255,250,137,0,194,158,255,132,255,56,0,205,218,150,45,21,115,0,0,135,130,134,118,255,154,27,0,70,55,155,226,0,107,88,105,4,217,175,168,139,255
164,37,153,36,252,22,75,64,105,200,179,87,3,202,150,73,116,103,181,87,52,255,153,91,93,255,77,255,136,136,253,224,115,160,0,206,95,37,87,178,112,201,0,0,255,255,93,130,8,33,221,66,189,200,255,67,255,0,78,255,47,154,34,0,136,78,76,6,152,209,0,128,102,0,42,76,217,0,202,205,110,255,228,83,0,0,27,151,238,164,0,91,193,255,162,176,0,0,118,255,0,0,0,62,96,96,41,56,89,220,93,39,116,66,0,29,255,176,0,0,255,74,0,193,127,255,0,255
164,40,167,79,249,32,81,97,110,165,177,90,83,188,191,124,130,163,143,0,40,255,130,85,12,248,208,255,178,169,199,77,85,173,114,137,67,91,145,128,168,185,100,0,120,146,174,110,14,88,172,57,175,167,49,126,246,94,80,255,104,12,25,109,80,130,89,76,255,185,55,46,140,104,47,141,48,30,108,255,63,255,226,104,39,29,197,255,255,120,22,153,255,255,122,237,0,76,188,255,108,32,61,34,22,130,114,255,119,23,240,0,113,0,0,194,255,182,0,0,113,213,0,176,255,174,150,255
161,32,166,46,252,47,122,99,109,182,171,138,29,202,180,169,42,175,188,27,32,255,142,46,22,255,143,255,181,107,255,162,193,182,56,179,56,123,109,145,152,204,54,0,247,236,71,102,57,142,111,24,147,255,98,80,192,132,81,255,144,30,96,63,117,0,154,111,255,162,40,149,95,135,42,0,121,43,89,218,25,255,205,124,11,4,173,255,180,110,0,178,255,255,161,255,0,0,155,235,124,32,0,22,3,174,87,223,112,28,198,33,157,0,0,39,251,241,0,0,136,127,0,144,255,0,59,255
152,33,143,1,255,81,140,94,87,226,146,139,12,240,207,124,32,153,139,0,26,255,91,73,116,255,51,255,62,14,255,240,119,201,0,255,42,93,19,78,225,104,0,0,255,255,76,150,58,211,178,0,152,255,232,124,148,0,132,255,116,116,137,62,137,0,181,192,140,185,0,219,186,1,0,0,106,137,229,255,0,255,247,115,0,0,250,255,102,169,0,167,255,255,255,255,44,0,229,181,0,0,0,0,0,46,1,113,222,145,219,160,18,0,0,33,255,255,0,49,255,166,0,62,173,0,107,255
170,39,171,108,231,0,77,67,111,131,184,65,53,139,172,106,131,132,169,66,20,255,126,134,41,197,213,200,232,141,255,158,81,72,110,133,58,50,188,52,146,225,60,0,219,158,94,39,112,82,176,82,186,96,150,63,255,99,57,255,106,52,49,208,191,175,61,121,255,123,126,62,103,177,147,164,40,8,71,255,174,255,132,120,108,0,210,229,255,95,25,131,247,255,0,194,0,0,125,255,208,136,77,50,106,89,111,195,72,81,215,0,120,176,11,142,125,157,0,0,0,139,0,255,129,255,0,255
159,35,155,25,255,32,96,77,96,217,196,110,26,209,165,85,90,107,183,45,58,255,158,87,49,255,121,255,92,97,249,231,119,183,0,219,85,98,44,215,104,175,0,0,255,255,112,139,11,55,205,41,165,255,223,57,226,0,97,255,58,166,22,0,121,64,73,1,153,234,21,181,88,4,0,52,217,23,166,246,0,255,255,146,0,0,41,208,242,253,0,95,191,255,253,255,0,0,61,255,0,0,0,0,76,35,110,157,196,189,157,88,100,0,0,5,223,255,0,0,255,124,0,147,138,88,0,255
156,30,141,19,254,23,106,74,113,189,153,112,43,184,180,95,127,119,192,0,10,255,153,111,52,255,118,255,71,103,255,223,118,147,0,211,86,28,0,146,181,134,0,0,255,255,85,148,12,136,132,0,150,247,255,93,150,0,80,255,56,116,100,11,75,0,73,61,177,217,0,85,119,0,72,22,133,94,199,255,0,255,255,78,0,0,139,224,114,205,0,57,255,255,255,255,0,0,151,231,0,0,0,0,57,38,77,34,107,114,148,190,47,0,0,19,255,255,0,0,255,81,0,44,220,104,72,255
161,34,158,30,251,39,104,94,109,210,194,122,52,212,186,135,76,147,195,42,66,255,144,60,11,255,182,255,118,119,223,124,136,210,28,148,83,152,77,161,140,190,24,0,226,235,124,128,0,81,153,50,181,255,159,67,230,90,76,255,119,70,40,5,94,5,98,24,255,204,38,170,144,57,0,59,181,22,140,255,48,255,239,200,0,10,119,255,245,214,0,220,229,255,201,255,0,0,128,255,13,0,0,0,3,103,129,203,154,20,107,0,107,0,0,13,225,255,0,0,166,185,0,112,255,0,20,255
161,26,164,20,247,0,87,76,124,210,198,130,69,170,194,123,119,129,237,46,40,255,155,70,30,255,145,240,138,107,211,215,145,206,59,179,76,148,10,255,105,192,29,0,255,205,123,182,0,130,71,0,180,255,153,14,163,0,23,255,117,140,23,0,0,34,17,0,231,255,102,117,8,40,32,0,232,12,134,96,119,255,255,227,0,103,41,255,255,255,0,115,199,255,248,255,0,0,141,253,0,0,0,0,121,46,207,150,116,72,65,100,123,108,0,0,255,246,0,0,255,160,0,178,118,45,0,255
153,28,132,38,252,30,122,89,101,206,198,111,68,216,210,95,83,131,194,15,40,255,148,63,54,255,157,255,45,123,255,187,89,168,23,192,108,60,33,139,157,101,66,0,150,255,98,136,57,204,207,0,88,179,197,97,204,0,85,255,59,77,53,153,58,0,138,100,174,145,21,118,221,0,92,30,131,138,118,255,0,255,255,108,0,0,213,193,163,194,0,132,255,255,255,255,68,0,204,222,65,26,6,0,0,0,178,100,167,94,244,175,8,0,0,1,255,255,0,63,229,139,0,67,255,82,72,255
157,26,143,13,255,16,105,80,123,202,180,133,24,215,183,122,99,135,220,27,37,255,169,70,24,255,104,255,71,134,255,220,130,197,0,190,66,103,0,179,135,132,0,0,255,255,108,154,41,131,111,20,169,255,255,80,201,0,43,255,96,127,75,0,35,0,47,16,205,255,0,110,114,0,104,11,199,31,146,242,6,255,255,167,0,0,108,216,179,255,0,60,247,255,255,255,0,0,135,223,0,0,0,0,121,79,144,110,101,127,189,89,76,0,0,0,255,255,0,0,255,171,0,103,186,71,70,255
160,29,173,71,251,53,108,111,120,151,138,142,68,162,207,182,84,198,152,0,11,255,133,96,43,255,186,193,165,124,206,97,193,180,96,162,114,100,66,144,207,189,168,112,136,143,142,159,12,172,68,0,115,161,0,184,135,177,160,255,123,0,80,195,126,44,182,131,255,109,42,64,112,143,115,17,0,71,27,165,73,255,255,8,82,97,255,255,201,155,72,209,255,255,9,235,0,148,242,252,242,126,61,75,53,177,87,255,136,0,255,172,85,0,69,145,140,159,0,27,97,109,0,115,255,57,213,255
158,32,159,34,255,61,128,109,109,215,168,126,44,239,225,159,1,176,152,25,34,255,126,65,30,255,169,255,106,74,205,136,160,227,45,191,55,127,101,148,123,146,49,5,192,249,78,119,64,159,123,0,165,255,107,136,180,120,120,255,123,2,94,93,115,0,132,90,255,201,31,168,163,94,85,0,169,81,106,255,0,255,255,255,0,0,213,255,218,255,0,186,192,255,195,255,0,0,221,247,87,8,86,0,8,166,79,255,177,71,211,62,10,0,0,0,183,255,0,0,255,158,0,140,255,0,146,255
157,31,158,39,255,48,126,109,107,198,166,132,45,218,190,155,11,160,173,11,36,255,124,52,43,255,155,255,114,72,236,163,151,183,60,189,31,121,77,152,145,151,34,9,255,255,82,106,36,140,130,0,168,255,87,114,191,137,104,255,128,15,83,46,128,0,133,73,255,166,43,148,127,116,51,0,164,71,101,255,0,255,244,214,5,2,203,255,193,154,0,179,231,255,241,255,0,0,147,255,84,9,11,0,15,176,98,233,168,0,255,49,67,0,0,28,253,255,0,14,190,166,0,140,255,0,115,255
160,34,143,21,255,48,95,80,87,217,177,95,33,230,137,98,114,121,176,54,74,255,156,105,30,255,132,255,60,133,232,174,151,201,0,186,74,98,27,203,131,157,15,0,190,255,114,104,57,106,209,91,146,138,238,130,219,0,88,255,29,156,36,50,112,41,90,22,121,230,28,90,140,0,35,40,145,70,170,255,5,255,255,141,0,0,113,141,178,255,0,108,221,255,250,255,0,0,154,255,0,0,0,0,45,0,136,209,172,203,143,82,7,0,0,0,255,255,0,0,255,153,0,98,197,58,20,255
157,34,146,52,255,66,134,99,92,193,168,109,24,254,189,112,42,158,156,36,51,255,125,63,48,255,140,255,140,135,255,137,136,149,31,180,123,128,154,39,136,143,12,85,190,186,80,96,143,161,255,56,162,128,206,92,240,52,137,255,55,9,118,229,196,0,203,218,163,123,22,200,247,71,0,0,84,138,55,255,0,255,193,122,0,0,255,255,194,191,0,255,171,255,186,255,12,0,255,166,117,97,0,28,0,32,71,217,213,158,229,132,0,0,0,51,255,255,0,65,182,109,22,253,255,66,8,255
157,33,151,50,255,56,127,112,104,182,161,123,50,213,200,151,41,182,170,18,25,255,120,25,33,255,167,255,156,137,255,100,173,172,58,175,82,136,99,107,137,164,48,41,134,191,66,95,91,166,160,18,166,212,138,120,235,114,134,255,108,35,70,175,115,0,199,165,255,110,34,130,216,118,63,3,99,94,51,255,0,255,250,104,0,0,255,255,193,189,0,168,255,255,218,255,0,15,240,193,136,110,19,0,0,185,142,255,160,98,254,74,44,0,0,108,255,255,0,33,138,163,0,155,255,14,75,255
156,30,149,0,255,32,112,92,106,216,202,136,13,247,207,133,55,126,203,0,69,255,187,74,30,255,86,255,23,86,255,255,150,238,0,222,75,142,0,225,123,133,0,0,255,255,114,208,0,127,134,0,137,255,255,115,134,0,123,255,119,111,80,0,42,0,117,18,215,255,0,213,57,0,0,0,248,47,200,255,0,255,255,130,0,0,108,255,116,255,0,154,255,255,255,255,0,0,159,171,0,0,0,0,10,128,119,178,159,121,69,181,87,0,0,0,255,255,0,0,255,131,0,36,212,0,15,255
155,21,132,0,255,7,102,71,124,184,157,137,61,191,188,98,130,85,172,0,22,255,142,105,57,255,13,255,0,101,255,255,111,202,0,230,54,0,0,255,255,97,11,0,244,255,49,186,0,163,73,0,113,255,255,136,45,0,123,255,99,132,130,0,0,0,92,0,201,255,0,99,141,0,149,10,177,58,255,200,0,255,255,9,0,0,122,165,0,253,0,0,255,193,255,255,0,0,232,123,0,0,0,0,61,74,118,0,116,255,2,255,6,0,0,72,255,255,0,0,255,127,0,1,157,6,57,255
155,21,146,0,255,0,81,85,117,208,222,131,78,191,213,124,79,105,237,0,87,255,125,63,21,255,139,255,22,50,227,255,135,210,39,194,44,98,0,255,141,97,0,0,255,255,74,209,0,160,36,0,149,255,167,66,45,0,75,255,98,184,17,0,0,0,128,0,186,255,0,174,0,0,12,0,255,23,255,174,0,255,255,98,0,44,69,255,179,255,0,90,255,135,255,255,0,0,137,117,0,0,0,0,106,53,239,18,225,109,0,255,165,0,0,94,255,255,0,0,255,255,0,0,145,0,0,255
164,28,161,39,240,3,86,76,107,194,178,122,73,180,170,119,117,124,246,109,9,255,185,64,87,255,99,189,126,112,166,212,198,198,33,181,60,66,37,255,44,208,25,0,239,255,30,151,0,116,99,0,134,255,187,22,176,30,87,216,103,121,117,0,36,100,126,0,209,235,81,56,5,108,82,0,255,49,168,117,81,255,219,176,8,79,15,255,255,234,0,102,219,217,137,255,0,0,152,137,78,0,0,0,188,144,158,74,124,185,58,250,81,200,0,52,170,191,0,26,216,143,0,164,174,61,60,255
161,33,157,57,246,37,115,87,105,178,169,120,45,173,200,116,99,170,172,39,41,255,147,55,24,255,171,255,148,163,246,142,100,165,59,193,103,112,80,121,152,151,98,0,144,185,147,164,70,160,150,97,155,179,117,121,222,87,56,255,80,68,72,179,138,40,123,102,255,111,63,71,179,51,91,28,94,29,99,228,43,255,253,100,0,41,207,255,212,190,0,182,255,255,184,255,0,0,185,255,143,22,15,6,12,74,118,238,127,48,174,131,111,0,0,90,191,203,0,15,208,161,0,155,255,82,119,255
153,29,141,0,255,58,120,107,112,202,153,148,74,247,166,128,56,118,135,0,53,255,57,36,105,255,95,255,28,30,255,190,140,233,7,231,0,97,18,210,255,75,0,0,202,255,60,144,0,168,146,0,105,255,170,145,142,0,141,255,164,78,86,0,32,0,161,17,195,242,0,196,242,99,0,0,214,62,245,227,0,255,255,123,5,0,249,255,126,30,0,239,255,255,255,255,203,0,78,0,0,0,0,0,0,255,63,15,212,160,139,150,0,0,0,154,255,255,0,105,235,255,0,43,255,0,156,255
160,32,167,64,254,56,98,89,99,167,149,119,51,155,191,144,39,158,160,49,25,255,97,60,35,255,173,247,171,91,195,113,171,206,64,181,47,155,18,140,166,255,79,23,167,255,124,94,81,178,97,66,88,163,20,145,204,180,99,255,119,34,79,177,189,0,195,101,255,110,82,76,149,171,77,48,97,62,119,254,61,255,205,45,72,58,156,255,215,156,0,192,249,255,114,255,22,0,191,255,126,5,19,50,9,166,112,255,109,91,253,80,107,0,68,130,187,163,0,88,47,189,6,221,255,57,176,255
158,28,157,41,254,47,110,118,118,185,164,147,56,209,213,151,44,180,158,29,41,255,130,43,25,255,228,255,116,117,208,92,167,218,31,173,90,140,68,141,152,124,104,3,138,205,130,140,20,133,152,0,157,217,62,145,203,113,113,255,87,33,63,135,95,50,122,65,255,144,89,92,185,74,92,42,107,93,28,255,0,255,255,130,5,84,255,255,238,255,0,246,215,255,149,255,0,58,253,232,157,107,95,0,106,175,163,255,167,61,255,143,0,0,0,15,152,255,0,0,164,224,0,107,255,0,159,255
155,31,148,42,251,33,134,110,120,196,165,125,78,230,231,135,86,182,171,24,20,255,206,80,5,253,219,255,48,185,255,81,142,192,6,119,88,93,119,118,107,85,64,43,135,186,134,166,98,198,203,54,121,150,147,172,237,21,67,255,0,16,52,184,68,37,83,168,255,113,0,7,224,0,97,76,111,190,19,255,0,255,255,141,4,92,255,255,178,255,0,191,182,255,235,255,0,0,255,192,202,127,86,0,71,75,142,213,198,20,218,136,0,0,0,54,255,255,0,0,193,83,0,86,255,0,176,255
156,20,149,0,255,0,117,85,132,191,219,144,84,226,236,139,87,156,228,0,28,255,189,67,0,255,74,252,5,127,234,255,157,255,52,169,69,114,0,255,168,49,24,0,212,192,85,219,0,239,0,0,191,255,238,171,49,0,93,255,141,120,70,0,0,0,126,0,255,255,0,104,93,0,57,0,249,0,181,201,0,255,255,143,0,56,123,255,70,255,0,33,255,177,255,255,0,0,201,15,0,0,0,0,170,138,255,100,212,205,17,255,116,0,0,134,255,255,0,0,255,255,0,0,247,0,75,255
147,23,120,0,255,16,103,95,98,217,214,119,110,244,199,92,175,93,146,0,110,255,112,120,57,255,168,255,0,60,255,250,113,249,0,218,35,96,0,255,220,15,0,0,164,255,91,255,0,195,106,0,71,255,211,153,54,0,135,255,42,163,0,0,0,0,135,0,202,255,0,106,131,0,0,0,255,174,235,255,0,255,255,27,0,0,220,246,126,255,0,137,255,112,255,255,255,0,180,4,15,0,0,0,0,49,182,87,255,82,82,255,0,0,0,83,255,255,0,0,255,201,0,0,255,0,0,255
157,14,164,0,255,0,107,129,162,204,255,192,168,255,255,205,31,121,255,0,155,255,181,0,0,255,127,255,0,149,218,171,222,255,94,146,0,255,0,255,74,0,26,0,198,255,67,255,0,209,22,0,60,255,141,222,0,0,60,255,255,133,49,0,0,0,167,0,255,255,0,247,0,46,0,0,255,69,192,87,0,255,255,174,0,150,211,255,255,255,161,255,255,0,255,255,157,255,123,0,0,0,0,0,194,255,255,172,255,238,0,255,4,45,0,255,255,255,0,0,255,255,0,0,255,0,255,255
163,20,176,0,255,0,102,108,167,233,238,172,101,250,255,197,26,149,255,0,120,255,169,29,0,255,127,255,58,103,163,168,203,255,61,168,7,255,11,255,44,82,9,0,255,197,128,255,0,167,102,0,183,255,133,142,95,8,56,255,199,166,29,0,0,0,98,0,255,255,0,255,0,0,0,0,255,33,204,47,122,255,255,255,0,140,33,255,255,255,8,255,199,86,255,255,0,100,214,0,0,0,0,0,165,255,215,195,202,166,0,254,76,150,0,93,255,255,0,0,255,255,0,0,181,0,68,255
166,33,167,41,243,83,108,90,97,227,117,141,12,208,152,145,76,160,166,116,57,255,163,70,28,255,107,255,153,131,198,97,178,214,0,182,45,153,128,125,100,194,40,0,214,188,130,168,87,85,166,152,182,162,199,77,223,11,78,255,150,112,114,174,150,107,108,66,208,163,79,75,131,87,97,110,87,102,91,200,107,255,255,219,0,0,147,226,205,255,0,144,126,255,20,255,0,143,180,255,0,0,69,81,57,142,129,255,77,217,128,97,111,0,0,0,215,162,0,0,203,140,0,142,251,0,130,255
167,40,180,79,240,24,63,83,116,166,186,98,75,157,177,133,147,170,152,14,31,255,100,69,29,253,197,231,219,148,205,101,108,167,122,115,72,76,134,147,156,249,68,0,158,161,157,106,0,76,172,83,139,202,66,74,180,125,78,255,149,42,0,8,91,137,65,52,255,215,96,54,72,159,39,108,70,0,54,178,120,255,167,167,57,60,117,255,255,163,18,137,255,255,76,237,0,71,137,255,89,0,45,51,42,167,114,202,111,0,250,7,164,110,0,154,255,97,24,0,0,209,0,186,255,128,83,255
172,38,187,45,237,2,75,73,119,200,193,102,72,147,170,117,135,127,226,110,3,255,181,99,39,255,182,244,150,94,181,131,167,180,10,147,57,136,92,220,111,251,31,0,246,219,151,152,0,114,144,42,161,255,84,86,173,10,58,255,178,95,73,0,39,159,88,6,255,200,81,55,12,130,85,60,123,81,127,137,213,255,151,255,64,86,87,255,255,243,0,153,219,248,100,255,0,0,158,255,37,0,0,0,165,47,135,173,136,106,84,34,45,188,0,20,248,247,47,0,186,131,0,234,28,85,0,255
162,31,163,43,254,26,102,118,139,181,192,97,75,210,194,151,45,156,183,9,52,255,154,48,0,255,227,255,98,132,192,85,169,182,93,103,77,134,119,180,142,134,61,0,205,205,96,126,0,132,86,0,216,255,81,159,213,163,101,255,106,0,9,0,77,25,99,0,255,194,69,133,150,113,47,24,234,0,83,255,85,255,247,240,13,75,205,255,255,180,0,255,233,255,99,255,0,132,126,197,120,37,59,0,84,217,155,212,234,0,140,38,48,0,0,63,255,255,0,0,162,255,0,64,255,0,129,255
163,37,154,80,244,18,110,115,136,171,183,30,65,210,161,109,142,130,194,51,19,255,160,31,0,255,255,248,196,182,195,31,131,42,160,69,123,119,188,90,144,184,58,0,98,156,156,42,61,79,155,43,255,119,129,107,210,68,96,255,146,48,30,140,32,136,88,63,255,38,100,85,112,79,63,127,37,19,72,255,130,255,176,165,67,0,196,255,255,100,0,252,255,255,0,255,0,107,138,228,109,178,26,0,0,161,150,240,198,19,171,0,97,43,0,160,197,137,0,0,181,115,0,114,255,227,26,255
168,41,169,103,233,0,81,104,138,161,201,56,107,155,181,112,116,147,185,44,0,255,126,90,27,224,255,198,202,145,184,78,87,108,156,112,64,70,149,85,111,198,52,0,180,188,111,34,32,82,159,45,218,110,69,80,228,120,113,255,189,0,22,82,59,207,113,34,255,137,127,40,131,157,88,185,120,65,81,255,213,255,190,254,100,34,192,255,255,60,104,122,255,255,0,255,0,95,123,248,205,126,117,101,150,143,149,207,98,94,198,0,88,140,0,188,154,126,12,0,59,176,0,237,196,255,87,255
158,37,151,53,255,50,133,109,104,205,155,98,64,234,198,127,100,171,164,66,31,255,172,79,11,237,214,255,68,178,231,54,104,180,66,124,73,146,131,99,112,135,32,70,150,191,137,111,108,133,204,62,235,128,151,114,252,78,85,255,44,10,101,188,97,83,110,156,255,2,86,61,255,33,81,81,88,109,80,255,0,255,255,225,74,0,251,255,249,181,0,220,180,255,136,255,0,0,185,212,120,111,54,3,0,97,100,255,202,147,172,18,4,0,0,90,255,255,0,5,196,146,0,194,255,22,152,255
178,44,180,85,231,6,55,79,105,184,169,89,37,174,123,97,160,148,159,128,46,255,142,65,95,222,167,233,209,164,209,124,170,97,2,144,80,11,218,158,99,255,19,0,140,207,76,44,0,18,251,101,184,146,161,31,209,38,96,255,101,125,6,51,120,194,91,71,241,115,171,38,82,148,124,125,128,8,96,154,143,255,93,170,82,0,170,215,255,168,0,122,255,255,0,209,0,37,96,194,148,140,108,94,49,175,109,156,120,138,141,51,109,232,0,26,233,195,11,0,81,127,0,255,104,255,0,255
157,34,148,42,254,30,103,89,90,208,187,104,44,196,184,91,93,113,177,46,28,255,160,68,72,253,150,255,79,112,246,193,97,156,13,200,71,94,40,172,123,137,33,0,221,255,110,113,52,129,226,35,121,186,137,88,232,10,79,255,31,120,39,73,90,55,97,48,115,159,36,95,168,10,79,39,180,91,121,255,0,255,255,157,10,0,128,186,215,210,0,120,206,255,255,255,27,0,151,255,0,0,0,0,66,0,100,130,186,127,203,115,30,0,0,31,247,255,0,38,208,170,0,149,186,80,66,255
158,29,143,43,255,4,79,60,126,161,133,125,68,155,167,80,127,120,185,13,0,255,116,97,82,255,81,241,117,114,255,219,155,145,0,210,22,19,0,123,134,181,9,0,255,255,19,118,24,123,127,0,142,250,247,106,137,25,80,255,83,128,112,0,69,27,80,26,156,154,0,0,82,17,154,57,197,82,198,235,28,255,211,1,0,0,75,153,112,153,0,2,247,255,255,255,0,0,221,129,27,0,0,0,162,112,57,48,111,219,201,122,0,0,0,81,255,255,0,0,255,116,0,177,160,156,104,255
156,28,164,27,255,47,135,95,122,200,128,163,13,233,203,167,47,215,185,41,10,255,171,64,25,255,60,255,130,99,255,205,250,186,0,237,57,158,0,141,51,178,0,0,255,224,84,199,134,200,80,37,146,255,255,142,182,32,85,255,114,100,108,54,118,0,105,148,192,152,0,54,7,0,131,0,222,118,35,255,0,255,255,180,0,0,116,255,111,255,0,0,170,255,186,255,0,0,255,255,100,0,68,0,151,254,76,255,58,98,255,157,144,0,0,0,255,193,0,0,255,0,0,160,204,0,156,255
164,30,153,44,236,0,97,90,125,211,183,129,91,188,161,115,153,146,217,81,30,255,205,86,24,255,162,249,56,169,220,130,185,203,12,145,56,77,115,227,110,130,42,0,142,220,117,146,0,98,165,25,173,252,190,115,191,0,14,252,118,130,62,0,0,134,26,10,255,217,133,63,21,0,127,99,159,84,153,236,101,255,233,255,32,49,129,197,255,255,0,114,239,255,114,255,0,0,151,233,83,0,16,0,153,40,172,173,137,71,68,102,1,93,0,0,194,253,0,0,248,194,0,40,208,129,25,255
159,24,165,0,255,21,123,119,133,227,206,171,89,255,255,198,53,188,197,0,67,255,172,48,15,255,108,255,32,115,208,167,212,255,46,146,17,180,0,255,91,77,25,0,201,189,89,255,0,183,77,0,146,255,157,200,85,52,103,255,173,87,75,0,0,0,151,0,255,255,0,168,38,0,5,0,255,97,122,222,0,255,255,221,0,80,156,255,154,255,0,155,255,255,255,255,0,104,255,36,38,0,0,0,144,255,183,255,162,144,0,255,52,0,0,64,255,255,0,0,255,203,0,0,255,0,149,255
161,30,179,13,255,32,92,92,126,208,178,149,27,214,202,182,41,165,219,36,41,255,156,73,16,255,123,255,156,77,222,197,245,205,0,166,55,169,37,255,83,221,0,0,255,236,99,160,18,86,89,5,171,255,141,102,140,80,85,255,153,83,57,0,47,0,119,23,255,255,0,155,0,52,21,0,215,15,85,141,76,255,241,149,0,7,42,255,209,255,0,108,198,255,184,255,0,17,178,255,0,0,0,0,167,239,121,255,92,80,137,44,175,0,0,26,255,221,0,0,255,99,0,97,213,0,57,255
166,38,172,63,249,31,94,86,112,162,138,81,28,211,181,166,89,152,162,59,1,255,140,86,71,255,163,255,182,86,219,140,213,99,88,129,38,137,136,98,101,191,0,0,226,185,34,92,82,127,193,50,199,179,103,81,249,73,116,255,87,88,43,44,129,33,129,114,246,143,44,33,67,153,62,103,181,56,73,255,137,255,176,168,59,18,133,255,255,95,0,153,210,255,61,255,0,97,200,255,34,102,11,25,182,185,6,175,105,35,186,4,88,40,0,137,250,122,0,0,113,101,0,226,223,162,33,255
162,36,160,49,246,5,103,107,138,173,225,75,99,231,222,102,120,133,199,32,17,255,230,63,0,255,255,255,63,213,208,38,115,168,73,9,93,174,157,147,120,95,61,0,130,136,170,113,0,123,176,60,239,186,101,112,251,13,66,255,62,0,68,12,0,125,58,2,255,83,67,0,170,11,0,180,113,84,9,255,49,255,255,203,98,80,167,255,255,231,0,242,235,255,206,255,0,131,172,155,113,132,59,0,117,137,207,236,255,54,90,0,56,59,0,201,255,216,0,0,168,255,0,26,255,60,217,255
163,39,165,59,250,33,108,105,123,195,188,88,73,213,176,114,99,148,173,35,24,255,175,70,7,245,224,252,129,157,207,63,147,133,87,102,119,149,156,118,128,146,55,0,148,165,128,96,11,105,170,90,249,193,105,104,255,28,111,255,142,55,54,127,68,136,119,32,255,57,110,98,115,86,0,105,87,70,76,255,67,255,212,216,63,0,135,255,255,106,0,186,255,255,40,255,0,101,96,255,53,87,69,5,44,97,124,240,229,92,184,0,99,33,0,107,255,193,0,0,149,251,0,107,255,125,118,255
174,42,181,77,236,15,69,81,125,190,185,106,75,143,140,110,141,158,177,83,11,255,172,103,52,255,154,225,199,148,178,185,139,136,41,188,87,54,112,147,84,243,17,0,140,162,140,112,0,25,159,134,203,153,97,72,155,50,103,255,192,97,20,27,151,179,94,56,255,145,81,62,50,118,99,153,86,0,143,98,137,255,162,255,39,8,158,255,255,217,0,75,255,255,0,255,0,4,105,255,143,35,87,64,110,141,145,226,160,166,208,39,86,231,0,31,127,171,25,0,238,114,0,255,84,153,0,255
173,36,161,109,222,0,89,94,138,168,171,101,63,153,130,114,169,134,215,138,0,255,186,68,70,203,140,181,205,172,248,177,178,85,4,177,68,66,175,48,108,248,57,0,183,239,52,85,43,46,213,104,170,64,229,95,224,26,67,172,133,130,90,131,125,196,129,83,240,17,153,94,49,149,180,175,79,110,169,181,139,255,101,121,62,0,153,130,255,20,20,128,255,255,0,141,0,22,61,206,246,206,47,127,63,178,128,167,108,211,176,33,115,192,172,54,149,145,16,41,113,127,0,219,116,255,17,255
159,33,152,39,254,36,117,112,111,193,197,118,52,228,200,115,74,138,178,2,67,255,171,61,0,255,214,255,100,187,252,105,109,199,46,138,96,131,138,116,153,116,50,0,174,182,145,102,28,87,177,22,220,210,159,104,255,49,91,255,53,0,108,101,82,34,97,31,255,129,44,119,242,0,4,55,86,83,46,255,0,255,255,177,5,0,212,255,254,203,0,235,250,255,171,255,0,0,178,234,94,81,66,0,38,29,113,213,243,81,173,0,27,0,0,54,255,255,0,0,151,255,0,121,255,0,119,255
159,33,163,33,255,31,110,97,114,200,172,134,51,211,202,153,83,178,174,0,42,255,155,78,0,255,148,255,137,141,255,142,162,211,14,165,65,127,72,197,128,175,52,0,225,207,117,152,37,119,112,41,164,255,145,125,195,76,65,255,79,53,62,21,32,0,66,104,255,213,0,87,84,16,80,19,150,62,74,255,23,255,255,143,0,0,146,255,202,245,0,101,241,255,214,255,0,0,233,255,45,5,33,0,69,100,114,248,126,2,182,18,121,0,0,28,255,255,0,0,255,115,0,122,255,18,38,255
161,26,156,0,255,13,105,92,127,230,182,158,62,223,212,154,75,131,196,0,87,255,141,55,9,255,99,255,14,117,255,180,139,255,0,173,0,148,0,255,123,65,0,0,255,231,113,251,0,114,144,0,160,255,255,157,130,0,76,255,121,203,64,0,0,0,55,0,255,255,0,188,63,0,35,0,251,55,166,186,0,255,255,214,0,0,133,255,179,255,0,124,255,233,255,255,0,57,138,170,0,0,0,0,183,207,206,82,209,195,0,223,24,0,0,69,255,255,0,0,255,255,0,0,175,0,70,255
160,30,166,0,255,48,126,103,113,221,173,158,13,252,206,196,49,193,187,24,54,255,188,51,23,255,105,255,105,104,255,179,237,236,0,204,67,175,17,244,83,121,0,0,255,215,78,200,11,134,98,13,151,255,214,172,158,37,110,255,110,113,71,0,47,0,127,91,255,255,0,194,81,0,17,0,255,31,107,255,0,255,255,217,0,0,107,255,181,255,0,161,234,255,255,255,0,22,182,217,0,0,0,0,119,244,94,255,125,63,82,185,94,0,0,0,255,255,0,0,255,169,0,6,255,0,48,255
163,13,170,0,255,0,116,85,186,207,228,162,170,191,255,173,52,147,255,10,56,255,226,8,0,255,70,188,31,167,130,252,210,224,114,165,16,216,0,255,0,35,60,0,255,142,41,255,0,255,6,0,113,255,152,118,0,0,64,255,255,255,38,0,0,2,158,0,255,255,0,226,0,55,103,0,255,0,255,0,195,255,255,255,0,130,23,255,255,255,246,231,255,0,255,255,0,239,177,0,0,0,0,0,222,255,255,61,247,226,0,255,131,255,0,217,255,255,0,0,255,255,0,0,166,0,88,255
166,25,166,0,255,0,64,89,142,217,226,137,126,180,179,124,102,114,247,0,37,255,210,77,0,255,87,211,56,181,150,246,177,255,119,210,2,162,0,255,17,111,53,0,255,171,64,205,0,144,0,0,196,255,100,171,45,0,101,255,163,184,0,0,0,72,97,0,255,255,86,155,18,0,139,0,255,0,253,0,203,255,255,174,0,100,83,255,243,255,0,16,255,0,255,255,0,0,119,73,0,0,0,0,255,126,255,139,255,255,0,250,69,178,0,221,255,255,0,0,255,255,0,116,68,0,0,255
156,34,136,3,255,0,84,118,103,211,249,75,113,247,214,78,131,76,161,0,100,255,244,134,0,255,255,255,0,181,255,177,65,255,11,139,16,78,37,255,125,51,50,0,136,255,143,199,0,106,195,0,67,255,128,171,82,0,46,255,12,27,34,0,0,4,111,0,255,255,19,72,250,0,0,96,219,150,242,255,0,255,255,40,0,26,245,246,183,255,0,255,255,155,255,255,203,0,204,0,0,0,0,0,6,0,193,133,255,149,0,204,0,0,0,224,255,255,0,0,255,255,0,0,255,0,100,255
157,33,140,42,255,0,110,115,127,190,223,76,112,205,221,65,84,91,193,13,36,255,255,116,0,255,255,255,0,202,255,155,49,167,49,94,76,120,51,212,79,91,80,0,207,206,100,148,63,148,252,0,66,218,108,113,158,0,44,255,59,69,21,156,0,88,89,27,228,255,81,31,219,0,8,79,169,192,130,255,0,255,255,111,10,51,254,181,175,255,0,255,255,242,255,255,28,0,174,117,102,0,16,0,74,80,212,170,222,113,117,167,0,34,0,141,255,255,0,0,255,196,0,140,255,115,198,255
157,24,156,0,255,0,142,111,146,217,220,125,109,205,246,128,10,87,209,0,54,255,195,32,2,255,127,210,0,78,255,255,80,210,109,211,26,139,0,255,112,22,25,0,255,181,1,236,0,170,133,0,162,255,104,98,99,0,67,255,249,189,99,0,0,0,31,0,255,255,15,246,109,0,0,0,189,162,255,80,0,255,255,209,0,0,160,255,214,255,0,255,255,45,255,255,0,183,42,9,0,0,0,0,14,255,200,54,223,234,136,205,0,43,0,0,255,255,0,0,255,255,0,0,182,0,159,255
154,24,146,20,255,5,136,116,142,206,232,103,107,207,240,103,19,95,218,0,21,255,230,63,58,255,148,164,0,84,234,255,96,147,107,174,57,130,0,249,74,80,70,0,227,184,25,211,0,206,176,0,89,255,91,77,133,0,58,255,165,136,67,0,34,0,107,0,255,181,81,167,112,34,0,0,221,187,186,157,0,255,255,214,0,0,175,255,181,255,0,218,255,179,255,255,0,152,75,117,26,0,0,0,0,255,247,196,178,112,255,202,0,52,0,0,255,255,0,0,255,244,0,64,243,33,219,255
156,25,156,0,255,0,127,100,137,226,235,109,88,187,250,123,0,79,226,0,36,255,182,23,75,255,76,187,0,0,255,255,62,192,102,255,0,134,0,255,74,0,0,0,255,255,35,255,0,195,71,0,136,255,55,113,78,0,51,255,220,226,54,0,0,0,21,0,255,255,0,255,2,19,0,0,231,99,255,74,0,255,255,194,0,0,142,255,255,255,0,255,255,0,255,255,0,127,0,59,0,0,0,0,0,255,228,97,255,224,101,255,0,0,0,0,255,255,0,0,255,255,0,0,6,0,249,255
154,20,137,17,255,0,132,96,140,208,219,95,114,198,227,102,79,91,241,0,15,255,193,46,68,255,131,146,18,56,207,255,59,155,132,201,28,80,0,255,119,44,98,0,246,237,6,197,0,251,141,0,117,255,112,36,137,0,28,255,127,199,68,0,0,0,85,0,255,236,91,158,86,37,36,0,180,157,240,92,0,255,255,228,0,0,132,255,231,249,0,198,255,28,255,255,39,122,91,85,0,0,0,0,0,234,244,115,184,185,202,248,0,49,0,0,255,255,51,0,255,255,0,30,132,84,199,255
