170,14,145,157,208,71,81,78,131,175,151,102,106,79,101,64,145,109,122,173,67,246,107,78,87,222,162,120,140,154,150,157,107,163,129,108,147,84,135,60,140,205,97,206,168,111,145,196,82,210,134,222,82,133,142,156,132,75,134,193,189,106,92,224,113,76,183,55,133,131,130,211,183,255,125,204,75,143,180,111,109,96,96,127,0,77,6,160,185,132,182,127,123,171,167,164,19,147,207,66,225,29,31,11,43,65,104,141,55,173,175,133,21,146,127,255,188,181,37,153,131,38,77,183,255,71,147,255
168,15,140,125,204,22,97,100,116,186,184,73,137,87,159,52,169,89,177,174,84,181,133,36,113,113,152,167,211,183,134,77,170,92,136,151,113,90,63,45,137,197,91,161,151,139,33,141,59,183,152,170,115,123,205,119,195,58,85,215,170,170,0,140,128,133,158,112,162,104,141,133,194,112,109,211,176,238,165,161,125,119,172,40,2,102,89,217,190,68,131,101,205,216,42,165,96,87,34,145,207,0,78,104,96,199,35,134,167,73,161,51,35,141,208,96,137,220,0,62,111,95,27,148,238,161,93,255
173,16,147,98,200,75,90,104,130,228,178,87,108,82,108,43,152,87,143,185,90,236,150,16,100,128,148,140,164,178,70,16,185,118,68,172,68,33,60,117,126,155,59,114,32,146,116,158,91,140,124,183,111,76,167,79,141,0,152,138,234,203,0,204,133,194,161,108,16,152,107,198,237,111,140,153,94,218,178,195,167,147,221,15,49,145,30,174,152,127,157,185,139,197,85,206,39,190,132,236,142,2,0,56,43,197,21,224,216,125,149,212,41,161,140,65,182,172,0,184,103,76,0,142,255,117,0,255
173,15,144,101,208,61,87,115,130,225,167,69,112,65,123,18,139,106,166,169,97,174,151,0,107,107,156,191,210,172,58,14,172,138,57,200,58,48,32,139,126,146,49,135,64,153,78,140,70,129,129,188,121,65,178,55,125,0,131,178,222,224,0,178,80,190,174,122,34,190,96,217,237,79,152,167,151,181,114,197,200,125,182,27,11,121,28,209,152,146,166,127,163,180,131,160,44,158,141,180,124,0,6,51,101,255,0,180,146,122,160,199,29,139,113,30,220,118,0,127,0,79,4,140,234,160,0,255
169,16,136,122,203,49,89,101,143,209,166,43,119,63,108,26,123,102,195,193,88,155,168,0,125,87,159,185,161,203,110,74,220,115,111,211,103,36,30,107,105,180,123,146,112,93,5,120,75,196,158,214,88,96,223,61,179,8,94,140,205,197,0,118,56,106,191,95,153,141,87,143,243,84,117,207,169,212,186,150,146,140,136,73,0,98,80,196,174,93,176,88,222,175,40,201,64,119,49,75,129,2,24,86,114,255,19,173,210,107,151,88,0,221,203,83,158,187,8,182,51,83,0,141,255,63,0,255
176,14,125,118,226,62,63,96,131,191,164,83,114,72,95,32,185,127,137,196,111,178,134,10,125,119,165,161,151,178,147,58,162,114,153,157,32,53,38,92,54,255,55,136,121,33,101,133,89,163,108,251,72,152,255,128,183,0,157,80,119,158,0,162,18,180,167,138,210,202,172,150,255,56,97,172,170,233,148,172,113,232,68,0,0,201,36,211,154,62,13,167,169,120,0,191,82,199,121,66,255,111,45,43,141,255,0,150,216,124,64,174,84,246,133,66,196,190,0,83,104,255,0,255,214,83,0,255
174,17,131,120,220,53,84,96,134,209,171,42,128,82,108,27,178,113,177,193,109,164,144,0,99,111,172,175,146,190,123,70,189,119,132,203,74,46,24,111,119,194,128,144,93,51,74,123,109,171,137,242,64,118,175,108,176,0,162,115,163,188,0,139,18,174,140,107,159,174,136,135,251,45,159,208,168,255,219,141,121,138,138,27,0,117,66,193,83,76,78,111,199,137,14,208,79,170,44,124,190,51,22,108,123,185,0,181,216,75,137,129,34,203,156,47,121,177,0,130,176,176,0,209,238,131,0,255
174,15,145,125,193,60,111,66,170,195,107,64,131,98,72,68,120,108,180,179,62,177,144,24,96,172,192,158,150,146,70,115,163,173,72,160,47,75,123,57,169,84,89,188,142,117,65,138,133,200,157,199,108,104,144,113,157,88,91,162,243,90,0,100,137,124,113,73,124,200,128,141,255,207,67,179,99,195,224,62,93,221,165,133,35,232,91,180,149,0,128,226,111,206,89,212,94,93,82,13,226,139,37,153,92,218,26,210,227,140,199,71,29,211,144,31,166,100,38,165,63,118,119,163,255,92,31,255
170,13,159,107,160,46,123,80,185,244,76,68,80,121,23,28,120,74,174,196,60,184,212,0,135,135,176,194,127,46,72,85,211,85,74,238,73,53,165,124,200,81,114,117,124,162,30,203,125,249,132,122,192,83,134,10,192,10,26,165,207,100,0,42,200,0,46,61,63,177,159,123,255,199,113,132,63,152,255,67,26,255,255,208,39,216,145,202,188,0,213,255,138,200,64,227,181,25,42,98,151,94,15,198,123,255,20,156,248,187,156,55,12,120,255,48,255,41,112,117,0,57,4,198,174,137,92,255
168,9,144,113,186,45,117,86,151,170,93,104,48,126,90,58,100,136,100,116,38,154,152,55,56,147,130,168,91,176,128,142,166,181,38,201,123,61,101,102,138,130,74,156,162,150,1,160,61,207,116,172,110,127,255,126,127,70,45,244,53,92,97,178,175,127,214,116,214,177,162,92,195,142,48,55,91,145,96,49,154,209,189,184,5,94,114,134,100,170,167,144,149,73,172,192,61,53,158,78,140,96,116,109,71,255,70,222,90,246,180,212,143,29,255,67,189,184,0,150,10,46,1,183,111,8,198,255
161,7,151,115,186,67,87,81,160,194,127,106,44,132,103,63,88,122,109,131,31,175,150,110,119,159,171,88,103,188,98,196,153,131,45,164,162,85,43,69,133,117,44,132,180,164,105,116,85,191,75,90,115,140,189,114,203,96,8,221,103,73,42,219,196,46,226,111,133,156,122,146,217,227,95,87,99,192,161,26,138,227,184,141,84,38,78,188,192,183,237,241,92,153,132,231,151,94,137,114,246,139,120,143,48,203,125,255,208,204,240,95,125,132,240,75,214,124,0,145,92,90,9,225,244,87,169,255
168,11,151,108,179,70,111,86,189,208,88,59,93,100,60,54,87,149,153,123,47,192,167,52,103,166,146,165,126,109,109,62,148,92,127,157,51,19,110,61,138,164,78,141,168,210,78,160,0,255,183,172,149,77,127,73,133,97,0,141,160,71,58,220,109,149,172,125,122,152,40,165,191,163,118,106,62,170,255,51,129,187,232,163,50,200,81,117,196,122,145,255,8,137,116,211,106,76,84,75,150,204,167,78,67,192,110,69,217,156,175,161,0,110,166,57,0,160,0,192,94,198,0,146,255,70,136,255
165,10,146,99,175,61,80,86,132,233,117,83,76,85,69,18,78,79,109,112,71,240,162,32,120,167,144,158,144,113,102,100,168,45,136,158,95,58,64,0,224,202,103,112,174,174,140,128,87,146,101,149,139,93,112,121,179,39,0,174,219,75,32,255,88,111,120,60,20,177,92,71,156,165,140,74,66,209,235,91,138,145,255,66,17,140,57,79,130,171,244,251,79,149,105,255,139,255,52,216,179,68,9,78,107,187,177,232,134,209,220,78,24,175,138,0,178,110,0,184,56,149,109,249,179,194,126,255
170,7,157,99,147,59,83,89,155,238,121,78,36,62,43,41,63,112,122,129,50,255,158,6,177,161,112,164,112,94,156,53,158,52,171,156,111,46,29,0,148,252,85,138,201,218,156,133,9,208,148,87,218,65,58,25,247,11,0,146,190,142,84,255,166,119,158,77,131,131,115,95,167,167,34,45,0,232,255,64,101,181,210,85,138,234,100,55,209,255,214,255,97,200,51,223,98,255,58,168,175,197,165,114,41,122,185,153,178,255,225,223,0,131,230,100,146,242,0,255,0,147,62,135,227,99,228,255
168,7,154,105,168,71,94,98,144,248,95,73,80,41,60,36,75,99,153,120,71,253,187,31,145,206,127,97,159,106,114,85,170,63,159,154,28,63,42,0,212,170,102,167,169,146,90,139,15,141,103,192,129,69,156,62,174,109,0,127,173,117,35,255,111,146,214,73,92,202,77,121,148,117,119,76,57,255,255,63,45,139,210,87,49,185,31,143,207,208,255,255,27,161,97,174,78,217,0,187,136,174,99,39,108,101,167,105,179,255,231,117,9,228,192,24,160,150,0,189,0,233,55,255,255,65,83,255
169,4,155,100,146,68,95,82,175,242,96,62,44,64,53,48,71,120,145,127,75,239,193,0,164,155,124,139,116,110,121,52,189,40,137,166,101,25,43,14,158,167,92,92,157,202,61,123,3,195,146,119,199,60,70,38,220,44,0,147,152,90,50,255,135,137,183,107,48,182,87,160,188,169,87,77,24,231,255,44,56,190,219,82,58,253,53,88,255,249,255,255,54,184,76,219,141,216,49,171,133,250,154,98,41,110,153,88,250,255,255,196,9,117,200,60,166,208,0,255,0,233,16,194,196,123,95,255
167,5,146,100,162,60,90,86,152,218,105,78,58,78,78,55,92,110,114,130,59,224,168,51,145,151,152,169,150,152,116,101,169,78,110,154,132,31,52,23,169,180,81,121,147,204,47,102,17,133,127,138,125,89,141,118,212,76,0,154,140,94,47,222,138,113,191,111,125,212,68,153,151,143,91,45,67,201,255,47,131,173,203,85,32,191,84,75,220,255,229,255,36,126,100,211,84,184,95,181,177,113,116,77,56,169,120,145,189,255,204,152,19,77,244,0,108,180,0,231,0,121,12,199,188,70,117,255
171,3,155,96,144,66,85,88,162,234,114,84,44,70,54,51,68,107,119,132,65,255,155,9,155,149,120,175,122,103,124,39,185,6,156,167,126,21,39,0,161,206,95,84,178,223,105,121,32,203,187,94,202,80,86,41,237,44,0,153,148,84,48,254,169,158,150,102,86,152,105,171,199,212,87,72,20,235,255,55,49,167,210,60,96,255,66,56,255,255,255,255,40,155,55,191,176,228,47,197,129,167,149,96,15,136,175,102,180,255,220,214,0,82,212,120,133,255,0,254,0,181,39,148,177,109,85,255
167,3,149,109,169,72,94,82,172,196,99,70,48,79,65,58,63,121,149,123,29,214,205,62,135,168,156,111,119,126,127,85,196,95,135,141,82,30,37,4,147,164,158,137,197,168,50,147,1,210,82,172,116,82,123,96,172,99,0,149,142,47,75,221,170,105,202,108,159,200,54,127,155,125,102,78,73,194,255,5,95,199,224,104,57,212,75,92,219,255,191,255,10,130,105,222,65,155,55,110,172,219,126,78,72,134,156,127,255,229,252,161,0,137,255,20,69,157,0,194,0,192,0,255,217,0,182,255
171,13,164,126,150,25,125,63,206,191,39,52,45,137,20,13,83,106,121,131,31,219,201,9,50,120,141,118,86,67,40,82,193,94,84,172,118,23,114,85,183,76,108,142,206,230,17,177,92,239,115,102,129,134,63,77,144,106,19,176,152,38,86,116,253,0,122,121,87,143,117,152,255,170,112,28,138,141,255,11,107,255,203,180,72,145,130,119,91,0,246,255,138,150,179,255,161,28,90,62,205,143,49,231,81,234,109,207,255,205,236,95,100,82,144,32,128,130,0,240,70,62,123,188,156,213,255,255
172,9,151,100,154,58,81,89,182,217,82,70,37,85,68,79,92,119,106,142,43,255,128,0,180,160,137,181,64,161,181,20,150,67,117,97,251,0,69,60,168,255,94,84,223,221,142,56,4,110,196,94,196,101,72,50,169,75,14,187,159,77,13,158,91,83,107,141,170,201,29,203,236,128,28,112,47,255,255,82,187,225,227,179,60,175,125,147,255,237,239,255,55,139,37,179,9,218,126,223,87,133,99,63,0,125,32,25,198,203,92,171,64,41,83,19,58,185,0,255,156,164,0,120,127,89,0,255
174,17,154,94,186,60,119,115,181,199,108,42,129,76,90,83,104,131,160,141,29,255,140,42,134,205,169,110,194,151,142,103,159,123,131,121,110,69,67,113,241,178,125,178,142,134,78,111,35,108,93,166,138,48,55,60,123,157,122,212,206,43,80,162,83,78,172,33,226,189,38,169,255,149,98,133,108,233,225,112,187,254,236,129,0,176,138,239,216,109,234,255,126,255,67,196,0,152,158,148,208,184,96,16,102,179,118,104,179,255,229,157,119,98,91,0,40,160,84,163,150,159,55,105,163,93,0,255
169,13,151,94,167,57,84,99,162,233,99,56,54,72,71,62,110,115,109,138,51,255,145,24,181,150,144,172,101,136,179,88,158,39,141,130,172,36,44,68,168,245,42,82,167,184,132,96,32,138,129,106,204,92,92,81,207,54,24,177,211,104,49,195,80,71,132,109,99,180,78,125,184,151,69,72,48,235,255,113,128,197,228,103,2,182,100,118,241,212,203,255,114,199,71,240,15,215,94,232,181,128,109,73,37,188,114,98,196,253,182,133,81,99,141,0,157,121,0,222,83,108,0,145,183,130,0,255
166,17,165,88,179,56,92,105,174,240,111,48,81,108,93,87,108,128,121,118,48,255,154,103,122,219,159,160,159,139,152,119,118,67,103,113,199,36,40,139,171,196,37,150,112,197,129,53,88,159,103,144,158,81,89,128,203,66,0,213,208,136,38,204,112,47,73,89,153,187,101,178,250,89,80,94,49,255,223,86,204,169,236,117,35,132,73,152,168,248,132,239,143,227,100,216,0,156,95,250,195,96,165,76,90,227,132,100,123,255,226,29,27,75,85,0,153,65,63,57,148,3,0,145,250,223,27,255
168,12,156,94,164,65,95,94,171,245,88,74,48,100,91,72,117,118,109,113,54,255,111,100,160,175,168,154,127,144,158,84,88,71,68,125,211,0,5,121,169,214,85,112,159,194,129,37,96,119,138,99,101,113,96,126,240,49,18,172,246,136,74,210,179,65,75,80,134,208,77,146,203,135,68,62,42,255,255,46,94,186,244,39,49,158,179,139,237,255,151,255,104,174,80,237,0,166,113,255,255,117,203,67,0,139,129,106,174,255,184,90,27,56,99,0,84,192,0,209,108,0,0,188,219,161,0,255
177,11,152,103,168,73,104,102,189,178,115,44,86,77,76,74,97,122,155,160,35,255,120,14,161,160,177,147,172,153,125,67,148,90,128,130,182,20,71,73,195,186,106,130,177,163,93,91,51,102,144,166,138,103,85,35,179,73,50,184,148,56,0,194,100,150,187,85,177,171,23,255,252,99,24,129,79,198,255,64,185,255,169,102,0,234,85,167,255,192,189,255,72,178,53,132,0,155,149,179,62,132,82,19,50,135,91,97,220,236,157,199,123,156,108,4,17,172,50,220,110,255,0,83,92,14,0,255
173,12,149,90,169,58,93,105,173,199,87,54,60,78,74,77,87,130,105,132,55,255,101,0,203,142,163,185,103,132,194,22,138,42,126,119,202,29,20,80,156,255,81,86,187,189,116,80,7,100,162,96,191,94,49,44,164,59,47,199,135,54,44,176,93,109,138,107,193,154,62,207,246,103,60,80,100,222,255,86,158,255,207,156,0,199,149,143,255,246,191,255,121,176,5,163,0,223,197,255,112,154,131,29,0,169,95,82,196,248,137,225,81,89,77,0,68,181,0,222,114,201,10,128,74,93,0,255
173,14,151,99,169,64,101,110,163,239,76,60,76,63,78,48,116,107,115,123,65,247,101,21,160,153,160,150,128,136,170,52,108,78,83,150,173,23,38,101,207,232,73,107,172,202,109,65,50,99,171,115,141,116,72,64,178,61,30,206,167,108,76,209,131,121,110,107,164,197,37,186,203,154,107,102,52,255,255,119,115,216,222,130,0,157,182,142,255,255,252,255,85,184,41,199,46,205,144,235,137,144,148,22,10,166,107,49,193,255,152,221,78,69,88,0,51,206,0,251,66,129,69,132,141,73,0,255
171,16,161,88,176,75,109,102,172,215,116,86,79,107,59,91,133,114,107,131,28,255,118,67,109,180,188,120,156,140,161,114,152,79,102,175,171,22,65,76,198,183,80,77,146,207,135,82,94,135,136,90,128,110,53,115,206,80,49,185,171,100,48,219,137,120,109,85,119,191,69,169,255,189,128,81,70,255,255,67,111,238,211,39,5,189,97,168,219,242,169,255,103,192,125,228,0,159,171,200,255,120,162,40,46,173,141,175,165,255,207,113,70,80,117,0,63,183,40,176,164,62,4,146,172,131,0,255
