159,30,158,62,255,79,134,126,134,217,142,113,182,210,69,102,161,160,127,123,76,255,137,134,65,75,233,233,76,119,127,78,168,143,135,229,55,0,213,195,149,141,53,149,0,222,164,81,53,118,165,117,96,121,63,214,179,45,202,205,255,43,138,255,0,188,255,0,82,115,155,159,255,121,153,139,76,202,94,255,101,160,199,54,0,104,0,213,201,88,42,131,194,157,23,218,84,0,145,182,236,0,254,122,0,183,121,203,15,255,92,87,106,21,255,0,48,145,0,81,133,51,0,117,255,26,0,255
157,26,189,56,249,91,131,115,149,222,144,158,121,216,156,188,86,191,124,83,51,255,51,184,26,131,215,169,155,125,123,85,255,109,96,124,110,111,195,149,107,135,0,239,105,142,168,122,136,215,169,71,136,201,42,108,114,106,224,255,255,76,135,255,87,120,234,61,204,9,215,139,160,176,56,176,0,255,90,187,111,122,209,28,105,101,18,255,122,133,124,172,224,248,0,255,0,32,255,222,255,0,255,45,47,196,67,161,97,231,224,65,252,0,255,122,143,179,0,84,67,0,0,47,204,0,0,255
152,20,171,53,246,92,122,108,147,211,149,147,110,224,184,156,59,177,119,89,57,251,81,174,35,152,243,185,131,108,136,103,244,146,78,100,147,121,124,119,89,169,16,233,85,111,168,143,139,224,151,54,144,181,64,86,122,21,196,255,255,44,112,255,109,137,210,107,255,0,200,143,140,131,102,119,74,255,62,185,37,159,203,0,130,163,87,255,119,198,57,185,160,255,0,255,0,0,255,225,255,13,255,37,38,255,91,200,113,255,236,109,179,43,249,47,128,205,0,105,59,0,0,143,190,0,44,255
152,20,181,41,255,117,156,107,149,255,124,185,112,242,186,198,69,219,148,128,75,241,34,176,61,146,176,255,149,98,158,86,198,196,71,176,157,116,209,101,92,177,0,255,91,158,210,222,237,230,189,76,66,216,55,140,145,124,248,255,255,72,157,255,27,44,245,149,255,0,179,188,149,187,109,84,110,255,73,147,0,137,201,40,32,208,0,247,86,153,121,166,202,255,0,255,0,0,255,224,255,0,255,184,105,239,70,64,149,255,185,222,248,0,255,29,181,209,0,151,87,0,0,45,163,0,4,255
156,29,168,62,255,88,142,124,158,218,141,140,142,248,143,154,129,182,148,105,49,255,134,163,27,124,221,234,106,129,179,71,190,98,126,144,110,136,225,95,134,132,19,196,59,118,255,197,100,184,127,97,121,194,83,216,183,65,218,255,253,0,160,255,24,118,243,60,249,0,92,152,144,142,130,100,28,230,25,255,44,219,201,29,44,161,55,255,103,28,84,241,124,255,14,170,0,0,208,211,255,0,217,53,0,255,105,196,119,223,106,35,228,29,255,152,233,130,0,90,199,0,0,103,255,0,53,255
155,29,159,64,251,75,143,123,144,216,158,128,145,240,136,131,129,169,137,88,64,255,133,188,63,93,255,226,58,129,165,102,185,104,119,140,148,86,217,161,126,108,28,203,0,112,198,146,104,175,181,13,118,176,67,208,199,83,237,255,252,17,157,255,56,101,255,52,185,10,136,126,191,119,164,153,0,204,16,255,95,235,253,2,77,123,150,254,128,63,22,213,227,255,0,200,0,0,255,219,255,0,255,144,12,255,118,195,99,255,74,129,192,31,255,127,135,130,0,31,148,0,0,85,255,20,54,255
154,20,178,45,252,108,140,124,156,226,127,177,116,238,152,174,90,204,129,107,79,234,62,134,57,144,207,222,156,117,137,94,213,134,77,197,161,81,220,115,129,159,0,236,48,194,205,175,137,167,176,71,36,168,69,104,137,101,195,255,255,36,128,255,42,93,225,91,211,0,191,161,219,177,102,101,78,224,80,176,25,180,248,35,82,127,59,255,80,104,74,176,211,255,0,255,0,82,255,208,252,0,255,153,46,255,79,117,71,190,249,211,232,0,233,25,134,229,0,188,62,0,0,50,231,0,0,255
151,18,171,40,244,85,133,127,170,209,128,149,141,223,126,138,123,176,104,102,73,214,47,146,108,153,220,185,156,83,117,110,215,58,73,156,146,55,175,134,153,151,0,198,1,181,137,138,43,239,183,57,57,184,136,75,124,46,135,255,255,25,42,217,86,98,211,49,158,0,235,120,252,110,82,96,86,238,166,213,0,168,221,29,92,143,70,255,52,40,21,180,247,221,0,255,0,72,255,198,228,0,255,58,137,255,71,94,31,222,227,253,205,0,235,49,95,172,0,194,0,0,0,48,236,11,62,255
154,18,168,56,219,62,103,75,203,185,41,123,175,188,33,110,119,150,168,162,33,186,75,81,152,122,243,240,177,0,55,39,102,40,64,176,37,35,191,99,0,138,0,134,196,118,0,190,0,255,255,123,0,227,115,50,157,40,0,252,152,76,2,255,187,103,36,75,205,153,209,30,255,190,89,43,84,18,62,255,0,161,255,255,255,97,164,99,19,0,0,255,89,255,74,205,255,0,255,215,198,77,87,218,154,255,17,62,0,27,255,85,32,0,255,0,252,163,0,151,167,110,0,134,231,159,121,255
155,13,170,58,168,8,133,40,230,255,18,131,173,241,0,10,112,159,143,230,56,184,176,0,142,170,182,237,190,47,0,0,29,0,79,209,6,0,255,215,0,206,0,164,243,130,75,252,0,255,226,112,0,192,162,158,134,0,0,242,72,8,0,114,255,0,58,0,255,102,241,114,255,255,81,37,0,85,99,255,0,121,255,255,255,122,255,127,36,0,0,255,217,213,82,0,255,0,255,110,93,143,0,156,178,255,0,255,131,190,0,0,9,0,255,0,63,0,0,176,142,117,21,255,170,255,255,255
157,28,173,61,231,58,122,91,179,206,133,93,171,218,114,118,67,156,176,117,45,255,214,193,24,143,255,177,60,98,104,136,122,83,86,144,98,35,159,176,0,60,0,255,180,147,120,157,111,255,203,128,0,194,22,145,42,84,61,255,255,29,33,255,133,88,136,70,165,76,149,7,250,94,0,202,60,175,60,242,175,235,240,128,255,218,120,205,0,0,0,255,179,79,33,245,33,21,255,110,243,0,223,128,0,255,99,52,0,151,118,112,116,124,255,9,138,77,0,30,200,0,0,136,101,0,255,255
153,20,170,48,232,81,142,119,165,232,123,137,168,218,107,130,116,183,112,124,78,217,85,175,90,128,234,183,128,107,87,114,194,73,125,150,102,34,255,178,103,156,0,230,8,167,121,133,101,255,192,42,59,155,93,40,104,74,195,255,255,59,71,250,26,61,255,61,201,0,255,59,213,186,120,131,25,255,173,237,16,177,251,29,46,134,81,255,96,21,0,184,253,213,8,255,6,17,255,159,255,0,255,77,168,255,120,69,109,255,226,169,211,0,188,14,83,182,0,162,19,0,0,73,193,25,0,255
157,31,192,60,255,97,142,120,151,219,147,149,128,229,150,184,96,198,149,96,45,255,84,193,31,112,212,197,139,133,146,62,240,117,101,111,97,127,226,156,99,139,0,231,115,139,189,141,147,216,167,93,151,219,15,157,134,80,212,255,255,24,177,243,90,117,255,91,255,3,211,123,173,181,36,134,24,255,68,197,129,134,186,67,120,110,12,255,151,77,117,173,255,255,0,255,0,62,216,209,255,0,255,118,43,237,45,182,98,164,235,43,239,0,255,206,184,204,0,99,68,0,0,24,255,0,94,255
155,25,182,59,252,87,146,108,165,210,129,151,116,231,153,168,69,200,165,115,54,253,97,176,18,126,232,221,154,116,171,80,230,118,63,148,146,125,224,89,109,141,0,218,120,124,211,159,212,235,180,84,118,211,71,180,162,116,207,255,255,18,81,255,86,130,231,133,232,0,161,157,110,169,76,145,61,255,57,231,97,157,181,0,63,192,54,255,127,85,72,255,213,253,0,255,0,0,255,251,255,0,255,101,61,218,89,148,129,198,154,116,255,0,255,177,137,103,0,63,71,0,0,131,157,0,57,255
156,23,179,49,247,98,145,127,148,236,136,160,126,223,159,174,94,200,120,105,66,236,71,156,42,163,194,196,149,136,128,105,216,146,101,198,146,75,229,168,130,140,11,235,30,159,160,140,112,179,175,78,79,170,75,117,136,113,224,255,255,65,138,255,28,112,212,52,184,7,187,116,237,169,85,143,56,255,112,204,84,159,255,46,95,111,58,255,110,93,80,155,229,255,0,255,0,29,227,204,255,0,255,84,68,210,66,97,69,229,174,116,230,0,212,24,115,193,0,96,91,0,0,62,231,0,0,255
153,21,172,50,244,92,141,125,167,225,131,150,141,246,127,144,118,189,116,115,73,209,82,155,68,146,218,189,145,111,96,107,216,73,90,172,119,53,227,165,116,147,0,234,6,159,166,148,100,246,173,38,66,204,153,98,106,52,177,255,255,15,40,231,36,123,250,57,178,14,236,101,252,157,103,129,67,234,115,226,4,160,224,51,101,148,97,250,56,0,0,174,248,228,0,255,34,9,250,157,240,0,255,81,109,255,103,118,99,253,194,131,194,0,255,80,127,148,0,158,22,0,0,98,223,0,17,255
153,21,165,58,237,79,125,127,173,216,133,136,163,220,110,101,98,168,126,134,82,242,77,163,58,80,255,210,100,121,126,109,182,74,88,172,156,54,233,170,109,169,0,221,14,196,169,145,121,178,179,59,11,127,56,106,129,43,146,255,255,34,94,255,64,65,255,24,103,35,194,132,255,218,114,198,39,211,88,255,68,226,225,0,96,177,84,255,56,32,0,175,236,255,0,255,17,3,255,156,225,0,255,105,37,255,117,73,91,215,177,173,255,0,253,27,166,221,0,79,31,0,0,62,179,46,53,255
152,20,176,46,245,92,126,124,163,217,137,149,140,228,149,148,100,189,122,102,71,204,49,176,71,154,233,182,132,102,84,125,242,94,80,137,121,62,202,165,85,158,0,239,0,165,143,134,78,255,194,53,94,201,118,88,105,42,146,255,255,40,69,248,90,121,232,57,156,39,255,107,249,123,77,95,61,226,184,198,32,177,235,47,134,155,94,248,89,41,0,155,255,204,0,255,11,20,255,154,246,0,255,18,122,255,67,149,43,236,222,183,202,0,255,79,103,206,0,166,0,0,0,98,216,0,17,255
154,19,165,55,233,75,114,123,172,202,142,116,154,191,136,108,110,162,124,114,76,232,102,162,59,135,255,178,101,137,92,116,176,90,83,132,172,30,159,178,118,159,29,198,0,158,145,121,61,227,193,75,53,107,109,97,141,44,105,255,254,49,23,255,77,145,209,24,142,14,195,113,253,132,69,185,55,206,168,255,73,203,233,0,114,161,92,226,95,69,5,182,237,188,0,255,0,36,240,175,228,0,255,5,86,255,90,73,55,226,233,175,224,0,207,16,152,216,0,110,0,0,0,66,212,35,89,255
151,17,158,54,230,61,156,121,185,236,113,128,185,254,58,75,162,163,143,153,104,216,96,115,109,140,167,233,105,81,71,82,135,26,84,135,105,73,255,179,151,186,0,188,15,120,93,181,22,255,234,0,143,188,175,103,99,64,114,255,227,0,0,144,93,62,188,70,208,18,255,85,252,144,255,26,38,206,237,255,0,155,218,187,40,172,197,202,25,0,0,255,255,183,98,251,98,0,255,240,255,0,222,0,255,255,255,152,141,226,185,236,0,0,146,65,44,0,0,255,12,0,0,58,255,77,83,255
154,15,161,66,206,29,181,102,181,242,100,106,188,226,30,27,185,155,143,182,121,217,182,77,94,161,103,193,81,89,43,67,119,22,63,139,109,53,255,235,203,180,0,176,55,101,0,207,0,255,249,20,147,149,189,49,55,77,68,197,122,37,0,145,187,22,227,116,255,0,238,10,240,195,255,82,32,231,193,233,102,182,215,255,43,65,195,186,39,0,50,255,255,128,218,132,222,11,244,251,235,0,180,42,243,255,255,151,216,32,217,249,0,0,30,7,0,0,0,247,0,34,0,93,255,109,166,255
151,17,158,61,239,78,164,135,173,229,142,119,185,246,86,93,170,176,165,143,98,226,122,126,107,164,140,162,95,102,96,95,152,72,99,104,108,51,233,170,120,182,34,119,8,92,48,202,0,255,233,0,112,155,163,119,96,111,140,255,224,0,0,226,80,130,255,114,214,23,220,91,194,124,212,20,51,255,223,255,0,65,222,127,25,101,140,207,58,0,29,224,255,143,84,226,43,80,201,240,219,0,255,10,228,255,255,124,193,218,255,255,0,0,117,19,24,69,0,255,29,51,0,0,255,25,95,255
