170,0,190,109,175,140,33,77,126,3,110,144,144,145,62,25,90,106,255,145,0,252,170,47,152,152,213,169,140,175,203,109,126,115,110,92,135,42,84,234,145,255,134,182,212,182,125,180,122,188,94,112,104,0,118,15,122,25,79,205,210,144,0,243,154,233,255,121,167,88,166,150,252,57,56,241,240,255,29,36,95,252,234,239,28,150,255,255,255,71,0,27,212,12,171,120,39,117,172,163,225,0,109,22,0,53,255,255,255,64,0,94,0,103,133,164,6,0,109,59,141,255,0,255,0,169,90,255
165,0,208,108,185,127,76,112,83,16,139,172,80,137,119,48,146,105,255,135,0,255,108,0,136,153,150,209,141,150,189,147,128,132,129,155,95,20,188,255,198,255,64,137,209,183,101,167,107,209,97,0,37,48,144,0,151,0,45,196,225,106,0,199,51,77,255,152,134,36,129,93,216,129,96,112,156,185,43,85,128,212,146,255,158,158,255,255,170,79,0,0,213,13,138,125,85,76,152,137,217,79,255,167,0,128,255,186,255,255,0,255,0,39,202,39,202,53,24,255,183,248,0,255,160,178,12,255
164,0,204,113,172,125,41,81,98,28,139,127,142,148,84,45,129,60,255,113,0,255,77,0,111,173,116,238,118,147,221,80,141,65,162,135,55,0,176,255,161,154,38,60,175,120,52,81,41,220,78,26,82,100,224,43,125,0,116,248,223,164,0,221,160,124,255,119,136,68,229,103,184,115,141,210,255,156,110,255,113,255,143,255,87,141,255,245,184,0,0,123,111,134,163,214,25,141,44,126,212,54,255,149,0,67,255,162,255,255,12,143,0,65,255,86,219,51,76,255,148,135,0,255,208,187,44,255
166,0,222,104,174,147,51,111,94,0,138,153,116,146,149,31,121,95,255,154,0,255,59,0,128,154,173,195,86,183,200,90,161,140,112,204,68,0,136,255,243,255,56,219,255,225,109,255,202,184,110,52,0,0,58,0,154,24,22,196,255,115,0,255,53,127,255,230,148,23,95,110,196,72,81,31,103,141,55,87,74,162,199,255,136,164,255,255,213,0,0,0,202,57,187,93,39,46,223,184,255,0,255,17,0,31,255,245,255,126,0,255,0,0,79,0,105,0,0,255,255,255,0,255,255,255,0,255
156,9,202,109,205,99,93,99,104,77,121,100,125,96,139,48,117,114,251,124,0,244,75,89,77,180,121,129,140,150,177,147,138,142,157,177,144,3,145,113,132,255,55,195,145,228,78,140,107,207,188,52,74,23,21,70,172,13,123,255,222,95,0,203,149,82,176,97,255,120,74,5,203,200,45,33,71,208,95,211,110,128,255,236,255,254,131,255,243,48,13,4,135,132,91,241,126,44,154,188,157,28,236,69,117,182,224,235,255,86,223,255,42,0,134,63,218,132,100,252,8,232,38,255,235,248,0,255
155,0,188,117,171,88,47,78,92,78,140,106,131,150,113,69,141,81,255,120,0,251,99,0,123,162,105,216,132,126,184,107,157,92,124,124,80,0,130,184,201,208,54,117,174,128,68,42,37,217,160,86,128,162,125,56,205,49,88,255,226,159,0,179,159,163,165,90,140,92,105,133,153,238,57,159,169,215,111,233,56,222,103,255,112,133,255,255,254,46,0,57,105,156,156,201,78,48,0,192,255,74,255,66,141,7,255,65,165,167,89,244,81,27,255,0,229,164,0,255,98,89,51,255,248,121,159,255
162,4,214,111,192,134,56,96,106,26,126,137,122,108,133,24,141,107,255,138,0,255,66,0,104,135,137,184,137,162,218,118,136,131,129,162,108,0,121,238,255,255,77,177,177,220,119,123,115,159,126,38,54,67,46,31,152,20,46,245,255,56,0,219,130,137,211,137,135,66,117,81,191,122,15,36,219,165,63,185,100,147,213,255,218,143,255,255,255,0,0,90,172,95,162,169,62,32,135,251,255,0,255,120,10,95,255,177,255,157,0,255,0,64,68,36,144,116,45,255,207,255,0,255,255,255,0,255
158,0,197,127,182,112,78,90,97,58,134,142,93,126,123,26,129,77,255,113,0,255,79,40,62,158,122,203,131,121,194,121,106,115,132,129,121,16,192,208,168,220,73,113,196,223,134,92,49,199,155,27,87,79,80,2,188,50,102,230,206,112,0,205,97,57,184,64,171,48,159,69,162,150,153,146,160,248,142,207,109,169,151,255,136,213,255,255,210,104,0,59,213,162,163,216,104,94,95,152,229,78,255,129,41,137,235,154,255,239,44,215,0,64,255,0,225,101,87,255,102,179,0,255,127,166,2,255
158,0,203,113,189,120,70,93,111,58,134,112,129,109,137,24,147,113,255,153,0,255,109,5,149,157,136,169,145,154,197,131,128,150,128,134,94,0,98,184,226,255,74,192,169,182,114,139,104,190,146,103,87,71,28,21,193,47,83,241,237,46,0,217,118,143,197,123,142,72,80,136,190,226,0,0,140,192,64,193,100,163,149,255,174,144,255,255,255,37,0,44,196,125,143,178,53,0,102,189,255,0,255,62,98,76,255,136,255,182,0,255,8,7,111,0,163,44,7,255,194,144,0,255,255,255,22,255
156,1,211,113,193,127,79,93,94,57,134,148,103,97,142,42,142,104,255,139,0,255,84,13,74,148,130,185,150,178,221,115,119,144,102,175,146,0,156,154,233,255,106,182,237,255,164,169,129,148,170,76,46,17,0,0,233,41,5,209,255,56,0,228,40,67,56,113,176,42,136,83,160,255,95,60,47,222,150,152,195,146,222,255,252,214,255,255,213,31,0,65,250,105,93,253,103,41,163,255,213,0,255,28,36,87,255,127,255,177,0,255,0,0,1,0,113,87,0,255,209,255,0,255,255,235,0,255
157,8,203,89,215,137,104,120,111,94,119,144,126,91,129,57,140,183,239,136,0,252,101,33,135,167,159,166,167,162,181,149,127,177,106,133,129,41,111,73,244,255,58,255,134,255,133,159,110,135,211,78,139,82,0,69,223,18,84,235,255,40,0,233,89,104,143,141,201,117,53,54,250,210,27,0,55,192,51,160,116,58,255,239,211,203,177,255,255,68,71,13,243,0,76,177,102,62,186,215,192,0,255,111,0,152,255,255,251,60,34,255,0,0,0,8,114,193,0,255,130,163,0,255,184,255,0,255
158,0,206,82,197,143,88,114,115,53,110,170,95,137,147,52,121,142,255,131,0,245,64,28,119,167,154,161,142,190,183,125,141,188,92,210,125,17,132,110,211,255,53,226,200,255,187,254,150,146,202,46,59,0,0,0,234,61,29,221,255,125,0,255,18,113,124,207,242,40,141,68,208,182,89,0,18,156,138,123,149,69,255,255,241,179,255,255,200,57,0,0,255,86,83,255,110,136,255,231,249,0,251,17,0,147,255,255,255,33,0,255,0,0,58,0,118,91,0,255,179,255,0,255,175,202,0,255
156,0,182,140,179,91,61,76,107,106,153,103,133,133,87,52,91,79,255,116,0,241,146,39,73,176,116,217,144,135,173,114,120,127,123,110,131,9,170,136,134,208,105,164,208,155,129,62,52,158,163,130,116,118,41,38,174,78,122,255,198,69,0,201,158,133,141,57,142,93,90,142,110,255,52,120,147,255,122,226,139,189,134,255,184,84,216,255,255,79,11,60,94,84,74,215,93,50,68,197,254,63,255,36,120,60,255,36,255,169,69,255,0,0,227,81,190,110,74,255,108,188,47,255,211,215,154,255
163,0,214,104,169,143,45,107,107,27,145,158,111,139,155,46,121,97,255,158,0,255,52,13,145,157,140,172,97,160,199,65,117,188,106,166,70,0,108,227,255,255,81,238,255,244,151,212,187,139,145,42,0,31,64,0,170,67,13,235,255,117,0,254,82,108,240,184,165,64,102,161,200,121,16,20,87,244,69,140,81,124,219,255,203,120,255,255,255,0,0,57,221,102,171,124,0,54,174,166,255,6,255,84,80,0,255,234,255,137,0,255,0,68,93,0,120,18,0,255,224,143,0,255,233,255,61,255
151,0,178,84,189,130,36,111,141,101,114,124,144,172,119,59,128,76,241,110,34,218,78,17,125,175,158,167,153,184,255,149,148,131,59,176,93,99,95,56,220,243,101,140,160,255,204,211,156,138,234,76,191,0,51,0,208,64,123,255,237,137,82,208,176,122,111,176,192,74,182,130,147,248,105,56,0,251,76,201,81,145,225,212,155,150,230,126,189,0,0,127,195,91,97,255,0,185,190,166,255,0,213,0,125,161,255,165,255,85,12,255,2,5,89,0,237,153,0,255,212,36,0,255,214,255,39,255
156,0,199,83,185,131,32,110,131,36,116,108,139,175,96,43,141,71,255,121,11,245,47,0,122,151,158,180,126,186,238,140,169,95,102,184,50,65,111,163,226,255,34,71,152,237,100,138,85,183,206,30,151,38,60,61,225,0,112,255,255,139,41,255,143,145,127,123,175,60,163,142,219,154,96,113,82,114,107,212,92,172,193,255,138,130,255,255,232,40,4,81,231,182,170,225,38,144,183,226,255,0,241,28,33,91,255,174,255,65,0,255,1,0,203,0,193,115,0,255,255,153,0,255,224,221,0,255
154,4,197,97,195,117,75,114,104,106,127,100,119,134,118,85,170,142,233,136,0,255,132,0,56,144,125,143,168,160,185,127,142,144,86,162,110,45,100,121,244,225,54,182,164,246,111,136,97,200,188,146,206,106,54,40,255,38,98,237,225,72,37,255,156,139,3,160,157,12,70,102,153,255,60,80,6,167,42,230,170,126,97,255,145,224,192,255,184,46,45,67,145,84,86,255,103,75,116,158,246,0,255,0,121,120,255,211,221,127,6,255,53,0,14,0,174,164,0,255,182,91,0,255,255,255,58,255
159,2,214,105,191,127,56,116,106,57,132,93,127,146,111,80,191,154,255,135,0,255,150,0,79,120,141,152,166,153,178,124,154,138,105,164,56,5,93,224,255,206,49,174,176,229,56,163,109,210,154,142,195,159,109,19,208,0,94,249,248,70,0,248,202,97,68,175,114,26,35,120,132,203,0,70,69,160,0,189,133,152,63,255,132,145,255,255,200,0,12,84,97,60,159,141,78,4,147,206,240,0,255,43,69,134,255,195,255,189,0,255,0,0,21,0,131,144,0,255,255,58,0,255,255,255,6,255
153,0,196,104,190,111,58,105,96,97,137,69,140,159,103,95,180,124,246,128,5,255,143,0,74,139,120,167,151,163,175,105,142,153,100,146,66,29,106,164,249,188,17,181,167,209,96,97,89,193,219,154,195,129,88,22,251,5,127,219,232,108,46,248,233,115,31,164,111,103,38,128,117,255,70,108,20,172,36,248,131,145,31,255,117,203,248,247,185,34,75,53,135,112,111,200,98,31,113,221,255,22,255,10,140,77,255,154,165,160,0,255,32,0,67,0,132,166,0,255,255,0,0,255,255,255,61,255
158,0,204,105,172,124,52,104,116,48,136,122,109,148,114,42,151,92,255,150,0,255,74,10,99,138,135,166,120,145,185,119,142,119,114,133,50,0,154,195,228,249,37,135,215,218,79,124,63,214,187,65,152,78,105,20,224,32,89,253,254,121,0,255,126,145,146,111,157,44,116,112,180,144,41,136,87,160,52,234,114,143,145,255,191,188,255,255,244,50,0,44,158,128,195,224,92,33,137,189,255,4,255,37,71,84,255,189,255,111,0,255,11,20,162,0,168,104,0,255,198,162,0,255,175,247,0,255
163,3,212,93,184,139,79,104,150,65,127,106,129,183,119,67,122,182,255,148,16,221,47,60,129,149,139,178,119,184,166,101,127,199,115,124,124,0,94,119,231,255,0,210,172,242,195,171,123,194,255,38,126,99,64,105,255,30,133,255,255,140,0,201,142,38,116,141,242,71,106,182,215,123,0,0,202,252,51,255,75,65,243,255,215,147,131,207,255,135,0,145,255,208,152,59,0,61,255,183,255,63,151,104,45,188,230,176,230,39,0,255,21,0,99,2,113,230,46,225,161,255,0,255,168,111,0,255
158,1,207,106,191,127,81,99,124,54,123,103,122,177,88,44,170,118,255,135,4,255,54,43,89,150,106,151,131,145,195,124,157,102,123,119,84,8,109,188,208,228,0,144,169,196,47,91,22,220,200,106,147,147,97,82,225,0,136,227,240,109,0,255,169,109,110,149,146,69,76,112,155,199,50,53,136,143,0,255,112,126,107,255,171,176,243,255,255,87,0,32,197,218,191,187,103,4,147,205,255,34,237,85,62,165,255,228,255,73,0,255,62,0,149,0,135,161,0,255,220,188,0,255,175,172,0,255
154,0,206,79,180,129,67,106,121,72,121,132,89,160,136,66,143,87,250,149,0,241,66,0,74,161,114,158,113,206,201,115,174,165,67,183,11,13,160,91,238,255,0,163,242,255,157,168,87,179,223,62,107,65,1,0,255,4,30,222,232,103,86,255,32,116,21,142,194,40,102,133,209,232,99,22,0,188,114,220,132,59,226,255,251,119,255,247,222,78,15,119,255,168,177,192,100,162,192,255,255,6,255,25,72,28,255,123,218,82,0,255,59,0,134,0,133,63,0,255,255,210,0,255,255,132,0,255
162,0,227,68,168,128,78,117,113,59,135,132,68,186,165,104,158,167,243,198,0,237,52,0,157,145,107,139,70,202,131,143,179,221,118,149,0,10,87,95,255,255,0,212,225,219,171,167,163,255,231,0,50,147,67,66,255,8,97,200,255,83,36,255,13,30,54,76,180,54,0,167,255,185,0,0,0,243,0,232,92,0,242,255,255,10,255,232,255,255,0,147,255,255,255,0,36,0,255,255,255,146,140,166,85,0,135,81,0,12,0,255,108,54,211,0,0,12,0,245,255,255,52,255,255,0,0,255
154,0,201,106,186,118,20,118,109,83,152,64,156,153,126,103,196,113,255,142,0,255,159,0,94,118,127,180,151,150,231,105,181,118,81,152,42,59,77,228,255,159,28,174,149,210,73,137,133,214,152,188,244,184,185,0,188,29,92,255,255,109,3,174,255,56,153,159,74,83,23,154,100,252,0,92,67,196,0,255,105,231,0,255,112,123,239,199,174,0,23,203,144,42,176,66,0,0,149,210,255,13,255,21,212,170,255,157,210,202,0,255,98,3,25,0,255,194,0,255,255,0,89,255,255,255,127,255
161,1,211,93,192,137,39,100,103,77,110,93,152,120,124,79,165,119,255,151,0,255,130,0,110,122,133,152,176,134,228,87,119,153,119,187,91,0,90,255,255,207,116,225,151,213,15,126,112,220,107,134,161,135,230,60,124,42,65,255,255,72,0,255,248,192,228,161,153,26,130,82,183,201,0,77,112,207,0,205,119,169,143,255,123,88,248,223,214,0,0,181,71,0,76,225,13,59,154,165,212,41,232,79,71,94,255,238,255,158,0,255,29,26,53,0,137,153,0,255,179,0,0,255,255,255,141,255
161,3,196,93,195,127,49,101,142,91,118,79,152,143,84,70,159,127,246,131,26,235,113,14,132,135,146,164,156,163,197,130,133,120,111,127,104,62,64,164,244,191,84,147,101,158,97,100,78,185,140,143,202,123,123,89,191,58,118,255,255,112,38,231,229,134,186,119,145,110,118,116,165,185,0,74,126,163,0,231,129,153,155,212,123,102,148,210,231,65,84,211,131,87,145,236,13,85,178,170,254,0,107,54,60,208,255,249,255,121,28,255,62,23,105,0,183,183,0,255,132,172,23,255,255,184,14,255
158,7,204,105,203,111,123,118,102,141,151,82,106,172,101,77,141,236,228,120,40,180,108,48,75,180,126,161,123,216,120,156,114,161,103,102,112,59,135,63,203,255,0,189,98,244,91,92,68,179,255,80,209,154,68,141,248,0,169,204,255,65,43,208,167,73,72,79,150,134,9,124,213,255,79,0,81,219,63,220,148,65,168,244,246,239,99,248,255,199,128,64,125,168,118,116,110,41,96,181,195,107,176,91,64,183,255,204,11,126,80,222,67,0,35,61,112,227,17,156,30,115,106,249,100,89,0,255
162,0,206,101,178,129,58,101,126,53,127,98,139,157,103,49,141,132,255,144,0,249,115,0,126,157,140,148,148,156,166,109,140,162,125,125,64,0,89,193,238,236,61,170,179,188,112,158,106,190,151,75,135,90,117,32,203,35,103,255,255,113,0,242,162,116,172,148,158,74,110,133,166,127,0,60,109,237,0,243,101,135,189,255,138,102,255,233,248,14,0,67,160,127,186,165,18,44,145,134,255,0,196,86,44,88,255,233,255,133,0,255,4,41,94,0,173,96,0,255,157,151,0,255,198,236,42,255
160,0,190,94,183,129,29,108,166,82,92,72,151,157,93,52,140,95,255,131,45,224,122,26,131,156,170,145,166,212,250,161,149,149,90,148,147,116,44,146,221,182,116,148,107,208,158,136,83,200,169,115,245,43,121,119,208,111,194,255,236,196,100,216,255,150,201,140,220,115,200,161,244,169,39,161,115,222,4,243,119,235,180,234,91,139,131,189,228,55,44,203,161,81,141,255,0,76,174,100,242,0,81,0,50,182,255,255,255,66,2,255,5,0,175,0,138,145,16,233,181,214,100,255,255,255,47,255
154,0,183,105,180,113,41,108,129,117,135,60,152,190,86,51,170,73,228,119,44,238,115,69,99,162,148,111,167,170,197,153,145,93,112,123,117,115,89,153,205,156,36,134,96,255,122,83,35,178,204,136,255,128,121,110,238,90,159,255,201,156,56,227,233,179,117,160,150,76,130,131,151,255,89,153,27,181,71,255,53,204,42,255,111,202,166,217,255,90,52,114,126,125,120,242,37,48,87,99,255,0,226,38,97,91,255,229,255,60,34,255,64,31,145,0,204,141,0,255,198,0,36,255,182,255,3,255
163,0,216,84,171,129,32,101,109,38,122,91,122,152,127,63,183,103,255,164,0,255,111,0,153,139,156,124,147,176,191,96,153,113,143,172,0,1,78,241,255,255,61,155,167,204,83,167,128,254,115,46,97,137,180,44,158,12,100,183,255,120,0,255,182,149,219,134,162,0,108,132,255,142,0,69,24,152,0,175,76,119,153,255,171,46,255,238,217,41,0,138,121,102,188,180,0,10,171,179,251,0,212,101,82,0,254,183,251,125,0,255,22,65,190,0,68,39,0,255,255,73,0,255,255,139,0,255
158,0,203,83,180,124,60,109,136,65,116,83,131,180,99,73,167,118,248,170,25,232,78,10,144,144,138,138,144,177,189,134,160,140,117,148,39,0,82,138,235,255,0,159,152,219,89,135,95,255,252,72,180,125,122,115,254,0,139,255,255,150,76,255,145,155,64,125,197,127,67,194,237,220,0,22,29,184,0,255,126,113,166,255,184,118,231,174,255,167,11,67,237,228,212,153,78,0,174,237,255,0,142,72,20,105,222,136,165,0,5,255,37,0,218,0,75,101,0,212,255,162,12,255,255,52,0,255
157,0,205,111,175,120,78,101,114,50,128,112,112,167,126,26,141,93,255,123,0,255,63,48,84,175,120,147,140,132,174,108,132,115,148,143,82,16,86,167,212,242,41,158,194,255,100,116,13,217,185,41,128,99,99,40,233,2,93,203,234,139,0,255,146,124,168,118,175,43,68,125,149,176,68,102,75,254,63,247,85,93,149,255,148,173,255,255,255,79,0,0,159,214,184,190,125,44,86,126,255,67,255,86,81,129,248,255,229,108,0,255,3,0,219,0,155,87,54,255,151,176,16,255,140,224,142,255
157,0,202,94,178,124,45,114,114,54,146,102,128,166,134,66,180,122,255,154,0,246,102,0,143,140,160,153,148,153,194,127,149,141,107,179,39,17,52,162,255,255,60,192,167,254,110,195,160,235,190,83,181,79,72,0,238,14,75,255,255,99,0,249,138,167,123,146,115,53,34,182,190,227,0,0,0,223,0,150,93,148,97,255,148,131,255,221,255,36,0,25,210,87,201,126,18,0,144,164,255,0,255,20,138,110,255,221,243,91,0,255,4,0,91,0,163,55,0,255,255,21,0,255,255,255,72,255
153,0,198,100,183,123,60,113,121,106,139,75,135,185,104,78,172,121,255,128,11,255,110,32,84,155,136,155,145,154,181,109,156,108,87,139,69,74,87,153,230,188,0,163,122,255,98,103,68,173,215,165,228,163,105,57,255,22,125,255,244,118,27,243,198,142,78,161,138,45,54,144,127,235,59,92,45,187,41,255,68,181,44,255,122,202,192,248,255,101,53,88,184,193,149,154,68,34,116,148,255,3,255,40,104,104,255,240,191,82,0,255,117,0,99,0,247,138,0,255,205,0,11,255,230,255,42,255
156,0,189,117,168,115,25,88,107,59,134,95,146,178,76,57,140,43,255,110,0,255,122,0,81,179,112,177,153,147,186,112,180,86,129,116,33,39,133,225,178,196,8,93,211,196,57,68,24,202,170,111,211,110,109,54,197,40,139,255,204,149,4,255,179,198,174,159,152,113,135,134,163,208,83,179,55,166,86,250,119,191,81,255,107,176,255,239,231,0,0,66,123,59,181,190,88,148,17,155,255,0,255,46,19,35,255,182,255,151,0,255,0,61,215,0,208,72,0,255,255,0,0,255,198,255,121,255
163,0,209,103,173,148,58,104,125,31,139,149,127,203,100,10,137,55,255,105,0,255,0,121,121,203,175,170,91,141,203,83,132,77,124,129,125,124,95,196,213,180,0,119,207,249,103,157,24,136,175,4,74,44,104,62,206,18,145,197,249,187,0,255,158,104,255,171,168,1,194,143,214,81,150,127,164,133,163,217,30,87,149,255,80,244,255,255,255,38,0,92,200,201,140,177,42,170,186,121,255,74,255,58,0,67,199,255,255,122,0,210,0,51,250,0,96,82,29,212,229,186,0,255,0,225,0,255
153,0,204,113,182,134,101,98,118,96,129,139,106,183,143,1,136,106,255,109,10,234,29,103,82,217,124,130,132,153,207,132,130,123,83,125,149,94,102,101,207,228,0,155,191,255,142,133,0,156,255,91,135,87,41,41,253,17,151,210,236,98,0,201,123,124,130,189,189,0,79,129,184,200,111,74,47,227,105,255,75,98,170,255,167,255,222,255,255,86,0,56,243,255,107,181,65,40,116,134,255,104,255,14,75,145,249,217,255,75,0,255,10,19,102,0,134,146,17,255,127,87,0,255,26,252,76,255
158,0,213,82,182,134,79,111,130,67,113,102,105,188,112,84,161,158,255,158,0,225,70,13,128,150,152,179,124,149,169,110,151,137,95,129,50,0,118,105,201,255,0,205,197,255,127,171,68,248,237,55,152,139,130,103,255,0,110,195,221,164,69,255,151,51,55,138,230,10,111,130,172,115,17,1,57,242,2,246,43,80,203,255,133,147,195,255,255,126,0,50,227,204,175,121,49,61,255,226,255,31,253,47,0,100,219,167,167,61,0,255,13,0,155,0,62,194,0,255,247,136,0,255,177,108,0,255
164,0,211,101,167,125,37,93,124,26,125,73,155,162,79,47,170,123,255,136,0,238,119,0,151,136,135,188,121,173,197,117,159,83,149,111,27,0,94,255,188,201,33,94,176,154,74,121,46,255,126,85,162,121,169,83,227,0,115,223,219,167,35,255,193,99,159,160,132,29,177,129,212,109,15,136,153,151,12,255,117,160,154,255,110,107,255,185,228,1,0,93,134,128,225,163,29,29,83,125,241,0,245,78,10,0,255,166,255,176,0,255,0,37,191,0,107,89,0,255,218,168,0,255,231,134,0,255
164,0,217,95,170,138,37,106,116,34,125,100,126,156,118,45,168,106,255,160,0,255,66,0,129,127,164,180,111,159,203,111,142,118,128,163,25,22,105,241,255,229,53,136,154,200,82,162,126,246,132,49,124,87,211,68,174,0,88,255,255,129,0,255,216,120,239,160,136,0,174,112,213,64,0,89,114,186,0,220,76,170,170,255,143,75,255,221,254,20,0,125,114,98,199,167,0,20,162,132,228,6,213,99,31,70,255,253,255,157,0,255,0,68,195,0,142,92,0,255,213,125,0,255,255,229,49,255
160,2,219,100,185,133,76,123,107,93,135,93,103,146,133,77,174,162,255,133,0,241,88,40,86,147,156,181,139,166,166,111,96,130,112,162,106,72,83,174,255,235,33,219,115,255,101,139,78,217,218,85,174,149,198,89,231,0,99,186,255,138,0,247,235,47,131,153,172,0,41,110,163,202,6,81,52,249,0,197,135,64,104,255,150,203,182,255,255,140,9,117,154,119,111,120,69,25,163,103,146,84,255,123,87,213,241,238,181,154,0,255,0,0,142,0,132,255,0,255,102,107,0,255,255,255,103,255
158,0,190,108,175,118,53,75,137,47,107,85,135,176,67,43,156,58,235,124,33,255,96,65,108,171,130,103,158,143,176,150,162,66,149,65,87,69,72,133,103,200,0,101,159,255,132,84,0,208,177,80,193,113,91,113,232,24,187,223,147,158,29,255,208,171,199,120,173,88,122,109,172,146,52,143,25,234,24,229,99,162,172,255,103,142,171,237,255,40,0,75,151,157,128,222,66,109,186,112,255,0,155,54,0,116,202,255,255,114,0,245,0,56,182,0,75,53,55,255,194,103,63,255,109,216,6,255
159,0,198,100,175,132,40,105,132,72,113,82,151,217,78,22,156,63,255,106,29,231,72,46,107,193,152,151,160,203,245,142,138,71,102,157,84,128,79,217,232,134,70,113,132,255,50,132,14,199,196,69,227,94,211,138,170,26,214,237,179,185,19,253,255,194,239,166,157,29,167,147,177,170,99,154,107,217,0,227,61,153,85,255,31,167,255,223,255,0,22,118,29,145,116,195,0,91,108,84,255,0,238,11,0,107,212,201,255,74,0,255,0,16,242,0,43,63,0,228,162,0,0,255,147,255,57,255
158,0,196,117,179,112,60,79,120,72,114,109,147,152,78,55,134,51,255,95,24,243,90,50,39,217,97,165,154,136,161,122,133,80,129,135,108,6,173,182,139,189,13,106,157,219,59,78,0,173,189,67,138,83,64,71,173,6,110,224,154,155,18,255,172,143,141,136,189,114,104,111,119,220,154,219,76,207,66,229,122,186,183,255,189,194,175,255,255,82,0,95,127,188,126,147,124,78,146,216,255,34,255,50,0,102,255,130,255,83,0,220,0,0,133,0,150,202,70,255,153,255,116,255,197,229,11,255
163,0,197,111,163,118,59,100,133,55,159,123,104,174,98,75,119,60,255,145,0,255,74,52,123,179,122,169,139,146,177,77,152,126,119,137,103,0,85,174,236,255,29,165,213,232,104,73,88,185,201,22,127,118,109,0,250,55,110,226,232,156,0,243,189,113,188,85,137,120,120,227,216,166,47,74,121,255,37,235,86,167,138,255,188,138,225,159,255,122,0,76,201,119,158,117,29,41,165,209,255,15,173,135,18,40,255,211,222,130,0,248,0,99,195,31,123,101,18,235,217,159,0,255,67,142,71,255
156,0,182,123,181,98,37,100,120,111,125,57,163,153,87,78,146,90,250,95,14,217,175,0,71,169,116,186,195,162,152,145,119,150,120,129,140,49,124,204,228,189,76,139,125,224,108,48,23,170,182,135,254,112,112,81,216,61,145,255,175,160,53,238,239,104,118,144,141,83,148,124,109,255,50,152,53,255,19,229,117,158,90,255,124,142,163,246,222,48,86,82,75,14,119,173,83,60,40,174,215,5,198,13,69,74,255,115,243,160,34,255,0,84,63,0,195,197,0,255,135,19,71,255,233,202,127,255
159,0,210,81,171,135,55,115,125,73,138,125,111,191,140,86,159,149,251,166,0,234,91,0,156,155,142,135,116,170,175,136,179,187,119,125,0,20,76,99,255,255,0,197,205,255,206,211,164,238,237,44,172,129,38,27,249,39,152,255,255,123,61,255,70,97,74,138,183,90,55,197,254,199,0,0,0,255,0,238,94,19,185,255,225,101,255,179,255,164,0,106,255,215,228,78,0,31,204,251,255,0,185,76,45,53,245,163,136,17,0,255,19,12,175,0,0,16,0,243,255,183,0,255,255,6,0,255
160,0,205,84,176,130,59,97,119,45,121,98,133,163,100,37,149,115,255,143,0,249,62,5,152,150,158,152,129,154,192,138,163,114,137,141,27,16,93,177,221,239,23,127,149,200,84,148,66,222,194,38,143,91,144,64,190,4,124,245,249,115,0,255,156,127,200,147,157,70,132,101,210,114,12,63,102,187,0,220,115,88,185,255,160,104,255,242,246,65,0,58,173,168,179,169,47,19,161,165,255,26,185,101,22,86,246,231,241,96,0,255,0,34,211,0,125,83,0,255,237,168,0,255,160,143,0,255
155,0,204,107,176,145,86,110,141,70,117,130,109,193,127,20,128,108,255,129,0,255,32,114,85,191,157,127,115,151,196,90,166,139,84,141,119,81,88,101,187,255,0,192,205,255,193,199,93,142,251,106,113,57,0,28,255,17,116,240,255,161,0,255,104,107,128,210,194,3,112,164,196,164,136,30,46,217,201,255,37,71,188,255,140,228,215,255,255,111,0,0,255,255,179,170,96,99,171,120,255,35,255,0,71,73,255,255,255,0,0,255,0,0,120,0,183,64,55,215,227,194,0,255,23,255,0,255
156,3,185,101,196,114,64,88,164,135,86,103,141,151,75,72,128,75,217,112,59,219,43,123,73,196,133,159,151,116,195,127,100,115,107,140,185,82,92,49,106,195,81,161,107,208,131,57,0,185,188,92,147,60,66,71,246,13,139,217,156,176,56,255,255,140,114,127,207,86,120,169,154,236,57,119,89,255,117,255,87,161,200,215,126,185,79,181,255,70,105,183,167,118,71,226,15,110,220,180,201,52,137,4,135,213,255,121,254,63,68,255,39,24,113,0,54,255,13,255,98,190,25,94,186,217,78,255
150,0,169,98,188,104,32,110,125,150,137,47,171,170,110,91,147,100,204,127,31,226,195,0,114,146,136,128,174,159,187,166,163,134,107,136,74,69,58,109,242,154,67,138,110,235,163,142,112,205,212,123,255,113,180,79,193,82,183,255,196,86,43,175,206,127,125,115,176,169,103,129,142,255,23,114,0,255,0,255,130,133,92,195,105,172,165,124,130,67,82,213,138,86,117,203,0,72,63,108,242,0,188,0,116,204,255,195,175,142,112,255,51,41,95,0,255,162,0,199,255,0,198,210,255,162,112,255
157,1,184,131,186,104,47,78,147,130,108,43,180,131,68,78,120,121,255,107,12,226,190,19,74,164,97,191,150,119,170,113,92,174,132,155,129,0,123,148,149,126,125,154,190,141,102,76,10,163,142,189,154,109,99,25,167,37,160,255,157,64,0,188,237,85,163,161,146,122,113,135,93,255,13,72,86,255,0,255,134,113,156,235,126,90,156,171,234,0,128,180,89,63,152,159,10,47,94,191,174,90,165,0,148,156,255,75,255,161,116,255,38,82,35,13,242,180,29,255,96,102,13,190,255,184,43,255
156,11,177,71,221,90,60,123,176,176,113,122,123,140,126,98,142,124,133,148,52,185,27,122,94,179,203,132,153,92,131,152,165,117,41,140,211,135,90,89,151,215,47,126,41,146,90,79,44,231,198,132,113,120,92,77,221,107,64,255,236,190,72,255,174,167,110,19,114,99,218,129,255,211,34,170,83,74,91,255,107,173,179,38,219,126,96,92,145,225,173,214,213,96,34,255,55,0,255,255,206,0,177,0,97,204,135,120,177,166,255,255,211,0,191,0,204,255,0,164,162,142,0,115,119,0,0,255
163,0,211,95,182,133,57,118,136,29,110,87,140,173,68,27,157,137,255,123,0,229,71,25,139,141,197,163,140,180,196,155,137,125,131,152,112,33,108,183,241,222,55,126,123,240,90,165,78,189,200,41,194,48,110,115,223,0,158,255,229,173,9,250,196,85,134,171,187,41,217,133,218,87,62,74,211,179,74,214,103,111,167,255,109,180,207,255,242,86,2,45,188,114,168,159,39,22,180,158,172,0,171,72,0,98,255,217,255,74,4,255,0,0,183,17,75,190,0,206,159,255,0,255,91,187,0,255
155,0,186,113,186,123,44,96,159,135,114,94,152,170,108,39,111,98,241,93,33,209,93,67,84,194,132,135,147,165,219,145,149,147,54,121,156,89,75,103,213,130,81,161,135,233,179,115,13,117,167,135,226,96,74,25,167,96,173,255,204,97,22,188,241,122,213,188,133,85,137,171,121,202,28,77,113,255,0,255,131,151,165,222,176,129,91,174,255,0,95,213,129,102,127,212,0,80,100,94,217,50,151,0,119,217,255,246,255,87,0,255,108,84,49,0,224,175,30,255,140,170,102,202,192,255,142,255
169,15,192,76,173,61,124,131,171,214,86,39,184,132,37,38,106,80,189,144,65,255,123,0,89,255,128,46,255,33,176,107,171,95,122,255,153,103,39,207,211,134,33,255,73,153,66,136,96,217,123,105,27,121,130,88,67,165,188,163,255,255,89,255,241,110,0,3,255,255,109,0,255,105,107,58,150,182,56,255,135,84,255,198,189,0,72,255,0,103,205,186,113,186,44,255,141,31,255,29,255,4,48,165,0,191,123,10,107,161,255,142,0,0,145,37,216,156,81,35,255,22,11,126,56,208,0,255
177,18,192,81,162,48,136,124,180,236,121,1,187,181,39,8,149,43,159,72,100,255,122,0,105,255,91,84,255,0,158,31,196,0,66,255,207,73,134,162,239,154,22,224,44,173,92,69,196,255,72,136,0,58,244,120,74,218,255,150,216,255,227,145,255,122,0,0,227,218,21,0,255,116,226,0,167,76,0,255,197,159,255,255,255,0,242,255,0,88,160,222,183,213,30,177,110,64,255,122,255,0,146,241,0,229,104,0,255,255,213,246,0,0,75,108,255,255,109,255,255,59,38,121,0,114,0,255
177,16,188,79,151,54,155,109,155,245,133,2,196,195,81,38,128,38,155,63,118,200,111,0,141,235,73,181,255,65,174,0,178,0,21,255,198,112,144,205,255,165,0,246,21,207,83,68,255,219,160,142,40,76,253,138,103,201,255,130,244,255,255,186,255,108,0,0,190,233,34,13,255,204,212,0,34,80,0,255,188,162,255,255,255,0,255,255,43,191,98,255,225,111,0,204,75,120,255,255,255,0,132,255,0,255,60,0,255,255,243,255,0,0,80,127,164,255,176,255,255,47,75,56,0,0,0,255
180,16,194,67,154,44,159,134,150,255,154,23,185,170,58,24,113,67,120,84,140,255,143,0,106,255,101,134,255,0,165,57,186,41,49,255,193,81,170,151,220,207,2,255,45,177,89,82,197,235,12,90,0,120,255,149,33,157,255,172,208,255,172,178,255,145,29,0,233,242,0,0,255,178,255,0,68,210,0,255,255,170,255,255,208,0,197,255,0,255,229,229,220,31,13,154,115,124,255,31,255,76,101,210,0,215,118,116,255,255,216,255,0,0,0,230,102,255,0,255,255,118,0,146,0,0,0,255
181,12,202,66,141,34,143,117,153,255,148,5,198,208,55,23,151,55,146,33,178,255,146,0,151,255,68,129,255,0,176,0,204,26,0,255,242,78,143,248,255,183,0,255,72,200,33,96,255,255,0,94,0,140,255,134,37,227,255,176,255,255,255,189,255,41,0,0,255,255,43,0,252,90,255,0,61,87,0,255,255,112,255,255,255,0,255,255,32,255,133,229,255,49,0,159,182,186,255,176,255,0,163,255,0,255,47,16,255,255,236,255,0,0,30,187,189,255,61,255,255,132,0,98,0,0,0,255
182,16,200,60,147,32,163,124,149,255,126,30,159,198,79,38,134,47,128,62,176,255,114,0,155,228,72,151,255,9,161,0,194,0,0,255,232,0,191,255,255,189,0,220,59,174,76,72,255,165,116,127,0,172,255,30,83,112,255,153,255,255,255,170,255,40,0,0,223,246,73,25,236,87,255,0,77,121,0,255,233,140,255,255,192,0,255,255,151,255,170,255,228,72,0,255,205,255,255,245,255,0,146,223,0,215,3,0,255,255,135,255,0,0,11,98,169,255,56,255,255,155,0,206,0,0,0,255
175,17,194,69,169,59,178,121,142,255,101,43,102,185,53,12,189,70,154,83,123,255,139,0,83,255,0,117,255,12,103,15,220,70,0,255,145,0,96,255,255,144,0,160,116,110,130,123,185,63,84,117,0,166,255,94,16,82,255,172,182,255,255,230,214,45,33,9,152,255,32,77,81,0,255,0,96,162,72,255,129,57,255,255,31,0,176,255,45,255,209,150,159,0,156,255,48,37,255,255,255,0,144,255,0,114,80,62,96,255,170,255,97,0,0,157,164,255,0,255,255,0,0,199,0,161,0,255
170,17,186,71,201,91,148,130,145,231,175,20,139,190,100,49,194,53,219,91,60,189,123,0,82,255,53,188,255,156,65,0,197,18,0,255,142,22,39,255,255,73,0,183,70,172,152,114,215,190,152,129,40,115,255,129,54,143,255,134,255,255,255,223,237,155,25,0,94,255,81,190,82,0,226,0,84,84,62,255,155,0,208,255,75,0,105,255,126,229,108,155,82,113,162,255,0,92,255,250,255,0,174,138,0,169,26,79,164,255,203,241,0,0,135,185,149,99,0,107,255,0,0,0,2,127,0,255
173,12,200,82,155,43,101,144,166,203,135,29,199,109,72,4,143,35,143,110,88,255,123,0,134,255,108,7,255,124,255,55,102,24,127,255,170,59,84,170,249,171,26,255,68,204,119,167,153,206,173,136,26,108,212,0,50,255,114,141,205,255,234,222,255,188,47,0,255,255,47,49,147,150,209,0,184,131,0,255,58,37,255,255,230,0,241,190,0,206,255,255,8,255,86,255,145,189,255,84,255,0,94,201,0,114,0,0,255,255,255,238,0,0,195,124,153,255,60,108,255,6,0,100,112,42,0,255
178,14,199,48,175,55,172,128,138,255,166,7,161,189,135,57,148,52,127,6,141,236,139,0,133,255,55,166,255,77,165,0,199,0,0,255,255,50,142,253,237,192,0,215,31,168,70,86,255,255,64,93,0,206,255,111,76,228,255,104,240,255,255,176,255,117,0,0,215,255,31,55,177,104,255,0,71,126,0,255,190,32,255,255,195,0,255,255,92,255,101,195,255,0,0,209,42,255,255,255,255,0,158,255,0,255,0,31,255,255,160,255,0,0,61,178,172,255,44,255,255,144,0,42,0,0,0,255
174,2,215,90,136,105,65,112,120,172,80,87,125,118,28,6,29,73,211,86,85,255,46,59,155,181,159,118,160,75,253,128,65,67,127,193,82,100,93,86,187,181,72,172,155,255,45,63,84,135,193,0,171,92,91,153,155,29,117,163,255,145,0,243,204,255,189,183,207,17,120,136,255,80,206,85,73,255,176,175,98,88,233,176,189,242,143,255,146,255,122,144,56,255,199,184,0,186,110,108,164,101,53,149,0,2,255,158,125,56,0,165,0,138,141,57,95,176,0,0,77,249,80,52,192,239,7,255
159,0,224,105,175,139,109,111,119,54,118,117,77,193,116,46,162,172,255,141,0,239,66,46,97,179,148,156,116,150,146,119,147,128,127,116,75,61,119,106,193,255,0,168,193,255,167,176,54,252,251,40,145,113,122,128,255,0,146,150,244,178,0,255,138,18,76,140,226,0,100,91,194,70,109,29,80,240,82,255,50,52,193,255,133,255,203,255,255,196,0,11,255,255,211,84,94,14,237,148,247,79,255,92,0,137,163,222,190,79,0,242,0,0,147,0,114,193,0,255,148,223,0,255,68,113,0,255
153,2,192,113,206,112,78,102,98,126,115,83,143,114,109,74,167,132,207,109,0,243,176,0,50,140,130,144,178,116,154,132,168,118,102,137,115,16,99,122,226,167,76,172,165,179,53,105,58,210,158,134,226,140,66,36,176,47,114,255,208,23,32,220,218,142,94,160,154,121,106,72,139,255,49,94,50,203,0,255,136,149,150,255,151,147,168,222,179,44,57,113,102,0,78,249,95,84,88,173,227,0,255,2,99,123,255,156,255,156,62,255,11,17,9,0,192,175,0,255,249,0,15,255,255,239,31,255
156,8,211,108,205,132,97,120,122,102,116,86,124,125,109,72,172,198,255,128,0,228,110,26,99,135,139,196,145,162,168,120,121,133,97,100,111,19,114,158,241,240,24,220,114,255,94,106,62,239,204,104,184,151,128,116,241,0,108,255,238,77,0,228,234,34,115,160,182,74,60,87,155,165,0,9,113,226,0,255,125,130,173,255,163,183,125,255,255,76,31,82,189,16,99,107,59,11,150,132,131,0,255,106,49,238,255,153,251,148,0,255,0,0,6,0,175,255,0,255,144,72,0,255,252,255,15,255
157,0,207,120,181,135,95,99,135,81,124,96,128,192,110,16,147,120,255,110,3,250,61,109,75,194,125,153,142,148,190,91,110,107,114,145,146,57,84,168,204,175,18,179,159,255,87,121,0,167,217,84,125,125,113,83,221,2,130,207,226,160,0,210,192,111,182,158,193,30,92,150,152,144,94,96,145,255,65,255,47,119,159,255,132,189,197,255,255,104,0,87,195,236,164,122,58,18,182,118,255,129,255,92,83,140,199,230,255,51,0,255,21,27,150,0,171,171,102,255,87,106,0,255,63,235,38,255
155,0,180,79,193,118,49,97,143,88,90,80,131,162,93,66,145,86,211,131,36,236,115,4,133,161,149,115,168,177,223,179,175,67,103,116,68,52,61,102,139,255,57,110,138,255,161,135,98,215,210,95,205,49,68,66,214,10,159,255,174,127,103,255,168,175,91,126,159,52,135,80,185,227,60,102,0,255,52,159,161,129,202,177,136,117,162,180,169,21,0,104,110,100,68,255,25,174,170,132,227,0,145,0,57,167,255,127,255,167,52,255,0,15,98,0,87,47,0,255,194,49,0,255,200,217,0,255
157,2,204,95,189,133,84,109,124,90,108,113,104,145,127,64,139,146,255,129,18,232,87,32,63,167,135,158,140,156,181,155,155,131,94,150,108,20,129,120,199,251,42,185,146,255,151,141,66,194,234,88,154,78,41,77,233,14,112,243,217,108,3,255,119,109,87,176,184,20,120,87,173,183,94,73,33,216,65,250,131,100,203,255,188,190,137,246,254,102,0,80,220,133,108,255,68,86,223,134,238,7,242,0,60,143,255,250,250,61,0,255,3,0,63,0,117,160,0,255,160,235,0,255,198,237,0,255
161,0,222,84,179,143,60,116,115,52,127,106,120,165,135,77,176,159,255,161,0,254,85,0,154,132,161,177,131,162,166,98,141,168,113,187,30,0,62,199,255,255,17,240,172,253,84,208,156,246,191,49,128,124,138,60,215,0,77,240,255,123,0,255,146,110,150,202,173,12,72,164,212,141,0,0,35,223,0,177,96,86,177,255,165,62,255,227,255,55,0,56,175,91,167,91,0,0,205,165,255,0,255,105,41,59,255,214,247,79,0,255,0,0,126,0,45,94,0,255,242,73,0,255,255,217,31,255
162,0,214,113,166,128,75,69,118,26,86,80,122,155,122,50,139,126,255,133,0,255,108,31,56,133,117,174,137,88,146,76,121,92,200,156,46,0,141,233,106,162,51,98,220,187,39,138,0,255,160,38,84,91,232,112,193,0,119,174,190,120,0,255,198,133,238,131,206,0,122,72,159,46,0,183,49,214,27,255,87,115,224,255,103,146,255,255,255,39,0,64,85,168,228,232,71,58,182,105,177,84,247,80,18,115,132,255,255,147,0,234,0,17,216,0,160,166,86,255,112,151,53,255,171,185,217,255
151,0,189,109,197,128,47,114,120,107,151,108,139,164,110,65,183,88,225,123,8,249,97,45,73,149,160,161,140,121,201,135,180,85,75,99,92,94,87,137,250,208,12,192,166,255,140,134,53,164,181,196,244,112,44,0,228,0,120,255,212,75,15,255,169,142,85,167,124,58,72,154,78,255,70,113,0,187,0,246,118,175,9,255,139,236,226,210,239,24,28,113,198,56,122,181,60,45,94,206,255,0,255,0,132,147,255,231,255,100,0,255,24,0,0,0,151,114,0,255,255,0,0,255,255,255,36,255
164,4,220,83,191,149,74,129,129,45,124,130,121,177,115,76,159,201,255,167,0,235,62,32,172,125,169,168,117,182,190,88,137,200,123,159,117,17,119,123,255,255,0,251,138,255,167,223,165,207,255,47,156,135,168,101,238,0,179,255,255,138,0,223,150,70,152,100,192,99,49,158,255,38,0,0,199,203,0,209,53,96,255,243,250,129,213,190,255,160,0,107,255,35,128,0,0,0,255,192,208,0,139,200,0,248,254,243,172,51,0,255,0,0,145,20,97,244,47,219,255,255,0,255,139,197,0,255
159,0,216,90,180,140,63,119,117,22,117,120,114,191,116,51,160,118,255,144,0,255,30,0,130,141,147,169,112,173,206,111,179,133,97,196,35,0,132,199,255,255,0,164,192,255,85,189,136,208,224,61,105,78,65,48,246,0,101,255,255,145,0,255,100,136,115,194,163,34,103,141,189,107,37,0,82,137,48,204,56,115,154,255,169,114,255,255,255,23,0,0,244,158,207,151,70,41,244,247,255,0,255,1,0,65,255,157,255,0,0,255,0,0,121,0,116,35,0,255,255,158,0,255,206,228,0,255
155,1,205,79,191,137,68,115,118,78,113,136,126,165,123,96,158,131,244,139,6,255,52,0,119,155,124,174,135,161,197,106,174,159,65,178,67,0,91,129,255,255,0,226,158,255,102,139,100,184,246,106,137,125,54,38,249,6,71,255,255,111,31,255,119,151,6,178,138,92,30,166,166,185,5,0,59,205,0,237,91,162,192,255,224,81,255,227,255,79,30,60,227,113,115,127,77,48,235,255,255,0,255,13,0,54,255,117,197,17,0,255,18,0,46,0,53,128,0,255,255,96,0,255,255,255,0,255
157,0,189,106,178,112,44,95,140,72,106,79,142,158,75,67,152,72,248,121,21,252,104,16,92,164,134,159,178,136,175,148,145,99,128,113,104,44,80,117,181,233,23,119,169,239,116,59,5,205,196,73,217,92,80,117,253,2,150,241,183,157,80,255,215,161,74,133,190,64,180,129,147,218,53,116,79,215,93,248,49,174,166,255,146,167,173,216,235,54,23,51,98,136,182,255,65,96,127,232,255,0,175,0,0,49,255,163,219,86,0,255,0,35,98,0,136,179,0,255,192,81,14,255,240,224,0,255
161,6,205,100,180,123,98,71,122,69,87,118,94,121,112,57,132,149,255,158,6,255,82,22,110,132,131,162,163,99,156,134,144,161,139,104,107,0,121,101,116,255,0,151,217,247,182,180,22,255,254,0,153,75,94,108,255,0,151,145,175,108,60,255,94,75,51,100,249,46,136,65,201,134,22,30,102,255,82,239,162,65,255,255,217,211,148,255,189,107,0,51,184,255,189,182,158,21,199,249,186,34,228,82,0,98,254,94,151,110,0,255,0,96,41,0,129,243,16,223,221,255,10,255,255,112,0,255
157,0,183,88,181,118,53,99,149,101,119,67,138,201,103,41,121,87,215,112,67,199,69,83,138,167,170,109,147,181,213,165,154,65,105,130,112,127,65,93,161,149,56,112,86,255,164,138,56,179,244,80,208,75,141,111,200,51,206,255,205,142,37,222,228,185,208,119,159,92,132,147,180,190,63,118,41,233,33,226,108,105,160,191,137,149,90,152,255,76,5,162,113,164,73,255,3,74,178,50,240,0,151,29,95,220,206,250,255,110,74,255,44,0,224,0,170,144,44,184,166,152,109,207,106,249,53,255
155,0,192,94,184,127,56,107,137,70,110,78,112,198,78,13,152,60,237,115,59,236,18,109,82,182,176,93,141,172,212,176,161,56,122,114,110,193,81,82,145,218,0,82,96,255,172,108,8,175,239,89,196,57,67,183,255,28,194,226,186,177,97,255,190,177,148,149,244,23,188,87,213,156,136,145,0,143,191,182,86,152,100,255,82,249,125,255,250,124,6,54,200,227,111,255,82,159,165,44,255,0,199,0,57,108,221,255,255,40,29,255,41,0,252,0,120,63,0,233,169,121,0,255,118,255,0,255
152,0,173,128,171,88,35,95,112,132,170,53,168,177,58,61,125,94,250,94,41,220,206,18,55,183,116,165,155,170,134,133,139,131,114,87,77,19,95,145,154,170,60,175,191,217,112,86,25,212,177,136,255,142,83,110,185,62,150,255,133,74,14,254,206,121,60,142,177,83,56,127,102,255,12,103,18,255,11,255,194,164,78,255,144,145,227,172,204,33,19,92,45,6,83,189,79,122,70,73,255,0,255,0,104,112,255,94,240,164,43,255,0,0,158,0,191,140,0,255,215,0,73,222,255,255,231,255
154,0,185,97,183,106,28,101,120,106,131,38,174,182,65,77,182,90,235,119,56,255,163,0,99,159,134,143,172,199,172,168,156,117,113,114,58,76,66,169,193,173,26,97,93,194,98,76,36,190,172,110,255,112,96,129,241,32,199,255,182,133,122,242,255,150,49,159,186,81,125,135,140,239,43,174,22,181,20,255,127,235,78,255,92,175,220,217,209,0,70,80,73,126,134,240,24,69,123,169,255,0,213,0,90,78,255,127,215,98,15,255,50,29,106,0,146,118,0,255,162,0,72,255,255,212,7,255
165,0,214,105,175,132,73,107,103,47,134,99,138,149,93,38,154,125,255,136,0,255,61,7,101,158,140,185,138,128,171,114,106,112,142,136,52,18,108,224,242,196,40,121,155,185,35,113,31,188,138,36,128,133,172,97,212,0,90,222,254,108,0,255,153,120,172,152,121,11,133,114,179,121,69,145,124,210,58,240,118,130,160,255,89,170,255,255,240,64,0,69,106,181,198,147,51,43,77,80,233,75,255,142,2,32,243,255,238,210,0,249,0,55,149,0,120,102,0,255,120,140,22,255,228,178,98,255
161,0,210,96,177,136,59,107,120,39,138,126,131,171,119,40,144,128,255,140,0,243,65,13,126,166,155,177,120,162,171,112,133,126,122,144,64,9,106,179,201,255,20,166,188,229,135,193,93,196,188,65,111,88,90,33,226,4,78,226,255,149,0,255,135,117,166,179,169,33,118,131,203,143,36,66,96,170,56,219,79,113,191,255,128,142,255,235,255,34,0,32,217,161,160,145,38,80,157,126,255,3,255,81,22,52,255,255,255,85,0,255,0,0,180,0,95,85,0,255,255,180,0,255,154,188,16,255
160,1,216,89,189,127,69,110,110,46,106,94,134,153,100,64,159,149,255,125,0,255,67,0,106,141,133,169,127,185,206,109,120,133,124,198,78,0,128,201,255,208,52,156,160,227,38,133,72,219,175,64,125,99,186,121,218,0,96,213,254,126,0,255,179,97,87,149,172,18,149,58,178,147,21,43,151,170,46,237,121,75,191,255,140,161,243,255,171,14,55,56,125,131,153,227,102,59,182,222,167,74,249,47,0,91,236,173,255,155,25,255,0,0,115,0,120,228,0,255,159,159,0,255,255,231,0,255
163,0,221,97,173,143,53,124,117,27,131,109,138,193,114,54,158,143,255,138,0,240,80,0,134,146,170,178,118,194,206,84,118,157,106,197,46,21,107,239,255,243,54,209,179,255,82,237,175,204,176,54,111,110,173,30,188,0,91,244,255,186,0,255,209,93,196,206,174,21,114,159,192,89,12,15,112,212,0,184,18,125,163,255,83,75,255,255,255,0,0,43,177,94,162,75,0,29,238,125,253,0,255,123,13,62,255,215,255,77,0,255,0,0,181,0,61,108,0,255,232,77,0,255,203,255,1,255
156,0,223,102,191,122,89,123,102,86,138,78,114,159,108,106,193,225,255,130,0,242,155,0,74,124,124,182,119,179,100,102,109,158,87,110,52,2,127,154,255,202,0,179,180,221,82,159,51,242,199,117,180,217,167,84,255,0,105,184,220,101,20,255,203,0,0,126,167,0,23,92,111,186,14,76,89,196,0,255,136,86,128,255,153,167,198,255,176,118,21,118,154,151,106,62,114,6,214,207,150,84,255,67,86,170,249,103,146,236,0,255,69,0,48,0,118,255,0,255,255,152,0,255,253,150,0,255
153,10,162,68,228,89,89,112,175,191,112,94,146,164,92,66,130,121,131,181,44,152,78,123,98,153,243,114,156,99,110,115,177,85,64,65,159,93,170,87,108,192,0,141,36,97,116,131,87,224,208,121,109,184,140,50,102,41,49,255,225,107,8,230,102,151,201,114,83,88,205,174,253,192,91,183,15,217,91,194,57,64,151,43,112,97,105,178,90,88,67,250,148,126,39,255,52,0,167,153,153,0,210,1,186,255,122,92,156,255,245,158,234,33,242,84,215,200,0,170,30,172,0,102,117,0,38,255
149,0,158,63,191,93,63,89,155,190,99,88,142,176,101,71,147,84,126,156,56,204,94,115,126,137,203,127,138,142,153,106,161,78,121,139,110,68,175,0,134,161,0,132,128,231,176,111,75,175,211,56,79,122,113,0,180,23,122,255,123,138,20,165,163,85,123,107,255,14,134,160,140,255,88,159,39,167,152,210,0,75,184,133,141,63,184,149,200,151,183,219,148,135,38,220,0,79,135,255,176,58,106,105,83,205,57,138,255,255,183,255,221,141,209,0,255,255,0,255,205,0,102,53,103,0,52,255
172,19,196,68,167,26,117,149,168,236,126,22,194,130,35,16,92,81,162,120,70,255,143,0,78,255,133,37,215,19,186,127,208,85,85,255,203,108,56,245,170,102,10,203,72,146,19,143,0,225,82,77,0,187,115,88,33,102,200,244,255,255,60,255,217,83,10,53,255,172,84,0,254,53,134,117,125,141,71,255,255,111,255,226,163,0,0,232,0,194,239,94,179,57,49,206,117,100,255,0,255,77,58,160,0,209,148,15,105,238,255,255,0,0,111,158,224,178,0,200,255,68,0,82,0,186,0,255
180,16,194,84,147,30,140,140,158,255,146,23,194,124,40,19,108,63,117,87,149,255,145,0,99,255,132,81,255,0,193,104,179,66,41,252,174,103,190,120,218,202,0,255,54,183,69,82,160,187,27,123,0,120,255,88,28,183,255,191,196,255,126,136,255,123,64,0,255,255,0,0,255,133,255,0,47,255,0,255,255,119,255,255,201,0,183,255,0,255,219,181,165,13,46,115,159,168,255,38,255,138,109,234,0,166,146,75,255,255,255,255,0,0,58,255,144,255,0,255,255,202,0,168,0,0,0,255
174,10,194,85,143,33,88,136,154,255,139,37,204,125,20,0,96,77,139,77,144,255,160,0,103,255,135,0,230,9,219,118,186,88,141,255,204,113,134,159,210,217,40,255,103,196,0,109,106,208,74,44,49,145,197,99,0,232,216,231,198,255,140,174,250,203,63,0,255,255,89,0,255,92,255,0,78,186,0,255,214,97,255,255,247,0,145,255,0,255,255,106,117,187,88,184,210,188,255,0,255,17,94,219,0,140,70,93,255,195,255,255,0,0,67,255,157,255,0,255,255,161,0,183,42,71,0,255
188,11,217,92,135,6,118,133,131,255,171,54,207,96,0,0,44,111,40,131,241,255,83,31,145,255,3,0,255,48,255,85,17,124,247,204,147,18,0,171,255,255,98,255,130,237,58,69,172,103,7,177,0,6,99,83,0,255,0,112,197,255,147,227,255,148,104,40,255,255,0,0,138,112,210,0,35,255,0,238,255,89,249,86,255,73,255,255,0,255,255,229,224,255,255,110,139,152,255,0,255,255,0,89,20,255,218,255,255,255,255,255,0,0,0,255,0,255,0,255,255,0,0,59,122,255,0,255
175,10,188,80,157,45,117,137,160,255,142,33,205,144,39,26,83,79,136,93,116,255,151,0,64,255,128,6,220,5,184,112,218,82,165,219,180,116,115,154,215,219,60,255,75,181,3,107,111,215,84,84,0,136,198,165,0,205,234,199,194,255,119,206,169,205,65,9,255,230,82,0,255,130,236,0,80,254,26,255,219,132,255,255,214,0,70,255,0,192,255,138,147,183,102,152,108,127,255,0,255,29,109,128,0,180,95,97,224,194,255,255,0,0,0,226,116,255,0,255,255,142,0,177,86,93,0,255
187,7,214,58,121,9,126,138,151,255,163,29,228,170,0,13,80,40,135,129,200,255,115,0,171,255,68,55,255,0,241,53,191,99,39,255,212,101,140,211,247,228,6,255,155,148,45,118,171,182,19,106,0,74,255,135,0,178,255,255,248,255,221,255,255,116,0,18,255,255,0,0,255,179,255,0,0,172,0,255,255,189,255,255,255,0,217,255,0,255,255,249,188,26,0,228,221,160,255,0,255,114,0,217,0,194,80,171,255,255,255,255,0,0,0,236,59,255,0,255,255,139,0,100,0,38,0,255
182,16,206,70,136,33,114,128,140,255,130,32,186,148,0,0,56,87,137,126,195,255,114,0,135,255,71,47,255,18,205,70,131,63,109,255,177,83,88,171,213,192,0,255,152,179,62,118,162,193,126,77,15,9,217,225,17,149,223,255,233,255,164,255,255,255,50,45,255,184,0,3,255,174,255,0,51,163,0,255,255,203,255,255,212,1,255,255,0,255,255,196,200,255,70,255,120,126,255,4,255,144,80,108,0,196,178,139,255,255,255,255,0,0,0,154,130,255,0,255,255,0,7,18,0,255,0,255
180,9,212,62,136,22,111,149,154,255,187,0,231,152,0,0,76,37,140,58,207,255,130,0,158,255,48,21,255,11,219,48,163,0,105,255,217,148,95,165,239,181,0,255,144,143,15,41,155,229,0,28,37,0,255,232,0,255,193,198,156,255,184,255,255,200,105,0,255,249,0,0,255,178,255,0,0,206,0,255,255,143,251,255,255,0,96,255,0,255,255,133,218,99,0,32,177,247,255,63,255,201,112,165,0,255,195,117,255,255,255,255,0,0,0,255,146,255,0,255,255,69,0,0,0,189,0,255
176,13,195,67,168,44,142,151,136,255,185,28,182,121,70,41,81,59,128,77,146,255,127,0,130,255,101,109,255,111,195,45,162,10,91,255,166,83,142,193,235,165,0,255,88,151,101,90,210,200,127,86,79,136,255,44,61,214,219,160,196,255,182,213,219,197,121,0,160,255,16,89,217,162,255,0,6,255,0,255,227,118,251,255,171,0,102,255,21,255,180,216,197,14,0,142,49,255,255,135,255,20,90,159,0,255,24,126,255,255,255,255,0,0,16,255,88,255,0,255,255,183,0,33,0,0,0,255
176,7,188,84,164,57,142,141,140,189,155,4,203,183,19,66,99,51,129,96,93,195,94,0,113,255,50,80,255,105,182,88,210,0,129,236,131,81,25,240,209,201,0,255,51,231,116,69,151,210,92,99,71,29,245,255,0,161,255,158,134,255,214,245,174,183,67,109,150,88,63,85,245,255,212,0,0,255,0,255,220,197,211,255,242,69,122,255,0,120,80,107,206,113,26,239,0,90,238,23,255,93,0,44,0,246,136,160,251,255,255,255,0,0,0,202,36,255,69,255,255,0,94,0,0,0,0,255
184,17,197,70,163,33,164,123,145,232,161,29,158,105,129,4,112,57,73,70,168,255,100,0,131,243,115,139,255,104,210,44,54,19,49,255,192,0,104,216,255,234,42,200,51,237,144,148,255,180,181,170,0,204,251,0,91,193,190,131,255,255,208,124,255,153,10,0,250,255,0,56,143,193,255,0,165,215,81,255,151,109,255,255,212,0,255,220,41,204,255,255,216,134,118,255,43,206,255,198,255,0,76,244,0,214,21,20,255,255,133,255,0,0,28,146,116,255,94,255,255,45,0,152,0,0,0,255
181,10,212,74,145,32,134,143,126,255,121,58,177,121,0,0,39,94,77,20,244,255,156,0,194,255,29,0,255,56,255,50,90,16,149,255,139,97,81,221,255,208,0,255,175,190,10,72,253,164,17,12,15,96,210,112,0,255,120,131,203,255,237,193,255,151,131,3,255,209,0,0,255,136,255,0,0,255,0,255,221,187,246,255,255,0,255,255,0,255,255,174,255,184,72,106,84,255,255,212,255,135,86,194,0,255,104,131,255,255,255,255,0,0,0,255,25,255,0,255,255,22,0,82,0,84,0,255
175,23,189,47,218,87,192,122,136,255,150,61,113,164,193,106,128,163,130,0,101,255,185,0,36,255,98,161,238,18,124,94,179,43,0,255,217,85,89,237,132,173,0,92,88,98,48,179,251,255,27,22,0,255,252,139,66,158,255,101,193,255,247,43,119,143,49,0,175,131,41,53,244,152,255,0,121,204,0,255,151,127,255,255,33,0,253,255,143,255,127,78,255,0,25,244,0,255,255,123,255,0,193,197,40,217,37,246,255,226,0,255,0,64,0,255,148,255,0,230,255,227,0,95,0,0,205,255
177,14,202,64,160,46,140,136,156,255,164,21,178,191,2,18,149,67,152,64,162,255,134,0,111,255,4,56,255,0,177,20,213,48,31,255,228,84,116,203,255,168,0,255,109,103,57,58,154,223,0,63,0,66,255,153,0,236,253,152,176,255,231,234,222,73,5,0,255,255,0,0,223,34,255,0,32,156,0,255,255,88,255,255,228,0,97,255,0,255,237,111,191,28,3,103,166,185,255,150,255,79,99,255,0,230,117,89,255,255,255,255,0,0,0,255,179,255,0,255,255,46,0,3,0,82,0,255
178,18,197,56,166,36,153,138,142,255,173,32,174,162,103,72,133,77,122,21,126,255,163,0,133,252,107,180,255,43,166,43,168,0,0,255,250,79,177,198,173,182,0,214,45,166,42,83,217,255,86,63,17,218,255,49,83,168,255,167,220,255,255,177,255,118,41,0,255,224,86,0,255,108,255,0,50,142,0,255,255,132,255,255,170,0,255,255,170,255,83,202,240,0,0,194,147,255,255,97,255,0,237,255,0,183,88,88,255,255,189,255,0,0,58,255,194,255,0,255,255,255,0,97,0,0,6,255
171,14,189,85,167,74,106,131,157,198,134,34,193,156,54,51,112,72,201,105,72,254,134,0,110,255,95,99,255,96,179,105,156,88,66,241,195,144,78,150,217,155,0,255,70,186,82,108,142,233,186,114,150,39,213,165,112,234,240,204,204,255,178,255,229,225,48,43,220,210,102,72,255,164,138,0,77,166,0,255,237,102,255,255,250,14,191,255,0,185,97,150,112,153,25,230,86,122,255,101,255,0,51,173,0,174,158,33,225,173,255,255,0,0,113,143,165,255,33,129,255,122,0,3,19,0,0,255
174,14,180,101,155,67,143,98,175,195,107,29,179,174,45,25,127,43,197,139,86,209,117,0,98,229,94,169,255,45,126,37,158,0,89,180,88,61,128,134,154,134,79,186,104,255,210,129,122,224,199,134,43,39,212,174,143,13,215,124,133,230,87,187,251,196,32,0,176,173,67,145,239,188,106,0,32,156,118,255,73,124,255,255,207,43,203,226,29,34,52,222,128,144,93,239,0,0,184,161,255,0,128,100,0,165,191,0,146,255,143,45,0,66,0,157,106,255,100,153,255,0,152,0,53,35,0,255
177,14,200,65,167,37,135,151,159,255,152,31,207,164,0,28,103,100,128,91,124,255,172,0,51,255,85,20,181,0,152,119,240,101,134,250,210,133,116,142,192,184,4,255,90,110,0,84,52,255,0,62,0,122,178,222,0,234,215,206,130,255,160,230,202,146,66,69,255,234,0,0,255,84,255,0,101,199,0,255,255,152,255,255,237,0,39,255,0,221,255,116,208,153,118,78,202,178,255,0,255,153,115,129,0,207,151,230,255,180,255,255,0,0,0,227,187,255,0,255,255,134,0,79,0,144,0,255
179,14,206,71,137,24,122,134,157,255,171,16,205,178,24,12,128,54,153,64,182,255,152,0,154,255,76,102,255,0,219,29,191,56,9,255,247,125,138,194,202,180,0,255,92,158,59,85,219,242,8,42,20,130,255,77,15,183,255,221,217,255,207,200,255,68,1,0,255,255,0,0,255,79,255,0,1,147,0,255,255,127,255,255,255,0,228,255,0,255,180,180,228,0,0,104,164,201,255,46,255,12,122,255,0,255,85,89,255,255,255,255,0,0,0,255,182,255,0,255,255,184,0,0,0,0,0,255
185,13,209,62,141,16,139,142,149,255,156,32,194,158,39,22,103,69,99,93,178,255,124,0,130,255,99,62,243,0,212,47,198,52,60,255,212,31,182,212,227,204,0,255,84,155,79,125,199,221,40,119,0,149,255,36,21,168,255,223,232,255,229,199,255,158,26,0,255,255,28,0,240,161,255,0,109,196,0,255,255,151,255,255,174,0,255,255,0,255,244,255,202,55,3,229,185,220,255,0,255,64,48,177,0,214,60,150,255,255,255,255,0,0,0,200,109,255,0,255,255,255,0,148,0,0,0,255
185,21,202,66,149,16,131,121,179,255,156,8,195,162,85,13,114,0,188,102,159,255,93,0,153,231,154,179,229,0,161,13,70,0,0,255,225,64,231,157,228,170,0,246,129,217,157,168,255,180,188,211,0,102,255,57,115,130,255,165,255,255,255,67,255,154,0,0,222,255,118,94,255,120,161,0,167,51,0,255,217,166,255,255,255,0,255,171,139,95,124,255,255,114,0,255,179,255,255,224,255,0,44,192,0,171,107,0,255,255,53,255,0,0,118,25,163,255,88,255,255,169,0,109,0,0,0,255
189,12,215,68,130,10,117,139,157,255,172,24,213,119,19,0,85,40,151,119,203,255,78,0,129,255,108,27,199,0,211,84,74,151,30,255,177,49,93,211,216,206,0,255,194,176,77,204,169,121,117,151,0,80,245,85,0,177,191,225,246,255,250,203,255,200,0,0,255,255,77,12,208,176,255,0,105,192,0,255,255,144,255,255,218,0,255,255,0,224,255,255,157,181,25,255,131,216,255,0,255,91,39,144,0,17,191,144,255,255,255,255,0,0,0,139,88,255,0,255,255,128,0,11,0,0,22,255
184,12,213,65,131,0,97,144,145,255,141,35,217,113,0,0,0,82,141,139,201,255,142,0,163,255,139,0,207,0,253,126,124,118,108,255,169,117,117,183,162,221,0,255,169,206,0,105,123,184,44,91,0,111,125,168,0,129,201,255,255,255,115,237,255,182,0,59,255,192,55,0,255,82,133,0,0,209,0,255,255,223,255,255,255,57,190,255,0,255,255,209,241,152,26,255,255,243,255,0,255,196,0,98,0,243,116,138,255,255,255,255,0,0,0,255,107,255,0,255,255,84,0,201,0,172,0,255
175,18,190,76,160,32,102,126,176,200,168,12,213,190,30,50,112,29,217,136,65,238,80,0,131,255,65,134,230,54,131,0,117,0,78,255,195,59,82,205,191,138,0,255,128,174,85,158,107,255,150,172,0,53,180,179,52,178,181,152,252,255,160,255,255,159,0,0,228,213,82,59,255,124,62,0,92,0,0,255,228,159,255,255,255,65,255,204,0,0,85,255,183,226,0,255,148,122,255,96,255,0,20,80,0,255,119,0,255,255,255,166,0,0,121,26,132,255,66,255,255,28,9,0,0,123,0,255
179,18,195,77,146,35,109,131,153,255,128,38,190,138,25,9,108,90,120,106,135,255,132,0,94,255,118,29,231,7,196,68,187,44,102,255,199,44,168,145,233,211,23,255,105,172,65,129,130,220,57,137,0,79,215,101,37,183,247,243,224,255,161,166,255,203,18,0,255,225,3,0,255,140,255,0,146,142,5,255,214,138,255,255,208,0,233,255,0,217,255,239,152,244,85,219,217,184,255,13,255,89,58,94,0,175,97,93,255,255,255,255,0,0,11,108,197,255,34,255,255,178,0,210,0,119,0,255
183,12,214,56,142,7,137,150,139,255,190,18,211,175,0,9,98,80,109,68,192,255,146,0,137,255,55,47,242,0,211,84,186,79,64,255,242,117,120,205,160,203,0,255,116,119,3,75,136,255,0,2,0,139,255,150,0,208,255,238,149,255,225,233,255,98,65,30,255,255,0,0,255,113,255,0,11,207,0,255,255,168,255,255,251,0,177,255,0,255,253,106,255,0,3,74,186,248,255,0,255,147,75,246,0,255,148,255,255,255,255,255,0,0,0,255,147,255,0,255,255,160,0,0,0,23,19,255
183,10,230,63,128,0,84,129,120,255,206,15,252,135,3,0,20,108,45,93,255,255,119,0,167,255,81,0,238,66,255,122,115,33,255,255,210,114,123,255,174,241,0,255,173,190,0,143,255,255,12,60,0,192,236,13,0,255,58,255,191,255,190,229,255,129,162,0,255,255,97,0,183,172,232,0,97,203,0,255,255,109,196,255,162,0,96,255,0,255,255,228,255,61,133,161,255,255,255,0,255,3,0,141,13,255,0,255,255,255,255,255,0,0,0,255,0,255,0,255,255,91,0,102,0,213,0,255
175,15,192,68,164,47,120,137,143,224,159,20,214,143,90,32,105,45,149,117,99,255,149,0,126,255,105,109,255,124,187,95,121,14,78,255,196,100,142,144,234,181,0,255,38,187,113,129,178,185,179,147,33,39,251,141,28,242,255,162,212,255,200,223,255,255,69,0,211,255,66,86,239,163,163,0,90,159,0,255,218,88,255,255,182,41,255,255,0,188,220,255,109,154,62,255,49,171,255,118,255,0,51,109,0,166,69,58,255,255,255,255,0,0,123,74,115,255,52,255,255,80,0,50,0,11,0,255
178,13,188,80,168,28,124,147,159,232,163,23,189,118,130,59,160,45,98,39,120,255,157,0,118,255,143,70,255,93,204,62,135,0,101,255,177,53,177,149,237,223,0,255,46,245,128,139,204,238,54,162,0,191,255,0,56,251,255,105,212,255,235,92,255,141,69,0,250,255,150,75,201,96,255,0,149,243,0,255,173,59,255,255,130,0,255,255,95,202,94,255,153,59,106,192,85,255,255,147,255,0,152,180,0,167,39,8,255,255,196,255,0,0,150,196,117,255,38,255,255,255,0,222,0,0,0,255
173,13,184,97,175,72,118,134,167,194,126,30,150,104,69,25,145,90,158,137,71,255,135,0,82,255,87,0,255,107,237,101,142,112,150,204,160,69,74,82,255,178,94,255,38,160,155,120,90,174,156,184,19,55,215,11,44,255,156,108,169,255,145,142,255,232,130,0,253,255,11,109,170,170,212,0,170,211,0,255,100,26,201,135,207,29,88,181,0,150,169,199,4,255,114,232,1,12,255,41,255,67,16,208,0,171,48,101,170,255,255,255,0,0,216,22,156,255,116,152,255,37,39,173,158,43,0,255
177,17,194,75,153,35,128,130,159,255,137,35,195,169,20,18,99,59,150,104,114,255,129,0,130,255,82,108,248,23,159,28,156,16,70,255,166,66,156,160,227,148,0,255,79,179,61,64,158,220,109,121,0,70,198,115,40,151,255,167,215,255,172,227,255,169,3,0,212,187,17,0,255,109,207,0,91,77,0,255,255,206,255,255,234,0,222,255,0,203,218,255,146,192,50,244,217,148,255,64,255,60,114,149,0,204,133,20,255,255,255,255,0,0,20,172,141,255,0,255,255,83,0,162,0,144,0,255
172,19,190,75,164,50,121,122,189,236,112,37,177,177,28,34,109,62,216,143,104,255,111,0,95,255,131,144,255,31,146,55,123,51,46,255,170,134,182,136,180,73,0,255,96,197,89,97,101,233,221,131,8,124,220,105,112,122,177,158,255,255,151,210,255,145,0,0,255,255,135,82,255,42,64,0,117,17,89,255,255,103,255,255,240,0,191,189,1,123,72,255,60,154,30,243,194,93,255,90,255,0,138,235,0,187,133,0,132,237,225,191,0,0,233,93,165,255,0,239,255,0,0,103,0,127,0,255
170,14,184,95,161,50,125,121,144,234,121,43,162,140,17,44,104,44,136,134,83,255,113,19,96,255,80,42,225,63,166,138,145,62,98,214,122,91,88,151,168,137,38,208,69,210,68,85,116,150,130,80,112,58,160,136,41,77,178,185,164,214,48,173,171,197,51,127,188,162,101,106,255,198,80,0,0,255,55,254,152,103,243,165,215,111,44,243,0,97,174,180,157,161,38,255,46,25,114,70,210,100,12,131,0,160,175,142,129,255,255,153,0,55,112,47,169,244,56,179,219,0,135,0,131,190,0,255
177,18,194,78,173,30,138,138,151,219,157,18,180,106,133,0,134,64,71,78,127,255,158,0,112,248,125,101,255,137,165,87,116,0,104,255,216,5,184,136,243,177,0,255,0,187,126,132,198,205,145,187,39,102,255,0,55,231,255,145,214,255,139,108,255,199,132,0,230,255,18,60,245,135,251,0,213,187,0,255,167,35,255,255,111,0,215,240,47,216,228,255,178,168,195,207,93,232,255,125,255,0,93,152,0,255,14,121,255,255,187,255,0,0,163,94,235,255,135,255,255,200,0,207,0,99,0,255
174,23,187,77,192,59,146,148,163,245,157,30,147,130,106,38,179,73,145,97,85,255,188,0,73,217,173,187,255,56,56,78,198,43,0,255,181,62,156,165,232,107,0,211,0,186,193,106,153,190,138,131,52,97,255,14,45,121,255,175,191,255,113,103,249,165,127,3,165,230,58,77,255,46,247,0,125,195,0,255,255,85,255,255,75,0,197,255,97,208,127,187,125,20,154,228,75,96,237,67,255,0,229,185,0,135,123,98,133,255,181,255,0,116,149,255,252,255,0,255,255,88,0,124,0,0,0,255
176,20,204,76,173,47,144,136,178,255,130,23,189,148,50,0,140,35,162,100,124,242,166,0,90,255,115,152,255,7,108,102,188,36,21,255,164,121,223,123,255,55,0,255,1,173,120,77,203,180,113,171,54,31,246,58,44,192,253,167,226,255,132,152,255,154,49,0,232,255,0,35,255,32,220,0,136,116,0,255,255,75,255,255,170,0,68,244,0,255,206,246,122,60,102,181,203,75,241,154,255,0,134,255,0,184,135,0,185,255,224,255,0,0,182,219,204,255,0,255,255,21,0,58,0,106,0,255
171,21,187,96,182,52,158,142,172,248,123,40,172,152,36,0,140,28,168,172,63,226,151,0,56,255,107,106,252,34,99,120,209,42,87,227,123,130,207,93,254,89,7,239,24,117,128,79,97,146,194,141,91,26,219,31,38,136,234,197,164,206,70,117,255,165,86,76,151,255,66,96,255,79,164,0,115,250,72,255,139,82,255,255,125,0,12,255,0,112,255,229,75,134,143,169,103,0,71,104,255,58,70,132,0,141,180,66,43,255,255,180,0,27,141,245,138,211,0,245,255,19,39,74,28,198,0,255
162,11,163,85,181,58,67,99,140,206,160,28,169,195,77,8,59,90,151,136,93,138,73,105,137,255,167,79,166,161,91,172,139,106,121,141,199,111,122,120,153,134,56,207,62,170,161,13,30,146,138,66,109,0,126,166,93,149,240,255,167,104,17,183,216,188,152,36,148,94,157,105,231,149,0,63,45,184,94,178,224,116,182,71,216,189,100,207,53,155,190,135,178,130,0,217,0,11,97,144,126,0,0,16,49,255,157,143,240,255,255,255,29,70,55,11,128,168,0,216,201,0,173,21,109,155,176,255
160,0,225,93,189,138,55,117,117,28,109,105,124,154,99,49,185,150,255,141,0,255,30,0,132,141,150,207,97,192,213,150,155,124,126,165,46,13,120,236,255,255,0,127,141,216,64,136,71,224,139,50,126,91,127,156,255,0,86,222,255,159,0,255,145,68,135,181,180,0,191,72,203,131,48,27,192,110,115,225,88,116,153,255,115,158,255,255,211,0,22,48,208,174,209,157,84,52,116,199,210,0,255,78,0,53,199,181,255,93,18,255,19,0,159,0,127,149,0,255,190,177,0,255,255,159,0,255
163,0,217,100,169,140,47,98,110,34,116,81,151,184,91,25,171,95,255,131,0,255,59,0,120,139,129,200,130,137,220,87,119,92,167,165,38,15,106,255,227,133,35,73,167,204,13,109,39,255,136,34,145,106,255,134,173,0,122,208,231,175,0,255,255,80,246,196,142,0,213,84,177,56,14,144,171,201,11,255,83,131,108,255,18,150,255,255,215,0,0,108,41,162,191,183,0,69,63,96,209,108,255,95,0,29,152,255,255,198,0,255,0,90,245,2,125,123,0,255,137,0,0,255,182,188,165,255
160,0,208,101,179,119,40,107,118,46,138,69,156,177,90,69,181,147,255,124,0,234,125,0,143,141,136,174,117,191,171,96,130,119,125,140,44,0,90,224,252,230,23,150,157,182,82,137,97,213,171,100,146,160,139,37,213,0,109,214,254,171,0,219,227,63,125,151,122,82,62,143,168,190,6,60,134,160,0,241,75,119,109,255,117,91,255,243,243,19,0,88,179,134,191,82,33,23,171,208,255,12,255,96,114,66,255,114,227,128,0,255,44,0,147,0,135,202,0,255,221,114,0,255,250,178,0,255
159,0,197,112,175,121,23,103,116,47,166,85,175,205,61,37,143,91,255,104,0,221,89,10,119,181,131,174,90,177,151,95,129,101,115,85,26,0,125,222,210,231,14,124,188,178,88,93,58,161,148,94,151,105,62,40,187,21,111,255,238,130,7,255,192,113,136,137,95,127,96,166,121,154,51,72,153,156,64,248,75,153,112,255,109,151,255,212,255,0,0,87,166,146,167,81,75,124,113,201,255,0,255,54,73,38,255,117,255,180,0,255,1,0,145,0,121,117,0,255,244,101,0,255,186,255,0,255
156,0,190,82,185,126,14,96,124,52,104,57,148,163,80,54,188,65,231,149,39,255,135,0,138,123,162,129,167,180,253,198,222,50,116,129,0,81,81,229,150,203,0,52,126,243,62,141,94,255,195,109,246,81,97,92,191,0,159,255,161,155,117,255,238,218,171,203,154,47,149,106,205,198,83,231,0,69,0,151,157,255,87,255,55,116,255,191,167,0,0,76,50,158,103,255,25,105,146,102,255,0,255,0,62,54,255,161,255,147,0,255,0,0,205,0,61,0,0,255,255,0,0,255,255,255,0,255
160,0,215,109,180,116,73,115,98,65,136,89,120,137,105,53,179,147,255,130,0,255,85,0,101,145,132,184,142,152,179,132,91,110,120,154,86,15,108,193,255,197,46,117,143,224,44,104,54,225,150,32,144,131,195,90,226,0,58,193,242,133,0,219,219,43,104,149,101,0,143,90,142,188,49,103,162,229,47,246,118,155,131,255,124,184,249,255,194,64,0,80,75,163,151,183,94,27,88,134,171,114,255,103,82,116,236,154,227,229,0,255,12,18,155,0,176,225,0,255,83,111,0,255,255,225,12,255
162,0,199,116,170,115,55,61,123,43,95,107,129,153,56,37,112,52,255,104,0,255,108,26,75,158,101,151,142,122,179,95,145,82,136,100,73,0,159,184,102,161,49,88,236,210,62,92,0,218,167,51,155,96,115,77,186,5,145,185,146,122,12,255,159,188,188,117,179,112,123,63,159,135,121,174,92,226,84,242,139,156,237,255,131,173,254,255,189,3,0,63,80,146,202,250,150,137,145,200,199,0,224,83,0,93,255,169,255,121,0,187,0,92,111,19,148,189,47,255,186,241,0,255,172,249,11,255
157,0,198,108,178,129,37,104,129,43,136,118,139,177,101,48,146,75,255,124,0,255,58,42,139,168,132,168,113,146,188,104,184,102,100,99,79,11,80,204,207,255,0,176,222,222,122,110,68,178,176,100,120,91,5,0,225,60,102,255,255,158,0,255,161,115,164,176,144,115,114,154,138,185,53,36,130,154,75,243,63,176,122,255,172,129,255,254,255,3,0,13,228,133,161,161,83,90,159,239,255,0,255,5,51,34,255,161,255,27,0,255,0,0,127,0,122,45,0,255,255,133,0,255,160,255,0,255
159,0,213,85,182,135,75,118,123,76,131,121,108,200,135,71,135,155,255,145,0,230,41,33,120,164,158,161,110,173,179,118,154,162,79,183,56,19,115,110,254,255,0,194,179,255,127,213,124,174,255,40,102,114,103,47,238,0,110,237,255,118,8,255,113,101,100,170,173,51,78,181,188,175,40,0,67,221,29,228,77,50,200,255,186,146,255,237,255,105,0,61,251,255,171,127,57,42,216,228,255,46,255,87,38,96,219,181,174,22,0,255,68,0,179,0,96,146,0,254,251,175,0,255,208,101,0,255
