162,31,116,44,255,84,82,0,27,231,202,0,63,170,0,0,224,29,255,130,96,154,0,162,92,182,92,232,255,79,91,165,121,107,48,156,197,173,25,176,151,132,78,129,181,216,0,255,142,212,95,149,115,248,58,255,194,25,77,59,119,153,248,255,152,0,120,53,163,205,145,176,127,33,33,131,0,132,36,255,124,255,14,22,0,0,89,255,255,255,0,177,255,35,255,72,29,7,103,194,136,0,116,62,0,108,255,255,196,255,39,233,0,15,0,237,157,255,98,0,255,201,210,11,103,15,70,255
155,27,88,38,255,81,79,19,47,161,242,0,57,88,18,0,0,74,175,255,0,113,0,36,219,0,46,22,206,42,114,170,18,167,176,205,236,126,171,146,255,47,0,75,0,219,47,150,166,255,175,133,98,248,96,219,248,0,64,182,117,178,117,181,123,135,68,152,190,0,60,255,255,119,134,255,30,0,10,255,33,255,104,0,0,0,255,255,255,255,0,255,221,184,255,166,4,0,122,0,79,0,146,0,0,230,255,255,240,255,113,150,0,0,0,255,108,255,194,92,193,255,0,255,94,0,50,255
154,21,85,22,255,92,79,35,68,127,255,0,0,190,0,0,0,69,210,255,0,105,0,38,229,14,0,0,255,82,183,174,0,243,0,161,255,216,255,125,219,175,0,140,193,239,161,151,129,255,78,36,0,166,208,168,24,0,115,31,128,0,255,159,244,255,102,66,47,108,28,255,34,95,0,158,0,0,0,255,82,255,12,0,139,0,255,255,255,255,0,255,229,141,255,141,0,0,151,0,174,0,148,31,0,255,255,255,40,255,118,255,0,34,0,255,180,255,127,36,161,255,0,255,122,0,75,255
149,20,76,31,255,70,57,9,53,151,255,0,0,82,0,29,0,107,215,255,0,78,0,26,255,0,0,0,245,50,137,245,0,250,13,120,249,194,255,220,213,0,22,240,87,255,160,255,101,255,16,0,32,255,57,168,44,0,48,166,114,90,255,0,255,255,88,204,214,9,150,255,201,226,180,255,0,47,0,255,15,255,235,5,169,0,255,255,255,255,0,255,205,116,255,0,0,0,78,0,255,0,255,0,0,255,188,255,0,67,28,68,0,46,0,255,116,255,157,0,255,255,0,255,255,0,99,255
162,32,113,42,255,69,74,33,72,137,243,0,0,104,0,0,0,51,228,204,0,138,0,21,154,60,38,67,214,155,129,96,113,177,0,154,191,79,155,215,124,131,61,242,59,235,58,248,2,255,24,27,183,150,237,130,0,0,215,118,237,109,255,100,237,255,57,13,0,30,61,232,255,249,0,255,0,0,213,255,97,250,255,0,0,148,204,222,255,255,0,245,255,195,255,181,45,95,219,238,151,53,2,28,0,239,255,255,146,105,111,212,0,124,0,191,212,255,84,0,255,95,0,0,222,187,0,255
155,29,98,33,255,88,102,23,64,165,239,0,69,154,0,0,95,80,196,189,0,179,17,72,145,111,25,78,134,90,155,126,25,198,51,144,156,130,114,194,255,84,0,74,34,153,89,96,162,255,183,94,85,163,182,248,175,0,133,174,97,207,170,65,134,111,65,108,218,91,92,203,255,104,105,255,0,0,17,255,49,255,61,0,89,0,255,212,255,255,0,255,255,117,255,221,0,0,99,0,116,0,107,0,0,149,255,255,255,255,186,220,0,0,0,255,232,255,195,65,95,255,0,165,70,0,56,255
150,24,104,44,255,85,124,56,68,195,211,9,66,224,60,60,71,126,198,174,30,225,0,56,171,212,49,120,146,11,168,189,0,146,75,126,204,83,34,113,252,114,0,113,120,200,66,73,135,249,214,52,199,28,213,108,198,0,141,131,94,121,107,141,253,35,222,130,181,107,90,187,255,187,0,64,0,158,44,255,0,248,60,47,76,0,255,255,255,205,0,255,180,127,204,151,74,0,255,0,219,0,2,0,0,0,255,161,255,241,255,227,0,65,0,45,217,255,204,161,112,255,198,248,255,56,0,255
151,24,86,22,255,95,109,37,47,184,247,0,52,86,0,0,52,80,205,208,0,151,0,88,213,22,46,91,249,19,99,223,4,193,141,176,255,148,99,158,255,85,0,161,51,255,0,191,155,241,125,95,143,216,0,188,190,0,47,141,130,208,175,234,232,0,181,108,189,129,0,255,83,89,65,243,0,0,0,255,0,255,76,10,0,0,255,255,255,255,0,255,239,149,255,178,16,0,144,0,228,0,199,0,0,130,149,255,255,255,119,197,0,0,0,220,16,255,247,0,253,255,0,255,255,0,0,255
153,31,109,30,255,85,103,84,76,191,255,0,97,138,132,17,0,107,194,165,56,255,62,37,159,53,182,126,113,54,119,183,0,235,95,206,250,31,93,156,196,177,0,169,35,255,51,0,148,230,255,37,131,93,128,46,234,54,175,153,134,150,23,255,177,195,255,36,84,0,7,255,223,175,57,106,22,0,94,255,0,255,85,0,124,0,255,187,192,180,0,255,186,255,234,198,93,0,198,92,73,0,0,34,0,117,224,255,255,255,216,196,0,0,0,0,235,255,147,255,84,255,0,186,229,0,0,255
154,31,97,23,255,87,105,60,57,179,255,0,79,90,86,11,0,115,190,231,0,244,14,45,246,3,87,40,170,19,139,182,0,255,144,183,255,81,147,169,239,157,0,155,7,255,29,28,136,252,255,96,89,156,8,84,196,23,111,152,136,192,87,230,199,146,255,124,135,0,0,255,175,204,72,211,0,0,58,255,0,255,85,0,104,0,255,255,255,239,0,255,176,255,255,210,96,0,157,0,34,0,0,0,0,78,141,255,255,255,187,173,0,0,0,51,31,255,191,255,175,255,0,255,255,0,26,255
158,33,131,47,255,75,88,61,67,202,220,0,53,136,143,38,0,109,193,160,14,157,6,2,109,107,128,136,194,50,67,133,96,186,35,255,188,48,108,214,139,160,15,90,55,255,98,52,141,235,200,76,139,151,124,174,214,67,192,137,145,147,28,232,170,236,171,0,94,0,99,255,167,216,87,127,83,31,82,255,52,201,154,41,18,0,154,171,255,232,0,177,230,255,173,221,76,0,103,206,0,17,0,51,0,165,225,255,163,255,218,151,0,0,0,91,226,229,66,210,163,169,38,80,104,151,58,255
155,37,110,46,255,69,95,47,73,186,212,0,59,159,71,49,0,117,139,228,0,171,0,0,126,110,113,118,116,61,168,0,65,179,36,87,24,186,200,229,217,60,8,0,0,255,134,42,233,255,252,177,62,230,105,248,156,0,123,130,43,255,23,19,76,219,215,155,255,0,221,222,255,255,249,255,93,73,5,255,0,255,63,73,189,0,255,5,255,255,0,255,252,165,255,255,77,0,3,0,0,130,213,0,0,193,255,255,255,255,218,0,0,0,0,255,255,255,163,111,155,255,0,255,170,0,0,255
150,31,120,45,255,96,129,70,84,178,183,72,51,237,87,67,29,116,188,140,0,255,39,35,149,174,75,176,71,40,255,118,50,156,41,127,143,129,162,44,195,150,0,103,139,205,112,56,154,255,247,112,109,125,211,118,152,0,208,255,152,88,223,192,255,52,255,206,165,35,112,255,255,207,29,56,0,110,48,255,0,255,73,25,78,0,255,219,195,245,0,255,163,223,255,221,46,0,178,0,149,0,0,92,0,70,255,97,255,255,255,172,0,0,86,211,255,255,0,255,30,255,107,255,235,0,0,255
154,22,93,37,255,90,94,21,75,144,228,0,50,178,0,0,60,53,237,222,0,126,0,111,153,41,0,0,186,83,204,195,3,213,0,135,195,182,148,204,165,175,16,31,255,175,26,176,163,255,54,86,0,151,147,211,0,0,140,105,90,0,255,58,169,181,15,136,156,152,76,208,95,127,107,148,17,0,0,255,41,255,121,0,37,24,221,255,255,255,0,255,255,92,255,127,0,0,125,77,255,0,118,76,0,255,255,255,170,255,170,255,0,0,0,255,133,255,183,0,255,189,0,255,166,0,54,255
154,31,118,43,255,81,130,79,100,167,198,15,131,194,56,38,96,120,159,201,13,218,40,60,176,70,154,122,60,40,179,66,66,170,41,85,137,136,86,186,164,157,0,60,0,185,13,79,83,255,253,90,123,115,135,140,108,0,135,213,118,134,128,110,166,162,160,203,130,0,150,243,255,131,145,121,54,12,81,255,0,255,136,78,128,5,216,183,204,193,0,255,255,255,255,195,87,0,209,55,133,0,8,22,0,255,255,255,201,255,255,255,0,0,58,155,153,255,112,255,20,196,0,135,255,108,0,255
155,24,102,57,255,79,91,66,97,152,213,0,122,190,0,0,61,49,197,240,33,105,0,71,193,0,170,69,131,22,110,98,69,159,40,86,169,221,109,134,124,181,68,1,102,197,10,109,46,250,234,93,32,100,60,202,72,0,108,200,115,47,248,91,179,153,47,138,93,25,149,213,129,99,196,50,39,0,0,255,68,255,169,81,115,86,231,212,206,233,0,255,218,253,255,137,0,0,209,158,255,0,0,37,34,255,255,255,106,255,123,255,0,5,26,180,66,194,61,239,210,95,60,114,255,89,82,255
153,17,94,62,255,70,90,57,51,133,210,0,23,203,8,28,0,79,166,213,0,102,0,0,158,63,3,0,206,82,189,80,33,255,3,211,148,216,61,255,140,133,79,0,204,255,109,13,178,255,83,147,0,93,170,255,0,0,166,101,0,10,255,92,179,87,132,155,153,179,161,51,160,153,224,0,16,15,0,255,144,255,110,62,108,0,214,255,242,255,0,255,255,66,255,117,97,0,255,127,255,52,53,80,0,246,255,255,165,255,255,255,0,0,0,255,187,201,0,160,59,255,219,250,182,217,23,255
153,31,111,36,255,97,167,49,74,186,183,72,58,249,44,94,74,144,254,185,0,255,33,0,89,216,17,155,0,38,255,91,35,188,47,39,139,120,222,99,225,143,0,94,74,138,29,108,223,255,255,167,188,114,255,146,132,0,239,255,168,193,255,88,239,62,255,255,255,4,109,255,255,246,103,201,0,67,11,255,31,255,53,46,0,0,255,144,180,255,0,255,255,244,255,234,17,0,82,0,81,117,0,0,0,0,255,24,255,255,255,114,0,0,42,255,255,255,109,255,59,255,147,255,255,0,0,255
152,15,71,42,255,75,82,28,69,129,255,0,0,170,0,0,0,32,193,255,0,54,0,24,246,0,0,0,161,133,181,118,12,255,0,60,175,255,255,255,165,88,34,4,255,192,117,188,199,255,81,128,0,89,190,255,0,0,76,139,112,49,255,0,233,255,0,236,194,232,96,255,121,80,255,255,59,0,0,255,96,255,174,0,255,0,255,255,255,255,0,255,255,73,255,97,0,0,103,0,255,0,255,30,0,255,255,255,59,202,138,255,0,0,0,255,67,255,47,81,166,255,0,255,156,181,87,255
154,27,103,57,255,69,114,80,89,132,229,27,60,182,13,10,40,53,178,216,0,197,134,3,103,17,92,44,38,182,247,10,56,255,0,82,83,190,129,196,120,210,0,0,167,146,71,51,198,255,208,97,0,110,255,116,35,0,165,182,46,134,210,0,119,242,140,192,255,64,123,178,255,86,181,255,129,0,0,255,35,255,195,4,170,50,205,35,133,255,0,255,255,191,255,255,50,0,169,67,95,76,72,90,0,255,255,255,254,255,224,175,0,0,117,255,255,255,28,255,0,255,0,216,255,110,0,255
160,23,156,189,255,45,88,135,122,225,112,63,89,150,80,22,78,43,122,230,0,213,69,85,100,121,255,75,82,79,143,126,146,195,0,217,167,78,26,155,67,255,82,31,126,255,46,177,0,255,159,143,127,65,255,241,177,0,142,146,218,119,3,98,31,20,0,175,255,0,255,17,43,192,0,144,255,113,0,255,0,180,0,163,240,169,236,175,255,221,123,185,144,91,160,201,107,223,188,64,124,76,245,0,0,118,59,252,255,163,239,126,0,103,173,255,255,253,135,109,222,210,243,0,255,255,207,255
155,33,125,41,255,72,90,67,61,183,232,8,7,180,115,72,0,133,167,159,0,135,0,0,157,73,40,131,225,42,118,85,73,255,0,255,95,91,169,255,150,93,25,0,140,255,134,69,89,227,129,37,125,233,77,222,114,20,224,215,139,61,98,106,148,192,154,15,117,88,82,255,228,218,93,152,115,0,0,255,57,255,131,12,114,0,163,255,255,255,0,243,250,203,255,255,128,0,158,113,66,0,53,49,0,221,191,255,106,220,226,34,0,0,0,255,255,255,34,100,57,255,0,198,106,245,0,255
152,30,121,37,255,90,122,81,65,198,216,65,68,182,158,67,0,130,165,132,20,207,0,34,193,148,119,150,129,9,151,185,67,220,70,223,157,33,91,166,210,147,26,138,0,252,41,22,83,207,241,0,159,188,108,115,191,48,236,222,175,99,92,252,189,98,255,68,138,0,63,255,255,219,27,37,24,54,90,255,0,255,163,0,84,0,255,201,213,150,0,255,255,255,255,255,193,0,193,53,129,0,0,12,0,134,178,189,243,255,255,129,0,0,0,11,222,255,16,255,103,231,36,207,255,76,0,255
154,28,92,57,255,66,90,79,60,154,255,0,36,167,73,2,0,109,177,255,0,133,0,0,218,0,62,0,181,47,127,142,23,255,53,196,214,132,111,225,214,135,64,0,30,255,59,0,114,252,254,45,0,148,110,169,124,0,118,110,54,151,107,142,164,239,248,106,159,0,40,255,136,159,189,111,47,0,0,255,135,255,93,81,177,0,255,171,255,254,0,255,241,195,255,165,149,0,255,22,24,0,67,42,0,250,255,255,196,255,255,220,0,0,0,119,96,255,166,255,125,255,0,255,255,224,0,255
156,22,97,48,255,80,110,48,44,163,255,0,64,120,54,8,0,92,178,255,0,94,0,12,255,0,7,0,201,17,121,176,49,237,123,209,255,68,108,247,217,85,57,9,27,199,15,65,133,253,193,84,40,199,124,227,104,0,114,76,110,123,196,88,156,223,120,146,183,0,0,255,182,185,189,141,0,0,0,255,187,255,141,68,34,0,255,255,255,255,0,255,255,158,255,92,35,0,222,65,158,0,115,31,0,255,255,255,208,255,223,255,0,0,0,169,0,239,215,200,215,255,0,85,214,181,0,255
161,33,122,68,255,57,101,68,56,166,232,0,27,137,66,6,0,57,175,174,0,150,106,0,96,13,67,102,151,82,102,104,147,198,57,255,255,52,123,236,155,198,53,12,106,255,63,96,66,232,224,49,63,255,127,189,121,68,255,168,187,114,74,202,90,140,153,63,103,22,22,255,211,126,0,63,86,0,61,255,154,255,124,87,34,0,74,62,138,126,0,232,255,211,191,255,138,0,121,133,0,0,0,144,0,137,250,192,196,255,194,127,15,114,0,106,154,78,71,255,89,60,203,143,202,202,0,255
157,37,148,76,255,44,83,56,70,159,205,33,27,183,128,56,0,117,161,121,0,187,55,42,75,181,124,126,191,71,211,138,71,142,9,238,108,23,172,189,107,129,54,24,131,255,145,0,144,196,187,100,160,200,77,121,132,26,138,204,50,64,109,182,233,207,132,43,198,39,165,123,142,205,98,95,71,75,2,255,67,241,82,67,130,0,164,210,202,219,0,167,164,255,255,218,101,0,125,233,48,72,4,150,0,69,246,182,154,164,255,112,38,0,2,247,255,214,0,145,154,217,0,131,89,253,0,255
153,35,141,44,255,109,145,103,82,226,184,114,44,255,195,121,0,178,152,87,0,255,87,52,132,209,80,192,68,28,245,177,120,200,31,179,127,87,209,83,171,105,0,130,105,176,81,80,109,245,255,2,156,169,190,133,161,16,213,255,195,74,226,179,213,22,255,250,178,59,97,207,255,179,51,31,0,188,108,255,0,255,117,148,113,0,255,255,163,207,0,255,246,255,255,216,0,0,255,39,167,15,88,89,0,76,194,139,230,208,255,91,0,0,42,68,255,255,0,220,163,219,13,176,222,17,19,255
159,28,116,61,255,73,78,39,56,160,223,0,54,119,46,0,0,59,174,248,0,60,0,47,161,3,63,0,189,75,107,97,132,180,0,247,201,120,83,250,125,128,90,24,89,222,91,179,74,255,118,118,52,176,149,255,77,0,144,47,103,81,223,146,179,248,9,60,102,44,113,186,168,136,137,198,69,0,0,255,190,255,179,5,0,0,181,255,255,255,0,239,255,105,255,115,0,71,177,210,95,0,58,101,0,255,255,255,82,254,147,255,0,55,0,255,168,180,63,143,255,180,0,0,132,255,9,255
158,25,120,91,255,63,88,70,75,168,158,67,127,189,56,25,66,49,164,155,43,141,0,35,68,154,158,119,145,117,133,72,138,150,0,229,50,149,0,206,44,166,176,0,150,255,0,74,101,160,150,107,22,9,54,232,97,21,169,84,47,34,213,127,118,89,53,0,166,127,187,0,167,191,195,0,59,183,0,202,131,191,192,34,61,24,158,165,255,255,45,128,158,175,91,111,120,26,255,176,255,69,0,16,123,212,255,255,255,255,255,203,0,0,73,106,175,112,0,202,195,170,255,0,255,233,62,255
152,31,153,63,255,65,130,96,98,153,141,39,95,152,137,132,81,143,102,0,0,255,110,26,87,255,53,56,189,176,190,96,205,166,197,179,118,25,17,255,177,149,13,221,0,241,45,0,0,255,14,0,174,208,0,213,81,25,212,255,104,20,173,255,126,0,74,255,186,0,168,123,255,255,146,0,59,90,230,255,0,158,222,0,177,0,255,255,255,85,0,202,255,182,160,137,148,46,132,12,181,6,0,148,0,254,118,103,115,255,255,241,0,0,0,255,255,255,0,255,0,255,0,106,255,208,80,255
153,30,126,47,255,93,124,55,81,185,154,54,34,222,63,76,8,113,185,140,4,179,11,14,85,201,11,165,119,53,255,89,67,181,0,221,50,115,149,192,170,162,14,1,204,255,118,119,228,255,150,126,26,134,220,218,128,0,160,158,84,66,219,123,197,79,110,116,133,173,119,209,255,244,142,150,14,113,21,255,61,255,187,27,0,0,252,223,233,255,0,255,167,148,255,255,48,0,172,119,104,23,0,150,0,124,255,108,255,255,255,226,0,0,58,251,255,255,62,206,115,250,120,153,105,97,1,255
156,28,122,69,255,73,104,92,101,178,114,86,93,211,71,68,64,57,137,178,38,255,50,8,76,136,135,183,25,114,237,49,71,221,0,166,0,170,66,191,87,160,104,0,189,255,15,76,158,153,255,161,70,1,125,118,99,0,139,220,0,146,137,64,190,107,76,121,125,154,132,0,255,185,255,179,81,171,59,255,121,221,255,75,75,0,169,32,255,217,0,255,113,232,215,85,147,0,248,197,101,115,53,4,0,195,255,94,254,255,255,84,0,0,124,211,242,200,0,208,115,208,156,141,255,151,0,255
160,35,139,87,255,46,75,70,73,140,230,0,12,128,75,28,0,133,108,166,0,134,1,0,119,47,39,8,219,121,144,85,58,255,0,255,36,102,105,255,110,150,42,0,207,255,185,133,38,252,48,72,36,215,69,199,1,7,143,211,39,139,93,16,163,255,17,67,151,154,201,158,144,238,125,96,195,8,42,255,40,255,146,21,174,0,86,249,255,255,0,74,155,80,253,100,29,0,224,255,159,0,101,255,0,255,215,255,111,69,255,145,50,0,87,255,255,157,0,205,81,144,0,133,124,255,0,255
171,44,171,78,255,54,122,67,96,173,195,0,90,132,121,70,0,169,102,138,0,192,41,68,120,159,106,130,219,46,149,109,79,102,75,255,80,38,149,177,125,82,5,123,49,223,112,96,128,255,140,182,150,136,0,252,65,110,164,174,221,190,35,170,203,255,31,80,148,53,74,93,226,255,18,114,167,83,114,252,158,147,94,255,219,68,241,195,187,133,44,149,255,173,109,244,63,21,191,116,190,38,19,115,0,205,149,255,188,198,144,249,18,84,95,212,142,187,0,215,145,0,92,16,0,208,32,255
156,30,122,50,255,66,77,36,47,163,215,0,0,173,127,55,0,110,130,200,0,101,0,7,221,103,9,14,227,0,108,134,66,230,27,255,118,85,221,242,190,55,44,93,80,255,175,92,47,255,99,17,115,242,82,214,91,41,196,84,63,54,207,142,222,188,77,56,123,22,184,187,221,250,120,115,102,67,0,255,31,255,104,67,188,0,242,255,255,255,0,255,157,158,255,134,143,0,187,9,102,0,32,34,0,198,255,255,27,184,177,144,0,0,0,248,255,255,0,126,156,251,0,255,0,255,20,255
151,25,110,47,255,55,54,2,47,173,195,0,0,146,31,27,0,70,182,192,0,90,0,18,154,100,0,5,197,59,183,126,33,244,0,255,173,141,159,255,183,91,60,0,223,255,213,212,143,255,89,113,0,255,135,255,99,0,126,54,16,29,220,131,170,223,0,40,181,82,166,143,107,158,243,250,135,85,0,255,48,255,161,0,85,0,212,232,255,255,0,255,138,31,255,130,0,0,46,196,106,0,124,108,0,175,255,242,0,255,172,254,0,0,0,255,255,255,18,51,255,255,0,255,0,198,167,255
163,33,113,71,255,70,75,38,69,167,237,0,15,79,108,16,0,129,78,255,0,98,0,12,238,0,58,59,228,44,28,53,47,120,130,248,127,163,234,174,255,7,23,10,0,255,214,165,47,251,42,65,119,228,6,211,178,37,119,122,150,255,0,160,125,255,0,105,168,84,160,235,255,187,82,255,98,81,128,255,0,255,174,144,242,0,255,245,255,255,86,255,55,167,104,72,10,0,213,0,57,0,255,0,0,236,255,255,170,162,71,0,0,23,0,157,35,255,0,100,86,251,0,234,111,147,116,255
173,40,157,84,255,54,107,35,103,141,237,0,77,107,150,30,0,138,82,214,0,192,46,69,179,85,30,115,219,46,84,110,22,40,95,242,82,73,110,142,240,28,47,74,47,218,159,158,99,255,94,165,185,112,0,232,66,126,121,115,255,197,0,164,184,231,0,50,135,80,32,95,219,255,24,157,182,16,159,255,109,171,86,255,247,91,255,218,244,217,124,133,166,157,141,239,0,85,255,84,193,0,75,0,0,255,241,255,154,109,211,219,0,175,61,191,107,249,0,171,169,0,76,0,0,255,150,255
169,41,160,85,255,40,127,74,99,137,223,0,79,145,121,39,0,136,95,127,0,215,84,76,151,158,74,106,217,64,164,129,58,70,107,219,59,24,128,139,164,82,49,81,90,191,92,48,68,255,136,115,233,131,0,185,49,98,149,209,187,108,51,111,239,195,20,100,112,57,53,59,194,255,0,77,147,37,147,255,79,229,81,241,217,77,255,227,191,114,0,154,255,246,191,255,19,20,207,152,172,51,0,102,0,172,181,255,224,131,255,196,0,106,21,188,137,233,0,217,131,0,90,55,0,246,53,255
160,28,116,56,255,66,100,54,68,159,235,0,48,127,71,29,0,110,121,252,0,100,0,8,222,0,20,0,238,53,61,103,53,202,121,255,168,77,202,255,224,77,6,78,84,255,104,72,43,255,135,32,71,205,40,207,86,34,169,85,136,146,81,53,129,255,0,75,68,0,108,255,207,231,99,147,126,0,20,255,79,255,134,126,255,0,255,255,255,255,0,255,182,202,176,130,0,0,153,5,106,0,67,0,0,255,255,255,64,246,103,202,0,69,0,129,100,255,65,204,92,82,0,215,54,212,30,255
154,25,104,53,255,70,102,35,50,165,255,0,57,110,39,18,0,80,204,215,0,124,0,11,200,17,0,0,206,52,100,166,44,176,96,246,255,58,122,255,195,94,83,34,34,234,57,90,163,255,192,67,51,195,46,255,110,0,184,123,142,103,126,154,176,186,127,47,161,11,18,255,152,202,161,158,25,0,0,255,185,252,131,9,41,0,211,251,255,255,0,255,255,130,255,138,53,0,101,83,143,0,94,23,0,185,255,255,175,255,255,219,0,20,0,190,119,237,192,166,190,241,0,173,180,155,0,255
152,27,101,57,255,67,78,44,57,162,255,0,5,167,76,38,0,111,189,230,0,162,0,0,181,34,4,29,186,47,153,134,4,254,25,252,188,115,141,255,185,71,33,0,146,255,177,37,210,255,202,81,30,152,113,232,100,0,163,130,84,87,91,142,214,176,172,57,144,69,80,255,164,227,185,203,80,0,0,255,130,255,69,19,126,0,255,171,255,255,0,255,174,123,255,179,157,0,168,58,89,0,100,28,0,103,255,255,179,207,255,91,0,0,0,255,255,255,127,161,96,255,0,255,57,217,0,255
154,31,113,47,255,90,152,70,83,179,205,69,69,255,74,58,76,113,221,171,33,255,66,17,101,202,58,163,6,32,255,107,43,131,36,68,138,96,155,66,208,165,0,58,123,180,52,62,158,241,255,87,163,51,255,77,180,0,164,191,113,133,255,75,247,41,255,211,146,66,76,255,255,201,32,174,0,110,110,255,39,255,60,75,22,0,255,191,172,238,0,255,255,255,255,255,74,0,245,0,87,91,0,13,0,0,255,0,255,255,255,186,0,0,65,196,226,255,169,255,36,255,212,112,255,0,0,255
153,35,129,63,255,75,116,79,85,174,191,52,76,231,120,58,23,124,170,138,0,226,71,29,90,169,139,159,43,52,231,56,102,140,12,108,103,148,133,123,147,171,7,27,80,235,76,31,159,255,255,104,120,108,174,103,151,0,169,232,82,120,147,145,213,130,255,187,225,0,197,215,255,213,95,157,64,102,60,255,7,255,103,112,128,0,246,141,183,255,0,255,176,255,255,255,119,0,182,60,21,100,0,110,0,113,255,230,255,255,255,178,0,0,52,213,255,255,17,255,98,255,145,224,232,78,0,255
157,38,124,60,255,80,149,68,98,179,189,23,135,241,108,56,145,114,158,240,0,255,165,62,98,129,158,139,0,79,240,0,0,165,22,0,24,139,137,197,133,166,0,0,0,103,17,110,212,255,255,115,219,86,181,130,72,0,115,154,80,183,200,31,72,222,191,255,255,0,184,109,255,116,255,255,62,33,142,255,0,255,128,153,140,40,255,49,211,255,0,255,255,178,255,255,87,0,255,26,34,118,107,0,0,155,255,236,255,255,255,215,0,0,108,255,193,255,50,194,231,255,6,0,255,99,4,255
162,35,154,168,255,44,46,158,163,210,127,0,89,205,174,33,112,70,83,159,0,211,103,67,183,129,214,156,109,65,192,99,59,101,90,106,163,119,183,128,94,121,102,19,70,167,96,139,4,234,145,169,95,144,60,191,133,19,145,81,155,70,81,112,13,233,120,149,162,121,213,62,247,148,143,154,255,222,4,255,0,151,25,116,85,145,200,239,255,175,146,105,163,56,231,156,17,0,185,93,210,198,153,48,0,150,156,142,255,150,157,116,126,0,75,241,195,139,0,117,102,255,0,157,0,255,152,255
164,35,153,155,247,31,50,146,141,186,138,1,83,193,152,54,69,72,105,188,0,179,110,63,120,139,235,144,78,83,150,63,72,134,72,129,168,148,213,201,115,162,63,0,64,180,95,118,5,230,136,114,113,139,39,150,138,75,130,152,143,138,27,160,18,195,76,141,191,100,254,96,255,130,167,191,215,203,14,255,0,213,90,229,125,110,194,207,255,156,80,90,140,174,79,93,82,0,188,87,154,231,227,16,17,186,255,120,219,212,149,71,119,30,156,119,225,15,0,37,73,255,26,97,161,255,65,255
