154,25,143,72,255,73,152,116,124,201,174,118,172,178,120,68,96,108,149,135,8,254,115,86,149,109,172,117,64,75,147,125,134,142,53,108,150,105,111,191,183,160,100,78,0,96,22,101,52,202,255,57,112,181,71,134,119,30,166,206,218,130,67,255,170,152,247,137,198,0,180,159,254,159,252,81,64,170,122,221,80,124,236,127,53,0,79,150,107,71,23,204,254,199,131,124,86,21,142,255,255,0,231,124,11,255,249,157,66,225,255,214,0,92,255,0,16,46,0,236,100,120,0,77,255,218,0,255
150,19,154,60,255,38,166,131,155,207,157,159,216,187,70,70,157,115,143,82,53,236,119,104,148,64,142,145,100,85,86,122,179,38,40,138,133,50,145,255,163,222,103,110,0,83,0,82,0,255,255,0,175,255,88,7,143,34,136,181,244,133,66,152,78,110,255,82,213,0,210,176,206,109,255,38,0,177,190,210,89,153,251,174,0,50,138,255,137,0,0,137,255,225,28,255,98,35,255,255,242,0,255,64,3,255,255,148,30,255,255,255,0,76,255,0,0,0,35,255,104,69,0,122,255,133,0,255
153,21,160,79,255,60,138,140,175,171,139,124,209,174,19,64,130,147,215,168,3,179,66,100,133,23,147,80,137,73,164,69,153,143,0,19,90,197,255,217,74,255,112,0,58,35,0,138,63,255,255,62,203,255,69,26,136,44,32,255,220,63,110,116,166,194,149,232,190,53,255,223,181,119,255,65,0,82,221,255,87,142,186,145,35,110,130,255,115,95,0,169,255,255,83,255,0,0,255,255,120,0,111,74,218,255,255,220,183,255,255,255,95,0,255,190,36,12,34,255,0,255,0,126,255,201,0,255
148,14,144,87,222,16,117,88,155,204,160,144,196,212,67,14,143,81,200,82,62,209,101,79,127,128,159,155,87,128,52,123,127,80,58,142,147,56,214,203,153,181,97,81,0,147,88,88,0,223,255,0,136,186,99,25,149,114,200,255,153,75,85,100,116,92,255,35,255,0,238,82,132,152,255,65,23,135,45,181,90,214,159,151,227,161,86,116,167,0,109,93,202,243,54,142,64,0,255,255,182,73,158,71,0,194,255,23,199,255,255,248,0,195,255,29,157,0,0,255,52,15,25,170,255,144,0,255
154,13,157,96,236,82,64,95,157,185,87,71,154,163,109,75,118,105,162,198,10,206,125,141,112,151,145,131,111,78,147,161,121,179,12,208,38,98,115,56,41,219,42,85,147,173,37,165,38,70,127,73,118,49,161,71,204,0,134,70,205,109,148,213,177,195,181,39,207,44,139,109,150,255,125,221,60,244,182,255,127,57,149,102,49,1,108,110,220,62,135,202,186,51,156,41,44,78,182,216,174,51,198,25,221,255,203,129,167,102,255,160,85,186,68,49,137,176,0,136,202,101,0,143,206,102,59,255
173,19,157,110,228,101,65,96,146,226,139,148,92,101,103,90,135,92,142,181,72,179,128,63,83,155,119,188,125,146,89,199,143,176,67,240,106,95,116,80,170,186,12,125,93,131,63,146,4,90,180,142,128,132,85,48,255,18,152,233,249,83,85,124,188,236,144,88,195,134,183,166,142,221,158,198,0,223,143,122,218,66,142,20,66,116,212,145,131,201,63,181,122,136,51,255,64,183,34,220,201,0,67,91,0,240,214,193,223,160,131,197,129,98,103,135,113,220,4,0,147,78,0,212,141,61,4,255
162,27,184,107,255,79,93,132,164,224,89,145,178,108,63,71,135,148,202,198,0,219,188,177,52,177,111,87,158,108,126,206,173,199,0,233,138,129,139,122,153,255,81,242,112,234,0,240,87,149,178,149,138,48,176,58,35,155,37,204,255,42,73,121,51,202,255,255,186,11,255,145,145,217,241,52,44,128,137,212,190,32,95,45,0,0,74,240,184,75,161,143,205,162,159,154,61,61,55,66,0,0,131,172,255,255,186,255,50,111,255,255,31,147,78,194,92,202,0,240,112,203,0,0,255,255,81,255
179,27,192,88,179,76,43,84,118,255,59,41,69,121,86,0,86,143,196,132,148,228,151,0,152,175,186,208,194,81,109,94,133,115,0,255,84,97,118,158,161,124,50,160,117,199,0,174,32,19,105,111,161,171,105,77,190,25,108,132,255,177,49,249,58,255,255,129,137,35,220,106,220,48,189,151,70,214,178,99,178,119,157,66,0,151,174,202,136,255,254,227,201,234,255,141,40,255,58,255,17,191,47,140,0,245,255,212,239,195,162,255,93,116,57,189,255,55,0,27,100,105,36,142,233,255,0,255
189,40,219,108,204,103,71,78,154,255,124,69,53,137,193,90,180,138,221,198,47,236,217,52,105,188,74,250,140,177,9,249,197,239,0,110,128,0,159,160,101,255,0,145,114,62,201,194,35,155,211,118,121,54,36,171,169,82,255,143,187,19,64,255,201,123,255,255,50,136,32,110,255,255,188,37,60,181,128,255,89,255,237,255,0,179,238,105,35,111,223,255,255,89,244,255,0,133,36,131,255,93,138,75,0,255,206,128,255,255,0,225,25,255,255,117,209,255,3,189,236,170,0,255,43,21,23,255
156,19,176,79,237,83,78,62,147,237,132,139,97,116,123,124,91,151,187,177,0,255,232,146,130,193,110,134,162,90,186,218,102,129,0,207,143,115,39,112,37,255,136,164,255,167,159,197,191,164,165,113,58,36,0,0,158,96,48,116,199,110,41,207,137,100,129,116,255,0,255,121,115,229,156,159,47,219,201,70,155,0,255,20,55,68,223,133,138,0,0,164,134,132,141,224,17,153,142,183,75,81,186,255,158,211,255,209,107,172,255,117,18,96,255,50,30,0,0,213,151,118,0,84,132,49,201,255
152,14,141,85,234,86,93,52,110,217,162,86,127,118,128,90,71,111,159,194,18,193,69,139,184,159,85,64,134,27,127,175,45,209,108,228,98,47,35,121,98,198,12,105,174,52,153,180,126,204,123,0,157,109,140,86,190,10,167,148,145,51,22,191,123,122,86,62,255,71,151,119,76,213,56,131,107,180,104,85,68,25,213,18,21,150,125,156,255,70,133,196,26,55,50,72,50,0,255,139,255,48,178,204,0,253,255,114,255,255,255,64,54,158,198,0,255,64,13,157,107,41,0,123,0,101,55,255
158,16,158,82,233,99,63,85,144,233,99,100,85,157,124,66,133,123,163,174,43,158,136,80,136,153,108,174,130,79,115,230,132,160,0,246,121,69,84,107,111,205,35,79,177,157,145,196,29,78,208,58,157,115,150,58,248,0,145,190,146,104,91,171,84,240,134,78,160,115,163,136,159,202,178,161,74,201,179,133,145,41,241,17,25,64,167,79,204,104,84,195,150,88,118,135,34,143,140,147,125,38,143,92,120,255,255,147,198,255,208,123,115,93,127,125,159,74,0,112,147,110,0,180,111,77,80,255
157,17,148,88,235,101,71,59,128,224,140,104,91,134,147,84,89,132,137,185,26,162,83,110,164,140,108,113,110,84,150,201,90,222,39,239,106,98,40,98,117,172,0,116,175,111,237,179,79,130,148,63,184,146,81,67,254,0,178,175,144,83,112,183,108,149,71,75,255,54,228,119,134,239,146,204,113,214,157,74,66,30,210,35,89,72,178,157,255,106,166,231,29,95,63,119,50,52,177,109,255,86,155,227,0,213,255,171,255,255,191,88,74,133,157,120,255,127,0,78,204,164,0,132,33,44,73,255
156,16,165,85,235,103,116,78,149,231,92,140,109,126,95,100,118,123,203,176,28,216,166,98,94,175,108,162,146,80,161,169,102,210,0,186,78,83,187,88,112,230,58,120,155,153,128,255,155,107,221,88,115,79,75,0,163,64,48,199,182,43,165,233,157,75,160,161,220,138,203,172,151,221,204,115,0,255,118,105,184,0,255,119,0,45,91,109,177,0,196,253,152,97,81,164,115,146,165,157,103,26,178,208,151,205,222,111,164,150,255,217,44,92,252,54,141,78,0,160,43,138,0,57,188,92,124,255
191,38,209,113,220,79,19,68,168,255,117,100,61,98,112,62,222,165,235,184,36,250,255,0,199,255,52,222,178,97,66,255,184,164,0,245,213,95,166,129,51,255,20,141,254,135,90,192,0,74,77,129,90,40,88,25,77,111,219,103,212,80,0,97,112,239,255,190,92,121,152,164,255,224,255,207,132,73,113,72,242,130,144,38,0,139,255,156,53,163,0,144,255,114,255,137,0,70,4,97,225,88,107,190,0,251,255,233,255,255,0,249,84,235,230,183,172,86,0,185,159,177,0,141,0,166,182,255
168,25,185,106,217,73,32,35,154,235,103,106,82,82,131,35,119,104,170,132,36,169,134,122,37,177,112,171,158,143,117,206,101,195,0,222,165,18,66,121,57,244,77,138,224,197,159,177,59,131,86,165,149,182,73,53,186,67,61,61,149,96,95,236,212,193,133,100,196,130,185,158,134,213,116,140,18,255,192,96,237,21,197,12,4,87,102,91,73,110,255,140,175,34,194,238,85,128,99,211,56,0,0,152,63,152,242,212,255,225,75,142,135,121,119,182,170,132,0,0,255,141,0,25,151,159,155,255
164,22,138,110,195,37,43,29,130,236,114,46,106,175,99,18,192,109,202,91,22,133,110,108,92,191,190,178,133,145,148,168,168,79,47,243,95,0,2,44,44,174,109,104,255,201,119,245,0,211,144,72,113,160,253,149,242,0,111,134,156,77,130,154,0,80,84,111,143,88,230,0,255,0,134,127,110,131,180,122,143,211,136,63,19,29,95,189,243,63,231,14,239,46,90,170,20,90,81,137,102,0,95,122,97,247,162,216,157,223,51,158,0,114,181,118,153,244,0,210,255,166,0,23,135,136,255,255
147,12,148,64,251,117,124,67,95,249,108,134,86,177,162,163,53,108,143,221,27,236,61,89,179,142,68,113,95,24,247,161,37,207,0,255,64,79,130,87,88,168,33,137,197,118,147,204,244,169,203,0,139,85,138,33,171,0,178,169,110,15,112,247,178,70,37,134,255,43,183,94,61,254,141,60,78,255,30,87,0,31,255,98,0,107,214,172,255,34,172,255,0,90,62,15,111,151,255,151,255,213,255,255,0,255,255,45,193,119,255,69,4,18,191,0,255,128,0,124,239,0,0,86,53,2,22,255
147,10,148,72,230,82,93,71,147,198,135,79,119,134,159,88,14,114,116,180,0,173,93,162,140,140,178,34,83,102,148,197,118,169,40,187,162,88,0,128,62,202,0,168,154,157,122,152,154,239,95,0,42,117,75,24,159,9,79,157,145,30,0,255,169,42,93,87,255,0,181,112,145,253,81,173,124,255,155,119,0,58,255,21,96,23,219,201,217,14,120,196,66,180,48,166,118,29,242,182,237,79,242,254,0,255,210,104,179,255,255,162,195,114,216,0,255,88,0,191,146,35,0,61,87,67,177,255
171,10,153,113,189,80,70,30,167,209,79,28,92,141,55,63,82,83,166,155,0,145,124,73,71,170,237,59,62,215,100,192,167,144,0,135,117,73,32,5,25,140,52,161,174,80,255,157,0,255,57,188,255,145,167,120,255,74,220,205,91,138,73,255,93,77,255,157,100,138,255,0,218,109,45,187,0,138,204,0,45,255,120,122,152,0,0,255,195,137,255,255,58,11,166,199,255,255,107,119,51,70,81,193,77,255,90,255,255,255,84,82,197,240,86,209,121,212,0,255,235,255,129,123,255,144,224,255
175,20,152,131,193,69,42,59,212,231,89,46,61,95,80,64,111,130,146,154,4,211,172,42,178,121,117,131,47,189,142,213,196,110,55,107,174,58,64,94,84,146,12,99,255,201,185,17,27,193,82,231,104,174,25,114,248,80,154,150,217,146,44,104,108,25,101,174,121,230,145,90,227,223,166,206,86,255,255,114,227,179,157,182,108,49,189,173,179,25,123,191,83,136,40,235,20,85,28,36,176,77,9,163,29,119,116,113,255,147,102,85,97,120,85,99,4,164,0,210,255,255,0,96,148,107,9,255
175,26,171,77,233,111,34,21,162,230,133,81,66,133,102,72,174,209,137,171,76,157,149,91,115,106,204,209,157,85,50,179,143,111,0,213,109,67,71,117,0,145,0,64,131,103,123,213,26,215,61,197,178,255,91,117,255,123,179,100,181,136,5,239,159,228,205,183,108,129,235,177,255,227,244,100,33,147,179,40,156,142,157,44,55,97,146,201,85,192,0,159,130,103,220,178,41,190,94,255,255,0,0,255,14,255,233,255,255,161,52,255,105,86,121,185,244,107,0,24,255,255,0,1,179,45,152,255
153,12,170,65,224,96,114,65,141,206,98,133,135,110,125,125,82,128,123,161,17,219,68,164,102,199,159,84,164,100,142,98,95,139,53,136,139,61,57,116,119,240,43,197,119,138,101,181,136,231,140,103,61,144,99,24,132,79,62,140,206,18,5,255,179,69,122,80,255,72,166,133,198,255,29,114,0,255,156,151,72,14,255,92,75,133,113,213,232,0,126,255,133,130,0,255,109,59,226,229,159,36,194,112,141,209,113,59,180,129,255,177,193,86,187,0,118,120,0,160,25,64,0,88,175,53,80,255
157,18,160,76,238,90,71,79,153,202,77,102,115,139,98,87,97,120,135,136,58,154,94,113,112,173,122,163,110,110,150,229,162,148,0,246,59,80,29,82,30,208,1,65,110,153,95,128,87,131,113,81,149,132,83,69,244,0,102,146,188,91,130,255,132,114,110,62,153,71,210,94,185,163,177,171,65,252,226,160,118,39,236,31,17,0,171,173,203,115,142,201,231,109,45,181,62,176,222,243,195,0,129,70,157,255,228,165,123,255,219,255,129,151,150,46,155,110,0,97,246,231,0,31,159,7,27,255
168,23,153,97,231,86,38,55,143,195,157,91,107,109,104,36,103,123,167,197,58,149,101,101,79,133,167,167,147,105,129,175,158,138,0,246,55,77,40,85,23,245,19,84,107,144,80,156,18,128,95,102,195,199,96,60,255,8,165,81,150,83,11,236,230,178,149,83,189,91,231,151,183,171,180,140,42,226,197,90,150,149,185,27,65,66,108,208,137,113,124,174,112,178,31,168,120,222,141,255,255,14,15,165,52,255,178,231,202,229,153,255,45,157,153,141,255,172,0,0,255,248,0,53,218,91,131,255
161,18,157,86,230,98,41,47,149,190,115,58,102,136,110,78,95,127,142,173,51,145,88,132,149,121,178,151,117,89,126,192,140,150,11,179,57,88,52,82,21,177,0,67,144,110,138,133,25,181,81,119,191,189,81,66,255,34,172,161,136,106,80,255,214,160,144,61,244,100,238,77,135,229,154,175,72,198,216,129,31,130,186,52,34,44,111,196,198,116,118,174,97,60,92,138,85,153,181,211,201,1,76,176,47,255,253,255,255,246,164,235,158,189,133,132,255,146,0,86,255,239,0,91,192,113,64,255
158,11,164,91,218,98,45,72,163,200,98,69,126,141,91,79,105,96,165,176,54,169,129,125,125,153,152,139,126,125,157,214,143,183,22,171,78,96,90,60,60,176,20,126,170,136,104,133,41,139,128,99,183,103,61,21,255,42,132,212,153,86,115,255,216,162,114,70,198,138,168,122,140,232,131,217,23,227,197,167,89,80,230,70,52,55,109,164,197,75,196,194,118,86,84,156,78,130,149,187,157,57,95,151,99,255,230,122,255,255,249,252,132,160,113,71,203,153,0,129,230,177,0,128,204,62,110,255
179,23,157,147,222,94,42,42,172,199,179,81,124,97,110,53,135,169,168,173,107,172,144,96,47,156,103,176,128,146,120,179,120,151,125,207,78,28,77,122,120,184,0,103,142,104,68,179,5,160,78,117,114,193,73,89,219,37,183,193,217,166,22,213,130,119,128,225,146,110,206,200,229,152,152,151,134,165,134,202,255,154,31,59,99,40,139,199,127,46,54,125,100,172,25,255,23,105,136,100,236,69,33,193,40,238,152,255,255,184,140,255,29,138,6,228,21,239,74,19,255,148,0,231,133,99,170,255
175,20,159,90,224,119,58,67,159,234,147,109,81,137,121,51,132,179,173,170,66,164,118,52,46,119,187,218,149,118,117,166,167,145,0,233,71,82,112,92,50,189,0,121,88,120,55,142,80,97,126,121,199,212,99,87,255,91,185,175,231,43,63,235,175,244,199,134,101,140,208,194,188,208,221,127,21,232,136,74,167,158,210,60,48,121,152,194,72,150,128,201,102,225,88,243,102,239,119,178,255,110,65,228,22,255,179,232,180,141,114,255,5,39,84,149,170,208,0,0,255,255,0,85,188,0,118,255
174,28,159,94,240,98,46,39,118,221,166,97,103,115,129,52,110,160,138,209,52,166,114,104,68,82,185,188,154,76,102,130,147,136,28,255,105,76,55,112,97,183,0,131,111,116,84,210,20,115,110,104,161,239,92,90,255,58,243,89,205,58,0,235,159,236,132,107,214,102,237,176,220,190,211,129,41,255,131,170,164,73,146,68,67,101,164,183,90,164,94,145,47,165,51,188,104,188,135,184,255,4,91,169,75,254,215,212,255,103,184,255,37,106,84,183,250,255,51,0,255,184,0,21,177,162,181,255
179,22,157,101,218,88,25,20,140,227,159,69,68,120,124,0,177,213,131,165,90,154,135,75,78,117,236,189,165,90,69,127,131,76,0,255,124,35,36,149,49,130,50,64,101,130,59,255,38,106,74,142,164,255,171,89,255,119,210,74,142,159,0,231,80,255,220,176,99,126,206,90,255,154,182,60,108,175,180,35,143,212,133,0,107,101,79,226,97,144,107,90,96,145,174,176,96,253,159,139,254,93,34,143,36,255,140,255,225,156,125,255,0,139,51,255,255,170,0,74,255,247,0,119,195,124,184,255
165,19,159,124,186,7,85,55,135,197,133,105,104,82,155,54,120,129,217,184,22,235,173,76,43,182,116,137,191,159,68,199,158,119,53,138,179,25,28,84,129,222,113,170,202,237,0,143,97,124,86,180,161,94,220,45,160,105,0,122,220,64,12,167,201,148,158,118,166,53,106,109,126,187,156,170,116,97,182,161,194,202,147,106,13,69,124,155,250,61,198,0,151,255,44,255,0,0,36,248,114,0,3,81,159,156,89,169,45,112,255,0,121,91,164,0,29,103,0,186,75,130,0,97,211,212,255,255
169,25,169,78,237,124,80,27,115,253,142,64,97,105,141,75,59,138,171,255,26,179,128,149,103,112,177,101,178,53,116,159,114,202,0,197,76,36,77,65,135,174,0,255,181,125,127,249,114,107,77,121,249,254,94,97,250,107,117,60,225,38,96,255,112,253,130,126,247,56,180,138,196,255,122,200,0,204,85,59,195,53,210,2,0,119,130,184,169,159,226,255,18,130,187,188,97,255,112,137,148,21,105,255,57,255,255,255,241,92,157,82,58,122,72,173,144,209,36,0,255,183,0,0,187,87,97,255
189,42,200,101,217,89,50,24,122,252,163,77,71,161,112,48,165,188,157,161,73,255,127,81,55,86,143,219,176,80,98,103,139,98,0,235,132,20,92,137,143,126,34,123,127,148,75,229,87,90,116,97,114,247,68,85,139,147,196,133,255,126,0,228,90,255,185,119,95,73,217,146,227,150,208,125,135,216,135,120,173,69,124,102,28,34,242,118,0,178,106,147,176,177,134,255,0,130,112,167,194,137,110,255,18,196,255,255,255,226,103,255,175,255,21,255,188,255,135,0,255,34,0,0,67,255,4,255
182,35,201,116,218,90,47,93,128,255,77,117,19,161,113,45,174,141,220,202,66,172,225,8,111,186,26,232,172,101,73,255,235,255,0,187,150,0,196,127,80,231,0,191,237,112,136,130,0,0,214,114,164,182,170,143,144,70,212,196,217,69,122,195,53,227,187,255,231,191,128,97,255,68,74,60,127,192,36,255,241,210,120,127,76,144,221,131,101,255,134,178,234,120,168,129,0,119,29,18,184,0,4,133,104,255,190,124,180,255,0,224,171,184,95,159,181,143,0,33,144,97,0,150,164,0,20,255
196,42,234,103,193,92,65,0,178,234,135,34,50,129,188,0,209,233,155,95,67,197,107,47,49,51,185,240,187,83,158,242,113,96,0,209,192,0,150,179,129,238,0,77,199,152,192,226,116,192,91,6,80,180,112,72,59,81,227,126,255,168,68,175,209,244,255,131,153,0,127,61,255,188,180,99,83,211,111,65,90,134,49,183,30,0,255,213,0,140,141,182,202,140,171,218,60,209,234,0,255,255,168,165,33,187,226,255,255,255,118,175,101,182,69,181,163,255,0,136,244,184,0,103,229,231,0,255
153,8,158,93,209,85,88,64,123,195,126,72,115,110,136,120,75,98,110,186,1,236,160,184,55,157,150,66,116,81,138,128,126,138,87,90,89,110,0,99,94,255,78,196,184,131,174,222,184,158,53,129,165,63,120,69,152,43,50,97,154,0,55,255,185,105,132,4,255,94,224,58,153,234,0,130,39,255,149,176,116,0,255,29,94,94,114,104,186,68,77,255,92,0,37,255,213,130,183,133,169,42,223,152,52,156,244,191,255,136,255,33,178,168,243,0,228,84,0,47,138,144,0,124,183,0,219,255
157,28,163,81,240,76,63,66,125,211,93,91,132,153,95,110,81,125,159,173,0,211,56,107,149,175,123,134,174,4,132,172,137,169,0,255,13,46,83,71,0,125,0,102,106,135,54,123,48,197,89,6,221,203,77,139,195,29,170,106,180,101,78,255,168,214,81,100,186,58,200,69,169,153,219,161,68,155,125,197,71,77,163,53,14,50,136,199,188,154,172,162,91,91,155,126,54,38,255,194,186,0,66,112,80,255,255,181,37,255,253,111,0,106,141,61,250,107,0,96,255,236,0,20,112,205,38,255
172,35,187,88,238,97,43,86,134,255,75,122,55,182,121,76,166,121,211,171,53,249,173,54,137,211,74,216,184,82,111,219,129,164,0,255,79,85,182,149,63,210,96,94,202,203,35,201,0,4,200,85,187,183,123,14,229,44,218,88,187,189,154,118,123,255,201,47,144,44,197,133,173,202,255,224,41,160,150,36,247,102,220,48,36,65,213,122,172,185,62,146,194,135,123,89,0,231,103,220,16,0,28,135,0,255,255,204,181,255,82,148,60,66,164,255,129,98,0,0,255,137,0,158,85,92,161,255
182,30,199,104,200,101,56,78,135,255,76,137,40,145,99,65,169,128,203,183,99,232,207,56,130,238,40,190,144,149,30,255,167,220,0,219,129,34,212,150,110,158,0,125,193,176,80,105,61,0,106,99,156,174,163,113,218,94,130,228,241,53,75,227,144,217,255,188,86,192,78,161,236,114,154,179,58,151,145,136,252,178,171,0,121,100,144,202,119,255,204,221,177,89,219,255,0,100,39,189,194,8,27,127,18,255,168,201,248,255,0,167,125,173,172,162,164,164,0,78,214,69,0,168,129,115,81,255
193,45,229,112,198,101,60,72,133,255,100,67,94,144,151,53,165,140,246,192,51,245,175,43,117,254,82,204,109,115,67,255,177,235,0,172,164,50,247,103,28,203,0,128,165,138,77,82,119,102,9,46,156,120,118,119,213,79,255,174,188,27,70,255,216,176,255,219,127,91,60,132,255,199,175,104,220,182,58,255,171,129,177,131,34,47,168,255,0,131,210,255,244,135,255,255,0,91,51,191,255,209,225,68,10,255,176,160,255,255,0,255,9,255,255,164,174,190,0,255,255,188,0,136,124,91,65,255
186,27,199,96,206,73,101,83,182,227,148,100,83,153,137,157,133,140,255,38,18,255,164,90,134,192,126,77,137,163,4,0,126,56,0,255,140,84,0,150,135,77,0,0,255,114,201,255,201,5,118,66,103,255,169,125,255,144,25,255,238,248,152,103,121,107,255,97,89,0,0,255,92,131,52,65,0,43,158,90,158,255,81,158,155,76,131,255,145,0,181,255,255,255,234,186,0,206,142,255,255,38,115,0,0,255,130,242,255,59,8,0,0,197,0,183,255,77,0,164,117,222,10,0,255,234,104,255
187,30,181,113,208,100,108,72,207,251,144,71,106,114,140,56,172,163,179,120,55,209,138,28,81,168,86,177,170,165,43,146,156,139,0,206,180,61,75,166,107,116,0,69,91,148,129,129,179,225,231,228,114,133,102,61,255,87,203,202,255,140,13,214,220,190,184,133,122,98,106,255,228,213,115,30,166,186,183,211,208,114,50,125,0,90,246,226,125,84,32,106,63,255,127,223,24,36,112,155,237,11,152,170,0,197,129,220,255,254,0,255,175,115,5,163,56,224,68,16,255,154,0,0,176,89,52,255
178,25,179,101,214,130,71,92,160,255,103,139,86,133,108,74,181,131,190,152,87,219,154,23,62,181,117,207,192,111,87,216,154,142,0,237,107,74,210,92,97,163,3,98,109,169,31,114,63,21,108,141,189,160,115,73,213,58,114,190,255,78,141,180,188,255,189,165,37,89,157,227,195,197,195,189,28,218,135,121,243,116,163,20,91,104,178,149,171,255,171,255,71,211,66,193,20,255,55,174,197,27,19,89,3,255,221,230,255,251,13,176,7,115,44,130,85,251,0,23,176,189,0,71,188,0,0,255
165,13,167,104,211,101,66,94,157,238,107,74,112,168,103,57,109,113,163,145,73,159,128,80,74,161,159,144,130,135,92,133,141,182,32,205,80,123,137,80,117,95,70,104,125,153,82,169,0,86,178,153,106,132,101,84,235,57,115,229,185,117,44,227,137,237,164,157,123,170,138,145,178,181,186,155,2,255,165,207,131,50,192,147,110,77,116,201,146,127,133,203,96,134,154,210,80,118,116,187,122,110,126,93,101,255,201,162,255,155,204,158,157,130,90,143,208,182,0,66,128,181,0,140,226,103,70,255
160,15,169,85,226,96,62,90,145,220,87,97,104,180,140,95,117,94,145,152,67,176,72,82,83,170,177,189,147,115,136,137,137,136,38,183,90,117,143,84,109,173,63,140,120,192,141,151,32,76,184,117,117,114,84,6,230,24,171,227,161,86,100,211,157,237,138,42,169,88,154,182,125,218,169,205,26,255,155,136,95,77,237,94,41,73,102,141,143,82,197,149,63,148,55,217,99,123,103,225,92,68,117,48,121,255,178,74,224,255,169,184,184,56,99,127,197,190,0,85,197,46,0,219,155,130,86,255
170,23,147,95,239,91,121,115,146,203,159,146,102,197,88,71,139,91,107,133,91,176,107,44,36,97,185,218,109,150,112,113,120,136,28,241,0,143,192,129,149,90,83,97,64,169,97,105,64,91,161,101,147,151,80,32,201,0,178,168,189,89,104,117,168,173,135,27,152,123,241,194,205,192,233,190,11,221,66,108,169,145,197,187,135,57,156,160,61,38,128,226,129,151,45,255,192,117,137,255,255,70,114,99,0,255,124,255,255,81,126,111,19,52,236,65,126,226,23,0,195,53,80,111,166,0,0,255
179,12,152,114,206,113,127,103,189,204,119,120,88,169,57,85,100,94,194,158,52,164,126,58,37,115,186,161,118,98,113,110,164,153,108,146,6,117,160,57,91,106,46,118,152,130,120,114,123,182,118,127,179,138,62,48,248,0,143,234,225,40,86,230,165,215,164,18,202,175,162,128,234,235,104,107,23,172,128,87,99,255,220,119,0,132,120,251,52,81,124,243,95,184,35,194,130,102,120,117,214,87,123,123,43,223,145,255,218,183,105,188,131,0,197,81,0,251,142,21,62,122,15,239,190,0,0,255
174,11,153,98,205,99,107,97,139,210,168,146,65,134,62,77,133,73,155,132,45,149,139,79,44,108,145,151,151,121,88,134,160,89,92,193,64,101,97,62,94,132,95,64,155,158,37,132,148,156,118,97,171,148,172,86,214,16,94,255,255,77,0,190,165,211,121,61,59,212,172,170,246,251,114,147,49,124,128,0,155,205,255,59,64,169,63,254,123,141,192,110,117,209,183,255,94,124,97,167,250,45,61,116,43,249,169,255,233,233,123,147,149,25,203,159,206,219,0,0,42,46,0,146,207,0,0,255
170,9,141,109,213,90,100,101,138,190,181,141,86,154,94,42,140,104,123,138,57,162,112,89,79,131,164,145,131,129,133,110,133,124,98,162,89,131,74,81,107,173,67,116,123,124,105,128,75,168,137,108,130,146,200,50,191,0,196,214,171,107,37,180,160,225,162,53,133,145,177,169,221,242,78,156,82,146,70,96,159,153,187,106,97,129,95,245,130,71,191,171,111,215,102,245,135,137,137,129,255,143,163,37,82,229,133,204,190,231,176,202,65,79,238,192,207,170,31,50,77,110,0,148,186,0,77,255
181,21,167,125,198,106,118,76,158,213,98,95,106,172,52,97,148,84,192,142,10,198,38,65,53,132,180,187,115,129,98,140,120,121,136,167,115,99,193,102,105,175,85,140,208,193,83,87,114,195,180,67,192,199,142,123,246,77,105,246,209,53,146,255,123,181,108,69,189,152,134,119,250,255,0,133,102,189,181,34,105,255,227,193,98,90,127,255,173,120,132,186,135,156,146,248,89,187,214,185,136,63,112,56,14,210,181,156,142,202,0,65,116,115,86,128,5,255,182,102,71,113,162,0,248,15,13,255
193,47,219,105,213,111,72,33,118,255,96,50,87,205,89,80,153,228,249,157,59,206,100,34,26,88,181,217,166,33,111,93,161,173,0,255,206,77,133,109,59,138,10,95,134,127,46,173,159,166,94,91,52,255,193,136,224,94,253,121,255,168,82,117,185,219,130,131,211,73,165,124,255,49,190,74,186,255,151,221,94,35,190,184,0,0,255,238,3,187,20,139,214,217,255,178,0,139,106,198,119,221,154,192,97,250,255,255,255,255,41,255,23,182,171,223,163,132,51,172,255,40,0,0,255,215,52,255
197,41,203,136,206,96,101,50,78,205,122,70,135,224,41,81,158,147,162,222,90,251,33,64,7,167,136,140,84,160,105,78,154,161,132,117,139,135,163,75,207,93,2,130,201,151,82,167,171,178,207,16,79,174,56,131,153,41,136,206,252,82,43,102,203,74,143,130,128,158,177,52,161,66,38,100,54,255,59,156,106,39,79,176,183,26,255,255,97,73,71,92,130,234,255,255,0,108,203,222,217,255,163,86,23,255,11,223,255,134,148,255,0,183,235,60,110,226,112,180,255,0,150,25,110,4,118,255
194,39,193,119,219,109,109,62,73,255,84,74,138,213,57,119,108,161,201,238,62,196,58,37,26,165,141,198,155,163,107,49,225,199,69,149,103,157,119,117,118,71,23,109,199,161,38,108,136,165,175,110,97,170,74,184,196,78,186,255,255,111,51,113,121,150,154,150,118,216,185,51,173,73,136,68,91,255,79,249,129,114,121,214,157,46,192,255,113,232,112,127,152,208,255,255,0,82,114,255,209,255,104,141,81,235,49,201,255,139,68,255,58,114,223,53,113,208,100,104,172,0,179,0,164,67,104,255
202,56,246,94,202,103,90,35,29,255,107,67,58,255,126,108,128,183,212,255,42,208,0,124,25,53,188,230,132,164,164,49,255,198,52,132,96,156,189,83,157,211,0,216,210,198,96,220,215,255,245,0,109,211,115,222,191,18,225,123,255,63,94,255,105,107,210,136,255,109,116,0,255,162,0,75,35,216,0,203,58,0,120,204,73,0,210,255,64,220,121,141,230,161,255,255,0,107,245,171,95,255,255,52,203,255,19,182,255,254,91,255,0,222,255,66,209,59,0,48,255,5,0,0,205,0,68,255
186,36,193,108,219,85,31,18,128,232,92,29,82,112,98,11,199,155,176,163,71,187,128,35,41,41,249,182,148,20,75,79,145,129,0,208,79,17,84,112,58,115,17,56,213,151,46,197,46,178,23,155,50,255,40,95,255,130,177,144,208,126,47,141,84,255,182,196,105,101,250,77,255,0,202,15,72,255,24,199,248,13,75,49,60,77,198,161,0,232,0,68,49,136,255,247,22,195,112,116,47,75,33,255,216,221,206,255,255,118,92,255,120,138,101,255,185,255,58,0,255,194,0,114,208,182,25,255
198,46,200,110,216,82,63,28,77,219,93,42,107,169,92,61,126,146,183,255,69,205,62,94,70,119,173,214,120,91,134,19,159,157,43,150,100,153,110,112,181,140,19,154,178,199,93,111,104,217,126,66,17,228,4,157,248,39,193,140,255,94,37,166,115,129,131,71,203,114,215,53,237,73,91,112,85,255,61,197,161,43,143,209,128,78,255,255,0,169,23,102,125,177,151,255,0,95,170,171,153,223,100,108,101,255,106,200,255,97,96,255,67,110,195,82,183,255,130,0,255,0,160,26,170,107,103,255
185,33,155,133,232,104,87,53,92,242,112,56,156,143,72,103,100,114,200,241,72,170,63,83,48,114,184,197,153,192,105,58,203,140,137,183,136,120,123,66,198,77,68,74,173,158,50,163,101,163,214,94,70,253,72,120,250,100,145,255,221,116,70,134,147,176,17,80,214,196,187,70,255,118,113,42,48,255,87,198,139,204,163,206,125,69,255,255,60,166,60,112,140,195,150,244,0,143,157,126,181,133,84,116,0,168,103,229,255,172,148,255,146,105,147,8,39,215,50,132,141,59,182,75,63,34,187,255
204,49,251,111,187,77,46,27,79,225,134,49,81,151,97,97,179,178,237,204,58,199,65,127,9,124,92,214,29,77,110,161,104,222,76,189,53,49,99,196,222,241,0,171,215,160,133,185,158,185,47,12,44,223,67,159,159,0,248,255,255,123,87,223,255,16,172,173,255,114,139,81,188,28,160,109,82,255,134,209,129,0,161,74,49,1,225,255,0,141,29,209,185,125,255,255,0,104,213,218,91,241,165,212,115,255,41,218,255,255,105,255,128,145,255,196,64,255,1,111,255,0,0,122,190,255,0,255
193,23,158,136,215,104,96,68,130,176,166,49,168,130,113,82,117,159,143,206,71,206,85,65,47,136,146,209,139,204,131,155,121,154,120,165,151,136,140,121,196,151,33,190,127,131,66,88,84,158,137,92,89,162,121,104,162,40,117,233,232,111,28,172,222,177,145,53,132,151,153,147,210,162,127,137,91,255,150,148,132,150,213,93,78,150,186,208,58,104,82,158,105,255,99,200,0,67,188,62,204,169,171,65,1,226,82,255,237,97,98,255,108,176,168,70,67,255,123,187,90,44,91,94,219,88,0,255
202,38,211,98,191,105,122,96,22,242,104,121,125,216,102,114,125,199,153,255,85,255,85,100,57,120,141,229,129,203,95,94,210,228,81,156,148,157,208,87,178,213,0,255,207,167,162,244,200,210,237,50,128,131,170,222,255,33,122,255,255,122,0,251,163,129,215,198,255,128,5,68,255,182,169,101,130,255,95,183,125,168,106,197,104,28,255,255,26,255,126,158,163,151,242,237,0,43,196,115,255,243,255,93,41,255,10,243,253,120,0,207,0,139,255,35,136,191,49,154,253,176,0,80,198,0,91,255
182,35,185,110,223,95,111,47,91,172,148,75,140,192,71,81,98,105,148,160,42,197,0,90,17,141,170,197,172,211,113,149,158,167,70,173,29,120,138,88,99,172,114,227,240,170,138,162,124,240,230,122,232,78,69,151,134,79,173,189,253,127,145,119,255,193,129,58,189,231,125,0,244,169,21,49,60,155,154,60,218,79,95,117,246,93,118,246,93,209,126,45,233,173,255,200,55,237,138,251,242,98,0,119,152,255,57,255,155,221,39,254,16,255,167,15,14,26,8,30,187,0,150,0,255,39,77,255
202,48,215,112,219,89,77,44,60,251,94,79,125,234,75,115,116,117,193,255,0,200,17,70,12,93,203,222,132,153,147,4,207,194,28,166,43,132,164,58,90,162,5,180,169,236,62,230,75,255,223,19,181,220,69,130,248,40,223,207,202,113,115,166,44,159,191,168,186,172,237,0,246,74,74,57,75,208,0,159,90,90,111,96,201,0,159,255,0,203,36,197,194,151,255,255,0,170,124,248,145,255,238,237,188,255,54,240,255,54,0,255,33,126,255,56,150,255,72,0,231,0,95,0,255,38,112,255
205,55,235,122,217,95,56,2,47,235,105,73,111,239,119,120,122,181,134,255,91,238,27,136,56,83,123,255,138,174,166,0,184,119,99,169,90,155,186,134,219,163,0,102,215,217,61,181,183,230,174,0,52,250,153,107,221,19,172,215,214,146,103,232,169,104,178,111,255,160,202,0,238,150,135,0,89,255,3,255,97,49,145,117,156,0,255,255,0,206,143,186,205,138,255,255,0,92,156,160,194,255,251,34,16,255,3,255,255,115,101,255,8,154,255,0,145,255,221,68,101,0,0,122,152,74,212,255
194,41,191,110,212,77,73,79,48,233,130,88,138,177,107,109,111,134,140,255,55,224,44,74,53,170,192,196,124,222,51,70,197,255,39,177,116,112,159,76,75,144,23,252,105,190,93,131,77,168,174,67,143,202,79,181,255,90,136,197,218,85,0,214,139,200,233,134,186,133,120,63,255,109,104,183,94,255,99,182,148,167,103,152,144,61,223,255,0,222,111,130,116,216,161,255,0,170,118,161,255,242,173,146,155,255,6,231,255,149,23,255,118,217,255,46,209,255,67,46,255,80,78,0,255,74,127,255
199,32,181,109,221,104,134,103,49,205,84,80,174,213,66,151,127,149,150,207,34,203,37,87,24,122,156,162,134,207,160,79,190,214,57,174,137,79,136,79,68,164,22,213,108,173,76,209,96,244,208,88,148,168,95,77,255,42,124,233,253,149,66,196,104,122,112,188,210,168,97,114,255,137,109,70,80,255,78,133,134,254,122,200,113,32,255,255,121,255,68,62,169,210,175,255,0,61,204,215,214,161,155,121,74,255,0,227,255,36,33,255,26,57,255,104,115,116,26,59,255,77,0,0,254,0,253,255
194,45,206,113,230,97,67,36,65,230,109,96,131,185,84,83,151,161,180,249,56,230,89,79,67,92,132,240,152,128,114,91,182,175,0,188,69,116,179,95,146,138,59,129,255,195,40,179,81,83,176,20,126,218,76,138,145,31,182,173,224,133,92,165,168,220,118,108,173,133,98,50,238,134,230,136,84,255,83,220,143,0,213,99,61,0,189,246,0,252,124,108,157,109,255,214,0,115,134,174,164,185,121,57,105,255,96,243,227,156,126,255,0,177,255,63,113,255,73,53,229,39,0,10,130,171,74,255
186,40,196,139,221,78,57,36,117,209,105,77,117,128,66,74,122,147,165,195,26,251,116,61,68,128,85,249,88,111,141,115,96,149,110,178,124,94,78,85,137,100,44,136,218,132,84,155,42,161,166,79,101,169,5,112,111,100,171,130,238,148,85,85,184,166,173,121,166,158,141,52,161,128,119,148,125,255,122,192,162,0,144,124,146,44,193,168,11,80,130,147,153,104,255,239,0,41,66,204,180,174,19,195,90,118,89,184,255,157,167,255,35,243,80,115,68,198,8,89,153,0,55,91,173,144,84,255
182,38,167,141,255,73,105,107,118,187,159,93,128,229,118,96,106,123,94,189,38,231,51,62,59,106,135,202,111,201,117,48,95,169,83,181,49,181,182,158,76,126,79,116,170,205,80,147,65,204,217,119,160,118,42,135,87,19,124,119,164,163,184,79,231,255,106,68,212,116,143,87,157,255,137,158,148,227,117,176,117,140,86,152,204,80,184,160,116,72,13,98,181,168,140,126,75,148,150,166,255,255,91,132,70,255,30,255,255,53,148,226,14,128,223,76,34,104,0,75,108,39,170,118,198,143,4,255
188,25,147,115,223,87,95,120,112,230,144,95,164,108,95,100,155,139,186,191,59,195,115,62,75,124,164,189,104,234,70,155,177,219,62,170,61,87,129,142,60,121,22,181,106,170,65,58,0,88,141,147,148,109,56,75,147,24,138,206,219,25,0,200,216,249,152,29,188,111,163,212,255,148,128,137,60,255,127,207,192,154,167,155,143,182,244,255,12,232,141,165,85,227,43,186,0,24,202,110,201,109,115,27,76,179,5,240,255,30,42,197,155,36,229,32,153,255,0,90,91,120,4,54,149,163,15,255
197,28,177,121,206,79,103,58,86,170,111,47,186,129,101,122,62,121,185,236,24,234,58,88,25,235,150,176,158,173,79,150,108,238,0,151,88,84,141,33,166,234,0,255,105,169,108,201,16,180,129,63,169,119,51,131,251,95,183,166,255,138,4,178,96,178,255,128,87,208,160,140,185,123,28,158,4,150,164,20,97,153,148,148,136,92,121,255,37,190,121,90,169,219,192,204,0,200,85,254,193,121,188,173,97,255,83,197,209,121,80,237,95,137,192,0,113,158,0,143,124,33,150,91,255,168,244,255
191,41,227,108,206,115,109,41,84,180,123,106,81,232,87,131,123,194,157,154,28,255,23,150,26,77,153,209,148,166,150,73,187,147,107,147,111,118,118,52,149,135,21,239,215,138,121,214,200,240,255,36,114,118,94,159,125,8,151,198,255,140,64,169,219,167,179,173,207,156,79,52,149,195,26,120,61,254,94,60,94,36,122,224,131,0,175,255,83,142,132,189,252,89,245,255,0,120,141,204,190,255,118,211,11,195,41,255,255,132,123,230,0,255,197,167,36,99,110,0,154,118,0,29,153,25,109,255
191,36,169,145,234,122,85,37,93,223,177,58,176,174,112,155,48,151,194,255,84,181,30,151,42,162,133,237,154,255,166,22,164,158,130,156,120,169,111,105,210,157,0,122,159,183,62,197,88,255,169,30,67,167,72,128,214,126,179,214,214,226,125,93,213,176,22,104,255,214,164,62,255,212,64,0,0,255,67,198,136,96,204,118,255,114,255,255,69,231,0,15,191,255,89,190,0,125,180,76,255,251,211,49,0,190,137,255,255,212,183,255,9,0,102,0,0,229,71,122,108,0,98,86,153,0,230,255
201,52,217,126,220,76,67,31,58,207,151,51,128,203,100,101,151,162,150,255,33,246,42,119,94,154,148,174,75,170,115,51,169,164,70,123,75,142,186,96,182,162,0,159,234,225,72,192,157,198,169,14,81,255,58,145,158,34,134,163,194,98,51,246,208,112,181,132,255,119,150,42,233,120,128,59,60,255,88,174,120,75,107,114,133,78,214,254,0,148,15,126,213,233,255,244,0,129,244,133,235,255,255,106,0,255,41,215,255,134,79,255,120,175,255,35,180,255,105,55,255,0,22,13,196,71,77,255
184,26,150,151,214,84,110,30,151,179,108,39,165,149,68,112,128,138,191,223,91,228,76,90,44,180,122,170,103,159,97,108,153,140,89,134,89,133,107,42,186,159,49,92,194,146,28,152,109,138,219,114,101,123,113,116,133,101,183,174,255,105,148,84,230,156,76,118,235,205,136,37,171,191,45,45,0,220,192,111,168,128,69,165,173,113,250,222,118,36,0,61,150,140,151,169,0,99,189,68,242,106,70,157,0,221,23,222,232,180,255,255,0,179,63,31,27,173,92,193,255,50,139,148,147,0,165,255
177,27,152,141,187,10,115,36,169,157,66,36,99,150,97,94,175,165,117,184,35,181,63,29,80,121,197,225,64,169,108,123,51,125,116,219,72,58,136,127,83,117,50,121,172,230,48,176,84,241,187,137,171,161,213,88,163,142,95,107,177,174,62,88,151,69,128,137,240,131,177,89,255,209,4,105,149,135,227,0,174,255,44,184,157,167,184,151,193,0,117,98,252,74,155,141,97,66,187,0,255,82,62,194,20,255,0,217,255,107,133,26,138,142,149,43,255,120,74,143,181,5,122,157,228,60,0,255
187,46,220,143,234,98,72,91,165,204,100,67,63,223,183,68,243,38,216,155,0,242,68,98,50,163,21,255,116,188,49,255,81,129,0,162,72,0,229,192,139,201,0,34,201,249,36,97,148,217,210,0,215,118,45,202,176,49,255,181,216,61,195,210,179,163,21,77,31,90,77,0,255,255,56,71,66,156,100,255,32,218,233,108,63,108,102,142,191,173,129,175,225,65,233,255,0,226,132,5,221,202,21,4,57,255,29,64,255,255,7,226,0,232,219,150,55,124,0,60,213,43,0,182,142,60,175,255
200,57,254,115,210,91,58,80,45,255,67,93,57,255,152,76,184,129,192,245,57,255,71,113,90,136,100,231,120,155,79,146,201,144,0,147,183,126,255,117,108,212,0,167,140,181,4,99,200,175,211,0,125,129,132,129,127,0,181,182,152,6,109,216,134,135,220,142,173,35,54,0,255,190,0,183,29,176,0,204,0,203,206,108,0,0,179,255,0,255,183,255,255,6,255,255,0,91,167,73,197,255,255,15,76,255,0,131,255,255,0,255,0,230,255,153,255,132,0,83,249,76,0,149,152,29,255,255
193,36,185,107,212,95,109,76,100,251,114,77,139,191,34,161,111,111,211,217,0,215,66,89,15,160,179,105,106,192,176,104,167,178,0,177,96,66,137,24,42,139,0,255,97,190,67,242,71,255,108,95,188,233,55,161,255,74,220,237,238,166,65,156,66,79,205,254,80,135,187,77,236,38,30,148,20,211,26,23,124,212,149,184,137,30,153,255,127,188,64,103,245,195,91,255,0,192,183,255,37,131,111,220,118,255,42,253,255,139,128,255,223,18,174,41,11,255,0,26,255,0,224,0,206,103,122,255
185,31,173,123,185,70,66,70,166,255,122,75,58,129,49,44,194,147,190,127,5,239,135,0,96,107,144,118,54,133,163,156,145,194,18,199,183,82,119,47,145,166,87,108,164,114,63,136,30,181,150,152,96,249,56,53,210,65,183,161,239,185,43,143,124,186,137,123,171,132,163,118,222,127,103,190,41,247,230,16,108,129,154,152,19,77,177,234,73,94,76,66,217,157,144,200,0,151,144,127,45,139,73,251,0,187,171,249,255,225,179,255,179,129,100,176,129,245,0,131,255,129,72,25,152,127,23,255
190,30,187,116,196,113,91,72,123,223,108,93,137,133,70,110,137,101,221,189,0,199,45,60,35,172,172,140,82,182,62,162,127,236,61,132,140,57,157,80,161,158,0,200,175,151,71,94,87,117,103,64,92,255,85,141,255,143,160,251,250,62,41,206,224,110,181,119,153,191,153,113,226,101,100,172,38,255,167,101,166,198,226,142,63,49,173,255,130,103,134,131,102,200,212,255,0,161,152,210,143,107,5,127,0,222,69,245,255,225,6,255,166,66,125,50,0,255,53,108,244,43,116,83,207,58,126,255
197,43,196,124,208,75,55,0,108,204,117,26,90,173,104,21,173,189,122,217,93,227,68,70,51,105,194,217,142,118,102,64,138,108,59,184,129,111,102,124,195,122,71,86,213,178,68,149,114,200,112,74,16,246,86,126,203,107,190,128,255,153,14,158,120,136,163,58,143,128,246,0,252,62,142,52,58,255,116,143,135,107,36,131,116,77,216,189,0,158,66,68,143,183,182,228,0,134,245,41,224,198,56,143,96,255,94,255,255,107,118,255,83,232,132,195,237,255,84,61,255,0,90,59,255,198,67,255
203,52,238,118,199,81,64,20,70,216,126,62,103,150,158,88,159,148,164,234,38,211,4,124,51,124,145,242,119,179,160,121,124,178,108,184,108,159,144,148,195,238,0,156,217,186,98,144,165,255,183,0,0,129,91,129,103,0,139,179,250,139,43,204,243,101,236,99,255,113,92,42,255,115,37,165,22,255,80,164,67,69,160,152,111,29,196,255,0,164,76,191,227,166,255,255,0,118,255,184,135,255,220,116,60,255,0,214,255,225,96,255,37,188,255,16,135,216,118,138,240,0,17,47,255,93,91,255
176,20,158,122,171,46,65,67,189,222,81,92,29,119,16,73,151,107,138,132,0,211,117,41,122,117,129,140,6,184,122,103,70,164,6,155,159,64,122,69,77,87,107,66,225,195,35,79,32,243,158,145,104,193,76,79,208,120,77,229,196,126,0,188,138,190,212,123,130,222,92,154,195,174,53,185,23,255,166,48,105,210,144,156,132,134,105,238,106,117,229,159,136,26,122,255,54,67,120,104,103,131,105,193,0,230,76,244,255,145,169,121,164,79,66,171,168,255,0,125,187,108,71,79,207,55,0,255
191,27,151,134,214,88,89,74,156,147,130,56,170,79,53,68,174,140,158,182,12,208,60,37,110,132,188,172,56,220,141,161,130,171,103,157,96,96,147,125,185,161,0,134,171,183,118,99,35,173,142,126,144,255,7,62,182,18,108,192,228,145,75,216,241,120,127,59,180,109,147,156,255,99,62,163,122,255,217,102,161,255,136,186,124,215,223,146,73,125,0,97,159,255,77,232,0,101,255,94,155,166,76,112,50,247,73,152,255,156,35,255,246,127,147,32,39,187,164,89,96,148,118,47,183,69,51,255
202,47,222,97,193,110,88,47,66,255,103,88,88,205,98,122,125,167,211,255,0,255,16,124,39,20,245,191,152,166,195,44,227,165,31,127,172,84,177,36,138,203,0,243,162,205,65,255,138,237,205,0,155,255,113,181,224,10,149,164,234,15,131,255,95,129,255,155,222,52,91,0,255,151,79,195,31,201,31,117,71,146,206,142,56,0,192,255,83,219,57,237,208,144,251,255,0,236,255,139,144,255,255,147,187,255,75,255,255,192,154,233,58,151,255,64,225,115,0,111,255,23,14,84,217,0,82,255
201,48,223,104,198,92,80,26,76,241,97,90,108,209,104,51,162,172,190,255,53,241,56,120,68,124,137,210,140,163,168,100,180,214,8,145,134,145,193,130,200,191,0,147,232,200,73,188,77,132,136,0,90,188,180,162,167,28,194,163,181,72,80,253,176,149,255,98,159,74,110,17,255,159,128,126,162,255,0,200,94,119,146,173,42,0,162,255,0,115,149,206,152,113,255,255,0,48,200,166,255,255,191,58,117,255,128,242,255,194,43,255,6,215,255,50,219,255,78,113,255,47,0,60,144,154,67,255
197,49,219,95,202,82,70,52,97,253,98,57,102,189,103,33,193,148,208,210,72,240,88,114,92,81,153,221,131,136,219,99,92,175,0,149,153,68,186,160,186,226,36,116,187,183,77,208,22,157,90,19,102,205,127,148,172,0,221,125,186,32,176,230,175,177,184,79,153,83,99,8,255,202,176,75,152,255,36,229,53,140,230,180,0,5,233,255,0,108,166,234,201,62,255,255,0,106,186,223,233,255,167,167,21,255,111,163,255,255,65,255,43,136,255,112,168,255,101,124,255,14,18,42,41,231,83,255
190,42,192,116,207,86,88,66,118,223,136,79,140,172,95,89,154,123,214,209,15,255,106,130,96,149,101,164,118,206,148,142,144,146,0,134,155,49,144,85,109,153,0,133,112,215,25,176,123,173,168,64,161,122,150,127,178,94,202,155,250,103,74,206,226,164,193,26,114,99,49,78,211,237,129,157,188,232,115,141,126,127,185,108,70,0,166,218,128,42,110,116,238,151,182,233,0,48,211,169,234,179,53,58,0,255,37,225,255,211,102,255,0,255,238,0,69,184,0,162,255,0,80,71,61,73,105,255
194,36,177,119,221,84,73,26,97,184,182,66,162,131,105,39,142,141,162,245,48,231,97,147,85,164,130,156,131,166,168,140,135,132,1,146,137,122,98,85,182,138,9,162,183,170,98,150,0,184,132,12,108,158,95,203,211,96,156,78,255,66,96,161,158,138,255,71,129,31,127,103,192,158,115,198,174,255,120,157,87,33,188,228,123,62,186,228,84,142,154,84,134,149,45,195,0,0,181,106,255,200,163,56,35,250,120,199,255,226,134,255,72,206,80,13,114,255,79,55,255,27,71,0,237,206,72,255
190,38,198,103,210,82,30,66,113,227,139,14,107,116,93,82,160,88,226,177,0,219,66,41,45,173,223,111,60,103,102,169,166,215,0,161,77,78,171,78,95,217,6,170,90,174,63,182,0,242,0,101,145,193,55,82,254,106,255,137,247,85,46,103,142,156,255,108,144,167,255,61,156,0,128,184,84,254,98,58,128,88,108,113,68,92,138,255,41,171,25,110,161,179,150,193,0,216,118,253,22,176,82,255,66,177,148,105,255,228,7,246,255,90,202,112,128,255,7,0,255,143,54,0,255,237,67,255
199,53,223,120,196,45,33,22,50,215,64,46,80,195,92,106,150,171,129,255,40,255,72,109,120,93,163,247,63,152,141,30,164,133,104,138,80,156,130,115,134,220,65,109,236,252,56,112,153,239,219,0,81,185,55,71,177,71,213,166,255,125,60,185,121,118,173,97,255,210,100,13,246,160,132,113,78,231,75,255,141,11,36,102,182,12,206,255,0,224,143,143,236,39,255,255,0,91,160,208,132,197,213,131,120,255,143,213,255,32,164,255,0,173,255,18,255,111,79,145,202,90,0,9,195,0,0,255
190,30,171,114,203,95,93,61,144,222,100,83,111,139,46,132,125,88,214,211,0,255,38,66,63,134,226,111,72,213,132,136,127,169,0,129,105,65,167,43,62,127,1,255,181,145,137,146,69,244,145,17,238,255,54,133,255,178,249,193,243,77,52,217,126,168,255,107,96,158,180,83,255,105,2,224,60,227,150,0,71,255,190,187,152,67,163,255,70,96,128,76,194,152,122,255,0,206,233,176,57,174,108,255,97,255,129,246,255,104,76,53,255,71,28,102,22,255,0,110,230,75,175,0,241,42,73,255
197,47,215,104,205,89,84,18,78,233,95,80,115,188,101,58,154,119,202,216,44,185,40,85,41,133,146,223,131,130,84,131,193,156,46,189,117,102,233,130,150,156,0,102,236,207,60,119,139,135,167,0,108,255,127,170,195,12,198,191,255,59,84,206,197,133,191,50,195,120,133,63,255,146,91,151,136,255,132,159,109,164,163,149,49,0,131,255,0,85,133,150,193,153,255,255,0,129,175,238,205,207,133,190,102,255,45,197,255,206,0,255,56,146,255,66,148,255,171,115,255,0,44,0,239,141,74,255
189,31,173,120,217,94,72,102,119,255,155,125,126,77,60,127,152,83,211,231,15,233,104,107,51,136,150,154,78,210,161,160,145,198,43,159,75,51,107,114,164,186,0,211,110,142,20,233,8,189,134,176,144,238,63,135,244,81,149,225,255,98,39,144,179,129,191,135,165,95,228,175,180,125,145,185,52,255,162,119,157,167,141,137,128,136,223,235,109,200,19,135,149,218,86,255,0,223,100,248,128,138,17,193,27,190,109,157,255,145,100,255,255,0,170,72,76,255,40,0,250,0,104,138,149,73,107,255
186,40,188,124,226,82,35,59,162,243,116,85,36,153,147,53,246,139,226,182,10,226,196,31,146,152,84,179,115,146,91,255,149,156,0,215,184,53,87,177,103,209,29,125,213,107,144,139,4,92,141,97,50,245,33,64,196,105,255,76,255,80,64,104,101,222,179,173,163,95,255,143,255,106,161,128,92,214,178,133,168,123,18,45,125,135,255,192,50,139,0,82,221,107,135,202,0,81,88,91,146,54,0,194,0,180,187,255,255,219,76,255,148,195,64,199,123,242,0,0,255,128,0,144,130,218,20,255
204,56,237,112,211,90,76,37,47,255,87,103,56,255,96,114,178,171,175,255,56,234,35,107,54,24,173,201,123,148,161,13,236,192,32,142,127,132,186,77,150,134,0,129,213,194,73,159,223,214,255,23,54,255,127,152,254,3,187,170,208,48,114,227,150,162,203,140,255,76,162,0,255,122,72,13,57,255,0,243,113,14,100,167,125,0,255,255,0,208,56,147,206,60,255,255,0,73,201,182,127,255,182,88,85,255,0,255,255,103,133,255,0,220,255,28,255,229,44,10,255,11,0,96,139,0,92,255
197,42,192,113,219,67,83,13,47,183,104,29,136,208,63,28,136,131,126,248,84,159,50,93,39,188,160,211,117,174,91,92,155,158,57,173,133,153,116,66,192,122,59,154,204,189,68,123,59,225,147,50,44,214,38,241,255,89,146,143,217,125,21,163,105,128,96,72,116,157,136,14,247,77,59,7,43,255,92,103,115,87,81,175,85,125,158,255,0,165,93,40,153,197,255,231,0,157,144,140,255,159,180,70,108,255,121,199,255,162,0,255,0,169,220,96,215,184,81,74,255,0,255,0,220,124,118,255
196,47,223,104,202,73,34,8,50,213,106,21,112,164,114,20,125,165,162,222,98,189,90,114,62,160,144,227,144,47,140,105,146,146,27,210,148,116,151,148,184,193,26,132,209,199,102,148,100,170,18,0,75,178,87,139,185,10,163,176,255,171,18,191,128,193,196,62,222,115,191,36,246,94,131,119,144,255,43,205,129,9,156,110,22,13,165,232,0,217,102,117,188,136,255,143,0,108,165,196,144,171,193,84,95,255,190,203,255,255,29,255,2,165,255,193,221,198,145,90,255,43,59,0,224,223,71,255
189,33,208,119,188,101,128,62,83,217,84,60,118,221,60,82,105,145,189,176,86,255,34,77,11,109,126,184,112,81,82,87,154,119,142,162,124,74,174,125,188,140,43,146,141,147,69,172,196,118,255,0,173,198,141,93,200,56,186,236,255,66,85,118,172,107,134,111,200,175,122,17,171,181,80,104,139,187,152,133,72,154,152,103,156,1,214,255,134,82,95,206,160,206,255,255,0,103,134,178,255,213,152,205,107,237,112,215,228,186,16,225,2,189,223,94,168,183,143,87,160,92,112,136,210,16,129,255
192,40,195,128,217,87,87,49,97,189,83,68,141,139,61,99,169,142,192,206,58,206,76,99,43,115,142,199,107,87,85,103,123,189,144,169,82,97,135,137,140,140,22,89,224,134,56,135,127,202,125,52,78,239,89,126,166,85,149,255,255,124,60,177,232,163,144,130,181,188,84,146,210,81,112,152,114,255,119,214,90,185,149,208,108,56,229,255,0,153,0,73,105,141,251,255,0,71,164,198,183,144,116,175,139,255,50,190,255,133,110,255,128,188,255,115,93,255,132,74,201,38,116,34,175,79,95,255
200,49,231,122,204,94,64,37,66,231,100,87,89,224,110,129,153,146,201,255,43,255,46,139,77,112,149,191,98,140,82,22,197,186,42,114,135,110,151,156,154,167,0,103,179,186,91,131,227,197,161,0,12,228,134,113,205,14,212,195,242,138,69,212,201,93,197,128,247,161,122,50,241,116,28,89,124,255,51,230,48,140,164,124,129,0,232,255,20,168,86,108,217,156,217,255,0,37,169,198,145,254,203,76,57,255,38,255,255,157,26,255,47,192,255,54,177,255,58,100,188,3,14,113,171,55,100,255
194,45,221,136,202,85,60,6,82,171,103,46,111,184,75,38,147,198,155,207,81,224,93,78,21,171,130,242,115,82,106,105,79,150,93,188,138,111,134,61,175,141,36,130,232,107,81,146,137,186,112,2,18,168,65,140,153,35,170,119,255,175,48,118,209,132,173,132,197,171,139,10,158,65,66,68,65,255,60,205,49,0,90,120,63,68,248,234,0,164,102,49,184,154,255,168,0,135,255,155,203,137,153,124,46,217,109,255,243,255,131,255,0,138,57,242,129,246,75,124,244,0,86,45,237,187,89,255
197,31,168,121,223,113,126,48,108,176,135,51,164,222,43,85,102,143,143,206,65,174,12,64,5,110,180,226,152,188,130,135,150,141,99,179,122,140,211,88,146,156,47,146,183,167,53,153,95,159,235,80,209,223,100,137,222,118,123,244,249,94,160,191,146,161,147,61,162,219,150,41,180,169,21,75,63,188,124,5,142,229,162,183,113,115,209,242,85,121,69,125,174,230,165,255,0,114,181,208,252,178,136,142,111,255,62,250,255,140,0,255,92,141,255,82,17,159,247,160,169,6,131,0,147,0,130,255
190,40,221,103,194,102,68,20,97,205,102,72,103,176,101,41,135,136,195,195,47,213,38,130,27,119,130,225,146,143,166,169,114,161,49,149,94,95,146,106,148,190,24,194,214,190,112,185,87,209,155,0,169,147,113,154,168,78,129,154,229,144,138,224,204,197,245,94,186,136,108,0,255,170,58,65,109,255,62,86,143,98,203,57,108,0,108,255,0,147,180,255,154,146,255,202,0,169,158,192,184,255,102,206,111,255,126,219,254,255,0,255,0,202,128,143,0,204,118,78,255,53,0,0,255,197,94,255
203,45,206,122,211,89,99,38,28,223,94,82,141,255,78,69,119,159,124,255,68,200,30,58,34,119,163,212,132,162,125,0,215,152,93,152,178,191,149,64,174,116,39,158,233,206,96,170,147,235,215,1,62,245,74,208,255,39,138,186,249,122,24,166,93,82,116,146,241,81,164,0,255,86,52,31,114,255,21,224,111,67,95,201,174,2,255,255,88,183,41,95,105,224,201,255,0,104,170,106,255,255,255,40,106,255,54,181,255,131,13,255,0,162,255,62,182,182,110,71,255,16,183,0,233,0,203,255
201,50,234,119,205,95,92,44,44,242,104,59,118,237,91,144,113,155,176,254,41,231,0,106,38,102,180,237,80,130,71,0,230,179,115,159,120,127,145,118,140,172,0,153,214,178,105,163,233,201,228,0,85,222,131,96,234,0,200,236,245,60,134,222,170,108,181,152,255,194,97,14,238,160,67,70,58,229,88,241,129,49,115,91,198,0,255,255,8,156,103,126,235,143,255,255,0,99,167,203,185,255,255,79,142,241,0,255,255,143,81,255,3,183,255,57,133,190,28,144,174,12,0,55,235,0,183,255
199,57,230,110,232,102,76,0,61,253,119,59,97,255,127,88,127,154,186,255,56,202,36,175,73,182,75,255,129,132,119,72,125,138,0,188,101,168,154,125,147,139,0,119,255,188,89,179,182,196,121,0,31,243,107,215,204,51,255,107,213,111,130,215,152,159,123,90,255,150,108,0,255,168,50,19,29,232,32,230,149,45,166,148,110,61,180,255,0,221,103,101,242,108,255,255,0,47,146,240,239,255,228,45,103,255,137,252,255,255,22,255,46,80,255,121,68,185,41,35,255,0,0,0,73,184,255,255
193,36,178,114,215,106,91,63,115,255,75,29,115,135,65,105,114,118,248,219,0,238,56,59,82,149,205,77,130,128,165,124,183,248,0,205,149,30,124,44,79,137,58,255,161,155,127,222,109,181,62,141,168,255,90,122,255,121,239,135,255,99,74,181,123,152,175,156,154,186,187,80,254,0,32,242,67,255,188,119,57,238,163,182,50,22,255,255,142,232,64,123,145,237,251,244,0,254,151,255,51,167,82,219,131,255,84,174,255,198,132,255,255,178,215,140,129,244,0,153,255,28,88,0,227,109,147,255
202,56,227,113,227,102,75,10,43,255,97,67,93,255,101,106,108,188,189,255,44,227,33,144,63,61,168,233,144,101,163,0,241,183,58,151,107,162,153,85,155,129,11,175,233,220,85,198,190,207,185,36,98,255,100,183,213,66,195,127,239,106,106,255,117,156,136,128,255,107,183,0,255,139,48,45,153,255,0,255,148,0,122,187,153,0,255,255,0,200,38,88,181,126,255,255,0,98,151,168,154,255,184,43,172,255,107,255,255,100,97,255,0,187,255,95,199,191,121,4,255,0,0,0,157,0,152,255
190,42,178,124,230,66,67,56,105,198,149,71,133,162,67,99,138,140,172,197,0,255,90,100,18,115,139,211,81,167,167,82,115,170,26,215,17,92,59,63,75,180,44,188,194,200,95,227,0,233,152,90,177,175,46,148,175,124,204,135,255,105,98,138,89,212,199,115,220,156,225,28,132,23,139,146,124,239,135,154,143,55,0,154,249,68,198,156,0,174,5,75,171,101,109,253,0,97,163,197,209,188,70,255,170,238,71,232,255,124,178,255,149,252,101,36,54,255,50,0,222,0,158,0,255,180,60,255
190,35,182,134,194,62,87,43,113,159,74,41,145,149,68,66,142,120,152,219,35,205,61,40,71,183,174,169,73,143,75,92,125,185,111,149,103,119,146,93,221,146,47,183,211,166,101,101,116,192,149,76,57,189,27,120,198,132,168,204,255,126,19,107,196,107,169,96,150,209,132,89,221,98,80,118,67,255,205,119,123,195,105,238,158,130,222,237,76,46,56,89,138,219,202,249,0,99,164,130,216,106,66,138,27,255,50,125,255,139,138,255,84,173,106,16,162,175,153,62,223,40,250,83,255,33,65,255
190,37,168,131,201,78,84,68,132,229,82,40,132,158,55,111,149,118,213,254,0,218,51,63,69,138,214,163,98,208,171,118,169,184,44,164,109,120,118,63,118,150,15,172,126,165,97,152,40,255,182,93,109,234,61,135,247,68,252,219,233,136,41,136,109,87,178,138,121,149,169,64,254,18,27,146,0,240,110,100,103,255,67,165,179,101,182,255,81,138,28,122,165,180,54,255,0,193,185,125,127,236,145,255,91,222,25,195,255,106,121,255,232,39,47,0,103,255,62,139,195,61,175,46,180,0,85,255
195,47,210,136,223,83,23,0,73,181,135,36,118,152,111,83,110,154,133,255,39,244,98,127,87,118,137,255,125,84,121,17,96,88,116,179,129,136,45,144,218,125,27,71,232,152,114,130,90,201,29,0,0,222,0,118,186,72,182,119,255,198,0,138,156,148,167,99,228,168,241,0,226,95,110,64,93,252,73,255,133,0,138,76,228,50,255,190,32,215,58,74,119,165,250,255,0,93,210,185,118,131,136,23,81,176,152,255,255,149,179,255,0,188,132,146,131,255,98,139,58,0,123,79,182,213,118,255
197,44,197,125,224,83,79,49,98,187,133,69,140,118,102,95,169,115,191,232,11,202,61,133,75,143,138,187,101,144,116,123,120,193,55,171,67,115,125,118,158,181,0,110,243,201,82,155,104,192,126,73,79,222,45,134,158,15,145,208,255,119,83,204,215,130,145,103,227,179,96,153,245,108,111,156,103,255,189,153,119,118,131,160,116,103,146,255,17,135,2,27,180,175,238,255,0,56,187,194,213,172,107,132,85,255,6,179,255,109,30,255,131,174,255,3,55,255,104,27,245,0,41,77,217,61,44,255
204,51,222,111,209,87,63,26,45,240,115,78,102,175,133,73,144,209,159,255,88,225,71,91,59,93,129,249,147,121,113,78,177,177,59,206,124,163,136,152,171,167,15,184,247,163,143,162,133,168,119,0,29,197,77,173,175,5,190,201,255,160,0,224,175,118,187,114,255,48,152,52,255,99,152,132,104,255,48,237,113,34,179,159,59,0,255,255,0,255,72,177,156,173,255,255,0,42,217,119,219,255,254,55,86,255,37,255,255,189,52,255,47,170,255,104,188,255,170,146,233,0,0,36,216,186,67,255
185,38,175,98,202,43,72,78,73,187,127,70,97,182,103,41,142,134,61,181,92,220,90,93,105,120,188,222,132,234,142,71,129,168,49,189,134,61,150,155,110,120,64,112,80,202,114,148,62,165,229,134,156,163,78,106,255,66,87,139,171,160,15,135,169,240,124,48,118,134,114,30,255,204,105,76,196,234,114,116,143,234,121,209,117,106,247,209,15,70,128,113,145,217,120,196,30,109,175,177,240,129,89,177,106,255,21,199,229,204,2,255,67,197,255,47,235,205,119,0,255,123,103,32,240,96,0,255
189,40,178,111,233,89,81,62,77,213,118,60,128,173,46,65,107,91,169,230,54,164,43,69,50,71,207,188,148,161,130,81,194,172,50,197,80,95,148,89,70,101,95,154,196,201,35,170,67,132,161,109,178,255,50,114,227,84,149,169,214,78,60,145,147,182,74,67,181,184,195,32,255,82,79,85,132,255,84,127,178,152,154,144,123,77,223,255,32,126,47,121,149,207,251,238,0,198,118,231,205,168,7,134,157,255,118,210,255,132,0,255,132,216,255,108,143,203,128,22,255,0,63,0,239,0,0,255
200,48,221,112,212,92,89,36,65,212,142,63,111,230,68,120,129,151,176,227,37,234,15,99,39,92,149,203,100,182,111,60,199,147,98,135,122,119,172,63,178,166,0,164,183,193,77,204,152,218,238,0,160,167,87,127,141,37,193,182,240,85,62,231,161,145,164,111,210,180,83,1,216,203,58,70,57,215,65,103,127,32,111,157,162,0,234,255,14,115,88,126,230,166,255,255,0,119,213,181,172,255,186,66,79,255,34,201,255,137,122,255,0,255,255,0,112,210,59,83,196,0,46,0,114,45,89,255
192,47,201,159,248,69,66,84,124,220,118,68,91,255,106,73,138,93,146,233,77,220,23,63,24,120,91,232,107,203,118,76,127,212,15,174,14,172,143,154,105,114,80,65,183,255,1,123,105,255,207,95,101,89,61,157,125,54,186,128,191,95,116,69,160,153,12,94,190,163,177,0,182,136,89,76,138,253,31,241,139,70,94,107,246,61,211,215,98,148,51,58,202,119,213,255,0,58,78,108,234,255,11,144,41,255,24,182,255,132,121,255,0,206,141,27,126,145,23,0,185,0,50,131,153,150,88,255
190,34,174,117,222,77,72,112,74,211,163,111,146,120,96,109,115,101,121,239,54,224,64,62,70,186,179,174,104,212,62,67,151,255,84,142,50,122,129,109,116,184,19,199,93,195,37,150,0,146,126,119,113,190,15,131,237,76,132,194,189,82,0,126,189,187,189,96,163,147,198,105,211,134,165,230,76,255,131,136,115,153,213,163,183,177,210,251,57,140,71,101,150,255,50,255,0,139,146,136,255,254,135,159,63,230,59,210,255,170,51,251,228,118,229,86,162,255,3,0,213,78,140,113,255,118,51,255
187,34,182,110,206,92,76,90,108,255,101,77,132,142,79,111,166,102,212,208,18,249,111,90,77,158,158,130,88,203,89,126,178,232,0,176,115,30,171,126,97,118,23,134,92,204,4,168,43,122,68,106,151,205,148,125,255,116,162,200,223,80,32,235,137,173,198,127,39,165,155,133,201,97,174,175,84,255,115,184,85,255,166,113,51,64,137,235,115,190,172,194,146,183,250,255,0,109,164,255,158,128,64,156,15,255,57,187,255,121,25,212,123,182,255,41,156,255,4,109,255,51,36,0,227,147,47,255
193,43,218,112,215,93,98,46,67,201,156,79,126,210,99,107,123,150,173,205,55,217,22,108,50,97,138,237,108,172,77,100,167,162,93,146,78,120,145,145,141,169,52,176,210,148,82,161,139,189,229,35,146,145,100,126,161,48,214,230,255,144,81,139,248,167,137,95,223,154,78,73,202,189,88,88,88,238,129,143,131,32,167,147,153,18,150,255,0,150,108,80,236,145,247,255,0,104,101,206,204,208,130,114,63,248,24,255,226,203,84,238,24,234,255,80,17,165,54,37,198,0,51,11,212,101,42,255
190,45,226,124,223,79,97,24,113,179,113,78,104,154,55,81,123,166,132,139,57,255,94,116,45,109,24,255,84,85,205,129,20,71,153,213,24,77,118,56,132,92,13,163,255,94,60,163,127,216,144,42,146,153,17,98,17,66,143,106,255,177,64,143,255,198,160,152,161,115,76,63,187,128,69,45,97,201,100,218,85,0,142,255,132,54,195,196,0,77,110,159,191,96,255,255,0,123,142,239,179,147,123,211,83,244,112,206,207,245,170,255,105,255,164,197,37,255,10,55,192,0,79,0,180,161,98,255
214,65,255,105,209,94,77,29,0,255,54,90,93,255,114,84,140,188,131,255,99,211,0,103,120,81,141,231,96,229,106,0,255,194,80,148,144,255,255,56,156,129,0,184,255,255,37,217,255,239,255,0,176,255,208,187,255,0,206,240,155,0,246,255,8,105,215,100,255,122,107,0,255,157,48,0,59,184,0,255,114,0,92,102,107,0,187,255,0,243,111,255,255,38,255,255,0,45,236,243,255,255,255,23,117,255,0,221,255,11,0,255,0,146,255,0,255,0,117,166,255,207,0,0,187,0,255,255
189,40,179,110,214,67,59,53,76,211,165,55,135,152,95,52,126,145,103,248,78,235,83,108,95,109,186,177,141,167,139,54,177,169,48,176,113,89,115,125,133,138,48,154,112,201,66,190,50,168,173,141,132,202,74,120,247,99,143,164,189,118,34,166,154,210,175,104,179,146,130,73,234,178,183,115,181,255,121,212,170,95,128,146,143,76,235,221,0,170,108,77,133,200,108,217,0,74,153,126,255,163,109,117,89,255,108,247,255,146,87,255,137,193,231,141,194,255,142,0,255,39,15,0,157,90,42,255
187,29,149,114,215,80,90,64,111,201,128,47,139,126,68,73,110,126,179,215,48,177,77,63,48,146,182,191,117,249,73,132,207,186,37,192,104,53,114,85,107,153,31,131,82,167,55,149,7,153,176,149,172,188,82,118,255,147,186,194,217,72,0,181,70,189,189,70,135,254,206,96,197,118,41,115,48,195,186,64,113,201,96,159,136,113,175,245,34,180,169,68,149,178,102,220,0,131,161,106,251,106,104,109,81,255,78,255,255,153,45,160,226,145,226,23,80,235,0,134,156,71,95,0,146,135,106,255
191,50,219,111,236,90,72,37,119,174,109,81,95,175,64,103,176,143,150,197,16,255,76,155,74,46,144,247,119,107,159,80,104,124,26,171,39,105,128,75,131,128,0,87,205,188,55,180,129,236,174,126,97,209,29,77,183,31,189,171,246,133,80,186,175,246,185,117,175,164,106,56,199,174,126,57,87,255,56,133,159,19,174,201,43,3,132,255,0,108,48,93,164,66,255,255,0,90,121,224,129,160,98,226,68,236,62,247,255,129,176,255,145,218,240,221,58,255,93,0,238,64,0,70,117,162,55,255
186,43,179,127,234,104,104,66,75,218,165,66,135,233,56,115,89,143,180,252,53,223,0,93,8,143,129,194,154,217,134,21,146,158,90,160,43,113,123,60,86,126,13,205,217,151,36,231,83,255,251,129,190,139,68,160,164,129,170,183,255,184,231,68,190,186,48,123,204,205,199,13,146,182,67,0,0,255,83,112,147,15,24,144,243,139,255,255,157,172,21,30,255,218,198,181,0,255,138,218,255,255,56,119,83,235,112,255,250,141,185,255,0,44,111,37,0,255,20,48,208,0,130,0,169,37,130,255
198,49,209,118,220,71,77,58,53,240,119,85,113,223,104,91,127,147,129,255,44,247,56,97,109,103,147,198,106,169,128,3,200,194,41,141,98,144,157,108,146,141,10,168,220,235,89,193,129,166,218,82,106,232,76,142,224,50,133,195,193,116,23,221,146,198,160,159,255,112,129,33,255,182,167,56,170,255,66,240,153,76,121,187,154,13,255,255,16,162,59,75,170,132,255,211,0,100,149,130,234,255,181,47,28,255,35,242,255,117,91,255,74,143,255,95,195,232,86,0,255,89,0,87,124,61,111,255
195,53,216,122,229,103,101,40,81,252,130,74,86,255,47,94,146,179,190,214,54,240,42,86,26,80,116,236,135,162,177,26,192,126,60,145,110,127,145,47,143,85,36,83,169,152,48,192,165,238,255,101,105,255,60,196,177,48,200,188,255,124,140,150,153,170,105,144,248,135,149,0,151,175,23,0,108,249,85,146,93,0,110,209,114,8,255,254,84,90,59,80,250,82,248,255,0,144,125,205,182,255,131,173,23,255,88,255,255,231,247,255,0,175,229,80,114,177,27,56,255,0,121,30,60,0,126,255
194,43,190,117,227,81,105,48,106,160,146,61,121,155,99,60,166,167,114,197,41,196,53,83,68,121,167,234,129,193,163,135,87,155,93,211,47,131,160,115,174,128,38,138,199,168,64,189,72,193,164,118,105,219,16,108,135,61,133,175,249,145,60,181,199,171,112,120,165,139,117,88,255,148,81,46,108,223,136,106,145,91,96,230,134,157,222,213,0,68,66,89,157,255,167,206,0,142,247,115,239,224,130,111,74,255,56,235,255,170,24,255,132,204,255,109,37,241,137,92,222,0,91,3,168,41,0,255
195,49,211,129,229,69,40,46,135,227,93,84,87,156,117,55,178,116,181,234,46,237,93,84,59,128,79,247,135,148,117,163,114,172,0,226,56,7,160,117,130,177,0,65,149,255,12,156,35,106,120,12,151,210,58,95,153,51,221,109,219,113,91,223,137,205,125,104,134,90,126,57,235,120,169,169,57,255,105,227,108,91,139,25,28,0,156,194,0,201,179,101,193,86,239,255,0,112,106,75,195,255,38,97,98,255,84,184,255,255,119,255,80,201,159,88,112,255,68,0,255,8,0,118,72,255,73,255
197,58,233,141,228,65,53,65,79,203,108,51,43,255,134,86,164,142,119,244,35,255,80,111,126,110,104,230,110,152,88,62,145,128,42,113,102,130,212,81,133,174,41,139,144,189,21,135,168,255,218,11,76,181,22,121,178,37,231,149,255,117,12,194,100,159,168,138,237,138,133,0,242,240,0,63,50,140,0,238,0,129,59,214,96,121,250,221,42,177,117,143,255,129,197,255,0,120,201,44,188,255,216,95,20,255,49,177,255,217,189,255,28,255,255,218,255,177,0,47,142,72,0,90,187,30,126,255
197,49,214,115,205,81,63,55,70,255,128,84,127,181,104,102,136,105,221,255,0,245,51,91,80,183,139,222,20,184,53,88,181,193,64,143,93,128,181,71,142,201,0,212,224,205,38,176,105,127,139,0,124,229,64,180,151,152,182,137,255,0,60,254,139,115,255,124,255,129,103,1,255,118,101,130,63,232,137,180,155,165,140,128,156,98,210,255,0,132,123,237,229,134,239,255,0,89,145,209,254,255,199,197,65,255,75,151,255,199,0,241,120,128,255,0,83,234,2,68,255,0,0,75,237,74,163,255
189,41,208,122,218,109,83,82,172,231,142,67,92,166,131,72,203,159,253,122,0,218,128,0,59,108,103,183,126,109,85,170,124,152,0,156,160,63,107,123,138,189,0,59,87,90,162,139,117,225,215,107,128,169,18,102,172,15,255,170,220,104,63,193,229,165,114,155,63,24,214,145,255,213,150,0,190,178,85,228,90,103,176,196,33,60,255,188,15,10,0,255,182,170,137,255,0,105,129,85,182,150,116,236,0,161,165,235,255,255,56,255,36,219,54,129,49,255,0,108,206,150,0,154,236,159,72,255
201,36,195,136,196,94,98,104,123,213,108,47,135,146,79,144,152,167,240,235,0,255,118,0,141,255,131,116,23,219,28,131,220,210,31,101,161,158,172,69,125,176,32,252,154,192,100,71,138,115,126,110,133,120,54,55,210,21,225,199,255,34,0,227,196,38,191,93,117,184,172,171,189,117,87,203,75,226,192,81,41,170,121,148,33,150,200,255,104,114,56,112,227,255,244,241,0,0,204,133,192,196,188,3,0,234,0,130,255,21,1,255,95,234,255,0,170,191,7,175,104,12,76,58,173,0,15,255
186,29,185,127,199,104,103,42,91,229,158,58,145,255,71,78,108,118,172,196,46,204,18,105,24,152,159,218,132,190,156,75,136,105,109,132,88,112,133,125,138,70,60,243,255,85,42,189,106,190,227,83,226,165,109,191,193,205,167,201,255,85,255,42,206,209,183,109,171,135,236,0,144,197,0,0,0,242,28,159,116,35,158,168,247,160,255,255,131,91,113,217,165,172,225,139,0,255,74,227,235,212,115,92,91,232,113,255,217,255,124,255,4,47,71,111,10,179,159,145,214,83,205,0,227,0,6,255
186,49,211,100,197,32,41,11,100,151,49,48,11,200,83,136,168,144,96,203,0,255,92,143,161,53,193,255,62,227,157,125,173,85,60,96,37,106,212,80,57,135,14,132,255,155,4,0,132,196,255,0,103,164,31,122,255,151,255,22,183,168,0,174,208,164,255,88,132,179,9,0,223,255,175,116,33,139,123,224,148,96,46,104,135,0,128,255,0,111,235,255,149,148,255,231,65,155,210,155,147,116,23,125,194,255,56,255,255,188,195,129,18,203,131,149,255,17,0,166,205,226,0,21,255,56,0,255
198,46,208,106,210,96,59,22,79,255,130,48,93,205,80,80,159,162,227,228,34,255,56,86,52,101,206,144,137,87,139,57,199,154,0,159,176,62,128,80,64,175,67,190,170,172,51,168,138,209,118,38,76,255,114,158,255,116,255,25,255,55,34,116,151,77,177,155,173,58,214,16,237,101,72,122,167,255,52,211,121,66,169,205,68,0,255,255,0,215,46,137,133,183,225,242,0,145,140,227,131,148,115,185,151,255,171,196,255,206,59,255,142,219,255,232,214,255,70,63,255,0,0,0,255,111,106,255
194,44,214,87,186,100,85,38,94,255,98,29,125,149,128,75,136,134,231,193,0,222,13,94,60,121,219,181,102,189,107,187,144,185,0,161,203,49,247,83,100,223,0,224,181,218,68,117,99,190,75,0,151,255,198,166,250,97,203,158,181,14,47,255,139,176,255,20,132,99,65,29,255,147,95,210,82,200,79,75,125,255,184,107,0,0,59,255,9,125,178,255,186,134,255,255,0,224,232,184,190,255,221,179,129,255,123,206,255,255,0,197,129,155,255,0,215,132,0,255,255,49,0,0,255,100,131,255
192,22,155,123,217,100,114,70,112,163,124,82,169,130,58,85,109,118,146,174,58,203,57,77,19,159,161,175,127,173,133,136,129,158,101,159,80,105,162,91,149,171,62,199,173,151,54,143,19,151,173,84,206,166,84,85,165,102,103,219,255,101,125,162,218,162,182,45,180,144,211,78,222,155,24,132,63,255,148,51,101,212,255,251,164,145,215,233,103,152,121,108,178,221,92,139,0,144,203,164,189,142,84,56,43,255,85,255,255,115,31,255,130,107,188,121,88,172,46,153,95,85,126,98,217,41,131,255
199,47,210,101,203,99,81,37,54,255,131,82,99,216,100,69,105,168,170,255,50,222,21,128,45,92,183,165,145,148,147,32,243,169,73,137,164,158,148,88,172,135,0,190,166,236,60,199,143,199,177,55,90,216,113,205,222,33,122,154,242,73,45,210,128,108,228,146,255,84,143,0,255,199,70,93,169,255,16,169,152,65,182,227,133,25,252,255,81,165,89,150,162,227,202,246,0,55,225,125,222,255,205,57,126,255,92,217,255,159,24,255,54,123,255,142,177,156,81,19,255,0,0,0,152,54,164,255
193,37,190,115,209,94,71,40,92,203,112,58,132,127,105,155,80,84,194,255,0,255,51,126,94,168,193,177,130,203,143,77,140,190,40,91,52,162,140,75,168,204,0,242,193,212,113,194,63,255,163,8,106,137,37,127,223,99,221,91,250,74,80,96,151,92,242,139,130,255,137,0,221,240,80,189,16,168,108,133,131,119,210,120,255,113,168,255,70,151,114,147,186,147,235,255,0,154,110,255,81,184,66,223,57,255,72,138,245,0,131,255,18,106,226,0,107,168,88,101,104,0,79,94,255,30,112,255
190,38,173,119,196,53,94,60,137,175,95,67,86,140,64,93,165,99,185,223,0,255,69,66,124,117,222,117,33,217,141,49,153,131,0,112,129,40,161,59,138,144,36,169,184,217,68,173,120,221,206,63,200,255,85,97,235,143,161,109,255,102,70,242,130,130,216,130,129,100,157,80,255,164,46,167,103,216,166,78,68,213,101,233,133,98,237,211,132,7,72,47,255,194,187,255,0,248,232,212,112,198,53,154,58,255,113,238,255,71,177,152,128,199,178,0,205,140,89,150,255,136,109,0,241,0,0,255
196,47,208,100,219,86,75,22,99,201,99,37,99,178,92,40,146,123,168,224,17,229,52,137,96,92,195,185,143,113,184,102,127,165,0,115,118,110,164,47,167,188,1,130,232,197,74,222,28,178,96,69,133,239,63,106,191,91,186,72,185,79,137,236,138,195,187,78,150,160,104,0,255,253,102,115,110,255,35,101,112,96,174,208,2,56,121,255,8,60,127,131,173,110,255,255,0,141,182,214,194,242,128,108,137,255,142,185,255,182,46,255,39,255,255,163,169,157,30,28,255,75,35,6,59,163,118,255
202,51,241,117,178,73,46,34,84,226,86,54,100,159,115,75,164,114,208,213,0,251,42,115,121,185,154,165,58,174,86,125,154,173,14,128,177,118,189,104,152,207,0,150,201,187,91,113,160,174,96,0,34,159,70,93,107,0,198,140,208,52,41,255,217,61,255,103,163,147,27,41,255,179,0,237,57,251,74,131,0,180,213,123,0,9,128,255,0,69,186,250,255,94,255,255,0,78,255,255,135,255,248,146,18,255,14,170,255,213,27,255,83,179,255,65,199,170,74,253,255,80,0,60,166,196,135,255
204,48,225,126,201,81,36,98,78,255,98,113,104,134,98,131,151,187,232,255,62,255,187,66,177,255,91,190,71,190,30,213,174,255,0,137,171,168,223,94,79,230,21,255,130,216,0,73,114,60,62,34,82,119,67,117,204,0,186,153,255,14,0,237,217,44,255,138,179,81,61,120,255,186,217,255,75,182,56,138,123,141,169,0,44,163,255,255,0,204,119,255,255,225,225,255,0,32,196,136,255,202,237,81,0,255,81,184,255,31,0,255,13,222,255,97,255,255,0,236,255,0,0,76,218,0,33,255
200,51,246,102,186,97,65,46,36,255,95,103,58,242,112,86,147,147,195,255,97,200,15,103,43,106,99,245,118,141,81,145,224,169,81,176,204,95,255,192,144,221,0,131,180,173,30,50,212,186,188,0,131,242,220,211,225,0,152,255,255,41,123,255,178,66,255,95,255,57,122,40,255,147,0,135,123,212,0,211,93,177,135,82,54,0,199,255,0,225,157,255,255,82,255,255,0,130,192,211,251,255,244,146,121,255,5,229,255,255,0,255,62,155,255,73,234,202,71,255,255,1,0,0,227,0,103,255
198,40,221,101,187,90,87,69,133,255,145,104,62,186,62,133,142,161,248,201,32,255,155,55,146,194,75,186,126,184,87,175,176,140,11,189,119,134,154,56,69,148,0,161,148,172,93,101,219,255,56,139,71,64,41,172,255,136,179,118,255,74,0,196,210,67,236,188,38,113,98,165,254,209,93,81,59,93,150,79,199,197,144,187,47,195,227,255,144,255,0,130,232,182,255,255,0,0,66,255,255,109,157,146,0,255,235,236,255,178,84,255,20,175,255,71,237,148,0,12,255,0,82,62,0,157,206,255
186,35,191,123,199,77,77,75,132,245,103,109,86,168,59,123,130,113,199,237,27,188,106,69,70,146,162,207,66,212,60,154,158,218,59,180,64,159,206,93,106,70,10,188,209,224,17,124,116,250,75,99,126,198,109,175,218,184,160,210,255,76,0,118,239,81,179,120,148,162,101,112,254,149,73,152,47,255,119,98,234,162,179,171,160,153,162,255,54,107,98,107,189,104,200,255,0,43,40,177,162,162,0,253,0,255,42,214,255,103,99,141,155,47,185,0,130,199,7,0,253,0,102,76,171,73,26,255
192,43,217,118,209,75,90,87,100,177,160,71,108,207,73,104,172,163,148,168,42,255,67,108,56,107,119,213,71,143,123,113,105,135,76,131,76,89,196,129,204,134,32,114,100,165,97,145,140,237,170,75,132,162,66,158,100,0,136,221,255,146,14,227,184,152,173,133,145,80,77,84,154,204,76,117,169,228,70,126,68,82,70,204,111,47,193,199,0,12,96,163,168,113,89,255,0,88,171,76,162,255,167,184,30,255,42,219,252,251,168,197,111,255,255,24,88,255,10,122,146,95,122,13,145,41,0,255
196,53,221,109,202,61,78,49,70,251,134,86,72,229,108,64,166,117,140,232,38,255,54,120,107,85,161,164,126,195,190,38,198,167,3,114,128,112,176,67,163,168,0,113,187,204,73,215,111,193,254,33,79,235,94,137,187,32,178,120,190,48,69,252,159,189,251,135,255,73,92,0,255,212,42,45,91,255,29,199,85,79,109,226,111,24,224,255,60,74,180,161,255,118,235,255,0,106,186,216,174,255,187,144,0,255,26,148,255,255,134,255,85,250,255,71,253,249,30,35,255,62,10,42,69,112,11,255
199,40,212,118,189,90,104,66,73,225,108,95,122,211,73,97,166,138,188,217,33,230,41,72,42,136,185,121,81,172,71,86,210,214,85,104,162,151,151,93,221,173,0,147,215,186,122,201,184,161,238,35,73,146,94,154,195,31,177,219,255,52,0,178,197,100,208,150,206,165,81,50,243,178,110,127,88,255,110,144,108,109,137,198,110,0,206,255,151,132,99,28,156,165,255,255,0,7,213,209,166,197,156,61,0,255,2,197,255,129,113,255,0,133,244,24,150,134,60,54,255,59,85,149,88,7,105,255
189,31,183,117,201,66,82,56,114,222,73,73,137,150,74,158,97,80,196,247,0,246,17,74,61,163,255,136,101,250,190,105,60,244,0,182,15,105,35,39,0,246,63,255,136,216,212,166,0,255,156,25,160,114,70,91,255,114,255,169,205,209,16,108,120,161,255,225,112,193,165,96,255,0,30,167,27,174,60,72,111,193,88,71,255,11,145,255,105,255,168,74,157,146,123,255,86,255,155,255,72,34,255,255,177,190,125,255,255,168,14,85,193,0,0,107,79,255,64,118,142,54,218,0,255,90,0,255
200,46,228,113,192,84,116,51,72,194,136,74,155,226,125,48,135,128,137,208,14,208,33,106,109,229,160,196,117,182,45,103,177,187,80,128,127,167,216,109,162,169,0,140,217,198,133,160,255,164,238,0,66,132,60,148,193,0,177,248,219,29,18,255,198,146,255,120,200,137,14,71,255,237,25,123,100,245,56,163,61,230,85,255,89,134,135,255,32,60,131,123,248,146,221,255,0,0,248,178,255,255,233,99,19,255,66,217,255,224,0,255,17,140,255,126,153,163,23,13,255,147,42,73,147,77,171,255
207,61,255,108,195,53,39,30,0,221,63,68,73,255,105,56,140,181,120,255,89,255,41,124,119,81,182,252,108,83,91,0,222,192,14,133,70,89,242,126,116,201,51,177,255,255,57,168,207,131,162,0,103,255,33,107,238,0,204,136,254,53,75,255,106,136,225,119,255,101,93,0,255,190,112,53,151,245,0,255,38,0,106,124,64,0,255,255,0,173,177,218,216,128,255,255,0,183,203,180,255,255,255,82,251,255,107,194,255,157,39,255,0,238,255,255,255,206,77,237,255,229,0,0,255,10,0,255
202,54,223,106,203,59,37,35,39,240,51,62,80,193,104,71,141,154,178,255,28,255,81,99,153,101,203,215,124,98,110,0,216,172,0,109,109,154,142,100,145,231,27,162,255,252,103,159,123,166,137,17,67,255,0,93,226,5,239,127,226,69,76,255,74,161,195,78,255,123,132,0,255,167,119,112,88,255,33,236,90,45,126,113,61,25,229,255,0,219,57,134,205,88,255,255,0,143,156,182,153,255,242,93,182,255,141,163,255,67,76,255,14,191,255,78,255,245,1,23,255,178,64,64,120,83,63,255
182,27,171,121,205,96,118,62,105,221,85,77,159,170,80,124,94,111,182,214,12,216,79,62,43,149,199,165,165,158,91,75,153,186,32,97,80,137,99,62,118,125,61,250,231,146,67,161,128,115,232,197,133,115,60,141,160,112,184,191,207,95,108,73,161,216,157,151,194,255,200,0,229,166,53,0,0,255,130,155,135,142,181,212,201,134,187,255,178,140,124,147,176,171,239,173,25,185,108,238,162,82,1,143,0,126,75,239,231,64,144,229,24,89,87,43,117,255,81,30,185,17,194,56,239,24,109,255
195,50,224,114,199,66,42,35,83,227,93,18,81,179,115,77,141,110,190,229,1,182,48,124,94,170,180,153,22,113,97,126,150,208,10,153,117,101,203,108,150,167,0,173,207,210,68,102,78,148,58,0,72,255,46,104,205,43,211,164,236,65,68,213,112,159,254,102,255,177,142,48,255,107,49,199,43,255,87,144,87,77,127,191,80,48,132,255,0,86,193,147,220,143,255,255,0,108,184,209,68,255,221,127,78,255,86,135,255,232,73,255,163,125,255,173,221,182,42,129,255,45,0,0,235,152,12,255
192,40,189,91,211,75,81,49,118,201,167,94,66,160,68,108,163,112,162,212,46,226,61,139,29,144,178,163,132,183,121,110,141,151,0,205,47,89,178,93,122,104,0,162,144,209,75,182,104,255,136,147,147,203,84,182,255,172,220,130,255,48,25,182,154,140,255,144,94,103,191,109,236,219,86,118,119,255,107,100,192,80,201,255,91,157,204,241,63,152,5,0,124,118,136,255,0,141,180,226,202,110,27,154,67,255,158,244,255,198,176,220,255,91,209,132,191,255,27,0,255,0,93,0,173,133,0,255
195,48,228,106,188,52,64,62,94,234,69,56,73,202,68,72,168,84,178,184,0,255,78,79,113,127,144,195,92,103,145,78,112,97,0,190,102,78,181,93,183,165,26,115,254,255,90,239,157,226,136,30,149,214,58,93,192,0,254,100,255,90,72,206,154,143,130,66,91,71,62,0,255,255,95,88,78,130,36,138,65,53,127,139,68,39,224,255,2,34,154,239,210,68,255,255,0,168,164,255,0,174,150,193,110,255,50,4,255,206,121,163,0,217,255,83,214,255,0,126,255,105,93,0,28,129,0,255
196,49,227,105,211,77,85,38,80,217,114,59,109,220,132,70,141,125,159,225,17,182,34,146,95,114,169,229,105,151,222,70,150,198,0,174,80,136,145,140,162,183,0,97,222,225,105,224,99,211,175,64,57,195,99,117,216,0,170,124,195,169,123,190,134,217,233,134,255,84,112,24,255,175,70,72,135,255,40,163,96,68,94,255,137,3,140,255,69,50,172,138,199,114,251,255,0,58,129,255,126,255,190,118,90,255,56,135,255,255,58,255,15,162,255,62,101,178,49,0,255,123,0,19,214,107,8,255
202,48,221,110,198,81,85,78,70,255,104,94,91,208,101,111,164,124,226,235,25,235,55,84,76,150,165,146,107,149,102,47,229,231,10,109,76,153,171,123,158,152,0,106,175,221,99,161,208,178,204,85,79,206,59,165,176,10,199,195,255,39,6,255,183,115,199,126,231,128,123,79,255,158,72,144,140,255,85,232,68,113,134,179,85,53,202,255,103,161,44,70,167,164,234,255,0,28,195,244,102,255,191,114,55,255,48,169,255,160,94,255,44,133,255,11,255,217,0,0,255,35,141,67,92,0,52,255
185,34,189,110,193,69,106,71,141,196,148,84,75,188,43,132,143,102,205,209,9,236,67,72,45,189,123,170,98,209,118,176,131,179,31,212,22,129,185,86,55,88,0,227,192,214,104,144,144,255,84,81,192,62,62,180,250,154,170,137,255,141,0,123,199,99,233,168,0,141,161,118,235,181,0,110,65,129,103,14,207,153,81,234,197,181,147,255,132,116,63,19,168,172,199,255,0,59,116,255,172,121,0,253,77,255,84,226,219,168,199,147,178,136,138,0,144,178,25,0,255,0,171,0,234,177,28,255
199,41,190,127,221,71,80,32,108,175,145,43,137,159,117,95,148,93,169,239,0,255,51,124,55,206,203,121,128,169,146,65,99,118,0,188,61,39,104,48,101,203,0,196,166,227,122,254,74,255,175,38,111,182,4,65,226,6,237,77,255,88,128,102,74,92,255,227,97,152,232,54,172,96,0,149,6,60,101,95,32,119,29,138,238,60,177,255,45,178,109,100,193,211,145,255,0,174,227,204,148,114,230,158,115,255,24,215,255,90,123,255,153,154,202,39,76,227,12,49,214,0,109,24,255,130,93,255
203,53,229,149,215,79,39,82,95,216,130,71,108,155,137,112,155,82,222,255,0,255,107,97,146,242,129,187,58,210,18,130,139,148,15,113,131,160,186,18,143,200,0,95,112,204,0,123,154,174,146,0,73,156,15,76,131,27,233,68,255,0,32,255,170,55,249,131,203,141,39,12,223,202,0,197,0,148,41,192,5,119,56,60,159,190,250,255,34,133,168,154,255,138,240,255,0,48,193,169,163,255,157,98,4,255,0,80,255,135,38,255,0,255,255,0,127,255,0,85,184,54,0,255,106,20,160,255
205,58,225,140,231,81,51,40,85,227,96,77,61,254,153,80,178,184,173,255,75,255,93,75,96,113,160,255,147,170,63,0,148,118,0,182,126,169,185,95,184,195,0,108,182,179,0,212,79,169,183,0,29,255,71,8,249,31,255,0,254,58,93,229,52,134,156,137,217,43,251,0,255,218,111,0,0,149,0,255,26,75,22,27,101,103,255,255,0,236,148,44,255,208,255,255,0,94,171,77,240,255,227,0,14,255,170,255,255,0,135,255,0,173,246,31,247,255,0,0,237,8,0,221,209,155,94,255
201,52,246,117,199,69,70,38,79,213,127,60,103,173,72,59,145,172,173,212,22,255,78,112,62,120,114,238,83,71,134,94,89,145,70,171,73,106,109,92,168,150,0,151,193,174,129,195,208,231,97,42,85,195,29,160,105,0,191,228,255,108,0,217,227,91,199,190,251,88,75,9,244,69,40,72,165,230,46,212,107,0,129,143,83,9,230,255,0,108,83,222,184,84,255,255,0,30,163,158,152,255,232,255,96,241,53,211,255,255,88,255,110,255,255,242,85,255,0,146,255,0,56,49,95,222,31,255
190,41,222,124,193,71,60,62,180,227,124,61,102,126,82,92,189,142,249,116,0,211,120,52,57,185,85,154,29,94,57,215,83,228,13,166,117,40,93,82,97,184,0,97,182,166,157,133,110,246,109,83,78,159,35,161,153,55,251,170,255,187,92,253,246,122,149,170,210,151,41,132,231,158,88,125,129,166,152,164,125,100,205,169,84,20,106,162,0,0,123,157,255,107,199,255,0,60,197,149,126,140,113,255,0,202,128,183,255,255,123,90,72,109,107,5,5,255,0,192,255,101,31,92,180,255,0,255
196,45,220,114,211,99,81,48,75,220,126,97,117,221,108,134,163,136,243,220,14,230,81,130,75,180,125,174,89,158,42,121,157,192,8,171,126,120,154,106,123,159,0,151,200,152,86,162,184,172,146,0,77,210,136,144,235,28,244,216,255,106,64,194,207,143,219,126,144,95,68,129,232,143,95,145,97,218,88,118,128,96,155,121,102,7,159,255,0,92,53,131,220,121,252,255,0,76,99,255,191,192,192,152,36,255,52,213,255,136,12,236,0,218,255,52,74,243,47,133,255,23,18,119,208,109,30,255
205,49,216,130,211,80,52,0,51,206,116,70,127,253,72,31,172,170,91,255,67,234,58,77,63,102,159,246,132,158,157,0,175,83,91,180,143,164,179,125,217,72,81,63,255,252,69,174,135,197,186,0,54,255,66,157,180,50,148,141,208,117,53,151,98,87,114,123,151,111,255,0,242,76,98,0,116,255,0,255,81,17,75,146,244,42,255,220,0,191,27,169,104,151,255,255,0,132,255,102,255,255,197,31,78,255,137,255,255,95,85,255,0,147,255,105,247,255,231,78,255,0,95,0,223,16,125,255
194,42,196,144,206,42,99,24,131,130,151,53,144,159,104,70,148,99,170,202,0,255,55,96,103,161,145,230,114,123,149,61,91,95,33,117,0,121,128,0,175,109,53,184,255,195,97,143,183,255,196,87,98,126,0,241,65,167,163,6,255,70,83,211,211,149,195,125,203,49,143,0,171,123,0,0,0,55,149,218,144,0,2,229,255,213,245,145,62,34,0,176,195,170,188,246,0,144,255,110,255,135,54,172,61,255,19,155,243,216,92,255,0,255,0,0,57,145,0,71,184,37,222,0,238,0,12,255
205,49,245,120,182,94,93,82,80,237,137,71,117,204,122,138,184,122,255,226,5,248,0,96,60,176,146,122,0,176,34,98,115,173,94,71,123,139,202,123,149,205,0,116,136,202,93,76,255,182,173,0,81,189,113,84,181,14,190,234,213,0,70,255,243,29,255,95,255,41,90,75,255,141,42,176,15,193,71,130,62,173,213,89,134,0,221,255,0,63,73,255,193,138,245,255,0,0,255,143,175,255,255,66,0,255,0,196,255,245,71,210,3,209,255,5,89,255,0,255,255,0,14,135,255,4,146,255
201,48,244,103,184,113,103,34,96,255,121,95,74,214,122,88,168,152,255,190,0,255,0,129,45,65,159,143,130,146,164,90,196,206,13,90,142,124,123,89,150,175,0,166,215,167,133,202,216,218,162,0,30,143,112,197,101,31,212,140,255,89,17,248,221,103,255,121,183,33,72,10,255,154,0,185,67,207,27,95,16,93,238,233,22,0,185,255,124,126,70,238,186,127,255,255,0,61,255,207,136,255,208,79,67,255,114,255,255,255,158,203,0,255,255,55,150,118,0,157,255,27,31,17,255,113,4,255
200,51,223,98,206,98,87,51,52,255,119,119,82,230,114,97,162,146,183,255,34,234,27,153,49,35,167,205,110,162,185,26,227,197,23,130,147,141,165,113,162,171,0,171,223,203,50,239,117,185,227,22,86,255,133,184,220,0,131,134,233,71,110,255,144,153,239,123,255,14,143,12,255,183,90,101,109,255,10,201,119,66,179,208,73,0,212,255,52,141,66,160,174,154,255,255,0,126,235,221,174,255,196,91,104,255,12,242,255,188,32,255,58,129,255,54,150,209,52,0,255,1,0,9,211,0,84,255
200,39,204,107,199,115,113,56,89,241,123,103,127,207,102,83,154,169,183,223,29,229,57,105,29,92,178,160,144,183,161,104,201,209,55,140,176,132,169,103,205,167,0,148,157,193,90,235,157,180,218,64,108,174,145,146,209,53,121,234,255,140,21,255,177,178,255,127,215,99,92,70,255,165,110,100,152,255,47,122,107,141,158,195,69,18,221,255,181,182,74,77,145,208,219,228,0,44,249,192,178,241,142,45,45,255,81,255,255,138,78,255,8,80,255,57,162,170,74,13,255,72,0,127,156,18,93,255
200,49,228,119,208,88,59,79,74,255,82,93,89,178,122,113,162,179,226,242,28,255,144,73,134,166,108,210,116,123,99,95,194,192,0,134,157,172,143,126,112,209,12,165,172,163,94,153,167,147,173,47,91,140,70,89,111,0,220,152,255,93,6,199,183,135,224,140,191,92,93,68,234,176,103,224,156,186,71,202,58,135,177,90,34,40,222,255,0,214,38,223,255,98,255,255,0,4,121,187,136,245,196,149,6,255,63,170,255,124,44,255,23,246,255,70,238,171,0,49,221,55,16,185,149,49,104,255
195,41,201,113,209,106,110,86,108,255,120,80,139,221,71,121,168,188,255,204,4,246,102,77,69,96,185,98,125,143,146,122,187,229,0,127,197,107,111,89,101,212,32,156,113,104,62,207,129,160,164,172,83,230,178,128,247,67,255,177,220,133,22,156,253,84,148,135,221,73,164,151,255,109,192,98,126,238,111,229,43,145,182,218,0,0,252,255,89,171,66,173,205,253,255,204,0,14,161,223,146,105,173,53,51,255,138,255,255,255,55,255,3,178,255,100,70,137,0,199,255,17,84,0,215,99,120,255
192,36,166,122,231,99,107,89,110,248,134,104,180,172,83,116,118,116,221,249,0,217,88,87,39,153,183,167,102,231,81,112,229,161,0,197,155,81,169,14,138,204,0,249,135,215,18,255,39,129,223,22,250,255,181,114,246,119,221,120,255,0,189,218,68,171,255,111,184,70,175,87,190,142,87,206,63,128,129,95,163,224,25,78,132,23,208,255,170,100,197,104,224,239,111,255,0,80,85,135,240,199,173,135,135,255,0,168,255,86,66,255,98,163,142,0,0,253,14,0,211,72,18,78,187,0,185,255
199,48,214,111,200,78,62,27,50,246,118,91,102,185,101,96,119,130,199,255,15,234,38,123,64,127,149,227,82,217,159,73,194,175,94,174,110,154,120,62,162,194,0,227,172,210,40,213,109,255,166,0,71,223,83,158,210,74,197,140,255,141,10,203,163,102,177,126,244,87,107,80,255,106,34,45,34,213,86,146,175,5,119,87,179,27,206,255,0,177,60,161,197,194,140,255,0,209,91,224,150,255,237,176,88,255,184,194,255,90,54,255,0,74,255,1,157,159,59,45,255,0,49,0,255,0,96,255
200,47,226,129,196,40,57,49,61,156,112,47,129,178,87,115,143,124,136,226,26,213,26,99,81,160,165,210,15,120,46,52,89,176,151,156,86,119,143,122,166,218,0,141,215,227,81,95,169,220,174,0,87,176,14,48,182,42,162,228,255,111,19,168,204,154,210,117,255,168,55,97,237,161,104,122,73,255,166,175,164,91,58,172,194,72,172,255,0,103,21,79,178,123,255,255,0,92,148,176,179,227,217,153,82,255,66,141,255,89,145,242,39,195,255,115,202,160,80,64,243,63,74,118,255,52,8,255
203,45,224,113,181,78,64,72,81,255,56,53,85,205,54,104,145,130,247,213,0,210,21,10,29,96,191,183,51,186,137,165,168,205,8,187,158,68,255,75,138,211,41,209,127,209,56,122,6,209,127,0,203,255,127,140,223,0,234,169,186,59,43,250,64,49,230,117,153,128,186,0,255,11,21,249,98,187,54,105,0,192,125,45,17,0,171,255,67,171,175,255,199,146,255,255,0,241,255,196,13,255,255,173,152,255,75,156,255,239,0,158,107,168,255,16,252,222,0,255,255,1,120,0,255,72,37,255
195,30,171,115,201,75,94,51,179,213,86,51,109,120,87,24,157,197,174,196,72,220,107,5,120,173,202,163,123,153,49,66,101,208,0,131,126,105,68,133,179,156,0,134,173,200,128,152,58,121,103,190,76,179,0,98,201,40,230,143,249,87,50,170,148,131,135,108,116,119,120,84,211,218,114,159,50,211,189,51,99,198,150,122,0,180,217,158,13,61,109,152,172,224,135,248,26,0,172,55,255,206,62,165,0,255,110,202,255,161,58,255,101,145,90,93,87,253,82,85,255,56,210,144,19,255,0,255
197,53,221,108,205,70,51,25,54,255,74,85,78,216,107,72,157,131,186,255,36,255,72,127,76,94,134,241,99,108,147,27,179,142,13,183,98,120,136,122,145,155,23,140,255,217,67,185,130,196,168,0,64,255,52,123,214,0,220,132,250,94,100,174,141,152,137,83,255,91,137,18,255,114,118,94,99,255,88,229,141,0,163,66,113,0,235,255,0,161,78,150,184,76,246,255,0,146,82,255,134,226,196,182,145,255,134,192,255,113,73,255,30,72,255,95,238,223,15,17,255,0,0,49,170,32,76,255
198,52,215,131,226,53,21,79,89,255,80,102,68,158,109,63,176,152,171,255,0,255,210,18,240,212,94,211,134,164,75,122,185,117,0,128,169,171,135,99,44,248,27,87,182,252,21,137,112,75,199,58,14,140,0,43,131,20,240,64,173,151,0,106,92,161,240,133,119,59,108,0,255,255,108,235,117,95,47,160,78,161,138,2,36,151,229,199,8,242,46,180,255,136,133,224,0,21,207,98,196,129,189,122,18,255,98,175,255,199,29,255,0,247,255,171,255,152,0,48,255,95,79,203,39,158,184,255
196,46,198,118,235,63,56,43,99,164,124,62,126,99,115,64,162,104,146,224,0,222,82,135,125,122,153,216,116,143,137,122,91,158,20,170,19,155,83,83,185,217,17,61,254,201,93,169,30,166,153,156,61,146,15,141,138,61,134,137,243,127,89,224,196,212,196,82,239,164,91,12,219,169,168,150,119,255,172,178,104,123,71,234,116,102,154,213,33,165,54,76,124,80,241,226,0,94,190,173,216,214,80,80,129,239,43,183,255,164,88,255,72,255,255,75,78,255,60,19,223,117,87,166,70,154,119,255
206,59,255,101,196,92,92,59,66,255,92,61,54,255,117,125,174,248,255,201,51,189,62,101,71,71,167,167,83,102,160,150,248,200,0,119,106,168,163,123,146,250,0,174,84,123,126,157,255,236,255,79,5,217,155,171,146,0,255,173,255,38,75,194,255,0,118,144,255,3,118,75,254,9,43,167,7,210,54,203,0,3,186,255,0,0,237,255,0,184,114,255,255,120,243,255,0,0,239,153,0,244,255,23,68,255,21,199,255,255,129,255,0,233,255,66,160,0,0,94,255,39,3,78,130,0,42,255
194,46,203,129,218,86,66,19,110,221,138,60,124,163,103,60,145,165,166,227,21,238,93,107,93,179,102,217,128,153,136,138,146,157,59,178,130,133,86,86,161,132,0,119,223,158,91,193,129,166,143,69,73,192,66,130,114,90,191,101,255,128,59,177,180,150,193,103,185,184,107,88,183,151,79,133,138,187,127,163,128,39,32,91,119,93,221,239,9,97,106,88,214,161,204,255,0,13,131,186,248,197,122,198,66,221,142,246,255,201,87,255,90,191,164,24,97,218,40,19,255,0,1,0,120,84,117,255
197,46,240,131,213,97,57,67,144,196,165,63,112,180,134,89,210,126,225,123,0,221,88,66,52,111,114,236,27,157,60,197,76,121,33,130,117,60,196,133,222,177,0,33,115,142,94,158,121,206,136,0,170,179,61,113,75,4,253,156,231,52,121,255,215,137,220,119,103,63,133,40,243,215,84,41,131,165,38,178,0,159,194,133,68,31,152,243,0,15,136,255,245,92,205,255,0,108,210,88,145,255,233,242,0,184,40,208,255,255,41,144,102,228,187,15,0,255,0,100,54,144,0,215,206,207,111,255
188,32,160,140,221,100,94,54,113,213,143,45,156,175,108,100,127,164,162,230,95,169,48,79,68,155,160,187,131,203,121,101,148,185,147,170,112,164,120,106,186,103,54,147,178,122,88,87,128,201,193,98,77,206,70,131,255,89,158,245,228,112,43,146,157,167,94,77,214,160,181,92,255,138,108,96,49,255,149,184,155,188,129,214,140,107,218,255,83,139,54,115,95,255,94,210,5,64,212,43,252,202,181,93,0,255,18,241,255,137,129,255,101,162,97,63,50,238,137,130,180,74,117,99,200,50,85,255
186,42,190,109,219,50,47,25,139,158,71,16,100,121,91,58,166,103,169,183,0,197,63,165,160,92,184,201,96,146,202,157,30,152,0,160,46,66,117,115,114,181,62,92,225,192,113,88,0,221,82,101,102,237,41,91,222,58,206,18,231,113,200,196,164,178,190,32,135,184,118,63,225,180,96,179,62,213,163,107,139,177,48,144,0,68,26,255,32,72,197,141,127,40,255,255,26,115,107,255,129,115,26,255,175,255,111,147,255,180,132,255,99,203,216,49,149,185,71,61,255,165,37,0,247,193,0,255
189,37,188,110,186,74,102,60,145,255,109,65,93,211,45,97,144,133,210,166,0,223,57,77,78,101,196,143,110,185,196,85,113,184,0,155,128,99,79,57,114,109,0,137,152,191,101,205,94,255,166,137,75,237,75,154,253,124,177,112,224,149,72,95,190,114,90,98,131,188,116,66,255,185,46,107,77,183,188,44,39,165,202,220,58,70,167,255,151,0,103,141,204,244,155,255,37,23,180,218,67,132,139,196,87,255,171,226,255,255,137,230,44,116,124,55,102,0,0,128,255,0,255,0,110,120,46,255
192,38,177,105,230,83,104,49,125,201,95,61,142,118,89,50,161,104,178,234,0,192,38,29,42,99,217,211,134,183,156,137,140,224,0,206,6,102,165,81,139,168,43,186,159,170,81,247,1,205,139,141,176,239,98,143,180,49,194,121,228,136,95,159,156,164,182,147,93,169,181,37,255,22,105,178,118,177,176,116,119,255,82,132,70,115,96,210,9,150,91,161,136,249,250,252,0,180,156,191,159,175,55,255,236,255,16,150,255,151,0,255,239,220,230,43,46,255,119,0,255,0,150,0,255,187,85,255
202,49,217,102,194,86,68,50,67,255,101,103,76,210,95,96,147,147,214,255,31,255,72,96,75,113,167,171,110,153,141,10,249,220,0,134,121,107,152,111,129,162,0,190,145,234,72,222,132,161,163,35,66,251,72,173,209,43,193,102,255,66,0,255,125,91,244,154,243,78,181,14,255,112,89,158,149,255,73,225,92,125,190,141,80,12,255,255,50,171,62,168,201,192,223,255,0,106,215,255,136,255,163,166,62,255,117,247,255,142,62,255,81,130,255,74,255,211,54,50,255,0,59,0,181,51,50,255
201,50,234,110,205,88,51,39,56,238,122,80,105,184,98,107,151,150,205,255,41,225,37,137,23,144,129,231,80,135,132,102,159,232,42,181,36,99,153,155,131,172,0,154,187,179,68,144,132,198,75,43,45,191,93,181,188,31,140,251,222,132,30,194,185,105,252,167,248,141,181,35,206,0,121,133,133,255,61,200,131,36,140,96,91,0,152,255,0,198,44,195,137,95,255,255,0,61,126,255,200,255,194,178,142,255,31,255,255,182,0,255,130,159,255,138,147,255,86,66,255,0,0,84,189,134,51,255
193,34,181,110,201,84,112,68,105,245,141,72,142,183,77,99,141,121,183,202,30,255,67,122,30,154,154,122,164,200,252,98,148,213,0,162,130,61,106,58,127,218,10,203,160,212,143,255,0,243,205,77,217,124,99,121,255,0,194,103,215,78,191,144,85,126,226,167,100,186,135,61,187,229,77,187,104,133,141,129,44,82,172,173,136,0,167,249,195,133,195,83,180,208,219,241,0,95,195,255,198,193,220,102,124,255,34,129,255,255,179,255,44,173,230,0,61,159,0,104,255,0,129,0,248,62,117,255
193,47,229,101,197,106,111,72,96,255,155,109,108,238,141,83,167,142,200,188,2,251,77,153,64,128,117,216,122,208,140,133,134,152,0,158,190,94,179,118,164,165,0,127,146,153,82,251,134,184,201,0,146,121,173,190,170,0,220,187,186,36,90,255,210,192,249,128,116,0,20,69,255,255,103,98,95,233,2,207,48,154,253,245,4,5,145,255,96,126,182,214,255,11,255,255,0,51,222,227,255,255,196,19,0,255,123,255,255,255,56,235,0,174,255,74,119,185,0,81,255,42,0,160,0,97,126,255
187,38,188,118,209,65,67,84,121,197,160,91,140,147,84,103,181,87,208,194,0,255,92,130,88,210,144,113,46,198,86,108,162,170,0,169,55,23,118,105,134,207,0,118,127,255,34,245,96,154,163,105,105,109,102,106,179,42,160,136,255,115,114,154,126,129,234,121,122,105,137,109,105,176,137,167,81,186,142,10,112,138,51,112,159,41,145,214,163,29,160,72,255,167,26,249,0,61,184,200,159,129,77,178,0,235,0,178,255,182,95,133,41,143,157,0,0,255,0,27,230,93,35,108,149,185,31,255
206,58,254,108,204,112,93,14,52,255,100,105,56,255,151,98,142,205,176,255,79,255,0,104,21,16,143,255,139,175,180,39,209,188,70,151,80,159,220,102,197,143,0,171,216,150,90,232,247,255,233,0,88,244,120,185,147,18,191,59,255,105,101,255,178,126,246,138,255,45,107,0,255,120,28,45,62,205,0,255,48,0,160,130,83,0,245,255,0,223,146,204,194,136,255,255,0,136,239,205,184,255,255,113,141,255,16,255,255,255,88,255,0,192,255,0,155,77,63,54,255,40,0,17,239,0,104,255
201,45,230,106,201,63,31,9,99,176,110,36,83,97,125,70,189,95,164,186,26,202,26,117,13,125,177,200,102,121,144,219,56,238,0,198,42,42,114,115,156,255,0,114,239,205,127,185,10,252,0,0,65,174,81,160,219,58,190,138,255,160,28,173,255,151,243,92,163,158,153,8,247,74,187,137,0,255,122,123,131,69,117,106,35,0,50,212,0,165,116,156,135,85,255,255,0,231,144,255,121,159,80,255,116,255,9,156,255,255,2,255,94,251,255,105,170,255,205,127,255,35,0,53,255,247,0,255
193,41,208,114,211,93,77,44,143,221,139,75,122,148,110,71,195,116,209,183,0,219,87,106,74,103,147,194,93,188,161,149,85,184,0,158,121,64,135,93,192,142,0,111,179,167,83,186,54,163,97,45,95,229,103,133,166,76,200,127,222,77,131,215,244,186,199,138,94,94,80,100,255,197,149,39,110,255,106,160,125,128,199,178,74,48,163,255,15,10,147,213,157,139,208,255,0,133,143,159,198,230,86,173,0,255,82,218,255,243,130,249,88,201,187,6,49,255,32,114,255,18,0,112,222,193,14,255
195,42,207,118,202,90,57,23,125,194,95,52,116,131,93,74,167,162,195,181,35,233,79,71,64,138,166,196,113,136,62,145,124,181,46,176,137,92,136,90,150,189,0,104,168,169,112,119,112,185,76,14,21,165,86,119,164,87,204,114,255,141,15,182,194,104,185,135,115,198,98,66,227,147,105,167,84,255,143,131,109,221,148,157,27,51,184,232,0,113,92,153,174,160,255,250,0,66,182,145,189,170,84,175,58,255,116,223,255,163,68,255,22,240,243,50,92,247,173,128,189,67,48,75,239,246,141,255
189,48,185,152,244,63,53,88,106,214,121,92,152,150,84,96,118,145,158,248,0,231,115,60,92,159,125,229,113,208,148,93,130,181,42,226,35,125,93,47,47,106,8,176,181,241,23,122,53,195,192,143,134,206,22,146,206,103,150,151,205,81,75,24,184,225,167,66,255,96,187,12,216,27,155,108,132,255,124,226,154,2,45,76,252,92,248,249,52,147,0,53,202,134,195,237,0,66,97,53,255,250,46,169,94,255,0,222,255,109,159,255,0,189,146,87,119,218,0,0,226,27,58,246,190,46,103,255
196,51,224,121,218,64,25,80,110,255,104,97,46,186,98,84,187,139,215,228,14,255,142,37,173,152,74,215,99,175,88,205,185,153,0,169,143,107,193,109,73,255,38,127,157,214,1,125,38,81,213,0,105,150,73,68,116,42,245,104,203,92,13,174,89,176,223,95,201,73,122,17,236,202,131,212,44,145,42,46,76,193,141,65,28,53,203,248,0,198,129,235,255,44,205,255,0,43,143,79,143,255,93,148,0,255,118,174,255,255,48,242,107,255,255,62,157,160,0,41,166,88,0,164,67,196,112,255
187,27,187,114,198,94,98,64,116,252,103,95,144,141,103,137,100,108,245,250,1,222,91,118,17,255,118,144,131,172,17,205,147,255,0,97,56,109,157,35,135,180,0,255,186,144,33,161,22,128,81,128,163,6,180,181,181,147,171,215,255,71,7,255,144,163,255,158,116,255,120,120,138,232,97,165,0,155,105,90,198,168,62,136,112,108,61,255,124,141,255,187,109,190,236,243,0,67,46,206,164,90,95,153,121,255,70,160,219,149,51,163,80,112,189,0,52,255,0,98,114,0,61,0,255,78,255,255
174,16,155,115,205,75,136,111,156,178,109,91,96,149,46,101,105,80,146,150,58,145,143,62,8,106,124,145,105,164,145,173,152,141,36,166,72,95,145,92,120,133,93,146,108,145,0,91,73,181,132,154,157,94,115,66,184,46,95,210,180,71,57,171,148,148,139,67,95,166,185,197,196,222,124,57,32,227,100,25,194,223,131,226,71,76,82,255,75,109,193,170,86,135,140,255,159,142,122,177,228,75,12,152,0,253,69,252,255,179,150,201,185,4,164,28,102,255,37,0,72,0,0,147,203,0,80,255
169,4,146,92,206,104,119,104,149,177,173,171,66,175,91,69,130,89,167,124,26,159,106,122,84,113,146,155,125,48,112,73,152,96,133,87,0,150,74,26,13,172,50,102,137,165,179,135,101,242,92,59,230,161,211,32,255,0,193,245,221,103,54,255,212,231,201,0,234,141,255,102,255,207,42,137,76,85,44,70,73,183,255,65,8,145,143,250,151,71,123,137,221,196,107,223,95,142,179,97,255,98,239,67,21,255,136,255,228,255,131,69,123,48,255,135,189,195,0,13,41,123,0,133,180,0,65,255
170,10,146,100,208,97,115,106,141,191,178,144,84,145,85,72,134,80,153,142,51,154,115,108,87,112,147,159,156,99,126,115,138,117,99,142,51,112,78,68,86,176,65,107,153,163,81,120,112,199,110,74,188,151,180,44,208,0,162,244,246,106,38,206,192,179,132,0,135,161,217,159,246,235,77,155,75,119,69,70,160,169,227,97,36,147,84,255,182,88,162,122,152,195,109,233,94,107,162,134,255,75,130,109,47,255,98,255,255,240,129,150,136,67,245,152,177,197,46,0,65,31,0,168,195,0,19,255
177,11,153,94,206,109,112,114,136,198,168,148,94,141,69,69,130,76,159,151,51,169,106,100,60,108,136,164,146,105,124,101,142,102,121,133,67,113,109,66,119,196,85,118,122,150,86,103,89,137,132,124,154,149,158,68,216,0,162,252,255,70,36,196,185,237,106,13,120,180,181,194,227,207,100,162,52,181,112,58,152,146,244,64,36,185,113,255,113,135,163,103,119,206,99,222,80,107,92,175,253,57,56,56,36,208,128,255,255,234,34,163,166,47,159,178,83,246,2,0,102,94,0,166,202,0,0,255
173,9,139,103,218,91,96,114,135,202,182,140,79,130,103,49,169,111,130,150,67,159,123,75,89,110,161,168,158,132,114,100,123,110,134,144,52,99,61,77,60,221,80,148,129,125,81,131,77,177,121,111,134,168,200,48,212,0,182,225,169,132,34,203,165,203,160,85,186,190,230,180,213,201,79,138,63,161,36,87,157,161,208,70,80,140,111,255,129,65,131,170,128,192,85,255,73,167,172,141,255,100,158,15,65,255,94,200,176,236,138,238,102,20,231,125,183,197,0,45,54,163,0,156,176,0,33,255
170,6,141,99,205,94,113,115,146,176,182,141,86,153,95,69,126,82,156,146,34,178,107,129,100,101,138,150,148,82,146,84,134,98,123,98,46,117,80,58,66,206,55,125,142,186,116,98,76,215,114,69,160,153,190,37,221,0,192,215,211,79,54,229,192,208,146,0,159,139,229,168,255,199,64,156,94,109,52,117,148,162,227,94,29,169,132,255,181,88,143,105,166,196,94,212,109,85,178,144,255,90,161,60,42,255,81,255,255,255,111,136,165,78,236,149,152,228,30,37,50,99,0,181,182,0,39,255
177,8,142,113,199,109,95,98,149,188,193,129,109,148,53,61,133,63,177,142,62,228,112,114,68,169,150,101,165,96,154,90,131,83,103,104,56,146,136,69,120,224,114,116,173,147,101,89,80,163,158,103,149,121,118,44,191,39,172,197,255,0,71,185,124,199,220,62,54,201,174,150,188,248,85,197,50,128,107,76,132,177,255,129,119,206,152,255,76,175,149,125,76,163,47,125,83,78,159,146,231,57,75,85,74,255,171,255,255,219,176,146,220,12,159,195,40,255,23,65,99,98,0,219,200,0,3,255
175,7,143,106,208,107,100,105,145,181,185,150,95,162,77,59,154,89,145,132,47,217,93,126,73,145,149,133,146,74,151,91,122,80,134,115,58,148,105,58,86,221,104,135,143,144,129,122,86,186,126,111,186,133,145,44,210,4,196,214,224,45,91,225,145,241,193,32,139,163,194,146,196,240,61,158,49,127,66,82,82,128,251,66,50,173,147,255,72,139,138,146,148,151,60,184,104,120,168,150,255,47,133,17,58,250,126,255,183,223,135,123,131,60,190,151,59,226,0,76,112,147,0,126,152,0,0,255
165,7,142,110,189,61,100,85,131,210,189,129,66,117,70,42,122,31,179,132,40,141,141,63,83,101,131,142,120,137,118,108,171,80,98,208,108,86,58,63,93,136,79,46,178,168,28,116,117,200,188,31,132,162,235,51,247,0,98,241,179,75,0,168,175,117,132,42,159,161,175,96,255,209,96,127,84,145,83,55,144,223,233,97,72,156,37,242,235,120,199,79,122,234,89,241,153,61,98,104,255,83,179,172,47,237,122,160,234,220,180,98,156,118,255,182,255,255,49,50,0,33,0,144,218,93,111,255
