175,8,146,96,214,76,77,129,148,174,151,51,120,147,101,35,109,238,196,193,0,208,99,177,69,152,150,185,123,68,193,131,106,82,139,130,139,120,184,136,115,174,31,144,123,163,132,92,123,110,126,93,129,77,86,150,125,106,113,206,130,121,121,97,174,168,81,124,144,135,146,112,127,188,138,154,132,137,93,168,100,193,152,130,91,102,138,202,146,88,63,145,95,112,110,171,88,50,122,210,207,121,120,114,106,182,84,114,170,130,178,136,67,136,72,55,147,184,48,216,101,116,100,83,170,147,69,255
175,8,146,96,214,76,77,129,148,174,151,51,120,147,101,35,109,238,196,193,0,208,99,177,69,152,150,185,123,68,193,131,106,82,139,130,139,120,184,136,115,174,31,144,123,163,132,92,123,110,126,93,129,77,86,150,125,106,113,206,130,121,121,97,174,168,81,124,144,135,146,112,127,188,138,154,132,137,93,168,100,193,152,130,91,102,138,202,146,88,63,145,95,112,110,171,88,50,122,210,207,121,120,114,106,182,84,114,170,130,178,136,67,136,72,55,147,184,48,216,101,116,100,83,170,147,69,255
175,8,146,96,214,76,77,129,148,174,151,51,120,147,101,35,109,238,196,193,0,208,99,177,69,152,150,185,123,68,193,131,106,82,139,130,139,120,184,136,115,174,31,144,123,163,132,92,123,110,126,93,129,77,86,150,125,106,113,206,130,121,121,97,174,168,81,124,144,135,146,112,127,188,138,154,132,137,93,168,100,193,152,130,91,102,138,202,146,88,63,145,95,112,110,171,88,50,122,210,207,121,120,114,106,182,84,114,170,130,178,136,67,136,72,55,147,184,48,216,101,116,100,83,170,147,69,255
175,8,146,96,214,76,77,129,148,174,151,51,120,147,101,35,109,238,196,193,0,208,99,177,69,152,150,185,123,68,193,131,106,82,139,130,139,120,184,136,115,174,31,144,123,163,132,92,123,110,126,93,129,77,86,150,125,106,113,206,130,121,121,97,174,168,81,124,144,135,146,112,127,188,138,154,132,137,93,168,100,193,152,130,91,102,138,202,146,88,63,145,95,112,110,171,88,50,122,210,207,121,120,114,106,182,84,114,170,130,178,136,67,136,72,55,147,184,48,216,101,116,100,83,170,147,69,255
163,22,147,92,219,45,136,105,160,196,119,74,150,155,107,114,112,137,161,147,10,255,155,101,68,187,187,173,123,134,190,137,125,92,167,194,97,43,185,127,160,167,89,213,55,196,142,98,119,163,101,150,86,38,141,158,114,65,110,103,225,49,125,221,32,107,105,19,122,72,129,157,255,147,173,150,47,239,122,143,192,174,247,131,48,144,108,148,118,0,64,201,156,193,49,152,10,0,76,157,255,7,107,80,99,206,93,61,23,220,126,26,17,132,219,0,28,15,36,66,162,0,0,177,235,138,44,255
155,34,165,82,255,72,167,113,159,214,81,124,188,209,45,147,168,159,107,89,0,255,115,139,153,148,132,203,94,65,146,131,195,59,156,255,0,49,181,129,212,113,4,235,0,255,178,62,73,237,83,50,37,236,143,241,114,15,212,113,255,49,157,167,109,43,219,114,255,0,114,93,248,204,211,0,171,144,108,186,143,255,255,219,0,70,100,200,255,0,0,151,151,53,103,79,76,134,85,106,255,0,255,253,0,255,0,126,8,132,255,217,24,53,255,123,57,152,0,255,245,113,0,184,255,58,0,255
153,26,160,90,255,120,128,84,114,167,122,83,166,129,104,115,110,155,181,176,6,255,83,95,205,75,136,183,83,40,163,89,89,165,134,170,107,72,72,99,140,175,58,175,27,82,122,147,105,187,176,120,203,103,44,163,191,0,194,255,231,0,55,255,221,195,224,146,255,138,41,154,170,255,64,13,110,167,24,160,168,94,208,173,0,123,109,250,255,83,185,211,166,62,114,17,130,85,155,226,255,0,195,114,0,255,107,255,248,50,255,175,12,33,121,152,222,179,56,255,36,130,0,157,255,193,126,255
150,25,167,75,255,104,154,110,112,244,97,137,155,164,108,168,166,162,104,104,55,255,102,106,150,100,177,255,61,76,189,81,99,80,122,255,83,41,143,109,152,130,59,206,0,109,237,145,161,167,180,37,137,115,42,205,169,30,198,178,238,0,171,255,147,109,244,129,209,81,152,152,203,139,165,0,50,209,0,219,52,133,255,133,0,203,207,191,255,50,167,188,191,43,94,122,95,161,218,147,255,0,255,241,0,227,52,162,62,16,255,176,1,0,255,203,138,255,0,255,143,91,0,110,255,0,73,255
153,30,162,99,255,95,159,81,121,211,116,89,150,187,125,129,83,144,152,107,0,255,108,151,169,115,153,211,58,90,190,103,125,140,121,190,89,127,128,159,128,124,83,243,58,96,165,110,87,227,167,64,84,153,35,209,98,50,196,210,226,0,199,255,255,54,168,217,246,114,62,134,206,255,187,34,117,162,0,180,109,124,255,210,114,170,235,206,228,14,117,153,180,86,144,67,87,98,248,217,255,0,250,227,7,143,0,182,180,53,255,222,0,55,255,255,159,211,0,198,68,89,0,133,255,94,220,255
149,24,164,85,255,119,140,96,91,226,103,105,131,122,133,150,91,173,134,137,1,255,103,76,169,93,118,220,88,73,231,111,79,151,49,220,80,79,109,105,139,152,72,191,29,70,106,133,178,175,183,50,155,110,0,126,177,14,203,255,212,0,130,255,237,135,230,171,255,164,99,164,186,235,133,0,85,148,2,163,57,80,249,170,0,135,201,255,255,79,144,229,190,114,98,136,114,84,214,80,255,0,152,184,0,190,64,193,217,39,255,108,28,0,187,178,101,239,0,255,174,102,0,134,255,0,67,255
154,20,172,98,247,98,123,91,109,157,126,83,156,117,104,99,107,156,155,120,19,255,142,75,126,88,158,163,115,128,179,110,146,117,128,184,130,50,38,144,150,130,80,217,76,96,96,149,98,166,194,129,192,90,46,87,168,32,183,255,204,0,26,217,171,221,209,110,219,140,39,114,154,227,45,31,117,247,0,204,163,76,187,173,58,154,131,255,255,29,178,111,199,100,112,98,103,64,91,185,255,0,214,78,54,238,140,255,233,57,255,247,73,83,153,157,255,137,57,255,89,92,0,151,255,170,136,255
154,25,164,109,255,113,110,96,122,190,107,70,175,81,71,140,168,160,157,182,21,255,104,124,180,45,155,198,79,95,169,82,48,198,116,213,128,61,97,173,144,202,112,221,29,86,128,135,86,148,107,122,172,52,36,97,196,0,158,225,239,0,121,255,235,214,166,92,255,230,53,216,237,255,131,128,62,92,28,108,219,103,244,126,0,202,179,255,255,92,158,191,156,84,65,70,162,89,165,93,251,0,145,137,95,175,22,248,255,53,255,97,78,55,147,193,136,197,161,255,0,171,0,64,255,44,99,255
155,29,142,105,255,75,154,77,134,196,141,77,202,199,52,74,175,93,181,147,37,255,86,132,160,90,138,162,4,72,170,128,139,122,101,212,104,99,144,136,185,148,79,107,32,168,61,143,50,156,228,62,82,136,99,177,160,0,171,199,174,9,182,184,235,110,161,183,230,0,57,142,242,242,189,118,163,90,17,55,211,228,215,158,52,83,122,86,255,0,144,180,198,217,105,21,158,94,164,183,209,0,139,178,0,166,111,154,255,156,255,255,0,162,246,48,86,103,180,255,107,148,52,83,255,43,23,255
151,29,142,90,255,74,147,90,136,196,132,61,170,193,77,103,146,133,178,119,25,255,93,114,177,101,145,197,3,89,232,137,94,124,87,165,124,88,142,178,142,169,90,162,5,117,74,116,75,227,218,93,74,133,70,149,184,0,165,226,177,0,132,255,193,114,162,196,224,37,103,159,255,194,237,115,134,139,56,106,118,205,255,137,21,88,189,187,218,22,117,240,227,201,147,85,90,29,222,186,246,0,155,135,0,171,140,167,201,162,255,255,0,62,251,100,117,125,113,255,40,165,0,87,255,85,0,255
158,27,157,93,240,58,156,71,147,197,93,68,144,203,124,139,100,152,101,100,30,255,123,148,125,139,176,236,53,74,197,123,81,116,158,205,81,57,206,150,155,143,49,146,30,123,142,134,8,171,217,80,55,136,138,114,183,6,139,107,205,39,125,202,183,117,58,186,203,79,73,132,241,243,140,98,108,167,144,131,129,217,255,224,126,145,255,169,200,0,62,252,160,111,129,133,64,79,189,251,255,0,255,91,0,113,0,84,128,67,255,170,17,19,255,103,58,188,80,183,188,61,0,223,255,134,163,255
153,32,151,58,255,88,154,91,117,215,154,110,132,191,122,126,51,159,156,98,0,255,83,102,145,90,102,195,91,39,150,140,149,141,71,220,120,86,168,194,190,95,47,173,39,209,72,128,113,255,255,88,86,243,54,174,168,41,240,233,255,135,102,255,202,78,255,133,208,0,153,190,220,226,202,88,82,135,114,232,108,154,235,148,26,0,120,210,165,87,0,212,225,193,212,188,32,0,120,239,255,0,209,157,0,255,158,167,18,137,255,150,0,15,251,82,28,173,0,255,149,56,0,160,255,59,4,255
152,32,146,51,255,84,152,102,100,217,175,103,128,209,196,107,0,160,150,92,0,255,129,103,141,93,140,181,24,22,181,192,133,136,75,193,135,53,91,163,129,91,53,154,57,187,21,105,113,255,255,48,87,228,41,147,144,58,207,232,255,130,84,255,186,87,255,174,134,0,100,150,223,189,137,31,107,165,142,255,0,204,191,123,80,0,182,187,67,128,0,243,255,209,255,251,26,0,247,243,207,0,126,50,0,242,151,160,101,130,255,186,0,0,152,0,61,255,0,243,232,65,0,122,255,6,31,255
153,31,152,63,255,100,150,95,105,225,169,117,144,194,167,122,45,147,134,119,0,255,104,138,179,91,119,142,52,19,171,156,105,190,102,179,120,75,103,177,162,105,45,178,47,130,65,147,101,233,255,47,100,219,26,165,172,34,228,206,255,118,126,255,179,90,227,148,245,0,137,128,222,252,148,109,82,199,83,225,39,138,198,126,84,0,126,204,189,76,24,251,218,194,158,114,10,0,203,255,255,0,242,135,0,255,138,148,138,145,255,88,0,8,218,25,93,207,0,225,123,41,0,79,255,67,58,255
151,28,140,57,255,80,149,88,96,214,171,111,113,232,179,110,25,158,165,76,0,255,105,82,138,167,89,153,72,11,193,198,134,132,75,216,133,47,90,190,172,87,49,88,79,205,45,116,89,255,239,27,76,203,99,155,167,12,214,214,201,108,84,250,192,41,255,173,178,0,107,137,249,221,138,12,60,166,123,213,0,141,187,144,39,0,192,210,117,118,9,226,244,184,241,254,43,0,236,197,192,52,96,80,0,174,205,150,198,197,255,208,0,0,162,25,125,255,0,178,235,118,59,83,255,20,0,255
150,24,138,56,255,70,160,83,113,213,166,112,147,234,183,100,64,144,123,88,0,255,119,114,183,146,127,146,35,11,159,202,122,124,103,201,142,34,68,184,195,22,65,134,0,153,59,138,69,255,239,18,48,184,74,181,151,0,193,106,185,89,96,253,159,36,200,163,160,0,128,13,255,187,155,25,119,209,113,242,46,238,218,182,98,52,176,148,111,17,5,255,255,159,206,169,106,0,241,203,255,0,218,75,0,253,167,56,121,103,255,209,0,58,255,0,124,188,0,151,192,18,9,98,238,67,67,255
151,27,155,75,255,114,155,73,89,233,121,114,143,139,126,171,77,156,139,174,5,255,39,116,215,115,75,125,63,0,206,124,59,193,102,248,87,53,57,161,150,184,41,144,31,93,103,155,189,219,171,20,117,160,53,201,158,0,216,213,223,47,102,232,181,104,113,187,255,55,113,165,123,255,158,0,112,187,13,90,51,77,255,144,0,79,172,181,255,47,175,251,160,78,93,46,78,100,202,237,255,0,215,255,0,255,101,207,187,20,255,126,0,0,222,16,159,172,103,255,99,66,0,54,255,115,0,255
147,24,163,65,255,123,134,72,78,222,107,123,119,104,126,184,75,217,130,134,7,255,0,61,199,103,99,229,132,5,200,54,74,170,84,255,156,35,36,105,173,197,45,183,0,111,130,140,222,222,120,11,153,183,36,213,209,0,224,255,255,0,22,255,229,166,241,135,255,122,135,191,161,255,82,0,143,78,0,145,109,28,222,126,0,115,198,235,255,94,134,230,180,127,2,214,172,26,109,87,230,0,123,255,0,255,24,241,102,9,255,89,31,0,155,119,203,239,86,255,0,92,0,156,255,0,80,255
153,28,163,78,255,111,102,65,125,200,147,96,106,188,155,135,48,174,106,143,0,255,47,202,195,120,198,195,111,51,183,95,112,159,120,168,144,100,60,49,180,82,1,248,133,91,180,101,96,192,208,34,173,143,54,178,221,0,211,221,255,31,34,255,255,159,146,152,252,77,129,166,197,255,59,106,217,128,86,239,13,53,132,125,90,125,255,173,255,89,101,255,65,85,152,178,28,0,185,218,255,0,255,237,0,220,47,255,196,139,255,129,0,12,145,150,217,255,0,182,193,169,0,111,140,145,255,255
144,20,153,77,255,107,115,74,75,230,121,101,112,129,160,177,39,182,91,179,0,255,0,110,252,120,107,132,76,0,225,110,68,170,115,227,109,38,8,89,172,158,17,233,62,101,186,90,154,222,129,0,189,135,79,164,125,54,193,255,229,0,28,255,238,81,120,212,255,99,127,165,131,255,106,0,186,160,7,161,0,30,255,114,20,157,255,224,255,70,92,197,48,59,190,137,95,73,255,14,255,0,218,255,0,255,76,149,116,0,255,49,0,0,110,132,255,255,49,255,124,98,0,155,211,24,65,255
154,30,164,98,255,108,139,76,114,232,138,97,148,170,130,129,99,142,124,134,0,255,46,167,209,101,136,190,82,81,210,89,96,141,115,205,88,100,153,108,160,152,83,169,42,109,185,80,58,154,175,40,141,117,70,169,157,0,163,220,247,0,145,255,255,142,56,215,254,91,32,238,202,255,104,34,144,79,0,173,81,94,255,223,25,180,255,191,255,71,183,120,126,92,137,172,113,117,255,227,255,0,255,251,23,120,0,206,231,109,255,205,4,0,201,255,109,255,119,154,153,169,0,39,255,35,204,255
153,27,162,94,254,78,84,69,126,180,128,97,74,178,155,142,79,161,111,65,0,255,46,158,162,135,203,168,140,113,190,91,150,166,115,167,138,113,99,75,158,83,46,252,103,83,222,95,66,175,177,40,128,163,75,181,185,26,212,255,241,42,95,255,255,129,197,131,211,83,189,154,178,217,157,84,118,143,88,111,94,92,163,109,95,13,202,234,255,92,209,255,180,82,73,95,93,0,173,134,255,6,154,160,0,187,45,247,139,70,255,160,77,147,175,189,178,228,0,255,3,139,0,112,235,251,255,255
159,38,163,119,255,62,93,68,123,176,124,79,113,203,116,144,64,170,137,80,0,255,75,154,154,110,122,198,109,117,239,154,107,129,105,219,36,85,154,41,48,83,44,255,116,147,176,75,101,232,172,66,147,147,68,206,167,73,176,255,232,9,113,251,255,106,106,164,249,129,117,143,181,210,241,158,92,84,114,204,88,53,129,102,129,0,255,218,190,21,144,246,215,133,164,60,187,0,211,105,255,0,4,122,57,174,0,255,147,204,255,167,0,168,65,255,166,65,0,231,0,255,0,113,255,246,195,255
152,21,163,90,251,123,113,72,104,153,114,111,144,101,87,136,74,162,164,196,0,255,50,101,255,55,142,182,138,0,211,76,41,164,148,177,110,7,25,51,147,218,24,214,111,108,131,99,175,183,161,72,188,151,53,86,202,0,162,241,255,0,0,255,161,216,139,132,255,204,9,171,140,255,8,48,156,188,0,159,186,20,199,162,11,219,213,210,255,98,80,214,92,0,73,143,159,76,209,250,255,0,231,171,0,226,100,235,255,35,255,168,26,74,82,133,221,154,125,255,0,140,0,250,198,172,46,255
152,25,165,101,255,105,120,87,131,197,106,77,182,107,84,133,116,171,152,166,20,255,69,121,191,81,157,191,92,53,152,95,79,163,124,222,99,65,101,100,156,165,47,190,42,85,110,95,62,198,124,61,167,82,53,100,201,0,175,231,255,0,33,248,247,220,156,176,255,167,54,167,190,255,71,63,131,111,53,193,201,117,223,186,0,202,185,255,255,41,120,213,120,99,115,128,126,96,119,186,216,0,229,133,0,255,46,223,182,47,255,125,95,0,204,192,176,192,162,255,41,147,0,67,255,53,90,255
158,29,174,106,255,106,124,67,110,216,106,127,127,101,117,155,133,158,156,138,0,255,79,118,130,117,134,215,142,125,158,79,101,153,103,220,118,86,170,124,114,160,75,171,101,68,193,167,112,199,159,148,196,118,58,175,152,5,182,245,219,9,132,255,255,142,112,159,255,144,120,187,204,255,114,51,22,117,46,132,121,78,242,163,0,196,171,241,255,179,203,153,157,76,126,93,100,73,157,173,238,0,104,181,34,114,7,234,230,83,255,97,77,98,227,236,167,161,0,195,0,198,0,77,255,12,195,255
156,20,181,108,233,110,102,74,136,184,92,105,118,129,107,106,127,158,184,122,15,255,93,87,79,120,127,195,134,137,170,107,140,166,76,150,152,75,110,104,107,184,69,207,127,156,201,152,92,142,193,171,114,67,16,75,174,45,189,255,201,61,60,238,226,163,124,141,194,150,72,170,140,255,137,112,73,190,67,147,132,53,243,192,60,105,68,225,227,98,196,108,168,98,87,155,77,0,72,160,190,0,167,74,90,95,160,122,255,75,255,217,135,101,43,205,157,175,0,255,0,136,0,101,241,115,110,255
154,31,166,95,255,102,149,77,122,198,120,103,160,185,104,99,116,152,156,124,8,255,97,142,161,84,153,222,89,72,176,131,133,128,91,220,95,114,140,90,125,109,39,184,31,115,132,135,92,187,175,96,124,137,41,150,130,5,211,221,242,0,138,255,228,122,142,212,190,51,41,148,192,255,157,72,132,86,0,190,145,139,253,201,21,170,138,205,228,57,118,161,165,120,119,139,103,63,196,234,255,0,234,164,54,208,0,255,227,122,255,255,56,64,228,249,140,189,4,192,75,155,0,91,255,67,127,255
152,22,165,122,253,73,70,93,108,188,117,87,110,80,143,114,127,155,120,82,0,235,89,53,104,120,174,174,147,123,154,97,127,134,84,190,166,62,45,180,122,176,121,158,72,154,200,111,33,193,156,103,134,57,0,144,104,72,167,241,126,20,81,255,207,127,155,147,211,160,220,140,188,230,192,41,66,138,54,162,204,68,216,97,115,148,212,233,237,184,205,166,204,92,153,136,204,0,113,14,220,0,7,105,14,202,179,216,153,0,255,127,17,123,163,255,152,126,0,255,3,154,0,114,255,71,167,255
156,31,176,69,255,71,116,84,156,179,109,90,135,207,137,138,72,188,104,50,0,251,72,172,124,173,158,179,140,27,182,123,188,104,121,177,72,81,81,127,141,96,0,184,140,140,121,118,0,255,115,93,85,235,29,170,97,0,155,255,218,39,67,131,252,94,116,149,217,89,144,127,190,208,76,65,124,151,214,196,42,199,191,196,97,95,146,255,125,42,83,240,208,132,117,190,12,0,171,199,188,0,115,109,19,255,55,121,89,109,255,193,62,21,255,184,122,141,0,152,79,98,0,151,225,98,255,255
160,34,166,83,255,65,96,83,136,166,142,84,72,209,137,138,97,172,90,76,0,255,57,141,134,183,174,151,172,48,221,101,158,98,130,181,81,69,172,41,170,93,0,121,121,178,201,91,66,208,142,71,141,208,93,183,130,14,150,255,152,71,60,166,231,127,154,146,248,68,184,202,150,193,100,133,116,97,156,148,0,211,72,101,82,19,142,222,178,105,100,255,189,179,114,138,0,0,150,187,158,0,29,205,0,251,30,247,159,173,255,123,71,46,141,186,203,193,0,144,109,180,0,168,150,172,149,255
161,30,169,82,243,79,74,61,123,163,139,101,74,175,146,115,79,144,119,98,0,255,71,166,175,124,188,165,141,45,147,122,118,129,83,169,116,58,118,61,128,77,81,162,118,105,180,106,10,182,145,42,150,193,45,147,176,67,196,139,237,17,143,255,255,196,206,43,177,73,166,131,224,216,83,157,46,97,118,172,140,132,102,69,126,90,157,223,166,161,98,255,173,41,159,185,43,0,188,255,247,0,103,100,33,228,79,202,95,155,255,143,53,172,159,174,137,189,0,92,86,202,0,85,139,128,205,255
157,33,155,99,243,52,97,75,139,159,118,98,88,186,163,125,76,177,95,49,0,255,63,127,144,181,128,153,140,133,255,181,112,104,90,199,72,64,104,34,89,80,33,149,138,164,86,95,76,231,217,47,105,193,101,117,184,42,105,255,187,78,77,204,252,56,125,172,190,76,125,106,182,201,208,119,153,191,182,178,1,121,122,97,83,0,252,255,187,0,130,176,158,255,172,87,31,0,238,157,250,64,115,71,0,255,0,182,93,172,255,145,10,60,93,161,189,194,0,208,166,187,0,133,210,229,244,255
157,24,162,113,238,74,76,61,119,138,118,90,121,109,106,111,110,160,132,92,0,255,68,81,179,99,187,169,144,111,192,114,111,133,135,166,157,46,65,79,126,121,97,184,121,113,185,89,75,162,198,129,152,138,0,130,166,83,181,241,195,43,27,251,216,204,155,106,212,179,97,115,135,255,136,89,119,200,73,142,158,27,108,109,106,81,187,237,243,116,216,186,135,63,173,94,138,0,133,167,255,0,51,77,31,149,123,223,211,79,255,202,63,184,108,193,193,92,0,255,0,162,0,107,246,216,185,255
158,36,170,96,247,39,80,64,130,163,105,114,104,174,101,118,93,176,119,29,0,255,56,118,86,198,145,197,179,78,255,143,126,159,48,252,48,43,117,38,93,152,27,90,121,181,154,68,0,161,98,69,163,255,67,143,163,40,105,196,206,74,85,163,255,126,12,136,255,23,111,73,91,144,179,78,51,90,160,188,40,200,137,151,88,2,175,255,140,59,109,175,207,194,149,108,34,0,148,252,255,0,23,33,0,255,134,150,74,132,255,183,67,103,141,156,196,36,0,130,138,207,0,68,255,147,132,255
149,26,159,89,255,115,119,69,106,245,137,139,125,147,181,149,83,166,137,122,0,255,0,137,222,114,173,241,92,60,205,101,102,159,84,249,143,102,148,100,167,127,57,217,28,138,255,169,100,163,209,31,128,118,35,191,133,0,218,255,245,0,110,255,255,76,131,203,255,87,104,255,190,249,152,5,127,99,0,97,0,51,255,120,0,201,255,176,255,98,223,90,103,162,170,109,111,0,255,141,255,0,244,255,32,109,0,173,192,61,255,158,0,0,255,255,199,255,0,226,100,121,0,47,255,4,248,255
163,20,176,129,213,92,71,66,128,223,99,57,100,173,115,114,96,85,203,118,63,193,43,128,61,164,171,231,137,151,209,49,144,43,86,213,185,143,118,108,91,97,148,129,127,153,98,87,0,146,200,77,91,170,162,63,158,0,151,165,136,104,144,142,250,137,168,163,163,80,175,185,222,165,189,147,194,255,34,171,144,95,155,169,61,110,90,215,255,161,222,249,124,153,144,185,75,70,144,255,100,134,143,49,15,43,143,135,99,255,98,203,95,155,168,158,255,160,105,163,43,247,213,113,142,39,0,255
152,11,172,104,223,105,74,101,134,208,118,52,131,167,156,116,115,131,148,93,54,202,58,122,91,143,170,175,138,119,193,121,156,78,88,195,169,156,97,96,191,122,57,174,44,179,132,74,63,154,166,72,109,58,165,52,173,0,171,255,226,61,46,171,229,156,210,136,137,127,119,241,116,255,141,141,175,219,50,239,62,159,124,189,107,139,72,184,255,79,227,165,136,138,87,226,76,30,137,190,104,64,187,69,114,255,194,189,183,53,202,255,120,44,61,64,244,255,88,255,128,63,47,82,170,188,99,255
147,25,155,76,255,99,120,63,100,221,143,107,93,193,166,151,48,142,140,126,0,255,6,130,162,148,153,213,126,9,217,116,126,140,65,228,132,92,141,103,145,92,0,190,116,156,190,127,178,247,239,48,107,124,27,155,114,4,255,255,159,26,121,255,239,26,151,181,255,16,179,247,137,238,133,72,172,204,0,89,0,77,160,92,32,158,157,180,255,172,204,179,47,194,181,102,65,0,255,109,254,38,144,255,0,121,104,59,220,109,255,161,0,9,234,135,235,255,0,200,85,31,1,93,86,39,140,255
156,36,179,98,255,108,147,65,119,234,121,124,122,220,148,156,86,197,145,103,0,255,82,193,158,133,124,252,92,102,161,95,148,140,131,217,73,123,188,78,163,76,26,255,47,148,255,136,116,213,213,87,94,184,79,255,128,109,236,162,255,14,142,255,255,65,163,207,255,60,90,99,214,255,164,73,127,134,0,235,105,173,223,255,43,152,173,178,201,93,98,178,176,64,158,164,85,0,164,175,255,0,254,248,45,122,0,255,169,134,255,227,79,62,213,255,237,183,0,109,110,223,32,106,255,78,255,255
154,39,158,73,255,122,147,77,114,243,152,101,109,255,162,120,73,173,118,143,0,255,67,186,226,109,152,255,42,0,192,139,101,154,131,205,62,141,230,29,197,36,0,255,86,180,255,146,154,248,211,90,163,217,116,255,132,0,211,238,255,0,183,255,237,79,187,222,227,59,85,177,255,250,79,22,215,87,49,255,0,240,138,212,92,160,219,128,210,27,0,255,94,129,255,149,106,0,166,152,255,0,183,212,0,113,0,255,236,70,255,80,9,0,207,255,255,255,0,225,175,125,0,135,180,32,225,255
143,22,149,62,255,100,124,79,85,237,127,118,60,198,215,182,14,200,97,151,0,255,8,71,235,177,114,201,86,0,240,174,75,128,82,248,140,29,79,77,134,39,0,161,72,102,185,116,242,255,192,0,255,136,37,229,127,27,245,255,173,0,43,255,243,47,175,240,255,25,197,150,205,169,145,0,167,193,25,236,0,71,165,123,0,83,255,226,255,215,45,227,52,84,255,79,0,0,255,8,255,73,253,255,0,255,133,87,128,0,255,38,0,0,164,7,255,255,0,196,255,78,0,193,59,115,83,255
153,37,159,85,255,93,144,93,101,211,130,104,133,201,164,143,100,167,148,76,0,255,106,119,180,152,155,255,57,52,213,126,107,110,135,224,133,66,213,103,122,41,71,213,0,114,204,137,175,252,220,61,141,204,0,255,133,57,246,237,203,0,143,255,223,86,236,199,222,56,104,66,255,171,150,0,79,199,26,255,83,169,170,148,56,114,224,207,212,149,108,240,214,140,184,29,108,0,206,156,255,0,170,172,0,139,6,120,154,102,255,208,0,44,240,229,255,255,0,212,91,39,0,108,255,78,199,255
150,37,158,41,255,97,154,110,114,235,121,127,98,255,168,142,36,207,102,71,0,255,101,124,166,211,103,224,56,0,255,187,150,164,49,198,62,56,158,122,155,56,0,188,51,150,48,138,115,255,178,54,145,255,94,255,169,0,105,255,255,29,98,255,213,19,130,255,157,72,179,92,255,131,151,0,77,197,188,255,0,195,227,198,60,0,255,255,99,138,0,236,252,181,245,228,0,0,255,142,237,0,183,176,0,255,96,140,7,169,255,151,0,0,207,15,205,255,0,195,173,176,0,182,255,115,171,255
166,31,183,121,248,101,90,42,119,159,127,76,141,110,113,127,102,169,146,90,0,255,81,119,127,128,139,207,158,107,137,98,118,128,175,190,174,81,101,82,159,172,102,213,122,120,154,53,69,159,165,108,115,90,19,125,180,0,185,208,255,71,93,218,255,215,128,121,231,197,60,172,192,255,102,109,101,127,35,173,193,46,130,218,73,93,189,205,211,125,165,107,212,126,181,185,120,33,116,218,200,0,108,109,62,78,57,255,241,124,255,221,0,221,37,255,139,121,54,255,0,170,0,70,255,116,221,255
152,30,165,100,255,113,142,95,124,233,117,92,162,136,140,152,103,169,138,162,0,255,56,125,212,140,142,189,94,74,184,117,90,168,131,238,114,110,159,146,157,179,43,220,0,105,179,124,108,202,127,55,122,127,57,206,136,0,168,232,254,0,116,255,255,133,150,248,255,151,80,210,255,255,132,6,134,115,20,165,59,172,234,191,0,204,237,255,255,94,150,142,173,138,132,64,56,76,220,162,255,0,250,240,3,252,0,224,168,67,255,144,53,0,236,255,137,237,109,255,109,132,0,46,255,98,187,255
149,25,160,81,255,113,141,83,82,218,133,96,149,118,147,144,100,180,125,161,0,255,70,110,186,86,112,152,81,29,192,112,93,157,99,206,90,53,65,133,147,142,44,177,9,49,116,157,171,217,123,37,203,130,14,215,166,6,223,244,219,0,79,255,225,167,173,157,255,92,116,135,173,226,118,0,138,126,68,215,54,101,226,144,0,150,151,230,255,115,144,221,177,64,137,126,114,8,225,117,255,0,190,255,0,255,105,255,200,7,255,127,63,0,164,91,149,204,0,255,122,90,0,93,255,42,64,255
153,25,173,100,255,116,124,86,103,233,125,106,138,97,113,158,116,171,157,171,25,255,120,103,155,93,151,248,110,129,145,80,109,134,93,239,119,81,137,158,121,149,65,210,8,48,166,134,111,150,184,104,173,15,54,126,196,7,205,209,249,22,93,255,250,170,212,162,225,145,130,203,209,255,112,36,121,99,0,149,180,64,229,148,0,248,228,255,255,91,187,175,178,88,121,126,113,123,130,145,254,0,211,206,31,149,65,255,160,16,255,96,10,75,234,255,194,208,35,255,92,171,0,86,255,0,81,255
178,33,187,73,193,60,135,122,168,255,142,28,110,125,104,45,62,113,74,83,75,255,114,6,74,248,156,130,190,80,180,68,86,60,73,203,204,9,153,45,141,194,69,221,57,200,88,106,151,232,27,193,0,88,75,171,99,159,160,52,255,240,22,196,159,169,76,0,221,155,0,181,255,148,151,92,147,255,228,255,152,36,145,253,80,92,184,91,0,113,130,181,255,147,29,200,0,210,220,255,255,130,151,122,0,130,84,0,252,255,87,138,32,0,121,0,0,158,0,255,255,0,0,130,0,120,0,255
160,19,171,80,217,61,147,95,162,205,105,76,144,163,95,84,90,108,105,133,62,255,131,121,25,243,181,46,80,99,168,132,128,86,61,189,190,67,20,190,143,151,84,138,18,127,36,145,82,163,187,150,0,114,58,61,32,99,114,116,250,81,26,255,201,88,118,65,142,95,177,82,255,116,94,166,67,255,240,157,139,72,194,108,177,98,7,199,68,0,105,255,184,171,0,164,140,6,203,221,240,8,255,61,0,255,135,65,0,255,184,188,121,102,255,0,120,0,90,114,171,90,18,241,239,198,36,255
149,30,154,44,255,107,159,109,140,220,127,114,152,212,152,145,47,210,112,156,0,255,68,110,230,123,128,156,51,0,208,178,128,140,64,159,111,54,109,211,145,103,0,235,0,68,37,193,127,255,225,77,146,255,84,255,113,9,62,255,255,0,62,255,218,83,90,213,217,88,245,77,255,144,255,40,85,131,184,255,0,143,206,128,57,20,255,255,126,41,0,255,251,149,128,130,36,0,255,169,255,0,255,172,0,255,88,202,5,130,255,133,0,0,255,10,143,102,33,255,31,215,0,62,255,229,183,255
151,34,164,42,255,104,184,96,88,245,133,124,90,248,219,149,0,199,70,93,0,255,123,120,234,190,14,92,81,0,255,240,124,210,107,255,50,60,118,149,128,0,27,115,30,126,8,132,180,255,63,50,142,255,0,255,94,0,176,212,221,55,191,255,159,0,140,255,244,0,98,14,255,177,144,0,102,166,105,255,0,205,225,199,35,0,234,255,215,121,0,255,236,20,244,100,0,0,242,242,255,0,255,206,0,255,48,170,143,165,255,106,10,0,194,57,166,255,0,67,255,139,0,91,81,191,168,255
149,30,150,40,255,108,164,108,126,234,140,116,130,242,197,148,40,202,90,131,0,255,94,125,240,142,106,151,20,0,215,212,112,164,73,175,97,42,99,185,157,53,3,188,0,65,64,196,152,255,214,21,138,255,78,255,89,0,119,239,255,0,103,255,148,56,135,244,236,52,185,19,255,125,206,19,124,203,155,255,0,216,187,115,61,28,255,255,126,71,0,255,255,105,210,92,0,0,255,163,255,0,255,162,0,255,69,156,39,117,255,106,0,0,234,0,251,209,0,146,173,141,0,87,255,191,196,255
153,35,160,57,255,92,147,98,138,206,138,100,155,204,142,128,49,187,117,123,0,255,130,145,214,134,114,127,75,0,217,174,121,126,87,142,81,66,126,162,130,73,33,189,49,52,31,138,107,255,195,77,116,255,37,255,105,0,75,244,255,12,73,255,230,124,82,217,227,74,171,66,255,142,215,112,76,116,212,255,0,131,184,149,146,36,255,252,73,68,0,255,255,112,245,158,0,0,255,250,255,0,212,161,0,255,117,165,16,142,255,148,0,0,255,87,93,149,0,199,103,218,0,62,243,233,255,255
177,47,196,120,250,43,56,16,132,111,123,94,92,184,65,132,172,177,81,109,0,255,145,192,112,82,185,230,193,117,151,84,81,55,54,223,1,5,163,0,103,35,6,166,152,110,110,82,93,161,138,52,181,244,47,95,171,195,177,0,255,37,47,206,255,239,186,151,186,95,166,15,210,255,151,49,0,82,158,255,157,119,0,206,109,26,255,178,40,50,159,254,136,47,255,229,191,92,154,91,255,0,0,117,124,255,143,255,115,48,255,234,0,255,106,255,229,193,0,56,188,255,0,18,255,200,109,255
176,48,181,127,251,39,42,17,126,116,172,94,84,182,61,99,136,220,60,127,0,255,133,158,87,118,133,188,214,129,205,156,38,75,61,255,31,0,180,0,37,57,0,94,102,141,95,110,34,138,139,86,231,255,44,21,118,212,134,63,250,151,0,162,255,234,119,156,226,128,210,131,224,187,155,110,1,70,158,205,72,91,0,122,91,0,255,154,0,157,67,86,136,134,255,97,70,0,183,0,255,0,10,64,95,255,250,255,212,197,255,247,0,255,73,255,245,191,76,0,251,255,0,0,232,213,0,255
167,37,156,101,255,64,65,19,112,116,164,46,80,191,92,96,35,139,55,164,0,255,106,216,218,106,107,132,163,21,180,168,70,27,122,165,26,44,159,9,151,37,0,135,148,124,88,57,52,201,149,54,229,255,72,77,193,135,111,51,221,58,100,152,255,127,179,101,125,123,175,50,192,255,152,112,206,76,228,255,154,125,0,122,223,12,255,189,121,17,33,255,3,158,255,182,158,0,208,122,255,0,0,67,0,252,206,255,93,0,229,164,0,255,12,255,255,255,0,157,235,252,0,0,60,214,79,255
156,34,170,106,255,105,130,64,126,204,143,70,157,183,127,137,79,164,133,155,0,255,101,208,208,69,165,189,72,63,162,92,103,178,184,172,68,109,125,102,154,111,38,255,80,86,204,97,61,210,176,72,117,142,55,189,163,0,179,137,255,37,114,254,255,139,89,191,255,124,59,126,190,255,130,196,154,122,59,242,127,145,201,234,151,197,244,181,226,13,71,244,173,18,181,70,88,65,179,239,255,0,255,238,0,188,0,255,205,108,255,141,8,104,199,255,235,179,110,185,41,203,0,173,255,182,255,255
160,33,191,117,253,101,140,66,119,165,119,114,119,200,120,115,79,167,152,82,0,255,164,111,99,78,110,202,168,144,157,62,194,91,132,147,101,80,143,115,69,46,106,251,164,67,119,130,131,209,224,160,129,195,0,147,63,37,255,203,255,4,55,255,255,156,199,204,202,133,41,84,184,255,106,56,107,209,0,255,177,0,152,255,148,38,130,226,177,114,136,106,146,29,202,101,122,39,96,208,255,0,189,158,62,209,44,175,223,21,255,148,41,231,208,255,255,121,0,127,0,161,0,165,154,131,254,255
159,41,173,95,255,113,159,66,129,210,136,80,167,216,129,118,84,163,149,120,0,255,100,161,211,102,128,222,102,42,147,105,124,132,155,187,80,157,172,101,148,81,55,227,109,108,164,90,125,245,197,100,112,229,0,255,114,0,199,189,255,13,171,255,255,147,166,233,255,79,37,149,255,255,88,57,143,77,88,255,181,186,147,255,108,131,194,190,246,72,26,168,209,76,233,101,65,55,187,255,255,0,211,241,4,255,0,229,196,62,255,187,11,25,220,255,92,243,10,231,85,124,0,48,251,137,255,255
154,35,167,59,255,87,177,114,124,213,129,102,151,204,172,110,85,185,93,76,0,255,138,125,143,173,97,144,73,73,201,140,175,127,122,202,98,57,125,204,154,78,49,189,5,134,36,152,58,255,113,90,102,245,29,255,91,0,182,190,244,29,108,252,201,97,176,211,155,0,91,58,255,171,131,0,136,132,189,255,43,227,255,192,98,4,161,255,140,62,24,187,227,97,159,150,0,0,162,207,255,0,253,215,0,255,27,131,76,95,255,155,16,0,255,128,71,201,0,199,190,29,0,176,255,167,147,255
154,35,165,72,255,74,152,104,123,195,130,94,144,199,143,105,80,159,94,78,0,255,133,140,152,166,108,128,97,43,206,138,160,105,155,231,59,62,139,130,114,68,46,177,12,168,78,102,39,255,44,72,116,236,19,255,101,0,180,157,255,31,145,222,227,75,134,164,170,0,112,78,255,181,141,24,96,102,193,255,25,206,205,171,124,0,163,255,172,31,0,218,201,30,163,116,15,0,120,205,255,0,193,150,0,255,23,153,72,118,255,78,0,0,224,181,65,188,0,233,140,105,0,205,255,181,126,255
155,27,159,96,255,111,113,79,126,193,134,68,155,107,112,145,88,160,134,196,44,255,62,183,176,81,166,176,82,39,122,104,63,197,158,208,103,60,105,160,103,191,35,171,0,58,110,165,39,234,114,96,169,86,102,178,241,0,123,212,255,72,98,255,255,152,101,138,255,170,104,200,214,255,127,130,92,81,125,203,102,164,166,110,0,200,225,245,255,71,35,230,221,78,154,108,125,18,255,255,255,0,206,215,22,255,50,255,120,129,255,104,36,36,199,200,170,118,125,226,0,181,0,108,255,91,168,255
155,29,176,92,255,126,117,65,99,179,124,119,138,121,132,165,54,189,156,155,0,255,68,116,224,77,139,228,160,29,162,52,112,134,166,203,121,55,83,108,112,148,84,255,45,85,175,132,196,234,160,118,178,164,0,231,152,21,198,242,255,0,21,255,255,183,190,147,255,146,67,205,224,255,117,27,102,113,3,172,149,0,195,167,0,160,253,214,255,203,153,160,163,0,136,110,102,50,219,231,255,0,169,222,82,214,65,255,204,22,255,164,0,61,134,255,166,206,0,255,0,203,0,129,255,158,255,255
151,25,159,88,255,114,129,78,106,214,133,84,142,146,131,166,76,174,145,173,15,255,44,138,185,85,129,176,86,16,169,84,68,161,114,199,111,59,83,119,121,150,43,170,66,56,100,117,113,243,180,19,159,106,73,165,199,0,213,235,255,33,88,255,252,159,122,153,255,140,108,179,168,255,88,78,98,173,55,227,88,66,160,157,4,161,208,231,255,88,64,241,179,82,140,137,90,41,217,217,255,0,212,143,0,255,86,224,159,37,255,67,0,0,129,76,163,185,112,255,84,67,0,53,255,115,83,255
150,29,152,42,255,97,157,123,132,222,135,118,136,249,154,139,104,182,65,73,0,255,132,148,167,157,134,188,55,45,211,157,156,110,109,188,96,27,110,187,176,64,27,176,0,121,116,189,55,255,143,32,96,249,118,255,129,0,158,190,217,0,92,255,72,38,180,148,173,33,137,51,255,84,162,0,107,253,133,255,0,211,206,89,0,32,191,255,96,0,0,255,226,123,137,143,19,0,255,161,255,0,255,77,0,255,31,110,52,143,255,99,0,0,228,24,229,237,0,171,147,113,0,120,255,50,86,255
156,34,171,76,255,90,164,100,130,197,119,94,161,191,102,145,113,180,105,131,5,255,122,140,127,126,137,174,118,51,146,97,139,123,165,226,88,78,121,158,116,110,0,215,0,106,83,140,73,255,119,78,145,228,75,180,141,27,191,178,255,38,99,255,219,124,184,159,228,41,94,114,255,225,146,74,92,154,112,255,100,138,217,183,18,65,126,255,198,2,0,235,194,89,123,144,96,36,194,246,255,0,255,160,35,255,25,183,100,118,255,141,58,0,255,239,80,81,37,243,57,111,0,127,255,106,60,255
146,16,158,70,255,125,102,61,96,230,139,118,125,176,153,163,72,141,104,180,48,255,0,174,225,72,201,201,95,0,153,120,97,181,95,185,99,62,57,78,99,127,0,181,64,9,170,170,108,153,143,0,241,113,104,121,246,0,255,241,255,0,88,255,216,133,153,67,255,106,181,188,69,246,71,76,141,191,10,184,9,15,213,41,0,255,215,177,255,58,159,192,106,92,134,179,167,65,255,201,255,0,255,255,0,255,153,237,147,64,255,44,15,53,189,68,218,255,13,127,81,94,0,85,234,1,132,255
152,31,154,90,255,103,139,93,120,184,118,64,182,132,77,132,114,157,151,181,0,255,34,100,229,80,142,162,72,0,170,93,84,166,152,215,95,87,96,119,137,182,22,191,16,124,114,103,131,232,109,16,202,198,33,180,106,0,158,255,242,0,70,255,255,165,174,201,255,97,89,193,255,254,149,0,123,41,92,164,171,179,223,164,0,119,166,218,255,87,46,240,143,135,88,27,135,72,176,165,255,0,141,202,0,255,18,206,164,79,255,190,79,22,234,166,245,211,167,255,0,107,0,37,255,137,79,255
150,26,157,60,255,105,149,92,116,219,111,101,153,166,130,176,83,187,111,169,28,220,46,118,195,137,113,139,79,0,170,144,92,172,97,255,96,38,22,159,100,149,0,153,5,46,44,146,136,255,130,0,153,180,101,185,155,0,187,216,255,30,0,255,205,129,94,182,255,89,162,77,234,201,110,47,128,191,157,251,0,106,255,120,0,69,214,238,255,22,39,255,243,75,75,123,117,73,255,222,255,0,255,197,0,255,148,186,80,34,255,84,0,0,230,0,155,97,125,236,63,77,0,85,255,137,37,255
150,33,155,50,255,98,168,105,124,218,138,103,140,218,183,118,37,183,88,120,0,255,111,119,224,142,107,139,43,0,206,177,120,140,94,170,86,48,97,186,157,66,36,225,0,106,31,152,111,255,192,38,136,255,39,255,92,5,95,202,255,0,84,255,225,69,127,243,193,31,182,40,255,194,174,21,126,153,205,255,0,192,211,174,123,3,255,255,149,40,0,255,255,100,188,142,48,0,255,150,255,0,255,191,0,255,47,145,59,117,255,113,0,0,247,80,161,219,0,230,108,138,0,159,255,192,240,255
153,33,157,70,255,94,156,88,122,214,139,95,155,192,149,119,73,163,106,134,0,255,113,156,208,123,109,137,54,0,181,163,91,136,110,190,83,76,71,166,132,88,26,178,26,101,71,180,111,255,150,44,141,248,25,231,107,5,132,163,255,6,89,255,226,88,120,195,255,26,143,92,255,210,173,103,127,146,162,255,23,137,191,188,85,46,189,237,181,27,0,255,212,47,173,120,82,0,255,255,255,0,255,189,0,255,73,164,130,105,255,129,0,0,255,108,109,100,0,168,141,130,0,95,245,185,164,255
156,31,173,112,255,103,115,84,119,198,136,103,141,96,143,145,112,189,143,113,0,255,80,136,174,100,146,168,163,121,144,48,113,138,133,208,151,98,143,149,187,151,130,255,39,94,175,130,55,220,143,76,169,128,21,215,165,0,171,255,255,7,88,255,255,208,167,193,255,138,133,216,248,255,172,0,85,47,20,177,170,7,164,159,0,135,255,255,255,110,162,175,195,104,150,138,166,22,160,128,193,0,86,255,47,221,4,255,153,58,255,153,12,70,194,255,128,168,0,255,0,219,0,59,255,84,255,255
152,30,168,88,255,114,140,80,100,208,123,106,150,124,133,169,89,202,149,145,0,255,63,107,175,69,134,213,113,36,156,65,122,145,126,214,117,69,128,112,149,123,47,211,25,78,159,132,169,229,179,51,186,180,7,219,175,0,235,255,255,8,102,255,255,181,232,164,255,97,124,169,162,255,168,0,109,120,45,254,173,85,182,177,0,137,178,233,255,153,118,196,161,131,154,144,102,38,176,202,248,0,188,242,0,255,60,248,115,0,255,131,58,13,198,190,143,244,9,255,8,133,0,24,255,21,139,255
153,24,168,75,255,116,144,79,136,188,109,123,154,162,124,115,82,162,156,141,34,250,15,163,179,133,132,168,131,53,179,86,113,185,115,220,117,106,98,81,160,168,5,156,106,137,116,184,50,202,168,69,95,145,84,143,193,0,172,255,255,55,65,211,255,113,120,189,238,104,81,123,163,255,58,66,150,168,129,178,86,103,255,173,17,117,135,255,255,21,101,183,192,163,37,108,62,50,162,255,226,0,255,161,0,255,45,143,226,75,255,196,38,0,216,166,174,255,53,255,44,125,0,99,226,155,222,255
144,17,155,77,255,122,123,70,91,241,127,86,139,94,167,167,69,189,117,228,0,255,0,133,251,101,117,138,64,0,179,117,36,209,101,251,101,14,0,132,147,198,0,196,45,67,220,155,180,198,83,0,215,59,133,219,190,0,201,245,252,0,0,246,225,126,99,133,255,190,128,199,74,255,43,0,208,142,107,152,55,44,255,84,0,255,255,235,255,16,145,215,145,11,110,99,133,56,255,45,255,0,255,255,0,255,96,255,152,0,255,0,19,0,159,93,169,221,137,255,54,65,0,172,255,51,114,255
156,17,173,86,246,145,127,71,117,112,121,127,148,109,71,95,114,185,216,206,42,255,57,82,235,69,144,181,184,41,190,48,38,216,159,158,146,0,8,110,153,255,8,221,101,97,137,177,172,169,144,128,182,130,149,119,255,0,148,255,255,0,0,238,138,220,206,52,255,238,26,124,160,206,0,0,196,255,0,72,194,91,200,168,0,186,118,255,255,28,72,186,196,39,0,2,186,27,106,209,255,0,216,189,0,255,151,255,255,118,255,151,44,97,58,131,255,87,198,255,0,71,0,255,255,255,91,255
140,13,149,63,255,117,133,76,65,237,109,108,117,106,153,216,48,215,80,203,0,245,0,63,255,108,57,126,88,0,224,118,30,186,91,250,98,0,0,139,154,170,0,197,0,49,154,139,255,248,73,0,218,137,43,236,139,41,242,252,215,0,0,255,199,90,183,156,255,137,195,128,102,250,73,0,215,184,0,161,0,27,255,69,0,183,237,242,255,67,131,255,104,19,76,106,176,52,255,0,255,43,253,255,0,255,137,172,114,0,255,0,16,0,122,0,252,190,119,255,51,18,0,189,210,0,0,255
144,19,170,111,255,121,106,118,108,202,110,79,177,73,77,141,184,161,136,210,0,255,45,120,168,72,155,162,126,73,205,77,13,187,75,216,97,41,52,129,168,226,35,194,86,84,83,115,136,205,35,16,236,32,96,120,255,0,136,255,243,0,0,217,255,199,109,73,255,249,178,161,199,255,0,0,121,75,156,153,101,136,237,173,0,255,161,255,255,10,108,221,239,26,0,56,159,150,38,0,206,0,219,202,0,255,91,255,255,0,255,19,122,0,141,63,255,255,213,255,96,28,0,158,255,132,28,255
152,20,166,116,255,119,87,70,106,199,120,109,179,61,29,172,154,87,156,238,11,255,79,116,214,95,170,233,141,66,230,94,58,127,134,188,132,40,74,145,104,215,26,112,55,30,84,172,132,177,102,96,172,80,43,88,212,0,117,174,190,0,8,194,255,91,102,90,255,255,101,172,197,255,98,81,80,81,58,79,145,63,248,27,0,255,248,255,255,0,192,195,215,85,71,80,223,108,118,206,255,0,193,226,40,182,147,213,252,71,255,130,0,29,133,33,254,157,255,255,0,229,0,248,255,0,0,255
146,19,160,97,255,106,117,69,79,198,118,81,163,95,106,173,115,164,127,181,0,255,44,97,194,79,115,161,94,17,196,93,97,140,138,209,94,21,29,184,115,146,47,183,40,50,115,135,164,202,80,39,215,82,0,173,161,21,255,241,192,0,42,255,221,142,133,104,255,171,85,137,134,255,143,0,155,167,21,144,169,22,222,129,0,223,147,200,255,57,179,157,130,41,163,91,194,13,239,48,255,0,243,255,88,255,121,209,236,0,255,116,34,36,101,60,244,192,106,255,0,92,0,185,255,60,0,255
149,25,164,102,255,115,125,66,98,209,141,80,164,137,115,150,89,166,111,192,0,255,37,165,226,62,135,128,93,11,189,95,105,174,163,189,54,81,67,126,154,120,28,245,90,68,173,108,104,187,77,35,227,123,52,167,148,0,195,214,247,0,55,255,255,128,68,167,255,128,76,190,144,255,109,109,186,103,0,198,135,34,218,172,38,244,254,215,255,13,151,193,86,21,171,124,191,85,254,120,255,0,255,255,53,240,45,255,255,0,255,125,26,53,125,201,228,231,168,234,45,219,0,144,255,104,114,255
157,27,174,104,255,119,127,72,117,186,117,82,179,86,60,138,133,157,160,193,27,255,119,164,157,32,172,181,101,71,119,19,120,176,172,165,55,64,118,111,137,177,68,230,83,70,94,151,40,156,131,136,194,50,66,73,179,0,165,250,255,3,106,214,255,207,165,192,255,210,19,217,173,255,80,115,81,84,7,212,255,34,255,191,0,179,174,232,255,22,100,186,142,38,163,166,162,154,129,213,196,0,254,255,103,196,18,255,188,24,255,135,31,64,214,255,110,173,121,255,0,190,0,158,255,86,112,255
148,21,177,82,255,124,150,93,100,234,101,111,137,153,115,166,144,189,130,171,32,247,25,120,148,127,149,209,133,59,196,52,107,133,82,240,131,69,102,128,138,222,1,164,0,101,158,116,168,169,142,19,159,56,151,101,157,0,172,255,255,0,87,255,184,129,154,185,255,111,148,234,145,255,0,0,122,127,1,115,120,55,255,164,0,255,201,255,255,41,160,147,229,52,0,233,144,195,191,71,207,0,255,255,17,255,0,211,217,48,255,206,100,0,138,231,198,255,124,241,44,66,0,128,255,0,41,255
146,16,161,73,255,126,127,65,62,219,142,107,130,78,141,200,64,179,97,234,0,255,12,104,255,51,87,122,121,0,197,76,42,194,127,218,100,0,0,156,121,165,22,247,51,0,169,115,255,208,67,9,250,87,54,198,148,0,242,225,246,0,2,243,189,127,110,100,255,204,154,148,117,255,18,0,157,180,0,173,137,0,233,75,0,255,213,255,255,60,144,255,136,0,74,118,227,76,255,0,255,0,255,255,0,255,99,255,181,0,255,0,0,75,114,6,251,192,87,255,0,20,0,166,255,62,0,255
147,22,167,81,255,116,135,98,98,208,103,108,160,99,109,155,125,199,127,167,24,255,51,90,157,93,148,189,92,44,154,68,100,155,100,229,115,26,48,127,167,173,41,181,0,89,90,148,136,212,132,50,200,71,75,149,181,0,198,255,255,0,25,255,193,171,245,125,255,111,177,135,159,242,89,0,118,125,68,158,187,96,255,146,0,180,149,255,255,93,142,232,165,108,23,139,172,104,68,107,243,0,245,215,0,255,92,255,93,27,255,152,82,0,186,76,190,229,67,255,92,99,0,122,255,33,64,255
145,19,155,69,255,125,124,75,95,247,127,102,135,126,178,180,55,204,110,204,11,255,0,143,233,97,137,169,65,0,177,122,75,197,80,234,96,48,0,108,142,169,0,204,41,57,187,159,186,221,127,0,198,82,106,216,197,0,227,255,255,26,0,255,253,120,157,151,255,145,147,205,88,243,60,0,199,163,83,180,10,43,255,70,0,209,254,189,255,43,100,190,161,53,133,127,88,46,255,64,255,0,255,255,0,255,104,240,101,0,255,0,20,0,178,56,125,230,86,228,102,29,0,123,253,25,116,255
142,15,155,65,255,120,128,83,72,229,113,108,128,107,160,195,51,214,74,190,0,233,0,77,255,90,90,138,112,0,192,115,68,181,85,255,85,7,0,153,140,155,0,182,3,55,133,133,232,250,61,0,214,124,50,236,142,1,234,255,240,0,0,255,195,111,148,137,255,164,187,145,105,248,122,0,199,140,39,186,9,22,255,82,0,202,253,255,255,96,97,207,148,53,96,159,157,53,255,0,255,0,220,255,0,255,127,255,87,0,255,25,11,0,125,19,173,202,86,255,56,34,0,124,238,44,11,255
147,25,166,94,255,118,127,81,98,223,121,81,168,117,104,167,104,181,127,212,1,255,48,153,209,62,118,152,65,10,176,78,64,195,126,218,53,36,59,114,130,167,20,205,32,69,136,129,142,198,87,0,217,66,69,186,216,0,190,253,255,0,11,248,255,189,126,169,255,173,96,183,131,255,93,24,170,108,52,203,141,28,255,148,0,199,213,227,255,12,142,235,138,23,107,90,145,149,193,90,230,0,255,255,0,255,55,255,185,0,255,26,16,0,193,218,167,242,203,255,52,177,0,102,255,55,64,255
148,26,165,91,255,117,127,75,89,227,127,104,151,111,158,177,63,193,122,181,0,255,46,101,236,99,111,178,110,7,180,88,51,151,126,230,110,50,82,132,100,149,51,224,0,47,188,154,212,252,129,20,175,136,0,227,130,0,201,245,255,0,41,255,255,137,182,186,255,143,137,181,227,255,126,0,116,112,17,171,47,19,237,131,0,201,255,255,255,112,166,197,133,77,139,83,101,67,255,61,255,0,177,255,7,255,68,217,163,0,255,20,0,0,203,229,161,217,81,255,56,125,0,48,255,66,158,255
154,31,176,95,255,119,133,81,105,222,125,133,131,138,136,161,100,180,151,125,0,255,97,106,152,95,137,251,136,104,151,76,151,137,110,239,116,80,155,115,144,114,39,235,30,97,207,129,126,180,225,88,185,107,5,192,168,1,253,255,255,24,129,255,253,143,202,205,215,113,112,203,224,255,133,0,96,168,0,242,143,33,216,190,0,157,205,212,255,136,210,158,177,94,187,126,120,104,163,171,232,0,230,237,0,134,46,255,148,14,255,174,0,65,247,255,200,255,0,255,44,187,0,65,255,36,165,255
154,37,175,84,255,114,157,80,105,223,121,122,141,206,124,188,96,203,130,122,0,255,104,167,187,59,137,255,95,35,155,65,150,131,148,233,76,104,191,110,143,46,30,255,11,89,189,117,184,251,203,71,167,224,17,255,187,17,255,238,255,0,186,255,246,102,255,204,255,93,109,125,202,255,174,0,130,139,0,255,164,102,186,248,0,114,218,202,255,83,73,194,177,86,207,158,131,62,226,204,255,0,255,255,17,214,0,254,83,0,255,161,21,55,255,255,196,255,0,241,28,120,0,45,255,9,188,255
156,30,173,107,255,107,125,80,107,191,139,104,160,113,104,130,144,145,157,133,0,255,127,129,169,53,157,201,112,126,166,62,164,143,142,172,98,87,189,134,160,123,127,224,46,83,148,137,48,144,190,128,167,98,3,181,137,0,183,243,248,13,124,255,255,211,182,198,204,177,45,187,184,255,181,60,72,112,35,220,216,49,210,175,33,135,181,198,255,120,192,140,192,56,205,40,143,68,140,206,255,0,187,255,57,165,7,255,171,36,255,213,38,117,250,255,188,237,0,255,0,159,0,90,255,105,232,255
149,28,161,102,255,88,137,96,114,214,142,99,122,187,161,117,70,146,115,100,0,255,88,118,158,140,154,176,100,85,232,126,138,90,131,187,91,70,178,99,141,143,66,166,17,116,189,96,72,188,191,27,131,159,68,174,121,32,185,194,233,5,96,255,255,128,143,208,239,61,72,157,185,225,185,32,129,191,39,228,2,80,200,176,58,93,215,192,174,123,122,174,120,57,222,133,28,21,232,188,255,0,255,184,0,190,0,192,185,130,255,189,20,0,225,233,196,255,0,168,191,189,0,177,255,84,141,255
155,30,171,111,255,82,108,90,108,191,147,112,125,175,118,124,128,141,120,73,0,255,133,126,119,83,148,194,118,131,155,101,182,62,162,182,86,79,126,114,135,55,79,255,81,99,203,147,62,160,212,84,150,142,45,193,110,77,240,163,201,43,79,255,255,152,212,92,178,72,130,91,155,239,185,71,61,189,11,247,123,62,162,176,95,54,148,131,134,68,162,185,185,35,177,21,126,21,63,155,255,0,215,122,90,183,91,198,208,81,255,159,15,251,254,255,255,165,0,245,0,148,0,165,255,66,173,255
159,38,173,94,255,72,143,101,123,198,152,102,142,194,167,115,137,157,108,61,0,255,221,169,103,121,157,222,84,196,215,108,107,99,137,143,120,12,230,121,54,47,88,132,37,14,83,161,95,209,255,107,134,104,18,199,145,15,171,172,185,0,120,255,178,164,165,216,197,118,80,40,255,118,100,58,82,220,102,255,136,156,232,156,84,118,159,255,190,140,162,215,220,146,120,28,0,66,227,247,255,0,255,207,0,156,0,123,95,141,255,168,9,178,255,236,246,229,0,15,181,52,0,165,255,205,207,255
156,28,171,94,254,77,134,100,139,207,133,126,146,177,114,116,124,144,105,80,27,255,94,128,96,138,181,189,121,150,152,97,179,77,182,193,123,88,208,123,187,97,22,219,3,147,228,136,7,149,180,103,86,139,84,177,159,50,234,166,235,70,133,255,200,110,248,87,162,55,155,139,193,255,156,71,68,246,53,249,101,137,170,115,28,125,63,255,192,42,205,182,157,170,128,92,74,0,46,246,255,0,255,121,34,216,43,125,119,185,255,172,149,100,255,255,193,166,0,255,31,112,0,125,255,90,104,255
152,32,169,58,255,81,152,116,156,196,96,103,138,242,139,167,122,195,93,31,0,255,101,151,123,183,176,254,118,37,186,106,232,55,151,208,83,33,171,132,203,62,0,228,87,197,141,127,56,255,127,71,64,246,56,248,106,0,218,254,206,0,66,242,168,52,219,183,187,1,132,62,255,166,118,0,171,199,148,238,12,255,221,153,64,91,148,255,81,58,40,201,172,180,107,184,0,4,175,127,255,0,175,255,0,255,8,33,46,58,255,184,31,0,255,103,209,255,0,207,113,0,0,224,255,0,204,255
153,34,161,40,255,93,148,114,117,216,148,126,92,252,208,147,68,214,114,57,0,255,145,124,94,235,148,228,80,111,213,142,166,184,70,175,138,65,123,161,136,52,25,176,22,82,97,170,59,255,187,27,174,223,102,247,164,0,165,255,208,0,129,255,171,60,161,195,207,70,131,69,255,85,72,6,87,202,131,255,0,255,201,134,53,42,255,255,179,220,0,236,255,218,146,171,0,0,255,117,255,0,255,30,0,244,27,166,78,151,255,119,0,0,59,44,225,255,0,63,153,153,0,151,255,61,228,255
