175,8,146,96,214,76,77,129,148,174,151,51,120,147,101,35,109,238,196,193,0,208,99,177,69,152,150,185,123,68,193,131,106,82,139,130,139,120,184,136,115,174,31,144,123,163,132,92,123,110,126,93,129,77,86,150,125,106,113,206,130,121,121,97,174,168,81,124,144,135,146,112,127,188,138,154,132,137,93,168,100,193,152,130,91,102,138,202,146,88,63,145,95,112,110,171,88,50,122,210,207,121,120,114,106,182,84,114,170,130,178,136,67,136,72,55,147,184,48,216,101,116,100,83,170,147,69,255
175,8,146,96,214,76,77,129,148,174,151,51,120,147,101,35,109,238,196,193,0,208,99,177,69,152,150,185,123,68,193,131,106,82,139,130,139,120,184,136,115,174,31,144,123,163,132,92,123,110,126,93,129,77,86,150,125,106,113,206,130,121,121,97,174,168,81,124,144,135,146,112,127,188,138,154,132,137,93,168,100,193,152,130,91,102,138,202,146,88,63,145,95,112,110,171,88,50,122,210,207,121,120,114,106,182,84,114,170,130,178,136,67,136,72,55,147,184,48,216,101,116,100,83,170,147,69,255
175,8,146,96,214,76,77,129,148,174,151,51,120,147,101,35,109,238,196,193,0,208,99,177,69,152,150,185,123,68,193,131,106,82,139,130,139,120,184,136,115,174,31,144,123,163,132,92,123,110,126,93,129,77,86,150,125,106,113,206,130,121,121,97,174,168,81,124,144,135,146,112,127,188,138,154,132,137,93,168,100,193,152,130,91,102,138,202,146,88,63,145,95,112,110,171,88,50,122,210,207,121,120,114,106,182,84,114,170,130,178,136,67,136,72,55,147,184,48,216,101,116,100,83,170,147,69,255
175,8,146,96,214,76,77,129,148,174,151,51,120,147,101,35,109,238,196,193,0,208,99,177,69,152,150,185,123,68,193,131,106,82,139,130,139,120,184,136,115,174,31,144,123,163,132,92,123,110,126,93,129,77,86,150,125,106,113,206,130,121,121,97,174,168,81,124,144,135,146,112,127,188,138,154,132,137,93,168,100,193,152,130,91,102,138,202,146,88,63,145,95,112,110,171,88,50,122,210,207,121,120,114,106,182,84,114,170,130,178,136,67,136,72,55,147,184,48,216,101,116,100,83,170,147,69,255
160,10,172,70,207,109,83,110,120,222,101,106,105,124,151,81,109,106,139,151,52,184,78,115,86,204,202,138,173,119,138,126,153,133,47,143,138,101,161,48,205,209,123,212,51,177,146,122,106,83,164,159,95,91,140,20,195,86,52,219,241,137,64,255,130,193,216,36,152,114,120,151,168,229,65,146,0,255,143,83,109,60,239,76,85,96,94,169,98,148,207,178,144,64,14,255,73,192,112,147,66,40,135,33,148,255,186,161,117,255,77,185,163,88,76,0,148,219,0,73,127,93,48,168,195,0,100,255
155,16,148,48,233,56,132,85,155,175,135,49,99,240,107,117,239,101,134,141,55,255,198,93,0,255,204,210,5,235,146,0,137,34,106,0,146,143,110,104,243,181,0,234,0,21,255,106,154,140,98,156,255,0,255,136,15,20,41,253,83,38,134,92,119,215,78,88,255,0,184,57,255,0,255,255,35,155,99,255,0,246,177,173,121,112,104,191,41,255,78,168,29,204,153,216,0,0,27,255,138,223,198,0,58,255,255,199,71,255,254,107,0,23,3,227,255,87,0,40,193,116,0,0,255,0,142,255
156,17,152,72,219,72,102,100,161,199,137,99,99,228,150,80,121,124,106,130,52,207,128,100,46,242,232,178,109,146,154,78,154,78,81,88,198,178,71,82,171,155,29,149,88,135,255,131,58,148,139,138,125,29,194,64,116,0,107,198,107,35,63,170,127,154,119,61,208,0,188,134,230,135,93,170,92,233,23,172,14,169,175,109,141,125,137,186,116,120,123,195,3,255,0,223,0,0,48,247,204,161,203,0,87,255,150,184,190,255,200,20,30,62,128,35,227,104,0,80,132,82,0,138,201,0,218,255
154,15,152,93,199,38,85,72,164,164,118,67,105,200,128,77,89,97,106,116,41,219,171,132,30,179,230,162,76,166,190,135,184,16,41,71,209,176,108,122,176,181,0,169,84,194,246,102,122,199,97,143,162,61,195,56,81,0,141,255,68,0,54,216,206,97,75,101,236,3,255,75,238,117,208,93,118,199,2,204,0,239,235,126,203,124,122,139,90,125,85,181,33,255,0,195,35,0,89,255,171,115,145,45,82,255,225,204,144,208,255,101,7,116,194,21,242,80,0,118,107,99,0,145,231,84,145,255
156,14,170,100,187,20,51,72,179,163,80,65,100,151,149,116,102,89,96,78,32,161,96,145,88,136,255,146,100,98,164,176,183,33,0,63,255,124,70,151,128,218,0,156,95,255,150,35,95,255,164,144,147,114,120,75,195,73,90,255,80,43,79,231,255,56,40,116,226,17,255,114,202,220,102,87,83,232,35,221,60,255,212,131,255,121,124,161,181,89,99,246,169,233,0,255,168,0,156,255,100,62,15,76,56,234,60,115,197,102,255,149,62,23,171,7,177,109,0,133,93,157,0,29,255,102,176,255
158,29,158,121,236,40,50,69,143,164,129,25,73,174,150,39,32,63,99,139,0,176,125,89,16,127,255,143,96,69,146,122,193,76,28,152,233,148,131,44,103,153,0,61,131,255,185,157,31,217,109,113,115,197,38,109,137,60,168,163,53,0,83,211,177,130,19,170,235,66,255,0,241,183,149,125,209,255,14,255,19,255,133,194,166,159,110,122,207,73,101,136,75,255,50,60,65,45,111,203,185,130,201,96,101,169,255,85,184,87,239,104,92,143,255,255,255,26,0,125,105,163,0,110,146,213,112,255
163,31,166,137,239,54,45,125,203,189,111,22,91,189,161,48,59,82,81,111,0,198,125,82,59,187,255,154,131,81,156,138,152,70,51,144,255,133,81,92,86,152,0,11,112,169,149,160,5,255,107,115,61,168,83,73,100,0,156,149,183,96,23,124,149,124,92,156,153,120,180,91,255,128,0,145,216,255,83,255,31,165,92,106,159,96,183,205,168,0,68,54,208,203,72,112,3,105,90,140,133,151,255,44,31,255,166,30,157,189,182,80,98,51,177,111,255,51,0,30,143,186,0,245,88,216,189,255
157,32,164,102,244,47,68,111,172,190,134,60,110,213,156,66,52,106,87,102,0,205,116,128,81,194,255,151,117,69,208,112,196,57,32,112,226,136,119,128,81,112,0,34,111,200,151,143,3,238,164,89,96,179,32,111,73,0,157,207,113,36,12,177,127,135,114,166,194,42,247,108,255,126,22,175,156,255,24,255,0,139,107,110,227,140,135,236,154,19,81,139,154,255,0,115,0,0,142,178,180,182,255,115,156,255,153,17,177,255,159,116,79,69,247,186,242,19,0,0,153,139,0,157,123,253,134,255
160,30,160,84,238,31,72,92,153,207,137,75,84,203,185,60,88,107,97,101,0,242,102,82,89,255,255,121,178,31,210,143,139,44,100,187,138,133,104,117,80,99,22,0,119,243,166,235,0,173,81,113,75,206,76,21,30,0,86,134,177,93,25,176,39,119,56,98,88,96,255,81,252,134,69,188,143,219,16,116,54,113,170,173,35,78,88,159,179,63,20,121,162,196,79,199,0,16,111,255,52,101,232,66,200,255,153,7,76,168,220,40,36,151,140,135,165,99,3,0,255,157,0,196,0,255,100,255
156,28,154,70,249,70,104,110,150,223,138,100,84,255,211,72,78,141,79,97,0,199,74,96,104,255,241,169,124,32,192,137,155,65,84,159,126,166,81,92,98,95,6,52,124,171,157,219,25,164,136,42,151,149,139,92,80,0,138,167,166,34,28,184,107,98,133,153,93,17,255,96,255,143,41,145,147,221,53,232,22,156,214,151,70,52,182,182,143,76,0,152,132,255,106,211,0,0,137,252,193,133,255,27,55,255,152,122,128,247,191,0,0,0,152,87,239,173,0,0,255,81,0,253,42,227,173,255
160,29,149,101,233,33,65,108,157,206,154,46,87,227,207,22,92,105,113,123,0,212,91,64,101,246,255,125,185,67,154,146,140,52,141,171,176,132,98,85,73,91,41,47,140,233,143,230,0,173,119,54,70,174,81,38,75,0,116,94,173,62,5,163,17,140,101,115,18,93,255,44,255,174,58,148,219,206,27,156,61,196,195,174,21,149,159,127,181,0,18,75,178,255,73,172,0,49,112,206,152,159,255,145,164,255,196,28,76,214,194,28,48,111,192,191,214,145,34,0,255,94,0,243,0,255,183,255
160,32,164,95,241,47,78,106,152,212,119,70,108,230,160,81,45,79,102,124,0,204,95,82,72,250,255,135,166,31,199,146,125,66,59,213,163,128,134,103,34,155,1,54,138,219,150,255,0,200,130,42,88,203,38,35,79,0,147,152,207,59,20,132,88,102,85,157,111,91,255,55,255,131,53,214,80,222,57,155,34,208,102,173,157,99,156,206,166,18,34,156,151,255,125,139,34,51,138,255,105,59,255,165,179,255,157,0,60,255,160,8,33,69,255,241,244,97,40,0,255,71,0,181,61,255,213,255
160,34,155,104,238,50,58,102,141,195,137,46,74,223,150,42,71,83,137,142,0,158,60,46,118,255,244,165,122,67,188,91,106,106,29,181,180,132,135,67,31,159,6,50,148,211,125,168,0,112,113,36,173,159,62,39,80,35,206,86,196,54,96,197,109,186,174,120,65,93,255,123,255,211,11,161,126,254,59,197,11,145,91,154,48,150,135,184,221,38,18,106,149,251,159,118,0,0,116,241,174,243,234,120,65,255,255,31,166,255,255,17,52,0,172,249,255,99,0,27,255,143,0,133,110,255,70,255
160,33,156,106,238,43,49,94,139,182,120,39,78,201,174,48,65,97,109,115,0,169,110,80,97,216,255,189,125,89,166,103,122,104,55,205,236,147,102,77,28,150,19,55,106,187,161,154,0,133,116,63,94,150,44,27,116,0,201,91,125,56,84,209,106,202,159,129,136,70,229,60,255,159,52,184,170,253,35,200,12,247,144,185,76,148,141,170,176,74,69,46,148,255,78,87,0,11,141,254,133,156,255,159,146,237,222,54,115,255,255,66,46,93,243,240,255,100,0,21,255,126,0,200,177,255,122,255
163,34,162,90,236,46,87,102,136,205,135,37,71,245,167,78,81,121,97,137,0,182,67,83,92,255,229,135,138,47,157,81,145,68,121,162,117,94,126,99,60,129,7,109,64,237,122,170,25,159,53,74,191,148,92,48,72,0,116,97,174,72,50,217,90,145,142,130,85,25,255,134,255,138,34,160,100,199,104,192,53,196,170,235,38,70,125,152,168,0,0,118,206,255,48,242,12,8,136,255,64,203,208,121,123,255,151,123,118,255,201,24,86,0,127,166,188,54,46,0,255,101,0,187,116,255,28,255
160,36,159,101,245,47,49,96,133,199,133,46,69,200,184,26,59,92,81,115,0,183,97,85,88,253,255,149,158,67,168,122,145,84,90,208,193,160,112,77,43,129,25,26,76,205,174,210,0,136,125,125,110,167,26,56,67,0,160,104,165,85,68,255,89,176,140,141,118,75,255,18,255,142,4,219,127,229,31,174,21,187,150,151,65,114,131,141,199,105,10,84,199,231,86,123,0,42,159,255,81,129,253,169,123,255,215,69,126,255,223,34,56,112,200,255,255,97,0,0,255,149,0,222,72,255,116,255
157,28,153,84,240,48,76,95,151,200,137,83,95,223,189,55,73,112,80,123,0,200,77,88,112,221,255,129,162,9,156,131,156,49,123,199,165,151,53,105,93,69,0,28,144,255,193,179,0,197,102,76,75,187,31,53,59,0,153,97,158,104,15,160,86,133,101,99,65,0,255,44,255,220,69,128,195,181,18,151,47,138,197,173,168,133,122,93,121,32,24,157,107,178,57,227,52,0,101,200,197,88,224,120,164,255,164,49,155,242,140,47,25,114,255,186,198,116,0,5,255,85,0,243,0,227,159,255
154,22,141,88,232,55,73,100,159,207,118,90,100,249,147,52,124,87,76,140,8,180,49,105,112,180,255,192,89,49,152,107,128,56,43,176,196,153,27,92,128,102,25,81,169,255,201,160,0,152,161,40,95,107,118,49,99,0,125,60,92,25,0,137,97,104,83,108,48,0,255,12,255,236,101,89,190,253,16,187,0,204,202,158,188,161,180,83,131,0,91,200,19,245,56,202,150,0,88,234,255,178,198,60,73,255,183,97,158,172,135,0,0,88,255,107,255,113,19,54,255,0,0,143,114,109,95,255
156,20,173,42,245,57,77,102,161,203,129,130,66,247,230,113,75,149,74,63,2,233,90,109,75,255,255,146,133,20,223,110,230,81,1,147,136,173,18,128,90,79,60,0,139,213,192,243,0,142,103,54,118,218,108,97,60,0,67,211,86,73,131,131,122,131,87,89,233,29,255,82,192,78,84,137,158,255,0,118,48,199,232,175,0,63,133,255,167,255,53,140,67,240,76,255,0,189,144,255,126,55,255,0,152,255,116,190,55,121,208,149,48,0,140,45,184,236,0,0,255,139,0,84,65,104,255,255
160,20,173,35,244,19,58,96,189,204,187,80,90,206,243,113,104,117,106,23,2,255,140,153,51,255,255,81,115,38,248,224,208,0,139,125,198,134,50,255,125,70,0,0,180,182,242,255,0,107,100,7,60,255,118,45,0,0,72,255,200,136,27,0,0,55,0,17,246,255,255,255,106,93,6,188,253,133,27,0,172,109,255,193,0,0,65,255,230,255,56,152,111,120,99,255,0,240,0,143,0,0,255,0,239,255,133,50,66,20,101,140,30,255,0,0,115,255,0,0,255,132,0,72,0,222,91,255
162,23,174,100,220,54,19,69,152,194,135,38,53,175,158,88,106,94,41,74,0,213,209,196,84,242,255,99,130,117,178,230,255,0,117,5,255,129,86,97,77,159,0,43,59,154,255,106,118,147,146,221,177,142,77,73,31,0,18,255,90,22,39,198,110,0,105,255,200,157,255,79,249,15,0,95,86,203,0,98,174,186,179,187,175,0,156,168,146,166,51,174,180,255,0,255,0,212,71,171,0,0,232,50,116,148,179,255,148,117,151,28,0,255,129,0,218,165,0,0,255,255,0,95,192,88,3,255
169,34,184,125,218,36,26,38,113,175,119,1,49,175,109,45,77,117,14,99,0,175,207,190,90,181,220,60,110,122,188,196,255,0,126,90,255,105,119,67,107,90,19,122,59,125,212,101,147,172,87,224,250,211,64,34,92,0,50,255,136,49,54,163,158,61,38,255,255,161,255,9,255,0,9,117,65,208,0,150,142,119,134,255,193,0,255,224,139,142,125,79,183,255,0,233,0,181,130,125,0,101,143,81,178,85,202,255,250,168,255,137,7,255,89,118,180,0,0,0,255,255,0,0,250,128,0,255
164,22,178,70,208,37,27,73,158,192,147,49,78,165,144,131,112,103,59,49,0,255,204,196,91,255,255,68,106,127,210,197,255,0,113,22,235,51,100,247,132,119,0,0,66,209,236,99,76,137,94,115,174,204,48,54,18,0,43,255,155,84,48,29,58,1,69,147,220,243,255,116,179,66,12,144,96,214,14,0,212,251,209,147,178,0,90,237,156,255,104,166,198,253,0,255,0,182,81,158,0,0,198,57,134,200,124,126,134,102,192,66,0,255,0,0,250,247,83,0,255,200,0,0,174,69,0,255
166,24,175,129,200,40,15,55,144,187,122,18,59,164,98,72,101,81,30,98,0,179,229,192,76,175,229,76,131,171,196,231,255,0,119,11,255,125,97,68,69,159,0,78,89,210,255,63,170,130,111,235,221,195,93,109,76,0,41,255,130,45,26,181,95,0,85,255,238,216,255,97,255,19,0,60,57,248,0,145,180,128,150,214,217,0,133,142,92,115,99,161,189,255,0,255,0,166,46,107,0,45,119,69,179,115,194,255,255,199,234,0,0,255,152,34,164,69,42,29,255,255,0,0,255,89,0,255
162,32,174,121,228,46,14,60,121,196,136,11,45,168,114,31,65,97,29,86,0,146,178,191,44,173,250,75,100,102,179,224,255,0,107,75,255,98,79,34,90,175,0,117,94,160,239,128,125,236,186,214,232,236,67,96,84,0,0,255,95,0,97,194,137,3,0,255,255,160,255,0,255,0,48,86,51,252,13,131,123,104,145,255,161,0,255,194,122,110,32,121,236,255,0,225,22,255,137,88,0,117,192,77,188,72,243,255,183,173,175,122,13,255,114,96,144,0,0,0,255,255,0,7,255,126,35,255
161,21,173,38,237,28,80,100,175,213,128,115,82,213,206,131,91,135,141,43,0,255,122,65,34,255,255,167,168,42,255,147,178,65,12,185,128,123,44,195,63,115,65,0,227,235,162,255,0,161,88,44,68,255,110,12,29,0,32,255,170,122,56,11,0,86,0,46,207,202,255,134,131,56,80,103,133,200,0,0,116,143,255,213,0,29,129,255,154,255,73,117,118,192,167,255,0,255,78,255,0,0,239,0,255,255,127,79,0,99,144,164,55,125,0,0,171,227,0,0,255,97,0,2,45,173,248,255
161,23,177,35,247,44,88,108,170,220,144,132,64,227,226,146,79,168,122,49,0,255,140,88,46,255,255,196,161,26,205,134,226,112,46,176,111,175,24,205,49,97,48,0,210,187,161,255,1,141,28,62,92,255,94,100,56,0,63,255,159,113,71,41,0,46,60,38,255,144,251,108,155,61,31,58,186,190,0,0,119,201,255,188,0,56,84,255,134,255,6,88,170,211,120,255,0,255,108,255,91,0,255,0,255,255,157,247,25,155,114,103,56,84,4,0,244,182,0,0,255,89,0,68,82,133,255,255
170,34,177,108,235,33,18,84,170,186,94,54,64,147,131,49,136,118,140,88,0,217,167,82,60,255,255,196,148,107,137,142,128,152,26,231,255,176,40,78,69,161,142,35,255,79,169,207,0,39,82,82,166,255,19,0,84,0,147,139,224,86,28,26,28,255,94,140,196,236,149,57,210,132,0,168,92,141,54,0,208,198,160,238,0,167,255,224,184,164,8,71,180,191,179,206,0,187,134,254,0,82,101,79,224,168,238,171,166,169,255,1,46,255,41,160,255,53,19,24,255,161,0,163,198,114,51,255
163,25,173,49,227,9,31,79,149,197,149,75,55,169,168,70,113,95,137,55,0,255,138,154,19,255,255,132,138,45,162,150,245,41,59,163,246,88,38,161,94,124,111,0,216,190,146,232,0,105,66,29,179,255,84,56,53,0,7,255,107,56,78,14,30,122,24,2,255,215,255,63,142,0,47,38,114,155,37,0,186,192,255,198,0,44,129,238,178,255,24,93,173,157,92,255,0,255,82,221,0,0,148,39,255,211,206,215,41,206,163,154,19,240,0,0,241,243,0,0,255,163,0,82,81,179,194,255
163,25,166,73,214,22,33,78,134,196,148,70,51,164,143,70,126,101,104,64,0,255,170,173,37,255,255,116,117,128,144,154,255,24,105,119,255,91,22,138,120,106,92,8,186,154,168,202,6,87,104,94,148,234,93,81,95,0,0,255,93,6,34,74,44,39,51,98,255,178,255,37,208,0,30,115,100,134,3,0,200,251,255,227,0,0,178,255,173,255,74,117,181,247,0,255,0,255,114,212,0,5,157,71,255,161,154,255,107,133,174,80,51,255,0,0,187,162,0,0,255,198,0,36,206,150,146,255
158,22,161,60,237,27,18,82,128,195,160,87,56,183,198,59,111,94,96,47,0,220,99,194,63,255,255,110,113,39,148,192,255,16,80,135,255,146,0,123,171,106,90,0,126,159,230,228,0,46,161,74,189,253,127,46,86,0,0,255,65,0,104,40,76,41,17,86,255,132,255,5,129,0,66,75,68,135,0,0,143,244,255,250,0,0,255,255,202,255,89,112,122,255,6,255,0,255,110,207,0,0,176,0,255,208,229,255,29,118,112,151,0,255,0,0,255,195,0,0,255,255,0,32,223,107,255,255
160,23,166,61,225,5,49,90,164,197,164,91,66,176,184,93,152,102,137,46,0,255,143,139,37,255,255,126,143,93,175,157,209,10,90,119,224,131,44,183,108,108,60,0,191,175,189,254,0,120,152,27,131,255,131,19,65,0,0,255,113,13,4,0,0,39,0,57,233,255,255,140,149,0,70,98,120,148,5,0,126,211,255,255,0,0,159,255,219,255,90,77,128,255,52,255,0,211,128,218,0,47,115,0,255,194,135,255,47,128,171,101,4,255,0,0,189,167,80,0,255,171,0,62,124,223,184,255
161,26,164,61,236,13,24,88,143,202,160,72,54,192,203,67,152,105,138,71,0,255,113,133,55,255,255,129,157,36,163,153,225,32,78,150,242,125,16,153,138,90,101,0,166,189,182,255,0,66,162,45,156,255,108,20,61,0,0,255,100,34,73,0,0,98,0,62,255,200,255,51,187,0,72,112,148,136,0,0,101,234,255,224,0,28,214,255,245,255,44,112,184,255,98,255,0,255,107,188,0,68,157,0,255,218,223,248,3,98,165,145,0,255,0,67,232,225,2,0,255,237,0,39,123,218,197,255
161,24,168,47,238,0,44,96,175,199,186,93,79,202,232,84,133,111,143,51,0,255,119,126,36,255,255,121,133,63,196,166,188,58,97,142,227,166,17,232,110,48,36,0,231,206,214,255,0,69,136,0,116,255,91,26,18,0,29,255,142,86,17,0,0,102,0,0,246,255,255,164,117,46,18,120,250,116,0,0,154,207,255,250,0,56,102,255,255,255,73,153,118,157,163,255,0,240,70,169,0,22,185,0,255,255,180,167,91,65,160,158,14,255,0,50,137,255,15,0,255,207,0,31,21,246,156,255
158,18,168,29,245,1,55,100,183,196,158,110,85,201,234,110,109,116,108,27,0,255,102,123,69,255,255,112,139,39,250,173,200,34,67,137,177,171,0,255,131,73,29,0,159,205,189,255,0,131,118,11,73,255,126,41,0,0,0,255,125,100,37,0,0,58,0,8,221,255,255,178,132,21,118,103,223,175,29,0,75,157,255,230,0,41,121,255,198,255,77,136,126,184,158,255,0,224,103,233,0,0,188,0,255,255,148,144,0,105,110,255,0,255,0,0,141,225,0,0,255,210,0,50,34,255,207,255
159,27,159,85,220,38,43,90,139,198,115,83,58,177,119,55,103,68,93,103,0,179,104,144,57,255,255,118,135,95,193,154,204,50,0,158,203,93,59,87,39,193,50,0,154,255,218,145,0,112,109,66,169,231,100,65,168,0,16,191,56,36,47,185,148,86,7,124,130,147,255,16,247,20,81,55,16,237,51,35,64,189,255,224,37,0,183,168,151,193,48,87,79,255,19,255,15,228,76,255,11,121,167,143,255,211,223,255,54,255,141,121,0,166,181,0,182,105,31,0,255,156,0,86,255,255,89,255
162,28,173,69,224,37,53,90,146,213,103,101,59,173,139,67,105,95,114,84,0,204,91,98,69,255,255,173,162,60,210,128,190,75,0,184,197,113,45,76,72,201,96,7,144,251,165,206,0,113,99,76,200,255,37,17,100,0,40,184,153,78,60,161,90,134,6,102,164,119,255,68,206,32,41,114,37,210,94,0,70,156,255,221,0,96,179,202,168,181,59,88,159,255,3,255,0,227,104,255,0,145,153,84,249,201,202,164,33,255,144,184,52,121,188,57,105,59,0,0,255,81,0,31,214,193,111,255
162,25,159,79,210,19,49,82,145,205,129,109,38,169,119,54,93,83,69,110,0,249,130,97,85,255,246,127,107,138,189,141,223,20,43,130,255,91,104,123,94,171,33,0,121,255,215,154,0,92,80,33,179,255,89,48,144,0,0,208,104,37,13,176,110,7,0,99,140,192,255,42,209,100,130,77,40,182,42,32,31,225,255,253,0,0,249,186,193,195,103,65,116,255,0,255,0,233,111,255,72,170,153,69,255,194,255,253,151,207,182,126,0,135,81,0,123,107,52,55,255,164,0,0,255,255,61,255
160,30,164,71,231,45,53,88,122,210,121,102,36,187,163,67,91,116,89,108,0,179,77,103,95,255,255,163,154,53,178,113,228,62,24,162,182,116,93,80,83,158,66,0,69,231,222,162,0,88,96,104,235,229,93,96,165,0,35,193,88,62,100,207,140,119,19,109,184,44,255,0,196,63,97,89,38,167,0,65,54,224,255,251,0,0,200,196,214,255,34,48,119,255,3,255,0,229,100,255,32,183,171,95,255,215,249,255,66,232,191,114,0,88,73,4,171,109,0,0,255,173,0,46,251,210,92,255
159,17,169,31,237,6,63,104,192,182,162,126,79,188,203,116,75,114,125,36,0,255,109,112,85,255,244,138,149,57,229,170,218,71,66,155,182,178,0,243,121,76,48,0,196,171,153,235,0,145,91,0,174,255,72,58,33,0,27,255,151,101,13,0,35,25,0,0,189,241,255,223,87,70,81,55,217,137,99,0,101,174,255,245,0,78,145,255,229,255,106,115,51,250,155,255,0,185,109,255,0,0,158,0,255,255,161,156,46,204,129,230,0,223,0,0,233,248,6,0,255,174,0,51,6,207,214,255
159,11,180,1,253,0,80,98,202,179,179,132,105,170,221,150,18,92,149,5,0,255,119,94,46,255,186,100,153,28,255,189,238,131,95,186,118,182,0,255,107,64,66,0,255,164,64,238,0,185,0,0,162,255,13,67,0,0,22,255,148,136,21,0,0,0,0,0,255,255,193,255,14,75,8,0,255,185,142,0,169,158,255,195,0,128,21,255,255,255,181,200,84,102,255,255,0,222,112,187,0,0,109,0,255,255,192,8,92,255,55,255,42,230,0,0,255,255,50,0,255,215,0,11,0,141,187,255
156,20,154,26,251,67,133,90,132,192,108,121,13,255,192,138,151,147,87,93,49,237,55,90,11,255,200,255,0,100,205,0,179,49,82,14,122,251,0,0,195,144,41,90,11,132,255,152,65,49,14,126,255,98,255,76,185,0,23,255,112,71,241,212,255,38,169,61,255,0,223,82,255,0,190,247,0,109,152,223,0,255,255,255,0,0,139,230,162,255,0,148,60,255,141,255,0,87,33,255,137,178,255,0,0,255,183,255,93,255,211,0,26,0,0,125,255,200,0,0,255,201,0,172,255,0,148,255
158,30,162,62,255,75,81,84,121,212,144,89,25,230,189,70,90,128,38,77,0,207,84,166,100,255,218,122,79,8,228,160,236,6,124,110,173,143,96,25,177,130,13,63,52,191,255,157,53,131,122,129,255,164,149,83,90,0,40,255,183,93,161,223,185,41,113,191,171,21,255,103,255,79,0,200,3,179,127,131,0,127,197,187,67,0,223,131,209,203,0,125,179,255,43,255,0,56,13,210,5,145,255,13,23,117,129,228,192,255,251,0,0,0,110,73,196,255,0,0,255,229,0,202,61,84,161,255
155,31,151,40,255,85,95,75,100,225,135,93,33,255,174,72,130,140,72,67,21,219,42,186,66,255,226,210,0,16,227,133,220,53,54,98,172,163,24,16,193,133,4,97,63,182,223,191,84,126,170,129,255,79,255,134,122,0,47,255,162,63,171,227,255,23,193,198,156,27,255,75,255,8,0,183,0,184,206,202,0,210,221,158,21,0,255,140,218,238,0,143,222,255,128,255,0,0,42,202,28,124,249,0,0,75,153,241,209,255,255,26,0,0,96,72,255,255,0,0,255,181,0,163,181,0,178,255
160,36,159,50,255,63,97,91,118,216,155,71,45,239,184,67,102,137,74,64,0,255,89,150,64,255,217,188,87,61,234,129,192,51,85,131,143,152,89,103,147,142,3,20,63,211,180,170,16,139,102,131,220,142,170,94,87,0,105,229,184,122,87,224,139,59,145,118,115,72,251,116,250,69,0,178,71,148,159,188,0,205,178,161,11,0,138,178,233,193,0,87,227,255,53,255,0,0,84,243,0,137,230,20,7,93,101,170,222,255,217,10,24,0,3,35,202,255,0,0,255,143,0,197,87,150,63,255
155,31,156,39,255,60,83,91,119,219,149,87,52,241,190,73,90,131,44,53,0,255,70,192,92,255,255,145,31,12,254,164,227,54,83,119,167,143,52,110,164,100,0,31,60,201,205,164,15,141,124,115,192,181,188,115,41,0,69,255,179,116,84,200,159,32,137,142,134,86,255,57,216,42,0,182,76,211,139,166,0,171,198,143,40,0,180,175,208,217,0,127,199,255,102,255,0,0,49,205,8,106,255,0,24,130,67,125,176,227,255,0,0,0,11,1,255,255,0,0,255,179,0,203,71,101,106,255
154,32,158,44,255,64,82,75,95,218,148,63,26,237,211,71,89,139,50,64,0,206,81,204,90,255,247,140,0,0,224,196,255,18,88,90,202,124,31,37,161,115,0,115,23,191,200,169,96,171,160,128,255,135,185,126,30,0,18,255,138,77,162,208,200,0,161,255,183,1,255,10,243,0,0,217,27,219,147,219,0,255,167,166,53,0,220,189,186,248,0,90,255,255,138,255,0,0,91,170,0,127,255,0,0,53,79,198,179,210,255,0,28,0,67,88,255,255,0,0,255,132,0,172,47,38,195,255
156,27,150,41,255,55,99,95,119,202,148,60,36,249,198,99,114,143,51,83,0,255,90,165,59,255,235,150,0,29,222,124,212,24,112,63,188,138,17,65,162,149,11,75,0,157,255,207,35,132,67,109,255,71,250,125,72,0,50,255,131,46,120,176,174,22,172,137,199,0,255,26,255,0,0,233,13,188,164,221,0,255,157,140,14,0,148,194,185,227,0,138,187,255,106,255,0,0,91,235,49,155,255,0,21,111,74,195,201,198,255,0,44,0,0,10,255,255,0,0,255,147,0,205,157,69,95,255
156,30,172,51,254,48,49,66,129,241,161,68,48,231,220,72,91,139,26,57,0,238,115,255,82,255,255,132,29,0,238,247,255,0,131,46,255,90,67,139,161,105,0,34,102,186,255,147,98,118,255,124,164,230,130,92,11,0,0,255,155,118,91,188,81,0,0,255,195,175,255,59,187,0,0,114,72,255,10,91,92,143,232,251,98,0,209,142,210,255,0,72,167,255,0,255,0,73,4,82,0,0,255,0,187,133,60,180,53,93,222,0,0,142,0,0,184,255,0,0,255,68,0,148,45,179,168,255
159,33,163,78,244,46,25,55,99,215,156,35,27,195,185,20,81,101,49,117,0,163,83,196,109,242,255,128,94,2,166,183,255,0,115,114,255,82,97,7,165,132,3,118,11,196,250,169,39,98,194,140,255,200,121,88,120,0,0,255,109,61,96,240,133,51,29,255,255,8,255,0,255,0,0,164,3,188,31,80,57,210,196,206,64,0,255,168,227,247,0,79,178,255,0,192,0,165,70,152,0,128,255,0,150,112,213,255,107,176,244,0,0,134,62,70,249,235,0,0,255,161,0,45,140,196,117,255
155,28,161,75,245,33,30,77,127,228,153,59,63,212,218,37,87,101,25,101,0,203,60,216,119,255,255,51,77,0,205,204,255,0,159,87,255,156,79,124,140,107,0,27,76,207,248,218,0,137,226,98,106,255,123,68,16,0,0,255,148,107,83,208,59,12,0,231,185,164,255,22,208,27,26,148,125,255,0,20,40,125,217,234,65,0,218,182,255,255,0,115,137,255,0,200,0,120,91,102,0,75,255,0,198,215,158,170,51,160,196,64,0,221,0,33,127,255,0,0,255,176,0,169,3,255,176,255
156,26,157,77,247,37,16,54,108,227,168,41,53,224,224,11,90,96,0,102,0,202,75,255,128,231,255,34,19,0,186,225,255,0,207,47,255,164,72,70,246,72,0,73,61,152,255,197,22,85,237,107,134,226,201,74,42,0,0,255,103,93,67,178,80,0,0,255,255,140,255,0,228,0,3,152,97,244,0,38,69,171,220,255,122,0,255,177,255,255,42,115,97,255,0,162,0,131,74,8,0,31,255,0,159,120,160,255,135,66,196,0,0,255,0,0,144,255,0,0,255,192,0,154,7,255,196,255
153,24,152,66,255,62,23,70,112,226,160,65,40,230,235,32,105,104,8,75,0,182,48,255,114,255,255,79,0,0,172,240,255,0,161,63,255,169,15,12,201,89,0,87,32,163,255,198,56,115,226,129,180,167,203,134,65,0,0,255,114,96,148,227,148,0,78,255,228,82,255,0,217,0,12,180,78,229,59,81,51,220,239,160,79,0,255,117,235,255,0,157,178,255,18,231,0,135,62,85,0,1,255,0,29,166,178,255,89,123,158,0,0,140,33,36,212,255,0,0,255,217,0,208,45,103,228,255
150,22,140,78,254,39,0,59,84,227,187,34,44,230,228,0,98,75,0,55,0,180,55,255,131,205,255,50,0,0,147,255,255,0,210,29,255,128,0,17,252,75,0,140,25,176,255,181,38,107,255,83,152,181,220,160,82,0,0,255,16,11,95,184,86,0,51,255,255,125,255,0,245,0,25,134,125,239,8,135,26,255,249,188,114,0,255,114,255,255,0,120,183,255,0,212,58,119,106,0,0,33,255,0,74,58,197,255,154,49,159,0,0,180,0,21,255,255,0,0,255,255,0,127,128,119,206,255
156,29,160,89,254,26,0,47,95,235,179,6,42,214,243,0,74,74,3,112,0,187,94,255,125,217,255,2,43,0,176,247,255,0,245,69,255,134,94,83,193,73,0,114,104,166,255,233,31,77,242,99,132,255,140,106,36,0,0,255,87,36,121,196,31,0,0,255,255,143,255,0,250,0,0,158,143,222,0,15,138,218,212,247,39,0,255,209,255,255,37,159,134,255,0,115,0,186,61,0,0,0,255,0,113,118,190,231,143,20,224,0,0,255,0,93,188,255,0,0,255,226,0,174,0,255,179,255
174,46,201,128,233,26,4,25,64,179,128,9,82,190,108,5,57,110,24,142,0,141,224,181,107,243,255,129,145,37,198,140,193,0,95,161,255,103,181,0,58,93,72,151,157,129,156,147,59,56,111,149,226,255,0,5,109,0,69,232,171,76,88,116,166,198,100,214,255,58,255,0,255,81,0,234,0,170,0,130,64,110,115,255,141,25,230,212,125,197,35,56,255,255,108,129,0,202,150,114,0,36,255,62,105,131,204,120,226,229,255,108,1,244,123,255,255,118,0,0,255,130,5,0,172,121,22,255
158,34,171,94,251,46,39,53,120,200,173,56,64,218,182,13,78,84,47,98,0,220,124,205,73,235,255,82,116,40,225,182,204,0,113,127,252,157,102,86,127,103,0,58,168,228,255,196,0,105,120,116,147,255,44,28,56,0,108,255,173,60,71,239,106,111,44,175,221,39,255,73,224,128,0,204,135,166,0,119,45,60,144,146,154,0,112,145,255,169,37,106,90,255,0,195,19,26,16,164,15,62,255,23,57,125,220,83,227,194,255,25,47,217,70,255,203,235,0,0,255,178,0,114,0,200,33,255
156,33,164,65,253,55,43,87,133,225,158,64,72,237,215,45,63,109,53,114,0,226,51,175,133,255,255,109,116,0,227,142,196,31,76,130,186,163,97,108,93,71,0,17,112,232,249,182,0,115,176,107,126,241,74,61,49,0,107,187,171,137,85,220,95,145,100,118,122,49,255,71,216,135,0,219,133,255,29,145,18,73,128,114,118,0,132,198,205,225,0,169,88,202,138,181,0,10,86,210,36,72,255,0,104,255,142,75,106,239,192,0,3,94,43,156,255,255,0,0,255,184,0,145,0,254,141,255
158,31,181,95,222,42,0,41,94,215,153,29,74,195,151,16,74,78,0,93,0,163,135,255,123,175,255,18,79,0,166,204,255,0,152,37,255,88,69,53,139,83,0,107,78,195,255,93,141,149,231,151,246,218,38,66,59,0,0,255,127,20,110,181,183,32,41,255,255,46,255,0,234,0,0,146,24,255,0,131,255,97,153,225,255,0,255,172,171,255,74,204,149,255,0,245,55,222,78,55,0,0,255,10,159,156,160,239,164,137,250,46,0,255,57,101,255,236,0,0,255,255,0,0,54,120,180,255
165,32,171,66,245,75,58,72,113,208,119,43,11,211,170,111,138,150,43,123,12,253,136,192,32,255,255,200,37,72,120,64,255,0,153,4,228,189,111,12,136,184,0,82,0,63,255,172,123,123,121,255,255,54,199,119,75,0,0,255,169,22,165,255,172,70,104,217,255,0,255,0,226,0,48,174,0,98,105,91,87,245,181,255,90,0,183,145,224,255,0,141,172,255,0,217,0,255,121,235,0,30,217,7,66,117,174,255,67,168,73,0,0,255,0,0,255,98,0,0,255,219,0,178,211,26,99,255
163,33,172,92,234,50,9,49,87,224,142,30,30,192,159,22,83,125,0,99,0,190,162,239,113,204,255,104,64,27,137,196,255,0,193,80,255,136,63,43,182,110,0,104,40,113,255,125,83,105,170,203,249,161,54,104,82,0,0,255,117,85,107,237,97,0,48,255,255,51,255,0,250,0,0,118,33,145,0,84,191,203,178,255,182,0,255,175,238,255,35,130,230,255,0,214,0,255,129,38,0,0,255,0,144,48,223,255,209,122,161,19,0,255,1,0,192,232,0,0,255,255,0,74,99,118,134,255
158,27,175,100,217,45,0,36,116,216,157,27,85,198,152,61,105,89,10,103,0,190,147,255,123,164,255,19,100,39,192,219,255,0,197,1,255,84,73,109,149,109,0,79,102,246,255,100,144,215,197,121,215,232,77,53,98,0,16,255,161,98,56,202,107,0,0,255,249,117,255,69,255,35,20,134,97,255,0,192,226,98,145,163,255,0,181,104,191,213,95,162,150,255,0,240,35,114,54,38,0,0,255,0,90,213,184,185,109,129,242,31,0,255,96,13,198,255,2,0,255,255,0,0,71,172,33,255
169,37,198,96,233,54,5,25,93,238,138,45,31,186,167,55,145,132,0,82,1,192,216,251,95,253,255,125,146,49,141,204,255,0,162,22,255,112,93,84,124,175,0,61,36,135,255,155,218,119,199,255,254,158,23,30,32,0,0,255,118,75,91,241,64,0,46,255,255,94,255,0,255,0,0,133,30,108,0,60,255,200,142,220,208,0,216,139,178,255,72,83,255,255,0,255,0,236,104,121,0,0,255,31,146,89,166,255,159,63,89,45,0,255,138,56,156,167,0,0,255,171,0,86,71,194,135,255
178,41,195,86,236,64,54,48,96,216,143,48,60,201,169,65,127,172,40,130,54,255,178,154,64,255,209,210,167,91,113,50,201,0,126,65,255,207,106,44,112,173,3,73,55,72,240,153,178,119,121,255,242,59,62,66,98,0,26,255,188,87,86,255,115,130,110,159,255,13,255,17,227,40,0,195,89,1,1,133,165,141,123,204,109,0,125,151,127,255,50,110,231,255,0,255,0,186,187,255,50,0,246,50,50,145,116,255,188,124,59,108,0,255,70,81,255,104,0,0,255,131,71,177,15,192,216,255
155,24,172,80,252,52,0,45,97,229,147,29,32,189,213,51,103,107,0,61,0,134,88,255,82,226,255,9,54,0,119,255,255,0,226,0,255,100,0,71,193,142,0,98,35,174,255,142,118,149,255,220,168,224,76,143,16,0,0,255,77,67,208,247,53,0,0,255,255,103,255,0,171,0,20,113,25,255,0,0,218,172,193,201,159,0,245,134,221,255,0,172,232,255,0,255,0,255,76,0,0,0,255,0,148,133,169,255,0,31,131,13,0,255,0,0,165,255,0,0,255,255,0,177,55,126,218,255
156,29,159,69,242,62,60,86,150,204,139,84,76,219,186,71,75,108,70,110,0,206,41,98,122,221,255,192,170,7,174,78,180,67,53,149,158,148,73,72,121,107,0,43,66,255,247,153,0,180,187,126,144,159,8,68,129,0,134,180,123,107,83,236,101,108,78,105,119,0,255,116,255,155,54,197,146,241,44,168,0,146,124,84,162,108,73,105,159,89,63,179,86,255,84,183,0,0,116,255,101,123,199,48,124,255,134,97,68,255,146,31,0,83,209,125,255,168,0,32,246,143,0,135,28,227,161,255
158,30,159,76,247,68,51,87,121,209,129,78,60,239,191,41,58,95,64,138,0,159,43,124,128,202,255,197,124,37,153,71,200,85,47,162,205,176,69,12,97,89,50,131,67,226,229,164,0,97,181,113,190,172,61,93,149,0,168,112,96,37,120,255,157,187,169,105,172,0,255,48,255,112,21,133,165,236,21,187,14,195,164,147,143,106,146,117,161,169,78,231,74,255,54,162,10,41,105,255,136,140,219,69,133,255,166,174,126,255,102,77,0,146,203,202,255,169,0,0,255,157,0,156,141,127,129,255
158,33,161,64,251,59,57,79,128,215,156,66,62,241,201,36,58,99,51,120,0,220,74,166,138,232,255,158,126,0,193,132,189,41,73,142,179,149,90,26,141,50,8,61,92,244,230,152,0,119,157,118,197,183,52,60,120,0,77,146,152,95,97,221,141,121,80,128,116,0,255,27,249,121,0,196,100,234,65,206,3,160,159,172,175,0,174,156,169,122,0,180,79,255,103,206,0,27,78,230,58,75,255,30,91,229,136,106,128,237,151,0,0,102,150,125,255,255,0,0,255,153,0,120,0,179,214,255
151,26,150,63,253,72,90,90,148,209,149,99,75,255,225,62,46,122,70,120,0,203,41,159,168,227,255,154,94,0,205,173,158,73,67,138,132,213,21,20,145,55,0,85,168,240,227,168,0,182,151,23,197,149,77,66,130,0,107,170,137,40,140,180,243,31,116,150,89,0,255,63,249,193,55,114,163,255,127,255,0,195,188,168,190,7,201,196,140,42,11,195,3,255,215,178,73,0,100,238,255,87,255,52,0,255,141,163,117,255,159,33,0,0,232,143,255,255,0,0,255,106,0,182,0,186,255,255
155,27,157,111,236,50,16,51,123,181,162,25,52,185,176,34,36,61,75,121,0,144,107,168,76,110,255,94,113,64,132,181,255,8,66,87,255,86,80,47,100,151,0,74,129,237,214,139,29,171,200,52,196,255,52,122,191,0,95,255,71,0,117,248,133,67,0,224,255,86,255,0,255,119,105,102,126,255,2,228,44,184,180,195,154,5,213,137,231,135,96,81,75,255,0,150,12,180,118,173,69,103,255,93,156,141,255,161,144,176,255,50,0,175,222,208,255,172,0,63,255,255,0,0,197,232,163,255
148,18,154,104,227,50,0,70,120,213,170,61,58,232,163,4,37,46,0,86,0,113,101,255,101,91,255,59,24,42,122,255,255,0,113,42,255,97,0,60,152,154,0,134,146,232,255,158,56,165,255,13,169,238,109,171,100,0,7,255,64,0,73,223,167,0,72,255,255,110,255,22,219,0,87,65,142,255,51,253,0,153,173,116,228,0,255,110,130,101,110,161,105,255,0,241,109,146,132,139,100,43,255,49,181,215,228,240,184,255,165,72,0,116,255,190,255,158,0,1,255,243,0,0,226,122,220,255
150,22,152,92,233,48,17,74,137,201,160,74,73,249,172,20,56,63,29,97,0,168,84,255,119,129,255,100,31,93,167,187,255,44,41,59,255,125,0,94,118,91,0,118,198,222,223,145,0,110,245,0,141,240,84,92,146,0,89,248,53,0,64,227,153,47,82,191,216,63,255,0,255,71,87,106,223,255,18,231,0,177,211,148,245,18,236,134,154,66,143,112,0,255,0,193,64,53,105,216,190,151,255,108,200,248,219,140,144,255,158,94,0,194,255,143,255,198,0,0,255,167,0,0,229,166,205,255
148,18,154,86,226,49,23,71,140,186,154,75,75,228,182,47,64,57,33,84,16,154,59,223,85,139,255,102,81,65,168,180,255,4,25,58,255,124,0,52,147,130,0,107,94,255,255,128,21,164,254,58,140,187,96,85,133,0,52,255,20,0,79,255,183,33,48,196,220,0,255,57,198,24,103,117,189,255,22,225,0,210,183,82,223,38,140,117,178,94,138,174,22,255,0,209,82,66,129,255,89,121,255,40,122,241,173,141,81,228,214,159,0,154,255,107,255,203,0,34,255,196,0,0,213,115,177,255
151,15,152,75,218,58,41,81,154,181,137,98,93,207,166,66,74,77,72,108,22,146,45,153,111,166,255,135,109,83,164,123,238,72,7,92,225,125,29,69,159,145,0,125,76,255,255,110,26,148,232,54,101,139,103,28,121,0,112,255,55,15,45,174,161,132,110,101,203,0,255,122,236,123,128,157,183,255,57,159,0,192,203,48,251,149,148,79,133,94,138,207,47,255,0,255,45,0,95,255,95,149,235,76,128,255,165,106,115,255,197,199,5,108,255,112,251,208,0,106,224,143,0,43,181,54,138,255
153,13,157,67,209,73,66,87,135,186,147,126,109,175,172,70,58,94,150,132,40,162,35,127,101,179,255,162,153,99,139,95,168,118,10,120,205,89,82,33,148,197,72,183,106,241,187,142,67,111,217,17,72,135,93,0,164,86,102,227,182,42,27,218,180,173,189,12,195,0,255,134,209,227,35,155,136,243,128,123,25,128,208,0,178,194,119,138,106,70,140,183,109,243,0,255,40,96,92,255,150,98,255,57,128,255,154,12,92,255,255,226,180,121,245,93,255,255,0,80,55,36,0,65,132,21,155,255
151,3,168,60,202,92,89,97,174,203,116,122,128,165,122,71,131,116,148,147,66,186,67,160,96,177,221,123,152,167,136,89,142,108,66,107,177,74,208,0,119,202,12,155,146,208,215,172,113,152,195,84,0,85,69,0,132,105,81,255,176,137,6,182,125,71,171,115,251,8,189,130,152,251,41,175,64,229,205,182,0,80,219,5,199,114,37,126,93,118,125,254,231,112,0,255,0,70,178,220,84,0,190,110,227,180,86,23,255,186,240,255,255,28,159,0,237,255,0,255,77,19,0,56,17,0,33,255
