175,8,146,96,214,76,77,129,148,174,151,51,120,147,101,35,109,238,196,193,0,208,99,177,69,152,150,185,123,68,193,131,106,82,139,130,139,120,184,136,115,174,31,144,123,163,132,92,123,110,126,93,129,77,86,150,125,106,113,206,130,121,121,97,174,168,81,124,144,135,146,112,127,188,138,154,132,137,93,168,100,193,152,130,91,102,138,202,146,88,63,145,95,112,110,171,88,50,122,210,207,121,120,114,106,182,84,114,170,130,178,136,67,136,72,55,147,184,48,216,101,116,100,83,170,147,69,255
175,8,146,96,214,76,77,129,148,174,151,51,120,147,101,35,109,238,196,193,0,208,99,177,69,152,150,185,123,68,193,131,106,82,139,130,139,120,184,136,115,174,31,144,123,163,132,92,123,110,126,93,129,77,86,150,125,106,113,206,130,121,121,97,174,168,81,124,144,135,146,112,127,188,138,154,132,137,93,168,100,193,152,130,91,102,138,202,146,88,63,145,95,112,110,171,88,50,122,210,207,121,120,114,106,182,84,114,170,130,178,136,67,136,72,55,147,184,48,216,101,116,100,83,170,147,69,255
162,31,122,71,255,69,126,90,98,185,186,13,114,154,35,25,111,70,188,156,88,255,102,49,54,100,170,188,54,188,146,56,89,153,38,174,151,124,51,205,111,175,93,24,78,190,57,108,115,182,188,156,142,13,109,156,83,0,167,139,122,138,121,205,100,161,98,48,119,40,96,167,211,68,121,118,27,50,82,236,75,255,203,133,3,16,98,62,238,171,0,175,255,207,144,133,14,0,158,255,92,49,0,104,0,142,251,255,255,244,255,150,0,90,79,0,167,130,72,255,146,88,203,0,255,153,0,255
161,26,101,100,255,57,87,40,28,198,194,0,102,160,0,0,219,0,228,101,84,187,71,111,0,112,147,194,98,244,190,109,217,104,207,144,255,90,37,115,141,185,111,44,79,44,0,255,205,232,255,135,0,171,195,255,212,0,107,249,254,1,135,118,0,21,0,137,206,144,103,66,255,0,83,82,76,134,0,162,175,255,168,51,0,163,248,95,165,255,0,157,255,204,255,204,0,25,166,65,183,79,97,0,0,0,255,86,255,233,157,222,62,15,146,255,89,255,0,255,197,160,255,0,155,159,210,255
155,33,122,71,255,54,129,86,84,192,212,41,141,191,0,49,171,71,192,93,45,255,141,79,26,71,202,229,0,195,159,51,152,150,79,142,167,73,226,255,132,148,78,118,3,194,100,192,141,207,255,161,3,94,133,237,150,0,205,165,121,119,197,143,63,146,255,93,190,14,88,172,255,0,130,143,44,161,0,255,101,255,218,39,38,110,128,89,173,218,0,172,255,255,255,231,104,0,127,0,143,49,39,0,0,0,255,189,255,177,255,255,0,64,255,163,174,255,99,255,70,124,231,0,255,0,0,255
158,35,114,51,255,69,123,80,55,194,219,4,118,184,3,21,137,77,202,141,61,255,107,45,68,40,161,193,1,111,160,63,114,204,91,152,200,86,159,231,131,157,56,59,29,243,22,197,114,194,255,156,74,167,125,240,206,0,164,171,98,168,173,188,79,139,255,123,155,20,67,235,255,28,38,141,0,50,0,255,37,255,123,60,0,9,130,87,201,229,0,248,255,255,255,235,56,0,152,39,65,18,0,0,0,14,255,244,255,255,255,207,0,0,108,172,148,255,209,255,40,232,214,81,255,0,0,255
163,36,152,78,255,56,146,109,95,185,192,66,120,128,87,68,76,138,139,116,25,210,90,29,69,87,127,138,120,145,137,80,155,117,92,235,104,46,145,255,138,187,38,83,97,217,54,112,94,217,224,139,114,180,82,162,123,54,214,201,182,171,48,140,152,255,221,79,165,0,132,217,245,162,78,94,106,120,151,206,78,222,209,69,47,34,116,198,175,198,0,94,255,233,190,255,0,41,95,197,131,0,0,231,0,188,213,255,232,198,255,244,85,18,255,162,50,146,0,255,113,38,157,96,255,159,0,255
165,37,124,82,255,68,95,68,49,213,190,23,96,160,9,15,179,35,213,134,72,228,89,70,22,77,149,230,70,184,145,75,203,159,88,204,168,111,72,188,97,186,94,14,93,202,0,249,96,204,255,162,23,211,99,255,202,2,177,255,182,106,123,164,19,84,105,92,195,152,136,154,255,0,88,125,49,127,67,182,129,255,163,99,0,73,114,51,195,201,0,73,255,226,182,194,4,0,137,164,61,22,12,140,0,38,236,142,255,255,213,151,92,0,167,255,158,255,43,191,147,103,255,0,255,119,0,255
157,38,126,47,255,71,151,116,96,206,207,39,166,208,47,71,187,134,167,118,93,255,168,94,42,62,208,246,0,158,164,48,73,136,110,115,124,51,204,246,109,138,0,141,0,206,85,180,116,208,255,146,94,65,121,151,237,13,221,64,71,168,176,255,3,246,255,71,100,0,89,255,255,0,131,197,10,153,46,255,0,255,178,23,18,71,101,87,117,223,0,217,255,255,255,255,2,0,190,101,160,0,22,0,8,21,255,233,255,255,240,245,0,0,213,84,139,255,178,255,106,232,145,135,255,0,0,255
159,31,122,63,255,51,147,110,121,195,178,24,156,173,0,50,173,103,167,157,67,255,163,46,45,71,208,205,0,126,113,32,111,86,157,115,149,78,176,179,156,199,40,116,0,197,84,196,75,199,255,173,115,69,147,143,179,83,215,59,151,193,120,202,0,218,255,53,138,0,76,255,255,13,138,185,46,125,77,255,73,255,206,94,0,74,34,0,140,118,0,255,254,255,255,255,38,0,42,94,50,72,25,0,0,116,255,225,255,255,242,255,0,71,255,15,39,154,107,255,251,217,144,111,255,0,0,255
174,8,146,96,214,75,77,129,147,174,151,51,120,147,101,35,109,237,196,193,0,208,99,177,69,152,150,185,123,68,192,131,106,83,140,131,140,120,183,135,116,174,32,144,122,163,132,92,122,110,126,93,129,78,86,151,126,107,112,206,132,122,121,98,173,168,82,122,144,134,145,112,127,188,136,154,131,137,94,167,100,192,152,130,91,102,137,201,146,88,64,144,94,112,110,171,88,50,120,209,207,123,119,113,107,183,85,115,172,131,177,135,68,137,72,57,147,183,47,215,101,116,100,85,171,147,69,255
175,8,146,96,214,76,77,129,148,174,151,51,120,147,101,35,109,238,196,193,0,208,99,177,69,152,150,185,123,68,193,131,106,82,139,130,139,120,184,136,115,174,31,144,123,163,132,92,123,110,126,93,129,77,86,150,125,106,113,206,130,121,121,97,174,168,81,124,144,135,146,112,127,188,138,154,132,137,93,168,100,193,152,130,91,102,138,202,146,88,63,145,95,112,110,171,88,50,122,210,207,121,120,114,106,182,84,114,170,130,178,136,67,136,72,55,147,184,48,216,101,116,100,83,170,147,69,255
175,8,146,96,214,76,77,129,148,174,151,51,120,147,101,35,109,238,196,193,0,208,99,177,69,152,150,185,123,68,193,131,106,82,139,130,139,120,184,136,115,174,31,144,123,163,132,92,123,110,126,93,129,77,86,150,125,106,113,206,130,121,121,97,174,168,81,124,144,135,146,112,127,188,138,154,132,137,93,168,100,193,152,130,91,102,138,202,146,88,63,145,95,112,110,171,88,50,122,210,207,121,120,114,106,182,84,114,170,130,178,136,67,136,72,55,147,184,48,216,101,116,100,83,170,147,69,255
