158,15,184,149,222,83,87,94,140,220,75,30,139,86,91,94,134,108,198,156,59,239,118,81,32,160,101,171,135,106,166,122,89,196,122,146,97,120,93,73,89,153,44,170,183,43,36,98,49,154,184,127,117,118,112,31,162,30,176,238,99,77,70,202,203,145,218,166,136,200,139,176,198,195,134,120,96,255,39,206,133,220,255,160,57,89,142,157,255,54,253,98,164,134,162,217,21,45,117,162,29,12,150,31,50,194,204,80,141,166,140,159,129,27,61,131,115,106,97,209,54,219,75,169,218,66,0,255
158,23,164,148,238,66,138,83,158,199,91,32,190,157,0,31,172,82,221,173,52,255,148,75,65,107,172,196,101,47,119,70,96,127,151,189,88,125,108,42,89,129,43,140,136,51,75,116,105,143,177,71,48,110,26,103,113,38,153,235,122,23,195,202,248,110,246,149,158,221,27,128,236,255,175,111,93,88,0,176,149,252,191,172,119,162,162,233,155,36,87,127,137,219,151,103,46,44,202,183,29,0,204,158,0,137,196,83,178,190,247,255,43,251,85,128,108,142,65,80,135,82,0,23,255,45,66,255
172,24,206,177,213,76,164,64,130,211,95,0,108,166,116,18,149,183,130,188,118,255,80,83,25,174,70,157,89,117,226,87,74,82,168,119,192,48,92,114,155,97,79,152,199,65,106,127,120,116,255,113,114,210,109,48,106,120,216,255,159,91,90,2,255,120,231,123,167,0,255,76,204,104,130,55,199,255,113,195,0,55,57,145,127,0,205,182,255,116,164,73,255,255,255,255,0,161,143,90,255,5,112,0,6,89,82,255,33,255,83,255,150,0,112,122,255,166,0,206,187,208,77,236,255,0,0,255
153,0,161,157,167,55,56,77,144,190,113,0,147,178,78,116,123,118,182,70,71,207,220,90,86,151,103,187,159,109,80,184,132,158,171,102,88,89,113,81,52,144,37,171,156,105,100,31,0,122,158,68,123,111,147,121,246,0,223,233,150,24,25,178,131,140,191,175,213,227,161,152,205,218,54,94,43,230,135,255,155,99,233,176,210,157,162,135,243,115,49,84,204,44,207,244,121,88,82,121,159,68,187,0,39,152,255,71,253,210,255,189,26,29,205,58,252,199,115,255,208,200,0,77,223,48,58,255
153,16,174,132,246,66,137,85,115,227,113,43,163,118,8,48,222,129,162,162,110,255,52,59,60,115,133,169,129,156,198,58,72,132,106,207,54,74,112,85,101,109,0,95,208,56,105,120,61,97,146,112,173,110,42,141,121,0,179,255,92,0,166,126,244,129,137,76,0,205,230,158,255,236,96,16,140,198,94,131,135,146,145,118,78,63,119,241,255,100,255,3,220,157,116,105,44,179,122,211,0,0,138,88,0,103,153,62,197,117,255,252,59,0,255,158,103,22,192,205,156,68,0,0,154,69,0,255
158,8,213,179,231,93,167,104,134,206,72,0,68,105,140,1,146,165,206,204,86,255,129,102,37,121,115,158,66,124,207,105,96,153,88,160,168,41,125,34,78,152,36,158,176,59,106,142,185,163,255,206,55,212,23,77,176,23,255,255,177,53,97,101,255,87,255,73,255,105,255,161,255,121,201,39,136,223,124,235,14,255,182,35,20,36,229,251,255,160,98,164,255,255,59,255,0,90,188,3,123,39,142,38,85,255,45,196,101,246,38,234,161,0,255,84,197,111,0,135,240,255,0,190,255,0,0,255
163,14,211,177,215,81,159,53,139,191,78,17,76,136,96,6,149,177,169,184,105,255,111,105,24,111,76,210,109,42,213,61,56,113,122,171,207,0,201,100,93,34,83,98,160,87,131,170,76,148,255,238,134,255,122,38,162,15,255,255,117,141,86,81,255,75,195,61,233,0,255,137,147,209,226,4,171,255,158,188,69,205,23,56,80,0,255,155,255,255,155,61,255,255,154,255,34,80,190,24,207,0,186,39,10,255,0,255,105,242,173,255,164,0,255,84,255,132,0,143,91,255,91,160,255,0,0,255
162,14,183,144,198,78,83,52,156,191,127,39,147,135,57,57,107,131,210,132,64,228,89,150,48,135,75,175,120,91,138,106,50,190,172,120,171,101,100,77,61,104,123,174,204,50,137,59,0,202,151,97,121,109,93,64,116,85,174,255,121,73,80,173,235,139,186,128,208,154,149,161,168,255,59,127,186,255,92,187,190,135,202,55,168,31,190,192,184,108,157,149,171,169,123,255,0,4,227,165,160,88,175,59,164,82,141,91,255,239,177,189,122,63,50,162,19,187,5,202,0,193,20,0,243,128,0,255
164,18,214,185,221,59,165,77,124,209,76,20,73,131,110,6,135,186,128,170,145,255,89,56,20,153,65,160,91,92,249,108,42,111,134,178,177,40,125,106,133,74,41,171,220,75,124,157,146,116,255,186,117,255,93,62,163,83,218,255,135,66,91,68,255,87,222,130,189,0,255,96,211,166,189,29,234,228,100,198,0,160,46,130,74,0,190,181,255,198,212,56,255,255,238,255,0,151,125,127,245,0,219,0,0,162,0,200,128,235,150,255,190,0,154,255,255,23,48,246,225,255,46,181,255,0,0,255
151,3,207,183,219,93,154,123,124,225,76,0,72,71,155,3,166,174,216,183,60,255,178,51,0,198,90,176,123,123,142,127,95,219,46,147,174,48,147,0,129,87,32,199,206,26,114,123,108,146,255,186,87,203,63,119,186,35,255,255,177,44,22,159,246,9,255,103,212,134,255,94,255,133,172,22,71,255,123,255,0,250,230,161,151,61,236,185,255,170,142,98,124,228,144,255,0,72,30,0,152,0,194,0,0,255,55,88,119,158,0,174,79,0,226,231,255,0,81,158,255,255,76,83,208,0,0,255
146,0,165,164,185,27,70,31,116,226,164,21,157,174,0,30,84,98,208,81,115,255,175,73,23,135,46,235,90,123,186,65,69,119,165,252,122,64,179,26,0,80,134,142,210,63,185,47,7,255,231,102,52,38,71,154,72,0,255,255,0,0,122,255,110,23,164,72,159,126,201,138,255,255,169,0,36,255,0,125,255,252,134,0,205,0,255,186,169,206,206,0,255,94,36,70,179,128,255,15,71,124,171,64,0,254,75,0,255,136,220,220,0,0,255,119,63,0,32,201,255,253,0,0,206,169,0,255
157,14,185,151,206,70,105,61,153,194,104,34,159,138,13,58,121,136,221,153,91,255,104,113,26,145,71,197,74,61,170,37,30,194,209,159,161,81,129,33,64,116,73,162,151,53,126,109,0,202,195,83,101,98,73,34,60,52,183,255,84,0,115,216,255,167,255,172,232,160,91,140,176,255,157,79,152,232,40,132,168,191,181,35,146,30,226,218,187,153,187,134,171,255,127,186,0,0,141,148,180,6,190,120,99,119,144,22,228,242,253,223,91,0,29,128,64,150,100,209,7,213,0,0,255,106,24,255
172,25,199,177,216,53,164,63,138,212,76,0,111,175,102,29,166,168,130,176,125,250,47,67,43,159,65,136,78,73,207,86,77,76,193,125,176,92,63,151,138,159,56,143,193,103,73,97,114,113,231,89,130,164,128,23,130,133,203,255,163,53,119,72,255,79,144,177,161,0,255,154,255,142,86,79,242,164,99,146,65,79,72,217,120,47,245,209,254,76,184,98,255,232,255,246,21,159,104,155,225,0,171,0,0,46,131,181,59,255,163,255,113,14,90,255,255,216,0,187,255,152,0,219,255,18,0,255
160,15,193,157,225,79,127,75,139,205,91,38,139,94,72,46,168,146,173,160,91,255,114,84,16,158,64,170,75,87,166,122,59,211,157,137,146,37,68,87,94,131,40,162,184,79,84,173,41,166,187,111,152,95,115,85,114,33,164,255,110,22,70,188,255,148,201,139,143,150,122,151,180,211,139,91,160,205,88,212,145,158,222,114,90,78,128,181,250,90,170,113,165,221,158,224,21,44,67,170,162,0,184,44,7,181,100,99,129,203,255,242,153,0,74,242,143,112,61,196,113,157,0,49,255,69,0,255
148,0,150,164,163,17,91,19,138,233,180,72,189,218,0,5,22,95,249,86,123,255,157,81,39,172,37,202,67,31,137,17,85,83,73,255,107,111,179,58,0,156,130,92,249,92,77,119,72,238,212,58,0,0,178,169,0,0,255,217,40,0,32,255,150,15,255,59,240,0,144,104,203,255,31,0,0,180,0,94,239,231,187,7,255,23,255,255,179,138,97,0,105,126,0,0,197,84,237,115,121,178,255,71,0,255,23,0,255,225,255,255,0,9,249,238,144,156,0,255,255,193,0,0,237,222,0,255
165,23,166,174,229,56,174,98,180,202,76,12,171,143,96,64,169,72,231,193,41,250,100,55,40,102,145,169,77,17,136,75,110,99,141,94,161,245,65,152,125,223,6,133,111,137,58,215,193,113,235,11,112,140,137,0,45,86,167,174,121,47,226,248,255,64,255,181,241,0,151,255,255,160,158,156,107,0,0,118,195,255,224,255,121,67,149,222,199,34,0,134,193,217,211,122,137,0,170,255,98,0,255,206,0,139,172,17,75,183,222,209,189,205,2,198,132,223,0,35,255,152,0,192,255,69,0,255
157,14,183,153,234,81,165,74,167,218,93,5,129,156,67,35,150,148,215,180,99,255,97,102,79,109,85,199,132,134,185,64,30,155,136,177,107,71,142,52,50,122,38,139,150,5,116,138,132,197,255,161,89,158,93,61,134,51,244,255,90,36,180,179,255,96,234,137,125,138,180,122,174,255,158,67,150,255,8,36,141,244,77,51,40,33,255,197,255,154,164,114,255,252,66,188,0,153,249,177,123,0,84,36,5,123,118,150,255,255,195,255,33,0,255,91,160,58,0,128,247,255,0,173,255,46,0,255
155,20,172,127,240,84,147,89,134,231,92,28,166,149,10,43,198,133,229,194,89,255,103,87,83,99,114,189,92,53,196,64,60,144,132,207,112,110,133,61,63,160,67,122,105,35,106,139,132,109,232,139,70,84,33,153,170,33,223,255,122,31,216,172,148,104,172,130,142,135,171,148,248,255,180,37,92,203,0,86,87,230,147,73,0,131,155,233,255,157,141,147,246,222,37,91,0,54,237,128,149,0,186,64,73,127,165,119,255,238,250,246,86,0,176,124,104,115,56,125,177,211,0,0,255,98,0,255
150,0,165,185,171,23,133,41,148,203,66,11,152,157,54,27,76,85,255,131,80,255,166,0,0,134,75,160,187,0,41,72,98,146,128,224,75,115,125,69,47,140,67,90,118,20,117,139,160,99,187,73,0,21,151,95,135,0,255,255,24,0,151,214,255,0,227,81,132,209,255,206,238,239,13,0,41,227,12,211,28,255,237,27,58,86,255,229,255,112,66,3,190,255,179,31,76,84,151,147,0,131,165,116,0,127,206,0,168,255,255,135,35,75,255,152,255,169,75,255,255,190,0,135,82,255,0,255
160,14,185,134,216,95,182,64,162,230,30,34,137,153,17,31,133,114,252,196,117,255,114,56,0,127,106,129,111,0,85,60,148,189,146,177,20,84,139,128,75,122,0,142,103,1,110,154,206,99,255,164,95,86,106,14,154,43,255,255,119,59,218,168,255,75,151,170,73,122,90,180,158,255,169,21,64,210,0,192,0,255,207,62,0,129,255,232,255,69,143,135,163,255,83,178,0,105,245,35,111,0,213,168,91,202,119,179,149,242,227,217,116,58,207,83,225,255,31,0,178,214,0,62,255,126,44,255
162,15,188,140,205,70,151,73,164,181,34,0,108,150,52,56,140,139,202,158,97,204,113,99,43,143,132,120,56,62,96,94,128,152,183,178,112,92,38,100,82,157,0,177,182,19,104,93,106,144,190,117,112,112,102,24,155,95,255,185,170,112,82,98,251,117,250,223,219,209,66,84,195,255,113,94,121,255,58,211,54,167,171,208,110,176,154,255,207,35,127,163,178,231,186,230,6,25,138,107,62,0,159,84,100,208,162,255,227,192,177,174,112,103,166,38,240,203,145,130,110,255,0,141,255,47,162,255
173,7,190,157,150,42,168,34,197,129,11,2,121,206,74,24,104,115,228,141,109,255,145,83,0,109,88,107,192,0,0,80,242,176,162,183,54,110,107,153,209,99,48,188,58,151,51,171,170,67,157,107,0,89,112,79,170,0,255,183,94,114,100,13,255,35,146,126,218,203,147,49,255,131,27,0,127,126,238,152,0,255,255,97,225,165,255,255,190,33,0,107,155,255,196,122,48,0,155,24,80,24,201,194,74,133,255,232,37,200,146,123,0,184,179,57,250,255,104,79,116,139,0,249,232,233,255,255
155,15,174,123,219,70,132,67,155,156,124,82,192,145,0,0,133,114,255,166,87,255,121,126,49,107,102,161,131,37,140,59,77,185,192,195,101,78,219,0,7,156,45,151,115,85,73,195,61,203,195,139,67,70,15,114,116,0,171,255,82,6,160,250,216,137,248,97,246,152,42,121,182,255,146,0,76,113,0,68,85,255,162,21,102,116,187,255,176,140,135,66,143,255,16,60,0,0,255,184,156,0,254,196,66,233,255,37,255,182,255,217,11,28,100,155,0,176,0,7,56,137,0,0,255,167,0,255
157,12,166,148,190,37,102,52,141,156,135,76,173,175,0,4,100,98,219,122,118,232,119,94,32,148,98,145,117,72,126,91,64,153,179,191,113,61,235,51,0,137,105,117,160,110,67,122,3,188,169,121,45,67,51,94,79,16,210,255,98,0,131,209,255,109,255,28,231,192,52,145,152,255,95,3,0,164,0,50,171,224,105,52,187,87,255,238,173,142,170,38,102,243,136,53,62,0,222,205,155,64,165,83,0,226,255,10,255,246,255,166,0,23,162,156,69,81,53,85,165,30,0,0,247,118,52,255
161,13,195,96,205,86,81,76,166,188,102,67,124,118,98,65,95,153,177,147,17,208,120,168,74,127,149,84,125,156,117,122,123,180,95,119,172,123,144,82,38,60,109,255,195,76,125,129,50,234,147,161,161,96,33,37,85,109,78,255,144,192,63,140,233,167,194,190,193,28,176,119,245,255,56,157,91,218,130,203,130,81,162,73,255,23,73,255,124,168,107,255,214,77,119,234,0,0,255,76,51,47,135,54,186,201,42,189,255,69,246,169,247,125,133,52,196,255,0,174,13,252,0,0,71,123,0,255
166,18,208,148,206,54,127,60,134,176,64,57,141,62,38,30,111,154,194,127,91,255,94,63,0,163,4,127,40,0,155,77,1,116,255,156,117,7,6,111,0,132,93,202,241,68,79,152,67,199,167,88,225,142,103,53,0,138,73,218,91,100,45,117,255,211,254,163,164,28,98,87,158,191,107,14,180,255,57,255,87,187,217,117,210,0,242,238,124,154,32,128,107,255,193,255,0,0,185,210,104,60,255,106,50,239,143,74,218,231,154,255,192,72,93,255,101,250,0,157,89,176,28,0,255,82,45,255
161,7,189,133,191,81,119,48,154,162,89,74,167,140,14,18,94,116,238,124,79,243,134,118,12,179,51,138,124,13,109,75,80,182,218,144,113,57,130,32,25,92,127,184,178,58,79,146,3,216,185,118,79,71,65,68,69,57,170,223,57,33,16,215,250,146,243,162,250,163,40,84,149,255,99,0,122,206,17,250,102,143,250,84,166,101,190,227,176,107,49,162,104,242,96,211,0,0,255,99,156,95,237,159,118,221,232,60,255,167,163,204,67,99,65,81,98,255,30,52,15,242,0,0,194,159,56,255
146,0,156,82,213,83,102,92,178,211,122,61,173,244,57,9,149,115,178,159,108,145,84,161,112,176,127,87,122,183,120,147,110,134,53,137,100,115,222,53,87,155,0,53,169,141,164,186,51,217,154,0,121,51,108,120,108,59,140,255,104,26,0,171,161,47,149,198,177,27,233,59,98,255,151,97,83,217,183,234,0,49,237,180,172,69,122,156,155,0,118,240,154,187,82,172,19,0,111,221,125,0,82,119,183,145,255,120,255,61,255,255,123,87,128,0,255,174,0,251,179,27,29,0,0,0,0,255
154,5,180,134,182,58,106,69,142,208,72,23,137,138,52,43,145,135,203,125,97,219,139,52,34,188,76,128,95,106,109,116,92,177,157,168,113,53,99,55,81,124,50,179,163,72,105,84,17,166,170,101,129,75,55,43,166,91,238,255,83,57,52,215,201,123,193,168,255,134,163,87,216,255,138,80,94,227,92,247,84,171,201,149,158,106,165,247,222,85,145,160,140,215,142,220,0,21,100,83,123,17,105,24,77,171,250,78,170,147,176,167,169,79,59,0,187,142,44,216,80,175,0,0,165,113,28,255
160,10,191,165,189,57,127,64,125,226,98,33,132,128,73,24,125,118,187,150,93,245,106,89,0,228,39,111,103,49,135,126,81,168,169,141,177,99,93,70,133,136,47,189,184,97,98,104,16,85,250,150,110,153,57,99,98,165,255,255,122,36,52,109,238,111,211,173,206,100,175,107,213,247,125,38,87,255,76,216,101,131,158,112,163,124,179,174,255,184,169,76,255,255,226,218,0,59,114,32,167,22,155,69,46,166,231,82,119,204,106,199,120,0,118,100,143,62,53,125,148,179,28,28,218,79,62,255
156,20,177,131,209,54,111,70,127,167,135,58,198,177,0,0,163,102,189,136,131,255,110,119,74,128,97,158,118,102,186,73,72,139,177,234,95,67,179,0,39,127,101,149,112,102,94,89,9,152,121,121,99,33,23,133,82,0,171,255,114,0,124,160,255,171,173,59,162,210,67,67,199,255,77,0,97,190,15,154,148,225,134,30,167,33,255,255,217,201,182,41,209,245,51,67,46,44,255,231,143,0,177,111,0,242,255,84,255,239,255,255,0,0,148,253,49,120,91,72,113,112,0,0,255,198,69,255
158,8,178,146,187,42,105,58,124,164,109,22,153,163,0,36,132,120,173,121,118,254,120,93,53,151,128,110,116,98,123,115,110,129,183,174,107,39,146,66,40,87,63,171,147,36,52,53,12,113,163,117,109,87,42,46,76,57,255,255,85,29,67,96,240,150,234,86,162,202,131,135,177,255,94,37,113,247,67,164,112,174,71,78,214,58,205,255,232,169,153,13,214,180,208,168,15,86,253,175,45,58,94,50,23,191,255,150,197,191,211,255,33,0,199,98,152,48,225,88,163,194,0,0,126,158,0,255
155,19,170,125,235,75,141,86,150,217,98,36,181,160,0,63,185,133,231,210,109,243,76,119,91,97,129,191,75,83,198,41,30,171,169,209,134,133,159,57,20,148,16,127,104,12,96,126,66,187,149,135,122,64,51,104,124,66,162,255,83,12,209,229,172,138,201,206,142,123,94,126,217,255,116,66,74,198,0,31,97,206,155,64,32,144,219,255,200,183,206,110,247,224,98,88,0,25,224,173,84,0,211,123,22,50,209,55,255,255,255,255,63,10,87,49,165,142,50,117,94,132,0,0,255,0,0,255
174,19,222,163,201,54,202,55,127,214,34,0,91,159,130,17,147,204,140,168,159,255,54,69,0,195,24,86,32,26,165,25,105,78,229,178,177,38,18,191,109,181,25,163,140,129,81,122,179,65,255,52,142,182,132,0,35,169,255,255,135,73,60,32,255,49,234,206,209,0,255,86,255,126,173,48,194,250,103,191,0,186,85,145,123,3,255,230,241,165,71,152,255,255,191,255,0,142,255,42,226,0,235,49,9,236,126,255,21,224,8,255,149,0,255,57,255,255,0,107,255,255,18,225,255,108,14,255
160,15,175,169,189,32,143,32,145,188,118,63,182,191,8,0,94,96,225,156,95,255,137,73,35,143,103,174,140,31,125,87,120,106,103,179,99,118,155,60,63,83,104,171,122,111,119,116,59,163,190,148,30,73,120,132,62,40,230,251,100,17,131,161,255,73,165,120,217,78,101,153,162,255,27,0,78,88,0,165,128,104,168,90,249,112,205,255,167,65,30,22,166,246,209,81,13,8,232,173,164,0,255,61,0,30,155,33,154,191,255,255,0,152,89,238,174,181,97,66,219,79,0,0,255,187,21,255
158,13,193,122,206,82,172,60,143,169,104,89,150,167,43,0,139,148,234,164,94,245,84,108,30,174,61,125,118,69,158,48,89,155,159,141,137,117,145,45,75,156,48,174,158,107,117,213,65,190,247,168,139,106,60,58,92,67,190,229,103,20,0,204,243,176,235,197,255,63,82,32,176,255,99,0,162,187,40,120,57,164,184,131,126,125,163,255,238,125,99,81,196,255,36,125,0,0,175,146,254,0,255,154,18,208,243,99,255,124,151,179,83,0,34,191,55,189,9,30,122,194,0,0,198,125,95,255
156,18,195,146,231,89,151,93,140,209,106,81,111,134,83,18,126,157,203,150,74,250,127,85,0,182,48,131,105,149,180,138,97,216,46,135,114,67,163,66,153,164,94,140,177,138,116,187,74,156,243,201,80,147,81,143,94,124,173,255,161,0,12,246,255,120,218,198,199,140,128,114,86,255,148,0,117,134,49,180,103,75,220,168,68,122,0,174,193,125,186,123,144,255,113,207,0,0,0,100,188,0,177,126,22,236,140,78,197,159,255,255,216,0,169,213,154,125,14,212,170,227,0,21,255,0,122,255
153,23,166,111,255,93,159,116,161,207,120,47,202,182,0,48,243,115,186,217,88,250,19,154,125,97,135,126,100,124,214,23,90,152,143,142,111,159,156,55,145,214,22,123,85,101,96,131,73,137,97,98,133,99,88,197,111,0,95,255,195,0,138,175,255,192,174,230,57,152,81,127,227,255,106,56,158,120,17,95,98,173,208,143,0,216,92,255,255,96,202,172,215,255,30,117,16,59,78,211,77,0,176,116,39,113,178,120,255,180,255,255,71,0,171,218,83,255,145,255,104,84,0,0,255,0,255,255
169,22,184,162,208,64,130,62,157,202,67,0,134,140,65,57,140,120,181,158,91,206,105,57,36,164,104,155,107,38,125,94,129,75,232,153,141,92,84,32,89,126,49,174,172,78,98,110,95,159,220,125,58,142,120,68,146,80,201,205,149,57,77,136,158,162,199,178,186,165,85,164,250,203,114,70,101,127,49,165,51,127,169,132,87,134,165,219,192,1,134,116,239,216,223,255,0,30,118,105,133,0,183,0,28,111,134,133,29,173,177,151,129,142,0,122,173,255,4,135,39,190,25,131,255,53,0,255
159,22,180,113,222,42,136,81,173,196,67,46,194,167,0,17,163,169,206,212,82,196,76,20,46,132,153,167,122,0,114,0,57,135,171,164,31,131,75,98,0,117,5,102,174,107,50,165,0,255,248,207,73,90,39,129,99,140,44,233,0,112,87,196,237,222,116,146,195,170,165,0,255,255,98,0,166,0,0,220,54,255,186,196,255,162,129,255,45,62,0,177,95,255,22,148,56,0,255,30,152,65,188,149,90,255,255,57,198,229,92,125,83,0,150,115,88,148,0,50,204,206,0,0,255,255,101,255
168,20,215,172,210,58,168,74,122,205,70,0,84,150,106,12,154,178,174,174,144,253,54,65,21,214,51,149,52,82,196,98,51,111,187,195,154,95,98,88,106,161,22,165,193,93,115,69,144,114,255,144,128,171,47,58,142,143,255,255,208,67,46,46,255,136,234,146,208,57,250,117,255,143,164,34,130,200,98,193,21,154,69,149,73,74,250,255,253,159,192,91,255,255,244,224,0,55,151,94,201,0,195,0,9,238,120,195,36,245,102,255,120,0,200,122,255,153,0,163,218,183,0,99,255,23,0,255
167,19,206,156,197,65,149,54,161,206,40,4,109,157,83,45,107,153,185,151,99,215,135,90,5,200,65,148,60,6,101,93,123,113,177,133,126,63,83,122,115,128,53,207,171,109,100,79,64,194,207,151,84,131,118,62,63,97,192,234,158,35,34,106,255,105,201,255,231,75,108,123,208,249,89,2,89,177,63,250,114,116,172,223,233,130,190,195,197,78,125,118,189,254,211,255,82,38,89,19,136,0,203,20,63,248,121,168,56,159,153,255,135,20,48,144,252,195,0,80,26,248,82,146,255,77,77,255
167,20,196,165,206,51,148,77,150,189,33,0,128,151,74,49,130,145,171,153,138,216,98,41,9,201,74,119,45,29,145,104,113,107,202,152,144,106,53,118,142,168,80,219,149,70,78,42,101,66,184,90,33,99,88,63,105,85,255,202,174,14,56,55,245,107,243,198,175,129,158,147,255,183,153,25,90,152,51,234,49,107,183,245,125,140,134,238,255,12,155,111,209,255,235,230,17,32,67,96,158,0,180,0,2,199,161,180,0,191,220,255,182,61,0,179,255,227,133,255,101,255,70,161,255,77,0,255
169,27,184,197,224,40,105,83,142,191,55,20,98,139,48,78,145,163,182,136,80,247,34,43,42,190,156,194,38,143,240,116,67,179,166,160,127,117,49,147,57,189,60,180,186,127,155,45,110,126,187,127,94,112,134,12,125,179,162,215,175,48,93,121,255,179,149,146,239,76,137,226,255,171,71,45,184,113,163,230,152,85,27,206,95,81,255,255,255,125,255,91,255,143,255,71,61,118,70,88,246,57,167,4,0,48,0,111,67,255,255,255,195,147,27,255,255,20,138,233,133,136,0,140,255,98,99,255
157,7,177,140,191,59,132,42,140,162,105,41,149,177,0,33,113,118,193,127,125,255,115,126,5,130,81,151,143,29,102,71,72,154,175,214,80,55,179,49,31,91,30,135,163,43,100,99,29,117,244,134,99,130,67,83,115,0,255,255,64,11,108,154,233,132,195,120,158,153,141,122,162,255,107,0,70,255,0,128,96,199,89,5,122,80,255,165,193,142,124,18,215,245,168,163,61,104,255,125,146,41,188,208,89,255,184,136,255,240,181,220,0,0,255,66,189,59,172,40,227,254,0,0,161,93,0,255
155,13,185,137,225,72,152,75,141,204,87,53,141,131,28,40,150,138,189,185,109,243,99,77,32,141,108,168,120,82,170,64,33,154,124,201,89,43,195,0,56,77,8,112,168,25,90,153,102,151,233,156,108,133,37,112,149,61,198,255,97,17,111,174,255,110,242,133,162,156,151,118,194,255,105,44,83,187,28,129,36,217,128,148,83,175,114,214,255,106,192,149,186,255,133,161,0,46,152,110,74,0,184,134,31,233,160,69,254,115,185,213,81,0,194,76,91,112,81,124,177,202,0,0,191,0,49,255
151,9,172,135,207,64,114,52,141,208,143,61,187,181,0,20,101,98,242,146,71,255,124,153,46,149,99,172,109,99,158,63,67,184,139,181,111,185,157,32,0,100,75,169,163,32,160,82,40,242,148,109,71,48,78,96,70,21,226,255,50,0,90,247,156,157,190,97,167,112,80,148,145,255,61,0,70,216,0,87,193,177,162,8,181,80,255,255,145,145,191,39,161,218,0,154,39,0,255,146,99,90,252,109,0,87,210,0,255,255,255,243,0,32,200,131,160,53,76,55,212,75,0,0,227,99,0,255
157,20,174,128,239,81,162,77,151,139,122,64,196,185,0,9,192,103,222,172,90,255,88,140,96,108,147,150,117,71,150,68,68,134,169,173,106,75,142,52,65,188,52,117,82,81,69,127,28,159,159,142,161,127,18,87,121,0,141,255,178,0,90,165,255,173,187,182,175,191,32,157,206,255,68,71,121,162,0,151,127,213,186,150,50,164,148,255,255,62,91,25,179,243,79,68,126,12,234,255,149,0,175,157,0,208,222,103,255,165,226,255,2,99,249,255,84,92,158,36,80,135,0,0,255,25,75,255
175,25,216,171,200,64,161,40,124,208,99,28,107,202,52,0,146,162,152,169,163,255,37,72,0,204,5,117,126,75,188,55,51,102,197,183,168,40,126,63,111,30,51,101,192,84,90,162,162,126,255,124,130,246,102,37,91,118,233,255,124,112,41,51,255,115,212,150,153,24,190,0,194,153,108,0,202,255,94,188,6,84,0,52,126,0,255,255,197,161,212,26,255,255,255,245,0,63,121,136,255,107,152,97,20,255,211,255,80,219,86,255,120,0,189,64,225,177,0,195,213,156,0,53,231,96,50,255
155,13,184,170,207,54,148,47,135,202,140,69,140,178,17,0,117,132,243,161,115,255,114,65,0,142,70,178,139,61,171,64,77,132,113,209,127,57,211,35,0,77,89,94,94,78,143,182,101,226,255,183,25,185,78,131,74,14,254,255,61,29,190,224,255,31,238,96,255,53,163,140,193,255,129,0,86,134,0,88,107,236,58,0,130,0,255,250,206,218,115,0,240,255,113,93,0,7,255,72,252,74,255,109,0,178,142,77,196,255,170,255,31,0,174,149,82,7,55,54,255,94,0,0,255,224,0,255
159,28,180,115,252,98,146,82,151,138,98,67,194,161,0,32,200,140,208,188,80,255,83,144,104,64,133,195,128,49,212,61,64,156,177,163,117,124,117,21,48,184,7,154,116,78,68,161,103,161,126,174,170,111,0,125,178,0,139,255,167,0,140,218,202,236,181,170,145,204,22,119,177,255,98,35,156,104,0,86,140,210,178,173,0,188,105,255,240,120,102,86,190,255,37,108,43,0,205,253,171,0,206,219,30,224,230,130,255,205,255,255,72,37,86,255,11,201,74,91,19,166,0,0,255,0,113,255
159,14,168,132,222,83,94,56,157,105,151,89,200,128,0,39,108,92,226,152,80,248,80,179,89,136,133,111,159,60,149,92,25,188,201,118,143,100,108,28,0,175,44,150,172,60,77,147,6,255,107,117,117,66,15,60,128,0,154,202,131,26,136,255,249,154,190,63,255,200,41,154,131,255,22,76,46,136,0,81,211,191,162,22,118,167,136,244,232,133,126,54,138,244,54,102,100,0,255,255,255,57,142,93,40,230,255,98,255,220,255,183,0,89,124,185,37,108,97,87,85,160,0,0,237,80,0,255
163,11,190,164,190,65,124,32,134,155,143,91,150,178,37,0,101,115,217,140,114,255,99,111,0,181,63,166,161,69,134,94,53,144,162,153,169,25,197,39,27,85,52,102,148,97,112,152,11,199,244,131,87,175,54,99,56,19,255,255,70,96,49,152,255,121,210,125,255,101,87,78,139,238,46,0,124,255,78,183,116,138,114,29,193,48,229,236,244,189,97,36,210,255,198,109,0,55,205,177,210,113,200,104,16,134,255,161,219,239,172,234,0,0,170,123,26,103,170,137,104,92,60,13,166,168,105,255
154,19,165,148,181,9,72,27,102,201,133,62,184,184,0,54,130,100,210,101,122,255,86,92,55,199,68,175,174,110,158,76,19,115,203,233,112,68,209,0,0,111,67,167,148,109,118,114,44,242,119,98,0,71,55,121,128,46,163,255,112,31,116,246,237,86,154,130,241,163,48,101,221,251,108,102,42,211,0,113,247,182,101,32,173,159,232,255,201,147,146,33,145,187,149,21,48,0,251,255,43,52,144,0,0,99,255,0,185,195,255,233,0,73,106,96,73,93,9,218,126,147,0,0,217,212,15,255
161,13,194,146,191,56,151,51,149,173,102,44,135,211,26,4,146,132,220,149,124,255,69,108,0,160,66,127,82,42,117,54,111,144,176,184,125,122,133,72,109,135,49,134,128,113,122,113,42,165,242,100,112,108,68,51,92,85,255,244,153,38,54,148,255,190,245,148,235,147,98,62,215,255,139,8,145,151,32,140,67,201,147,78,196,110,229,255,186,88,82,89,187,255,132,143,0,0,186,127,178,0,199,158,31,154,255,166,126,172,113,112,35,62,25,70,144,255,139,52,158,155,0,0,241,171,146,255
162,17,198,136,206,50,162,58,164,176,70,53,153,183,2,0,125,137,229,129,129,255,116,82,0,134,8,110,57,0,95,35,101,104,231,181,79,64,119,103,19,111,92,144,156,77,50,176,46,214,193,87,126,108,105,86,10,62,216,242,60,14,36,217,255,218,255,194,198,66,34,63,179,255,121,0,145,100,0,155,61,212,206,114,206,46,228,255,120,88,21,77,113,255,102,172,0,0,198,146,101,0,255,179,55,255,255,109,199,157,184,185,104,37,14,211,103,255,0,22,87,245,0,0,255,198,215,255
163,24,192,106,217,54,131,83,210,153,61,88,180,174,0,43,110,154,206,158,60,203,113,116,29,141,93,148,126,37,86,29,114,106,167,137,114,148,146,114,22,187,21,208,187,91,48,172,49,255,200,114,176,109,109,27,91,52,23,207,106,15,9,224,255,255,198,182,230,131,67,77,196,223,98,0,128,40,107,153,136,246,214,245,155,135,159,255,48,0,40,171,138,255,65,191,108,0,255,172,149,0,231,104,14,224,255,36,170,115,249,40,46,24,0,255,124,255,0,64,62,153,0,23,255,175,203,255
155,17,179,132,212,39,141,75,107,224,125,67,165,157,28,0,174,113,130,160,120,255,90,95,30,158,89,114,76,181,161,78,42,103,145,192,170,90,130,45,110,108,19,195,179,76,91,174,53,110,177,97,172,66,49,103,51,77,131,255,95,0,80,88,255,137,190,196,125,97,120,35,245,255,66,43,131,244,41,204,106,149,110,147,183,142,98,255,255,152,254,83,209,255,123,73,33,77,91,180,128,0,109,36,0,156,187,85,255,133,234,255,147,0,228,191,166,86,14,204,232,36,0,0,138,145,126,255
175,18,241,145,194,36,148,63,113,203,18,28,128,67,41,22,76,197,168,70,132,255,104,0,0,223,0,89,0,0,171,55,0,0,255,148,141,0,0,167,0,71,62,248,207,107,48,37,129,131,162,0,255,134,63,27,0,243,59,199,0,44,15,130,255,231,255,170,109,0,200,12,241,121,128,0,255,255,0,255,0,233,145,167,255,0,255,255,13,225,11,255,193,202,230,255,0,0,202,167,158,207,255,54,137,255,172,170,223,125,0,255,241,63,135,255,149,255,0,165,52,255,120,0,255,146,218,255
162,16,204,126,212,93,106,79,174,112,72,64,145,131,25,54,115,160,241,114,59,252,112,137,27,124,58,181,93,90,174,81,80,185,203,159,143,71,106,62,28,159,100,226,176,114,109,93,7,246,161,75,148,84,64,80,105,0,118,240,100,73,0,199,255,249,255,203,216,124,70,113,172,235,121,0,255,202,85,223,134,166,235,158,157,20,100,255,215,101,59,155,146,184,41,205,0,0,254,142,122,78,211,163,143,229,182,101,255,84,255,218,74,27,105,255,73,255,69,220,0,255,0,0,255,151,19,255
154,6,180,108,202,88,98,80,150,203,95,59,140,156,84,74,125,105,173,150,64,215,98,131,19,213,112,77,111,124,87,95,112,151,158,130,127,117,73,26,87,186,52,170,157,71,159,98,42,138,140,74,166,94,69,61,146,132,216,235,195,80,61,205,245,121,164,91,248,127,142,112,183,255,57,127,22,255,141,255,84,87,209,149,239,91,104,178,255,145,122,222,179,138,83,254,0,32,166,150,177,46,118,93,169,217,248,173,199,110,194,155,202,59,128,8,153,206,0,154,102,240,158,102,141,0,44,255
158,0,177,137,182,80,77,87,149,181,135,53,155,132,111,42,81,122,246,129,44,195,111,138,79,191,95,107,145,181,136,137,72,239,107,114,168,124,169,102,119,100,135,232,140,122,138,88,3,130,116,97,146,109,96,59,125,194,184,255,155,100,0,79,212,105,255,107,182,169,140,109,177,211,103,108,110,255,158,230,129,165,225,90,200,97,130,234,255,130,113,236,148,126,111,175,0,0,177,63,149,147,138,58,133,135,207,142,255,202,229,197,104,60,155,9,231,115,116,255,0,171,114,47,108,181,0,255
155,16,177,128,226,67,148,71,165,205,106,38,184,141,37,17,157,134,236,186,80,255,103,127,85,126,99,162,88,103,147,33,55,201,159,148,118,131,142,34,34,163,98,175,129,27,127,162,58,205,203,135,121,99,69,38,81,69,151,247,96,13,92,184,255,151,244,227,231,134,65,105,166,255,93,13,126,192,77,81,158,195,212,93,110,92,202,231,186,91,154,113,182,255,51,139,0,0,229,158,134,0,255,109,36,75,153,0,255,248,255,251,83,21,161,211,143,144,0,148,135,105,0,0,255,68,0,255
163,16,195,123,200,74,133,59,174,160,73,41,149,162,48,17,103,155,245,144,84,224,102,127,34,134,75,177,76,65,121,51,81,159,200,164,137,115,123,66,24,141,112,211,167,30,123,149,91,255,248,86,126,76,88,38,67,34,177,169,88,65,19,145,255,218,255,208,255,112,46,87,161,255,82,0,183,204,109,134,142,195,178,163,160,87,199,255,161,76,73,177,154,255,66,192,0,0,255,118,141,39,252,113,127,153,216,76,255,197,107,170,61,53,63,192,127,255,20,82,73,238,46,18,250,137,86,255
165,17,188,138,194,70,138,36,164,141,74,61,140,173,21,13,109,124,235,151,108,255,121,105,0,132,91,154,104,0,108,66,116,151,185,183,109,66,162,63,57,105,58,166,143,108,109,181,76,216,210,118,66,131,68,53,120,22,249,202,100,78,68,197,255,107,182,171,255,156,22,114,246,218,130,0,124,100,0,175,61,249,212,107,151,154,200,218,194,43,75,113,67,255,134,100,0,0,221,93,255,16,241,129,91,221,230,163,151,97,177,136,50,116,119,170,114,255,116,37,91,188,29,0,232,222,41,255
154,9,178,87,195,78,74,80,202,173,65,106,118,140,54,79,89,101,178,140,64,223,128,126,43,138,161,110,127,184,105,100,143,168,49,133,164,109,151,0,0,183,12,138,220,92,93,86,17,248,166,92,66,211,30,0,234,63,65,243,153,115,52,255,238,77,98,142,226,118,113,129,221,238,138,144,25,129,177,255,22,152,255,129,246,38,128,194,165,101,196,255,89,180,52,255,0,28,255,255,191,7,78,134,82,200,167,142,126,203,255,177,255,42,237,21,255,255,0,255,111,255,56,40,141,1,22,255
160,13,184,121,210,80,61,104,197,116,80,67,172,123,16,56,96,106,228,160,55,211,145,119,66,125,157,98,160,133,153,114,116,220,99,118,140,118,135,73,0,196,75,153,186,126,42,80,39,254,99,115,109,105,32,40,204,81,108,255,126,120,34,255,255,205,155,117,229,244,68,146,200,183,114,130,134,69,62,255,53,255,255,154,168,135,99,203,162,49,119,180,61,148,100,251,15,0,255,255,140,0,119,118,100,166,255,149,255,67,255,227,135,57,84,234,138,255,32,199,31,233,0,14,255,139,0,255
158,20,181,125,220,60,146,73,167,164,65,56,189,159,0,21,156,114,240,162,87,243,110,98,46,118,92,141,68,0,105,15,73,125,239,185,104,75,107,58,19,189,64,155,118,64,74,162,60,213,152,78,138,101,55,70,90,22,166,255,121,0,78,165,255,191,235,173,211,142,24,103,215,255,113,0,107,95,48,173,75,255,228,187,131,120,214,255,192,40,55,135,138,255,41,140,43,0,206,195,32,0,237,204,0,236,255,18,229,169,226,183,53,110,84,254,124,242,0,44,63,152,0,0,255,125,146,255
158,11,180,102,186,57,114,66,193,168,70,82,158,156,40,29,91,93,200,147,70,199,165,113,19,145,141,115,130,63,38,60,135,83,162,145,149,72,152,83,57,170,25,168,213,109,89,180,62,255,202,112,50,46,92,6,130,42,102,218,111,48,25,255,255,115,164,115,255,118,94,75,191,255,19,96,69,95,112,255,82,175,255,144,218,122,75,189,127,28,53,255,101,166,69,219,95,0,229,196,96,0,213,144,82,218,214,0,238,80,255,88,128,68,96,63,221,255,0,48,69,184,0,97,79,188,194,255
154,23,168,128,255,82,149,127,174,199,114,43,222,109,42,35,170,124,234,220,45,255,53,127,129,69,133,115,87,94,163,40,60,206,125,114,75,202,141,96,121,255,63,193,137,89,80,143,125,212,149,94,154,135,36,137,38,0,88,255,155,0,155,244,255,231,255,228,110,130,102,195,205,255,201,43,121,66,38,115,161,255,224,141,34,224,124,188,255,186,93,88,174,255,59,35,0,0,156,201,32,0,99,101,0,215,167,115,255,239,255,255,92,0,255,255,133,255,46,255,167,74,0,0,255,43,217,255
164,12,162,161,162,13,148,34,196,163,40,51,128,180,37,16,114,83,202,163,62,250,182,34,12,146,141,120,172,0,0,111,179,157,115,168,92,48,124,147,130,134,38,153,96,131,67,154,123,123,119,66,11,106,117,102,196,24,232,197,102,122,147,102,255,0,183,145,204,78,148,141,237,200,35,0,70,136,43,144,73,241,255,119,124,123,170,189,171,0,77,144,110,255,218,101,126,0,121,78,123,23,208,141,0,190,250,225,255,207,255,184,0,182,221,82,255,255,0,255,167,30,0,202,222,165,255,255
165,21,180,155,206,65,145,65,179,156,95,61,179,199,3,9,131,96,228,153,76,234,105,80,57,163,103,137,103,40,112,96,112,127,160,130,112,99,101,63,58,138,40,125,147,123,117,117,87,154,199,80,174,106,52,78,92,50,228,227,134,20,72,152,255,189,228,152,210,150,60,154,202,248,1,0,163,135,56,152,165,123,182,199,218,75,147,255,212,19,73,36,188,232,183,142,72,0,139,199,146,0,210,167,0,160,255,64,193,253,149,208,0,150,0,246,114,186,137,0,220,175,0,92,233,104,116,255
168,12,219,149,196,60,208,49,131,164,61,51,68,199,85,0,106,213,150,152,181,255,87,73,0,150,16,107,112,36,135,47,97,93,182,221,107,0,183,158,145,73,28,151,187,66,85,187,120,135,255,165,122,252,97,25,48,142,255,243,126,165,33,75,255,73,255,180,229,0,225,0,170,255,209,0,221,255,154,220,8,217,0,113,208,20,255,232,103,217,126,60,255,255,202,178,0,124,198,39,188,15,216,129,109,255,137,255,246,140,70,255,0,0,255,0,116,129,1,162,255,255,46,170,254,109,153,255
159,13,188,149,208,73,133,59,113,208,110,52,134,123,80,43,129,141,193,169,70,245,101,113,14,167,56,149,86,91,155,97,55,163,140,146,167,79,99,77,115,127,80,155,197,59,109,162,20,162,209,130,131,113,98,80,71,137,213,255,151,57,53,145,255,133,186,175,254,156,123,67,161,255,95,65,126,255,119,222,118,63,177,125,172,138,159,255,219,183,110,95,201,255,164,189,0,52,62,84,181,0,164,33,81,134,131,120,224,174,214,194,127,0,169,77,121,95,78,188,161,142,34,0,217,46,53,255
157,14,195,146,237,75,197,71,108,187,112,55,91,199,92,85,130,255,94,144,150,228,119,83,8,172,78,174,86,168,203,108,44,141,77,212,63,36,105,71,83,126,0,128,213,29,148,189,88,188,255,178,225,233,84,78,167,94,114,207,198,89,119,165,255,248,255,162,220,135,252,119,108,255,195,158,206,243,38,225,23,111,102,197,48,57,94,163,148,3,108,136,215,245,145,149,36,188,172,255,141,7,236,73,0,157,84,215,238,146,158,255,96,42,178,161,246,71,108,132,255,96,0,0,193,0,124,255
155,14,177,192,223,39,111,83,134,230,106,25,107,152,19,22,133,151,181,116,90,248,84,39,32,152,153,164,93,143,181,102,134,144,106,138,66,17,17,109,102,190,38,98,248,137,145,53,16,176,204,121,89,133,52,40,151,125,151,255,141,49,102,146,255,129,108,130,192,126,255,228,212,231,83,95,228,134,45,225,197,82,159,138,207,0,118,213,162,115,175,61,170,114,208,227,0,255,59,162,40,25,70,0,0,0,219,0,78,255,184,255,69,158,149,255,240,52,209,204,245,156,0,128,147,99,23,255
154,16,164,134,209,52,146,58,147,177,121,63,181,175,0,6,141,85,233,157,73,252,134,96,59,118,128,128,123,46,103,50,92,121,165,175,95,98,107,63,34,149,75,128,136,74,76,139,53,182,133,51,61,57,75,51,104,22,158,251,112,0,134,200,255,45,205,140,209,145,61,154,172,255,71,71,71,155,0,132,136,179,190,128,143,107,198,255,199,62,85,55,104,255,77,106,102,6,203,230,116,13,246,133,0,181,245,24,255,224,255,236,0,159,215,205,113,95,70,53,198,81,0,0,245,160,7,255
156,22,196,172,245,67,166,105,116,200,119,30,141,126,47,0,193,128,193,158,46,255,143,59,53,134,155,131,68,97,131,127,106,108,71,116,106,55,75,67,219,180,71,123,150,102,97,69,117,174,254,133,101,201,0,171,159,42,114,255,253,1,104,106,255,163,208,164,201,91,234,164,208,164,35,2,139,66,33,255,88,208,167,215,134,102,77,216,247,81,122,99,191,232,164,147,0,184,0,223,43,0,71,34,0,143,86,0,142,194,255,255,47,188,255,255,236,186,84,255,255,0,0,27,255,0,45,255
160,18,203,146,227,71,179,68,116,185,73,42,127,150,37,13,149,200,166,172,119,248,116,49,10,169,92,158,35,55,167,95,64,110,143,138,85,53,91,53,127,116,21,157,209,58,95,170,92,148,229,166,194,147,56,120,91,119,122,237,183,0,65,118,255,192,233,193,155,86,170,95,168,224,102,7,152,144,14,255,108,138,136,238,110,138,113,255,210,77,136,136,159,255,159,171,0,33,30,185,148,0,225,29,0,255,68,81,213,170,253,255,147,23,145,255,205,111,29,154,255,139,0,13,214,0,55,255
155,13,177,132,236,75,94,112,150,196,87,58,122,77,114,69,103,149,164,157,14,241,87,108,49,135,132,48,121,116,106,115,97,220,118,92,107,136,98,99,118,198,66,194,187,66,108,184,64,169,165,97,65,90,76,49,131,132,108,194,163,103,51,209,245,172,241,134,89,115,189,96,160,253,198,149,42,187,122,165,98,229,248,124,110,57,97,220,167,132,140,159,154,179,104,212,0,0,120,142,40,0,122,0,41,190,166,81,255,56,255,125,198,61,89,186,135,171,0,255,88,238,0,77,134,59,26,255
162,19,178,169,213,55,148,55,144,209,123,39,136,178,70,0,160,133,144,153,111,255,60,99,30,169,86,128,102,167,210,63,39,115,154,144,187,75,73,78,89,125,78,123,186,123,111,200,96,153,255,112,58,107,126,50,113,96,172,251,107,12,106,149,255,63,218,95,187,98,188,113,198,241,94,78,188,190,77,66,179,115,52,161,129,77,198,198,246,35,191,130,240,255,147,148,111,89,83,184,212,0,79,77,0,114,219,157,105,243,209,255,89,10,136,134,244,154,0,156,255,129,0,133,255,95,59,255
154,1,170,164,165,58,126,41,153,246,114,77,135,160,17,0,74,103,207,129,115,255,120,32,0,127,57,136,144,55,155,40,151,141,30,176,101,57,125,44,164,156,105,77,247,63,132,144,92,168,255,148,0,95,128,45,21,0,255,198,14,0,8,234,255,0,76,122,185,113,172,24,167,255,21,0,5,219,72,138,65,211,255,62,154,0,196,255,187,115,145,195,48,255,0,118,153,143,23,25,186,72,192,30,0,75,122,0,255,179,155,175,29,52,184,124,174,146,125,143,255,255,0,0,147,107,66,255
150,0,175,187,195,28,105,39,101,218,165,12,127,114,0,0,88,147,163,134,131,255,140,44,0,139,70,171,134,124,173,78,33,108,171,202,121,30,143,8,34,105,90,156,255,36,162,107,48,208,255,148,51,165,76,173,110,50,195,255,24,17,116,176,219,0,194,64,120,1,255,115,229,255,119,0,88,255,47,38,207,255,37,0,186,0,255,60,162,218,140,0,255,253,158,124,61,255,241,2,70,91,140,21,0,255,43,0,255,200,127,255,0,0,255,235,104,0,101,255,255,218,0,0,198,63,0,255
151,7,189,153,210,63,136,73,90,239,139,56,132,121,55,0,145,157,162,144,94,255,117,72,0,173,79,115,112,119,160,96,79,145,90,119,144,57,138,50,148,108,40,162,222,78,125,158,31,120,255,137,100,102,41,116,107,32,212,255,112,0,108,178,255,84,181,70,150,92,255,136,172,255,122,0,125,255,97,181,172,183,134,113,198,84,159,193,248,180,218,38,232,255,89,166,7,101,47,104,142,27,121,0,7,216,149,19,244,148,147,196,61,0,214,241,34,0,127,217,255,108,4,0,81,63,0,255
158,1,173,155,193,71,122,69,118,241,135,26,124,117,59,68,116,98,210,145,85,242,156,66,40,175,96,165,156,113,113,89,79,118,132,176,77,36,120,21,78,113,114,92,246,62,88,73,55,208,255,131,119,94,134,85,155,39,138,255,147,63,54,147,203,139,122,137,109,142,222,179,201,255,41,0,57,255,108,160,110,173,194,63,130,14,208,125,255,113,201,25,168,194,162,243,40,206,109,101,101,79,143,66,0,255,129,0,255,207,190,179,0,0,248,163,101,0,38,128,255,255,0,61,182,0,0,255
145,2,158,148,205,54,93,73,119,245,113,77,181,117,0,61,93,124,168,182,40,244,136,2,23,126,161,214,120,68,212,33,71,156,0,231,0,51,85,0,77,214,17,0,185,41,90,117,90,242,166,4,115,49,48,46,102,0,144,255,0,26,9,255,198,61,147,96,180,172,147,46,224,255,78,94,34,189,0,189,83,224,229,88,163,157,14,255,255,203,46,106,54,152,0,30,184,200,137,0,120,137,130,31,36,139,53,0,203,41,225,163,118,105,255,156,127,29,157,117,255,255,0,152,47,0,0,255
144,1,180,106,225,105,97,112,92,248,111,37,110,133,140,109,188,166,113,177,13,224,113,74,14,173,136,149,115,119,179,135,144,91,76,143,41,93,138,0,148,181,0,169,140,103,185,128,86,165,217,12,137,135,23,107,186,23,162,255,162,59,47,228,107,109,228,96,255,123,239,155,208,160,149,94,43,225,120,198,17,149,248,182,132,106,91,168,241,102,37,114,235,78,99,222,0,80,217,0,214,46,157,64,156,255,211,138,146,62,0,77,118,0,180,33,22,124,23,205,255,159,24,51,4,0,0,255
166,23,200,151,232,83,152,70,137,202,69,0,112,128,65,28,177,175,173,173,99,255,58,86,87,109,96,196,44,90,223,101,62,136,165,167,155,61,91,124,87,119,68,154,135,79,91,107,105,124,239,158,137,121,133,51,155,40,200,255,137,75,113,121,217,144,168,79,163,88,199,145,198,196,149,91,233,196,131,68,144,168,73,180,44,7,229,255,236,128,165,184,255,219,110,229,2,92,151,123,187,0,157,12,29,205,34,230,107,255,255,255,186,0,229,242,224,193,0,194,130,254,0,93,255,59,0,255
163,16,187,178,196,60,132,53,161,207,102,16,128,177,83,15,122,134,172,152,99,251,125,102,11,170,76,151,93,96,137,98,76,149,146,97,159,94,69,73,58,135,80,160,191,78,132,110,76,197,255,114,25,69,112,47,112,54,208,238,100,0,91,203,255,94,245,167,205,144,122,184,190,255,49,71,136,156,18,224,139,80,122,125,178,100,210,168,219,71,120,84,172,255,216,255,76,101,185,104,172,23,180,40,0,71,171,87,76,255,111,255,109,55,18,193,240,182,20,38,255,177,0,74,255,121,15,255
152,8,192,170,224,70,140,88,101,210,135,26,96,136,106,0,176,126,151,155,102,255,81,111,11,162,81,111,128,168,192,134,45,126,98,176,153,56,132,38,137,116,27,92,228,57,92,156,79,174,255,161,81,146,44,99,172,34,209,255,172,0,75,160,255,92,186,118,197,145,255,106,210,187,111,65,170,233,82,206,108,199,167,82,81,129,159,226,255,99,195,56,229,255,147,198,39,77,90,100,138,22,81,48,79,255,150,21,252,171,36,176,48,0,211,168,123,80,135,222,255,158,0,26,104,0,91,255
153,17,171,139,246,67,151,98,129,193,131,49,159,102,37,14,176,133,205,196,104,255,90,97,50,77,133,123,61,160,191,84,26,162,126,169,92,46,116,78,46,200,95,168,127,81,95,213,127,120,198,135,99,102,33,111,90,106,126,255,130,0,143,165,255,109,251,105,163,214,144,117,248,255,136,52,120,136,60,52,88,199,211,42,57,100,110,255,237,123,108,114,202,255,29,70,0,108,148,121,94,0,201,141,0,118,125,132,255,227,255,255,177,24,255,235,144,65,59,217,255,42,0,0,255,92,0,255
154,6,182,162,207,53,143,93,130,234,136,15,124,155,78,7,152,108,189,146,103,255,94,102,58,138,92,96,152,155,150,87,71,125,116,190,124,92,163,46,94,95,83,143,175,32,6,114,86,174,255,107,37,111,98,84,92,14,255,255,78,24,95,134,227,101,239,78,201,127,255,150,255,255,104,0,175,255,89,64,89,255,160,0,126,0,245,255,255,165,202,90,255,237,65,174,0,123,236,166,28,72,108,25,0,199,220,119,219,201,92,133,0,0,207,47,38,134,73,129,255,166,13,12,200,197,0,255
158,18,179,173,212,63,117,81,148,232,145,24,129,186,54,0,166,80,185,93,73,243,74,112,69,143,106,131,127,170,161,56,118,61,123,119,158,96,43,126,101,95,70,133,213,123,104,91,14,201,228,49,61,90,112,33,73,0,200,234,98,2,124,142,255,64,139,120,167,105,182,167,224,201,37,43,155,136,45,133,160,71,135,155,213,0,176,255,255,117,215,42,220,199,94,188,151,95,24,149,179,74,151,0,0,28,215,0,198,236,195,219,26,84,69,255,206,210,22,96,159,104,0,0,207,111,39,255
157,8,153,156,186,41,68,39,91,192,215,75,90,229,29,69,104,35,148,59,46,243,39,117,97,126,102,171,125,168,167,83,106,78,136,140,226,123,187,128,71,75,98,108,143,114,109,110,12,110,255,131,74,199,127,97,133,120,236,255,173,34,135,167,154,112,181,51,141,67,134,116,229,126,124,0,34,186,0,23,248,57,112,89,237,99,140,255,236,184,174,90,221,130,154,115,199,34,155,103,255,127,109,40,0,35,42,130,255,235,255,232,111,227,255,161,204,70,0,255,77,31,15,0,131,59,86,255
177,16,158,146,215,116,106,29,121,249,183,104,184,119,76,148,89,68,178,221,79,255,72,162,95,195,101,190,133,211,184,62,122,71,172,98,172,52,148,56,183,223,100,65,218,155,74,206,81,202,239,62,58,143,131,142,97,74,107,173,143,227,135,145,255,108,58,144,183,189,68,68,214,255,28,76,31,255,62,86,132,90,210,65,186,140,145,255,254,13,160,91,168,154,216,152,0,164,134,202,178,147,125,131,0,0,96,236,210,231,118,255,20,90,177,0,0,82,37,252,195,109,0,170,125,0,133,255
158,19,166,164,220,61,110,63,135,232,158,86,159,173,23,55,113,93,188,159,57,255,98,85,81,86,149,176,76,178,197,27,79,135,49,129,136,43,116,107,37,109,150,52,158,95,137,121,49,252,225,105,17,83,0,92,29,50,216,207,56,36,171,203,255,74,132,94,176,126,56,113,211,229,42,33,35,188,18,168,211,99,216,92,248,57,106,255,189,167,183,16,169,176,180,131,117,145,75,197,122,116,14,14,0,0,138,53,208,213,252,255,0,85,194,70,58,8,123,221,222,14,0,59,206,31,18,255
160,15,199,172,220,67,132,62,97,201,154,45,96,152,77,23,139,140,157,137,84,255,72,96,9,135,88,147,121,177,164,104,77,138,106,129,126,62,96,56,110,81,90,167,255,48,150,102,79,202,255,179,121,142,37,109,88,105,205,255,207,52,78,77,255,156,142,127,153,120,232,145,181,243,68,0,158,241,119,164,105,59,124,75,151,1,164,217,192,133,201,0,255,222,255,218,11,163,21,109,218,62,61,39,53,163,29,98,156,146,168,228,30,58,218,186,156,0,95,197,255,116,10,0,187,0,0,255
156,17,179,133,237,91,129,86,147,229,122,33,166,167,40,59,170,133,199,203,76,221,49,162,70,165,93,125,101,117,164,88,88,237,131,134,164,153,100,35,110,153,20,149,152,35,114,97,35,123,163,87,155,75,59,96,147,102,206,255,178,35,125,145,229,122,154,221,169,177,100,142,155,255,63,104,120,230,92,134,160,88,200,140,121,157,161,240,255,83,238,65,211,208,136,217,0,50,112,143,153,0,180,92,140,77,240,95,255,248,255,255,88,0,32,181,91,125,149,171,99,147,0,0,217,0,44,255
169,28,207,144,221,73,177,48,150,154,47,49,138,158,56,0,162,137,209,174,76,255,96,54,22,126,96,161,38,0,125,87,113,88,207,151,108,71,107,114,169,154,63,123,117,112,108,159,91,163,222,88,142,138,89,74,126,89,164,217,190,87,58,134,255,182,194,218,207,58,79,101,234,197,93,0,196,91,44,244,37,223,186,255,178,144,156,255,219,1,81,75,136,255,170,130,5,0,94,154,129,0,255,84,0,230,152,130,99,120,231,255,122,174,93,255,141,255,0,98,90,229,0,129,255,95,87,255
152,6,194,195,205,56,149,88,132,233,134,9,86,209,69,0,157,133,217,160,137,255,89,82,0,170,52,132,164,145,169,75,66,169,96,229,143,68,193,22,106,102,118,95,159,50,83,94,113,237,255,206,0,162,102,90,98,10,255,255,147,0,80,209,255,15,215,173,218,81,255,99,233,239,90,0,246,255,50,151,138,255,85,0,92,0,255,210,218,201,204,18,255,255,139,194,50,178,144,56,127,61,39,26,17,240,230,2,168,250,0,233,0,0,233,92,171,0,116,178,255,122,0,0,189,101,0,255
150,0,175,182,177,13,100,48,127,215,117,5,151,176,0,20,88,102,211,109,167,255,128,37,0,168,51,141,146,39,89,83,46,162,189,243,94,71,179,38,6,94,54,136,178,9,95,83,73,106,220,72,4,62,90,123,88,31,255,255,0,0,83,207,234,41,255,69,203,198,255,159,255,248,76,0,63,255,27,119,139,255,117,0,159,28,255,173,224,179,167,0,255,209,151,14,52,162,199,132,0,135,188,96,0,255,255,0,255,243,255,197,0,0,255,125,153,0,157,240,255,229,0,0,130,213,0,255
158,19,174,161,227,51,131,93,115,227,132,31,140,147,46,7,197,122,183,166,118,255,56,77,68,122,120,130,109,186,202,112,47,116,115,179,112,78,137,80,115,146,85,156,143,58,43,110,99,151,238,125,51,72,88,107,134,47,181,255,118,0,196,155,225,65,158,100,122,142,236,124,255,245,80,17,200,192,52,58,127,190,55,70,90,38,166,255,255,134,255,59,255,255,143,83,0,173,146,117,113,13,76,0,0,64,127,77,189,172,190,240,7,0,219,188,61,48,175,237,255,54,0,33,216,146,32,255
157,14,186,129,233,70,154,98,140,210,88,31,130,140,88,25,183,147,179,163,69,205,73,109,63,155,90,122,70,151,181,115,92,162,137,167,145,122,158,56,174,171,75,148,131,73,87,133,42,143,175,137,109,126,112,129,126,114,163,221,159,30,21,132,178,159,198,204,180,91,124,68,168,255,144,45,152,166,191,119,103,153,153,211,73,138,63,255,222,73,224,213,198,152,107,179,20,17,0,139,136,0,110,4,86,148,143,113,255,169,255,193,181,0,170,114,203,118,98,250,124,217,0,127,255,19,23,255
160,24,189,147,221,58,152,61,141,218,85,28,150,169,23,16,148,137,205,169,97,255,95,82,46,131,72,197,67,54,177,38,54,93,185,200,153,94,127,46,40,94,61,161,147,30,117,153,117,177,255,147,111,128,72,109,115,49,202,255,124,33,165,146,255,158,250,150,190,79,113,121,199,255,119,0,117,179,0,106,128,189,78,167,104,84,208,250,214,120,183,75,249,255,150,133,0,0,170,146,156,0,194,108,4,170,165,70,183,230,215,255,103,0,101,203,168,178,0,106,173,175,0,0,255,72,65,255
153,19,189,136,235,70,160,97,142,232,112,56,134,165,65,9,167,161,196,161,95,255,100,116,13,145,57,125,81,164,205,96,56,160,68,197,127,109,134,82,121,170,61,140,123,92,108,179,107,147,251,153,86,100,107,120,132,94,152,255,125,18,82,242,255,159,255,190,175,105,155,99,186,255,100,16,195,158,0,75,34,170,164,120,89,142,60,226,237,92,180,74,227,255,52,108,0,45,35,90,113,0,183,136,22,152,162,147,255,165,207,255,240,0,178,209,126,188,58,175,255,215,0,0,246,116,179,255
153,9,152,162,199,49,88,53,132,218,170,53,194,187,1,40,109,80,231,124,121,247,112,106,47,172,105,143,119,135,162,113,68,163,155,188,86,85,168,51,0,111,87,130,128,81,105,145,25,225,155,58,17,20,98,118,70,46,210,255,39,0,154,254,151,53,156,104,205,178,106,122,249,244,63,63,8,166,0,103,227,182,185,5,205,98,174,255,236,101,133,13,186,213,12,33,55,62,193,126,101,155,135,40,0,82,222,0,253,255,255,255,0,111,146,75,99,109,125,212,255,113,0,0,193,106,0,255
167,21,209,182,206,56,159,56,121,222,110,30,92,167,117,0,187,151,153,186,102,255,51,80,13,194,36,154,122,106,205,108,52,123,147,152,175,119,97,26,160,157,59,132,191,116,114,159,144,186,255,169,73,162,92,75,153,113,222,255,172,62,49,134,255,119,158,147,215,22,217,109,239,224,109,40,202,165,74,190,50,120,51,89,59,27,156,226,222,185,159,90,255,255,252,213,0,47,125,144,239,0,127,0,0,88,141,31,53,230,87,255,131,1,155,235,216,103,0,103,255,69,0,94,255,93,2,255
165,12,220,189,198,41,178,62,121,202,80,0,88,166,71,0,145,189,136,169,175,255,78,72,0,219,4,100,79,14,193,80,51,110,155,170,161,101,56,101,114,102,7,166,243,82,130,87,144,70,255,181,148,223,64,74,85,139,255,255,175,59,35,15,255,117,255,167,107,0,255,99,243,186,170,0,141,231,66,255,0,103,22,71,115,4,255,136,255,227,141,0,255,255,255,249,0,160,166,76,237,0,211,62,11,255,73,255,85,255,79,255,137,0,120,184,255,32,76,140,255,209,0,0,177,76,0,255
168,21,198,176,205,50,124,84,137,205,103,4,102,189,88,9,145,166,149,147,153,214,42,62,52,186,80,165,113,169,239,127,24,146,135,141,140,108,126,85,121,95,59,166,208,47,115,70,93,128,248,162,95,138,25,40,123,156,243,247,148,56,77,68,255,170,245,125,169,146,160,82,222,162,102,91,215,194,101,155,66,61,0,163,87,109,131,255,243,172,255,89,255,255,255,173,3,24,11,111,255,76,75,2,100,101,178,132,118,255,200,255,152,0,62,105,177,0,101,171,187,238,0,160,141,0,79,255
157,1,185,177,157,42,125,42,143,182,103,41,133,190,18,0,78,120,243,128,134,255,117,72,0,195,51,129,170,0,92,79,134,208,138,208,127,76,204,62,45,81,79,159,113,129,165,91,34,72,251,213,24,156,90,104,76,29,255,255,75,5,61,117,255,4,198,114,206,139,174,154,245,247,80,0,36,236,57,208,102,196,139,0,187,34,255,209,255,219,93,3,176,255,181,115,0,58,180,30,193,90,237,152,37,235,135,113,216,255,163,255,16,0,255,150,255,51,179,122,255,231,0,0,110,208,0,255
167,16,183,187,186,12,169,49,150,180,43,41,141,162,106,0,86,148,134,143,141,255,105,22,0,168,46,76,105,45,102,124,107,86,171,181,148,75,41,170,110,234,15,181,158,115,62,182,144,11,223,108,45,146,134,71,70,178,216,213,132,16,178,60,255,11,255,210,221,69,175,102,230,253,112,15,116,112,46,255,0,187,87,134,143,191,255,190,255,18,65,61,243,255,255,109,11,116,188,118,163,15,185,113,0,140,174,255,94,227,198,255,169,120,89,178,255,235,0,164,255,168,0,255,255,181,124,255
156,11,183,135,212,72,103,89,135,212,95,6,105,143,84,77,143,113,158,142,42,246,87,141,31,154,116,62,122,156,129,113,124,128,170,142,95,134,140,40,102,114,0,195,149,36,94,112,91,153,185,72,48,111,128,75,106,76,171,207,137,61,30,121,192,130,232,212,113,113,155,133,192,247,194,92,101,243,128,155,72,234,170,140,96,36,83,255,237,134,232,119,218,186,148,253,31,0,199,60,0,73,94,48,55,249,196,116,237,59,165,172,197,11,123,31,160,170,86,219,117,255,0,44,88,86,0,255
159,10,175,179,188,53,126,70,151,203,69,2,122,136,78,95,109,99,196,117,78,255,152,40,19,189,93,168,186,4,99,116,106,137,187,165,82,99,87,61,96,154,50,171,165,76,135,30,78,97,182,95,19,110,144,27,219,10,224,204,128,23,108,180,190,60,124,162,158,159,222,253,229,245,97,84,81,255,11,246,43,89,243,123,85,143,229,108,255,75,129,45,221,203,252,255,66,222,111,184,117,0,209,0,0,31,45,56,110,255,255,176,32,140,139,228,255,193,203,233,176,255,0,146,182,102,0,255
168,14,195,158,180,91,110,67,133,224,99,71,107,169,38,27,97,101,182,139,94,219,93,105,0,189,54,118,104,76,110,131,116,168,170,153,200,79,124,88,152,61,35,136,184,125,56,100,26,113,244,103,160,199,128,117,100,148,200,255,172,83,34,121,241,154,207,227,166,132,58,130,189,206,93,29,105,255,73,255,139,66,170,104,191,65,163,209,255,217,208,142,160,239,255,255,0,109,52,44,224,160,107,140,129,235,197,202,170,255,74,207,147,5,56,66,168,185,136,140,38,209,72,21,167,92,104,255
151,8,176,158,234,37,161,126,113,198,139,20,103,163,134,44,108,167,130,137,52,192,136,81,53,136,157,91,121,255,119,67,140,142,24,191,80,76,84,198,109,184,12,125,184,95,79,101,89,210,148,15,83,100,34,0,120,109,99,213,178,130,40,122,255,175,255,144,233,126,255,117,232,198,159,197,255,232,18,160,20,203,255,127,114,7,57,255,74,8,93,36,255,190,108,170,174,192,183,122,35,30,158,107,0,103,145,174,255,71,151,103,72,146,160,110,217,163,0,255,255,38,0,84,143,75,106,255
153,11,181,128,230,58,127,130,113,235,117,22,144,130,96,92,167,191,162,162,12,163,132,33,81,203,132,131,99,181,133,104,61,150,35,107,36,88,96,121,90,185,1,159,130,66,62,89,125,193,118,0,128,40,29,116,138,125,168,241,88,123,31,200,195,103,255,48,164,208,215,102,255,150,98,86,105,211,68,160,0,92,159,255,151,159,23,255,207,152,158,141,189,103,144,92,34,93,70,43,4,42,121,14,0,134,176,140,136,156,194,62,142,0,109,149,52,27,74,168,255,9,18,20,7,39,0,255
154,6,184,101,205,104,75,70,143,165,103,77,144,127,72,119,100,112,203,150,29,225,115,124,83,153,130,136,143,116,149,98,139,203,121,157,119,110,102,6,52,108,43,232,173,47,112,98,47,211,147,102,186,126,45,28,179,74,214,255,154,127,85,226,255,152,159,144,255,159,122,152,175,255,80,99,75,232,76,255,87,156,211,151,187,89,85,177,250,129,110,229,193,88,65,216,0,17,255,165,197,65,176,128,163,191,241,161,241,94,204,249,117,61,164,0,140,209,0,251,104,214,101,69,230,173,0,255
