191,43,195,117,255,79,46,103,133,231,185,82,45,141,63,120,208,212,219,134,0,255,255,0,255,255,98,174,140,121,85,255,176,59,0,216,255,247,188,0,47,252,141,81,88,171,48,146,38,113,210,93,58,130,31,0,31,0,255,89,193,191,0,6,60,238,255,218,52,0,216,148,255,255,13,210,43,21,132,13,206,179,86,88,53,255,255,30,156,98,0,121,255,255,94,77,0,145,255,179,63,87,111,255,0,85,255,255,255,162,59,255,57,244,255,45,131,95,0,229,80,111,163,111,0,0,195,255
166,41,174,64,255,63,99,72,110,172,142,14,28,200,125,111,35,113,212,28,11,240,116,55,6,234,155,255,177,111,187,145,190,117,5,224,106,97,162,162,124,240,78,97,215,223,40,101,71,180,83,0,172,201,84,98,172,2,243,255,255,0,101,147,115,151,151,8,176,148,37,113,118,255,7,77,50,37,179,177,110,157,209,117,0,0,181,255,244,18,0,142,255,255,113,255,86,182,107,255,0,137,0,169,0,147,142,168,202,76,255,97,82,0,0,112,236,168,18,62,221,122,5,0,255,157,104,255
167,34,148,73,244,69,99,91,141,205,180,28,92,186,172,64,78,129,145,118,15,255,84,27,98,243,140,212,150,63,124,95,67,25,137,173,127,161,31,20,154,129,32,123,101,185,159,169,51,255,128,162,154,76,60,184,137,129,125,121,245,85,48,159,100,85,73,0,127,12,105,91,255,116,13,124,125,113,198,255,73,215,84,195,91,145,152,170,96,13,0,214,217,169,128,212,0,52,255,231,160,19,0,47,0,179,106,183,255,74,132,92,8,0,31,133,239,184,0,71,255,119,149,112,0,197,229,255
155,24,146,48,255,56,142,103,152,150,121,31,142,202,214,93,0,109,92,67,0,255,50,36,180,255,99,64,49,0,178,210,67,0,177,156,150,157,0,58,193,67,70,170,112,158,0,71,0,255,134,11,85,93,0,182,0,255,76,143,214,7,239,68,255,0,9,151,101,0,61,0,255,184,19,0,200,101,255,255,69,255,210,255,255,21,255,255,0,0,0,255,155,183,255,123,165,1,255,19,255,0,0,0,0,255,101,0,88,41,233,158,0,0,151,69,255,255,0,52,255,19,132,255,0,169,255,255
162,32,161,64,255,54,128,102,144,161,135,19,124,205,192,84,0,123,111,54,0,255,112,21,207,255,40,96,97,0,202,210,60,0,146,187,151,156,0,0,118,4,68,163,100,120,0,10,0,255,62,94,130,100,0,188,0,254,119,125,244,35,236,91,211,0,35,144,220,3,0,0,255,101,0,0,218,41,190,255,43,255,131,255,255,59,245,255,0,37,65,255,233,136,255,203,157,108,255,48,255,0,0,58,0,180,128,6,255,113,210,253,0,0,158,170,255,196,0,73,255,186,165,87,0,149,255,255
163,35,169,63,253,51,123,112,155,181,136,22,126,176,188,95,0,143,129,77,0,255,134,24,187,255,85,82,95,7,239,232,52,72,134,215,178,155,18,3,64,58,65,191,96,111,0,5,0,255,64,131,83,112,0,134,57,232,112,151,249,154,210,149,237,24,54,121,255,19,0,0,255,57,0,63,204,98,215,255,71,215,182,255,255,6,203,255,0,46,51,237,255,173,255,147,134,96,255,36,255,0,53,66,0,175,165,0,255,255,217,177,0,0,255,120,255,161,0,168,255,213,40,149,0,94,255,255
169,39,170,75,247,61,114,97,157,182,150,29,111,174,160,57,28,131,135,98,0,255,129,35,151,255,98,151,146,32,199,205,31,28,104,242,162,146,71,0,99,52,10,173,133,107,52,86,30,255,133,184,109,99,0,159,64,152,114,136,255,128,168,133,237,86,10,82,182,79,59,0,255,129,0,98,171,61,205,255,80,191,115,255,255,118,243,230,0,10,33,227,255,121,212,195,59,78,255,84,255,18,0,166,0,150,90,35,255,192,212,172,0,0,254,178,255,237,0,52,255,114,126,182,0,216,255,255
173,45,193,68,248,64,130,112,148,203,153,61,106,155,165,100,60,183,103,92,0,255,158,102,73,255,139,189,230,84,234,172,71,85,81,233,129,86,112,72,29,162,0,111,112,90,99,162,138,225,116,255,113,110,0,227,50,137,100,249,255,150,111,144,245,97,96,156,255,43,0,0,255,122,0,14,118,109,128,190,139,255,187,255,185,78,255,255,0,102,25,134,255,206,107,193,0,146,249,165,255,1,170,121,0,255,61,183,129,255,122,65,4,5,164,110,221,234,0,38,255,0,0,255,0,99,120,255
167,40,184,68,247,46,113,101,178,188,146,65,140,166,155,86,38,129,136,49,0,255,132,60,126,255,103,187,180,1,182,183,60,43,62,220,129,125,66,0,114,70,0,185,160,128,67,170,27,255,85,168,84,175,0,227,13,242,92,223,255,59,63,33,217,8,0,82,255,6,0,0,255,67,0,101,181,16,139,255,121,255,196,255,255,188,129,255,0,0,25,225,255,190,172,167,0,117,255,127,255,0,0,98,0,255,76,0,169,55,170,85,13,0,255,139,255,27,0,0,255,11,72,122,0,192,255,255
186,48,204,118,237,70,80,38,131,160,150,33,134,136,45,59,169,206,164,114,20,233,165,95,98,146,110,240,142,73,140,155,72,26,45,213,139,113,81,13,124,147,35,78,153,120,142,106,111,223,158,204,112,142,0,72,95,11,206,202,255,121,52,185,169,238,132,102,187,137,97,86,147,172,42,92,137,57,138,156,113,69,29,218,25,132,176,195,29,110,7,76,255,87,200,255,0,0,194,150,220,36,190,126,0,129,168,245,250,124,255,255,112,255,183,220,30,255,0,157,119,35,112,0,23,113,90,255
177,39,200,109,225,72,79,27,151,181,140,70,118,164,76,92,128,161,172,98,0,243,181,76,33,225,50,221,183,14,84,125,120,0,55,231,124,78,104,32,107,103,0,103,180,155,136,183,126,255,80,128,90,129,17,113,6,90,166,106,255,93,74,140,118,155,42,115,164,100,139,66,127,176,17,107,86,63,65,241,133,76,80,205,120,181,140,161,30,6,0,124,222,131,119,255,0,83,237,206,138,1,61,166,74,121,242,223,180,46,227,214,0,166,33,214,33,99,0,53,178,26,153,0,62,229,190,255
186,39,188,114,230,74,57,5,129,155,176,39,132,149,79,47,146,179,135,136,63,217,110,93,52,193,103,200,202,85,107,129,87,0,79,235,160,64,89,50,142,133,0,67,126,193,126,137,83,222,88,117,94,135,75,107,100,89,152,84,255,127,55,144,107,165,114,74,82,103,164,104,111,202,39,145,144,80,97,144,179,98,26,124,82,116,161,125,63,89,9,98,173,144,156,233,0,65,209,142,235,54,75,65,42,250,218,255,255,88,199,255,11,244,86,225,33,208,63,171,179,0,100,0,65,193,135,255
182,48,165,108,255,82,90,24,86,177,163,16,116,162,7,55,134,177,130,179,10,255,107,63,129,150,70,235,192,85,123,57,139,0,121,182,165,166,117,56,181,114,96,72,194,199,145,147,121,223,101,170,116,255,0,241,134,15,165,236,255,48,12,255,132,198,101,65,115,131,179,128,173,255,72,41,99,11,182,255,151,52,0,137,37,171,228,81,164,197,0,82,181,59,182,255,0,0,195,209,255,0,71,67,33,219,125,255,255,0,255,255,43,231,122,136,168,255,34,142,117,39,188,0,0,3,255,255
174,47,179,124,250,75,101,61,134,167,124,51,143,182,44,81,135,173,157,120,0,255,153,71,143,161,127,255,156,28,153,72,100,40,106,207,108,158,128,0,95,34,82,166,232,111,164,76,137,230,171,168,141,221,0,221,112,23,199,173,255,27,82,178,190,209,115,86,189,112,110,52,216,197,0,97,141,0,129,255,177,79,29,255,164,255,184,66,129,53,17,153,226,125,216,255,46,35,255,174,217,0,3,237,32,155,71,197,225,64,255,255,34,255,61,239,242,168,0,89,174,61,188,0,74,25,168,255
160,32,156,100,255,57,128,68,145,161,138,40,130,251,176,34,1,98,120,76,0,226,69,61,248,247,48,177,129,0,165,187,77,0,147,162,115,186,29,0,145,0,59,103,113,125,82,23,84,255,108,95,168,74,0,255,0,97,162,100,255,0,238,0,230,0,61,162,154,0,37,0,221,228,0,0,244,78,93,255,111,215,9,255,255,255,255,255,112,0,255,239,168,89,255,175,56,102,255,126,255,0,0,104,0,255,127,55,242,70,162,255,0,154,164,255,255,131,0,39,255,21,255,0,0,202,255,255
163,38,163,92,255,59,139,68,119,168,156,65,119,236,168,53,0,118,107,99,0,255,89,75,190,223,60,187,131,1,163,126,42,0,146,130,131,166,14,0,149,0,99,117,84,126,59,57,110,255,178,145,222,130,0,208,0,122,176,146,255,0,138,165,255,45,173,161,197,0,6,0,227,247,0,0,188,91,125,255,156,125,23,255,255,183,221,183,37,0,138,255,207,75,255,235,102,120,234,203,255,0,0,96,0,255,128,64,213,111,215,255,0,254,142,255,228,107,0,74,255,80,255,31,0,160,255,255
162,37,166,76,255,53,125,76,155,174,161,52,141,213,203,33,0,87,127,65,0,255,77,47,190,241,123,231,131,0,156,167,29,0,106,129,164,168,13,0,156,0,21,104,102,145,62,52,83,255,140,166,183,102,0,227,10,156,170,188,255,0,123,71,255,25,116,115,204,0,0,0,255,189,0,0,232,70,142,255,134,220,41,255,255,237,194,244,9,0,107,255,220,120,246,180,70,117,255,163,255,0,0,50,0,255,53,0,234,17,155,191,0,133,183,255,255,177,0,26,255,53,240,109,0,181,255,255
178,50,198,114,252,20,88,35,128,133,178,62,134,160,83,90,79,193,113,58,0,255,217,140,121,213,117,255,223,91,177,98,65,0,94,166,141,69,80,0,144,61,34,94,158,131,112,0,132,179,202,199,219,110,0,111,47,79,197,128,255,0,11,94,170,150,114,134,255,0,0,0,70,233,0,106,83,26,72,255,224,92,0,255,140,154,226,188,152,16,63,173,236,220,203,255,0,84,126,166,194,22,34,33,117,115,97,169,163,0,255,174,0,255,0,255,142,141,0,81,195,51,70,7,0,163,103,255
171,44,191,76,255,0,102,85,170,151,170,67,147,150,165,98,53,118,152,0,0,255,153,117,135,212,168,220,189,0,202,178,140,0,48,165,35,72,114,0,188,50,0,56,207,185,77,36,64,255,86,96,172,139,0,239,6,234,187,255,255,0,70,0,115,35,98,89,255,0,0,0,138,123,0,80,144,45,138,255,216,247,54,255,255,145,169,255,33,0,99,255,255,206,171,255,81,79,205,36,255,0,0,0,18,255,38,0,152,24,4,33,73,225,159,255,255,74,0,0,255,72,103,91,0,164,201,255
173,43,191,92,236,0,85,68,146,122,175,69,103,152,157,90,85,105,185,45,0,255,113,149,100,137,255,211,180,26,189,132,156,0,46,75,10,103,125,0,220,136,42,15,255,175,114,12,68,221,146,17,204,118,0,197,92,179,205,247,255,0,48,106,165,143,212,73,255,0,10,0,65,255,19,65,14,78,104,255,201,152,11,251,255,126,225,255,121,0,169,255,255,211,75,255,100,57,147,93,255,135,0,0,110,192,79,52,154,87,126,0,30,255,167,239,255,140,0,9,102,169,78,206,0,155,25,255
161,29,151,62,244,27,127,99,173,180,201,34,118,217,239,46,66,102,163,47,0,255,139,27,72,255,186,211,114,82,138,150,75,12,126,80,203,161,4,0,169,102,47,0,114,198,95,154,0,255,86,88,190,66,19,118,116,124,93,206,201,0,99,0,109,1,103,0,233,0,0,4,228,78,0,3,173,135,159,255,63,255,137,255,122,189,78,255,92,0,27,184,255,255,167,141,0,122,237,199,246,0,47,0,0,234,94,7,255,46,73,47,68,20,56,141,255,68,0,0,255,55,100,56,121,193,255,255
165,33,166,57,252,77,148,75,179,196,152,50,146,240,178,70,45,122,168,61,0,255,109,69,96,255,116,255,136,0,128,126,80,33,89,124,107,182,96,0,182,64,6,202,202,170,133,170,59,255,130,154,75,98,0,255,84,233,123,166,255,0,170,0,207,0,0,57,227,24,0,0,255,208,0,0,176,76,182,255,190,255,142,255,255,255,141,240,0,0,0,255,250,255,202,143,36,95,234,99,255,0,0,0,0,255,55,45,243,0,1,38,0,0,162,152,255,76,0,15,255,0,217,68,0,67,255,255
162,30,162,50,255,52,156,91,169,167,146,50,155,193,230,53,0,89,114,30,0,255,123,30,134,255,121,163,131,0,157,189,49,19,139,136,168,180,0,1,188,64,34,145,135,157,0,132,0,255,90,122,67,108,0,154,14,255,105,137,249,0,191,0,242,0,51,88,210,0,0,0,255,177,0,0,195,98,222,255,97,255,187,255,255,215,158,255,0,0,1,255,255,255,255,156,127,66,255,36,255,0,0,0,0,255,13,0,255,72,10,109,0,0,209,194,255,132,0,0,255,0,233,239,0,104,255,255
159,26,159,41,255,35,163,106,178,158,112,36,140,222,255,90,0,99,69,20,0,255,75,0,188,255,81,133,63,0,171,235,52,0,172,170,161,169,0,0,198,0,0,136,96,199,0,137,0,255,9,43,129,135,0,189,0,255,79,153,251,0,214,0,226,0,0,181,184,0,0,0,255,125,0,0,255,39,248,255,60,255,209,255,255,172,204,255,0,0,0,255,255,254,255,127,146,63,255,26,255,0,0,18,0,255,14,0,198,0,24,164,0,0,229,255,255,92,0,0,255,0,176,207,0,155,255,255
159,23,179,1,255,13,185,139,200,171,124,74,159,235,255,147,0,116,34,0,0,255,108,0,141,255,66,125,34,0,184,255,159,53,136,210,155,212,0,71,132,0,0,0,25,216,0,255,0,255,0,0,96,255,0,169,0,255,156,255,255,0,189,0,63,0,2,135,255,0,0,0,255,74,0,0,255,125,170,255,0,255,235,255,190,140,127,255,0,0,0,255,255,255,255,166,61,255,255,0,255,0,7,0,0,255,11,0,225,0,0,255,122,0,0,255,255,25,0,0,255,57,0,34,0,0,255,255
158,31,170,52,255,29,150,83,158,151,114,71,145,218,237,75,0,93,85,0,0,255,119,8,188,255,92,234,91,0,165,234,53,0,128,169,92,142,0,0,172,0,24,163,109,183,0,48,52,255,8,116,182,196,0,204,0,255,86,187,255,0,186,0,255,0,22,158,240,0,0,0,255,91,0,0,255,0,197,255,58,255,124,255,255,209,133,255,0,0,7,255,255,163,255,255,203,37,255,97,255,0,0,0,0,255,0,0,161,0,83,124,0,0,226,255,255,73,0,0,255,43,194,255,0,50,255,255
157,27,154,62,255,35,142,92,170,154,112,60,143,255,255,47,0,77,40,0,0,255,49,24,255,255,104,164,83,0,168,255,48,0,170,146,133,159,0,0,184,0,11,82,84,166,0,40,25,255,32,55,166,127,0,223,0,190,147,141,255,0,207,0,255,0,102,221,125,0,0,0,255,134,0,0,255,73,189,255,0,255,82,255,255,223,255,255,0,0,75,255,243,106,255,129,124,89,255,68,255,0,0,22,0,255,2,0,162,0,7,255,0,37,247,255,255,161,0,0,255,34,253,188,0,211,255,255
156,28,159,35,255,45,194,113,174,177,81,44,143,255,255,71,0,72,25,0,0,183,39,0,255,255,68,170,56,0,178,255,9,0,188,231,78,145,49,0,182,0,0,198,26,185,0,24,110,255,56,9,89,168,0,255,0,255,117,151,224,0,232,0,255,0,0,255,149,0,0,0,255,128,0,0,255,0,253,255,0,255,255,255,255,204,255,255,0,0,0,255,255,216,255,146,206,8,255,0,255,0,0,94,0,255,0,0,174,0,0,250,0,0,255,255,255,200,0,0,255,0,220,255,0,252,255,255
160,26,159,54,255,40,157,98,198,160,109,60,168,239,255,42,0,66,74,22,0,250,34,7,248,255,118,170,106,0,156,255,28,0,159,156,156,193,0,0,207,0,0,156,122,166,0,73,29,255,82,90,74,111,0,236,0,255,113,121,255,0,233,0,255,0,3,187,182,0,0,0,255,155,0,0,255,0,197,255,53,255,171,255,255,255,211,255,0,0,109,255,255,240,255,115,143,102,255,11,255,0,0,69,0,255,0,0,199,0,0,184,0,0,255,255,255,112,0,0,255,0,255,255,0,255,255,255
173,40,186,76,255,25,144,67,147,153,182,38,143,181,174,59,0,94,88,85,0,253,151,130,180,255,73,137,212,0,212,236,32,12,100,231,25,71,45,0,166,21,11,189,160,184,32,132,112,255,68,222,59,118,0,238,0,216,96,188,255,60,203,67,255,0,0,155,255,0,0,0,255,255,0,0,235,79,172,255,112,255,124,255,255,184,255,219,0,0,104,255,255,162,240,255,166,0,255,0,255,0,0,36,0,255,62,15,197,207,104,112,0,100,255,225,178,255,0,116,255,0,233,255,0,140,227,255
189,54,234,89,216,38,78,12,123,190,193,14,124,147,127,46,128,169,120,109,41,193,160,154,83,211,131,255,172,58,176,191,38,0,0,255,110,37,130,107,185,209,0,32,127,209,211,197,197,235,85,248,65,30,6,63,0,57,199,255,255,192,27,138,192,184,145,164,255,70,10,37,255,217,6,36,186,140,94,218,194,189,52,255,115,165,225,232,83,63,134,134,255,135,80,255,0,41,200,147,209,80,255,0,0,189,201,198,249,255,128,253,191,196,255,255,0,232,0,255,132,0,131,34,0,157,59,255
179,50,186,78,253,67,130,54,95,202,167,13,87,222,154,52,1,141,119,155,0,235,131,74,134,255,50,250,162,9,133,141,61,16,71,252,107,128,140,0,117,36,0,150,75,187,96,137,209,255,118,178,255,109,0,198,60,109,140,161,255,83,84,193,229,94,51,144,184,13,0,41,255,249,0,76,201,0,198,255,126,229,73,255,154,142,255,187,33,54,12,255,255,87,255,255,38,19,236,138,247,0,0,97,0,255,153,168,255,160,32,255,0,99,255,255,228,137,0,88,255,0,214,44,0,115,252,255
177,49,163,76,255,77,98,66,62,228,167,11,40,241,145,67,63,183,119,131,37,255,72,68,54,255,113,214,201,114,154,25,95,99,111,133,135,195,85,24,79,138,7,56,88,214,101,92,158,245,100,232,237,77,151,166,147,22,122,225,163,136,113,255,75,97,141,143,142,72,153,133,255,153,0,103,96,50,150,255,96,140,58,247,0,0,161,173,221,207,0,174,255,168,120,255,0,0,204,255,24,139,26,97,0,42,122,255,255,174,60,129,0,61,0,44,192,221,0,16,255,255,197,101,14,228,150,255
158,35,146,89,255,50,114,76,121,181,155,27,116,219,195,69,19,102,145,88,0,255,77,54,192,236,71,159,83,0,162,182,6,0,172,152,117,121,61,0,158,0,82,143,76,210,93,73,90,255,117,104,180,97,0,217,3,155,142,185,226,0,152,106,220,0,120,164,201,0,44,0,255,164,100,0,188,48,169,255,126,255,99,255,194,137,203,220,85,0,54,255,234,77,255,81,107,5,255,164,255,0,0,70,0,159,153,0,174,0,218,194,0,77,116,255,255,158,0,131,255,132,248,102,0,210,255,255
152,21,144,39,255,40,146,112,165,159,122,36,155,255,240,95,0,92,45,0,0,255,62,57,235,255,119,151,0,0,179,255,72,0,176,186,119,110,0,17,199,0,49,255,94,207,0,80,13,255,94,0,43,105,0,242,0,255,72,136,189,0,184,0,254,0,0,208,45,0,0,0,255,109,49,0,255,104,254,255,46,255,255,255,255,127,255,255,0,0,0,255,172,255,255,181,255,0,255,0,255,0,0,12,0,255,31,0,27,0,126,177,0,0,250,62,255,255,0,0,255,0,106,255,0,99,255,255
156,27,146,64,255,55,145,98,139,156,126,20,128,197,212,75,0,110,101,81,0,221,75,40,224,255,63,60,37,0,185,227,62,0,159,173,129,150,0,43,173,68,97,171,71,149,0,38,6,255,145,6,100,86,0,182,0,255,101,101,173,28,227,71,255,0,28,185,120,0,77,0,255,204,46,0,221,88,255,255,28,255,211,255,255,42,255,255,17,36,0,255,171,161,255,182,158,0,255,74,255,0,0,65,0,255,145,67,153,87,255,255,0,0,157,86,255,216,0,128,255,11,158,255,0,209,255,255
152,19,135,46,255,49,148,99,159,173,121,36,151,244,255,90,0,108,68,56,0,245,0,49,245,255,128,83,0,0,157,255,34,0,180,121,159,133,0,9,235,25,63,207,85,230,0,69,14,255,121,0,83,49,0,213,0,255,81,118,205,0,202,0,255,0,42,227,80,0,23,0,255,194,165,0,255,107,255,255,63,255,255,255,255,79,255,247,0,0,0,255,167,214,255,77,191,0,255,42,255,0,0,48,0,255,116,0,57,0,128,247,0,0,212,83,255,222,0,63,255,0,143,255,0,171,255,255
151,18,133,55,255,49,151,103,160,178,133,63,164,255,255,81,15,107,64,47,0,255,5,94,248,255,127,91,0,0,147,251,64,0,151,93,172,157,0,39,255,32,84,166,60,204,22,133,0,255,186,0,68,59,0,204,0,255,117,126,181,0,169,0,255,0,111,227,103,0,20,0,255,169,148,0,255,162,255,255,55,255,255,255,255,120,255,220,0,0,23,255,172,255,255,80,169,0,255,133,255,0,62,9,0,255,123,0,51,0,105,255,0,0,225,86,255,181,0,35,255,0,177,218,55,162,255,255
158,29,152,46,255,64,162,111,161,189,110,44,135,255,255,109,0,125,76,26,0,255,58,39,198,255,122,253,0,0,149,209,53,0,134,148,111,139,24,0,201,1,0,228,89,192,19,145,63,255,146,0,162,109,0,232,0,255,127,199,242,0,188,0,208,0,57,228,145,0,0,0,255,134,16,0,255,82,231,255,23,255,224,255,255,213,255,255,0,0,0,255,236,238,255,193,156,54,255,20,255,0,0,38,0,255,0,0,145,0,0,192,0,0,183,203,255,206,0,0,255,0,230,225,0,30,255,255
155,25,142,43,255,52,156,97,165,172,120,45,119,255,255,81,0,97,52,15,0,255,41,46,245,255,133,217,0,0,160,239,66,0,147,129,102,172,0,0,255,0,56,225,127,245,0,108,51,255,107,0,137,120,0,225,0,255,111,176,255,0,172,0,255,0,97,228,100,0,0,0,255,228,21,0,255,89,255,255,0,255,205,255,255,151,255,226,0,0,0,255,223,245,255,210,220,0,255,24,255,0,0,52,0,255,0,0,123,0,66,123,0,0,172,151,255,214,0,0,255,0,252,255,0,94,255,255
161,32,162,53,255,58,158,96,157,180,94,62,113,255,213,108,0,127,68,42,0,255,54,23,218,255,87,222,60,0,152,191,102,0,142,174,79,182,42,0,188,0,18,232,100,179,0,109,66,255,69,68,175,179,0,244,0,255,148,181,255,0,185,37,228,0,27,222,151,0,0,0,255,197,0,0,255,42,192,255,68,255,171,255,255,196,255,232,0,0,0,255,255,184,255,255,123,125,255,95,255,0,0,99,0,255,31,0,108,0,75,176,0,0,196,154,255,88,0,0,255,0,255,198,0,99,255,255
155,30,128,66,255,40,142,90,132,152,140,24,93,240,193,41,0,82,96,66,0,255,124,74,140,233,159,231,0,0,139,226,62,19,138,174,100,115,0,21,236,37,86,200,92,255,39,80,74,255,124,0,186,72,0,139,0,162,127,116,187,0,105,82,250,0,134,147,13,0,17,0,255,214,28,0,200,78,255,255,0,255,190,255,252,153,255,141,0,0,0,255,255,221,255,255,249,0,255,35,255,0,0,68,0,225,97,3,177,0,150,101,0,30,115,121,255,169,0,37,255,0,255,255,46,93,255,255
157,34,155,60,255,55,138,75,137,166,136,56,118,255,210,74,0,96,89,48,0,255,82,80,252,239,77,255,78,0,173,208,35,0,138,139,18,158,28,0,210,0,41,242,182,188,61,30,113,255,156,57,208,184,0,235,0,255,123,222,255,0,132,0,255,0,51,223,171,0,0,0,255,210,0,0,255,36,207,255,52,255,81,255,255,203,255,255,0,0,0,255,156,179,255,255,195,0,255,89,255,0,0,0,0,255,14,50,140,0,128,58,0,2,88,244,255,215,0,0,255,0,215,235,0,40,255,255
158,28,146,57,237,20,137,75,142,169,204,67,107,189,219,56,7,131,219,88,0,255,143,14,66,228,174,197,144,59,104,219,109,83,101,195,125,74,25,86,170,60,70,24,118,255,47,69,11,255,117,39,155,187,29,99,176,64,89,221,177,65,57,20,165,60,76,0,202,0,17,48,170,184,43,3,206,0,174,252,62,255,212,255,77,135,136,233,174,34,0,226,253,248,197,255,48,0,161,125,175,0,0,0,55,189,135,105,214,0,247,140,25,11,21,14,39,145,0,100,216,136,2,123,114,149,255,255
169,40,183,81,236,0,104,68,127,169,229,74,118,145,180,48,57,101,187,68,0,241,125,84,14,161,233,204,186,123,127,132,107,122,0,157,36,26,128,136,73,199,98,8,187,234,92,74,47,152,165,76,198,197,23,109,176,186,124,201,157,48,11,23,207,255,75,0,255,0,20,40,155,220,70,66,125,73,107,250,184,255,181,255,174,101,74,222,142,48,49,113,255,255,105,255,8,0,114,255,208,84,61,0,104,179,157,221,179,125,185,0,58,173,95,103,109,81,28,101,137,10,0,199,93,158,0,255
164,26,151,123,223,26,106,42,146,175,92,33,143,205,77,101,45,86,204,121,0,255,166,99,49,136,201,246,144,167,181,97,49,60,51,178,13,53,71,51,0,171,94,222,255,220,116,51,72,255,81,150,95,40,80,31,142,51,169,128,151,0,69,119,63,66,9,158,252,28,181,0,200,174,181,121,207,1,0,152,216,188,97,211,255,112,157,53,152,0,112,187,0,136,112,227,185,111,110,241,221,0,11,215,255,182,11,53,111,94,167,4,0,255,121,72,167,51,0,122,82,41,179,241,110,245,104,255
155,22,135,83,255,57,144,68,166,167,147,0,127,246,207,62,0,126,156,147,0,121,5,27,255,223,92,98,45,0,132,255,68,0,160,178,115,179,0,6,226,0,133,147,106,159,139,0,78,255,196,10,116,14,0,229,19,163,76,69,155,22,233,0,255,9,0,138,67,0,137,0,205,255,170,0,255,87,243,207,140,255,161,255,255,143,255,224,78,4,120,255,109,118,255,141,135,46,255,125,255,0,0,71,0,255,185,216,78,27,255,255,0,0,184,19,231,149,0,198,255,0,198,117,0,255,255,255
156,19,140,75,255,52,160,69,178,166,117,0,132,241,218,77,0,119,139,117,0,94,0,1,255,255,81,102,41,0,142,255,73,0,178,232,119,169,13,55,219,0,91,175,121,162,119,0,76,255,150,11,67,34,0,255,0,255,67,63,154,0,255,0,255,0,0,166,43,4,99,0,255,255,165,0,255,26,221,210,121,255,228,255,255,188,255,255,21,0,106,206,105,111,255,142,159,21,255,76,255,0,0,123,0,255,86,100,84,8,236,255,0,0,238,56,255,136,0,109,255,0,208,201,0,255,255,255
156,18,138,77,255,61,137,72,173,161,119,0,136,255,194,83,0,137,134,126,0,108,0,15,255,255,90,63,46,0,142,255,87,0,187,165,164,189,0,31,210,0,129,156,150,115,102,0,38,255,160,39,84,19,0,255,0,213,81,80,187,0,255,10,255,0,0,134,58,13,147,0,230,255,186,0,255,110,242,233,158,255,139,255,255,128,255,255,57,36,126,238,91,68,255,79,91,92,255,92,255,0,0,47,0,255,196,76,58,25,255,255,0,0,167,24,255,151,0,163,255,0,163,69,0,255,255,255
157,17,141,72,255,60,132,70,192,165,118,0,131,255,206,78,0,123,120,120,0,119,0,0,255,255,110,57,13,0,138,255,71,0,187,165,162,207,27,0,204,0,83,168,163,124,111,0,40,255,117,45,102,0,0,255,0,255,54,64,209,0,255,0,255,0,0,131,45,54,177,0,255,255,219,0,255,56,222,255,166,255,157,255,255,125,255,255,45,0,72,254,56,33,255,13,117,127,255,58,255,0,33,120,0,255,168,47,86,0,236,255,0,0,223,68,255,149,0,125,255,28,124,140,0,255,255,255
159,20,142,71,255,57,110,81,187,173,115,0,125,229,186,58,0,126,106,112,0,147,0,0,255,224,138,99,19,0,130,255,110,0,174,167,230,203,19,0,205,0,75,193,166,122,96,12,16,255,140,71,102,44,0,255,0,217,88,105,255,18,255,7,255,0,0,68,75,88,187,0,254,236,141,0,255,106,255,248,137,255,127,255,255,124,255,238,50,0,69,234,129,117,255,38,84,124,255,63,255,0,30,128,0,255,183,13,110,0,217,222,0,0,231,2,255,101,0,161,255,0,116,72,0,255,255,255
153,18,140,66,255,57,142,79,174,155,96,0,131,251,227,86,0,127,82,92,0,119,0,6,255,255,91,58,0,0,153,255,60,0,180,155,142,172,0,6,195,0,68,153,96,136,54,0,35,255,118,0,124,26,0,255,0,255,104,86,201,0,255,0,255,0,0,195,5,0,158,0,255,255,244,0,255,60,238,255,139,255,185,255,255,76,255,255,12,10,34,255,53,26,255,73,129,61,255,102,255,0,34,91,0,255,166,17,20,0,224,255,0,0,144,109,255,142,0,99,255,0,111,255,0,255,255,255
157,18,147,68,255,58,130,82,182,165,105,26,146,255,254,54,0,121,95,78,0,150,0,57,255,255,125,76,94,0,171,255,57,0,183,122,218,206,0,0,192,0,80,83,99,56,42,0,0,255,96,135,68,39,0,209,0,120,140,82,255,0,255,54,255,0,66,105,103,0,94,0,255,195,81,0,226,120,197,255,74,255,125,255,255,145,255,255,0,0,234,255,176,26,255,25,80,124,255,135,255,0,76,22,0,255,123,0,113,117,88,255,0,0,255,241,222,95,0,36,255,148,159,129,0,255,255,255
153,15,139,61,255,60,120,80,183,152,124,0,128,255,214,86,0,123,94,134,0,118,0,13,255,248,96,21,25,0,140,255,81,0,210,169,166,179,0,0,208,0,68,177,147,122,84,0,40,255,154,4,88,24,0,255,0,255,39,82,250,0,255,0,255,0,0,122,0,28,241,0,247,255,229,0,255,65,246,255,171,255,153,255,255,21,255,255,22,52,49,255,0,32,255,24,110,42,255,83,255,0,64,115,0,255,225,0,0,0,255,208,0,0,217,22,255,216,0,156,255,0,0,180,0,255,255,255
155,18,143,62,255,58,111,89,184,165,118,0,128,215,203,74,0,123,97,124,0,131,0,8,255,220,149,63,29,0,137,255,114,0,193,187,222,175,0,0,189,0,60,191,123,112,65,28,8,255,155,55,67,68,0,255,30,255,43,113,255,29,249,9,255,0,0,74,34,52,218,0,255,220,161,0,255,120,255,248,145,255,178,255,255,48,255,255,12,0,50,255,91,93,255,26,71,69,255,45,255,0,99,94,0,255,172,0,0,27,232,144,0,0,255,13,255,111,0,152,255,0,0,203,0,255,255,255
157,20,143,65,255,62,111,85,203,174,138,0,134,198,231,62,0,120,103,129,0,140,0,0,255,211,165,78,0,0,132,255,67,0,164,189,203,182,73,0,187,0,38,211,129,153,133,20,72,255,140,48,90,36,0,255,34,255,46,54,255,29,228,0,255,24,0,36,31,66,228,0,255,255,168,67,255,99,255,253,210,255,171,255,255,68,255,199,61,4,0,255,46,118,255,0,96,35,255,60,255,0,149,178,0,255,165,0,21,0,202,110,0,0,255,0,255,108,0,153,255,0,0,225,0,255,255,255
158,26,155,57,255,54,151,89,176,173,113,0,139,203,241,66,0,104,103,74,0,169,41,19,251,255,77,105,32,0,184,255,18,0,152,199,145,160,0,32,166,23,33,178,130,145,15,32,60,255,120,52,58,86,0,242,0,255,96,93,229,18,232,0,255,0,0,169,112,24,37,0,255,208,32,0,255,38,255,255,97,255,231,255,255,104,249,255,0,0,2,255,175,116,255,115,116,0,255,80,255,0,0,132,0,255,80,0,114,42,126,187,0,0,248,127,255,112,0,31,255,0,111,255,0,255,255,255
154,12,121,77,250,36,100,57,155,190,123,146,113,255,255,10,0,119,98,184,0,184,0,141,234,238,255,30,49,0,91,255,38,15,142,76,208,255,0,0,255,41,151,12,9,213,87,32,0,255,255,62,153,24,108,88,0,0,183,212,255,83,145,255,255,27,255,51,34,0,164,113,129,62,255,0,130,116,244,255,0,124,182,128,255,0,147,255,0,0,203,255,246,144,0,28,133,255,154,255,255,0,255,122,0,255,255,255,255,66,76,255,67,47,255,214,255,0,0,255,255,223,255,11,193,0,255,255
155,20,136,70,255,52,121,70,178,182,126,85,149,240,255,16,0,97,89,110,0,210,0,99,255,214,228,126,80,0,100,255,25,0,157,93,161,202,0,0,255,0,105,67,43,158,95,0,9,255,216,116,104,80,0,194,15,5,163,163,255,30,130,131,255,0,237,94,73,0,111,0,234,211,122,0,214,133,255,255,70,255,166,255,255,186,205,255,0,0,141,255,255,67,181,11,25,193,198,255,255,0,144,63,0,255,230,29,63,1,4,242,0,159,255,196,212,38,0,112,255,21,255,226,13,192,255,255
157,24,153,48,255,62,154,92,192,175,122,51,138,233,255,51,0,91,86,64,0,214,43,54,255,255,152,208,72,0,148,255,47,0,150,152,110,212,0,0,252,0,46,249,106,152,71,85,53,255,161,93,54,103,0,248,10,247,69,127,255,0,229,0,255,0,2,120,108,6,48,0,255,234,0,0,255,104,255,255,12,255,235,255,255,245,255,255,0,0,32,255,226,255,255,167,138,0,255,39,255,0,0,66,0,255,0,6,69,0,31,82,0,0,255,135,255,144,0,0,255,0,196,255,0,240,255,255
156,32,169,38,255,62,147,111,175,186,115,65,128,239,229,98,28,133,109,30,0,255,82,10,128,255,124,254,71,0,156,191,114,26,70,206,128,173,62,0,168,28,0,149,53,175,86,194,0,255,89,95,146,200,0,250,56,226,105,255,255,0,136,34,231,0,2,129,186,0,0,0,255,46,0,0,255,53,243,255,3,255,171,255,234,187,98,255,0,0,0,255,255,220,247,119,25,68,255,140,255,0,55,0,0,255,0,0,63,0,124,77,84,0,241,212,255,97,0,2,255,0,94,193,11,79,255,255
155,27,146,47,255,45,155,105,183,167,105,17,136,255,255,48,18,62,57,19,0,255,40,14,237,255,157,255,0,0,109,230,5,0,128,136,125,171,43,0,228,0,0,220,15,210,90,185,41,255,172,0,215,58,0,255,0,255,98,157,222,0,191,0,255,0,1,209,89,0,0,0,255,98,0,0,255,0,255,255,0,255,241,255,255,255,255,196,0,0,0,255,215,222,255,153,229,0,255,46,255,0,0,97,0,255,0,0,128,0,0,160,0,0,255,255,255,129,0,0,255,0,255,255,0,113,255,255
154,15,131,76,255,44,129,39,165,188,161,120,135,255,255,0,0,64,107,117,0,198,0,95,255,240,219,97,45,0,85,255,10,0,164,15,255,255,0,0,255,0,148,0,6,110,94,13,0,255,255,135,168,0,0,183,0,0,233,160,255,18,253,223,255,0,255,112,68,0,109,0,125,131,124,0,141,154,148,255,63,170,59,255,255,114,111,212,12,0,255,255,244,70,206,0,103,217,153,255,255,0,170,0,0,255,255,20,255,84,53,255,0,226,255,255,255,2,0,145,255,163,255,0,29,255,255,255
155,24,138,67,255,51,139,72,140,185,145,106,135,226,255,38,0,105,89,115,0,234,31,97,233,200,178,114,74,0,94,237,64,19,140,141,179,184,0,26,255,0,98,66,0,163,71,69,4,255,255,72,128,142,0,157,70,36,183,153,254,60,102,217,255,9,255,104,120,0,78,38,255,167,117,0,176,109,237,255,48,255,179,255,255,70,151,208,0,0,131,255,255,175,152,110,168,87,213,255,255,0,101,22,0,255,223,125,161,79,26,244,0,187,216,146,177,0,0,145,255,111,255,196,165,146,255,255
156,24,144,69,244,41,133,78,160,178,171,56,166,218,208,59,10,97,145,111,0,255,85,85,179,240,167,175,90,0,107,224,35,18,149,143,161,118,0,7,216,18,91,184,52,185,73,58,55,255,169,73,83,28,0,202,56,176,53,85,255,0,132,87,232,0,31,46,135,0,44,0,255,151,4,0,173,139,205,255,145,255,187,255,255,255,219,203,0,0,69,255,246,174,229,128,113,20,255,114,255,0,1,0,0,255,84,0,32,45,135,164,0,70,255,82,255,88,0,42,255,0,220,168,63,211,255,255
155,25,155,61,255,60,150,76,178,187,126,4,124,233,254,71,0,106,95,91,0,200,26,54,255,255,91,149,12,0,167,255,25,0,155,180,85,168,29,0,212,0,34,214,160,162,104,40,92,255,140,38,104,78,0,255,0,255,53,109,255,0,249,0,255,0,0,192,98,56,61,0,255,255,71,0,255,15,244,255,71,255,238,255,255,173,255,224,0,0,0,255,108,44,255,166,115,9,255,99,255,0,18,180,0,255,0,60,77,0,151,150,0,0,255,207,255,184,0,0,255,0,99,255,0,255,255,255
165,35,166,58,250,55,130,100,161,206,144,27,129,165,167,55,1,108,124,61,0,255,116,70,178,255,90,149,110,0,178,234,52,72,86,255,122,108,65,78,163,55,11,200,126,164,63,121,33,255,95,130,21,106,0,255,71,170,103,103,255,128,164,119,192,19,0,32,135,75,31,0,255,128,0,101,224,64,248,255,70,255,248,255,255,143,210,193,0,0,49,193,255,143,175,191,52,24,255,159,255,0,0,182,0,241,99,0,171,189,100,162,0,0,255,3,248,168,0,131,255,0,164,152,0,253,255,255
155,22,142,66,255,59,131,74,169,179,133,6,138,221,198,56,0,117,122,128,0,184,10,83,241,255,141,89,70,0,129,255,49,19,189,181,121,136,0,61,255,0,106,230,110,185,112,0,43,255,100,73,36,40,0,255,22,190,37,59,252,27,219,42,255,0,0,75,45,42,171,0,255,255,140,0,217,94,255,186,165,255,237,255,255,155,255,252,13,0,7,255,185,26,255,69,61,0,251,69,255,0,39,156,0,255,131,0,0,38,188,172,0,0,255,64,224,144,0,140,255,0,135,255,0,255,255,255
154,20,144,51,255,51,152,66,194,171,115,0,124,255,255,42,0,87,68,53,0,164,0,33,255,255,88,136,4,0,143,255,4,0,195,153,72,176,0,0,255,0,97,225,131,237,97,0,78,255,31,46,81,54,0,255,0,255,29,73,253,0,255,0,255,0,0,180,60,50,71,0,255,255,130,0,255,0,255,255,60,255,232,255,255,171,255,255,0,0,0,255,166,31,255,88,149,0,223,51,255,0,0,247,0,255,31,18,46,0,151,188,0,0,255,214,255,184,0,116,255,0,189,255,0,255,255,255
153,22,141,31,255,47,136,96,191,172,131,10,142,245,255,53,0,75,37,0,0,255,10,65,255,255,154,214,0,0,141,255,45,2,158,141,104,147,0,0,255,0,55,253,83,255,70,148,0,255,71,0,100,92,0,255,0,255,34,155,255,0,184,0,255,0,0,160,46,38,0,0,255,181,11,0,255,3,255,255,9,255,255,255,255,182,255,184,0,0,0,255,211,177,255,120,200,0,255,16,255,0,0,148,0,255,0,0,44,0,98,96,0,0,253,135,255,255,0,22,255,0,183,255,0,194,255,255
154,26,145,33,255,56,148,84,175,188,120,10,125,255,255,48,0,82,31,0,0,255,9,52,255,255,135,232,0,0,147,255,28,0,136,160,106,146,4,0,255,0,29,255,97,249,47,109,68,255,90,0,113,92,0,255,0,255,101,124,255,0,196,0,255,0,0,202,33,68,14,0,255,222,44,0,255,11,255,255,0,255,240,255,255,152,255,160,0,0,0,255,216,158,255,159,223,0,255,40,255,0,0,205,0,255,0,0,119,0,45,128,0,0,245,141,255,240,0,34,255,0,189,255,0,199,255,255
155,27,139,52,255,61,139,53,147,176,137,0,100,255,255,35,0,108,99,70,0,172,1,42,255,250,99,173,77,0,150,255,0,0,183,169,112,120,0,0,255,0,67,131,168,208,49,0,126,255,101,101,153,81,0,255,0,166,109,134,227,0,213,0,255,0,69,175,50,38,4,0,255,255,108,0,246,4,255,255,0,255,110,255,255,83,255,255,0,0,0,255,201,0,255,178,149,0,246,47,255,0,0,112,0,255,57,0,175,0,137,162,0,0,160,247,255,255,0,83,255,78,184,228,0,255,255,255
154,28,129,57,255,75,122,63,141,183,138,0,113,255,209,36,0,113,127,111,0,187,0,60,238,255,130,129,84,0,142,255,0,4,148,169,121,157,15,0,254,0,2,137,148,248,95,0,84,255,123,79,161,41,0,252,0,110,134,161,217,0,170,0,255,0,87,190,35,0,98,0,255,255,115,0,161,13,255,255,19,255,106,255,255,74,255,255,80,0,0,255,198,66,255,41,119,0,243,52,255,0,0,24,0,255,175,2,154,0,131,191,0,0,87,208,229,255,0,108,255,92,215,237,0,221,255,255
164,42,143,62,255,77,130,18,115,172,188,0,83,201,195,0,0,99,118,103,0,236,89,106,218,206,43,230,131,0,155,254,0,0,89,203,63,128,84,0,255,0,7,69,156,240,82,14,162,255,63,87,190,140,0,227,47,176,198,146,224,75,63,51,241,0,16,154,89,94,0,79,255,255,0,0,180,0,255,255,0,255,62,255,214,69,255,215,81,74,0,255,170,114,255,217,125,0,179,12,116,0,0,0,0,99,202,191,255,44,116,170,0,0,39,208,173,255,0,29,255,30,255,124,0,255,255,255
166,36,158,68,255,66,138,43,160,191,162,0,116,198,182,16,0,89,146,98,0,215,86,89,204,226,102,251,111,0,119,221,15,0,88,214,102,150,60,0,255,6,2,195,177,212,111,66,135,255,65,146,106,120,0,255,76,230,136,96,255,93,147,3,247,0,0,67,149,123,26,0,255,255,0,0,255,0,250,255,138,255,171,255,255,177,219,133,9,0,1,248,239,108,255,198,120,0,172,61,255,0,0,147,0,222,121,99,242,14,28,106,0,0,255,152,158,119,0,66,255,0,255,168,0,246,255,255
160,36,163,52,255,67,134,96,159,186,135,22,116,239,203,82,37,127,105,46,0,255,100,42,157,239,106,242,34,0,144,180,83,22,77,178,118,158,116,0,197,15,0,206,75,193,106,157,32,255,98,92,187,158,0,255,47,233,119,199,255,0,151,6,225,0,0,102,194,22,5,0,255,132,0,28,255,17,245,255,30,255,138,255,255,139,183,255,16,0,0,255,241,176,249,143,131,30,255,83,255,0,0,84,0,251,30,33,220,0,143,75,0,0,168,210,255,128,0,61,255,45,122,139,0,77,255,255
167,40,176,67,255,55,155,95,165,191,123,19,107,241,232,62,0,102,91,63,0,195,113,9,255,255,57,255,76,0,163,230,37,0,90,247,93,163,100,0,101,0,0,189,90,125,59,106,155,255,137,107,190,114,0,255,0,230,170,154,255,0,179,35,234,0,0,239,139,0,0,0,255,180,0,0,255,0,202,255,42,255,154,255,255,222,255,218,0,0,60,255,255,91,255,255,98,44,255,113,255,0,0,167,0,255,22,52,216,52,40,193,0,0,255,255,255,134,0,30,255,0,213,232,0,196,255,255
180,48,201,94,255,64,103,48,153,157,151,22,105,153,195,60,62,162,109,75,0,220,201,82,181,198,85,255,138,35,203,255,0,0,46,255,94,129,112,0,130,77,0,82,106,82,108,108,108,255,98,161,95,125,0,106,0,171,214,139,255,107,88,48,157,103,115,223,255,101,0,14,255,138,0,72,217,49,167,255,34,222,19,255,199,176,255,255,0,55,139,176,255,116,245,255,0,31,255,16,240,0,54,14,0,182,101,180,255,198,104,222,0,124,255,255,118,222,0,53,255,0,126,133,0,127,175,255
169,46,167,65,255,61,135,72,119,182,189,0,91,168,174,48,0,146,116,98,0,223,116,81,137,230,119,211,185,19,183,226,48,48,59,255,110,38,115,56,152,73,0,122,60,183,99,58,152,255,165,167,168,128,6,198,93,94,163,233,213,118,59,164,235,125,89,134,149,25,0,69,255,202,0,35,193,75,212,255,49,255,76,255,152,73,255,218,91,50,0,185,255,208,211,255,87,0,255,58,168,0,20,50,0,145,89,112,254,255,151,182,31,12,80,121,223,255,0,179,255,32,123,143,0,138,116,255
173,45,148,72,255,58,112,36,109,151,205,0,56,112,128,21,0,162,77,185,0,187,66,86,166,102,97,175,180,38,163,151,0,81,75,252,99,59,185,133,255,90,0,31,23,255,106,106,100,255,97,150,190,182,0,144,125,128,165,164,223,255,0,206,128,199,23,110,145,114,50,180,250,244,0,165,160,26,201,255,0,246,63,249,186,0,255,151,242,151,16,154,244,255,102,229,38,0,167,0,42,0,83,0,0,146,250,255,255,255,115,202,0,55,11,109,78,255,0,135,146,67,72,96,0,166,66,255
170,44,163,66,255,69,123,33,117,176,159,0,83,164,145,29,0,153,110,126,0,184,92,83,129,189,103,214,130,21,165,211,48,91,93,255,109,98,139,69,201,73,10,165,72,236,65,43,125,255,21,154,149,189,0,184,163,160,142,126,232,183,56,108,168,86,0,110,189,63,40,91,255,208,0,41,179,0,241,237,97,242,121,255,166,43,236,237,98,59,0,155,244,222,207,186,74,0,113,0,135,0,0,28,0,213,179,198,249,220,87,195,0,0,116,81,101,140,0,126,255,21,57,85,7,121,207,255
172,45,151,71,255,69,94,41,65,181,208,0,46,171,149,7,0,128,95,207,11,144,0,12,112,102,143,189,185,64,45,67,101,113,98,249,139,109,171,102,187,87,1,73,6,255,62,105,103,255,216,103,222,159,55,180,172,97,169,119,224,183,9,193,74,215,34,64,114,31,140,144,255,227,0,124,165,15,155,255,58,193,41,222,148,18,249,135,255,175,0,162,225,234,171,228,25,28,178,25,11,59,10,24,0,255,202,255,215,255,49,196,0,138,10,146,250,198,0,179,174,84,118,0,0,229,55,255
183,48,218,105,251,25,77,45,146,131,161,0,137,117,118,78,58,196,85,42,0,144,197,97,161,251,118,247,140,44,160,255,9,0,79,255,155,42,112,10,89,110,0,52,0,142,127,12,126,245,100,217,95,102,0,79,38,0,184,133,240,115,55,48,204,135,54,159,255,110,0,0,215,111,0,123,246,11,121,255,101,255,70,255,74,154,164,255,32,64,149,52,255,234,208,255,0,30,255,136,158,0,197,97,0,170,99,129,133,209,188,255,43,174,241,255,66,184,0,236,255,0,43,108,0,236,0,255
157,38,151,62,255,67,147,87,148,192,127,10,103,255,248,49,0,125,101,88,0,224,99,58,255,255,107,224,41,0,204,255,0,16,135,216,70,128,93,0,189,0,5,205,63,203,59,0,85,255,86,71,171,124,0,229,5,129,131,155,214,7,173,23,255,0,90,255,151,40,0,0,255,163,0,0,224,39,255,255,0,255,137,255,255,103,255,255,30,0,0,255,255,118,255,130,158,0,255,0,255,0,0,27,0,245,39,8,251,53,141,119,0,0,234,255,255,255,0,99,255,80,140,255,0,210,255,255
160,42,154,55,255,71,132,99,144,206,156,30,100,222,190,49,42,153,118,69,0,255,167,109,138,239,180,255,39,51,208,204,64,129,82,197,133,109,136,33,164,73,16,174,65,180,94,102,54,255,118,92,185,136,1,173,176,65,132,211,233,80,74,142,207,10,110,176,125,52,62,49,255,106,0,17,137,105,255,255,0,255,194,255,138,49,255,255,87,8,0,240,255,255,224,137,0,0,197,11,206,0,89,84,0,202,63,136,192,154,206,24,0,0,145,8,255,255,0,93,255,26,23,255,183,132,255,255
166,44,153,70,255,76,123,47,108,179,163,1,62,198,138,25,2,161,99,138,0,223,119,116,158,180,104,255,102,31,186,190,61,107,96,250,88,101,124,36,236,58,8,167,83,216,134,76,90,255,100,157,201,197,34,192,192,96,130,188,224,176,43,148,197,48,52,157,145,117,73,97,255,178,0,33,168,0,255,239,8,255,98,255,126,49,255,196,141,52,0,209,238,220,203,229,35,0,142,0,97,0,0,68,0,166,150,255,255,173,177,129,17,19,111,96,135,226,0,186,177,5,146,134,23,133,165,255
158,39,146,58,255,64,141,86,136,185,147,0,101,238,243,47,0,127,82,80,0,255,107,49,219,215,112,233,37,0,155,250,30,37,118,239,76,86,121,0,238,0,0,173,0,255,94,50,77,255,73,19,205,155,0,236,51,137,144,159,183,0,72,0,214,0,63,208,115,0,0,0,255,182,20,0,255,11,255,255,0,255,154,255,237,98,255,255,72,0,0,255,249,164,255,147,178,0,255,0,239,0,0,36,0,249,66,33,242,0,106,116,0,0,138,231,255,255,0,102,255,65,120,196,0,167,255,255
164,47,166,54,255,52,122,127,131,234,176,32,82,255,213,86,42,148,107,41,0,255,141,46,77,255,155,255,74,69,141,118,113,174,87,172,63,121,175,135,110,58,0,53,34,254,73,186,20,239,130,67,237,198,0,241,125,82,146,255,206,34,58,45,0,47,76,113,255,37,56,53,255,29,0,130,221,77,143,255,0,255,156,255,77,84,123,255,249,3,0,199,255,255,97,178,0,20,255,142,33,20,136,97,0,255,40,116,254,99,129,0,32,0,0,142,255,189,0,0,255,134,34,77,118,196,183,255
170,42,183,97,255,53,101,67,166,156,121,0,113,175,194,62,0,168,98,72,0,188,159,35,255,212,54,255,89,0,201,255,0,0,68,255,124,122,95,0,133,0,17,170,111,118,142,38,62,255,68,115,133,192,0,194,0,156,167,131,255,75,75,0,140,105,0,179,233,70,0,0,255,137,0,113,255,0,173,255,46,210,74,255,255,140,254,255,0,0,170,234,249,49,255,252,41,0,255,34,255,0,0,75,0,255,57,135,226,1,176,168,0,34,218,255,217,91,0,156,255,0,82,120,0,192,176,255
160,28,135,95,254,34,136,52,139,188,155,29,185,235,84,23,28,104,150,153,0,255,128,163,182,115,188,182,32,0,117,195,87,67,161,205,36,74,0,43,212,27,170,255,123,219,81,0,88,255,93,68,0,74,0,255,90,198,49,49,236,0,209,8,144,0,0,87,103,12,38,0,255,255,107,49,204,87,101,234,250,255,139,255,255,255,255,93,0,0,0,255,230,150,238,197,153,0,255,0,255,0,0,51,18,210,148,192,81,39,0,190,0,255,239,0,46,37,0,56,255,0,95,205,89,99,255,255
159,24,147,80,245,49,130,62,137,180,141,20,113,157,184,70,0,125,122,126,0,223,97,105,226,185,88,104,61,0,124,206,80,24,197,190,79,86,0,51,224,35,121,198,186,205,101,105,67,255,76,58,110,116,0,233,40,253,13,78,240,0,169,33,213,0,0,88,137,22,71,0,248,253,116,86,244,66,255,190,168,255,251,255,255,169,255,153,9,0,5,218,128,21,255,255,74,0,216,114,255,0,0,201,0,234,84,96,81,58,150,157,0,0,254,103,217,68,0,23,255,0,115,215,0,195,255,255
156,21,142,66,235,51,106,78,164,180,113,98,155,199,203,41,16,127,112,136,0,243,0,106,159,246,244,81,105,8,113,189,83,25,138,113,211,206,0,48,249,105,83,80,47,167,61,64,0,255,230,100,106,93,46,118,74,27,138,209,255,83,107,255,255,30,220,13,58,0,213,7,255,156,102,0,123,163,255,183,129,148,166,140,255,79,127,255,0,0,116,255,254,132,0,5,69,208,197,251,255,0,246,31,0,255,255,93,77,166,129,226,41,91,226,115,255,0,0,194,255,114,231,194,179,111,255,255
150,18,136,69,255,59,123,75,179,179,116,55,142,255,220,54,0,119,85,131,0,188,0,99,255,232,195,76,47,0,147,255,73,0,220,96,153,181,0,0,255,0,105,172,157,209,100,18,13,255,113,56,78,78,0,255,0,90,54,144,255,0,169,24,255,0,57,151,11,0,230,0,255,255,158,0,210,194,255,169,141,255,172,255,255,164,255,255,43,0,22,255,160,30,255,0,0,11,133,101,255,0,156,110,0,255,143,0,0,0,244,160,0,0,255,166,243,183,0,142,255,0,82,255,0,255,255,255
151,10,139,49,255,47,148,86,212,162,105,14,132,255,255,81,0,108,37,91,0,116,0,18,255,255,121,38,0,0,160,255,56,0,225,119,146,234,0,0,255,0,80,174,135,172,68,56,26,255,63,0,64,33,0,255,0,255,15,68,255,0,255,0,255,0,0,177,10,0,145,0,255,255,175,0,255,187,255,255,126,255,208,255,255,119,255,255,0,0,43,255,72,131,255,0,65,9,255,78,255,0,139,59,0,255,128,0,0,0,123,176,0,0,255,120,255,113,0,0,255,0,16,255,0,255,255,255
153,19,140,60,255,55,141,81,183,161,105,40,142,240,217,61,0,89,90,84,0,210,0,65,214,255,185,151,18,0,149,224,52,0,171,107,123,223,0,0,239,40,67,182,166,194,67,66,27,255,126,29,105,34,0,191,0,255,74,149,255,0,215,4,255,0,12,150,14,0,126,0,255,255,34,0,234,148,255,219,150,255,210,255,255,210,255,253,0,0,0,255,136,136,255,78,102,41,255,75,255,0,41,3,0,255,74,0,0,0,110,161,0,0,225,143,255,140,0,0,255,0,255,255,0,197,255,255
159,20,144,84,240,55,132,86,155,177,105,0,127,169,162,83,0,143,118,146,0,174,66,68,218,185,133,60,5,0,165,207,102,25,211,157,160,154,0,74,200,86,147,253,147,152,60,56,17,255,87,66,64,81,0,186,36,255,23,78,234,11,255,9,216,0,0,114,141,47,132,0,255,255,189,48,220,159,255,103,204,255,255,255,255,143,255,255,32,0,51,255,157,113,255,147,71,42,255,30,255,0,81,136,0,255,166,53,86,105,185,179,0,0,223,56,163,8,0,115,255,0,87,255,0,127,255,255
161,27,161,73,223,56,114,83,159,190,131,75,142,158,152,31,34,95,136,96,0,255,107,78,120,230,169,104,137,60,144,138,110,71,58,157,182,94,17,103,171,139,63,95,109,150,29,81,0,255,226,163,4,126,29,83,66,25,122,153,255,105,70,230,255,87,101,52,102,17,158,21,255,142,0,19,127,164,203,236,153,95,205,203,255,135,96,134,19,0,63,215,255,158,11,150,89,147,202,236,255,0,139,125,0,255,158,0,70,235,117,210,27,89,255,34,192,30,0,129,202,52,166,199,66,213,255,255
159,26,144,84,255,57,121,76,157,165,147,0,146,187,133,47,0,121,146,178,0,171,78,88,254,134,112,66,68,0,180,230,83,8,204,159,136,141,0,23,161,6,142,175,151,105,47,0,54,255,131,116,72,110,0,242,90,152,30,86,255,74,255,47,211,9,0,95,115,12,120,0,255,233,110,96,168,105,234,188,239,255,118,255,249,100,255,255,38,24,44,255,169,59,255,129,0,0,251,96,255,0,20,103,0,255,216,67,60,157,235,158,0,0,227,16,101,71,0,151,255,31,0,93,0,187,255,255
153,14,137,64,255,53,137,79,184,176,109,9,131,252,252,81,0,124,78,132,0,130,0,49,255,255,130,32,9,0,156,255,63,0,235,123,160,184,0,15,246,0,119,200,144,155,76,16,18,255,104,33,47,33,0,255,0,244,22,69,255,0,255,0,255,0,0,167,52,0,164,0,255,255,197,0,234,212,255,207,128,255,199,255,255,145,255,255,0,0,48,255,129,63,255,0,0,11,255,54,255,0,124,67,0,255,160,0,0,13,157,185,0,0,255,105,255,115,0,65,255,0,48,225,0,255,255,255
155,27,146,79,253,62,126,76,161,154,129,39,171,223,107,34,53,104,139,116,0,247,38,128,193,157,187,198,66,0,172,155,83,0,159,104,113,164,0,0,191,55,98,187,181,133,84,39,13,255,181,97,94,125,0,219,60,173,91,201,255,0,165,71,255,0,37,107,25,21,104,0,255,255,0,0,223,58,150,249,217,255,142,255,255,246,209,206,0,0,0,255,120,133,255,201,99,2,197,133,255,0,27,40,0,255,99,48,54,6,248,179,0,87,249,128,223,158,0,75,255,0,89,249,0,81,255,255
159,21,145,85,223,45,136,84,157,183,92,18,132,174,135,66,0,152,126,138,0,203,76,60,173,193,145,84,12,10,155,167,122,28,177,164,179,145,0,128,195,150,168,255,153,153,51,42,22,255,93,55,28,68,0,149,31,254,84,90,255,43,213,84,228,0,33,73,127,6,161,0,255,255,157,21,198,185,255,77,227,255,248,255,255,153,255,231,1,0,21,255,220,128,202,160,71,71,255,72,255,0,90,119,0,255,170,90,46,156,207,204,21,0,168,0,122,0,0,136,248,0,148,255,37,195,255,255
154,17,139,61,243,55,103,78,171,180,118,94,156,226,212,40,13,125,120,129,0,227,0,86,175,239,244,60,123,0,117,205,83,42,133,107,233,180,0,46,229,63,23,43,84,176,62,40,0,255,231,114,64,90,114,117,50,0,130,197,255,77,95,197,255,25,217,63,38,0,235,0,255,161,103,0,112,141,213,214,97,136,138,189,255,132,144,255,0,0,83,248,255,130,0,0,60,166,239,244,255,0,255,8,0,255,255,0,48,200,103,247,33,62,255,178,244,44,0,118,255,101,205,185,113,146,255,255
149,16,125,71,255,53,109,65,168,191,137,104,135,255,255,23,0,119,84,173,0,186,0,136,255,212,239,45,34,0,108,255,50,0,175,67,196,227,0,0,255,0,95,66,58,211,118,13,0,255,247,44,146,59,5,187,0,0,140,169,255,67,94,216,255,10,253,132,0,0,235,0,154,241,209,0,188,133,255,239,80,185,148,239,255,49,255,173,63,0,93,255,174,52,154,0,56,78,111,255,255,0,255,79,0,255,255,0,19,0,209,253,0,98,255,174,201,99,0,242,255,98,168,140,1,255,255,255
149,11,136,55,255,50,131,91,189,163,121,28,122,255,255,78,0,107,48,102,0,143,0,50,255,254,135,41,0,0,163,255,98,0,219,143,153,212,0,0,247,0,86,181,147,175,80,83,7,255,100,0,65,64,0,255,0,234,8,107,255,0,255,0,255,0,0,167,17,0,169,0,255,246,151,0,255,207,255,255,76,255,205,255,255,85,255,255,0,0,23,255,69,145,255,26,69,0,255,68,255,0,164,41,0,255,141,0,0,0,198,142,0,0,255,103,255,184,0,25,255,0,0,252,0,255,255,255
151,16,137,58,255,48,150,82,175,167,110,46,137,255,254,68,0,94,62,74,0,209,0,67,250,255,168,108,0,0,147,255,56,0,186,105,123,198,0,0,249,1,91,167,126,201,43,55,30,255,103,0,105,38,0,196,0,255,68,111,255,0,230,10,255,0,35,195,18,0,110,0,255,255,134,0,255,162,255,255,96,255,230,255,255,181,255,253,0,0,0,255,145,105,255,84,117,32,255,104,255,0,81,32,0,255,76,0,0,0,102,223,0,0,249,158,255,145,0,0,255,0,220,255,0,227,255,255
164,30,155,89,244,68,134,67,144,181,127,0,122,191,126,56,20,137,140,150,0,202,93,73,194,161,109,153,84,0,141,155,95,0,165,192,136,158,32,17,172,45,90,189,140,124,73,64,79,255,130,107,135,101,0,219,54,218,86,99,255,27,225,72,177,46,0,120,96,40,85,0,255,255,51,84,206,35,177,174,224,227,154,255,253,216,255,188,66,31,47,248,175,65,248,243,33,104,255,98,255,0,3,149,0,242,153,145,170,113,181,217,0,46,159,127,157,34,0,54,255,0,166,128,0,159,255,255
175,28,185,83,186,16,103,92,189,179,146,25,159,131,91,75,81,87,137,101,15,223,119,81,97,245,221,90,201,121,133,76,137,47,23,209,153,0,111,177,88,86,0,154,110,214,101,122,89,255,105,251,0,28,58,114,78,135,131,211,255,185,49,169,255,87,0,38,113,84,78,40,255,128,0,43,87,170,146,194,243,247,255,255,255,97,233,177,115,0,34,230,255,255,0,229,19,98,234,129,255,93,121,32,0,255,55,0,167,255,210,53,0,41,255,0,126,200,123,255,247,0,63,167,0,176,0,255
156,22,151,68,241,69,87,74,172,164,118,23,143,201,173,52,0,131,135,127,0,196,7,89,185,233,198,71,129,0,114,195,97,0,147,144,180,130,4,48,149,16,54,163,116,117,106,13,0,255,142,167,85,86,16,182,89,73,71,122,255,52,157,230,255,75,56,12,75,2,255,0,255,208,54,12,136,97,227,209,173,135,156,236,255,74,228,230,44,0,66,255,141,8,132,23,116,113,255,112,255,0,127,33,0,255,172,0,0,144,231,161,0,1,255,91,255,154,0,103,255,180,64,221,0,240,255,255
155,16,146,59,255,52,124,93,184,167,91,26,133,228,213,70,0,114,77,105,0,162,0,32,232,255,158,59,40,0,161,251,122,0,211,145,222,202,0,18,209,0,89,179,154,113,18,79,0,255,120,68,46,90,0,239,0,237,62,124,255,13,255,65,255,0,0,118,54,6,187,0,255,216,66,0,225,202,255,216,105,255,189,255,255,127,255,255,0,0,52,255,182,98,255,3,0,106,255,53,255,0,138,53,0,255,132,0,0,99,193,154,0,0,255,95,255,125,0,44,255,0,89,250,0,255,255,255
161,27,158,49,255,51,149,102,188,150,105,0,132,230,235,65,0,75,64,56,0,236,22,0,241,255,83,129,43,0,144,209,40,0,177,169,157,204,45,0,192,0,0,184,91,145,0,101,23,255,100,73,140,93,0,255,0,255,94,110,255,0,255,0,255,0,0,165,106,0,21,0,255,195,0,0,255,0,255,255,87,255,194,255,255,149,254,251,0,0,0,255,185,152,255,113,170,138,255,30,255,0,0,161,0,255,59,0,167,0,106,158,0,0,235,194,255,127,0,0,255,0,241,255,0,255,255,255
162,29,151,84,240,63,128,78,177,191,137,7,136,192,125,36,56,125,157,154,0,255,91,91,186,149,167,178,51,0,131,166,72,8,133,182,135,133,86,51,183,79,55,224,203,152,133,148,77,255,148,74,104,86,0,197,30,184,72,117,255,35,202,77,241,6,0,75,47,123,129,0,255,255,54,161,241,0,160,228,214,255,187,255,255,244,255,90,6,0,0,235,161,94,255,202,55,6,255,121,255,0,94,255,0,250,106,100,138,30,172,126,0,0,255,80,252,69,0,0,255,0,57,222,0,207,255,255
170,34,186,73,209,25,101,98,187,174,140,22,158,164,95,72,79,107,131,87,0,255,138,112,80,255,235,105,197,75,186,100,130,42,51,185,182,35,121,160,84,111,13,110,133,134,63,110,54,255,131,255,0,63,14,132,61,132,116,242,255,96,77,171,255,83,0,34,181,91,134,0,255,90,0,79,158,164,96,228,234,243,247,255,255,107,182,185,50,0,0,210,250,250,0,186,0,75,255,157,255,36,204,132,18,255,83,0,100,255,225,78,0,51,255,0,201,122,85,107,255,29,44,253,0,202,162,255
167,28,186,66,209,32,114,83,186,177,150,18,167,144,124,63,55,86,161,87,0,180,148,73,107,255,154,91,206,58,98,120,140,16,88,215,141,0,99,200,38,79,0,160,95,133,62,129,13,255,113,239,0,64,7,153,56,84,59,190,223,129,90,240,255,75,0,57,142,28,74,0,255,106,0,40,80,85,145,222,236,210,255,255,255,90,174,213,14,0,0,206,251,192,0,210,68,94,255,105,255,0,149,42,0,255,66,0,81,255,169,41,0,12,255,0,173,143,24,144,255,0,21,173,0,252,245,255
160,27,143,88,247,52,124,70,164,170,162,0,123,200,157,23,0,87,143,197,0,191,71,82,255,151,121,136,78,0,107,204,57,0,209,181,103,131,73,0,227,0,87,232,162,174,135,103,101,255,191,76,114,77,0,255,49,156,7,56,255,19,181,7,250,0,0,78,47,56,151,0,255,255,27,126,243,4,229,203,215,255,203,255,255,255,255,85,49,0,17,255,124,96,255,219,51,0,215,102,255,0,0,255,0,255,161,80,72,0,204,93,0,0,255,96,234,78,0,94,255,0,125,174,0,255,255,255
159,24,150,70,255,61,144,74,213,177,150,0,134,236,230,40,0,78,111,158,0,199,7,38,255,194,128,137,17,0,136,253,16,0,177,144,89,208,130,0,234,0,23,222,169,154,137,73,103,255,176,67,126,44,0,255,0,255,3,55,255,0,255,0,255,0,0,143,52,79,121,0,255,255,52,86,255,0,204,255,161,255,185,255,255,255,255,138,0,0,0,255,69,78,255,104,80,73,255,96,255,0,41,255,0,255,30,41,91,0,168,79,0,0,255,169,255,122,0,0,255,0,98,255,0,255,255,255
161,24,152,65,242,66,133,69,219,196,126,23,154,218,140,33,8,139,184,195,0,161,93,44,228,156,187,202,133,0,25,125,55,31,138,155,50,89,233,83,64,0,0,195,221,134,86,229,0,255,255,177,28,106,35,255,82,100,0,86,225,65,88,140,255,40,0,53,128,134,200,0,255,204,6,122,183,0,161,255,110,255,251,255,255,228,223,0,52,0,0,255,57,143,160,102,129,0,255,63,255,0,54,255,4,255,70,32,183,19,148,0,0,0,255,0,254,41,0,116,250,0,0,190,0,255,255,255
160,24,149,74,240,58,117,75,184,186,152,0,115,183,191,41,0,121,136,135,0,213,76,52,240,182,115,137,53,0,94,177,75,0,161,190,122,117,110,0,172,10,42,171,170,156,115,178,49,255,150,66,125,70,0,255,58,153,28,93,255,38,177,86,255,37,0,48,68,82,152,0,255,209,32,112,255,5,244,255,152,255,185,255,236,178,217,95,76,11,0,223,112,75,255,155,77,24,255,125,255,0,80,255,0,255,121,63,120,15,230,102,0,0,255,79,255,87,0,55,255,0,52,184,0,255,255,255
159,22,145,74,243,49,116,74,191,187,132,0,120,206,173,33,0,108,118,123,0,204,27,42,255,200,140,126,18,0,114,213,98,0,161,177,142,162,94,0,213,20,53,191,183,174,112,132,12,255,120,37,93,38,0,255,27,186,49,108,255,39,227,0,255,0,0,77,49,74,197,0,253,255,76,45,255,71,224,194,147,255,172,255,255,207,255,140,33,0,0,226,160,86,255,80,28,64,255,100,255,0,74,249,0,255,139,63,70,4,205,118,0,0,255,45,255,69,0,78,255,0,137,200,0,255,255,255
159,23,142,76,255,57,128,79,177,167,140,0,121,208,187,55,0,97,118,154,0,180,22,34,255,201,116,92,22,0,133,222,77,0,203,167,146,172,53,0,220,0,69,184,153,162,93,93,41,255,147,46,132,54,0,255,0,246,15,89,255,0,255,0,255,0,0,127,64,61,130,0,255,255,80,65,255,40,239,252,150,255,162,255,255,172,255,223,55,0,0,255,104,90,255,121,57,49,255,58,255,0,27,205,0,255,140,16,103,0,208,144,0,0,255,137,255,95,0,59,255,0,105,149,0,249,255,255
166,29,153,86,231,58,107,66,193,192,138,8,133,249,130,48,56,95,145,184,0,245,97,46,138,208,210,160,130,1,57,114,39,0,158,127,117,126,215,0,142,9,0,156,173,182,148,120,55,255,89,199,64,65,52,213,72,127,74,52,255,83,110,89,202,96,0,11,107,110,248,0,255,210,142,0,124,83,209,255,55,205,126,255,255,247,209,53,17,0,0,255,140,39,76,21,52,32,255,52,255,0,0,102,4,255,170,43,187,104,44,0,0,0,255,104,151,0,0,209,228,86,165,180,0,255,255,255
167,26,151,80,243,63,110,52,212,211,149,1,124,255,143,53,0,144,163,173,0,195,41,0,249,188,190,198,120,0,22,146,77,0,132,143,120,153,229,0,157,0,28,206,255,163,127,121,89,255,189,208,96,69,19,255,35,98,14,47,255,46,134,110,255,57,0,16,76,153,255,0,255,255,164,8,173,20,210,255,139,191,89,255,255,246,255,0,61,0,0,255,126,99,186,48,154,63,255,74,255,51,0,251,20,255,134,108,200,0,140,26,0,0,255,0,225,0,0,226,153,137,85,62,0,255,255,255
155,24,142,73,235,52,92,65,206,204,116,37,163,231,133,22,2,109,139,170,0,164,18,45,219,184,255,170,135,0,17,156,57,0,98,125,123,128,184,56,102,13,0,162,215,179,94,120,0,255,255,141,0,115,71,255,80,146,0,167,190,20,1,42,255,11,0,77,110,114,255,0,255,215,197,0,173,83,228,255,0,219,173,255,255,220,255,80,11,0,0,255,16,142,215,0,127,0,255,66,255,0,0,162,43,255,133,47,47,83,64,7,0,0,255,20,255,0,0,255,170,56,0,244,0,255,255,255
160,23,134,68,255,64,100,70,225,206,138,6,153,255,182,53,0,109,142,236,0,140,0,28,255,247,255,130,98,0,39,255,11,0,103,152,179,239,121,13,255,0,0,187,145,202,174,42,75,255,251,171,93,41,26,255,0,120,0,88,255,32,142,51,255,10,0,9,36,150,255,0,255,223,255,0,172,22,255,255,30,255,120,255,255,196,255,95,0,0,0,255,128,141,199,0,214,0,255,79,255,0,0,170,0,255,216,10,0,0,40,68,0,0,255,25,214,0,0,248,255,201,108,101,0,255,255,255
158,21,144,74,255,50,128,74,205,174,122,0,135,247,181,41,0,81,136,177,0,151,0,36,255,227,175,121,43,0,92,254,60,0,208,178,147,183,87,0,235,0,34,245,168,150,121,66,19,255,209,101,63,47,0,255,4,237,0,80,255,9,248,0,255,0,0,95,48,73,220,0,255,255,68,40,255,0,255,198,169,255,228,255,255,225,255,134,0,0,8,255,132,65,255,20,100,55,255,0,255,0,12,195,0,255,94,0,7,0,151,18,0,0,255,98,255,53,0,99,255,0,164,255,0,255,255,255
150,14,136,49,255,51,141,88,181,165,119,34,133,249,255,74,0,104,48,70,0,191,0,65,255,255,155,87,0,0,160,255,70,0,194,128,123,189,0,0,255,0,86,221,121,206,53,62,21,255,86,0,67,50,0,225,0,255,42,88,254,0,243,8,255,0,0,162,0,0,138,0,255,255,137,0,255,189,255,255,83,255,227,255,255,125,255,255,0,0,0,255,111,167,255,81,122,0,255,66,255,0,106,42,0,255,95,0,0,0,145,166,0,0,239,66,255,193,0,13,255,0,82,255,0,225,255,255
152,14,137,57,255,49,141,98,206,162,100,32,133,255,249,68,0,96,77,72,0,189,0,36,217,255,188,124,0,0,163,255,67,0,158,112,174,245,0,0,222,35,74,168,149,195,54,93,3,255,79,17,62,5,0,189,0,255,66,126,255,0,240,19,255,0,16,149,17,0,108,0,255,232,70,0,250,197,255,219,108,255,226,255,255,209,255,255,0,0,0,255,177,160,255,15,54,79,255,84,255,0,135,28,0,255,104,0,0,1,102,196,0,0,255,132,255,83,0,0,255,0,233,255,0,233,255,255
158,18,147,78,217,48,127,86,160,193,89,13,135,169,123,74,16,163,114,134,0,192,67,61,201,207,141,68,21,0,171,171,131,31,194,166,177,146,0,137,191,131,123,255,205,148,35,57,0,255,90,28,21,77,0,163,39,255,43,95,234,79,233,68,223,0,0,89,132,92,195,0,255,255,176,39,206,208,237,97,227,255,242,255,255,115,255,255,17,19,27,243,157,124,253,115,88,21,255,20,255,0,158,124,0,255,153,59,80,139,255,119,0,0,177,0,206,58,0,141,176,0,46,255,0,212,255,255
158,23,145,74,228,54,116,73,148,182,128,51,141,166,171,61,0,138,131,146,0,242,40,89,165,211,170,91,87,0,111,183,68,23,174,152,172,127,0,62,211,91,118,172,127,148,79,41,33,255,122,108,97,70,0,166,82,165,91,117,255,90,135,173,255,47,89,0,117,0,178,0,255,251,126,27,143,140,255,177,219,196,215,245,255,123,228,171,4,2,27,255,197,37,177,111,69,78,248,145,255,0,70,98,0,255,179,35,0,144,146,185,18,98,251,5,159,40,0,94,255,43,127,255,0,245,255,255
169,33,178,83,226,49,110,77,193,187,124,14,153,182,119,27,41,120,147,99,0,210,139,62,154,243,136,130,165,33,133,129,117,15,64,217,149,61,121,129,91,46,13,145,129,133,82,128,28,255,108,231,0,93,0,159,27,81,147,116,255,99,132,150,196,45,0,63,137,69,115,0,255,139,0,113,162,52,155,255,203,194,157,255,255,149,228,201,115,0,32,216,248,133,16,181,7,43,255,90,255,0,103,110,0,255,102,0,194,224,185,109,0,0,247,34,141,73,0,143,255,15,97,109,0,239,255,255
159,27,148,82,240,52,121,80,158,170,144,49,160,190,129,44,21,111,142,149,0,246,78,110,197,180,158,121,103,0,130,172,87,19,175,147,138,131,0,29,187,40,113,194,131,143,53,72,12,255,153,118,64,119,0,214,86,124,58,107,255,54,124,130,232,21,16,52,118,0,135,0,255,212,12,42,178,83,197,196,219,236,187,255,255,200,208,139,1,0,40,255,202,116,167,171,78,37,221,129,255,0,16,125,0,255,155,21,48,106,201,161,0,125,255,28,141,34,0,123,255,0,114,169,0,200,255,255
154,20,142,62,250,53,117,99,191,151,117,35,125,211,193,55,0,106,106,76,0,229,71,79,196,232,182,155,35,0,155,201,107,12,133,149,133,165,0,38,157,37,79,206,166,147,71,144,0,255,131,53,63,105,0,158,17,177,78,119,255,0,168,177,255,0,46,64,39,19,156,0,255,179,0,56,224,147,255,251,85,255,208,222,255,138,241,197,0,0,0,255,149,159,255,128,119,4,255,73,255,0,127,56,0,255,94,0,27,42,217,54,0,0,255,20,255,161,0,13,255,0,111,255,0,157,255,255
160,25,145,77,255,66,139,82,176,168,125,0,122,197,172,57,0,117,125,132,0,177,32,44,230,201,125,126,22,0,167,211,72,0,143,166,130,191,44,17,176,68,66,197,150,154,92,64,74,255,108,70,118,54,0,214,0,255,74,77,255,0,254,42,255,0,0,114,54,78,122,0,255,255,96,77,255,48,222,199,172,255,197,255,242,182,255,214,56,0,0,255,130,96,255,162,58,56,255,114,255,0,59,200,0,255,126,83,136,40,187,213,0,0,187,90,255,70,0,53,255,0,142,197,0,216,255,255
167,31,166,52,255,54,142,121,212,187,131,11,162,185,206,55,0,83,127,92,0,255,62,0,171,255,151,186,72,0,110,167,32,6,123,203,201,161,126,6,178,65,0,255,103,145,6,210,31,255,171,130,39,77,0,246,0,255,73,102,255,65,174,1,235,0,0,42,148,67,21,0,255,149,0,48,255,0,222,255,129,255,255,255,255,255,204,139,0,0,8,255,255,255,124,66,88,164,255,20,255,0,0,195,0,255,28,0,214,0,1,55,0,0,255,69,255,26,0,14,255,0,225,237,0,255,255,255
159,27,150,73,255,55,134,81,177,173,130,0,146,214,185,49,0,105,134,123,0,198,52,44,230,255,110,80,55,0,177,253,33,0,169,165,152,166,14,15,166,12,74,161,138,130,35,0,28,255,118,107,65,50,0,244,0,235,65,74,255,31,255,0,255,0,0,132,121,30,93,0,255,225,42,17,220,74,255,255,157,255,148,255,255,139,255,255,21,0,22,255,208,39,255,29,19,24,255,53,255,0,21,113,0,255,128,0,108,87,182,160,0,0,230,126,244,114,0,88,255,18,127,225,0,255,255,255
164,27,149,94,222,48,123,59,150,171,137,24,158,172,73,18,71,110,162,165,0,212,145,85,156,160,119,149,122,0,61,89,84,29,180,207,62,36,64,61,84,60,103,159,123,114,63,139,53,255,132,141,74,83,0,230,118,90,39,40,219,42,122,148,178,52,0,21,169,50,91,0,254,190,0,110,109,17,161,213,184,228,151,255,219,225,217,109,118,0,8,255,145,82,110,217,81,30,255,87,255,0,0,149,58,255,153,150,201,198,141,135,0,159,222,0,139,20,0,109,231,0,50,111,0,161,255,255
157,21,142,75,255,63,131,82,193,167,130,0,151,212,183,54,0,101,122,151,0,172,0,53,255,207,147,99,26,0,148,225,59,0,175,138,131,193,41,0,215,24,62,221,143,141,108,44,37,255,169,47,73,44,0,253,0,255,37,86,255,0,255,0,255,0,0,121,52,49,153,0,255,255,108,51,255,68,214,174,223,255,202,255,255,202,255,231,13,0,0,255,79,110,255,56,29,83,255,80,255,0,78,136,0,255,125,27,25,0,187,158,0,0,229,68,255,109,0,77,255,0,90,239,0,255,255,255
163,23,138,93,231,57,100,69,178,185,154,0,120,193,138,22,5,123,141,154,0,201,73,47,244,145,158,148,59,0,97,167,121,0,172,176,160,136,90,0,203,23,125,191,227,156,131,123,50,255,168,90,103,73,0,237,49,83,60,79,255,42,155,77,202,16,0,48,83,89,147,0,249,247,41,86,211,64,202,221,179,255,123,255,237,220,255,148,85,0,0,219,129,118,239,174,76,38,255,59,255,0,22,249,0,255,141,117,190,31,230,148,0,0,255,91,255,99,0,168,255,0,81,77,0,179,255,255
157,20,143,68,255,52,131,82,193,176,130,0,121,200,208,61,0,94,103,130,0,189,0,36,255,233,137,91,0,0,125,236,73,0,175,180,121,182,56,0,240,17,40,220,137,208,101,131,31,255,96,18,106,44,0,255,0,255,14,72,255,11,255,0,255,0,0,115,42,51,178,0,255,255,118,73,255,32,248,190,150,255,241,255,255,178,255,149,15,0,0,255,119,110,255,88,77,48,255,74,255,0,65,255,0,255,117,20,36,0,158,125,0,0,255,73,255,55,0,49,255,0,119,255,0,255,255,255
160,22,147,72,246,48,130,80,205,182,133,0,129,175,197,46,0,117,128,148,0,234,71,57,255,189,125,122,29,0,92,175,65,0,179,169,91,104,131,31,207,24,34,215,171,193,108,213,0,255,124,42,92,69,0,251,2,189,4,83,255,32,182,19,255,0,0,91,93,53,119,0,255,255,30,139,255,0,193,222,168,255,234,255,255,227,255,84,4,0,0,255,130,91,255,148,71,13,255,86,255,0,91,255,0,255,60,0,102,0,189,51,0,0,255,78,255,38,0,0,255,0,86,246,0,255,255,255
162,26,147,80,230,55,114,69,185,177,152,0,138,193,123,8,12,105,170,181,0,199,83,69,230,155,134,165,101,0,72,151,76,0,180,180,116,112,125,15,175,7,43,213,219,149,118,183,37,255,198,114,80,86,0,255,65,119,0,97,255,45,153,68,248,0,0,31,85,100,134,0,246,217,0,132,195,0,217,198,235,255,199,255,255,244,243,49,58,0,0,255,119,133,255,163,67,14,255,80,255,0,0,233,0,255,138,55,165,4,223,37,0,0,255,25,255,86,0,103,255,0,108,133,0,255,255,255
159,22,146,73,255,59,138,76,205,178,135,0,133,213,197,52,0,101,123,149,0,199,14,55,255,184,145,140,13,0,111,215,40,0,168,147,84,169,111,0,219,0,22,249,174,186,141,117,64,255,128,51,123,67,0,255,0,255,13,50,255,0,239,0,255,0,0,99,66,76,157,0,255,255,128,119,255,0,206,216,232,255,240,255,255,209,255,77,0,0,0,255,68,66,255,100,99,42,255,100,255,0,81,255,0,255,74,20,76,0,137,83,0,0,255,85,255,71,0,17,255,0,82,255,0,255,255,255
165,24,144,84,231,58,110,71,206,191,147,2,134,166,145,17,24,123,164,161,0,217,107,40,248,132,174,193,54,0,66,147,76,0,153,170,140,108,175,0,163,50,61,209,255,169,123,235,38,255,180,90,93,79,0,218,33,99,21,95,255,48,114,53,221,27,0,64,120,124,104,0,255,237,0,131,231,0,153,220,214,255,171,255,216,255,255,31,34,0,0,252,125,143,235,187,100,6,255,61,255,0,35,255,0,255,98,90,254,0,217,26,0,0,255,47,255,32,0,95,255,0,67,122,0,208,255,255
160,22,147,71,254,68,139,72,196,183,131,5,135,182,174,74,0,118,137,155,0,216,18,54,232,200,164,133,42,0,94,170,75,0,154,157,94,151,107,0,190,49,33,201,148,170,90,147,51,255,133,58,137,55,0,234,29,225,29,94,255,18,187,73,255,0,0,100,58,37,166,0,255,255,49,90,255,14,154,184,197,255,195,255,255,228,255,97,36,0,0,255,106,78,251,151,91,89,255,108,255,0,111,255,0,255,75,63,71,9,198,112,0,0,255,31,255,0,0,7,255,0,125,230,0,243,255,255
161,26,151,74,243,59,127,72,187,168,147,0,139,204,153,42,0,98,145,168,0,184,56,43,222,183,119,147,100,0,63,152,59,0,159,177,135,98,127,26,159,0,0,198,147,139,83,146,83,255,208,89,96,111,0,255,36,206,26,97,255,0,108,46,255,3,0,69,44,65,112,0,255,244,0,92,219,0,205,247,207,255,197,255,255,212,252,116,40,0,22,255,84,126,242,185,93,36,255,101,255,0,0,218,0,255,111,17,131,0,182,69,0,0,255,62,255,28,0,102,255,0,75,116,0,255,255,255
164,30,157,94,228,62,95,67,175,190,136,2,125,209,154,40,73,99,122,142,0,222,107,65,122,149,198,156,188,11,63,87,104,0,190,135,118,122,160,30,120,40,0,112,163,170,159,145,73,255,129,187,47,136,71,181,133,42,124,136,231,81,68,101,111,89,0,50,144,8,182,53,255,217,32,120,203,79,124,255,148,195,94,255,217,166,106,91,78,0,67,254,132,62,131,151,47,56,204,115,185,0,0,65,28,255,93,74,185,99,39,0,0,97,202,156,221,81,0,138,212,84,85,192,0,255,255,255
