149,26,113,27,255,84,135,44,109,219,176,10,83,175,32,76,166,69,193,114,25,255,19,84,215,174,14,255,113,9,98,255,27,107,0,215,96,113,0,207,207,121,0,104,176,255,5,183,255,231,255,0,242,182,144,115,241,0,222,234,66,255,0,162,198,108,162,0,255,99,26,164,132,124,143,255,150,181,106,255,0,65,189,0,38,0,144,42,255,81,0,255,209,158,185,112,148,0,171,60,52,44,215,0,0,246,110,255,255,255,255,110,0,77,94,81,220,91,206,0,145,105,0,255,178,0,0,255
145,22,126,13,255,91,141,75,101,255,132,53,65,145,50,131,108,88,166,109,82,255,30,47,206,112,83,255,105,50,109,224,0,158,0,255,49,81,40,156,195,105,0,186,234,255,59,104,255,208,255,0,233,149,152,0,255,0,245,252,84,255,0,136,67,158,159,71,255,0,194,132,0,155,129,165,166,228,1,255,0,113,249,0,66,0,165,138,255,134,0,255,82,110,142,109,0,126,0,207,131,95,185,126,0,255,120,255,218,255,255,108,0,61,235,11,255,255,19,208,240,41,0,255,118,0,0,255
150,23,124,40,255,79,122,50,100,223,166,37,76,135,88,107,70,88,164,148,16,255,54,91,192,104,101,195,105,26,116,226,0,136,37,231,87,51,19,139,224,84,0,156,188,241,100,108,255,212,240,14,213,166,95,59,255,0,164,178,150,255,0,124,135,156,89,21,255,0,129,123,104,211,154,199,172,146,91,255,0,100,212,41,159,0,171,77,255,33,7,255,128,108,131,196,83,0,45,195,115,27,128,0,0,192,142,255,250,244,255,41,0,117,188,0,255,224,77,120,208,95,0,192,83,0,0,255
141,21,105,26,255,69,110,72,100,239,185,6,53,144,67,84,134,79,185,76,30,255,0,117,255,155,25,234,58,0,68,255,0,110,0,238,118,74,0,202,187,108,0,169,156,255,58,250,255,224,255,0,241,160,114,129,244,0,224,242,40,255,0,131,190,136,251,0,235,42,73,141,0,28,147,180,224,255,34,255,0,110,225,0,84,0,153,15,255,1,0,251,255,130,162,41,74,0,86,108,91,34,255,0,0,248,21,255,255,255,255,111,0,73,204,86,255,175,95,0,255,52,0,255,245,0,0,255
145,23,117,25,255,84,124,69,97,246,155,36,78,138,82,111,106,89,188,79,60,255,15,93,213,123,95,248,59,3,119,255,0,138,0,255,91,58,0,165,200,101,0,167,231,255,83,154,255,206,255,0,222,176,101,77,219,0,208,255,104,255,0,181,146,129,192,55,236,0,135,166,11,109,160,131,171,182,73,255,0,114,206,0,97,0,152,46,255,60,0,207,215,137,175,108,0,0,25,255,93,74,161,0,0,246,82,255,231,255,255,130,0,43,243,0,255,255,39,100,255,17,0,255,155,0,0,255
155,27,141,87,255,75,132,75,109,218,158,123,182,110,76,82,129,72,185,153,8,255,91,133,177,75,137,106,49,59,147,151,67,147,117,215,62,35,48,121,166,201,35,167,150,173,43,121,145,146,226,63,109,183,74,154,166,53,189,229,255,110,118,54,86,82,137,75,255,0,173,107,184,255,134,135,124,102,69,20,7,91,218,91,73,79,67,103,255,0,137,215,198,177,42,68,0,72,30,198,230,21,78,189,0,225,162,222,244,237,255,14,0,180,255,0,85,91,0,255,199,19,0,57,255,72,0,255
155,31,156,32,255,58,117,58,114,227,132,130,64,243,169,126,69,134,205,66,18,255,55,85,129,200,68,255,90,0,194,180,123,180,0,202,0,89,67,99,177,107,19,69,255,255,116,219,40,235,235,25,129,255,131,144,250,80,158,255,130,179,127,0,120,72,83,39,163,51,2,110,61,166,117,64,160,191,160,209,46,255,249,117,69,61,76,153,84,30,0,188,159,255,255,255,0,0,191,251,35,0,0,0,0,194,130,64,104,92,206,96,90,0,185,153,245,188,0,169,172,0,100,114,12,20,162,255
155,22,145,81,255,40,115,77,162,194,57,122,157,166,58,86,136,55,163,127,18,197,88,21,127,119,111,235,72,95,164,77,83,145,0,255,0,101,59,187,30,164,36,0,252,255,57,98,136,202,242,130,14,48,36,89,131,0,136,208,58,206,118,0,86,48,0,84,250,0,166,0,144,225,255,134,214,145,142,113,98,144,255,170,167,28,5,26,255,1,36,138,61,149,69,47,47,73,115,245,140,73,15,186,48,255,177,10,106,255,209,172,0,115,255,77,156,0,0,255,209,0,74,59,147,213,44,255
157,32,167,92,255,71,156,95,137,209,144,141,149,168,102,117,120,137,206,73,0,255,97,61,82,103,127,211,129,120,121,95,195,84,57,214,103,127,170,167,152,125,72,173,125,177,138,106,141,176,238,58,142,255,50,172,124,97,247,236,255,134,116,219,185,169,247,77,255,0,145,163,155,238,214,78,94,119,59,175,154,127,171,187,117,15,57,205,180,68,136,98,233,201,95,165,7,3,87,246,229,0,177,175,0,237,153,161,133,85,255,102,63,177,255,171,92,112,0,255,58,21,6,22,255,61,0,255
158,33,192,99,255,73,114,106,137,207,140,139,122,161,160,157,57,187,154,40,0,255,63,117,85,101,123,161,189,118,160,66,213,153,108,152,63,111,103,174,74,170,86,213,167,120,149,63,86,243,192,26,171,255,0,140,63,101,255,216,246,122,97,144,170,157,179,138,255,106,160,144,167,255,143,43,1,207,60,199,157,91,231,165,123,92,134,255,177,199,198,184,240,151,65,234,0,0,190,176,255,0,190,77,0,136,165,212,179,192,255,77,99,75,255,255,166,129,0,125,0,88,12,86,255,103,92,255
154,34,154,73,255,71,126,84,105,211,135,137,85,196,123,114,65,108,202,53,0,255,107,81,140,141,0,182,47,47,197,201,134,155,0,255,52,71,105,182,155,180,50,59,255,255,100,136,109,183,255,49,64,248,121,187,161,48,251,255,226,150,119,82,240,122,228,60,212,10,96,180,131,185,178,4,155,104,149,92,103,117,247,136,95,0,2,59,144,37,0,126,255,158,125,109,39,3,54,225,43,0,0,165,0,187,76,158,109,206,255,156,0,63,250,156,62,138,0,255,172,36,199,235,255,132,73,255
158,34,161,90,255,57,116,80,146,203,77,166,135,161,85,109,132,75,169,38,0,255,93,55,103,142,2,255,72,131,171,129,168,173,0,255,0,42,139,251,159,185,89,0,244,255,135,111,129,165,245,137,58,232,61,255,153,0,199,255,207,88,158,16,184,85,94,36,230,57,106,83,240,216,255,27,195,86,220,27,255,116,255,140,92,0,0,0,255,0,128,70,217,158,9,57,139,54,18,144,104,0,0,207,24,218,0,0,85,217,255,69,0,91,255,213,97,89,0,255,129,34,250,165,255,186,124,255
155,34,156,71,255,70,153,76,105,208,147,141,111,234,114,156,83,158,181,27,0,255,80,69,138,149,79,250,110,8,156,127,170,80,84,211,78,79,175,148,224,69,94,137,145,235,124,71,124,232,230,30,141,255,28,238,157,147,255,255,255,68,111,207,159,69,255,71,255,0,128,146,158,255,185,0,133,107,54,228,138,121,123,199,157,0,95,122,95,0,28,167,252,183,230,255,157,0,63,202,213,27,33,141,0,183,115,151,114,53,255,115,16,112,223,122,162,145,0,190,109,74,107,145,255,0,0,255
151,32,142,50,255,81,122,61,75,243,153,104,57,152,149,123,0,135,178,84,6,255,0,46,177,148,79,222,106,0,170,200,19,150,39,255,53,43,84,186,193,74,0,78,202,255,159,113,195,220,255,74,162,255,38,194,203,79,227,255,169,224,46,180,154,121,147,50,192,0,159,207,85,222,208,113,120,99,52,213,0,132,155,117,102,0,140,110,247,135,2,160,175,144,255,200,0,0,31,255,61,0,0,98,0,97,143,137,207,150,255,71,0,0,193,64,255,255,0,255,200,177,21,98,22,51,0,255
155,34,166,83,255,65,163,96,132,211,129,155,156,178,73,152,120,137,196,68,0,255,70,56,117,111,139,247,153,110,108,90,192,74,89,255,39,84,255,145,156,105,17,239,87,255,102,1,106,226,241,77,162,255,13,85,99,94,255,255,255,148,186,185,184,55,247,93,255,0,218,164,177,228,248,60,73,107,62,63,100,190,205,255,95,0,57,224,253,102,84,77,138,255,153,134,70,29,33,155,230,5,67,253,0,254,170,110,69,167,255,154,0,215,255,54,111,95,0,255,92,3,39,40,255,0,0,255
153,26,178,69,255,72,150,129,172,218,80,170,163,175,67,133,140,148,150,52,35,255,44,69,82,138,108,240,185,166,167,63,199,40,84,255,36,91,227,79,244,166,0,182,135,255,168,65,29,152,214,88,80,194,111,66,160,7,207,255,244,113,103,71,120,73,207,41,202,0,150,160,119,216,179,9,87,185,149,149,0,180,255,255,0,3,61,255,255,24,255,100,0,220,52,165,12,200,24,240,67,0,146,224,0,237,178,35,80,196,255,255,99,59,255,109,255,210,0,255,210,79,0,46,255,0,45,255
153,26,167,71,255,51,141,135,151,217,110,130,202,184,40,59,190,146,149,77,44,255,116,110,84,88,101,186,103,106,172,102,172,57,86,255,68,7,196,139,196,218,39,111,81,248,68,91,7,134,156,71,68,211,77,155,233,0,105,255,255,180,132,76,91,92,249,20,185,22,110,198,220,190,205,46,67,65,200,176,29,155,255,148,37,17,64,255,166,59,230,83,98,81,42,177,0,189,165,255,43,0,153,255,0,255,228,193,23,255,255,255,161,97,255,0,53,152,0,255,255,12,0,100,255,69,0,255
153,28,169,57,255,29,198,112,174,255,57,177,215,186,0,65,192,147,128,94,81,255,168,97,154,39,178,255,122,132,55,46,135,0,90,255,26,88,203,176,255,118,0,255,70,255,132,0,143,174,216,0,93,210,31,69,134,52,211,255,217,255,255,139,51,0,255,46,255,0,217,39,145,248,255,49,32,157,0,255,44,255,219,255,0,37,148,255,255,69,0,118,21,240,238,0,79,253,206,203,74,44,255,255,0,255,255,255,0,255,37,255,30,176,255,0,167,120,0,255,255,0,0,0,255,93,131,255
154,23,160,80,213,9,150,67,176,213,63,154,187,171,0,55,163,95,166,102,25,255,133,67,116,116,188,234,134,115,29,62,109,13,85,255,72,34,224,129,157,58,0,255,65,255,116,16,48,248,146,19,11,217,11,100,151,150,181,255,163,215,182,130,181,0,255,48,255,0,133,24,226,255,255,148,46,29,0,163,109,255,244,255,174,92,71,239,196,0,65,153,16,219,150,92,166,9,252,134,75,53,125,255,0,255,197,91,53,183,66,206,0,193,255,0,107,59,0,255,255,0,0,139,211,186,6,255
157,36,183,95,255,58,154,121,175,200,88,154,201,191,11,128,159,144,163,37,0,255,95,96,117,113,92,221,169,122,134,73,227,39,130,255,0,112,181,96,182,158,40,255,115,255,120,0,98,204,132,28,131,255,59,164,102,18,209,167,255,133,104,123,185,107,255,68,255,0,105,159,161,192,204,0,78,79,85,144,244,214,222,255,0,0,45,194,207,9,135,90,129,159,36,101,99,136,72,120,103,0,145,255,0,255,155,119,111,250,255,233,42,226,255,158,179,133,0,255,176,131,0,123,255,0,2,255
153,27,167,85,255,38,146,118,180,210,98,147,205,184,35,87,149,119,134,31,4,255,85,90,119,151,161,220,158,133,92,83,208,10,118,255,46,87,220,183,254,169,29,233,52,255,182,0,50,212,136,0,118,255,71,102,95,18,164,175,218,11,94,110,106,57,255,16,255,0,199,141,175,190,237,0,106,142,105,132,157,255,162,255,94,91,122,246,255,0,170,80,58,253,0,196,156,0,132,153,130,0,182,240,0,255,142,87,93,255,251,207,27,136,255,89,178,136,0,255,162,76,0,179,255,0,11,255
151,16,164,38,183,6,161,121,164,255,40,177,171,189,0,24,184,105,2,86,176,255,164,66,147,55,162,255,169,164,62,0,108,0,112,255,63,2,255,179,255,145,0,255,63,255,255,0,104,152,226,0,69,57,138,0,120,0,220,156,104,255,226,131,8,0,255,0,255,47,177,13,73,255,255,129,0,255,13,255,0,181,255,193,0,0,255,255,255,255,27,229,0,102,255,117,136,255,255,255,154,39,255,255,0,230,253,136,0,255,0,255,71,0,255,0,155,242,0,246,255,0,0,0,6,204,12,255
151,18,171,36,199,19,178,139,164,255,42,177,158,195,0,55,195,109,0,50,142,255,167,48,126,84,117,255,215,186,80,0,157,0,127,255,80,3,239,212,255,173,0,255,0,255,255,0,62,134,169,0,13,129,151,0,124,0,187,65,123,255,234,137,0,0,255,0,255,106,106,38,85,255,255,81,0,255,68,255,24,153,255,225,0,0,255,255,255,247,50,222,0,39,255,165,151,255,255,255,163,0,255,255,0,234,193,107,0,255,0,255,83,0,255,63,59,255,0,255,255,0,0,0,94,159,0,255
155,15,174,25,232,79,160,121,171,242,34,172,91,255,84,175,132,137,60,124,111,242,111,29,181,136,39,255,243,129,129,50,225,0,88,255,55,73,255,67,255,186,0,255,217,255,193,38,151,255,255,35,84,114,253,0,153,0,255,255,167,205,190,52,0,13,217,29,255,0,28,58,8,183,255,11,125,255,0,177,0,162,255,72,34,4,138,255,162,203,0,255,0,255,60,184,0,255,255,120,230,0,18,255,0,255,89,16,29,255,0,255,20,0,156,158,121,38,0,255,255,0,0,133,71,0,98,255
155,16,177,23,181,21,179,127,159,255,51,178,170,200,0,73,176,137,0,80,184,255,203,9,136,71,85,255,253,208,61,0,169,0,95,255,97,43,249,254,255,141,0,255,25,255,253,0,164,156,197,0,133,84,183,0,150,0,245,143,136,255,222,126,0,0,255,0,255,57,59,22,75,245,255,92,0,255,2,255,83,145,255,133,0,0,241,255,255,255,120,255,0,54,255,126,132,255,255,255,211,0,255,216,0,255,185,170,29,255,0,225,135,0,108,0,230,195,0,79,255,0,0,0,73,215,0,255
151,22,173,36,243,45,194,125,166,255,59,206,191,214,0,72,182,150,43,71,152,255,142,107,164,40,170,255,117,158,66,50,154,0,70,255,45,90,189,173,255,96,0,255,66,255,168,0,115,137,255,0,114,137,123,0,151,0,233,252,191,227,224,163,0,0,255,20,255,0,231,50,62,255,255,31,47,255,0,255,0,207,255,255,0,0,217,255,255,93,106,151,0,253,222,121,136,255,161,255,95,117,255,255,0,255,255,252,0,255,62,255,120,0,255,0,198,241,0,255,255,0,0,0,207,89,142,255
156,19,180,24,220,55,181,139,170,255,50,180,138,182,12,135,156,141,9,70,164,255,177,24,77,97,102,255,247,234,89,0,139,0,126,255,44,13,255,170,255,120,0,255,66,255,252,0,97,169,231,25,28,110,169,0,131,0,192,115,159,214,197,140,0,0,255,0,255,0,89,116,58,195,255,106,0,255,92,255,0,111,255,202,0,0,255,255,255,213,195,255,0,109,255,226,27,255,222,255,123,0,255,213,0,253,191,75,0,255,0,241,72,0,250,32,189,255,0,255,255,0,0,0,142,0,90,255
151,20,165,59,230,57,163,139,154,255,69,178,145,187,52,98,157,99,22,4,84,255,97,48,122,167,116,243,169,180,163,11,179,0,151,255,88,13,242,195,255,111,30,209,0,255,249,51,0,140,152,0,0,210,141,54,124,0,185,85,130,106,123,172,51,0,255,0,216,32,107,161,159,211,255,0,8,255,50,228,44,108,255,233,0,0,172,255,255,16,255,152,0,128,79,182,184,178,65,255,230,0,255,171,0,226,44,0,76,229,224,237,73,0,255,179,141,255,0,255,255,8,0,0,255,0,27,255
159,13,145,93,176,0,131,75,138,226,95,103,168,183,62,24,117,85,150,139,54,185,185,0,74,119,192,199,189,182,55,36,145,0,182,255,46,0,184,161,98,147,102,182,90,255,147,104,56,237,25,0,87,53,130,64,169,51,67,168,129,123,93,70,102,0,206,0,162,33,103,90,255,220,255,117,11,121,9,255,100,255,177,170,175,80,146,146,183,45,188,159,70,149,28,217,221,0,189,120,39,0,56,199,0,255,39,57,152,255,70,58,0,48,255,0,86,78,0,165,150,0,0,138,113,250,182,255
154,30,112,54,255,58,97,40,58,199,244,0,99,99,137,50,0,118,214,156,0,255,17,31,155,86,107,137,138,39,82,213,0,140,160,255,205,0,18,253,253,74,18,49,26,255,83,19,203,224,238,73,182,169,24,171,252,50,189,182,176,216,0,234,110,184,255,0,181,0,86,248,255,223,124,157,64,0,96,255,0,139,114,0,47,0,195,83,254,163,59,228,255,178,255,236,141,0,24,124,11,0,39,0,0,0,255,198,255,255,255,57,0,0,0,74,205,255,204,165,200,255,51,131,217,85,0,255
150,23,103,36,255,63,105,40,71,212,237,0,88,37,155,66,0,136,223,205,1,228,0,13,203,66,113,109,184,23,57,255,0,159,170,255,255,0,0,255,255,34,0,109,13,255,136,25,255,253,232,103,203,119,10,152,228,0,171,112,173,255,0,255,158,198,254,0,141,0,60,255,156,241,156,201,43,0,56,255,0,114,125,0,17,0,217,126,255,176,120,255,255,143,227,142,83,0,20,179,48,0,53,0,0,45,205,177,255,255,255,89,0,7,0,0,255,255,255,150,255,255,0,124,165,73,0,255
154,34,117,42,255,74,119,44,63,203,223,0,93,89,73,56,0,119,219,140,0,255,49,49,166,34,84,180,92,49,117,182,0,148,125,251,200,30,93,251,216,64,0,122,54,255,94,106,255,226,255,128,195,224,0,216,255,2,181,179,178,225,0,255,192,205,255,15,173,0,65,255,239,193,95,183,58,0,37,255,0,178,92,20,43,0,163,47,250,147,2,255,255,185,255,204,132,0,0,128,0,0,62,0,0,18,154,255,255,255,255,62,0,0,20,128,241,255,204,181,189,255,0,239,255,0,0,255
155,36,130,44,255,84,133,71,54,217,238,10,52,141,96,102,0,150,209,114,1,255,17,25,166,56,62,206,161,54,88,136,39,157,143,255,185,41,227,254,188,36,0,213,34,255,174,70,195,215,255,59,232,224,27,221,224,64,246,203,223,177,66,255,244,181,255,0,99,0,75,255,229,194,61,112,0,21,11,255,46,157,47,94,101,0,176,178,255,174,0,255,255,208,255,228,169,0,0,106,60,0,74,0,0,0,32,255,238,175,255,19,0,0,0,160,217,255,56,219,78,255,0,240,255,0,0,255
150,29,109,34,255,71,124,68,69,213,235,0,75,125,171,71,0,148,207,161,0,255,0,0,165,81,123,173,114,99,95,225,0,150,134,255,255,0,140,235,183,2,0,152,0,246,122,60,250,255,255,83,164,116,43,188,219,0,203,145,200,207,0,255,196,227,255,40,42,0,52,255,255,142,117,167,8,69,36,255,0,255,101,0,105,0,255,123,223,190,52,255,255,255,255,169,67,0,82,68,105,0,176,0,0,50,118,142,199,255,255,128,0,0,12,122,255,255,148,152,245,255,0,251,255,0,2,255
153,31,133,32,255,99,141,86,101,207,174,59,123,157,77,114,52,172,185,148,41,255,49,67,137,64,141,224,123,56,156,141,77,167,85,223,184,43,172,219,150,128,0,172,0,175,59,129,200,255,255,112,149,216,103,162,210,0,195,255,255,88,43,255,140,134,255,84,111,0,149,255,255,134,127,103,4,65,50,255,0,183,150,24,0,16,168,201,164,108,0,255,255,255,151,255,89,0,135,134,216,0,179,0,10,243,124,255,94,255,255,174,0,0,86,62,129,255,138,159,41,197,0,163,255,0,0,255
154,25,106,30,255,72,157,45,82,192,204,0,75,106,49,116,15,151,226,183,0,229,0,0,199,31,47,97,196,64,103,212,15,209,127,255,255,81,242,255,199,26,0,94,0,245,54,139,238,255,194,143,137,251,0,119,130,0,229,155,191,240,145,255,208,140,255,99,211,0,63,255,255,144,245,194,0,3,0,255,49,255,123,54,31,0,100,199,255,224,0,255,255,210,255,89,115,0,96,19,216,0,255,0,0,143,111,185,164,255,241,193,0,97,95,68,87,255,191,23,204,255,0,255,255,0,0,255
155,32,131,38,255,68,138,95,90,213,208,39,144,127,78,95,56,163,199,129,81,255,119,76,104,0,155,219,63,166,68,125,34,162,149,255,235,0,208,255,153,48,0,210,0,233,159,115,173,247,255,139,118,94,115,152,255,30,241,119,226,129,66,255,102,200,255,0,7,0,135,255,255,38,48,117,0,85,0,255,105,255,195,65,0,32,99,146,254,117,0,240,255,255,173,172,94,0,35,157,178,13,255,0,0,22,172,225,61,255,255,241,0,77,167,79,157,255,104,215,166,168,2,114,255,0,0,255
153,27,120,36,255,78,120,81,83,200,218,0,138,87,145,59,0,140,201,169,43,255,68,53,155,33,164,143,103,102,101,175,0,186,152,234,248,0,28,255,205,115,0,176,0,223,97,21,238,221,255,96,139,137,59,140,222,0,150,146,228,180,0,255,105,255,255,7,87,0,50,255,255,162,127,170,60,0,78,255,0,221,160,0,61,31,197,112,166,178,79,244,255,228,120,245,6,0,84,224,128,0,89,0,0,207,172,191,159,255,255,230,0,0,34,28,184,255,173,193,158,196,0,96,255,0,86,255
152,20,115,48,255,67,116,70,93,184,204,4,151,79,113,70,18,131,202,200,7,237,58,40,182,11,124,50,140,88,86,170,13,157,157,222,255,0,56,255,184,114,0,108,0,163,68,67,186,255,255,111,64,154,99,139,177,0,132,141,210,150,0,255,94,247,199,46,132,0,112,227,255,127,244,162,29,3,16,217,28,178,180,12,37,73,164,161,158,186,120,234,255,196,65,151,0,0,177,248,208,0,150,0,14,255,253,164,21,255,241,255,0,146,85,25,62,146,196,168,138,151,0,63,255,29,61,255
155,17,126,109,223,30,129,45,97,168,186,91,155,133,196,69,50,108,192,176,0,239,70,32,138,99,137,104,165,82,106,192,66,55,170,188,234,63,41,109,170,78,90,92,0,124,90,124,153,219,231,184,76,160,74,193,202,0,161,136,146,88,70,255,148,131,222,75,255,0,176,26,255,209,165,80,103,119,33,42,156,131,180,130,29,131,87,83,191,34,165,226,234,167,127,50,164,0,135,198,227,0,156,60,34,74,253,0,193,194,255,120,72,243,255,62,153,72,7,249,138,255,28,86,255,170,111,255
145,25,108,63,255,60,145,80,75,213,193,76,97,249,194,76,0,149,146,100,0,255,35,78,230,228,61,0,75,0,201,255,45,67,81,158,144,50,13,133,255,8,29,21,50,222,0,48,50,255,183,0,133,88,25,79,113,0,202,110,47,151,81,123,226,78,255,255,241,0,78,0,245,234,226,0,57,226,192,255,0,255,146,186,172,0,255,237,255,15,19,255,255,146,255,143,56,0,255,45,97,94,111,9,0,0,255,182,255,91,255,255,0,0,233,77,160,255,1,143,255,255,107,167,255,140,0,255
149,27,111,54,255,71,155,51,83,192,193,53,81,248,112,67,68,116,191,137,0,243,28,28,175,248,0,71,49,47,206,223,21,106,30,97,159,112,74,127,225,76,0,54,79,154,0,95,178,255,255,31,153,75,172,118,152,0,252,131,73,189,101,15,242,105,255,228,255,0,122,90,255,255,47,129,51,190,32,255,0,255,132,92,179,0,255,195,255,143,0,255,255,182,255,150,51,0,184,0,164,145,119,0,0,31,255,109,255,242,255,216,0,0,126,230,215,255,108,127,255,255,189,255,255,119,0,255
148,30,106,39,255,85,139,42,87,189,192,21,46,254,88,65,42,99,196,185,0,248,11,10,204,255,0,83,56,25,199,255,18,125,0,91,92,151,98,108,231,90,0,100,136,200,0,94,255,255,255,34,250,81,250,110,250,0,224,201,61,255,27,0,255,125,255,166,255,0,100,123,255,255,35,255,34,188,127,255,0,216,119,0,157,0,255,184,255,150,0,255,255,226,255,119,70,0,189,0,0,222,132,0,0,75,255,179,255,255,255,21,0,0,0,255,232,255,162,150,198,255,56,255,227,108,0,255
145,28,96,29,255,84,128,49,79,207,190,14,39,255,85,69,54,100,213,133,0,255,0,24,191,255,0,197,93,16,200,255,0,114,0,107,108,114,53,42,240,81,0,135,179,255,0,69,243,255,255,15,231,19,167,60,235,0,218,230,69,255,0,16,255,10,255,182,246,104,30,109,255,255,0,181,4,242,108,255,0,238,134,0,126,0,255,223,255,125,0,255,255,255,255,163,77,0,216,0,70,161,95,0,0,0,255,131,255,255,255,45,0,0,0,251,255,255,149,110,255,255,157,255,255,0,0,255
144,27,94,36,255,72,130,55,69,218,208,0,25,192,102,74,0,125,222,131,0,255,0,7,213,239,13,149,169,2,159,255,0,123,52,154,147,85,66,118,255,30,0,167,165,255,0,95,244,255,249,50,234,81,70,72,255,0,188,154,63,255,0,103,255,7,255,152,255,25,67,176,243,255,24,161,0,227,9,255,0,255,98,0,139,0,255,255,255,143,0,255,255,193,255,132,38,0,207,0,93,49,114,0,0,0,236,161,255,183,255,41,0,0,88,215,255,255,191,90,255,255,142,255,255,0,0,255
143,27,92,30,255,74,134,39,65,220,222,5,19,203,135,72,0,119,209,169,0,255,0,0,252,221,0,119,114,0,164,255,0,150,42,158,149,82,86,121,255,0,0,130,114,255,0,119,255,255,255,80,255,80,83,110,255,0,222,149,59,255,0,75,255,51,255,159,255,0,50,172,255,255,14,254,0,201,16,255,0,255,118,0,111,0,255,255,255,160,0,255,255,216,255,105,80,0,179,0,71,70,131,0,0,0,255,158,255,222,255,0,0,0,72,255,255,255,206,90,255,255,73,255,255,81,0,255
142,21,94,38,255,61,136,79,74,224,209,29,77,184,127,72,32,93,178,87,0,255,0,42,235,198,92,128,70,6,137,255,0,107,40,184,148,42,0,157,255,25,0,136,62,255,0,60,184,245,255,0,229,105,76,50,224,0,194,107,8,255,0,128,228,15,255,142,255,0,93,68,168,218,124,87,48,255,30,255,0,230,137,17,145,0,255,159,255,4,0,255,255,191,255,104,162,0,165,0,96,157,215,0,0,1,230,200,255,134,255,79,0,0,180,50,255,255,216,125,255,255,70,255,255,0,0,255
143,24,99,38,255,78,135,66,79,216,196,17,47,192,111,80,20,122,193,123,0,246,0,33,222,231,52,150,135,10,154,255,0,112,30,167,146,94,10,104,240,38,0,155,108,255,0,85,224,255,240,0,244,107,85,76,184,0,209,162,74,255,0,106,255,11,255,166,255,15,96,102,200,255,41,104,39,245,12,255,0,239,107,11,141,0,255,255,255,87,0,255,255,171,255,129,95,0,171,0,174,108,255,0,0,34,199,202,255,171,255,64,0,0,109,165,255,255,145,22,255,255,31,255,255,0,0,255
146,22,102,49,255,71,137,61,87,207,207,1,80,186,104,79,53,117,203,172,0,232,0,25,196,195,51,93,144,51,109,255,0,100,65,168,173,60,0,172,243,57,0,133,64,216,0,48,237,255,242,0,230,69,139,74,211,0,199,109,63,255,0,107,180,112,255,99,255,0,122,87,200,255,131,145,71,187,3,255,0,174,130,27,126,0,255,213,255,82,0,255,250,97,188,79,87,25,189,0,160,81,213,0,0,142,255,175,255,219,255,124,0,84,59,99,255,255,255,121,255,255,24,255,255,95,0,255
139,17,89,25,255,78,126,65,75,227,197,0,12,135,150,100,0,132,137,152,0,196,0,22,255,184,4,46,185,0,122,255,0,143,63,220,122,83,0,111,255,0,0,188,100,255,19,98,255,255,156,0,255,158,0,69,145,0,147,108,55,255,0,91,255,37,255,174,255,0,95,103,79,255,114,148,107,238,0,255,0,255,154,2,184,0,255,255,255,89,0,255,225,105,255,115,107,0,166,0,207,43,255,0,0,114,94,255,255,110,255,15,0,0,84,134,255,255,115,0,255,255,0,255,235,0,0,255
156,25,139,50,255,45,189,68,131,227,132,103,174,131,0,97,154,72,188,80,29,255,122,14,154,67,172,255,123,113,20,126,75,94,137,255,162,78,243,255,255,118,0,225,63,247,77,30,223,208,255,55,101,255,10,31,138,67,255,204,173,225,167,249,55,0,255,22,255,0,203,157,211,179,255,45,70,52,0,81,31,255,219,233,40,49,8,106,255,49,9,144,178,255,215,66,159,20,2,191,255,10,102,255,0,255,209,148,122,255,129,241,0,255,255,0,203,45,0,255,197,0,75,160,255,0,0,255
155,27,155,51,250,50,184,106,129,255,109,151,180,143,0,66,160,105,136,91,107,255,162,32,146,24,162,255,101,144,74,57,125,23,102,255,106,46,212,226,255,165,0,238,54,194,37,10,182,135,255,0,135,240,80,19,175,21,249,243,195,239,255,198,0,0,255,23,255,0,207,115,145,173,255,41,0,153,0,182,0,255,186,204,0,0,141,249,255,153,127,150,155,210,219,78,37,197,150,255,229,0,218,255,0,255,237,237,156,255,218,255,0,27,255,0,217,216,0,255,221,28,0,0,255,1,0,255
158,24,159,53,241,43,169,104,152,250,91,151,165,150,0,86,153,106,128,122,91,246,122,31,131,63,176,255,173,159,70,21,120,46,99,255,52,77,255,162,255,140,0,240,147,255,125,0,154,153,255,47,112,185,94,0,126,35,255,255,192,204,230,111,10,0,255,12,255,0,227,105,169,182,255,114,57,216,18,208,0,255,199,227,32,71,109,242,255,156,62,172,52,239,219,116,42,177,132,209,153,0,156,255,0,255,210,142,92,255,15,251,0,119,255,0,229,177,0,255,237,0,0,14,196,12,16,255
158,17,157,48,178,19,146,82,147,255,112,107,174,151,25,17,136,108,92,127,138,209,237,38,110,51,179,255,208,202,0,2,144,4,129,255,112,0,197,218,255,78,0,255,47,255,148,40,107,246,255,0,197,44,188,0,237,19,216,187,126,188,75,100,42,0,255,0,255,0,144,10,184,166,159,135,29,176,75,255,208,243,255,177,0,35,208,255,255,113,126,255,0,73,176,112,128,197,235,104,219,0,255,255,0,255,145,149,92,255,29,115,0,107,176,0,255,54,0,101,251,0,0,0,48,185,131,255
157,18,151,57,204,6,178,82,128,255,105,127,197,126,0,1,172,86,106,129,135,234,236,33,135,2,163,255,124,174,0,28,126,0,101,255,128,0,140,240,255,118,0,255,0,244,61,32,166,163,255,0,147,129,168,8,225,66,165,108,141,255,182,135,43,0,255,0,255,0,133,2,177,193,251,158,0,199,0,255,213,255,222,255,0,0,186,255,255,85,77,255,107,86,161,77,163,175,255,175,95,0,255,255,0,255,202,144,147,244,73,199,0,186,255,0,153,20,0,137,255,0,0,0,182,143,0,255
156,19,150,58,214,29,153,84,126,239,105,105,214,109,0,6,151,101,139,159,123,224,203,64,129,2,192,224,136,144,25,71,95,26,135,255,133,0,180,192,209,161,0,217,54,159,54,56,159,188,245,39,135,90,94,0,208,29,209,223,145,219,126,151,0,10,246,7,255,0,133,85,139,212,201,107,46,98,16,251,0,225,240,106,0,71,81,230,255,123,60,224,32,144,127,81,68,156,164,192,125,0,145,255,0,255,243,180,192,255,128,255,45,213,250,0,228,62,0,252,255,0,0,0,134,142,0,255
157,21,147,39,249,58,177,74,115,233,125,71,199,69,2,40,118,121,138,212,123,197,167,77,174,0,167,161,128,64,23,94,24,68,162,255,171,9,77,255,188,191,0,189,89,71,15,93,255,228,236,83,155,149,66,13,204,19,255,178,144,217,88,216,0,99,195,28,255,0,135,151,120,216,158,117,82,0,0,143,0,226,255,55,0,95,8,236,255,194,28,255,26,141,104,119,23,140,131,255,246,0,142,255,0,255,255,255,255,255,140,255,181,162,220,0,182,0,0,241,255,0,0,0,90,148,0,255
154,18,124,49,255,99,117,55,91,207,210,11,161,57,163,60,0,115,166,255,0,190,38,101,243,15,116,0,142,18,106,143,0,250,173,217,255,20,0,206,216,201,0,173,85,173,112,68,219,219,235,93,106,133,111,96,149,21,139,112,229,140,0,220,104,201,75,95,255,0,60,211,132,255,95,216,106,0,89,88,16,49,223,0,27,83,143,226,255,243,118,255,23,174,7,135,0,0,164,255,255,9,90,190,0,255,239,233,186,255,206,197,57,105,0,0,56,45,141,184,221,0,0,0,37,77,89,255
157,18,169,45,226,47,170,104,147,250,107,139,133,159,64,121,123,145,116,128,128,194,135,24,119,91,154,254,232,192,27,0,190,38,94,255,86,0,255,165,229,130,0,225,127,255,143,0,106,219,255,63,96,120,179,0,50,30,255,255,126,169,134,209,20,64,255,37,255,0,163,123,99,123,189,140,71,255,61,219,0,165,199,166,47,31,117,230,255,255,89,163,2,246,171,183,61,217,194,228,0,0,183,255,0,185,151,85,63,255,1,255,0,56,213,0,158,187,0,255,159,0,0,0,147,0,108,255
157,25,153,61,246,33,179,81,144,245,89,126,223,106,0,52,169,90,142,150,82,255,173,59,144,24,198,227,129,118,43,100,84,22,128,255,90,68,189,183,254,138,0,252,105,187,71,13,229,169,247,81,138,176,29,11,172,37,234,207,165,232,224,181,5,0,253,14,255,0,210,64,164,228,244,125,51,128,0,179,2,255,199,209,0,78,54,250,255,95,29,222,0,211,199,0,96,199,138,205,137,0,157,255,0,255,255,208,153,255,103,255,58,255,255,0,227,0,0,255,255,20,0,0,215,92,0,255
155,21,151,65,222,32,90,63,95,215,199,13,171,95,146,0,17,112,205,177,101,111,77,75,162,67,166,128,134,76,49,151,86,84,109,255,255,0,6,245,131,204,0,130,16,204,128,33,203,183,221,0,173,148,106,104,206,71,150,172,208,126,0,214,67,255,157,0,222,0,82,149,110,117,30,143,165,24,110,89,152,148,178,0,69,112,90,101,163,196,202,107,255,158,0,255,24,0,112,255,60,0,45,118,99,255,253,124,204,255,255,255,88,71,44,0,208,31,133,192,175,0,56,0,37,147,64,255
157,22,132,60,250,65,121,53,91,190,219,0,158,73,118,28,47,105,203,213,68,153,54,75,161,30,130,89,156,61,42,117,32,107,161,236,232,0,10,236,156,153,0,95,55,164,89,50,179,245,228,121,120,131,92,130,148,0,162,181,186,138,0,205,115,255,125,21,180,0,34,224,166,161,33,210,110,0,81,78,130,110,197,18,37,88,85,124,197,217,100,188,206,174,24,233,44,0,58,255,88,0,29,72,48,255,243,172,235,255,184,216,13,121,46,0,40,69,116,172,139,0,0,0,97,36,89,255
