167,10,174,85,207,90,104,137,140,221,120,57,141,132,83,61,131,149,184,178,53,191,61,122,82,217,148,156,164,147,120,144,155,138,88,68,98,136,226,2,172,232,71,218,100,95,101,32,126,148,118,171,77,185,142,138,160,101,77,180,229,192,99,183,87,92,174,60,90,239,0,229,223,201,170,123,0,217,110,64,156,106,173,138,66,190,138,169,84,122,236,163,0,75,103,209,39,60,19,197,112,112,68,12,161,163,165,238,92,255,136,69,182,25,112,37,0,119,0,71,117,63,246,111,187,0,0,255
167,17,175,105,213,86,145,130,143,224,108,30,121,127,123,52,118,199,195,177,52,144,155,80,41,195,142,108,158,111,81,154,233,209,131,63,76,94,199,120,213,174,57,249,71,81,0,101,72,187,165,207,117,156,143,137,113,129,137,216,146,189,66,255,88,71,255,184,117,180,0,203,138,168,159,102,45,201,0,126,177,83,176,152,0,125,131,160,108,83,255,123,0,119,146,242,23,49,0,130,55,127,173,12,172,255,66,249,148,255,173,100,173,26,94,10,0,49,0,38,40,119,0,205,195,0,0,255
160,2,170,85,197,85,99,115,150,198,121,71,142,149,109,46,129,155,149,205,40,175,113,120,72,199,129,100,173,168,87,147,205,150,127,90,95,99,182,18,142,237,0,195,103,106,95,83,96,167,116,110,56,178,61,121,154,124,100,242,173,186,70,209,99,43,208,64,106,130,17,196,255,255,88,138,70,189,69,141,72,99,211,154,153,37,208,170,163,154,239,209,65,201,120,158,111,27,0,220,177,139,66,163,163,169,92,255,155,166,171,140,255,184,168,50,105,166,0,146,168,162,255,133,246,0,27,255
162,8,195,94,199,84,138,127,135,220,113,56,111,129,140,70,143,173,166,215,33,196,129,87,0,242,100,48,162,107,72,172,254,219,150,128,38,112,190,38,225,219,0,255,73,121,0,120,124,168,152,145,110,174,85,150,94,150,136,255,185,166,53,255,95,28,232,119,149,137,32,113,255,222,119,76,17,250,0,135,90,40,255,159,149,75,137,154,127,178,255,174,10,222,222,233,78,9,0,68,134,141,83,185,219,197,77,255,0,126,154,62,255,18,181,0,57,135,10,71,105,213,240,225,222,0,124,255
182,20,148,119,226,47,74,113,21,205,44,84,125,140,120,25,158,112,175,106,94,200,119,95,130,140,167,139,163,165,152,71,162,180,146,151,119,126,94,82,241,123,41,106,162,61,104,219,68,248,107,202,61,146,75,167,179,114,161,205,139,164,149,108,86,139,43,81,107,146,111,224,173,156,77,166,163,255,167,155,112,224,77,139,87,0,163,149,86,172,83,145,165,101,44,187,131,65,251,109,255,2,140,133,115,49,125,245,0,237,167,146,164,255,182,114,104,146,0,255,210,255,28,30,255,76,225,255
182,23,158,119,205,29,75,105,48,209,59,71,126,124,129,0,135,96,131,106,105,205,108,70,126,182,163,147,171,160,132,97,126,142,149,148,149,141,111,70,255,171,57,144,159,81,94,183,81,185,115,181,75,132,70,132,187,91,127,200,167,155,78,156,72,135,88,89,121,138,83,172,203,188,42,176,161,217,159,102,100,180,133,126,25,34,180,202,120,81,153,186,191,148,41,197,133,108,114,167,232,93,98,121,130,144,107,141,36,255,131,169,129,213,195,32,97,109,0,116,255,255,131,151,255,196,182,255
182,18,147,115,217,42,82,132,47,204,19,63,121,108,110,0,145,104,164,89,107,218,128,70,132,177,161,123,135,141,148,112,162,166,120,131,104,124,96,105,255,156,42,101,117,63,75,225,12,223,41,224,98,127,31,128,136,99,157,188,115,178,104,160,64,123,94,45,47,136,120,217,128,153,53,185,144,253,200,111,13,236,116,115,10,0,142,156,81,130,110,144,186,103,44,220,128,93,214,148,246,92,130,112,98,38,159,219,0,255,185,186,246,194,193,42,102,135,0,249,227,255,65,65,251,65,217,255
180,17,139,137,207,38,76,100,51,176,85,67,159,141,125,22,168,133,150,105,131,227,127,103,114,174,129,124,183,181,152,106,173,189,107,128,148,87,108,50,220,132,61,140,98,63,108,182,53,165,140,149,54,148,115,93,169,57,95,174,181,96,118,174,28,182,103,82,91,136,86,247,164,176,68,214,222,205,210,164,86,153,70,156,23,0,168,253,98,88,170,131,72,120,8,142,175,123,170,75,255,84,199,141,77,56,114,103,0,255,139,139,81,221,162,52,112,173,0,175,181,255,126,147,186,204,232,255
176,20,152,128,224,51,65,106,32,188,39,123,121,142,98,33,162,77,148,118,45,171,114,102,84,173,178,144,132,120,113,85,146,210,105,200,186,170,85,118,212,159,59,0,146,90,127,234,18,201,105,203,20,144,43,174,177,82,176,194,127,210,157,82,173,134,74,80,177,125,89,160,166,221,91,170,140,255,157,88,80,248,96,190,87,0,112,167,138,224,125,57,72,88,87,88,179,43,183,138,255,0,122,109,195,17,215,165,0,255,190,139,135,185,255,184,178,79,0,168,223,255,111,104,255,12,230,255
179,20,151,116,233,60,82,133,37,231,44,95,125,133,116,43,136,101,166,118,71,195,115,65,135,164,160,99,153,109,163,86,149,148,126,142,105,140,104,99,238,145,58,129,161,77,89,192,71,223,79,226,53,158,26,180,131,122,164,208,134,207,137,108,50,131,47,112,109,109,130,241,152,172,118,176,141,255,118,119,59,184,114,137,40,0,176,191,126,188,102,154,166,98,8,220,92,70,166,152,229,55,118,73,109,53,190,233,0,223,226,162,183,136,189,80,92,194,0,188,255,255,35,15,255,18,158,255
177,17,151,126,213,45,85,106,42,192,59,88,122,110,112,14,150,83,148,95,99,221,93,77,108,175,143,109,180,136,154,104,137,143,147,120,118,125,103,70,250,168,64,131,137,62,79,237,69,215,82,253,79,177,62,133,144,93,139,236,155,185,133,170,93,94,69,74,137,152,117,205,147,179,57,186,182,255,176,72,41,151,94,112,0,0,88,199,152,130,121,105,154,111,39,187,130,131,147,183,236,66,112,97,118,22,184,124,0,255,189,162,215,213,255,117,113,137,0,147,211,255,144,94,240,76,168,255
176,14,136,119,229,52,75,133,44,202,56,88,135,113,128,25,141,98,183,101,93,184,129,80,142,143,192,127,176,158,161,103,152,154,139,146,120,104,96,71,231,150,40,125,148,62,113,208,52,206,89,181,51,133,84,133,134,114,157,195,114,147,105,125,59,181,85,80,69,143,114,255,169,170,89,175,153,255,119,145,100,228,116,88,56,0,155,159,98,141,129,174,141,139,1,163,153,91,232,93,255,10,154,86,110,67,160,255,0,249,203,70,189,213,143,94,82,149,0,255,160,255,11,65,255,102,155,255
182,27,166,113,213,39,75,113,45,228,66,68,122,134,121,15,130,95,164,123,90,192,106,63,120,168,159,116,127,131,150,89,150,143,115,133,120,157,107,110,255,178,74,127,147,121,74,146,64,202,133,181,86,140,28,144,196,104,150,220,189,180,72,137,86,127,98,82,160,115,121,175,147,159,83,179,137,255,153,122,68,166,107,88,50,38,173,208,102,130,119,160,201,146,76,202,101,39,78,187,204,134,77,92,78,122,116,152,120,230,169,238,182,127,217,32,87,151,0,93,255,255,94,89,255,87,88,255
183,22,161,108,192,30,52,130,34,225,17,50,131,107,116,0,125,118,191,94,124,242,122,93,161,169,174,133,132,147,161,97,121,124,116,137,106,103,87,116,255,229,13,143,185,104,108,165,73,250,76,160,87,80,56,128,165,64,153,220,107,219,83,147,115,125,150,41,194,132,131,200,175,102,27,180,103,255,190,108,34,239,124,25,65,15,216,163,61,178,96,127,255,95,73,237,109,50,255,132,254,26,179,54,54,106,96,255,0,255,239,220,251,168,210,10,100,187,0,255,226,255,0,37,255,56,229,255
188,32,178,100,207,18,27,104,12,210,55,59,111,140,164,0,116,114,156,125,136,186,109,36,156,158,233,187,190,182,128,24,99,139,83,176,128,154,118,156,208,219,35,86,138,137,165,144,112,203,154,144,147,121,33,133,255,77,131,153,125,229,95,162,123,234,132,24,165,78,176,105,242,134,44,204,126,225,127,115,79,255,115,10,77,55,254,210,106,199,36,138,255,142,1,240,104,85,160,211,208,35,137,162,131,211,87,255,0,228,154,255,122,221,240,35,207,157,0,44,255,255,114,83,255,168,184,255
188,27,155,120,238,41,76,120,0,176,42,117,142,184,120,39,177,104,157,141,57,175,110,83,81,113,233,147,148,145,123,0,179,165,114,149,140,191,104,127,180,139,28,0,192,122,122,236,99,255,203,146,82,183,0,203,208,119,110,178,95,240,91,16,196,154,20,129,175,66,110,130,213,202,81,154,171,255,178,120,83,255,132,135,202,0,248,153,125,163,0,86,111,139,33,132,223,61,178,60,255,27,228,206,160,121,150,255,41,253,96,190,165,218,255,179,156,139,4,128,255,255,69,65,255,0,185,255
182,39,155,134,255,47,79,107,81,148,74,86,181,124,46,60,198,123,149,130,24,232,115,89,115,74,209,189,135,127,156,14,126,97,76,196,79,134,105,74,133,144,70,0,215,156,103,88,89,163,154,193,109,249,0,199,192,26,63,153,133,64,177,171,193,246,92,81,157,97,142,117,172,156,156,91,143,177,191,190,134,236,2,116,105,42,255,199,103,160,0,97,118,31,120,187,157,92,96,82,255,10,52,169,207,246,41,255,215,70,205,255,115,247,255,107,185,255,0,83,148,255,150,137,255,30,255,255
189,22,155,118,223,49,69,128,16,199,28,76,168,162,82,0,128,85,129,132,68,160,133,41,87,168,161,128,139,144,102,79,171,148,75,160,176,180,133,69,255,159,86,12,191,93,140,180,14,183,92,131,83,151,0,113,146,25,77,188,112,148,102,45,71,132,35,112,49,156,97,127,207,209,138,255,144,216,144,43,0,255,136,163,60,0,249,254,71,133,66,198,55,77,91,218,196,107,148,108,255,82,255,147,116,158,171,151,135,235,134,247,96,139,255,6,109,151,0,219,255,255,144,47,255,0,255,255
181,25,141,102,227,70,68,106,33,221,69,105,155,166,92,77,172,110,174,144,72,214,138,90,69,230,184,209,139,177,39,78,208,163,128,175,152,125,93,1,184,156,47,114,106,143,115,148,36,200,110,141,57,171,41,169,162,90,96,193,134,95,77,170,156,187,91,120,112,104,150,89,210,123,153,143,48,255,194,94,77,255,155,191,131,79,255,252,0,160,32,139,104,121,83,167,44,143,187,37,255,48,156,84,97,147,162,255,123,148,164,159,75,168,240,0,169,255,0,165,255,255,193,97,255,29,255,255
194,30,160,127,226,27,71,109,0,157,50,77,145,221,119,23,184,133,95,153,112,197,98,50,96,140,180,144,133,173,113,0,158,161,122,176,177,191,170,113,210,141,57,7,148,136,139,207,103,255,218,66,130,142,7,146,184,35,45,200,66,171,101,49,191,152,8,94,129,98,76,73,215,236,147,148,161,240,185,129,69,255,104,92,161,0,255,214,62,127,0,145,113,97,166,154,207,119,211,11,255,107,255,187,73,239,93,189,86,210,124,250,91,255,255,60,204,110,0,169,255,255,152,69,255,0,175,255
183,19,139,121,233,71,75,121,60,197,52,90,128,149,107,61,176,96,180,141,53,173,117,99,86,138,195,166,145,159,140,70,179,138,165,179,119,139,104,86,145,148,57,41,134,105,127,221,47,211,117,199,91,139,57,113,183,72,169,177,158,121,90,95,214,197,57,46,206,132,182,219,164,215,82,193,76,255,182,137,125,255,107,138,119,37,228,118,93,219,39,155,63,158,57,91,114,75,255,114,255,0,182,76,63,106,151,255,49,207,172,110,212,131,160,230,91,182,39,255,235,255,0,36,255,0,92,255
192,23,142,122,231,73,96,116,60,193,53,35,177,175,98,84,181,135,166,144,52,156,116,77,68,143,163,153,130,165,148,90,180,142,130,160,155,133,95,83,143,166,68,105,146,93,142,127,51,205,149,121,84,152,64,99,202,79,123,191,209,133,92,136,114,190,77,62,183,154,128,187,202,195,133,171,141,255,183,144,102,255,100,175,27,64,255,218,66,184,87,185,96,170,96,208,53,18,194,121,251,66,249,82,103,175,67,202,123,145,103,218,157,99,197,73,123,115,17,226,205,255,28,97,246,21,133,255
189,24,146,120,236,50,74,136,21,175,41,78,154,179,111,34,165,116,151,135,66,151,136,64,98,126,190,113,140,155,130,50,213,169,87,179,136,179,137,120,196,112,58,6,129,128,125,182,34,232,101,90,136,160,0,104,148,47,110,194,142,107,96,80,145,152,19,76,129,75,140,163,245,206,150,195,139,226,151,137,61,255,148,140,138,0,255,236,62,178,0,162,94,110,63,198,166,49,255,26,255,65,255,174,50,164,137,242,117,178,137,180,140,187,255,66,170,132,0,177,255,255,23,76,255,0,139,255
186,23,132,148,242,33,62,105,47,138,50,31,191,140,138,105,164,134,183,131,47,118,131,82,69,139,219,143,152,128,137,39,233,164,165,192,222,181,62,81,118,162,0,26,216,123,198,107,112,180,195,0,40,183,75,163,192,63,108,161,208,103,1,159,155,200,63,136,219,124,110,206,215,255,165,212,113,255,212,255,107,255,81,144,92,44,255,224,195,106,33,89,130,239,104,67,172,148,192,51,255,94,244,137,97,166,161,165,151,255,187,139,129,72,167,133,104,165,0,114,170,255,200,115,255,126,143,255
192,29,161,105,220,49,50,98,0,203,48,94,157,184,106,29,164,118,134,154,75,217,124,97,109,157,184,176,187,158,100,0,175,130,104,147,165,141,83,91,188,201,112,19,156,197,139,200,117,245,173,152,88,170,0,108,192,76,110,155,116,178,105,91,186,174,30,50,175,129,166,68,226,255,123,145,160,255,164,100,96,255,122,67,165,18,255,195,0,209,0,170,124,91,198,162,111,78,255,77,255,8,193,152,85,176,138,255,122,151,165,255,36,151,255,91,197,224,49,158,255,255,65,65,255,0,255,255
188,27,163,108,217,46,57,103,0,198,44,113,126,204,120,2,168,117,102,141,126,193,122,56,83,193,163,192,156,176,86,19,163,152,96,178,187,219,128,41,238,155,62,27,132,93,183,234,80,222,160,147,82,119,0,140,198,19,55,165,141,175,134,82,143,152,68,108,113,80,125,80,253,203,90,189,105,245,151,39,40,255,113,155,86,5,255,213,35,195,4,173,107,59,33,157,194,178,220,83,255,49,255,159,49,155,140,255,48,255,131,212,17,186,255,65,175,154,0,176,255,255,222,111,255,24,255,255
185,24,156,108,225,71,62,122,13,204,43,107,132,183,104,35,155,87,158,147,80,215,126,60,97,150,164,154,166,144,90,7,201,109,110,164,153,169,118,112,211,170,102,3,110,151,155,219,72,239,90,165,112,135,0,137,155,26,153,200,145,153,133,96,195,131,19,47,95,91,187,132,207,176,135,201,120,255,176,82,35,255,189,85,104,0,255,240,85,243,0,147,98,51,50,216,107,97,233,123,255,9,205,107,41,83,177,255,112,178,162,159,95,177,255,82,157,206,0,190,255,255,95,84,249,0,195,255
186,21,130,124,238,47,90,128,42,167,33,56,187,146,80,68,189,103,188,120,50,154,118,103,79,130,188,134,117,146,148,79,224,154,100,171,140,121,119,95,166,108,28,0,138,128,122,154,71,194,142,86,166,162,52,111,128,54,93,178,183,100,92,121,186,174,14,40,172,101,145,181,231,240,102,173,145,233,218,163,80,255,89,188,100,49,240,182,57,189,39,137,104,151,106,88,121,95,255,51,255,88,222,118,87,148,118,214,87,172,124,153,167,149,255,65,201,101,0,220,203,255,53,37,255,0,201,255
188,38,170,136,237,45,60,86,28,174,80,81,160,144,93,61,186,135,130,160,60,208,105,84,73,127,195,182,125,170,92,19,140,176,145,182,150,181,70,60,184,183,62,50,176,137,119,148,108,203,165,110,20,218,0,138,210,23,70,225,147,144,60,126,189,195,69,164,239,176,70,95,241,148,106,136,129,255,255,197,103,178,97,99,95,52,255,255,9,217,9,55,84,84,141,169,143,135,130,113,255,65,179,170,146,200,51,236,187,92,160,255,112,165,255,83,169,255,0,84,225,255,148,190,255,89,255,255
186,27,142,119,247,52,69,113,31,172,40,62,168,153,114,73,154,130,151,141,48,110,112,51,95,153,211,155,134,168,134,38,186,158,132,206,140,208,55,115,169,141,25,0,155,132,145,153,45,221,132,111,51,169,0,156,188,107,118,121,107,145,94,74,127,213,56,87,140,95,129,162,219,218,165,192,91,255,166,148,91,255,107,202,150,45,255,202,60,210,0,135,84,118,53,188,134,43,245,80,255,76,219,158,96,181,122,243,166,165,197,207,105,106,192,82,147,163,11,161,255,255,110,76,255,36,233,255
190,23,145,116,230,67,87,134,25,184,40,63,162,197,107,67,167,131,156,145,64,170,131,76,86,140,164,134,169,156,122,30,224,127,105,146,162,136,115,122,143,145,69,30,111,133,164,149,93,241,126,102,109,158,24,94,160,47,139,188,177,158,102,110,162,185,30,38,144,96,121,173,240,247,128,153,184,255,160,155,41,255,163,139,59,20,255,249,53,221,0,150,82,145,54,172,90,42,255,49,255,55,255,100,77,151,122,255,92,173,152,217,112,73,243,96,204,109,0,248,255,255,33,108,255,0,125,255
187,23,151,110,220,60,65,119,22,216,24,100,140,152,101,14,150,112,151,144,76,209,140,64,110,150,202,149,152,129,93,0,179,142,122,157,136,170,86,85,231,170,38,41,135,114,148,224,55,195,100,208,92,150,6,120,186,75,146,185,119,185,105,97,167,152,46,59,134,112,179,148,207,166,107,190,137,255,188,137,69,255,146,133,123,0,243,161,86,217,32,150,138,83,38,198,120,59,255,116,255,0,196,88,98,95,192,255,57,219,172,185,177,177,243,114,124,228,0,189,255,255,67,92,255,0,255,255
187,22,134,122,242,59,90,126,40,160,65,76,176,159,72,51,177,113,144,117,60,164,114,79,73,130,181,113,139,138,154,83,172,129,83,163,131,122,132,109,155,119,79,8,157,106,109,133,14,185,170,117,99,178,0,118,134,67,42,166,133,147,130,109,164,170,27,48,147,84,124,182,208,225,182,127,131,255,170,66,80,255,121,159,96,50,252,222,96,178,41,100,88,158,91,152,132,73,222,75,255,36,209,123,102,113,162,240,132,188,129,211,163,115,255,68,186,144,0,180,255,255,45,70,255,0,152,255
190,27,160,120,228,73,50,119,36,215,39,107,155,159,86,25,185,88,170,161,47,184,125,67,96,125,183,139,181,102,100,37,177,131,60,175,140,138,108,96,209,142,96,0,182,137,133,183,32,157,87,186,123,214,23,123,187,17,114,203,134,163,126,109,182,192,31,48,134,86,170,141,219,118,160,200,183,255,174,142,40,244,161,62,74,0,255,233,66,255,0,102,65,4,123,235,67,74,163,142,255,22,142,85,122,123,161,255,139,188,112,222,164,171,255,77,177,255,23,102,255,255,0,133,206,0,228,255
191,33,163,127,234,39,54,101,17,187,58,71,173,146,121,80,170,132,159,158,73,147,123,105,85,192,172,158,155,164,103,64,186,179,110,190,141,157,53,97,144,170,0,79,161,150,87,124,102,218,132,68,38,170,20,178,211,86,81,152,177,131,67,106,120,231,100,100,178,76,124,129,216,207,145,196,112,255,130,170,103,255,53,161,118,58,255,255,0,212,17,76,138,116,110,172,70,91,186,48,255,104,204,151,142,249,53,211,153,138,154,255,24,136,229,53,204,231,0,55,255,255,158,122,255,138,255,255
193,41,187,98,215,34,68,88,19,193,76,70,107,173,100,52,126,130,118,156,89,219,102,99,121,157,170,166,155,117,141,32,146,153,86,165,108,128,129,120,178,231,52,100,177,178,112,168,108,213,199,99,131,156,0,122,197,52,104,197,196,161,96,160,153,176,132,56,234,102,83,42,225,250,95,123,115,237,140,119,107,235,87,185,131,51,255,236,0,131,0,165,246,103,152,244,62,136,174,155,255,171,120,175,95,255,90,168,189,223,51,255,37,170,255,74,216,207,26,87,255,255,138,125,230,0,99,255
186,29,160,121,220,38,68,111,34,193,44,93,104,156,114,64,178,111,149,147,76,197,89,96,99,152,124,165,117,181,138,67,150,180,102,178,110,144,81,129,167,157,42,51,177,144,87,156,76,249,141,145,75,140,56,157,223,100,108,180,197,172,80,47,166,140,29,68,175,111,129,134,210,183,108,179,172,255,218,98,129,244,68,180,148,11,247,202,78,179,13,90,97,97,42,143,120,91,217,82,255,57,144,175,82,156,39,168,44,243,73,217,169,203,234,94,149,149,0,127,255,255,71,107,255,36,141,255
191,39,181,122,220,31,38,68,9,168,63,60,142,149,131,73,180,129,145,158,64,211,99,140,105,141,200,165,168,141,125,20,164,162,119,157,111,128,69,96,169,213,75,50,176,184,114,136,127,238,161,62,40,179,6,108,226,73,108,173,194,143,68,148,133,190,81,82,247,178,103,77,223,217,122,161,112,251,164,206,78,200,67,82,127,13,255,255,0,223,32,93,143,84,181,211,95,106,176,100,255,59,192,134,145,220,97,196,126,107,134,255,0,218,255,118,247,210,0,110,255,255,101,104,255,62,176,255
191,26,143,131,236,49,80,119,51,177,69,62,177,136,109,80,196,97,173,143,43,177,94,98,88,131,189,130,137,165,136,64,173,147,157,160,143,141,91,105,185,170,61,33,187,169,110,121,83,233,170,80,57,187,52,142,183,83,101,167,191,123,56,131,177,192,45,39,202,111,132,183,204,214,139,168,103,255,197,167,126,255,105,127,144,95,255,194,72,160,31,105,134,177,148,169,60,39,207,101,255,103,153,126,106,186,44,178,174,134,114,234,172,138,238,31,120,167,6,140,238,255,39,92,255,36,157,255
185,27,144,121,233,49,80,83,59,160,84,40,172,145,111,79,175,105,162,134,54,183,97,109,113,134,154,133,157,129,132,87,168,156,156,166,98,111,109,81,188,140,62,52,138,145,109,103,78,220,155,65,60,189,70,126,215,83,129,169,228,95,92,161,126,162,72,42,173,148,147,142,205,242,148,162,116,193,171,178,120,242,78,142,64,82,217,212,29,113,72,168,128,147,165,163,51,35,191,116,255,101,88,104,97,215,51,143,148,102,109,199,0,171,196,20,140,151,0,106,198,255,150,153,199,176,118,255
189,27,142,130,233,48,85,122,65,173,24,38,170,136,101,97,208,107,208,120,33,169,102,108,108,131,189,131,111,136,141,72,209,141,163,180,142,112,83,127,177,164,75,6,162,144,113,115,82,227,128,63,78,199,47,85,195,76,163,171,207,79,65,102,179,156,18,19,221,128,148,196,214,195,113,181,94,245,255,207,86,255,102,178,148,87,255,171,17,184,0,113,145,167,157,193,49,39,255,101,255,88,141,121,59,190,35,161,157,125,87,203,175,156,237,87,110,158,0,213,215,255,1,88,255,0,157,255
188,32,161,115,229,35,62,106,2,200,75,118,138,177,120,36,165,110,123,157,73,213,107,90,100,124,173,159,143,179,129,1,143,163,107,167,121,160,115,127,168,151,56,0,153,182,97,201,85,250,192,146,96,141,7,189,223,100,87,181,106,215,85,43,188,132,48,106,191,106,134,105,215,214,136,155,165,246,171,110,113,249,110,55,190,0,255,169,76,196,0,129,141,100,103,134,141,0,216,78,255,17,173,181,84,174,69,255,108,186,85,235,80,174,255,113,168,191,0,140,255,255,25,82,255,14,190,255
186,29,151,115,237,42,64,118,16,198,41,76,133,178,125,45,159,128,135,147,86,158,114,67,92,140,171,173,118,194,133,22,177,187,112,191,129,161,71,136,157,125,52,2,92,154,122,204,63,221,161,167,108,134,0,140,221,103,108,185,110,158,85,34,138,183,25,84,148,125,161,124,226,167,147,183,163,255,170,131,83,255,127,173,135,0,255,185,46,212,0,133,86,110,40,139,127,44,242,58,255,61,236,196,59,151,72,255,127,219,148,192,139,142,255,160,168,166,0,156,255,255,67,91,255,48,200,255
190,23,144,115,228,72,68,102,23,207,51,82,163,169,79,44,182,93,171,153,59,208,118,94,89,115,199,176,153,154,116,15,196,115,158,163,161,119,112,85,194,132,84,0,151,156,142,212,88,209,152,167,96,167,29,134,173,94,128,188,144,149,103,93,210,143,0,53,179,173,147,162,224,153,105,150,119,255,195,165,109,255,154,110,164,30,255,130,94,255,15,121,103,130,138,171,64,0,255,115,255,0,182,84,77,83,146,255,89,167,155,155,153,175,207,126,145,221,81,255,255,255,0,0,255,0,188,255
194,38,185,132,209,25,58,70,26,142,42,53,128,174,118,46,165,129,108,159,86,189,76,99,87,160,200,180,130,158,97,28,115,182,153,153,135,162,108,90,203,193,47,6,160,138,93,100,116,255,197,51,29,143,0,115,255,55,125,165,181,196,55,83,152,152,88,92,182,231,46,85,169,222,57,171,119,252,202,158,33,190,64,122,136,45,249,255,0,116,68,81,157,121,191,251,96,110,171,139,255,135,220,172,163,255,74,208,172,141,78,255,0,220,255,155,247,80,26,142,255,255,111,158,255,60,164,255
186,23,152,113,215,50,50,97,11,208,50,132,93,160,89,36,162,98,115,147,58,255,146,113,112,145,175,171,120,176,83,32,174,163,135,163,209,127,100,84,211,168,40,53,138,106,119,243,62,168,167,183,79,156,34,157,238,101,104,211,101,166,77,95,188,122,81,60,175,155,141,57,184,204,90,161,127,255,156,100,124,255,130,141,143,4,255,124,69,242,22,122,92,141,26,128,97,97,255,83,255,0,155,140,118,18,141,255,33,215,108,136,139,199,193,202,214,208,0,211,213,255,58,90,255,11,255,255
186,25,137,134,236,43,61,114,43,171,33,26,180,136,143,94,185,122,210,127,37,155,113,100,123,140,202,118,160,142,162,50,201,151,180,197,167,141,71,109,172,153,44,30,149,151,139,131,119,239,161,38,37,149,73,99,196,89,137,171,196,84,42,116,131,152,13,86,211,137,153,199,229,243,166,215,113,255,191,244,119,255,98,137,127,26,255,209,128,176,35,150,150,177,126,136,80,38,255,85,255,54,190,121,21,160,93,190,81,153,178,125,96,167,160,98,81,186,0,226,216,255,18,82,255,76,190,255
186,31,161,104,220,39,41,88,4,204,69,68,147,158,131,15,148,100,159,150,106,181,110,103,110,145,220,205,177,187,115,29,156,150,123,189,144,122,113,115,182,170,50,70,117,143,116,186,96,218,174,145,94,128,21,153,255,71,102,138,122,157,94,88,168,184,64,55,161,131,130,123,244,194,93,155,97,255,161,142,116,255,124,74,113,41,255,176,27,240,36,138,171,142,119,172,116,85,214,161,255,0,147,172,126,191,105,255,34,178,138,154,17,191,219,98,196,249,35,123,255,255,47,5,255,132,223,255
190,21,131,118,237,58,74,132,38,192,26,34,179,139,106,57,194,103,224,130,68,175,137,98,115,100,210,155,164,166,163,22,212,131,158,166,127,110,90,94,151,130,55,0,115,158,121,177,85,249,135,149,111,156,51,73,194,81,144,176,172,102,54,126,178,160,0,31,143,118,185,239,242,168,92,180,100,245,178,208,123,255,141,133,120,46,255,135,62,219,0,183,148,175,91,174,55,5,255,99,255,20,211,103,39,131,87,255,82,177,156,138,191,188,176,119,86,185,0,255,252,255,0,3,255,0,151,255
186,32,160,120,210,40,79,48,78,152,107,62,126,162,70,29,157,91,87,164,77,197,71,84,75,171,149,149,101,205,144,100,114,143,144,166,127,148,84,36,218,152,43,118,127,135,106,139,2,236,199,80,69,188,31,112,254,79,125,133,252,110,100,73,136,124,97,110,131,150,142,66,248,141,42,103,96,241,164,86,145,198,50,255,207,148,240,197,7,62,105,82,124,192,35,179,72,226,126,143,246,135,102,165,104,255,138,89,255,195,124,255,69,224,192,51,136,169,0,27,255,155,255,81,242,120,117,255
194,16,145,108,197,20,46,144,8,234,0,102,160,159,145,0,142,145,166,83,39,230,177,74,179,182,216,148,210,203,129,0,181,89,166,167,191,128,76,139,251,255,74,29,173,163,196,247,56,255,39,134,46,154,0,65,142,146,255,184,12,234,48,8,140,165,68,14,189,81,221,131,237,255,55,165,114,255,44,121,72,255,238,4,255,108,255,96,35,148,0,232,255,122,24,198,124,0,255,0,255,40,255,197,56,174,128,255,71,239,255,105,142,69,117,147,16,160,36,255,255,255,0,28,255,194,211,255
187,14,136,129,207,34,72,112,51,162,5,57,132,154,117,58,170,95,172,88,59,255,134,121,138,149,158,110,134,140,120,54,185,145,139,182,164,137,105,65,219,200,0,68,91,83,123,216,46,189,106,106,118,154,75,61,164,52,126,202,121,123,86,103,218,157,69,0,126,101,144,139,179,237,15,207,101,255,224,234,104,255,143,199,138,68,181,152,109,101,61,141,132,86,48,159,119,162,233,93,255,16,166,177,28,70,109,116,0,255,192,70,144,203,158,145,56,155,0,255,146,255,180,26,255,104,145,255
189,24,143,120,238,55,83,122,52,150,53,60,177,148,99,68,174,125,156,118,52,171,128,81,93,135,178,146,151,148,136,72,179,156,100,180,128,124,106,120,168,136,53,40,143,135,130,106,47,216,140,98,91,139,0,119,156,58,91,142,201,135,77,121,154,204,52,33,117,114,91,163,191,252,145,160,124,254,181,135,77,255,114,150,100,90,255,230,50,168,21,102,122,137,70,198,107,62,232,103,255,85,153,129,129,162,82,232,124,137,117,225,84,137,216,62,133,126,0,115,231,255,91,109,255,20,162,255
189,25,142,122,243,59,71,131,27,199,19,68,155,166,102,57,188,116,195,140,51,135,127,76,74,120,198,154,131,163,121,49,214,162,103,209,135,145,76,136,168,106,48,0,151,131,119,194,75,225,139,148,91,179,0,132,174,91,134,173,133,115,88,20,154,184,0,71,156,104,177,173,241,156,145,170,121,255,181,150,89,255,110,187,173,15,255,169,30,255,0,87,79,100,95,177,88,42,255,46,255,10,245,170,75,128,117,255,95,166,189,155,200,162,234,106,145,200,0,246,255,255,0,22,255,0,197,255
195,30,156,132,237,53,83,96,10,180,48,44,187,227,114,72,164,139,146,170,94,130,99,65,63,177,202,193,142,189,88,23,179,149,159,178,204,232,111,64,175,173,14,74,198,96,171,152,131,255,172,59,23,158,22,187,216,55,123,154,125,157,60,82,138,183,38,129,180,150,59,135,246,221,106,162,125,255,203,165,104,255,65,201,133,61,255,223,48,171,0,105,113,184,122,194,165,114,213,54,255,123,255,112,137,255,114,215,118,179,165,245,106,192,255,38,134,136,65,207,255,255,176,36,255,44,255,255
182,26,143,108,228,50,59,105,19,198,66,68,173,153,110,54,158,104,173,127,79,195,112,104,126,142,206,172,175,156,141,33,185,138,135,165,136,99,104,78,178,147,92,73,110,157,128,146,85,210,157,108,59,184,1,134,223,102,117,141,137,108,116,142,101,195,45,40,142,114,140,152,227,208,126,166,93,255,126,172,100,255,121,110,117,47,255,217,22,179,53,202,109,152,106,174,140,84,228,83,255,30,148,109,123,128,124,207,112,179,148,138,18,145,196,44,152,246,0,184,255,255,112,16,255,71,192,255
190,25,165,96,202,47,57,128,31,239,0,31,134,166,115,0,106,113,205,134,122,197,126,40,156,116,233,156,159,144,146,0,157,104,66,171,89,104,129,155,170,158,24,111,105,164,85,182,61,219,99,115,196,190,13,107,255,89,192,150,158,164,139,140,164,202,118,0,156,14,201,142,255,132,81,114,101,255,166,171,33,255,182,96,62,89,255,175,34,213,42,183,217,194,100,255,98,102,212,127,255,57,182,123,67,186,137,245,95,239,213,255,162,119,209,116,236,198,10,163,255,255,17,46,255,22,92,255
190,22,139,125,231,61,78,119,50,175,31,77,157,156,80,59,204,105,177,117,45,197,127,108,84,145,185,146,143,158,139,57,200,121,138,194,159,111,106,76,172,134,59,26,134,150,115,194,91,217,141,130,115,173,41,90,158,63,106,183,192,87,92,91,189,176,0,18,163,120,167,174,199,228,110,171,92,255,194,128,102,255,91,167,153,41,254,151,28,173,9,106,124,115,176,159,63,94,255,79,255,0,166,110,59,136,120,255,115,145,136,127,155,212,255,113,65,201,0,250,255,255,3,34,215,0,156,255
186,22,133,134,235,48,77,120,57,159,54,43,184,140,106,76,191,108,179,133,52,165,107,75,94,134,201,121,138,142,156,70,197,143,141,180,152,138,125,95,155,135,34,20,151,124,176,138,72,187,158,74,115,164,71,93,153,48,116,174,188,124,67,126,201,192,57,45,191,120,135,216,223,231,137,188,120,255,221,192,71,255,82,123,81,65,236,199,109,176,46,127,110,184,113,106,98,76,212,101,255,111,205,94,86,145,109,177,123,190,178,135,158,139,237,106,175,145,0,175,213,255,78,88,255,53,124,255
188,22,140,115,244,56,75,124,15,170,18,76,169,176,98,83,170,120,152,119,68,132,120,60,69,183,189,147,120,168,122,34,187,121,105,181,146,195,35,84,159,150,27,13,147,98,159,163,34,235,124,85,62,141,0,139,170,89,94,118,130,147,113,37,141,212,30,75,87,45,170,125,229,223,164,172,66,255,158,95,61,255,114,244,164,43,255,220,32,217,0,149,76,91,25,205,135,171,221,97,255,81,255,135,95,164,169,251,115,153,209,184,58,118,233,103,186,194,0,211,255,255,187,96,255,14,255,255
188,30,144,123,238,53,62,95,21,184,70,77,168,162,106,52,172,125,166,163,64,180,97,100,82,128,211,183,168,184,100,16,165,162,134,180,165,159,76,64,168,139,47,46,141,153,114,175,103,240,180,152,60,185,7,176,228,98,85,183,133,132,95,134,148,168,25,81,178,133,135,115,239,204,139,146,119,255,159,115,152,255,94,121,129,49,255,204,27,186,0,122,125,126,124,159,111,67,245,15,255,24,164,146,134,172,108,255,153,127,130,180,119,215,255,71,127,222,0,153,255,255,116,79,255,67,255,255
186,31,160,102,219,29,45,87,0,185,56,97,103,179,88,0,147,86,105,154,87,241,104,77,121,135,195,182,136,156,105,5,158,165,107,179,152,161,140,83,213,178,55,11,148,158,124,229,35,201,166,170,140,155,29,176,255,50,103,180,50,183,153,113,200,101,87,34,169,113,122,6,230,148,80,111,132,231,163,96,83,255,118,69,106,0,209,141,51,223,0,169,154,111,120,116,149,64,253,95,255,1,120,150,173,137,116,247,78,255,79,197,58,255,255,146,255,144,0,153,255,255,121,126,255,74,221,255
191,27,144,133,243,48,75,116,34,171,30,72,156,162,90,58,183,104,188,147,41,179,116,103,74,81,227,165,127,120,132,0,198,146,110,175,145,156,119,93,164,84,18,0,191,127,137,223,102,228,183,129,154,184,32,157,176,72,113,197,181,157,86,79,232,160,0,75,188,122,133,167,210,194,111,183,147,255,209,200,118,255,100,145,179,3,232,127,157,156,0,66,119,133,143,106,144,46,207,56,255,0,169,171,143,119,115,255,91,183,157,145,236,255,255,123,149,161,0,180,238,255,0,20,255,0,156,255
190,25,139,126,238,50,70,118,26,189,60,57,179,161,107,62,206,104,184,139,64,177,113,101,93,127,181,134,155,166,150,54,200,148,148,179,147,123,101,111,164,132,75,13,134,163,112,159,82,237,156,104,77,175,39,131,184,90,104,169,178,113,69,124,157,157,4,52,201,96,146,196,248,180,146,148,126,255,174,178,128,255,92,111,131,51,255,184,64,235,6,106,120,168,122,152,77,11,255,76,255,39,196,123,80,139,92,222,118,181,132,196,149,162,210,66,133,195,3,206,255,255,0,20,255,0,152,255
183,20,120,125,242,42,65,124,50,153,45,37,191,112,121,79,169,126,211,108,40,162,106,97,136,135,206,141,147,140,191,67,205,130,153,197,157,121,76,64,131,157,0,16,117,145,142,138,74,233,155,33,83,154,61,102,148,86,105,178,181,87,40,182,150,177,65,65,164,100,157,218,192,253,167,194,93,228,143,178,113,255,96,106,83,67,242,213,108,165,83,161,163,190,125,112,74,72,255,91,255,103,218,127,86,174,141,222,121,201,208,69,145,134,196,99,74,155,0,231,199,255,52,68,203,171,185,255
186,34,162,130,232,63,71,55,94,145,86,51,142,138,102,57,170,98,145,162,40,204,98,93,99,140,175,142,139,111,64,103,135,139,126,190,105,136,140,49,214,166,69,37,149,120,93,109,58,149,136,82,36,220,29,95,226,60,156,140,228,101,122,166,175,198,109,54,167,185,121,101,190,186,137,168,86,249,194,182,103,221,16,160,98,94,216,196,24,125,60,76,81,138,182,211,37,99,178,130,241,36,28,107,150,255,85,191,236,106,151,245,9,255,226,87,116,218,7,65,220,240,182,155,210,165,166,255
191,25,147,118,224,59,75,109,20,206,42,62,175,162,109,83,190,107,176,150,49,185,121,105,106,147,181,144,168,160,117,11,213,108,170,148,184,115,94,95,175,186,72,28,150,191,141,146,142,249,152,93,42,194,46,120,174,84,158,180,182,124,75,108,172,162,4,44,197,144,168,170,226,235,115,170,113,255,183,160,126,255,127,131,147,50,255,213,40,208,43,151,130,169,156,179,15,11,255,58,255,26,239,89,75,145,67,252,128,143,167,208,141,128,207,57,149,191,53,255,255,255,0,27,255,0,202,255
186,25,156,117,214,67,55,96,40,187,38,103,151,152,82,22,197,97,159,135,73,220,144,83,50,217,177,158,122,149,25,85,187,195,75,180,167,147,115,26,243,153,53,41,105,103,130,197,6,124,93,100,118,97,53,119,159,11,91,202,161,105,121,181,176,182,93,71,87,136,131,49,180,126,132,227,89,255,217,104,60,255,165,141,50,0,236,246,66,211,69,125,85,47,123,138,15,178,237,125,253,59,137,82,101,105,165,255,74,143,167,185,0,217,227,6,190,187,0,155,255,255,152,210,255,133,255,255
188,27,148,120,229,46,59,107,30,196,66,80,161,125,106,42,172,112,142,142,61,198,111,94,100,158,150,143,188,159,128,54,153,129,152,178,135,111,62,100,174,196,79,49,147,169,82,172,76,224,118,165,48,198,5,120,180,92,91,180,145,139,99,107,150,159,42,58,170,121,189,144,214,208,182,169,140,250,160,83,114,255,97,74,81,50,255,219,2,210,7,116,133,124,161,159,49,60,255,82,255,15,138,154,104,172,86,255,169,161,143,237,147,119,189,90,108,248,0,119,255,255,70,141,231,114,219,255
184,27,148,116,238,45,42,115,20,201,22,68,146,141,109,13,147,103,162,149,54,123,132,61,112,120,222,154,140,131,117,37,159,189,81,236,124,164,61,135,197,116,54,0,136,142,139,200,30,209,83,190,63,180,0,147,219,98,128,154,62,192,87,4,139,196,0,96,134,116,171,138,239,135,156,212,111,255,164,132,72,255,160,145,143,0,255,186,22,255,0,134,91,32,115,171,140,9,231,93,255,0,199,167,105,157,195,255,64,198,187,138,149,153,255,152,168,192,0,199,255,255,14,40,255,53,229,255
181,30,137,135,241,39,65,86,85,142,80,70,166,123,70,66,170,121,135,116,65,198,103,81,65,133,188,170,144,147,118,94,153,160,122,235,71,94,85,72,130,126,31,39,143,146,61,130,38,159,181,121,21,215,3,136,190,82,75,143,159,92,121,143,157,202,72,94,137,139,146,115,151,148,196,127,95,255,169,156,137,255,1,142,119,105,255,188,19,117,24,48,100,176,79,157,119,165,201,103,255,61,43,199,208,233,123,241,236,118,181,218,82,189,163,91,160,255,0,36,208,255,240,151,167,135,203,255
194,35,165,107,227,47,51,86,0,196,35,64,147,189,107,60,157,146,165,190,64,207,123,107,108,114,218,177,176,156,112,0,225,135,80,169,134,109,103,121,141,143,29,7,132,197,78,185,128,224,164,54,130,199,18,146,247,142,145,121,115,135,40,130,135,193,45,51,179,128,147,44,250,255,145,90,136,255,117,255,121,255,101,57,189,12,255,172,0,255,0,123,139,125,204,222,45,68,255,54,255,9,194,128,135,249,138,255,94,163,149,250,44,182,255,139,216,255,61,217,255,255,0,0,255,0,197,255
184,31,142,136,252,43,55,106,85,186,65,71,146,128,97,60,182,111,169,155,56,170,103,68,98,118,185,174,108,150,126,89,142,164,94,233,89,122,63,109,137,118,32,32,138,175,45,162,23,185,136,153,62,217,5,134,218,103,106,178,128,105,61,104,131,212,50,98,160,84,200,168,206,100,220,165,102,255,154,139,169,255,68,118,149,51,255,152,50,188,0,42,139,117,119,168,96,65,177,77,255,53,50,161,85,245,87,255,227,101,189,194,194,161,153,107,108,255,0,33,248,255,77,156,159,182,182,255
188,25,141,129,236,39,65,113,28,178,65,72,177,139,117,59,177,120,148,128,64,177,113,78,91,160,166,116,189,170,133,55,180,149,157,193,137,127,76,105,167,162,69,38,142,171,90,147,88,218,137,117,35,174,20,119,161,92,77,172,147,114,74,116,125,163,34,84,162,107,160,165,221,226,210,172,142,255,146,130,125,255,81,96,105,35,255,226,33,183,31,113,116,154,120,151,102,58,255,53,255,56,173,143,103,181,87,231,147,146,149,204,105,158,208,72,113,214,0,136,255,255,92,123,255,115,192,255
190,25,133,122,241,51,55,114,19,183,58,72,174,160,117,56,180,151,183,132,54,160,140,82,90,149,205,151,178,188,144,35,220,160,138,230,154,133,84,121,143,113,22,8,88,143,114,199,73,228,180,92,81,142,15,152,171,120,104,161,146,90,56,79,132,184,16,58,194,112,186,154,217,235,201,143,87,255,121,185,135,255,56,92,214,37,255,159,98,224,0,92,143,159,129,141,60,33,255,8,255,0,214,209,63,126,145,255,160,228,228,117,131,163,163,96,61,255,25,222,255,255,0,0,255,0,193,255
188,30,147,114,232,34,43,97,0,203,56,74,168,164,134,46,155,124,171,154,61,170,111,95,124,142,187,152,180,190,113,0,226,166,141,197,158,156,43,123,163,151,30,15,122,176,84,157,74,254,131,70,26,151,20,203,239,112,134,133,122,133,68,88,75,143,9,90,197,100,133,108,255,213,144,153,139,255,133,234,104,255,93,90,172,0,255,220,67,255,0,104,131,124,67,170,115,21,255,29,255,14,219,127,136,140,127,255,98,193,149,155,0,175,222,75,127,255,0,232,255,255,66,0,255,155,247,255
189,49,190,122,235,40,43,62,77,157,77,32,108,145,109,61,205,106,153,147,20,243,90,121,128,137,193,181,171,82,113,67,124,127,45,198,58,112,93,95,151,227,97,44,212,176,85,113,52,177,115,83,62,228,0,102,219,2,188,141,194,28,125,218,161,200,122,64,224,134,118,0,252,207,156,130,82,158,187,204,80,188,64,131,46,57,255,255,7,155,14,104,197,36,255,255,60,106,123,151,187,138,31,125,163,255,79,108,215,123,174,255,2,255,255,144,255,255,14,13,255,255,93,251,160,163,113,255
182,19,146,120,230,52,76,122,43,175,53,117,95,146,108,54,181,79,138,124,34,229,116,103,111,147,175,128,131,154,131,76,153,154,144,165,131,137,91,107,200,178,46,61,133,122,101,236,38,232,125,173,73,164,74,148,180,98,144,184,110,184,104,78,171,176,66,30,151,75,141,134,193,216,74,172,144,255,161,121,137,255,111,166,159,42,184,107,97,181,0,121,111,135,29,110,144,120,255,73,255,0,100,109,109,77,156,194,0,255,88,167,171,190,205,255,133,121,0,204,161,255,73,114,255,0,131,255
186,29,149,117,229,25,72,99,13,177,46,80,132,195,123,43,180,109,124,123,79,203,115,90,96,161,157,169,138,179,134,25,139,162,143,180,152,158,90,103,198,143,40,25,126,151,90,196,80,255,193,91,38,134,23,152,216,107,104,155,115,169,88,46,115,141,24,103,160,101,104,78,252,233,112,135,157,255,151,140,142,255,109,177,174,41,255,131,46,105,0,157,149,144,64,107,205,89,255,33,255,49,159,203,82,154,71,204,84,238,105,173,102,198,226,160,116,125,0,202,255,255,177,165,255,155,220,255
186,23,142,115,229,33,62,113,18,185,14,75,143,156,122,37,173,104,158,104,68,182,127,74,128,150,182,142,164,161,146,22,174,149,165,198,124,156,68,107,218,144,17,16,145,137,111,224,53,250,121,117,53,154,26,116,201,114,140,152,129,163,115,22,112,151,8,78,128,87,161,129,241,208,99,185,119,255,143,135,113,255,132,172,172,23,255,120,74,135,0,164,166,124,0,136,167,84,255,72,255,14,182,181,86,143,113,235,0,236,169,141,101,215,171,144,59,157,0,255,250,255,130,99,255,90,207,255
183,27,137,120,243,32,70,115,39,174,51,63,142,156,121,68,166,117,166,124,62,175,111,76,92,129,176,183,101,192,174,40,167,172,125,203,124,144,91,121,152,115,31,21,96,172,85,187,41,235,192,123,97,133,26,149,211,121,118,167,132,148,77,75,101,173,34,87,141,93,159,158,218,201,168,212,131,255,149,135,136,255,92,190,155,19,222,129,97,123,39,134,144,163,44,100,168,44,245,42,255,121,170,162,67,124,91,182,130,205,159,116,125,192,194,161,114,154,0,162,241,255,103,51,255,99,122,255
191,34,166,104,215,25,33,79,0,209,63,107,107,170,130,32,141,125,115,173,67,255,149,107,151,145,159,207,159,194,125,0,149,159,104,149,157,113,115,93,192,209,62,45,169,176,128,184,107,200,196,105,89,161,29,145,246,114,91,131,104,164,55,123,136,125,89,51,213,189,96,37,244,208,114,126,192,233,164,190,97,255,101,12,170,9,255,135,0,247,0,161,133,129,72,180,78,62,255,79,255,0,220,202,145,117,98,255,72,170,51,179,23,255,255,99,255,193,0,192,255,255,36,107,255,49,235,255
192,29,167,100,211,39,42,114,8,239,34,74,164,149,159,11,114,122,226,134,108,213,165,82,167,129,239,214,246,179,144,0,107,113,77,167,92,95,108,156,145,173,5,15,161,174,114,188,176,230,177,123,155,139,30,145,255,116,172,129,147,196,13,140,156,233,76,19,147,108,135,208,253,218,65,198,167,223,164,255,112,255,188,0,122,73,255,72,78,241,0,156,188,167,73,255,64,0,217,195,255,0,183,206,101,196,97,255,2,186,142,243,57,169,255,122,189,255,89,107,255,255,0,11,255,57,253,255
190,27,146,114,230,29,59,114,3,199,45,74,130,179,133,28,167,112,171,136,81,191,109,84,108,84,216,191,147,170,165,0,174,149,138,177,103,140,120,118,171,82,20,0,131,151,142,220,94,255,210,143,140,125,23,176,248,102,129,176,139,172,36,28,181,140,0,58,174,111,195,169,227,176,104,181,166,255,194,223,139,255,102,104,224,0,242,79,146,171,10,167,153,131,86,137,173,0,255,92,255,0,199,233,49,87,69,255,24,247,97,106,207,236,216,207,162,194,0,218,255,255,0,0,255,28,116,255
195,44,186,109,215,2,16,69,0,197,69,84,118,177,143,19,149,151,127,157,79,255,128,109,144,157,193,231,195,188,155,0,110,151,100,136,84,151,124,46,152,251,27,62,239,196,113,116,163,238,217,79,139,126,45,142,243,96,95,176,93,207,64,191,128,161,137,82,216,170,69,70,248,181,74,146,167,158,136,255,65,201,36,0,87,0,198,211,0,255,0,200,244,51,175,196,100,35,191,81,255,31,246,141,181,239,135,255,110,149,98,198,0,255,255,81,255,132,0,137,255,255,67,157,255,82,217,255
178,40,172,86,228,32,36,53,22,183,99,57,42,195,136,67,122,95,114,143,3,255,141,91,195,176,68,207,211,164,169,124,117,60,89,172,53,87,142,113,84,238,9,16,255,165,12,27,101,159,202,70,133,168,78,65,246,30,95,130,0,146,0,124,206,107,182,100,35,134,60,0,255,255,191,126,255,0,186,255,143,205,112,62,10,0,140,240,75,227,0,175,110,113,190,183,95,60,187,216,99,0,62,117,63,103,110,60,90,255,93,150,0,145,48,162,255,184,0,68,255,255,55,255,180,232,0,255
182,40,159,127,249,19,50,85,19,157,98,71,139,166,148,49,157,138,132,134,47,241,136,100,104,128,231,214,182,165,158,0,133,125,108,152,132,145,121,84,114,145,27,0,142,153,142,116,160,194,213,152,95,164,11,190,255,49,83,205,65,197,57,180,125,202,104,162,191,171,94,93,180,170,110,184,211,170,150,255,60,222,46,15,83,0,249,187,155,195,0,112,127,172,40,122,171,0,139,55,255,47,183,153,218,95,65,255,136,156,137,166,30,207,255,216,255,220,0,42,235,255,148,181,255,242,199,255
193,27,157,103,219,39,51,127,9,233,10,65,137,131,135,12,120,117,192,133,96,210,125,56,181,104,223,178,183,160,136,0,149,116,116,155,92,113,66,153,201,195,41,73,185,165,110,179,104,255,118,165,58,202,0,121,255,120,157,116,99,190,73,65,98,176,31,3,112,81,203,142,226,164,78,172,136,255,131,149,59,255,186,74,157,62,255,133,10,180,0,197,233,115,42,255,79,49,255,155,255,30,212,171,124,191,119,255,25,159,142,215,140,200,254,74,142,255,22,255,255,255,6,5,255,38,209,255
190,33,163,111,216,23,56,115,32,185,39,48,131,119,125,43,156,135,164,120,86,195,107,97,141,131,202,149,166,147,188,24,135,149,91,178,98,94,60,149,185,190,32,37,140,163,134,173,85,255,151,116,71,146,0,85,217,73,120,163,148,187,56,87,117,195,55,31,171,114,155,134,192,190,101,176,130,255,162,130,90,255,116,106,146,46,255,175,5,134,8,155,227,112,87,214,95,77,255,133,255,103,158,224,68,184,56,228,55,212,98,255,165,195,255,112,160,202,0,190,255,255,49,98,243,107,139,255
190,31,150,124,239,42,60,119,35,174,41,59,142,137,95,23,165,119,147,135,70,147,97,63,115,110,189,171,139,166,143,56,145,160,109,214,121,152,97,100,174,127,53,0,129,134,113,172,54,240,139,181,114,194,0,108,213,34,73,171,133,172,79,60,141,182,0,54,156,130,165,159,222,168,111,215,136,210,207,64,63,255,69,151,117,26,255,184,8,195,0,106,138,67,167,191,91,84,255,83,255,69,203,195,84,196,92,255,155,186,116,206,201,205,255,99,129,166,0,206,255,255,5,63,255,0,207,255
187,26,156,111,213,56,89,109,47,151,43,91,120,165,73,48,161,123,131,121,58,255,107,121,111,115,176,147,120,163,140,40,135,130,112,154,123,106,111,82,207,220,52,94,135,143,72,217,64,248,153,141,151,185,0,92,208,50,65,199,126,156,82,138,135,163,53,0,95,96,157,60,203,218,91,169,160,245,155,109,112,255,127,230,118,95,243,201,37,121,23,85,167,62,155,228,75,152,255,111,255,81,110,153,51,160,131,176,131,139,28,223,72,159,230,139,121,138,0,91,241,255,107,53,250,10,141,255
200,39,208,76,179,7,27,109,17,249,6,47,96,124,99,0,82,90,198,163,128,247,120,61,241,124,255,142,170,155,255,0,67,129,0,179,8,108,169,191,232,255,19,194,255,255,163,251,63,212,140,82,203,142,34,124,219,78,253,104,137,193,218,144,218,220,162,0,246,13,160,22,255,217,102,94,0,255,35,161,81,254,173,145,214,137,255,175,0,77,108,255,255,98,67,255,0,156,220,255,206,201,107,186,51,255,108,117,48,255,225,255,73,235,255,59,255,255,196,221,255,255,5,0,255,0,3,255
199,33,186,94,192,41,84,115,49,218,68,68,106,150,89,46,140,146,134,147,107,255,111,87,142,113,165,166,160,137,210,32,107,177,23,125,119,56,170,144,223,255,55,160,179,206,112,193,89,218,157,140,104,165,53,86,180,23,118,154,206,147,163,170,167,180,86,6,177,128,89,55,191,255,141,118,163,255,106,106,50,213,164,180,16,96,255,255,0,56,124,191,241,146,126,187,61,116,233,153,255,187,188,143,75,255,76,105,96,206,3,255,71,129,255,0,214,244,0,139,255,255,156,91,41,54,0,255
186,25,146,108,225,45,100,125,79,165,59,73,104,131,104,83,156,117,121,111,55,208,93,76,108,143,164,172,114,182,197,56,107,147,130,157,98,105,127,116,182,197,54,78,160,143,91,135,32,221,150,148,105,164,63,102,177,53,80,165,132,145,86,104,125,210,20,72,112,158,138,149,162,182,90,171,85,240,184,88,103,255,177,229,101,97,255,176,54,68,0,144,136,175,56,168,84,128,183,166,241,153,126,166,67,181,54,120,99,121,36,255,185,144,255,29,95,162,0,88,231,255,77,93,223,41,0,255
186,27,146,128,226,39,71,107,64,171,60,74,106,154,106,63,191,107,119,151,54,220,95,119,80,136,155,150,82,207,135,86,135,183,114,196,142,112,114,135,189,148,68,24,119,172,85,197,42,222,164,135,130,137,57,99,202,69,68,205,127,130,53,77,201,176,10,48,159,157,159,127,193,205,133,197,111,255,216,144,113,255,98,184,150,40,252,156,58,202,23,82,63,137,132,98,102,105,255,66,255,64,149,170,0,155,53,214,145,114,91,135,168,142,180,161,183,185,0,149,238,255,47,41,217,130,111,255
199,36,207,84,180,9,23,109,0,237,12,54,98,143,107,0,91,98,169,136,150,255,125,87,211,138,229,134,166,150,198,30,85,86,31,157,67,130,180,118,244,255,11,186,254,181,162,226,128,235,104,110,230,123,19,101,192,42,145,158,121,210,212,160,255,160,184,0,247,0,130,14,255,153,11,102,0,255,85,84,25,255,136,35,144,67,255,200,0,234,50,255,255,48,144,217,95,158,255,166,255,104,169,128,53,255,134,247,8,255,249,255,68,255,255,53,255,255,67,226,255,255,20,0,255,0,140,255
185,33,155,123,225,12,61,114,23,153,76,66,129,129,142,20,140,119,148,103,73,245,124,79,123,129,206,176,183,163,175,3,117,131,117,139,117,133,149,52,204,160,48,29,129,114,114,125,137,252,171,119,107,120,0,157,200,75,65,170,146,135,80,217,73,158,86,105,130,120,99,129,156,178,62,220,137,163,133,182,106,197,63,26,88,16,255,181,86,124,46,218,184,123,26,202,217,86,218,70,255,110,123,224,157,121,53,213,18,187,45,196,76,255,254,88,182,117,0,90,224,255,159,148,255,239,170,255
184,34,146,116,233,22,41,72,17,164,74,59,121,142,129,69,153,116,151,154,23,255,80,115,136,146,192,168,191,176,134,0,125,175,140,127,105,126,97,60,163,153,92,34,140,194,98,147,85,231,192,97,48,170,4,154,255,124,95,109,115,88,116,197,105,150,75,61,166,147,165,51,212,220,157,145,122,234,104,254,111,255,92,70,145,8,249,193,30,170,20,228,128,152,100,160,106,132,233,86,255,74,141,170,150,113,108,255,83,63,37,103,0,255,217,150,251,203,0,155,221,255,169,248,255,221,208,255
185,27,126,114,247,43,59,103,8,172,73,37,169,153,110,48,182,136,193,138,72,179,102,100,89,123,212,181,172,174,148,0,205,158,150,189,175,135,77,77,151,112,16,8,63,145,84,185,90,246,206,105,88,155,36,185,244,129,69,181,134,116,40,152,90,165,3,90,136,100,148,178,227,203,121,175,106,250,144,238,125,255,74,92,109,4,255,181,117,202,1,156,161,180,110,167,131,56,255,0,255,19,205,109,92,104,160,255,118,255,111,75,99,195,188,139,69,255,0,185,241,255,103,31,255,70,207,255
187,31,148,118,232,30,37,97,13,180,68,74,145,142,143,39,142,132,152,159,60,220,118,97,151,113,199,162,193,161,147,0,150,163,105,177,112,114,87,73,161,131,36,54,114,187,129,172,92,224,169,104,81,180,17,150,249,129,75,109,150,147,69,130,90,198,41,56,164,93,177,95,232,226,150,191,168,242,109,185,141,255,69,62,166,14,255,170,59,161,48,191,127,113,80,150,120,71,255,33,255,6,160,185,136,174,109,255,50,171,103,135,26,255,234,115,155,230,0,155,255,255,79,77,255,172,209,255
189,26,135,116,237,53,69,118,42,204,41,59,145,123,106,53,173,119,202,134,60,183,112,103,89,121,199,190,134,186,150,28,172,151,140,195,131,118,71,86,163,119,22,40,110,152,82,202,66,219,195,172,101,139,30,148,237,126,85,175,168,120,45,111,106,175,0,35,167,128,192,182,213,187,96,199,69,255,159,128,149,255,109,159,143,65,253,88,74,188,40,141,168,157,90,137,56,48,255,60,255,0,154,118,57,110,89,255,113,187,98,126,203,187,187,138,38,223,0,255,190,255,0,0,247,0,191,255
187,31,149,123,229,26,57,109,25,168,38,55,132,134,114,56,161,141,170,115,76,225,100,64,120,156,201,171,158,155,136,9,164,157,139,174,131,157,90,81,173,149,28,55,127,119,97,163,92,238,157,112,51,126,0,158,214,111,93,137,145,175,70,129,71,149,55,99,133,111,135,115,177,207,106,224,107,241,160,128,112,255,87,97,137,27,255,196,109,96,36,179,229,139,56,187,140,118,225,56,255,111,147,173,148,129,118,255,61,206,93,138,97,255,255,123,109,129,0,232,207,255,141,120,255,150,197,255
193,45,195,108,219,17,24,61,25,187,67,86,87,162,109,38,154,134,84,168,43,255,137,101,159,122,174,203,173,130,154,9,126,97,28,159,77,98,141,70,152,217,82,62,217,205,95,160,93,191,179,121,108,186,0,102,157,75,107,116,172,160,105,152,107,186,127,99,223,155,110,0,208,229,138,137,126,223,128,146,91,146,55,70,106,15,255,203,0,203,28,159,198,31,126,255,78,180,192,97,255,90,155,199,171,240,132,243,135,177,138,255,17,255,255,151,255,233,0,31,255,255,102,97,214,90,139,255
189,21,135,116,229,37,52,128,17,186,32,57,174,118,137,53,160,129,203,104,66,204,133,99,127,166,192,170,207,175,127,5,222,136,164,164,136,110,38,58,178,167,50,18,97,143,124,181,99,255,125,119,48,150,44,111,193,135,138,150,185,145,46,143,85,177,29,64,111,104,177,186,200,236,107,221,124,252,125,173,64,255,117,94,143,50,255,176,103,133,17,182,212,145,55,193,90,79,255,70,255,44,160,172,83,159,123,255,67,202,192,124,44,184,178,58,31,219,0,249,243,255,101,64,255,141,207,255
181,20,135,104,228,35,68,99,56,177,0,63,117,135,113,60,160,99,164,68,35,159,112,50,143,201,166,141,149,153,124,59,182,119,169,210,114,125,27,89,210,130,47,13,111,115,92,198,16,255,45,133,40,179,59,77,177,90,184,167,131,144,85,39,113,118,37,78,131,89,190,107,241,176,91,181,82,236,175,89,66,255,214,194,147,60,255,77,42,99,0,163,250,77,44,234,116,120,255,119,203,25,78,185,0,202,117,215,25,174,161,118,115,225,144,130,77,136,0,255,234,255,167,185,167,162,151,255
186,23,139,102,235,41,62,125,25,189,21,57,149,138,120,49,149,122,160,103,56,140,112,65,149,154,179,145,152,158,159,28,189,123,136,187,137,152,33,118,194,154,27,11,98,148,113,157,26,255,113,98,61,139,0,114,182,90,122,141,132,152,83,52,44,187,17,51,91,89,174,140,223,244,127,184,97,250,120,100,74,255,149,167,126,37,255,198,13,166,0,173,182,85,45,194,97,93,255,99,255,70,186,143,57,167,128,255,88,204,145,194,97,92,209,65,24,174,0,255,244,255,111,78,213,72,201,255
196,43,188,115,225,16,38,78,13,167,62,82,133,156,127,61,144,152,123,145,51,204,124,113,120,169,225,206,190,139,118,0,105,174,87,157,101,181,82,50,160,210,45,0,179,155,140,104,111,236,169,134,95,131,0,156,252,91,148,163,176,206,71,173,149,193,104,92,238,192,46,42,156,245,66,181,128,218,168,227,79,190,73,59,129,37,255,236,0,185,0,148,199,74,117,255,57,68,143,143,255,121,177,166,235,244,135,255,115,140,93,255,0,255,255,129,226,153,0,105,255,255,110,166,255,44,205,255
185,18,126,131,235,35,56,135,40,156,14,49,173,131,119,52,169,108,224,103,53,173,143,109,127,131,228,146,160,141,179,37,213,158,142,179,152,150,101,61,169,119,0,0,124,94,177,205,66,231,126,82,108,141,56,93,159,76,143,155,187,126,76,97,188,201,38,63,136,104,157,242,182,245,87,239,97,255,147,221,77,255,72,156,159,34,201,139,152,114,45,153,138,173,61,59,175,98,255,80,255,15,222,211,97,110,166,250,22,255,255,31,176,218,204,140,54,172,0,255,210,255,61,16,255,71,155,255
190,29,161,112,224,42,48,122,0,229,23,64,156,160,148,37,137,133,215,153,99,157,132,87,116,116,249,199,180,152,113,0,176,174,110,174,132,166,51,154,161,129,0,25,133,123,164,196,163,238,166,143,104,120,17,191,255,123,184,156,172,233,21,63,149,234,53,58,154,97,155,196,235,181,57,213,158,255,139,255,106,255,128,95,157,40,255,123,98,255,17,128,181,144,47,181,112,0,222,131,255,0,218,188,159,167,124,255,12,252,185,189,146,152,217,176,189,193,43,193,255,255,0,0,255,36,238,255
193,27,150,122,231,39,72,107,21,159,15,79,132,176,102,56,196,114,157,151,77,193,96,88,92,135,206,177,114,160,117,0,194,192,130,144,119,171,94,88,201,129,9,0,157,125,123,203,90,245,176,111,73,160,8,161,217,114,91,140,179,186,51,30,175,167,0,89,164,148,120,99,208,206,78,188,136,255,232,152,99,255,90,214,206,50,255,142,94,126,0,85,95,161,64,133,180,148,243,41,255,62,204,217,131,155,102,225,70,250,87,138,197,240,255,158,112,144,0,177,255,255,116,64,255,22,186,255
188,22,146,108,221,71,94,124,78,224,10,50,128,159,117,62,142,146,190,145,75,183,111,55,135,155,185,183,130,140,140,0,150,138,126,126,97,130,90,107,152,169,70,85,115,93,135,152,81,228,91,229,85,143,8,93,208,65,162,170,164,148,108,92,121,159,18,65,189,156,188,165,172,157,50,192,98,255,197,102,57,255,200,200,18,39,255,178,67,145,0,219,132,131,0,213,60,63,227,134,255,98,234,105,26,154,116,255,71,165,145,163,187,120,180,15,22,144,1,245,255,255,49,99,206,0,56,255
190,25,148,114,224,34,55,120,0,205,17,49,144,163,114,9,145,116,186,112,105,180,116,62,138,123,215,164,168,166,153,0,174,127,166,182,140,185,89,92,224,125,0,50,156,101,91,198,95,255,154,136,90,150,7,175,248,113,129,208,126,189,83,76,81,127,0,95,124,90,162,180,237,163,78,190,121,255,137,135,111,255,134,145,136,17,254,149,117,127,16,175,241,132,36,242,161,66,230,81,255,6,217,166,90,135,147,255,32,242,174,118,199,255,255,99,74,166,0,255,255,255,67,8,255,62,199,255
188,25,139,114,234,54,73,105,33,183,56,48,176,135,108,78,190,107,184,133,65,185,113,114,108,136,177,147,190,152,153,22,181,114,170,143,124,95,66,92,138,181,86,10,127,179,116,159,88,255,113,124,66,195,55,99,189,98,132,166,183,128,104,178,151,167,29,28,166,137,175,180,221,204,137,157,111,231,170,164,118,255,134,98,64,52,255,213,42,195,11,161,136,147,129,152,27,33,255,107,255,29,140,111,94,151,86,221,140,173,128,229,126,114,203,77,107,196,0,176,255,255,76,84,255,68,163,255
187,24,140,118,236,51,69,113,69,166,27,39,162,120,101,62,157,111,187,121,45,152,110,68,122,155,202,137,143,110,137,51,181,142,95,170,93,134,58,111,169,154,20,27,146,119,119,110,28,221,103,123,17,170,0,113,181,44,133,132,155,142,58,101,118,174,45,43,128,139,151,157,163,194,140,190,101,255,187,140,52,255,147,155,67,101,245,191,62,131,0,102,149,138,75,220,81,83,195,151,240,88,130,138,119,169,133,195,134,140,159,227,152,123,237,72,120,198,0,135,241,255,135,131,228,106,169,255
188,23,124,132,246,42,48,118,36,174,50,47,180,123,138,74,171,142,215,127,35,142,128,93,119,125,205,138,159,164,164,50,229,169,135,224,170,134,48,86,126,108,0,28,110,138,145,141,79,199,204,44,43,149,42,133,185,94,89,156,207,69,0,139,117,193,33,79,207,105,193,192,217,239,201,189,121,255,142,229,135,255,19,121,147,20,255,221,112,202,50,87,96,196,134,60,59,74,255,22,255,44,204,155,59,97,117,255,161,208,210,107,143,111,122,80,54,255,0,213,203,255,4,57,255,85,212,255
184,22,127,125,244,36,82,129,47,161,21,20,176,135,116,94,149,140,195,110,41,123,109,64,123,128,201,129,137,127,184,36,209,137,119,176,128,117,47,147,105,117,34,0,135,131,127,95,77,234,130,39,74,160,13,124,158,120,133,143,150,121,31,138,102,174,28,67,168,99,152,179,211,232,155,144,169,255,167,237,73,255,133,164,79,32,255,237,133,175,21,147,122,166,74,120,117,38,255,74,255,106,199,145,61,148,130,207,105,201,155,184,165,49,154,88,182,97,0,241,183,255,80,98,255,129,123,255
193,33,164,117,219,31,68,102,3,187,29,58,160,200,116,51,151,154,131,157,95,156,116,76,107,138,192,174,155,166,139,0,193,170,148,176,147,172,105,144,180,136,15,15,122,150,127,167,124,255,173,85,89,148,0,136,243,90,145,178,147,236,16,43,146,168,25,102,194,146,101,108,231,255,107,139,197,255,169,210,92,255,95,156,173,26,255,192,26,164,0,118,134,170,110,128,132,39,248,50,255,84,238,173,118,247,93,239,134,221,147,255,106,119,255,110,169,152,89,149,255,255,73,44,255,22,199,255
190,35,173,109,214,60,71,68,54,165,44,66,125,153,71,41,156,94,165,146,79,255,94,94,91,172,175,167,135,119,78,49,158,124,125,162,75,149,128,40,200,206,41,94,187,149,94,183,79,209,121,100,82,148,0,111,218,32,118,136,211,111,91,190,174,133,97,41,137,151,150,32,193,155,88,148,52,255,192,119,95,248,108,180,92,94,245,209,27,138,0,98,190,78,185,182,23,205,208,247,236,74,9,127,94,232,125,207,208,65,71,255,0,209,255,105,133,206,0,93,255,255,205,135,189,142,237,255
183,28,137,142,247,37,40,115,49,165,61,57,173,112,151,81,160,113,183,144,38,160,80,91,126,131,210,122,160,146,141,46,159,185,164,210,145,170,40,88,150,185,11,34,168,171,142,122,79,217,150,82,0,178,44,135,213,67,88,135,152,105,52,133,143,171,75,111,210,115,163,185,196,221,191,233,109,255,167,189,87,255,37,91,95,40,255,245,70,206,17,93,106,162,113,133,117,79,234,114,255,158,164,126,108,193,90,228,143,112,175,133,79,135,190,101,81,255,0,112,228,255,86,176,252,193,247,255
189,27,137,135,240,56,60,104,52,193,66,60,169,141,106,46,181,107,174,168,63,171,111,91,87,111,180,158,141,172,125,59,172,161,115,211,140,146,97,87,186,117,55,32,140,155,107,174,58,192,167,150,50,163,39,112,193,50,86,183,156,82,89,114,149,146,0,69,193,147,183,179,247,153,204,183,124,255,173,158,154,255,76,129,135,28,255,185,87,222,59,84,84,151,140,130,75,8,255,38,255,0,176,89,58,134,92,255,161,93,163,166,145,210,189,26,121,255,0,159,210,255,0,80,225,62,216,255
190,28,147,121,232,51,90,111,44,187,64,38,169,164,119,81,187,142,161,146,67,142,91,44,93,159,175,135,150,175,132,67,207,156,156,172,125,128,93,157,169,151,86,44,146,137,114,76,97,219,157,73,32,194,11,145,216,92,130,170,155,108,50,108,85,206,55,49,196,122,144,159,223,183,181,140,124,255,211,179,86,255,119,142,74,64,255,244,27,193,0,122,122,180,109,197,77,46,241,75,255,116,221,124,47,199,54,171,144,178,85,255,149,64,173,32,138,155,52,156,255,255,107,89,255,83,72,255
195,54,218,107,210,45,44,44,45,204,108,45,91,172,129,64,133,155,174,198,34,255,103,123,131,191,152,179,159,79,61,96,112,173,8,192,80,57,130,118,106,247,24,138,189,222,106,122,162,158,124,0,65,220,3,111,153,49,249,102,255,41,73,200,169,152,180,68,255,130,0,12,255,225,87,172,87,143,146,204,71,127,60,64,71,64,255,255,0,176,74,124,255,72,255,255,0,54,177,166,199,160,167,170,177,255,141,141,209,224,107,255,0,221,255,146,255,255,0,147,255,122,22,155,116,139,16,255
190,20,139,109,224,62,60,121,7,221,31,75,167,151,110,41,181,88,205,145,65,210,136,102,124,127,196,175,192,172,137,0,224,118,170,170,155,112,90,93,177,174,87,0,123,186,155,228,124,255,116,189,84,170,45,92,191,86,186,203,144,147,101,52,246,137,0,43,155,144,209,208,222,181,84,193,86,255,190,164,81,255,183,74,163,16,255,148,65,255,0,205,146,149,122,161,56,0,255,108,255,0,245,120,17,106,127,255,40,194,193,121,126,168,216,133,96,230,52,255,255,255,0,0,255,0,140,255
189,29,155,117,236,62,66,117,35,202,46,67,150,168,101,41,172,112,154,151,68,173,96,59,105,122,173,157,152,137,133,23,162,145,115,181,114,161,100,131,204,128,83,16,151,150,125,161,54,246,103,153,74,190,0,145,195,29,100,184,132,145,91,59,125,152,0,54,119,103,171,151,237,149,158,187,155,255,175,138,69,255,172,144,97,7,255,216,53,195,0,155,113,50,123,255,78,58,198,141,255,60,185,165,58,159,109,239,148,151,119,200,150,148,255,59,116,227,12,175,255,255,53,90,233,12,181,255
184,27,132,133,248,43,65,110,57,172,60,66,165,124,82,61,181,107,170,134,52,147,100,83,66,129,184,160,113,177,139,98,190,175,132,255,121,106,92,99,139,129,38,0,127,186,52,166,36,177,171,132,76,183,39,122,180,97,74,189,128,62,93,89,150,170,22,70,190,127,185,173,197,160,194,167,76,255,184,122,136,255,35,167,152,35,247,164,25,224,23,84,116,143,161,125,73,49,255,45,255,51,125,134,73,193,76,241,195,128,140,116,139,165,199,127,123,231,0,147,227,255,35,91,184,85,216,255
184,24,131,119,253,48,75,125,64,173,19,56,153,124,98,79,170,111,177,97,39,136,82,57,132,136,203,147,126,102,169,67,167,126,135,225,78,134,63,138,164,128,38,0,163,137,61,129,22,233,120,97,21,202,0,127,177,73,116,129,119,104,87,62,116,139,0,75,145,72,206,183,208,179,203,177,61,255,175,145,97,255,139,208,166,80,255,158,123,180,0,115,178,156,107,235,114,72,255,152,255,30,129,174,51,186,143,224,158,143,136,153,197,102,143,112,93,250,0,190,245,255,22,73,182,68,184,255
192,33,161,122,228,45,56,85,68,170,62,37,151,128,114,78,177,118,175,178,54,157,118,105,109,142,197,157,166,152,114,80,207,162,98,181,105,130,89,92,168,156,61,62,125,143,94,123,32,183,114,77,67,213,61,99,255,101,182,153,232,89,64,190,122,224,132,23,181,124,165,119,228,234,202,149,87,255,151,216,89,255,86,148,69,79,237,228,0,133,49,128,138,153,187,193,30,98,173,92,251,86,62,115,93,255,65,169,212,140,123,255,52,183,227,64,149,255,17,60,255,255,148,156,255,171,52,255
197,51,211,114,220,14,12,45,6,191,76,63,114,175,116,47,146,166,86,199,62,199,124,116,116,148,232,213,174,140,114,0,114,154,58,188,81,127,124,93,126,250,34,27,181,237,121,107,107,192,161,106,59,216,0,95,240,85,143,187,124,204,44,138,124,211,163,141,255,227,108,0,255,183,105,62,144,255,118,235,57,181,41,53,111,28,253,255,0,255,50,54,214,65,225,255,29,73,138,79,245,91,255,103,196,255,175,255,144,158,190,255,16,161,255,223,255,255,25,97,255,253,56,141,255,111,123,255
188,29,152,109,226,74,60,99,44,211,45,84,151,136,93,34,177,101,205,153,42,185,124,94,93,115,177,172,170,134,126,49,203,145,85,202,94,93,94,106,186,127,89,0,140,172,121,204,51,188,129,171,138,207,38,92,221,47,134,206,167,102,69,107,203,173,13,0,173,128,222,152,201,99,129,180,135,255,220,181,83,255,168,97,134,0,244,135,16,255,0,144,75,43,174,213,0,43,255,167,255,0,113,176,21,119,84,255,169,173,62,184,157,176,245,119,118,255,0,152,255,255,0,83,171,0,230,255
192,46,195,114,220,24,29,34,46,178,54,96,98,157,98,84,150,111,106,184,0,255,91,140,115,164,166,166,150,146,83,48,137,163,23,196,37,73,75,34,79,207,56,54,200,246,46,71,94,165,175,62,59,228,44,106,255,105,157,93,189,108,90,149,171,140,134,49,212,158,86,0,216,152,148,153,81,211,170,226,90,165,66,88,70,0,179,255,0,231,34,107,95,59,229,255,0,163,97,184,241,21,127,172,246,255,121,198,255,97,87,226,0,252,255,119,255,193,0,60,255,255,99,164,255,79,111,255
192,50,213,109,219,65,73,43,123,175,162,17,96,132,140,90,136,93,205,155,3,198,52,134,107,148,178,178,97,73,95,189,23,149,31,183,0,28,167,149,156,186,0,88,238,167,172,84,146,177,79,50,54,227,0,114,206,141,248,173,255,58,64,159,233,215,156,37,255,166,102,88,255,209,135,105,57,186,189,136,145,138,114,255,226,156,239,255,0,27,70,109,201,141,238,255,0,63,181,238,210,127,134,101,106,255,109,129,255,246,62,203,101,255,255,162,91,255,9,117,255,0,19,167,39,134,0,255
185,50,192,96,238,42,56,45,74,153,114,40,105,146,61,59,131,103,127,134,56,219,95,140,92,163,200,224,173,66,160,85,75,81,53,222,9,108,140,36,115,184,40,40,168,193,115,108,24,174,109,136,169,200,0,85,236,60,174,161,203,99,148,227,217,217,162,32,219,108,144,13,227,193,72,98,8,150,167,173,113,186,72,183,79,83,199,231,12,116,12,178,251,59,255,255,56,112,88,255,175,87,1,66,142,255,192,181,200,188,152,255,27,255,255,246,224,255,0,60,255,203,189,150,123,112,38,255
186,28,166,104,187,8,43,90,34,196,27,81,80,137,107,1,140,78,124,113,87,255,98,60,169,139,167,167,162,169,168,48,100,107,100,166,124,123,172,69,255,232,72,132,229,144,85,170,30,215,149,85,117,174,63,84,203,32,103,150,152,147,135,142,139,91,75,45,100,99,176,59,250,172,81,115,86,191,134,64,111,254,151,119,75,61,255,204,40,78,71,200,238,101,71,173,84,229,183,207,221,67,81,233,64,203,106,138,18,144,128,191,64,255,184,0,255,158,0,175,255,255,135,102,255,159,98,255
181,29,147,93,221,37,71,107,36,222,72,68,102,144,115,23,142,108,157,100,65,255,142,75,144,161,162,182,112,178,151,73,151,116,139,163,159,138,92,127,234,165,61,105,155,98,74,151,52,215,159,130,58,124,3,177,232,103,142,184,103,156,55,138,67,89,75,115,102,95,133,106,222,127,109,157,101,210,157,91,136,255,205,118,85,11,255,155,106,114,0,190,255,203,0,185,102,48,231,172,221,47,94,154,53,47,134,255,90,189,114,192,134,173,86,0,86,192,0,220,255,255,99,87,255,161,112,255
182,23,132,107,230,59,57,103,33,177,70,59,155,116,108,32,153,72,178,123,86,178,87,85,98,196,175,160,166,179,116,50,166,118,133,157,143,179,41,1,210,190,62,68,89,129,146,160,48,247,127,151,47,140,51,130,211,24,98,187,182,113,96,205,135,159,45,0,95,97,206,148,220,185,131,225,71,223,177,52,58,255,148,117,9,67,231,192,42,163,36,153,137,124,148,156,46,181,219,125,238,66,143,62,31,141,189,210,124,222,175,196,74,197,216,8,142,229,0,244,252,255,248,110,221,107,247,255
175,20,150,134,203,41,97,82,114,180,135,81,143,114,162,70,144,117,131,122,55,201,74,94,80,205,126,110,248,161,93,162,82,100,165,138,158,103,73,58,203,175,107,199,166,161,45,96,113,140,132,193,95,107,168,113,161,79,43,170,243,123,57,217,107,185,124,61,137,135,102,213,204,255,73,167,153,150,189,95,168,120,106,78,14,91,127,185,171,63,204,70,139,187,127,216,118,93,77,140,210,59,0,49,102,198,23,182,135,175,132,99,97,164,109,0,24,194,0,94,159,159,94,180,173,204,181,255
