170,17,187,80,204,74,121,141,132,217,131,49,117,124,112,80,107,153,149,188,37,177,101,71,17,248,175,125,148,128,96,187,219,180,120,138,88,114,230,67,255,183,34,196,10,138,63,70,135,182,116,175,131,122,162,157,124,177,125,245,255,198,21,255,111,165,182,63,43,176,18,157,197,176,95,197,20,239,10,86,158,20,182,67,64,153,21,119,5,146,255,115,102,90,119,255,25,76,7,161,52,21,63,90,115,255,39,182,30,255,207,32,137,0,159,0,35,43,13,17,133,71,123,182,246,0,10,255
155,6,167,77,200,82,86,106,175,206,134,88,124,204,100,29,141,115,114,176,44,169,98,148,79,203,211,95,142,166,81,132,209,77,91,81,150,107,153,103,158,160,0,134,120,136,131,142,57,213,134,70,16,110,173,133,87,90,134,233,179,146,0,245,155,73,255,64,94,104,182,118,222,255,34,168,56,255,15,214,75,17,95,19,161,71,115,161,103,208,87,202,247,98,153,172,0,0,93,248,170,23,224,51,214,255,68,68,255,188,255,108,255,71,153,101,157,255,0,145,58,107,77,111,91,0,125,255
154,8,167,73,216,79,85,120,170,189,143,95,147,115,136,61,105,136,115,175,21,177,86,163,74,186,204,56,147,106,85,169,185,112,107,81,184,50,93,130,146,247,14,166,26,140,60,122,105,222,138,106,80,147,73,73,98,134,43,255,255,120,0,255,123,93,239,23,82,93,177,111,255,255,6,227,17,240,85,165,136,70,209,0,142,67,135,139,67,188,105,163,222,163,80,255,81,0,137,177,195,0,215,31,188,255,99,119,154,225,255,116,255,55,158,61,173,220,0,49,12,89,37,142,142,0,154,255
156,13,164,84,234,70,105,120,147,191,154,92,162,97,164,64,88,134,130,167,20,186,89,169,91,147,186,49,126,85,89,154,133,130,120,88,196,72,69,168,125,243,94,189,32,114,0,133,105,241,159,108,141,111,59,40,99,99,54,211,255,105,9,255,125,130,216,63,108,13,134,172,255,235,37,189,19,182,142,165,202,116,249,1,110,111,117,149,176,117,70,176,115,132,56,255,87,0,159,134,190,0,251,5,109,255,134,171,99,216,240,107,252,38,172,24,130,159,0,0,0,23,0,144,79,45,120,255
155,31,166,139,255,62,97,182,208,206,122,98,201,118,87,60,133,79,158,222,0,255,58,172,179,64,123,71,106,42,204,162,39,139,88,113,207,211,134,138,163,255,140,124,36,174,0,107,81,255,212,118,183,255,106,170,90,26,0,230,211,83,47,255,202,167,212,255,253,2,179,255,191,166,255,0,88,115,114,255,157,255,117,123,0,116,152,198,255,176,69,157,189,160,255,65,42,0,226,224,121,0,97,43,0,255,213,189,78,247,255,210,123,0,255,171,124,236,0,255,97,205,0,175,255,158,140,255
152,29,143,153,255,65,73,167,190,234,171,55,181,146,193,16,98,64,158,194,0,249,46,85,255,0,173,104,148,66,207,161,52,116,88,89,81,247,149,48,163,205,129,58,34,158,81,169,96,255,255,56,58,255,0,149,45,0,50,153,38,163,94,223,64,130,255,255,231,61,184,172,143,108,255,16,207,97,0,255,169,255,177,90,0,70,82,151,255,239,103,182,207,162,255,0,0,0,255,255,91,0,119,46,0,255,255,255,124,95,255,133,52,0,255,128,95,250,0,255,255,204,0,255,32,255,27,255
153,37,147,112,255,68,114,120,141,214,146,65,187,131,169,48,112,137,163,167,0,243,24,73,255,63,160,71,131,18,207,97,114,117,115,130,67,206,132,120,165,196,144,74,58,174,112,143,105,255,255,50,98,255,0,255,85,31,37,212,100,103,24,207,138,195,214,255,255,74,219,175,188,182,255,0,177,76,136,222,163,223,175,181,0,38,229,193,255,137,133,220,176,168,239,0,0,0,255,255,106,0,75,229,0,255,180,255,129,131,255,219,3,0,255,255,71,203,0,255,193,210,0,198,255,255,170,255
157,30,154,165,255,73,72,180,241,210,170,50,211,146,134,14,119,32,158,196,0,255,126,92,255,0,153,133,155,78,218,216,27,12,70,154,199,248,217,33,169,210,104,17,10,140,152,227,160,255,190,20,175,255,0,72,0,0,0,104,114,0,132,245,132,173,255,255,254,24,86,209,225,0,255,0,116,0,82,255,172,255,143,0,0,178,240,255,255,182,0,115,255,187,255,96,0,55,255,255,69,52,60,51,0,255,255,255,197,208,255,255,161,0,255,87,0,180,17,255,255,250,0,255,0,68,88,255
159,36,162,165,255,57,65,171,199,204,152,81,210,121,98,10,157,55,164,186,0,234,55,115,216,19,158,130,163,82,213,134,51,119,106,130,138,186,159,74,88,255,115,0,48,213,47,100,92,255,197,97,177,255,0,157,77,0,32,154,78,129,128,186,97,196,241,255,255,55,128,183,245,102,210,0,156,0,34,243,184,255,155,16,0,153,173,174,255,205,85,57,177,100,255,127,13,0,160,216,121,0,111,145,0,255,255,255,172,255,255,221,112,0,248,157,31,254,0,255,121,255,0,255,223,108,19,255
161,37,168,154,255,51,68,151,188,191,147,72,183,126,87,52,172,104,141,167,0,252,56,154,173,39,151,114,186,117,223,131,85,85,145,158,151,181,188,43,145,238,72,109,65,169,69,123,78,255,231,121,170,255,60,171,112,0,35,191,123,89,43,199,129,173,180,255,239,76,170,219,199,141,167,0,84,59,116,255,164,255,152,58,0,161,226,191,255,92,95,172,198,152,238,70,93,0,106,157,122,38,42,100,0,255,224,255,191,218,255,255,212,0,225,255,127,189,20,255,84,244,0,155,238,235,116,255
158,37,149,146,255,61,51,111,125,187,146,59,149,100,142,58,125,127,143,146,0,255,43,84,206,59,198,102,187,56,210,79,75,148,180,169,113,142,68,84,128,206,106,79,107,199,135,155,103,250,221,95,11,255,0,223,151,44,88,232,121,47,12,244,130,152,136,255,240,91,191,111,255,181,255,21,171,54,34,254,226,211,231,39,7,82,255,138,255,192,117,224,125,120,249,75,89,0,164,206,152,0,44,206,0,255,224,255,175,50,255,255,102,0,179,255,147,251,0,255,59,255,0,155,239,255,255,255
169,40,183,198,255,35,49,163,194,195,129,78,184,92,80,48,102,80,130,176,0,255,74,172,110,60,182,152,215,200,222,87,39,185,88,145,168,159,97,94,151,255,48,128,132,225,61,86,170,255,223,167,109,237,48,102,67,31,0,86,54,112,44,205,210,141,177,211,255,185,84,95,192,127,0,4,121,113,99,255,146,255,222,0,0,156,255,255,255,163,120,75,214,177,230,171,214,0,0,75,223,165,75,198,0,204,239,222,160,255,185,255,255,0,157,220,148,51,0,114,0,255,0,255,255,93,255,255
162,35,169,198,255,41,52,152,187,219,131,81,185,116,136,41,107,53,155,193,0,255,45,112,136,59,186,153,178,168,201,12,38,167,133,108,173,195,25,83,120,255,116,91,138,244,146,158,208,255,201,70,75,255,11,107,30,48,26,46,78,66,64,185,174,153,224,255,255,99,101,89,243,100,112,0,232,109,105,255,255,255,233,0,0,96,255,173,255,199,139,57,171,175,214,168,145,0,60,190,162,74,108,176,0,128,239,175,128,255,255,245,153,0,156,167,152,169,0,255,61,234,0,255,215,84,162,255
166,36,176,202,255,30,36,143,189,184,120,79,158,106,134,70,96,84,141,155,0,255,75,155,76,81,167,175,205,166,204,74,13,171,116,131,159,142,44,41,68,255,20,118,135,199,71,111,193,255,228,92,70,184,35,17,38,60,70,70,120,131,106,183,189,68,168,255,255,173,96,117,197,134,83,62,121,141,89,255,184,255,206,20,0,122,255,160,255,182,139,66,201,183,253,184,168,0,79,139,209,99,76,142,0,184,255,215,56,255,242,255,118,57,76,219,146,51,0,97,52,195,0,255,249,179,120,255
169,40,180,173,255,43,62,118,155,180,134,39,131,124,100,75,150,99,162,147,0,231,24,90,96,95,188,136,153,111,205,54,60,159,142,108,93,162,33,147,63,212,88,55,187,202,164,113,147,255,189,56,95,180,14,123,103,42,63,193,40,175,54,151,213,238,131,232,255,223,149,145,239,188,109,12,133,73,172,255,168,107,183,0,135,76,229,255,247,128,121,93,255,161,254,143,109,0,86,226,208,117,37,195,0,215,161,246,89,241,121,195,171,66,121,255,118,104,0,186,36,145,0,192,255,218,46,255
165,32,181,183,250,10,79,151,161,191,140,90,156,139,134,32,151,62,177,144,18,213,59,92,0,103,190,108,158,163,137,26,114,128,85,97,111,144,62,164,128,255,110,67,153,206,56,89,184,255,255,54,158,200,108,19,66,152,40,170,102,174,66,92,176,221,255,197,255,106,211,127,110,177,94,6,235,155,130,255,114,240,97,0,94,21,147,255,255,88,148,52,229,255,81,195,149,0,1,77,158,145,214,134,0,134,213,171,44,255,131,68,178,85,146,254,186,163,0,46,126,179,57,255,255,174,0,255
173,34,187,216,255,38,62,192,231,204,170,63,144,142,159,22,121,45,120,220,0,255,64,93,147,9,110,110,242,162,179,56,0,154,62,111,160,166,111,55,177,255,166,60,114,170,79,175,200,255,190,122,99,253,0,6,0,0,33,0,96,237,4,206,215,175,151,255,255,62,61,85,121,146,28,53,194,55,104,255,0,255,186,0,0,126,247,176,180,255,0,73,255,255,255,183,42,121,93,114,66,43,50,119,0,200,255,210,210,255,194,165,134,21,39,0,99,115,0,129,190,224,0,255,193,27,144,255
166,34,187,192,255,46,56,146,184,212,119,81,160,84,153,51,149,87,159,173,0,255,60,122,79,71,172,136,194,139,152,56,26,211,81,114,146,156,6,130,178,255,112,69,152,199,116,144,211,255,255,64,20,172,3,43,9,64,58,31,84,142,48,178,229,180,199,255,255,176,123,53,183,165,59,15,137,101,130,255,139,255,245,6,0,140,209,186,255,255,61,65,246,244,240,194,65,0,3,87,111,0,29,142,0,96,237,157,112,255,195,189,138,9,109,155,155,165,0,177,167,167,0,255,255,101,189,255
166,39,172,161,255,50,87,102,134,198,136,60,161,122,94,56,162,113,176,150,0,255,45,84,104,101,151,144,200,92,174,58,120,125,150,126,156,125,79,67,142,152,71,133,135,142,140,140,154,255,223,111,141,255,58,147,120,40,88,204,101,187,33,191,249,222,116,222,255,116,77,149,224,171,97,53,164,97,180,255,165,152,149,59,26,79,213,237,255,149,153,72,149,151,222,106,101,0,32,228,186,39,88,157,18,153,168,151,108,192,255,227,228,162,119,216,128,122,0,165,0,186,0,152,206,112,113,255
168,41,187,159,255,49,70,138,193,182,122,65,187,104,77,63,154,114,145,151,0,255,106,122,145,98,114,157,172,137,212,99,54,118,126,125,154,151,116,47,132,246,82,86,62,151,101,83,83,255,231,146,199,226,0,101,90,5,65,155,78,90,25,170,159,255,206,190,255,148,48,147,209,180,66,0,103,94,157,255,126,232,170,47,0,191,174,243,214,87,163,167,190,119,255,152,72,0,60,133,131,57,49,103,0,188,174,227,173,255,255,255,221,78,204,255,169,114,0,183,16,238,0,220,255,156,236,255
170,42,180,141,255,56,82,109,168,185,135,62,162,160,67,76,155,144,148,165,0,255,68,96,170,35,169,169,194,46,178,35,123,94,69,81,106,172,100,93,133,128,112,92,176,139,120,77,98,255,226,188,188,255,0,165,93,22,58,196,154,126,7,148,185,244,64,184,240,98,158,142,167,166,94,25,170,60,114,255,163,119,67,161,112,128,164,190,161,82,76,170,192,161,239,226,164,0,159,175,142,81,0,104,78,242,130,255,188,110,255,219,195,155,180,194,185,58,0,164,0,250,0,25,180,153,126,255
164,40,183,113,255,47,118,113,136,194,177,31,172,113,136,55,130,99,201,125,0,219,43,62,134,95,200,129,180,98,112,10,178,77,85,89,59,159,124,173,120,186,114,150,75,123,75,30,171,255,255,20,243,208,8,144,59,46,69,238,132,126,3,103,213,255,170,232,250,149,185,152,219,196,179,0,69,85,242,255,255,6,181,189,208,80,251,255,255,91,157,198,255,213,36,150,83,0,255,233,149,15,71,154,0,150,85,255,110,231,128,118,38,88,255,255,152,142,0,255,8,48,36,116,244,255,47,255
164,32,184,139,238,27,75,111,150,173,160,77,174,65,142,60,107,74,160,121,0,212,101,146,48,127,131,70,197,133,106,159,99,96,134,160,191,97,109,87,106,255,70,209,54,163,0,23,160,255,247,134,175,120,114,29,152,103,45,227,246,58,61,151,155,230,124,172,255,126,132,155,208,207,63,98,139,99,112,255,201,239,120,95,80,121,130,255,255,125,184,108,182,255,66,255,103,0,196,157,131,0,110,67,0,97,127,165,31,134,243,37,39,123,112,255,56,223,0,171,113,139,0,86,255,255,57,255
155,22,152,97,254,58,117,119,135,201,174,83,181,106,172,32,61,116,171,154,0,207,78,148,108,98,169,69,109,114,137,118,131,162,100,117,152,121,70,158,126,248,120,149,94,107,0,128,111,244,201,47,113,155,77,125,103,79,93,199,224,99,0,227,112,183,205,173,174,25,119,174,190,214,129,129,132,142,167,214,221,109,255,15,89,118,147,119,204,80,121,167,198,161,64,195,17,0,168,237,187,0,211,48,0,255,191,151,166,232,246,134,122,57,241,138,134,132,0,160,80,0,0,197,148,239,37,255
153,24,173,108,255,55,102,153,157,212,152,56,153,103,156,50,58,140,183,149,3,208,36,171,96,117,143,49,155,141,174,136,108,163,84,139,76,160,177,179,118,255,34,170,133,111,40,94,169,255,193,32,128,145,64,138,94,52,66,231,208,111,0,205,134,183,229,178,78,43,247,152,196,155,175,105,60,174,157,171,158,154,216,70,85,144,141,198,203,123,168,177,255,131,94,163,0,0,186,251,11,0,147,0,1,196,255,183,198,186,255,193,129,0,244,205,226,188,0,255,115,87,0,144,38,255,77,255
162,24,182,149,255,47,73,163,131,207,162,58,107,60,162,21,106,89,146,157,13,244,33,105,95,56,144,1,170,171,130,185,33,190,131,102,0,200,141,153,91,255,54,202,255,112,46,158,193,255,222,0,79,86,2,63,124,102,28,133,128,229,15,114,138,224,214,177,106,104,203,112,255,179,196,152,59,102,19,54,69,242,203,93,139,147,153,255,121,201,98,158,212,195,204,153,0,31,255,135,0,0,72,0,10,174,255,228,250,98,178,0,17,113,255,217,44,254,0,255,255,231,0,99,184,188,0,255
168,37,171,170,251,17,65,153,121,163,204,71,138,138,142,32,138,65,162,130,46,173,39,71,58,80,162,91,200,178,127,112,76,173,171,181,59,65,193,142,15,255,112,60,147,196,0,6,114,217,157,81,149,218,9,102,184,70,95,255,201,115,33,129,176,190,113,151,255,100,196,208,255,112,129,92,173,40,100,195,110,249,134,54,71,80,191,220,255,191,77,0,249,255,115,179,82,91,68,162,230,6,125,165,51,255,220,255,142,255,196,43,91,76,186,255,73,151,0,73,145,194,0,196,255,255,0,255
168,29,180,156,235,8,62,157,151,155,181,51,132,125,156,73,139,80,192,134,91,167,46,97,62,145,114,70,154,180,153,156,19,99,163,149,71,106,176,142,25,255,17,163,170,168,36,14,183,255,183,25,202,143,62,39,203,140,45,255,236,111,25,189,120,208,154,99,188,79,242,255,255,139,173,149,101,126,158,177,107,167,51,3,127,141,215,229,172,12,105,148,238,203,84,230,105,26,135,221,168,67,98,3,35,255,225,220,116,245,155,60,50,63,164,253,82,92,0,73,175,255,22,191,255,255,0,255
164,32,169,206,255,22,55,166,213,189,125,109,156,103,127,38,129,79,141,180,0,255,31,156,44,66,86,96,156,153,206,135,22,212,88,165,145,138,40,79,51,255,149,121,130,255,0,99,202,255,255,137,135,213,176,71,73,80,0,68,158,167,112,222,160,94,181,255,255,0,141,183,144,165,188,0,230,119,47,255,210,255,60,9,0,90,193,21,255,214,176,52,189,231,255,145,78,0,208,29,208,31,54,15,0,255,241,233,94,249,199,131,42,168,21,124,147,249,0,187,178,141,0,255,255,101,0,255
169,40,168,201,255,27,50,149,148,196,157,77,184,147,152,56,148,46,185,189,0,255,105,99,178,60,105,137,150,189,164,67,15,120,54,126,134,153,83,73,47,250,135,114,166,248,0,124,234,255,248,95,47,197,15,84,18,37,40,149,112,112,84,216,183,187,168,250,255,0,76,113,255,131,201,135,240,64,98,255,233,255,182,17,0,0,203,121,255,223,45,86,197,86,226,18,206,68,148,143,136,28,97,122,0,255,173,216,134,183,255,210,0,163,134,46,27,22,0,240,18,255,23,255,255,209,243,255
164,31,163,196,255,37,58,177,156,188,184,55,151,163,131,61,142,50,147,211,0,255,101,101,172,32,95,107,141,119,154,78,1,107,43,131,166,118,142,103,110,233,126,79,194,214,0,149,193,255,228,133,77,200,0,29,29,66,81,171,145,164,82,255,206,135,193,188,255,5,142,137,240,146,218,217,225,86,33,244,135,255,165,67,0,75,230,104,240,255,0,138,147,173,255,106,166,208,126,152,118,0,55,80,0,255,255,197,210,196,255,141,107,94,67,102,0,0,0,191,170,255,0,160,176,68,101,255
165,35,171,196,255,23,60,154,170,208,180,82,172,143,156,56,130,16,204,178,0,255,72,109,160,78,72,147,165,158,148,53,8,104,79,87,98,112,87,57,27,255,99,134,132,181,0,103,186,255,238,68,158,211,0,0,6,134,113,120,194,201,112,200,193,103,187,228,255,0,128,184,220,95,187,143,158,92,89,255,218,211,160,110,0,40,127,87,255,235,59,92,255,161,218,116,107,37,186,206,142,1,69,51,0,193,255,135,133,255,240,126,0,184,72,120,0,0,0,137,86,214,53,255,188,165,0,255
162,26,160,213,255,6,39,185,202,193,109,149,152,62,132,62,59,105,130,153,7,252,66,148,19,79,92,96,130,247,190,128,68,197,0,218,113,138,0,148,36,255,0,142,255,255,0,78,222,236,255,112,58,127,233,130,26,185,5,0,209,114,245,248,97,0,255,109,255,0,241,73,172,155,201,100,174,230,0,255,222,255,0,36,122,11,240,0,255,185,175,0,73,118,128,87,72,0,96,0,255,108,93,0,17,255,218,245,155,163,255,88,0,181,0,42,75,84,0,183,92,255,0,231,255,47,100,255
163,31,161,204,255,11,18,169,163,186,141,133,134,89,114,86,29,89,130,177,7,206,125,119,40,131,96,128,151,193,182,155,9,116,55,232,120,133,55,106,0,255,0,132,253,255,0,125,193,255,238,133,24,79,137,67,71,192,34,113,188,0,175,150,100,3,213,134,255,0,246,129,255,112,221,193,104,207,0,255,170,255,116,7,113,105,255,174,255,178,99,52,0,88,207,163,109,46,200,124,255,85,81,101,96,255,255,255,49,122,236,177,0,141,0,186,0,0,0,113,154,255,68,228,255,208,22,255
165,31,167,203,255,5,49,173,167,187,162,110,146,141,96,57,96,71,116,188,0,238,162,85,41,116,88,180,134,229,169,88,102,106,8,193,218,122,90,130,75,255,17,30,255,255,0,147,172,255,255,170,41,159,89,33,77,132,62,100,140,207,136,255,143,54,255,186,255,0,179,0,255,241,137,135,237,233,48,255,236,255,77,0,143,61,255,90,255,220,60,38,68,53,255,145,94,235,182,128,255,18,111,255,0,255,255,242,111,129,245,155,0,175,7,0,0,0,0,141,39,255,143,255,255,47,17,255
163,31,146,199,253,0,54,149,122,183,154,81,141,160,168,50,127,96,196,119,51,192,63,42,45,99,145,114,177,193,162,44,64,121,103,150,63,135,82,75,0,255,61,68,255,255,0,38,190,173,227,0,67,203,127,58,73,196,67,214,197,166,157,201,37,37,227,255,255,4,255,171,255,110,255,222,255,133,93,255,211,255,0,98,3,0,181,93,255,120,185,29,225,84,132,33,199,40,181,130,255,45,193,143,0,255,255,241,0,168,201,0,0,166,10,129,67,37,0,117,205,255,194,255,255,255,0,255
164,34,159,196,255,4,37,151,147,180,169,93,127,151,139,72,55,73,124,122,19,205,92,88,67,139,95,105,179,179,141,151,11,125,125,187,81,108,118,112,0,255,0,114,192,255,0,87,121,247,255,74,123,169,85,62,115,158,54,161,243,95,144,186,115,40,156,155,255,66,255,199,255,129,234,245,185,192,79,255,72,211,0,123,117,23,250,158,255,59,107,33,190,95,184,84,122,88,178,157,243,148,149,127,36,255,255,229,25,244,243,104,0,191,74,255,48,0,0,133,142,255,44,195,255,255,0,255
170,43,179,225,255,8,52,200,149,199,176,5,106,255,191,28,165,0,193,172,17,255,74,0,149,105,91,131,134,195,83,23,29,162,48,164,28,112,148,166,20,184,149,2,142,241,0,82,197,230,170,42,21,193,0,20,72,51,183,225,115,173,0,190,132,185,152,230,255,4,213,3,255,16,152,221,255,69,74,255,29,255,184,104,19,0,218,120,255,194,0,22,255,162,170,88,182,222,178,238,1,86,196,208,0,255,255,118,174,255,255,122,0,116,85,169,87,0,0,223,21,255,42,255,255,184,57,255
162,32,167,214,255,7,81,215,159,201,208,21,127,241,219,16,163,0,242,200,25,250,109,74,127,48,86,109,134,188,120,3,5,128,11,111,82,134,155,174,37,255,164,0,161,167,0,87,223,254,228,53,2,226,0,3,96,130,190,229,111,162,38,239,129,114,255,212,255,0,223,35,243,29,255,228,255,111,2,255,48,255,217,88,0,0,174,83,255,200,53,113,255,147,180,127,202,149,182,255,0,0,213,219,0,205,255,194,147,255,191,30,0,44,39,134,0,0,0,126,54,255,144,255,255,159,44,255
165,38,155,182,255,14,64,144,138,198,174,87,165,142,132,34,141,86,198,145,0,255,64,20,176,96,129,140,150,156,148,29,106,129,15,153,80,119,126,105,42,177,86,86,150,255,21,127,125,211,229,59,99,210,35,102,29,11,122,162,173,255,106,156,167,179,225,193,255,0,195,112,255,148,152,199,197,104,103,237,159,187,69,73,111,27,201,94,255,205,140,0,208,112,144,0,63,68,224,143,179,110,76,178,0,254,216,233,180,170,255,93,0,249,124,0,67,54,0,250,35,255,184,196,242,243,0,255
164,43,158,160,255,20,82,122,142,165,136,91,183,107,58,53,144,149,205,111,0,255,96,58,127,133,120,110,98,185,220,69,155,108,58,201,71,105,115,98,58,212,77,92,129,255,51,99,114,180,189,34,102,233,110,172,105,15,111,220,185,102,104,179,150,255,255,148,255,0,193,98,255,180,98,61,157,71,203,194,255,143,101,39,114,66,200,75,255,50,247,60,146,117,4,0,70,0,170,120,255,68,44,226,21,255,103,218,246,153,255,194,0,255,236,55,108,129,0,255,91,255,109,171,255,131,96,255
168,41,180,205,255,46,34,169,213,201,97,94,137,107,80,56,106,83,141,157,0,255,149,61,128,77,152,224,130,216,144,49,41,169,0,158,228,213,0,130,127,255,99,50,137,255,70,174,89,255,226,88,85,191,0,59,7,0,121,17,184,142,108,174,106,254,255,191,255,60,140,0,164,255,0,61,137,111,49,255,189,255,152,105,62,255,247,0,255,137,95,0,255,128,48,181,64,94,100,172,76,200,0,247,0,186,173,214,255,220,255,160,30,45,76,75,121,97,0,255,0,255,52,255,240,0,255,255
163,29,162,214,255,17,43,176,191,198,119,90,125,88,105,68,75,82,128,160,0,255,90,105,0,84,115,131,170,255,154,91,62,172,38,193,151,156,0,164,81,255,20,144,255,255,0,123,210,255,255,88,58,193,198,73,86,131,0,44,169,137,159,255,137,0,202,147,255,50,255,30,215,180,164,147,193,254,34,255,233,255,28,86,74,78,214,1,255,178,27,6,195,153,124,95,63,115,167,55,202,88,58,42,0,255,247,129,152,165,237,49,0,205,10,73,138,31,0,255,86,255,0,255,229,24,101,255
164,37,160,184,255,27,78,167,188,201,175,75,200,154,111,20,177,50,217,217,0,255,117,37,230,52,108,132,95,133,138,15,99,139,0,149,98,135,109,111,123,194,105,0,48,252,0,179,153,255,255,58,69,234,11,34,3,0,113,61,153,255,141,181,172,254,255,238,255,0,158,32,155,98,205,193,147,58,101,219,203,255,122,71,55,33,183,32,255,255,0,68,255,209,168,0,0,87,255,171,87,0,19,146,0,236,255,226,255,255,255,150,0,111,116,0,0,0,0,255,142,255,58,255,240,41,64,255
170,41,174,203,255,58,57,188,251,222,118,79,181,153,34,60,203,25,175,199,0,255,98,53,255,43,159,217,188,70,152,148,72,46,0,167,255,217,154,132,180,170,192,46,67,251,33,136,146,255,179,128,210,255,0,51,0,0,61,84,139,131,33,255,218,199,243,207,255,0,97,154,223,34,107,10,126,0,47,255,184,255,55,0,0,150,255,168,255,251,0,0,255,113,255,164,162,68,166,222,0,241,0,156,0,255,214,218,242,255,255,255,252,92,88,0,85,28,0,255,0,255,0,173,58,0,117,255
165,41,149,173,255,37,73,102,142,210,149,64,159,125,108,78,158,99,228,144,0,255,51,0,218,126,156,205,163,97,169,33,141,82,88,150,105,135,105,75,112,103,24,86,69,254,122,177,117,215,251,27,44,255,49,131,56,27,167,139,142,254,106,234,228,118,255,209,255,0,182,105,255,122,183,220,124,115,156,255,218,156,71,92,66,3,230,156,255,231,154,0,178,67,199,0,52,0,216,244,197,120,48,255,0,217,174,92,161,99,255,255,0,255,51,0,103,79,22,220,0,255,114,209,116,180,50,255
169,40,156,211,255,36,59,165,166,221,121,73,124,149,113,55,150,61,200,180,0,255,118,0,157,159,214,200,159,155,150,19,59,112,0,150,177,230,72,156,113,152,139,0,110,255,127,252,234,235,244,6,0,240,11,26,0,42,107,110,14,255,17,238,199,240,255,242,255,0,179,0,255,127,102,255,180,74,55,255,182,255,191,3,130,148,255,81,255,255,0,0,255,128,193,2,133,126,176,223,108,255,58,255,0,255,255,110,255,192,255,255,112,118,43,0,156,0,0,200,47,255,149,255,26,0,186,255
164,44,173,191,255,33,18,181,193,198,118,84,128,109,47,69,13,92,146,168,0,255,156,107,130,140,122,187,165,226,199,144,0,91,11,243,102,189,86,120,65,214,1,175,201,255,79,127,152,255,177,178,0,39,101,27,70,74,92,147,121,9,5,131,110,214,227,91,255,34,187,5,255,174,0,194,91,154,0,255,225,249,255,82,0,187,255,255,255,202,41,95,46,122,104,114,62,122,213,178,145,171,75,255,98,251,255,225,214,211,255,249,77,92,87,153,31,0,0,255,30,255,21,237,255,147,255,255
162,40,149,148,255,59,71,96,141,177,160,70,150,136,34,76,157,131,209,157,0,255,91,0,255,108,125,141,102,78,162,69,143,48,12,109,164,153,144,164,214,91,131,106,76,231,221,202,116,252,255,53,106,255,52,157,17,0,87,255,138,234,39,173,245,255,232,187,255,0,240,91,255,255,255,245,49,38,228,131,234,0,133,97,87,88,255,97,255,199,28,83,83,51,243,0,116,91,255,231,123,130,44,255,77,255,255,169,255,86,255,153,0,215,192,0,109,23,108,255,0,255,0,0,255,10,227,255
166,37,164,175,255,44,95,139,188,195,135,110,216,86,38,53,226,99,212,131,0,255,133,27,205,107,136,155,94,116,142,115,142,82,0,188,204,131,221,75,255,150,116,34,43,220,44,112,147,255,255,83,197,255,75,155,0,0,112,100,248,140,158,255,225,245,255,151,255,0,163,108,211,127,66,79,150,0,108,148,165,255,0,51,92,147,167,50,255,193,74,0,255,126,255,9,64,93,0,20,69,159,5,162,0,233,148,107,168,124,255,255,112,231,98,0,166,255,33,255,38,255,84,0,157,10,131,255
167,42,164,187,255,44,62,147,169,202,132,79,186,132,95,34,173,44,187,191,0,255,120,64,217,60,137,174,161,111,152,59,75,106,62,151,190,168,141,70,97,187,119,18,41,247,34,188,149,255,252,108,92,255,0,126,26,0,126,97,148,176,151,215,135,187,248,193,255,0,51,57,255,110,116,97,168,42,49,255,184,255,120,39,0,90,215,102,255,171,39,0,161,86,175,26,86,36,137,183,70,120,87,250,5,168,174,162,203,255,255,255,44,109,99,54,44,96,0,255,0,255,123,255,164,94,150,255
168,45,162,179,255,36,55,130,147,199,145,97,181,111,58,69,161,113,211,146,0,255,111,9,214,109,160,162,147,160,186,27,94,101,37,176,165,156,142,92,168,150,119,83,67,255,139,184,102,255,207,43,48,255,14,161,19,0,97,198,163,152,67,214,149,255,255,210,255,0,198,73,255,229,72,133,109,11,132,165,255,153,152,0,26,104,255,148,255,146,85,14,245,71,114,0,96,63,32,143,180,176,0,255,0,211,167,172,227,64,255,219,13,154,201,0,127,164,0,255,0,255,73,171,245,137,242,255
163,39,147,153,255,24,105,68,111,186,157,79,172,130,93,48,190,98,255,120,0,255,97,34,164,111,94,125,118,91,138,81,189,45,32,170,84,71,86,91,127,107,102,99,156,221,78,131,190,174,240,76,59,255,131,199,121,57,118,254,245,239,174,197,213,150,182,177,255,0,184,129,238,109,248,195,233,78,255,242,229,58,0,109,94,0,114,99,255,101,91,0,207,109,170,0,42,0,198,207,169,0,60,158,62,218,101,140,60,68,255,107,0,255,158,0,0,39,0,255,99,255,40,100,255,182,0,255
160,39,155,156,255,50,96,106,136,195,145,84,188,112,112,31,191,86,216,128,0,255,111,88,198,74,114,147,133,115,173,114,140,70,77,166,145,101,106,91,122,185,109,75,98,231,68,163,133,213,255,60,83,255,15,197,84,23,121,190,167,142,180,197,187,141,233,201,255,0,92,101,255,152,196,53,172,24,132,149,214,187,122,64,44,0,150,126,255,138,159,19,158,24,145,0,30,0,144,131,189,0,95,255,0,168,66,165,194,179,255,214,0,206,193,86,31,153,0,255,70,252,91,248,255,129,131,255
168,37,151,202,255,45,89,165,177,211,155,78,193,161,153,15,167,14,217,203,0,255,110,57,215,31,167,149,170,81,132,122,50,86,6,116,182,182,144,91,124,180,155,0,131,171,0,125,255,255,255,98,119,255,15,77,18,0,18,100,160,222,197,255,181,147,255,255,255,0,100,171,192,44,221,88,255,25,62,255,142,255,0,58,2,1,239,151,255,249,0,0,255,122,255,103,84,85,247,215,98,95,96,203,0,255,198,219,108,214,255,255,55,106,125,0,0,186,0,219,153,255,92,255,114,68,10,255
166,39,158,190,255,43,64,157,217,191,118,143,243,105,18,76,235,83,208,184,0,255,63,91,255,33,126,158,79,86,172,139,155,108,0,247,224,146,182,89,209,221,193,7,123,255,0,81,145,255,219,117,169,255,114,217,0,0,72,119,255,80,179,255,199,232,255,131,255,0,109,144,179,104,139,1,186,0,50,146,255,255,0,0,76,49,211,0,255,233,21,0,212,132,255,10,112,66,0,0,50,131,0,99,0,255,71,215,193,158,255,255,66,162,20,0,61,255,20,255,0,255,0,1,255,0,155,255
166,39,159,199,255,46,64,172,209,201,128,112,234,107,62,48,200,49,204,215,0,255,70,120,244,20,115,130,90,112,194,149,83,134,5,172,190,165,150,73,172,255,196,67,139,255,0,81,199,255,193,129,129,255,104,199,0,0,1,118,255,76,140,255,226,218,255,179,255,0,52,177,209,97,136,74,214,0,58,224,255,255,4,0,0,66,191,26,255,255,17,0,239,158,208,30,119,74,45,7,62,61,0,89,0,255,102,183,217,254,255,255,133,85,40,0,0,237,0,255,0,255,0,109,255,0,209,255
162,34,165,194,255,47,57,168,184,210,128,71,153,152,131,39,142,51,172,185,0,255,93,59,203,33,170,141,169,54,157,61,34,107,41,98,213,191,109,82,131,255,206,35,106,143,70,180,201,255,222,60,81,255,0,67,0,0,90,93,206,143,27,214,190,212,201,255,220,0,105,150,161,130,158,48,203,35,54,255,126,255,150,49,0,158,255,81,255,255,0,82,192,146,255,152,100,13,127,195,53,65,0,58,0,210,255,203,244,175,255,214,128,38,237,51,149,139,0,255,208,255,53,255,82,84,152,255
167,40,182,181,255,74,69,163,239,213,106,93,178,134,81,50,181,64,173,189,0,255,108,110,194,45,96,146,179,91,125,142,96,121,53,169,206,202,120,109,166,255,155,101,120,228,81,112,188,255,229,117,228,255,19,100,49,0,77,84,193,75,63,249,195,255,188,227,255,13,96,157,203,187,117,0,136,12,113,255,217,255,129,38,0,132,255,100,255,181,0,69,203,185,175,193,61,48,173,116,0,53,44,131,0,255,211,250,255,255,255,224,131,65,90,155,91,240,0,255,0,255,0,212,255,12,233,255
163,36,168,187,255,54,39,150,173,203,101,92,146,126,87,68,156,62,137,157,0,255,115,70,131,72,183,164,191,117,131,104,98,131,84,189,212,183,41,119,58,239,81,55,232,255,25,154,178,231,255,116,47,245,0,87,71,11,134,108,163,141,80,251,162,128,168,174,248,21,116,20,255,143,145,120,145,142,0,255,214,255,160,41,121,104,255,74,255,231,0,41,109,102,210,112,93,101,128,96,61,50,126,59,67,255,252,141,241,229,255,204,106,149,98,222,96,84,0,255,0,255,0,166,185,29,255,255
166,40,175,173,255,49,45,133,170,177,130,104,171,110,88,66,151,104,129,166,0,255,139,119,147,79,88,135,171,120,167,139,59,146,88,174,161,112,87,56,54,255,94,69,161,255,4,93,131,255,255,158,120,179,0,89,66,46,149,112,185,152,112,208,143,179,188,150,255,2,51,50,255,222,122,113,118,88,19,255,255,249,176,19,102,110,226,8,255,203,0,110,57,68,250,105,98,132,82,52,124,9,84,123,60,255,255,216,197,255,255,237,47,168,43,232,0,23,0,192,11,255,0,189,249,105,211,255
164,40,170,152,255,56,72,139,153,183,136,90,187,138,61,64,156,154,112,150,0,248,115,70,224,124,89,69,171,101,201,162,147,133,108,244,126,132,204,102,50,170,63,43,149,255,48,52,108,199,165,153,168,255,0,204,75,0,110,171,167,84,134,223,135,185,229,122,255,0,100,96,255,104,194,51,165,0,56,192,228,253,97,79,206,34,255,162,255,115,24,53,0,7,186,38,119,145,68,90,80,94,200,165,106,255,236,255,233,255,255,255,111,55,57,159,0,28,66,255,44,255,0,0,255,114,165,255
160,34,143,157,255,39,65,129,127,201,152,78,153,127,91,80,116,79,189,181,0,255,80,74,183,43,149,123,118,107,173,101,73,62,56,104,105,176,81,123,27,209,60,155,204,170,0,165,152,255,255,88,110,223,108,125,80,104,18,224,173,160,80,179,170,151,120,178,255,0,218,207,255,78,255,255,123,150,53,236,123,121,89,192,53,5,225,159,204,184,0,123,234,158,206,14,101,25,255,171,85,102,52,0,140,255,255,221,153,206,255,159,0,209,182,121,0,0,0,255,14,255,2,0,255,233,108,255
161,31,150,172,255,31,61,123,105,212,113,35,120,131,118,77,175,51,157,160,0,255,55,23,120,20,232,113,150,183,124,0,84,78,147,0,91,177,0,104,0,201,39,100,255,152,16,216,198,205,255,11,54,209,27,80,139,201,53,219,101,203,27,119,135,154,109,255,115,84,159,84,255,57,255,188,255,176,70,221,171,227,255,124,3,0,132,248,255,129,0,123,244,142,100,93,104,98,142,124,21,70,117,5,0,215,185,187,94,184,255,119,180,136,159,243,12,77,0,255,148,255,173,137,224,255,122,255
164,39,153,196,255,29,74,156,143,219,176,53,150,166,136,46,142,39,194,177,0,255,52,33,188,31,166,117,148,131,148,28,80,113,69,116,73,139,80,139,52,176,106,52,155,233,0,155,146,230,255,64,58,255,60,115,38,73,74,173,112,213,82,195,208,134,167,247,255,0,251,119,255,39,250,136,255,108,64,255,72,249,102,152,46,0,173,107,255,207,88,14,255,127,246,0,136,54,174,255,63,69,98,179,0,255,242,255,138,127,255,192,0,171,101,0,50,31,0,255,0,255,12,210,255,216,84,255
162,29,156,205,255,12,101,166,184,209,154,99,179,129,134,0,117,58,227,183,0,255,127,69,100,50,155,140,108,173,148,9,156,126,0,131,190,174,38,97,81,255,49,0,180,255,0,118,209,229,255,0,51,255,117,60,0,20,147,22,169,225,210,222,255,68,255,182,255,0,133,37,169,52,83,137,201,211,164,255,85,255,21,88,181,22,218,51,255,201,179,0,108,130,153,82,107,0,175,249,207,61,121,194,0,131,255,230,229,151,208,163,0,255,98,0,10,0,0,149,254,203,197,255,241,0,0,255
160,34,151,180,255,27,81,156,154,200,170,83,175,136,115,31,136,71,220,157,0,255,123,61,138,87,132,129,115,141,130,59,116,127,0,145,114,134,140,121,109,210,103,46,119,255,0,132,112,231,231,11,113,214,79,82,79,7,116,120,231,207,160,199,175,177,255,156,255,0,194,134,198,131,161,185,184,86,118,227,185,216,38,86,149,24,156,146,255,173,107,1,187,118,90,45,0,44,208,130,183,87,27,169,0,224,219,212,168,135,255,84,0,242,155,0,14,88,0,255,183,243,174,202,203,183,0,255
161,31,164,197,255,18,58,155,177,187,124,134,193,103,103,17,62,59,187,159,0,255,177,107,58,59,182,212,131,235,179,21,110,150,0,129,216,222,44,56,51,255,31,0,190,250,79,137,227,255,255,10,75,255,10,96,0,24,88,22,203,87,210,194,126,168,255,247,255,1,54,24,143,136,38,0,196,168,129,255,241,255,119,12,66,187,196,74,255,113,128,0,66,139,33,179,151,0,87,153,255,144,105,153,0,36,236,213,198,255,255,171,0,31,252,0,80,59,0,255,255,255,255,255,255,62,107,255
167,32,151,205,243,12,67,130,123,213,159,89,142,124,136,47,140,39,189,176,0,255,106,21,69,116,118,185,180,203,105,73,108,127,16,148,160,128,81,161,99,231,41,45,130,255,0,209,130,208,255,82,53,239,143,116,62,133,46,144,120,255,202,179,174,54,238,220,255,28,218,100,193,176,223,143,244,142,133,217,98,216,0,73,73,0,78,135,255,182,116,0,255,86,206,0,63,35,128,179,217,118,40,185,0,245,139,171,70,172,195,38,0,187,40,0,58,20,0,175,95,255,106,255,192,177,0,255
164,29,153,198,255,25,64,182,188,200,169,95,197,134,96,38,142,50,221,219,0,255,132,78,174,48,124,132,118,138,177,86,71,121,0,146,182,198,134,60,134,227,93,1,125,213,0,170,229,255,244,55,26,255,90,6,0,0,76,126,173,255,171,255,135,165,255,203,255,0,120,82,235,72,227,238,160,32,49,204,201,255,119,0,46,126,255,31,255,216,0,0,207,165,255,92,70,147,190,241,76,111,17,49,0,255,255,255,158,184,255,171,0,99,20,0,0,0,10,237,198,255,113,215,92,0,0,255
168,39,147,190,255,51,54,131,162,201,145,89,225,140,51,52,241,66,211,196,0,255,57,0,255,60,159,136,152,36,169,120,141,83,43,156,188,172,186,77,164,84,142,20,120,255,52,150,226,235,236,99,86,255,29,198,0,0,20,219,112,233,146,248,204,225,255,222,255,0,87,113,255,52,255,211,193,0,76,187,255,255,12,0,105,0,255,96,255,255,0,0,102,7,255,0,191,129,90,139,7,154,95,193,80,255,247,226,129,170,255,255,79,135,0,0,0,145,108,255,0,255,0,33,98,0,186,255
162,40,140,146,255,43,125,96,130,198,179,60,182,139,127,46,186,100,239,133,0,255,85,0,242,88,161,140,119,69,161,66,159,44,43,119,126,158,194,118,155,80,115,38,89,174,154,128,210,223,255,42,115,255,71,213,65,0,111,199,140,237,98,255,242,222,247,255,255,0,194,183,255,114,252,230,167,61,204,255,225,168,14,113,79,0,237,134,255,255,100,31,225,105,255,0,45,49,255,255,161,69,101,255,0,255,238,177,153,45,255,255,5,251,233,25,65,124,0,255,65,255,94,0,219,255,13,255
166,36,159,208,255,40,49,170,152,216,112,93,130,160,112,29,139,74,174,188,0,255,118,0,114,114,237,170,176,146,128,0,57,188,0,135,227,226,46,177,149,197,167,0,117,255,91,255,180,252,205,108,0,235,25,58,0,7,112,118,123,144,34,184,136,171,231,239,255,3,169,7,255,144,67,128,255,101,0,255,104,255,178,9,17,159,255,134,255,175,21,0,139,200,93,106,202,11,56,141,127,255,84,240,0,151,248,127,212,179,255,204,146,61,164,48,205,109,0,255,101,255,160,255,180,66,170,255
165,40,164,191,255,37,29,193,178,203,126,96,137,158,68,41,145,49,149,205,0,255,140,53,148,71,164,196,126,138,152,51,63,167,0,173,220,203,115,132,129,252,168,21,86,255,0,233,99,255,226,178,58,161,0,108,3,0,88,132,164,194,0,192,43,226,222,199,210,0,109,16,214,181,118,119,168,49,0,233,154,255,242,30,0,190,255,39,255,214,0,47,172,70,162,135,90,117,138,95,17,248,31,216,0,255,255,241,255,168,255,255,135,55,186,93,115,0,0,255,0,255,145,186,252,89,197,255
169,37,174,217,255,28,21,209,181,228,162,79,133,187,137,63,161,8,154,255,0,255,58,28,234,65,117,138,181,98,127,0,30,184,0,163,173,146,112,172,110,194,191,52,98,255,0,213,150,255,146,217,11,179,0,85,0,0,91,46,101,255,0,166,150,188,109,254,224,0,140,87,208,169,171,188,173,69,0,250,78,255,218,4,0,88,255,74,255,255,0,87,255,145,255,55,87,129,137,118,0,131,0,54,0,255,255,213,255,237,255,110,10,39,59,29,22,0,0,255,0,255,0,255,172,67,94,255
169,35,161,196,255,39,46,178,185,207,148,96,166,141,103,54,182,19,184,233,0,255,110,52,200,80,130,185,135,94,107,49,71,141,0,128,191,165,91,171,169,212,126,0,83,252,0,198,126,255,255,145,139,240,26,57,12,54,32,45,133,255,121,223,115,171,237,216,255,0,149,111,108,210,240,153,120,44,0,255,162,255,12,81,95,100,238,34,255,255,0,21,228,116,244,91,27,46,249,143,63,169,0,80,0,255,253,216,255,255,255,158,0,131,6,0,20,0,0,129,0,255,6,255,96,0,60,255
163,30,177,207,255,0,41,200,196,186,142,158,191,129,89,22,83,32,171,186,0,198,176,169,8,58,101,166,94,230,174,66,164,151,0,232,191,128,111,98,0,255,3,0,136,255,0,65,204,255,255,102,98,166,103,90,0,46,127,0,205,201,255,136,40,33,255,53,255,0,36,1,146,51,144,0,73,77,0,255,149,255,107,0,204,47,237,30,255,147,155,0,10,0,106,208,121,0,75,39,221,138,175,29,0,248,255,255,178,255,255,137,0,12,0,0,0,0,0,0,72,219,255,255,255,51,0,255
164,38,169,199,255,22,45,183,193,193,136,103,154,144,89,34,102,42,193,182,0,255,156,91,80,87,146,168,117,174,130,38,99,159,0,212,151,156,98,125,37,255,49,0,94,255,0,185,156,230,255,78,69,150,60,25,19,31,163,2,240,204,152,127,86,150,255,85,255,0,119,33,144,78,112,128,88,71,0,255,126,255,154,65,99,86,255,49,255,117,53,40,154,80,46,140,0,12,183,135,101,188,113,146,0,217,255,255,255,255,255,187,0,113,76,80,0,0,0,191,44,255,211,255,255,109,70,255
164,34,181,229,255,0,0,218,204,185,154,112,113,145,70,59,14,65,112,153,68,207,131,147,0,140,35,154,186,255,195,201,23,125,13,255,124,133,164,34,0,255,0,149,255,255,0,78,243,255,162,137,169,75,141,0,71,48,83,158,178,0,93,221,58,0,213,50,255,12,198,36,255,0,76,179,174,112,0,255,255,255,192,0,119,129,255,116,255,88,12,17,52,13,195,222,107,235,85,57,198,233,148,33,0,255,255,255,69,224,233,195,34,183,21,255,56,0,0,189,110,255,96,254,121,103,0,255
164,30,157,206,255,0,47,161,162,175,142,139,159,126,99,47,88,95,132,138,9,190,122,88,0,67,96,110,166,253,176,128,135,128,0,225,110,98,55,137,0,255,0,35,227,255,0,80,188,233,255,71,72,214,182,114,12,193,0,57,160,157,255,200,70,0,231,135,255,0,233,96,237,85,255,88,150,160,5,255,139,255,0,41,120,0,201,40,255,124,154,0,158,11,149,62,183,48,189,0,255,119,122,80,63,255,255,255,58,255,255,123,0,183,0,0,0,0,0,63,72,255,100,255,255,176,0,255
163,38,153,189,255,17,44,165,141,191,193,86,172,159,144,48,79,12,174,201,0,227,136,113,154,33,111,118,98,190,142,107,0,91,20,155,51,149,114,127,0,245,91,63,175,255,0,120,157,237,255,127,59,98,67,64,68,162,35,166,173,77,174,131,75,162,170,152,255,22,199,192,255,72,255,225,202,92,29,255,117,222,104,131,45,0,144,196,255,149,21,116,240,130,173,41,114,48,255,166,163,58,89,52,63,255,242,255,90,255,251,48,0,88,52,205,0,0,0,194,102,255,12,239,255,255,29,255
172,45,161,179,255,35,48,174,167,207,204,50,142,204,126,40,169,31,159,230,0,255,177,0,255,118,70,81,97,58,104,101,34,113,0,204,145,162,232,85,92,111,182,0,35,228,0,201,99,255,208,123,137,200,0,37,0,0,137,115,221,255,0,222,16,255,207,255,255,0,174,49,254,145,157,255,255,0,16,179,186,255,96,73,117,123,255,0,255,200,0,107,255,184,255,70,0,255,255,251,0,166,74,248,0,255,255,241,255,222,255,192,0,75,64,72,0,0,0,255,135,255,50,49,77,172,92,255
160,25,167,209,255,12,22,183,168,212,172,108,140,125,96,64,49,27,147,216,0,223,142,141,63,81,76,167,129,224,155,135,51,71,13,164,189,145,83,91,51,255,0,133,240,255,0,180,201,255,255,102,123,116,155,16,58,156,0,127,200,63,104,209,120,3,240,185,255,44,220,144,255,104,251,137,196,105,87,255,211,255,142,34,66,116,255,226,255,146,0,126,125,132,189,189,123,148,111,155,169,76,31,8,0,255,255,255,32,248,152,127,23,86,29,102,0,0,0,230,205,255,49,255,199,155,0,255
162,30,162,218,255,11,49,185,175,223,125,65,143,132,120,69,95,46,199,182,0,255,85,38,115,127,159,206,162,178,164,2,19,125,0,178,165,205,47,124,66,215,30,91,211,255,38,177,254,255,204,35,35,220,63,0,0,118,78,73,79,193,90,255,186,82,255,209,255,0,177,16,255,24,165,189,210,206,3,255,216,255,151,56,74,76,255,201,255,255,13,0,145,123,191,92,122,35,198,229,122,136,77,133,0,134,255,110,137,181,255,199,11,114,54,0,96,0,0,255,80,255,182,255,78,0,74,255
170,44,176,165,255,41,67,138,145,193,123,75,177,130,84,49,172,81,167,179,0,255,127,59,181,85,133,116,149,66,114,3,104,109,18,74,151,138,86,143,150,227,146,0,15,217,0,141,115,255,255,146,116,249,0,81,18,14,56,147,127,212,85,151,74,255,202,188,255,6,169,51,158,240,114,94,183,66,63,198,65,247,90,125,38,88,148,128,255,141,11,55,250,127,113,168,66,3,131,108,0,141,78,213,26,156,174,194,194,214,255,204,32,156,158,73,100,144,0,196,0,255,141,214,255,152,221,255
163,44,159,168,255,41,71,146,143,179,169,58,147,176,104,12,152,76,201,160,0,255,165,0,194,100,107,142,66,142,132,26,108,99,0,129,124,97,131,146,119,187,152,23,30,255,45,223,98,210,238,93,35,181,0,119,80,0,114,214,218,219,56,142,135,255,223,213,255,0,215,64,255,249,104,116,197,26,189,249,80,152,163,128,74,96,213,72,255,101,66,106,211,85,8,0,0,169,255,162,111,66,51,255,0,255,208,240,255,129,255,149,0,211,233,71,35,62,0,255,78,255,138,174,255,243,111,255
167,40,165,187,255,52,45,147,178,186,164,73,168,148,99,55,146,43,168,206,0,255,123,94,213,51,77,133,131,100,174,121,16,92,31,133,154,131,102,94,107,211,103,75,104,230,0,199,174,255,246,149,113,241,0,80,70,0,17,186,157,172,128,255,138,226,149,248,255,0,141,172,253,213,228,114,160,0,41,255,213,195,120,42,7,95,226,58,255,152,0,134,246,154,226,78,103,132,254,198,60,63,0,125,0,255,231,255,208,245,255,196,26,112,3,35,0,8,0,255,3,255,0,207,222,133,177,255
168,37,148,181,255,49,84,158,185,200,142,61,169,136,95,34,191,79,172,196,0,255,150,0,245,65,213,158,127,93,135,21,58,105,0,82,180,246,117,157,216,159,170,0,54,212,74,233,177,255,255,42,55,255,0,30,0,0,87,73,110,248,88,255,133,255,255,247,255,10,205,18,255,146,189,255,191,0,100,255,153,255,117,40,76,185,255,52,255,252,0,0,255,187,255,121,42,198,199,255,49,255,32,255,0,255,255,227,245,137,255,255,119,30,120,0,0,45,74,255,146,255,74,72,29,88,131,255
171,39,153,169,255,62,44,134,181,203,141,72,180,121,28,104,179,86,149,211,0,255,88,22,255,63,170,210,173,64,143,117,87,64,48,103,190,223,137,129,199,129,119,68,145,238,68,193,79,255,255,139,151,255,0,41,0,0,71,137,108,205,47,255,152,238,252,143,255,40,125,83,255,195,221,255,135,37,72,241,243,194,95,34,40,163,255,129,255,255,0,0,164,155,255,114,163,155,250,218,19,255,0,220,170,255,255,175,227,200,255,255,229,162,21,0,0,0,53,255,0,255,0,0,28,0,211,255
165,42,167,182,255,44,83,166,213,203,143,70,193,130,54,3,158,66,203,186,0,255,115,59,225,52,153,159,184,99,142,85,133,91,0,139,150,171,149,100,154,185,98,20,47,229,23,125,156,255,241,52,184,255,29,57,0,0,88,63,185,209,80,161,255,194,255,178,255,0,104,65,231,27,92,43,84,10,205,255,125,255,113,73,45,103,255,180,255,207,13,0,85,13,235,106,44,14,255,238,95,127,89,255,0,253,255,255,232,239,255,255,70,150,187,0,38,22,62,255,32,255,99,194,122,4,126,255
169,42,151,174,255,39,72,141,167,203,147,99,188,127,81,53,222,102,194,160,0,255,137,0,255,135,163,137,96,111,134,70,105,138,0,169,179,198,187,101,241,159,194,0,62,255,76,178,124,241,255,83,70,255,0,160,0,0,101,136,201,255,35,255,101,255,255,247,255,0,200,70,255,208,135,230,213,0,89,171,228,255,21,49,92,169,242,0,255,191,0,0,255,178,239,0,57,226,66,106,2,255,0,229,0,255,241,179,237,109,255,221,64,144,142,0,74,160,27,255,60,255,104,0,203,174,184,255
159,34,165,217,255,12,30,186,158,212,140,110,126,137,92,61,31,55,173,164,0,255,147,76,24,146,143,202,178,219,182,77,0,118,0,223,141,189,94,140,2,246,18,94,174,255,0,195,217,255,204,59,0,91,121,0,78,123,76,127,116,96,99,184,167,110,255,93,255,4,205,55,255,106,118,195,136,154,0,255,191,246,203,7,115,133,255,255,255,212,82,0,88,88,99,107,117,24,166,168,218,180,16,141,40,224,255,211,117,199,255,146,0,137,74,130,42,0,0,245,154,255,174,255,171,144,14,255
166,39,170,183,255,50,39,153,196,217,141,98,172,114,45,73,116,97,170,190,0,255,131,45,255,95,142,176,179,140,158,118,12,91,0,169,204,221,123,124,205,167,143,133,89,254,147,168,151,255,232,78,75,255,0,18,0,0,56,129,148,118,1,211,193,255,255,157,255,7,176,65,255,161,113,179,54,45,122,217,232,196,205,38,2,205,255,223,255,217,0,27,132,136,234,67,153,103,123,177,100,233,0,198,6,179,255,203,226,246,255,255,164,44,131,0,29,0,21,255,64,255,0,93,89,20,255,255
169,37,162,194,255,67,70,135,205,211,123,105,189,108,14,89,240,105,195,128,0,255,78,0,255,133,166,175,140,116,116,122,171,72,15,234,214,165,195,124,255,92,199,118,165,255,191,191,185,212,199,81,129,255,48,117,0,0,152,129,220,81,19,255,255,250,255,108,255,0,221,88,255,119,113,147,168,0,65,93,247,241,32,0,95,128,255,6,255,255,0,0,255,218,255,0,96,242,0,0,0,255,0,169,0,255,165,54,246,73,255,255,255,255,44,0,243,234,150,255,0,255,0,0,64,0,157,255
165,40,170,199,255,53,60,141,198,210,131,108,203,118,72,67,162,69,191,156,0,255,88,64,178,80,152,188,161,176,168,74,100,133,44,198,185,138,117,83,167,220,124,85,113,255,126,145,175,255,197,71,91,255,0,123,0,0,127,40,178,68,96,255,255,173,255,148,255,0,96,70,244,83,65,16,155,23,75,245,241,255,110,0,57,88,205,73,255,215,53,0,255,156,183,54,126,72,0,69,82,136,0,182,0,199,149,124,212,255,255,255,126,137,97,0,151,125,50,255,0,255,12,255,198,0,174,255
169,40,163,199,255,51,40,188,215,213,111,115,189,131,16,81,197,59,164,213,0,255,70,34,218,47,168,190,109,128,164,81,108,143,1,204,241,186,174,136,240,206,179,21,75,255,0,238,92,255,188,163,126,255,36,160,0,0,99,107,185,125,54,255,119,247,255,124,255,0,122,61,218,117,89,79,167,0,0,144,213,255,142,0,0,159,240,5,255,210,0,0,255,169,222,80,116,171,0,42,0,255,0,185,0,255,232,164,233,208,255,255,255,15,41,0,132,106,38,255,0,255,34,106,151,0,161,255
163,44,161,158,255,29,81,102,164,186,140,91,175,139,103,36,122,78,237,136,0,255,127,60,185,135,84,134,90,112,154,100,154,86,8,190,80,91,135,65,88,180,141,77,47,255,28,124,159,235,227,61,127,255,0,149,1,0,163,168,255,130,119,137,138,237,255,156,255,0,156,52,141,140,136,71,192,37,168,110,255,111,34,114,157,53,107,0,255,0,170,56,255,161,0,0,5,0,216,103,67,63,0,207,0,170,54,138,209,245,255,114,0,255,187,29,85,59,0,255,107,219,210,255,227,203,55,255
168,37,162,166,255,27,78,94,115,183,151,92,177,101,100,53,155,94,195,139,0,255,92,79,135,118,69,140,135,112,180,115,72,104,106,160,121,72,124,85,71,167,78,70,124,194,5,143,148,223,215,101,127,255,13,146,78,110,124,240,156,233,188,165,150,183,197,131,255,0,67,134,255,153,208,131,180,53,131,118,213,141,86,12,90,36,109,111,209,164,171,0,135,21,248,16,83,0,54,159,228,13,75,122,111,174,149,152,105,217,255,163,43,243,92,22,0,73,0,70,68,225,138,217,162,158,47,255
166,41,153,169,255,57,81,136,147,165,160,62,224,97,36,9,205,58,182,195,0,255,110,122,220,0,107,115,114,99,223,158,119,78,143,160,147,104,208,29,86,196,88,6,96,232,0,163,136,235,206,150,169,255,0,233,97,0,27,242,196,67,255,255,130,192,249,151,255,9,3,137,255,89,179,87,184,0,85,145,227,255,49,0,0,35,163,159,255,165,77,0,140,31,185,25,40,61,113,110,159,0,115,255,91,255,112,225,217,255,255,255,153,67,36,22,0,211,0,229,0,255,0,45,231,5,151,255
164,37,166,157,255,30,124,85,147,186,143,103,205,115,101,0,198,60,239,146,0,255,110,70,114,89,115,162,73,99,110,123,134,64,43,192,159,56,102,82,127,197,103,33,65,174,74,134,144,178,255,95,163,255,75,138,93,70,119,204,210,159,200,147,255,222,219,131,255,0,51,129,175,165,121,44,254,25,217,172,90,255,17,82,101,103,41,172,247,78,106,0,219,208,157,31,0,0,96,130,162,0,204,153,0,101,35,112,112,215,255,151,54,255,216,45,22,197,0,154,183,150,63,229,255,159,71,255
170,40,159,190,255,57,68,165,211,183,143,89,240,84,67,35,236,57,168,220,0,255,45,177,255,0,89,121,103,77,225,225,36,111,98,130,197,131,194,30,221,255,204,137,117,251,0,104,148,255,201,212,222,255,88,213,18,0,0,173,255,64,194,255,196,229,255,201,255,0,0,234,195,174,133,85,199,0,59,189,255,255,0,0,0,111,185,52,255,255,89,0,234,118,255,47,101,59,103,17,92,0,0,133,0,255,7,231,255,202,255,255,212,84,0,0,0,255,0,255,0,255,0,52,185,0,255,255
158,36,163,168,255,55,72,157,170,187,116,121,215,79,84,40,231,74,192,185,0,255,128,163,163,23,162,141,35,106,208,91,96,103,5,139,228,103,44,129,151,255,188,39,30,255,0,149,130,231,254,119,89,218,104,236,39,0,0,164,255,5,218,146,144,255,255,213,255,0,124,116,170,205,159,0,162,0,0,83,224,255,0,25,125,57,135,94,255,201,216,22,255,108,7,87,22,0,34,0,88,0,0,120,0,255,0,255,244,142,255,114,0,0,108,72,10,255,0,255,0,190,0,190,255,0,255,255
164,36,180,173,255,70,46,150,198,190,138,96,165,65,96,73,177,61,136,131,0,255,77,195,119,36,114,133,151,71,156,193,3,113,140,137,235,117,99,34,114,255,80,205,149,243,0,81,144,255,220,183,145,91,135,98,107,38,37,197,246,20,138,178,219,187,145,176,255,116,97,235,255,255,139,0,106,66,0,255,170,255,153,111,0,162,194,145,255,252,80,94,206,186,223,146,124,54,77,12,179,0,60,112,0,255,186,198,214,94,255,126,56,118,31,255,56,255,0,141,0,220,0,0,255,90,255,255
160,35,152,160,255,70,81,172,191,173,119,84,239,57,68,1,232,66,168,224,0,255,65,192,205,0,173,136,38,82,218,161,52,89,119,127,206,136,100,23,196,255,123,88,90,245,0,163,97,236,190,144,218,245,141,190,46,36,0,224,255,0,222,163,153,208,255,255,255,66,62,206,184,160,168,0,182,0,80,253,255,255,52,51,0,99,173,199,255,237,174,54,160,124,195,106,0,0,93,15,242,0,65,201,0,255,14,229,219,182,255,238,123,0,169,172,9,255,0,255,36,198,0,205,255,0,255,255
164,42,183,182,255,65,21,177,204,173,86,135,204,71,27,66,253,60,135,210,0,255,140,194,199,15,106,175,134,0,193,166,0,156,38,158,232,62,45,93,16,255,42,39,20,255,0,68,72,255,145,229,163,96,0,178,126,0,17,158,228,74,255,130,136,191,121,255,255,0,16,201,255,255,121,88,0,0,0,255,255,245,101,17,7,126,165,98,255,255,41,115,220,126,148,142,135,0,62,0,214,0,0,54,255,255,133,174,255,255,255,252,0,0,11,255,0,200,0,227,0,255,0,73,255,0,255,255
161,33,188,148,255,70,71,159,203,183,88,109,158,101,64,72,199,113,109,151,0,255,92,158,97,70,123,102,127,30,168,167,103,135,66,113,232,116,50,160,158,255,150,130,78,217,0,73,111,255,237,175,236,222,56,129,30,33,0,217,194,60,50,194,184,255,169,255,169,43,159,168,164,255,168,0,94,98,0,187,160,219,88,100,48,140,192,136,189,241,108,155,155,142,169,232,132,0,138,0,109,0,48,55,0,255,143,226,217,206,255,158,114,45,144,255,216,255,0,158,0,224,0,67,255,0,255,255
155,21,156,149,255,88,74,186,207,193,116,125,174,124,70,49,142,82,155,224,0,248,125,162,149,0,191,135,97,64,180,192,69,126,0,119,237,224,160,94,186,255,198,84,156,175,0,189,196,245,247,114,78,166,89,88,44,8,22,196,255,95,95,255,177,211,255,216,184,0,127,161,121,250,255,60,90,56,4,239,232,244,164,0,0,149,165,65,162,255,0,167,158,137,255,190,0,52,139,65,147,0,55,0,56,255,255,202,255,82,255,202,215,0,209,83,66,255,0,255,151,145,0,82,149,0,154,255
159,29,163,150,255,72,73,137,140,211,106,38,162,25,55,37,136,81,147,152,0,255,53,30,169,54,135,36,176,147,175,146,148,189,208,140,0,184,51,141,91,214,1,178,245,230,64,232,170,151,255,92,108,214,0,172,107,71,51,189,0,132,99,202,125,226,194,144,137,175,75,0,255,132,255,8,167,46,0,34,187,255,255,21,54,38,201,255,255,152,46,177,63,211,53,0,0,12,122,30,3,0,216,63,9,190,233,204,255,197,255,189,255,34,61,255,0,255,0,255,0,255,0,0,255,226,255,255
156,34,161,129,255,76,134,156,173,152,102,61,254,72,0,0,239,66,190,128,0,255,84,77,202,21,111,93,128,115,231,143,247,141,171,148,58,197,176,99,105,255,119,71,68,224,0,128,120,118,106,119,212,255,0,205,63,0,62,255,99,0,188,255,170,199,255,225,226,185,0,137,255,95,255,0,194,0,0,66,255,255,255,69,0,0,66,255,255,117,151,27,22,242,0,0,30,0,187,68,129,0,255,255,107,255,61,163,255,255,255,255,255,10,178,255,0,255,30,255,0,255,0,7,255,93,173,255
155,28,153,158,255,49,119,172,181,194,171,81,202,143,110,0,114,30,183,183,0,200,80,108,135,0,168,57,117,145,174,84,193,129,59,109,97,249,136,129,35,255,153,18,118,171,0,110,133,232,171,0,195,255,78,89,0,0,83,127,174,140,155,119,219,158,255,246,255,0,85,213,172,37,255,0,182,20,125,255,215,255,166,98,74,0,105,152,255,147,120,44,153,102,177,124,47,0,249,255,103,29,216,71,0,255,222,255,255,196,255,180,83,0,255,140,0,138,0,255,216,81,37,240,255,163,0,255
156,26,157,123,255,65,130,161,169,189,151,78,214,126,95,0,149,90,186,165,0,218,83,71,173,0,187,67,149,79,135,63,217,184,23,22,54,231,149,158,121,251,206,60,110,71,0,81,94,192,165,95,181,255,0,70,54,0,102,167,130,222,69,73,184,206,255,255,211,123,132,186,140,127,255,0,122,68,112,255,161,237,191,166,0,59,102,209,182,239,96,96,111,168,245,221,0,0,255,255,112,0,150,110,9,255,255,255,255,182,255,223,124,45,255,255,72,177,24,255,65,138,36,224,255,123,0,255
163,25,170,145,255,58,97,140,110,193,140,60,152,69,115,2,128,121,109,136,0,179,94,35,103,50,214,91,172,183,152,75,176,179,117,47,54,212,36,143,131,169,77,189,255,108,81,132,62,159,211,76,97,182,0,110,89,96,55,138,29,233,56,63,116,194,238,220,165,233,189,87,255,210,213,92,112,130,40,255,70,107,210,210,119,33,105,255,163,180,132,121,176,179,179,171,0,56,136,76,177,33,214,80,80,131,200,188,238,206,215,131,107,119,243,255,135,147,0,207,88,207,33,82,255,107,0,255
159,20,150,148,245,39,93,138,141,216,148,54,164,146,122,26,112,88,196,127,35,162,51,77,73,148,202,128,166,194,122,115,179,132,87,78,93,195,81,115,142,255,78,227,195,137,74,28,91,185,171,45,125,190,125,106,68,138,58,228,121,171,42,132,83,105,183,199,165,179,144,216,175,197,219,103,201,188,80,167,182,182,126,160,59,83,126,237,193,33,174,45,146,157,59,153,74,86,111,137,136,137,166,0,16,194,181,255,76,240,208,75,93,56,217,166,118,84,0,184,89,154,161,255,190,208,0,255
