175,8,146,96,214,76,77,129,148,174,151,51,120,147,101,35,109,238,196,193,0,208,99,177,69,152,150,185,123,68,193,131,106,82,139,130,139,120,184,136,115,174,31,144,123,163,132,92,123,110,126,93,129,77,86,150,125,106,113,206,130,121,121,97,174,168,81,124,144,135,146,112,127,188,138,154,132,137,93,168,100,193,152,130,91,102,138,202,146,88,63,145,95,112,110,171,88,50,122,210,207,121,120,114,106,182,84,114,170,130,178,136,67,136,72,55,147,184,48,216,101,116,100,83,170,147,69,255
163,29,144,109,234,46,84,64,68,163,213,41,86,122,152,51,44,106,142,151,0,233,51,78,113,139,127,99,213,123,134,120,105,77,186,156,125,52,81,47,139,154,154,169,120,166,67,69,138,218,201,134,169,107,56,118,149,68,59,214,218,107,102,194,159,110,106,54,199,112,147,114,215,222,88,105,130,129,151,91,163,57,110,61,46,6,193,181,232,123,94,136,149,207,138,185,97,129,131,140,166,42,0,86,18,87,149,255,62,154,255,71,29,216,80,74,151,154,0,204,114,129,134,28,125,255,47,255
168,17,136,125,199,23,118,109,129,169,181,37,129,102,186,103,140,139,185,197,59,255,96,70,77,106,135,141,235,193,124,117,67,119,151,128,168,36,69,73,161,157,96,196,99,204,57,83,118,113,102,195,211,0,182,114,85,15,63,148,216,124,50,177,81,199,164,77,73,143,88,176,237,150,109,133,79,188,218,131,147,13,203,55,0,83,111,208,143,84,194,116,255,179,73,162,67,83,123,144,218,0,0,134,157,30,49,157,54,159,175,33,44,164,196,0,77,210,2,182,172,62,5,0,255,209,120,255
170,17,147,112,192,41,104,119,131,187,187,43,118,106,153,64,117,113,134,184,63,255,116,83,89,138,147,187,187,227,114,103,118,138,134,127,152,35,60,125,164,192,141,169,99,124,96,102,102,115,122,202,162,44,203,38,141,69,72,188,189,110,20,159,163,160,144,75,134,178,106,118,253,127,95,137,148,193,173,169,167,135,232,60,50,116,111,194,109,100,141,130,214,221,101,151,0,117,135,180,179,0,61,125,89,145,72,223,42,152,145,63,40,213,145,19,174,138,21,96,182,22,0,66,255,127,70,255
162,22,138,93,208,39,109,115,132,195,187,74,142,117,153,67,134,106,147,180,19,255,191,133,77,126,223,149,107,234,131,62,47,157,114,67,180,21,64,121,151,199,104,172,121,131,109,67,114,123,144,104,131,0,143,87,115,6,39,134,145,49,28,189,68,190,107,54,204,101,36,57,255,84,137,130,65,220,117,255,126,211,255,87,104,117,125,169,85,160,101,163,130,224,29,171,0,99,208,170,255,0,101,141,144,142,30,214,54,181,152,0,0,202,132,0,163,183,0,87,148,0,0,146,255,233,108,255
163,18,137,103,219,53,111,109,127,189,190,59,121,90,112,58,120,120,163,218,15,255,121,131,95,123,173,135,117,206,148,96,73,214,121,170,176,26,6,97,189,240,113,175,137,188,89,77,91,125,119,119,166,2,170,55,126,67,12,176,190,51,38,131,153,146,113,67,248,111,96,46,210,176,65,112,91,202,162,144,108,135,230,66,110,118,137,152,118,87,136,179,181,144,79,108,16,118,173,62,228,0,101,166,110,46,25,230,128,118,255,90,28,211,131,8,245,153,51,215,29,87,0,68,255,154,42,255
163,15,141,111,213,40,106,120,134,178,190,54,124,92,129,55,134,120,165,202,34,255,120,124,103,120,152,176,166,205,152,93,110,161,126,161,179,64,39,75,181,235,127,170,114,177,64,96,94,137,131,147,165,26,158,87,149,77,12,186,176,118,38,116,168,112,139,56,221,106,107,68,228,164,84,105,149,162,192,116,116,162,199,88,54,135,129,163,106,113,150,115,217,146,94,131,28,165,130,147,186,0,96,154,161,133,52,232,127,90,193,99,25,233,168,57,213,185,15,199,47,71,0,69,255,124,126,255
163,16,138,114,207,37,109,110,133,188,202,58,122,93,147,61,114,112,175,196,46,255,128,80,106,120,149,178,174,189,123,80,108,139,118,154,169,39,34,90,182,228,134,160,114,159,54,77,101,146,152,153,169,29,173,88,126,40,41,173,178,142,0,136,136,130,160,61,195,91,84,79,230,147,105,138,147,172,204,129,135,138,229,89,39,113,99,182,120,106,176,102,226,184,91,149,45,159,116,145,168,0,90,146,177,127,60,200,87,94,191,98,0,212,209,45,203,192,0,197,105,74,0,89,255,129,117,255
164,16,138,113,201,32,108,115,131,190,209,50,119,92,166,61,109,118,180,196,55,234,125,61,119,104,153,189,199,183,100,75,119,108,137,164,162,24,33,98,158,211,121,154,128,160,44,79,105,172,153,129,176,52,168,75,144,24,66,181,169,165,0,136,140,130,178,52,167,84,80,82,239,131,107,159,162,179,218,151,157,138,241,93,15,83,109,195,109,131,164,87,254,233,93,190,71,145,128,147,142,0,89,148,185,165,79,189,105,89,146,54,0,172,209,28,180,196,0,168,124,27,0,96,255,143,153,255
166,14,138,114,193,27,105,112,135,194,210,50,124,88,159,65,109,112,174,201,76,221,148,41,127,81,136,219,205,198,99,87,160,113,111,203,157,32,29,128,143,201,126,122,102,177,6,78,80,173,156,159,168,39,174,77,156,0,76,154,163,195,0,121,141,138,195,32,144,80,94,92,225,129,90,140,165,202,225,137,151,142,213,93,37,93,93,212,116,140,205,64,255,218,105,173,96,138,130,157,137,0,53,155,155,198,49,213,135,105,123,53,0,171,248,4,221,219,24,189,126,48,0,34,255,108,204,255
167,14,139,112,195,27,108,111,136,173,207,42,127,93,161,68,108,126,180,202,72,242,127,66,113,82,128,201,207,170,98,109,145,128,125,183,156,45,35,81,165,187,134,126,82,147,19,108,78,184,167,174,155,67,152,64,202,43,55,179,166,156,0,136,130,152,170,39,163,4,98,115,236,138,38,141,159,178,230,101,143,170,191,76,31,130,84,183,92,99,132,105,255,221,113,185,130,174,116,150,129,0,1,140,107,199,74,221,135,116,129,80,15,206,223,27,203,223,11,237,81,63,0,70,255,83,255,255
164,15,137,118,193,13,110,109,126,176,219,41,136,103,186,70,123,123,191,184,87,214,132,48,115,63,137,214,233,186,85,99,146,84,127,196,171,45,34,93,132,198,95,148,97,173,1,91,98,190,152,134,191,64,168,101,179,16,76,205,186,169,0,162,105,162,184,49,126,3,97,100,230,126,62,149,193,166,232,118,135,160,212,52,0,93,87,227,115,111,137,46,255,229,75,186,126,149,127,145,149,0,51,168,162,197,73,222,88,102,167,52,0,152,232,0,185,228,8,209,108,62,0,56,255,136,255,255
164,13,134,120,199,18,107,123,129,189,214,57,134,99,174,71,128,111,199,197,71,214,139,52,122,87,147,201,219,182,109,81,134,104,121,167,160,61,38,93,143,236,104,134,132,181,8,70,101,167,144,117,157,59,178,95,153,37,75,192,167,197,0,156,98,149,215,65,146,57,102,102,229,135,122,166,167,199,195,130,157,153,208,70,0,73,63,230,117,124,175,53,255,208,75,157,126,123,109,132,155,0,81,164,182,200,86,201,98,115,148,32,0,137,250,19,172,221,0,185,106,101,0,107,255,156,220,255
163,11,130,130,201,13,108,124,112,173,207,79,155,87,190,86,144,99,203,183,68,242,113,69,111,81,140,186,233,153,112,81,106,91,117,135,186,77,45,43,152,255,90,179,112,177,0,87,143,142,160,117,148,73,192,132,150,44,59,196,207,174,51,180,74,143,181,88,170,30,89,152,255,137,86,170,136,202,195,77,152,128,193,47,0,57,80,243,157,94,186,100,225,184,84,125,138,144,86,66,197,0,102,106,192,195,64,223,23,145,158,0,0,148,235,0,180,255,0,163,93,160,7,91,255,125,167,255
170,8,147,112,191,53,122,149,123,172,165,69,138,90,159,93,109,115,167,172,72,237,74,60,85,130,106,184,255,129,69,119,135,154,78,152,149,89,117,28,201,213,84,177,119,134,5,92,97,124,175,138,141,169,170,82,137,86,98,255,178,132,37,236,123,211,153,121,143,118,89,220,253,127,19,160,141,202,174,80,134,94,186,50,2,141,86,245,189,157,158,113,138,152,108,146,156,231,112,115,110,8,71,90,17,212,143,175,89,219,213,70,86,177,193,0,210,220,0,139,86,138,91,83,255,50,217,255
174,8,146,96,214,75,76,129,147,175,151,51,119,146,101,35,108,238,196,193,0,208,98,178,68,154,150,186,124,69,191,132,107,83,140,130,141,118,184,133,117,174,33,142,124,164,133,93,125,110,128,93,127,79,86,149,124,106,113,206,129,123,118,95,174,166,80,124,145,134,146,109,129,188,136,152,132,137,90,166,97,192,152,133,94,102,140,200,144,86,62,142,91,113,109,170,87,54,120,210,203,125,120,115,106,184,82,113,171,126,179,132,64,139,70,56,152,185,47,217,102,114,102,88,175,152,71,255
163,33,161,111,247,62,88,90,138,184,151,72,120,145,132,93,131,142,178,120,2,255,111,115,113,160,104,164,184,122,162,117,101,80,102,126,77,113,74,85,111,188,109,154,176,145,99,123,137,223,150,156,120,127,76,205,162,76,100,252,255,90,55,188,92,176,136,79,194,122,131,161,153,234,167,150,142,95,105,127,216,46,129,36,0,59,96,154,195,53,127,142,227,138,91,159,0,88,117,216,148,0,0,93,85,255,99,255,60,160,255,39,45,126,70,179,77,64,0,208,57,115,14,117,176,255,181,255
169,15,143,140,167,0,117,80,135,150,141,64,111,107,204,102,128,167,163,166,72,255,94,19,15,136,120,186,249,206,151,189,62,104,114,128,190,59,131,65,161,171,92,186,98,255,0,109,125,35,116,252,255,34,239,65,121,23,0,182,181,106,69,184,122,198,90,115,108,101,176,156,194,172,111,85,108,96,188,112,155,138,193,136,0,60,161,210,255,91,110,21,180,244,101,193,17,0,72,202,213,66,36,168,117,64,0,84,26,76,255,0,167,96,138,0,80,255,37,217,121,138,0,81,255,227,178,255
166,12,143,131,175,0,125,71,149,135,144,36,115,125,204,129,68,159,185,151,73,235,153,43,18,93,135,210,190,183,90,139,74,77,142,162,165,74,51,128,50,189,103,192,131,254,25,120,125,139,68,137,180,23,247,37,111,0,18,108,171,61,10,179,142,190,119,75,141,108,125,206,209,186,62,63,103,77,210,133,218,140,255,188,7,75,211,135,214,30,39,52,200,145,85,255,147,46,104,214,157,0,51,147,107,156,37,174,61,107,255,0,98,122,210,0,156,226,101,255,78,38,0,149,250,229,214,255
169,15,139,140,177,0,113,88,129,153,173,50,121,128,208,107,130,149,192,172,84,255,91,37,23,108,134,166,255,223,100,148,65,86,157,103,144,39,71,66,118,151,110,211,140,255,1,88,141,90,86,195,240,0,233,38,100,4,0,173,230,97,68,148,107,200,126,85,69,133,140,204,250,166,133,104,116,102,220,174,176,79,208,100,0,48,149,193,223,35,126,7,224,191,75,223,65,45,86,178,196,0,22,171,108,97,7,112,0,103,255,0,103,116,221,0,84,255,52,222,131,112,0,39,255,255,149,255
163,25,140,100,219,11,123,123,140,180,173,34,135,154,199,49,122,127,183,126,45,255,213,65,51,151,244,206,137,218,171,105,78,117,120,88,152,83,147,106,112,145,73,112,112,106,49,74,88,157,185,91,137,45,130,71,171,0,40,194,101,109,0,255,52,199,137,155,86,107,101,128,255,86,144,140,186,167,144,255,138,221,255,134,0,36,159,170,163,95,66,145,192,255,67,123,53,67,71,162,234,5,186,128,82,217,122,129,0,188,160,50,23,124,140,0,165,182,0,19,123,89,0,255,255,255,185,255
165,15,139,132,174,0,130,85,133,144,152,52,112,121,217,113,114,165,193,159,75,236,101,34,47,101,138,212,234,188,161,156,44,54,118,165,195,51,94,73,115,160,70,162,113,255,37,92,153,105,122,158,200,45,184,89,134,18,3,154,151,107,32,209,131,184,146,97,114,70,146,135,206,163,94,90,105,109,233,82,160,125,255,111,7,71,247,197,207,48,105,108,255,182,74,206,157,0,85,180,255,0,55,240,89,45,81,42,77,160,244,58,136,10,255,44,100,241,0,214,153,76,0,77,255,184,255,255
164,22,144,107,211,12,125,106,143,168,138,36,106,164,180,73,98,146,144,128,64,255,192,72,62,142,194,215,125,181,164,103,74,92,104,122,164,59,161,123,119,147,84,118,81,113,78,127,104,164,185,103,152,74,144,114,163,45,58,171,124,85,0,255,93,194,146,139,98,74,100,149,229,91,128,107,173,157,166,205,134,188,255,127,0,31,197,143,157,86,85,201,158,193,37,154,98,43,117,173,212,39,165,105,35,218,105,166,57,173,209,116,73,117,140,0,125,157,0,79,182,85,0,190,248,255,199,255
161,16,138,119,192,0,115,93,138,168,165,83,145,115,209,93,73,136,210,132,52,255,151,72,25,134,168,190,179,198,142,141,78,113,105,151,139,58,74,95,93,216,116,179,153,226,4,77,131,116,141,82,147,46,174,49,119,0,0,131,199,27,21,201,86,179,94,95,154,28,123,131,199,128,154,97,129,109,192,160,255,173,255,135,56,53,186,174,225,50,124,119,180,229,0,220,103,12,132,189,238,0,113,87,50,138,78,99,0,71,255,0,0,156,184,0,75,216,0,202,115,59,0,208,255,255,222,255
171,23,153,108,200,0,110,115,139,176,167,30,131,127,167,45,141,127,193,169,38,255,182,38,92,165,215,174,193,198,158,106,169,154,142,103,62,75,156,108,165,141,94,56,116,106,70,156,58,176,146,174,188,25,151,79,159,32,78,249,212,167,18,203,95,201,154,137,57,119,118,83,213,157,161,181,223,159,124,200,110,140,255,98,0,126,148,115,195,62,118,163,255,243,125,189,0,111,25,152,213,9,85,136,161,232,118,113,40,237,191,101,0,172,208,0,133,158,58,54,110,168,11,175,205,255,163,255
166,16,148,130,181,0,114,99,142,169,167,36,125,124,186,79,115,144,202,162,80,227,133,31,57,112,139,168,241,164,102,141,112,107,171,160,132,41,95,77,157,167,118,183,134,225,0,88,96,149,91,144,174,48,174,27,172,34,25,215,214,109,15,173,80,190,158,66,102,106,104,173,179,170,104,153,172,153,186,146,187,133,218,103,0,88,145,151,169,39,204,62,255,234,123,255,120,57,63,169,133,0,0,121,164,163,73,153,37,169,255,31,104,64,171,0,86,197,53,203,11,103,0,114,207,193,255,255
163,25,143,105,226,28,127,112,126,195,177,27,131,123,155,40,111,109,194,144,31,207,181,31,70,136,225,174,137,163,133,132,174,140,111,136,61,75,139,127,177,167,92,100,44,146,17,88,62,164,192,81,166,37,172,108,170,90,72,198,150,171,0,255,26,188,171,166,121,124,87,185,196,137,124,225,139,139,84,255,137,126,236,14,15,100,112,113,193,53,119,128,255,180,130,203,34,69,93,145,172,31,130,71,58,208,76,216,92,222,207,73,77,46,207,44,115,99,42,43,47,123,57,163,237,255,0,255
166,15,149,125,169,0,112,91,139,186,168,39,112,126,192,48,118,139,213,166,79,183,146,11,71,131,137,214,255,193,102,153,110,70,162,178,147,28,103,74,161,155,102,165,159,255,3,88,107,152,97,160,206,27,220,65,204,27,0,222,191,125,0,185,93,157,151,66,115,81,104,130,195,144,104,113,147,99,153,152,188,155,220,149,0,72,166,168,221,97,178,39,254,215,86,255,55,19,28,178,146,0,50,140,172,210,62,88,66,197,255,0,63,2,167,0,60,200,45,169,45,96,0,109,146,217,255,255
183,23,182,94,167,0,93,137,120,161,188,9,95,73,108,0,73,154,102,213,111,255,63,2,93,185,156,235,193,188,140,163,188,181,165,235,66,71,147,84,199,171,55,25,86,124,91,157,45,113,133,188,210,37,103,0,196,69,9,233,165,167,0,255,192,224,212,130,60,116,133,14,221,213,145,94,211,132,35,49,96,94,171,190,55,164,225,185,213,151,182,216,255,255,153,246,87,164,143,200,240,22,58,194,192,255,239,213,149,255,255,255,0,98,12,0,142,203,193,198,22,52,0,46,192,187,130,255
162,19,142,106,197,5,118,106,140,177,177,32,133,131,177,43,116,145,166,172,64,242,178,46,72,129,190,216,186,219,123,104,93,116,133,166,147,48,77,125,114,153,71,121,123,165,62,84,67,156,162,145,161,42,148,48,169,4,16,171,99,125,0,190,108,187,171,80,111,83,108,62,228,126,117,118,249,183,144,159,159,175,229,134,0,72,100,140,108,111,147,104,180,227,105,172,87,77,100,166,189,0,141,138,179,202,94,176,48,165,217,33,0,150,141,0,174,121,61,101,88,64,0,202,255,218,251,255
171,17,155,103,177,0,117,114,145,173,188,10,119,114,157,27,86,157,186,214,47,255,148,6,84,127,170,227,166,216,88,123,202,165,120,214,101,44,70,128,151,129,110,62,104,175,71,155,32,154,139,187,135,16,163,0,177,16,21,174,158,163,13,197,132,168,201,109,72,97,141,78,221,134,123,103,217,167,138,115,141,127,244,171,41,129,134,73,166,39,172,123,255,255,165,203,86,104,109,120,178,0,58,184,152,176,130,227,113,255,255,149,0,58,210,0,161,111,177,193,57,37,0,73,255,227,255,255
159,18,140,100,201,13,128,100,134,191,204,49,135,111,168,34,85,106,205,201,33,224,177,38,64,85,227,175,148,180,85,118,131,147,137,196,128,61,58,97,131,189,108,140,133,248,64,81,105,150,142,62,145,29,123,13,181,37,0,169,146,98,0,165,131,172,124,34,138,67,105,121,194,165,151,124,191,157,128,108,150,174,255,132,0,113,104,90,123,118,200,77,184,255,89,255,103,99,78,181,248,0,83,171,190,181,104,255,69,255,255,70,13,71,237,0,93,89,122,180,49,0,0,146,255,233,255,255
165,18,143,109,204,18,116,113,136,191,197,44,118,103,145,45,111,112,182,188,75,157,138,0,78,87,177,176,188,200,85,95,178,127,150,220,118,51,68,129,127,178,134,116,117,212,4,106,36,181,130,129,168,55,151,62,175,59,67,215,168,172,0,168,94,180,171,19,129,116,107,117,183,133,143,152,162,192,158,135,149,143,252,99,0,75,62,131,129,138,202,48,255,233,92,255,96,91,98,166,171,0,0,153,154,255,80,255,151,189,198,48,50,45,222,0,85,109,41,202,36,0,0,69,251,192,156,255
165,18,136,110,201,16,106,114,127,196,210,49,132,106,170,51,108,111,187,173,65,202,130,11,75,97,167,175,208,197,76,113,174,123,157,193,125,64,54,126,164,182,120,131,89,209,0,76,37,130,162,107,134,42,158,86,178,37,59,218,157,156,0,170,35,178,180,44,100,86,124,164,216,95,197,109,162,164,172,153,195,137,255,92,0,49,67,149,118,154,213,6,255,255,94,246,86,99,104,187,141,0,0,158,153,255,85,255,44,193,172,110,30,87,183,0,111,227,46,201,99,3,0,93,255,255,192,255
167,14,134,121,188,6,108,114,141,191,190,36,143,110,183,70,127,121,202,172,79,201,146,30,76,71,154,198,222,203,103,120,157,115,148,205,123,69,76,114,150,181,104,154,123,250,0,81,65,142,123,137,162,15,207,89,168,0,86,214,172,135,0,161,48,189,175,48,56,72,159,188,243,105,157,118,118,175,198,153,201,103,255,87,0,65,72,198,124,108,228,44,255,210,104,213,104,39,110,139,127,0,0,146,160,210,22,238,89,180,188,49,8,62,178,0,114,255,48,174,128,51,0,93,239,255,255,255
168,10,131,126,181,3,105,109,146,184,171,46,159,114,186,90,105,114,184,176,75,205,154,25,62,58,164,219,217,190,77,124,154,95,148,208,139,77,78,101,147,211,96,190,79,255,0,60,87,97,115,156,144,0,251,122,158,0,104,194,174,100,22,136,85,201,176,47,23,71,161,215,255,137,142,106,43,152,198,208,228,128,255,121,61,92,80,254,136,43,232,96,255,222,102,180,111,29,151,109,47,0,0,92,126,243,0,255,75,146,199,21,17,106,181,0,170,255,62,149,174,97,0,135,255,255,224,255
167,12,133,126,186,8,106,118,137,184,185,50,158,114,175,75,122,110,192,173,77,218,151,50,72,69,154,203,223,187,102,123,152,109,135,179,135,92,82,101,175,218,110,191,111,239,0,82,90,139,115,139,165,13,209,104,164,6,88,214,179,142,33,145,87,196,160,50,49,71,144,201,255,143,147,120,86,181,197,163,208,137,255,99,32,81,70,243,112,80,210,85,240,213,124,172,99,48,122,101,113,0,0,144,134,243,10,255,70,167,180,39,13,94,223,0,176,255,15,155,153,109,0,119,255,235,223,255
164,14,137,123,188,9,102,115,135,191,207,44,140,99,163,50,99,113,193,183,93,162,134,6,96,53,156,225,216,190,89,96,205,96,108,233,151,77,44,123,133,206,110,143,107,229,0,73,89,160,152,108,206,44,181,67,154,15,86,220,196,200,0,146,114,151,219,43,81,43,118,162,220,122,141,136,141,188,211,146,187,128,214,79,16,40,65,225,114,155,197,0,255,218,93,202,139,75,114,138,135,0,33,174,153,255,27,250,90,159,216,71,0,69,252,48,179,255,31,235,107,31,0,62,255,165,239,255
166,15,137,122,194,18,96,117,133,192,204,45,128,102,160,51,111,105,185,174,86,178,128,16,91,76,162,201,227,190,88,97,191,116,125,206,133,79,64,108,160,201,119,142,117,209,0,85,65,164,150,128,168,54,177,80,162,33,89,232,182,181,0,155,78,162,190,46,71,91,129,160,202,122,137,140,134,198,184,145,179,138,215,64,15,77,67,221,117,128,190,20,255,229,92,205,104,91,114,139,134,0,0,165,150,255,35,255,82,154,166,70,18,98,223,63,174,249,0,206,82,40,0,97,243,206,216,255
166,14,135,128,193,12,103,122,134,184,203,41,149,99,171,53,101,108,189,175,96,173,123,13,80,57,159,214,217,188,81,104,182,112,106,205,147,86,62,121,156,214,106,166,86,209,0,72,87,134,176,116,185,55,171,75,148,43,91,234,194,181,0,157,87,176,211,62,74,53,117,207,226,130,139,142,148,184,212,133,197,122,217,77,12,41,68,223,99,125,184,14,243,230,101,193,151,99,97,125,126,0,31,174,121,255,30,252,56,162,187,75,0,107,226,34,187,255,10,212,127,50,0,105,255,181,191,255
166,13,136,127,192,20,111,120,147,182,177,27,146,106,161,62,92,115,193,183,85,160,133,19,67,88,175,205,209,191,107,100,168,113,122,185,125,95,68,109,152,209,122,201,122,209,27,76,101,132,123,159,173,7,190,91,120,55,87,196,168,148,0,132,85,160,190,43,76,131,98,183,231,156,108,132,120,216,183,148,202,120,241,101,10,76,70,236,103,68,186,98,211,214,74,185,139,61,64,80,139,0,18,124,149,255,26,217,92,155,185,21,0,106,238,0,154,188,16,185,112,32,0,130,255,134,180,255
167,13,135,127,187,17,111,115,146,176,179,24,148,100,160,61,94,121,198,185,89,157,126,5,73,85,155,220,218,199,85,113,174,118,115,209,131,66,68,115,156,178,92,186,99,203,3,71,80,121,125,169,192,21,179,81,127,34,101,195,187,145,0,137,94,180,199,38,56,100,101,193,240,145,98,122,124,187,218,135,198,106,214,118,21,80,96,241,104,64,193,77,215,207,81,184,145,75,78,67,154,0,24,132,154,248,21,174,115,177,186,33,20,127,218,0,173,220,27,201,105,88,0,96,255,136,191,255
170,11,143,120,191,60,107,118,139,197,151,53,130,111,139,70,102,128,168,149,84,179,110,52,90,147,139,188,209,182,63,146,136,153,94,161,130,58,95,88,201,167,112,201,86,138,26,63,76,131,149,203,156,109,185,110,156,71,65,205,209,165,31,163,100,205,179,77,111,177,62,204,197,175,74,117,118,198,228,56,126,125,168,107,35,166,93,235,164,124,205,153,111,191,118,158,126,147,56,49,189,84,92,57,109,251,85,152,133,228,175,54,60,179,182,0,147,168,0,143,69,128,8,141,255,39,9,255
178,30,189,116,201,53,101,124,95,199,178,43,113,137,122,106,149,131,138,159,47,226,80,110,107,157,154,124,160,163,133,105,150,93,117,95,134,125,173,114,158,209,75,186,148,175,85,92,114,173,191,117,150,87,124,127,117,19,119,255,255,157,34,190,157,156,140,108,150,170,67,203,175,249,68,215,54,196,161,145,128,62,148,100,103,112,105,172,130,155,206,156,237,152,114,247,72,73,72,138,151,140,120,109,0,162,81,176,140,248,114,81,99,161,203,120,113,115,0,71,106,5,82,0,148,87,0,255
175,15,160,104,170,26,105,115,134,189,195,22,118,107,118,49,108,101,139,168,73,255,111,47,106,130,125,179,208,213,97,97,158,93,102,182,140,9,67,126,167,133,153,128,134,154,116,155,65,156,80,199,153,8,182,28,161,18,95,251,222,107,4,183,164,171,138,61,31,155,36,166,219,207,147,114,118,240,196,178,152,113,223,106,16,97,89,149,147,69,205,97,218,202,112,241,42,105,90,181,158,18,0,99,41,138,110,241,136,232,255,79,40,141,113,0,170,177,96,229,107,0,67,0,124,162,114,255
174,10,144,107,182,49,114,127,147,179,188,22,123,74,129,77,117,105,140,180,96,255,117,50,132,80,148,209,242,205,107,91,144,87,122,177,118,38,54,112,145,173,130,158,83,184,70,116,69,156,67,215,146,70,178,31,139,0,78,173,186,129,1,183,162,191,159,49,43,164,47,214,239,142,116,166,115,188,255,123,161,142,213,35,22,179,43,226,138,114,179,184,186,207,121,176,108,118,156,134,147,0,29,116,109,162,68,176,182,148,200,104,87,222,197,45,182,182,73,175,78,43,0,0,244,76,0,255
175,12,157,98,182,50,107,149,142,173,174,4,142,68,104,67,84,130,119,165,87,255,108,37,106,90,170,225,189,201,86,121,152,131,58,147,154,69,72,126,157,152,113,124,26,148,104,141,45,137,74,229,211,59,161,42,164,11,116,175,164,120,12,157,167,173,110,85,43,162,5,233,248,191,138,163,113,227,180,180,134,90,210,72,8,174,26,179,127,125,157,188,174,176,68,125,89,138,100,134,127,21,0,146,69,153,156,211,172,207,242,112,2,146,163,13,155,128,1,146,102,0,30,0,255,45,10,255
176,14,162,92,171,25,111,137,153,207,187,0,127,73,112,21,83,136,149,193,98,255,128,4,154,89,163,221,209,207,107,75,199,140,72,203,152,33,39,176,170,130,161,58,101,150,118,149,45,174,56,202,185,6,147,0,167,8,154,255,197,132,0,154,174,136,201,62,53,142,0,97,229,165,190,193,154,255,169,226,157,136,238,92,7,78,51,171,114,124,255,110,255,242,112,183,69,70,116,161,91,0,0,195,83,140,167,229,187,208,255,145,0,105,92,31,209,103,127,199,91,0,62,0,189,147,203,255
175,13,163,94,179,43,119,152,146,188,166,8,131,72,93,47,91,143,131,186,81,225,123,25,121,97,181,242,180,194,85,87,145,129,66,205,140,63,81,149,196,138,102,111,48,152,80,138,10,145,149,192,169,71,142,42,172,7,158,190,143,129,0,149,170,153,144,94,89,128,0,129,226,176,136,179,115,244,180,202,155,142,186,81,8,187,40,180,137,158,234,193,188,176,105,124,88,92,137,79,121,55,17,147,74,163,123,193,204,194,209,92,36,110,133,62,194,146,0,140,94,9,70,0,240,109,83,255
180,11,179,82,170,45,115,161,120,178,169,37,107,72,98,40,83,119,103,184,90,255,84,41,88,122,131,232,171,201,69,130,189,136,70,202,125,62,105,140,217,141,92,102,72,145,133,163,17,119,152,156,118,111,163,22,196,47,109,189,175,98,26,181,234,166,129,126,51,118,19,124,236,223,186,175,99,195,125,218,135,116,150,89,121,154,42,165,151,142,250,163,171,199,72,201,118,98,121,107,166,57,0,164,17,193,173,229,152,216,205,125,28,89,136,10,234,181,7,146,81,42,105,0,249,60,127,255
176,14,176,94,171,37,118,141,129,205,156,28,113,74,89,43,63,135,130,183,92,255,126,14,100,148,135,208,182,182,67,133,198,161,62,222,129,54,104,151,209,110,92,102,50,123,34,139,37,95,148,178,182,89,134,45,157,84,83,219,190,139,0,165,208,146,158,159,85,137,1,121,223,164,136,164,148,207,152,163,112,88,210,119,89,161,73,189,171,189,255,177,184,245,150,170,103,157,104,148,147,21,34,175,80,202,178,189,143,246,255,181,0,72,174,0,255,143,77,142,93,8,1,0,221,93,43,255
171,16,173,85,191,42,138,144,122,206,150,40,106,92,98,47,79,136,144,178,81,213,136,0,63,152,145,195,185,164,49,115,202,177,69,204,153,60,158,128,249,118,36,106,28,126,7,102,31,91,176,123,190,133,142,100,163,144,106,240,179,140,0,220,148,172,172,169,58,108,0,114,173,143,114,189,107,199,72,176,171,96,206,130,23,112,49,195,145,201,212,148,182,234,103,200,50,145,83,179,109,0,99,176,114,247,162,125,93,255,220,113,65,7,137,0,197,92,27,113,16,49,8,32,228,83,98,255
176,10,161,94,192,74,148,142,118,169,136,74,121,113,114,106,76,157,126,166,70,234,77,33,64,149,98,197,241,170,53,140,163,184,95,151,136,48,156,74,209,177,93,177,51,139,22,112,62,127,175,175,178,197,168,69,137,76,96,223,181,136,47,237,103,253,150,168,90,151,59,232,201,177,79,108,90,227,173,69,167,96,172,154,61,168,66,188,169,138,183,136,157,146,97,158,83,185,144,101,102,77,23,148,0,165,171,177,137,255,185,139,101,101,151,0,97,127,0,102,130,92,64,21,222,0,87,255
180,15,147,105,165,47,97,96,165,209,96,75,34,124,89,83,140,123,84,135,44,255,114,66,161,164,128,167,98,196,134,47,52,118,80,112,249,0,165,130,180,200,95,146,154,167,121,39,92,111,156,101,121,161,202,60,142,58,90,166,179,116,0,180,151,188,123,74,174,248,102,149,220,138,3,183,31,143,216,33,162,255,218,189,41,144,248,208,245,129,138,204,135,150,35,159,0,84,242,237,52,94,111,192,0,147,0,122,160,186,83,196,205,83,22,0,75,234,7,214,149,84,0,127,99,171,0,255
173,14,160,105,186,74,126,105,165,213,125,96,97,80,105,68,109,98,140,174,24,255,143,85,76,213,156,101,175,163,67,120,144,178,72,100,148,50,75,96,252,164,103,186,208,217,108,167,88,123,69,176,103,87,133,119,97,115,41,200,189,66,0,198,195,100,146,107,121,197,0,242,205,188,109,180,93,245,228,125,195,187,250,151,0,140,59,158,201,125,255,173,39,238,139,240,0,94,67,183,141,124,61,62,103,143,96,148,188,191,185,61,147,130,125,0,65,103,14,79,184,56,1,52,155,141,109,255
176,14,173,83,162,26,136,146,143,175,139,36,126,46,111,69,105,123,129,178,53,255,114,59,132,167,151,165,236,146,116,68,133,121,54,147,146,81,69,150,255,208,63,153,115,175,97,191,57,150,65,85,164,85,95,86,126,129,141,255,190,81,0,230,225,62,179,111,166,80,0,116,226,255,146,209,58,238,162,128,180,210,238,84,0,123,165,198,129,182,192,228,184,163,19,208,0,131,147,163,117,82,57,195,57,133,166,125,186,255,255,94,0,54,43,0,81,211,0,155,180,96,139,23,156,61,243,255
171,11,155,99,179,34,134,151,141,172,184,19,146,67,123,64,116,128,154,193,74,243,130,54,107,117,135,196,225,161,97,70,160,148,51,166,165,66,71,130,215,196,83,138,70,142,98,158,45,155,101,137,200,99,125,76,133,62,146,242,145,177,0,194,191,150,163,94,86,77,0,156,218,206,88,229,92,255,190,117,141,137,237,65,0,106,40,228,63,160,163,136,213,167,85,146,82,143,89,121,93,0,46,188,113,152,149,215,152,215,255,91,0,72,164,27,124,189,0,207,131,18,45,0,255,29,255,255
179,4,165,80,174,64,134,166,130,143,149,67,119,93,128,98,60,169,142,185,62,255,70,113,66,150,98,241,255,157,62,137,153,191,60,143,149,35,91,63,211,183,66,135,61,134,99,138,57,117,166,143,131,172,170,50,207,90,103,255,114,81,83,237,147,255,150,185,144,75,76,238,255,151,95,152,76,212,109,71,171,138,179,140,65,195,48,234,242,188,124,150,214,89,51,104,76,119,165,97,125,56,15,158,0,176,233,229,174,255,182,142,1,96,115,63,128,235,16,96,138,130,81,66,255,42,255,255
175,9,151,107,189,68,123,140,118,174,136,66,139,95,120,88,92,143,128,148,59,236,63,57,100,145,123,191,201,119,103,131,125,128,104,145,147,67,119,41,207,225,134,172,93,141,39,105,96,126,176,191,119,198,148,82,147,85,80,215,217,149,62,235,88,201,119,100,128,130,27,224,222,191,68,137,111,225,226,33,94,113,192,88,33,188,94,218,181,113,164,150,53,136,93,154,163,168,63,94,142,124,49,97,37,199,144,167,103,227,205,135,96,119,143,17,107,126,0,82,140,98,67,110,255,3,42,255
177,13,143,105,165,60,91,88,163,207,101,51,63,103,45,70,126,118,71,134,64,255,96,10,171,139,130,173,85,195,210,30,101,50,124,120,192,0,144,56,152,241,121,69,176,205,124,55,72,136,193,140,143,174,97,16,133,28,46,121,193,124,42,196,41,166,53,102,88,239,48,130,243,168,55,180,37,234,255,45,148,210,185,204,51,172,128,200,255,93,198,232,112,129,28,230,96,205,231,228,81,172,69,153,0,128,5,33,250,198,98,222,144,120,71,67,25,177,85,255,173,159,0,80,168,83,0,255
176,14,147,103,192,89,91,94,138,240,183,76,102,109,132,107,139,104,146,161,74,255,108,64,133,212,176,156,193,207,87,31,123,33,120,177,80,49,55,62,130,188,84,119,114,158,98,122,196,156,42,237,112,92,181,128,124,10,54,96,255,145,0,255,105,211,157,65,0,137,71,164,240,160,151,152,50,165,255,89,113,196,178,9,9,216,0,217,255,193,124,236,94,202,0,186,63,238,198,206,202,108,108,69,55,167,21,220,214,126,155,27,84,255,69,14,117,157,0,139,162,192,22,255,255,243,0,255
174,11,152,102,184,49,100,128,118,192,207,40,165,82,140,86,114,62,153,164,10,196,119,7,162,192,186,234,165,241,0,30,152,55,114,191,100,23,78,109,160,171,60,184,51,213,79,100,129,94,56,217,182,55,166,94,95,12,93,98,186,164,0,227,238,173,109,77,0,115,57,231,255,143,109,70,118,107,255,173,178,178,248,109,87,248,75,216,238,126,159,236,129,255,46,120,61,149,186,120,151,0,89,0,143,212,27,186,177,253,130,0,59,243,170,0,137,92,0,127,93,108,28,95,255,175,0,255
174,21,166,120,195,30,118,133,142,170,203,18,159,105,105,86,111,85,151,150,18,187,97,10,103,205,168,167,164,203,84,66,151,102,109,255,71,41,104,112,115,123,42,195,73,190,73,105,89,99,94,165,171,22,137,76,81,66,118,142,180,159,0,179,195,179,79,117,52,140,32,204,255,149,72,71,121,205,230,199,138,127,207,120,109,203,113,176,109,79,123,131,214,255,100,166,20,131,145,111,235,76,48,25,127,180,54,203,151,255,178,49,0,197,213,116,126,132,0,220,134,0,11,52,255,135,0,255
178,12,147,105,173,66,90,122,133,241,153,38,113,88,144,45,65,119,144,128,91,255,99,24,174,139,187,202,167,199,110,47,76,26,129,188,83,26,58,113,134,187,49,188,71,166,89,85,104,131,99,207,81,71,99,77,188,36,64,121,252,147,0,212,56,255,191,32,45,164,43,186,205,169,105,138,93,193,255,106,61,200,209,12,39,239,80,137,185,145,208,218,160,214,0,190,146,143,160,168,196,153,139,30,45,106,110,208,145,217,161,128,120,207,130,130,90,135,10,255,77,207,64,185,255,127,0,255
178,10,151,104,178,80,91,106,126,231,202,44,133,84,143,104,87,88,141,166,60,255,83,45,147,194,170,189,232,216,64,26,137,23,145,150,86,47,26,69,183,189,105,176,104,160,85,97,172,102,88,253,110,50,157,96,100,58,68,134,255,99,0,255,121,246,186,81,61,191,20,213,255,210,192,79,112,180,255,186,129,126,177,26,82,255,0,191,246,186,198,255,89,229,40,132,114,241,178,197,170,103,66,0,57,100,92,161,188,156,159,56,49,255,85,112,119,106,0,204,78,170,60,173,255,203,0,255
176,12,154,102,184,61,102,132,118,220,184,45,147,70,141,66,92,82,142,172,61,236,120,0,143,169,184,214,233,219,25,25,141,89,113,168,68,29,90,113,203,182,68,180,44,217,52,151,96,110,94,255,156,43,164,85,67,10,101,145,227,180,0,212,172,204,141,99,1,192,14,255,241,179,162,115,165,145,255,209,141,127,223,53,54,255,32,162,253,133,242,255,136,255,73,128,71,153,181,148,133,68,91,10,110,202,51,129,135,216,152,0,105,255,132,13,152,96,0,151,51,120,31,114,255,243,0,255
174,26,195,96,182,20,112,157,120,197,214,13,172,77,106,37,101,90,182,170,0,151,123,1,104,202,189,171,150,170,56,101,151,115,79,255,88,89,113,146,172,113,0,190,33,216,105,130,64,142,163,145,193,0,124,41,85,50,244,240,236,223,0,179,230,209,145,107,107,118,27,147,255,143,95,79,169,175,98,255,227,11,255,127,62,135,0,108,64,207,232,135,217,205,147,154,44,10,98,51,80,26,38,100,83,117,149,188,55,255,241,77,5,33,192,109,74,95,0,198,210,6,84,37,159,255,0,255
180,16,147,113,199,62,125,116,125,188,169,59,145,110,131,58,125,89,111,136,93,215,86,47,99,133,166,182,230,192,93,80,90,76,110,134,100,85,113,92,137,175,69,181,82,175,89,113,100,102,176,175,116,125,142,108,130,24,107,161,228,112,0,194,131,236,127,83,72,181,79,203,229,234,55,175,128,170,220,115,163,137,197,83,49,169,145,225,136,36,178,164,124,205,85,140,94,119,121,119,206,116,82,60,74,204,84,179,223,211,88,154,121,162,169,86,97,182,27,126,167,88,89,120,192,53,0,255
177,24,171,114,185,36,94,119,120,185,250,10,163,101,175,89,86,84,164,132,21,244,31,16,116,206,193,144,221,195,48,76,109,58,148,187,83,0,70,113,88,162,17,229,93,211,113,108,216,113,36,199,156,0,142,33,122,55,118,188,255,148,0,162,158,240,157,33,71,81,69,255,255,172,82,12,152,135,207,194,206,84,168,123,79,175,128,111,175,61,97,56,247,255,0,235,0,198,100,168,170,65,73,0,109,144,77,210,137,255,167,0,93,255,150,21,101,145,24,247,84,86,88,6,188,191,0,255
175,21,167,100,186,48,120,119,125,202,211,41,184,79,137,30,86,50,137,143,28,171,105,0,131,203,170,222,239,237,14,49,134,98,83,215,59,9,137,128,176,115,6,221,25,213,95,127,128,117,131,213,176,18,140,77,44,70,163,182,228,217,0,208,255,224,176,99,37,193,0,227,255,240,117,25,138,125,185,255,214,102,255,175,122,206,122,179,155,86,188,212,172,255,96,170,0,118,158,149,199,0,92,32,71,255,49,105,163,255,105,0,28,240,115,60,74,133,0,142,130,0,117,15,172,232,0,255
173,19,159,108,196,39,124,134,140,197,194,20,157,101,107,30,109,92,148,155,68,159,131,3,108,144,189,213,225,207,40,22,150,129,72,237,54,22,116,136,147,88,24,208,44,194,97,103,52,147,148,178,157,38,145,98,69,44,219,182,181,204,0,130,197,198,128,98,40,183,24,136,255,113,99,111,165,203,177,255,202,109,228,135,93,168,50,208,113,88,179,181,183,230,137,110,56,49,140,60,200,60,69,99,159,207,38,168,172,179,158,70,0,197,167,147,130,105,0,184,125,0,49,137,210,226,0,255
181,16,155,97,184,60,120,138,114,223,169,59,129,125,121,25,77,85,132,100,102,211,49,33,114,123,196,208,216,158,80,52,59,74,121,150,35,50,115,134,136,143,28,136,49,190,96,101,48,104,213,93,120,118,95,70,207,18,125,162,240,97,0,193,80,232,131,34,76,151,122,171,255,237,80,186,123,125,201,141,166,218,209,103,122,163,97,127,202,55,221,52,155,197,0,145,76,47,203,120,170,168,118,72,67,172,147,255,148,255,172,164,90,166,73,180,102,132,0,225,138,101,113,145,255,12,0,255
171,15,159,107,175,23,107,109,129,173,251,22,172,123,163,92,119,62,196,176,0,148,93,0,160,202,153,235,163,255,13,0,166,28,108,255,84,0,52,123,55,81,18,164,80,225,79,90,189,117,28,180,230,0,160,41,84,0,75,116,204,181,0,203,239,187,134,98,0,28,32,247,255,134,73,0,81,102,255,243,199,141,251,177,94,183,119,228,233,117,125,145,200,255,26,172,39,148,191,124,203,0,69,0,117,227,0,208,141,255,183,0,0,179,177,7,130,154,0,243,87,22,16,0,255,214,85,255
172,14,151,111,189,29,117,126,134,176,227,8,168,106,152,82,115,104,169,176,38,164,112,0,135,147,194,228,211,245,15,22,169,83,132,224,71,0,98,158,130,103,32,168,62,232,63,128,94,105,68,219,240,9,164,76,43,0,137,146,175,187,0,157,204,197,152,94,0,109,15,184,255,139,112,31,162,122,255,217,179,126,254,125,90,216,78,167,165,80,127,166,210,255,101,119,88,130,164,104,149,0,67,27,193,237,19,112,179,190,125,0,3,224,228,15,179,105,25,194,45,0,0,50,255,162,0,255
170,21,173,109,196,16,131,145,111,184,226,37,168,85,127,50,131,85,175,154,50,169,122,0,102,156,165,121,228,184,57,127,172,106,111,248,94,44,100,139,156,131,50,174,72,149,27,127,22,89,201,120,189,86,124,59,122,98,200,255,188,191,0,121,232,186,116,101,140,94,65,71,255,120,88,143,206,233,151,255,126,60,253,120,107,49,44,156,94,124,255,49,255,255,90,205,128,119,94,92,174,0,53,105,82,113,145,204,79,255,255,23,0,87,255,74,152,207,0,255,191,27,80,93,120,157,0,255
176,18,146,112,188,63,101,86,151,221,177,37,103,129,154,85,117,125,132,135,71,255,86,36,111,220,158,175,190,213,96,46,88,30,177,145,106,32,70,72,144,174,92,150,103,171,110,114,158,122,120,198,131,67,174,106,153,53,84,93,241,92,0,200,45,212,144,22,108,172,98,176,254,148,63,108,138,149,255,120,130,134,160,109,13,206,86,146,214,73,179,187,143,253,32,218,0,156,159,236,139,158,104,61,102,156,38,179,221,205,138,57,100,230,74,38,118,101,92,162,208,113,0,183,217,218,0,255
176,13,142,111,199,77,97,95,140,237,208,41,114,115,169,70,130,115,189,165,92,255,85,1,97,255,182,165,255,228,0,62,140,68,193,181,99,0,14,130,208,147,130,221,111,184,92,141,138,167,55,255,147,4,189,64,13,0,123,132,255,180,0,244,94,196,196,67,45,200,83,190,231,109,199,74,94,55,255,150,157,100,201,16,31,245,69,167,243,98,131,188,214,232,13,73,0,196,186,171,103,84,35,39,123,179,39,143,184,52,133,73,116,255,112,71,40,46,0,153,181,125,63,126,255,255,0,255
171,12,145,106,206,76,107,108,133,216,185,48,126,87,139,18,114,102,169,160,97,200,144,0,81,172,166,187,255,195,0,32,193,162,122,176,38,10,49,195,192,141,104,212,43,174,56,189,59,158,90,220,142,54,210,22,10,58,177,179,189,217,0,202,138,165,207,127,38,255,81,183,187,104,161,108,101,68,81,226,219,71,255,48,107,182,94,204,192,40,136,174,194,190,143,181,0,142,179,156,128,0,55,68,110,255,32,120,150,106,151,146,63,255,148,158,208,0,0,130,28,93,12,73,205,144,0,255
182,19,152,116,193,90,106,92,138,255,148,57,112,161,124,52,125,142,162,122,126,251,65,35,108,184,149,171,239,180,109,92,67,43,169,165,83,65,123,97,169,162,93,99,143,178,39,69,127,84,164,190,89,132,145,52,173,1,76,198,255,67,39,240,8,237,155,48,58,205,120,181,191,171,161,166,88,115,255,81,140,165,144,54,25,173,93,179,202,111,246,202,152,207,75,224,49,87,159,216,174,188,112,76,51,182,122,151,236,176,81,211,120,189,128,141,28,172,32,174,182,174,50,212,155,160,0,255
176,27,138,98,221,86,96,66,152,255,214,2,77,185,159,82,133,173,199,109,93,255,45,24,54,255,167,166,255,141,104,87,50,13,202,201,159,41,17,86,213,182,149,90,228,216,143,154,207,222,54,232,153,73,198,128,58,0,148,120,255,158,0,255,0,173,105,0,104,122,10,141,255,121,99,77,12,56,255,142,128,136,76,15,0,175,40,118,187,73,0,97,255,169,69,167,0,173,239,206,16,141,0,144,56,59,75,112,255,109,139,61,117,205,0,131,54,99,120,206,255,156,54,118,186,255,0,255
169,17,152,91,211,65,136,106,128,234,173,33,112,119,143,56,92,89,185,142,46,220,105,0,64,255,132,145,255,179,0,98,182,147,143,172,82,0,68,181,255,153,96,224,47,147,89,137,11,160,68,177,184,6,222,68,11,86,172,233,242,117,0,255,57,143,130,50,72,238,32,199,170,80,143,58,62,102,85,196,141,0,255,141,29,150,106,159,174,9,158,99,230,170,19,255,0,198,183,215,77,17,24,42,152,161,0,122,90,236,151,111,143,247,74,0,69,0,46,123,80,35,148,50,138,255,0,255
173,18,167,96,195,56,120,107,139,244,179,46,128,83,120,27,90,73,165,151,77,205,139,0,119,226,114,161,255,175,0,64,182,158,72,246,92,0,92,200,255,103,62,221,53,182,75,184,48,133,136,215,148,0,166,34,0,102,162,238,255,179,0,180,142,170,115,101,21,255,0,213,231,72,93,44,102,115,163,255,187,20,255,146,80,179,115,173,188,66,164,168,192,231,143,242,30,152,156,222,132,39,0,83,72,242,47,97,75,255,157,149,99,255,180,106,176,0,26,242,77,0,88,13,76,255,0,255
176,17,161,109,185,56,104,114,113,255,130,26,125,97,133,21,62,118,161,116,87,182,114,0,125,166,167,166,216,197,58,83,106,99,128,208,56,43,90,123,223,139,31,175,48,189,3,175,121,130,149,211,220,73,133,84,158,92,113,227,255,152,0,219,4,187,138,78,27,225,63,202,224,146,119,119,159,166,236,129,78,130,198,77,8,186,22,89,249,147,255,193,244,248,52,255,89,127,161,200,122,115,92,135,62,221,62,150,106,255,194,59,115,252,62,56,105,58,15,158,17,69,72,158,249,255,0,255
169,20,154,96,208,62,121,107,125,235,172,22,99,84,131,31,68,84,163,137,56,234,97,0,73,238,151,163,255,201,4,69,198,159,112,171,86,0,67,177,255,167,89,192,0,196,96,161,0,161,103,197,233,6,197,48,30,99,127,246,255,158,0,255,60,121,131,71,57,255,6,236,136,124,123,139,61,110,138,181,95,0,255,125,33,172,127,99,212,73,99,92,218,176,15,255,0,255,171,255,34,42,30,78,123,111,0,98,111,255,130,146,95,255,58,57,89,2,69,133,38,75,202,18,185,255,0,255
172,14,154,111,196,61,115,101,139,239,181,31,123,77,136,38,87,80,194,151,84,218,128,0,109,204,144,171,255,191,0,75,226,187,96,197,78,0,73,232,253,98,96,197,79,188,37,171,39,114,113,202,178,63,185,14,0,76,147,255,238,176,0,195,162,126,151,137,43,255,16,220,214,68,136,75,132,75,153,249,197,40,255,127,108,172,155,205,220,23,125,103,191,234,116,185,4,147,154,207,49,0,30,122,105,255,35,38,92,186,117,159,169,255,181,134,248,0,70,160,28,33,52,0,146,210,0,255
174,21,169,90,191,61,123,132,139,252,151,68,141,54,143,18,55,69,153,130,87,174,120,21,101,140,155,219,255,178,9,50,91,103,58,216,78,0,123,177,255,128,0,198,54,226,67,114,106,111,255,203,147,26,147,35,141,104,124,255,255,165,0,243,121,185,207,33,41,140,0,255,222,201,116,84,71,172,114,255,255,158,255,212,34,140,139,165,255,118,255,255,136,255,166,255,85,150,139,220,146,0,83,0,47,255,56,77,98,255,66,161,145,147,62,89,118,164,0,175,17,0,0,104,107,142,1,255
171,20,153,101,200,61,120,106,145,241,163,0,107,111,146,44,83,101,179,128,61,255,86,0,68,244,180,155,209,141,48,30,122,72,125,197,77,34,3,120,216,162,69,158,2,176,113,181,124,199,68,213,224,0,195,79,129,65,111,142,255,169,0,242,23,162,114,4,34,102,96,143,196,50,108,69,83,120,176,141,101,122,222,150,0,163,7,102,248,93,130,162,222,224,0,196,0,255,127,255,63,98,73,94,117,176,44,151,141,174,133,138,41,255,53,70,170,0,45,116,105,73,171,145,240,255,0,255
166,26,138,80,234,54,121,108,125,213,193,0,60,93,103,3,97,62,155,91,30,255,112,5,66,255,148,215,254,193,37,50,164,135,96,149,120,87,25,153,255,183,41,215,0,223,124,159,0,225,10,142,255,17,232,85,36,49,148,175,249,255,0,255,112,8,137,15,42,215,0,207,144,83,65,203,11,51,142,177,60,0,208,139,0,52,65,149,217,78,0,63,255,83,81,201,0,129,255,255,0,59,0,116,51,22,0,151,253,129,138,94,26,221,0,18,79,38,21,128,125,56,245,0,132,255,0,255
167,19,143,108,217,64,124,102,111,220,174,0,107,86,104,0,88,72,164,147,71,178,97,0,88,160,174,170,255,193,0,45,248,166,134,187,85,35,72,193,225,101,75,221,0,163,0,166,1,200,130,177,178,60,212,64,31,86,155,211,231,219,0,235,90,96,110,125,0,216,12,187,175,124,118,112,147,52,90,231,190,23,252,153,11,132,109,151,255,98,44,90,216,152,75,215,0,182,217,207,64,7,26,103,73,211,35,88,136,128,130,221,72,255,123,138,107,13,46,178,0,0,159,0,134,236,0,255
172,13,142,124,188,45,113,102,133,222,164,25,118,97,157,46,81,120,159,168,90,237,108,0,71,181,151,161,255,217,21,116,182,130,193,155,104,0,91,127,239,140,114,219,71,185,0,114,47,134,117,255,150,41,252,75,52,65,56,201,210,136,0,255,49,153,195,150,32,198,13,179,203,141,165,78,153,97,165,162,174,104,245,105,13,172,106,150,201,45,213,81,178,233,101,179,21,198,127,120,87,15,30,89,159,189,0,55,104,146,133,111,138,255,107,53,145,151,35,176,115,157,0,142,251,208,0,255
168,10,132,132,199,25,113,116,123,168,198,58,156,105,184,85,114,97,160,162,72,225,107,51,52,119,132,175,255,186,57,106,131,115,156,149,151,77,57,90,177,241,100,205,86,180,0,71,112,120,126,180,120,106,210,144,104,23,100,189,165,117,18,161,84,172,146,67,106,96,108,175,255,118,105,110,104,183,188,114,182,116,240,113,22,90,98,255,106,71,158,35,174,255,105,150,109,118,135,76,125,0,59,108,255,189,28,191,72,165,171,53,38,212,199,20,185,255,31,167,194,186,0,155,255,133,147,255
173,9,147,109,200,72,101,130,130,180,155,69,135,119,121,72,103,154,150,153,28,224,76,107,94,158,127,175,181,121,136,138,109,127,136,131,150,94,140,65,194,211,114,181,114,131,69,95,100,116,148,162,121,150,133,137,152,114,92,221,205,131,98,194,109,181,114,60,136,145,79,162,197,201,79,156,114,177,170,72,103,129,190,84,27,151,116,217,127,118,155,125,38,146,99,160,136,121,78,142,181,113,75,68,109,206,135,185,130,191,142,110,91,145,115,55,104,183,0,148,109,154,69,131,237,62,23,255
175,8,146,96,214,75,76,129,147,175,151,51,119,147,100,35,109,238,196,193,0,208,99,177,69,153,150,185,124,68,192,131,107,82,139,131,139,120,183,135,115,174,31,142,123,164,133,93,123,110,127,94,128,78,87,150,125,105,113,205,129,121,120,96,175,167,82,124,145,135,146,111,127,187,137,152,131,137,91,167,99,194,152,130,93,102,138,201,145,88,63,144,95,114,110,170,88,51,122,210,206,120,120,114,106,183,83,114,169,129,178,135,66,137,72,55,150,184,46,217,102,116,101,85,172,147,69,255
172,11,139,114,198,66,115,122,143,165,176,66,137,80,118,80,117,109,141,172,90,239,127,84,121,80,134,184,191,143,130,95,114,143,69,140,110,72,94,62,153,231,116,142,118,122,6,104,76,176,149,195,127,149,167,75,138,0,110,201,172,145,45,182,188,218,138,88,110,123,112,221,202,150,43,217,105,139,223,67,180,141,189,46,39,193,81,255,213,73,181,207,148,229,141,136,123,148,155,83,192,72,111,98,100,255,67,208,243,157,172,176,143,239,200,40,205,209,0,71,126,171,0,92,255,48,35,255
173,11,148,97,187,42,99,124,134,212,177,51,112,70,109,17,89,109,167,168,83,179,139,39,155,76,158,219,169,167,68,83,136,96,111,211,107,23,50,129,161,169,89,95,125,181,9,119,31,207,184,133,118,102,144,23,208,29,98,209,203,143,0,170,177,127,176,44,102,100,75,127,179,127,80,155,105,158,184,119,182,188,177,82,18,147,117,179,207,123,212,89,201,208,106,170,120,106,135,148,121,0,40,119,41,255,61,166,233,198,151,138,91,168,171,61,202,175,0,172,44,62,53,97,255,109,181,255
173,11,149,99,190,50,103,130,143,215,162,43,121,63,81,18,92,120,168,174,89,190,157,22,149,77,173,225,157,177,68,83,160,124,69,206,97,44,65,139,169,158,98,71,89,161,8,94,23,156,173,168,127,111,138,21,194,34,128,180,167,156,0,153,174,131,185,75,85,145,58,124,153,103,108,169,89,217,184,145,160,174,186,98,50,151,69,222,206,149,236,153,182,203,121,167,138,104,128,149,146,4,46,151,52,255,86,161,238,182,178,133,55,167,157,74,215,146,0,147,39,34,38,73,255,129,93,255
172,16,150,106,198,39,118,147,138,178,200,8,157,79,99,37,118,132,170,196,91,203,144,14,115,54,168,226,174,194,65,70,196,156,50,210,124,68,34,173,126,165,106,65,50,116,35,128,1,175,172,186,140,116,138,32,177,12,203,219,126,177,0,155,178,155,175,102,93,72,89,96,186,77,121,195,161,255,160,215,175,138,202,72,10,70,14,239,74,115,202,79,211,215,148,102,96,83,155,74,94,0,54,187,106,182,154,255,192,133,255,154,0,114,165,85,230,158,0,156,195,53,2,0,255,117,93,255
171,12,150,102,189,47,114,137,143,197,188,22,132,71,110,36,91,123,157,178,108,200,126,24,138,74,158,234,193,177,72,79,153,117,73,209,137,39,46,156,166,168,90,107,63,138,24,109,39,165,171,159,149,118,132,36,173,12,160,212,161,162,0,160,181,147,167,60,72,98,38,143,195,124,91,180,147,204,192,138,159,141,186,62,3,146,58,233,126,144,233,114,216,211,109,153,124,133,136,154,93,0,51,140,80,242,89,188,226,148,170,118,45,191,146,93,225,175,0,159,88,15,22,49,255,104,107,255
171,11,151,101,183,41,108,135,134,207,193,34,135,61,110,26,86,107,157,187,106,216,129,19,131,80,145,223,206,180,63,84,161,105,90,209,139,40,67,153,191,186,92,109,72,160,6,104,48,143,166,153,158,100,145,33,149,13,144,226,191,161,0,159,194,142,163,63,65,106,30,131,200,137,120,176,127,169,189,153,181,117,214,45,28,131,53,235,145,167,248,110,226,226,116,160,143,144,133,178,93,0,11,149,70,255,94,163,197,135,161,97,30,179,144,73,246,195,21,153,89,0,32,52,255,165,89,255
173,8,157,92,182,50,120,158,134,188,190,30,121,78,103,44,93,124,145,187,111,243,113,43,101,84,143,237,206,172,64,92,167,135,74,201,132,36,80,139,198,152,102,115,44,143,64,110,33,111,178,139,161,124,144,9,176,13,145,219,141,149,18,164,223,174,130,72,68,119,61,147,225,115,148,181,87,183,162,177,156,114,186,67,50,136,47,234,162,192,210,116,209,198,98,155,136,139,149,146,140,0,35,161,46,233,125,218,175,179,172,134,51,163,191,93,255,231,32,171,51,29,58,21,255,83,152,255
170,11,153,98,186,45,120,150,138,184,209,30,125,85,119,55,116,104,153,196,93,219,127,37,115,84,147,208,212,177,80,70,184,132,71,204,158,66,70,143,174,173,91,139,60,139,64,122,14,144,152,119,151,104,154,53,173,36,159,237,148,173,0,174,203,169,153,61,72,128,48,150,224,122,102,208,126,225,183,171,162,128,214,55,26,102,34,233,103,174,209,82,209,199,75,184,130,114,134,132,143,0,49,166,73,179,101,235,191,187,202,108,32,139,212,112,246,219,30,191,97,4,15,25,255,62,157,255
164,11,150,112,189,4,114,129,132,193,222,46,147,79,176,51,119,96,226,202,95,182,135,20,107,83,122,184,255,169,90,84,187,119,109,194,175,92,70,109,184,221,97,167,126,179,6,90,73,166,124,94,218,90,125,70,154,91,96,255,213,212,0,145,157,169,170,46,95,64,35,125,195,136,88,207,156,198,198,146,180,130,255,55,0,74,56,255,110,202,184,22,255,250,81,242,140,118,77,212,113,0,32,122,145,194,115,142,104,150,212,25,0,42,255,74,149,234,35,255,35,30,1,62,255,108,255,255
162,7,143,116,186,12,107,135,108,195,222,56,153,98,184,45,113,90,216,178,102,188,101,17,117,100,110,189,255,160,55,86,187,100,120,157,206,92,66,71,206,248,75,184,91,149,13,58,94,130,175,34,195,161,134,32,183,121,119,255,220,220,0,156,129,164,189,70,121,53,71,143,244,126,71,210,187,190,208,92,163,117,226,88,0,32,79,255,155,120,180,41,229,225,33,209,154,167,67,184,88,0,166,155,86,220,148,128,50,224,225,48,12,57,239,85,210,254,20,225,57,105,65,96,255,92,207,255
173,7,154,99,186,69,138,158,119,161,139,65,132,97,127,99,87,140,126,162,73,239,66,62,98,117,109,216,234,112,107,108,131,129,72,151,142,63,107,51,181,223,108,159,84,139,28,113,86,143,157,157,119,203,162,50,145,48,99,251,182,132,53,229,115,216,122,154,114,118,55,237,210,172,67,145,113,230,203,67,100,100,186,73,1,154,92,245,173,145,110,120,95,106,105,147,121,198,86,99,125,97,72,117,0,178,185,183,132,226,245,138,82,134,153,27,140,142,0,68,148,114,62,60,255,0,149,255
175,8,146,96,215,75,76,129,147,175,151,51,119,146,100,34,108,239,196,194,0,208,98,178,67,154,150,186,124,69,193,131,106,82,139,130,139,119,184,135,114,174,31,141,125,165,133,92,126,109,128,93,126,79,87,148,123,105,114,206,127,122,119,94,176,165,80,127,146,135,147,109,129,187,139,152,133,137,89,168,97,195,152,133,94,102,140,200,145,86,60,144,93,113,109,169,86,54,122,212,203,123,121,116,104,184,80,111,168,124,180,134,62,138,70,54,152,186,49,219,103,113,102,87,175,152,70,255
175,8,146,96,214,75,76,130,147,175,151,51,119,146,100,34,108,240,196,194,0,208,98,178,67,154,150,186,124,69,192,132,107,82,139,130,139,119,184,134,115,174,32,141,125,165,134,92,127,109,128,93,126,79,86,148,123,105,114,206,127,122,119,93,176,164,79,127,146,135,148,108,129,187,139,152,133,137,89,168,97,194,152,134,95,101,141,200,145,85,60,144,92,113,109,169,86,54,122,212,202,124,121,116,104,184,80,111,169,123,181,133,62,138,69,54,152,186,49,219,103,113,104,88,176,153,71,255
174,8,146,96,214,75,76,129,147,175,151,51,119,146,100,35,108,239,196,194,0,208,98,178,68,154,150,186,124,69,192,131,107,82,139,130,139,119,184,134,115,174,32,141,124,164,133,92,125,110,128,93,127,79,87,148,123,105,113,206,128,122,119,94,175,165,80,126,145,134,147,109,129,187,138,152,132,137,89,167,97,194,152,133,94,102,140,201,145,86,61,143,92,113,109,169,87,54,122,211,203,124,120,116,104,184,81,112,169,125,180,133,63,138,70,55,151,185,47,218,103,114,103,87,174,152,71,255
174,8,146,96,214,75,76,129,147,175,151,51,119,146,101,35,108,238,195,193,0,208,99,177,68,153,150,185,124,69,192,131,107,83,139,130,140,119,184,134,116,174,32,143,124,163,133,92,124,110,128,93,128,79,86,149,124,106,113,206,129,122,119,96,174,166,81,124,145,134,146,110,128,188,137,153,132,137,91,167,98,193,152,132,92,102,140,201,145,87,62,143,92,112,109,170,88,53,121,210,204,124,120,115,106,184,82,113,171,127,179,133,66,138,70,55,150,184,46,216,102,115,102,86,174,150,70,255
