175,8,146,96,214,75,76,129,148,175,151,51,119,147,101,35,109,238,196,194,0,208,99,178,68,153,150,185,123,68,193,131,106,82,139,130,139,120,184,135,115,174,32,143,124,164,133,92,124,110,127,93,128,78,86,149,125,106,113,206,129,122,120,96,174,167,81,124,145,135,146,111,128,187,138,154,132,137,92,168,99,193,153,131,92,102,139,201,146,87,62,144,94,112,110,171,87,52,121,211,205,123,120,114,106,183,82,113,171,127,179,135,66,137,70,55,149,184,49,217,102,114,101,85,172,150,69,255
175,8,146,96,214,75,77,129,148,175,151,51,119,147,100,35,109,238,197,194,0,208,99,178,69,152,150,185,123,68,193,131,106,82,139,130,139,120,184,135,115,174,31,143,123,164,133,92,124,110,126,93,128,77,86,150,125,106,113,206,129,121,121,96,174,167,81,124,144,135,146,111,127,187,138,154,132,137,92,168,99,194,153,131,92,102,138,201,146,88,62,145,95,112,110,171,88,51,122,211,206,122,120,114,105,183,83,113,170,128,179,136,66,137,71,55,148,184,49,217,102,115,101,84,171,148,69,255
175,8,146,96,214,76,77,129,147,174,151,51,119,147,100,35,109,238,196,193,0,208,99,177,69,152,150,185,123,68,193,131,106,82,139,130,139,120,184,136,115,174,31,143,123,164,132,92,123,110,126,93,128,77,86,150,125,106,113,205,130,121,121,97,174,168,81,124,144,135,146,112,127,187,138,154,132,137,93,168,100,194,152,130,91,102,138,202,146,88,63,145,96,112,110,171,88,50,122,210,207,121,120,114,105,182,84,114,170,129,178,136,67,136,72,55,147,184,48,217,102,116,100,83,170,147,69,255
175,8,146,96,215,76,77,129,148,174,151,51,119,147,100,35,109,238,197,194,0,208,99,178,69,152,150,185,123,68,193,131,106,81,139,130,139,120,184,136,115,174,31,143,123,164,133,92,124,110,126,93,128,77,86,150,125,105,113,206,129,121,121,96,174,167,81,125,144,135,146,112,127,187,138,154,132,137,92,168,99,194,152,130,92,102,138,202,146,88,62,145,95,112,110,171,88,51,122,211,206,121,120,114,105,183,83,113,170,128,179,136,67,136,71,55,148,184,48,217,102,115,100,84,171,148,69,255
166,15,141,117,211,59,122,84,123,167,141,70,142,131,124,89,109,118,116,152,59,205,86,87,75,178,122,117,192,115,120,162,111,121,153,160,76,85,126,80,168,171,78,191,75,148,100,124,134,129,74,195,120,75,157,153,100,27,82,97,150,67,108,215,91,151,128,27,159,105,112,187,226,250,90,117,109,190,129,63,178,94,153,102,0,80,64,185,141,75,172,181,49,106,94,199,178,100,117,144,242,34,57,32,119,172,118,228,137,207,204,43,47,149,152,0,95,131,57,127,140,150,25,126,167,95,99,255
154,27,175,75,255,95,136,91,112,229,102,175,73,149,168,141,25,175,154,29,17,247,56,116,55,222,30,203,167,134,250,123,144,211,33,255,135,123,86,157,104,231,0,130,168,177,191,176,186,199,100,47,101,255,69,170,118,5,217,255,212,79,137,255,209,0,145,162,243,80,67,177,190,173,164,0,0,156,35,110,75,154,255,219,0,0,177,177,190,154,184,71,174,216,4,231,0,0,118,255,129,0,200,157,0,77,170,94,241,238,255,209,86,0,248,171,241,155,0,135,196,47,0,84,255,14,93,255
159,30,185,81,255,77,112,87,146,221,78,159,106,132,174,130,71,206,155,26,16,207,58,138,17,220,44,247,189,140,165,96,175,182,42,255,147,112,10,156,101,255,11,82,122,160,188,150,161,216,41,86,116,246,157,255,138,0,188,164,255,105,66,244,139,116,130,95,191,50,0,224,119,129,132,0,0,32,132,129,183,166,255,203,0,26,130,99,200,200,255,0,173,115,0,255,0,0,101,255,58,0,70,72,34,216,92,245,155,255,255,161,65,0,194,92,208,77,0,78,255,26,0,147,255,96,182,255
160,36,183,46,255,119,122,89,97,227,94,158,36,184,217,176,50,255,106,22,15,255,123,136,48,255,91,255,166,88,160,124,208,247,30,251,137,153,0,186,169,253,16,128,107,150,218,199,177,192,27,132,98,203,115,255,137,46,163,255,234,36,125,255,163,47,242,246,255,100,56,80,183,127,104,0,19,32,40,182,102,255,255,163,0,0,238,255,112,255,0,55,255,255,0,255,0,106,232,255,49,0,64,255,0,243,86,255,57,123,255,210,21,0,38,0,135,170,0,109,255,99,0,210,255,43,235,255
159,21,167,62,225,77,133,109,159,189,122,120,123,187,120,117,100,184,111,134,33,252,107,88,93,148,161,253,208,152,83,72,145,0,126,255,188,0,88,143,145,180,20,186,0,186,255,95,148,255,131,84,72,172,169,250,221,91,136,152,255,139,0,221,28,178,255,0,53,45,0,255,255,173,80,9,158,255,172,214,36,64,140,43,0,165,59,255,66,114,42,88,103,82,90,255,43,58,197,211,75,0,156,0,0,255,63,230,29,255,17,140,156,82,223,0,134,70,0,119,255,37,0,116,152,113,0,255
157,20,156,59,219,57,135,116,150,189,151,100,170,255,121,67,115,184,114,138,72,255,139,91,60,115,186,255,143,136,51,44,170,0,202,255,207,0,112,177,193,200,0,242,0,243,255,155,87,204,120,23,24,65,184,255,215,20,189,142,231,106,0,211,0,212,255,0,8,3,0,255,255,84,134,67,208,255,134,255,0,115,130,0,0,229,14,255,0,135,6,0,74,139,119,132,104,16,255,168,29,0,181,0,0,200,207,224,18,231,0,144,83,97,205,0,130,0,31,0,255,0,0,111,85,234,0,255
155,19,163,58,233,50,141,81,141,203,119,162,114,217,154,151,123,188,192,86,19,255,73,105,26,191,115,255,166,94,148,131,137,145,63,211,106,28,101,150,174,206,10,159,108,178,255,229,165,248,60,61,107,255,117,255,207,75,81,255,255,163,94,70,29,129,112,6,122,44,0,165,160,120,255,89,149,237,172,84,0,220,226,57,3,255,6,255,0,71,60,0,188,181,91,244,0,0,255,255,141,0,82,60,0,105,181,104,0,196,0,168,255,0,255,10,202,34,0,62,255,0,0,83,115,111,185,255
151,22,134,46,255,94,150,63,88,230,160,122,69,228,154,147,79,162,143,126,15,247,14,82,139,237,64,169,114,26,207,151,75,166,95,222,195,93,57,155,193,114,0,159,124,188,205,224,154,250,134,47,95,142,216,159,127,0,255,189,146,75,115,175,97,27,189,109,253,0,78,230,255,198,51,45,93,252,0,215,0,132,158,35,56,82,112,229,174,100,61,247,104,235,133,170,87,0,165,84,255,55,66,80,0,67,128,45,255,255,172,142,37,54,175,60,255,127,0,120,161,7,38,147,194,48,0,255
152,28,158,53,255,93,163,89,115,237,125,141,103,227,139,148,117,175,141,90,5,255,68,98,82,233,79,238,146,86,205,100,132,122,92,245,116,63,139,162,170,174,0,186,63,168,218,209,149,249,98,88,75,237,166,255,167,23,236,248,228,32,83,173,96,85,176,72,231,29,89,182,255,201,115,0,116,221,78,187,0,104,208,97,36,151,78,245,79,69,107,176,193,208,41,255,10,0,167,161,168,0,73,132,0,111,94,129,205,255,153,161,65,9,255,66,194,90,0,188,151,0,0,171,255,25,7,255
156,27,183,31,255,148,185,83,88,255,51,225,3,252,217,249,0,252,174,74,39,206,85,104,52,197,0,255,157,41,242,164,193,255,0,255,53,157,195,125,48,189,2,170,244,183,122,255,255,255,157,28,68,255,159,178,143,63,212,255,255,133,255,255,73,0,172,255,238,106,30,209,66,193,255,0,9,255,97,194,0,88,255,196,0,0,188,207,81,255,22,69,255,206,85,255,0,1,255,255,125,0,116,255,0,121,55,233,135,255,240,255,180,0,245,50,255,247,0,116,255,0,0,41,53,0,55,255
152,28,166,48,255,116,172,103,104,247,100,177,67,232,202,173,42,206,127,70,0,254,68,79,93,214,60,255,127,82,255,119,170,159,54,255,134,86,193,134,126,138,0,177,73,187,186,235,228,242,163,97,35,239,148,236,163,14,251,255,241,62,167,255,113,20,216,179,202,14,74,192,255,191,134,0,80,249,43,191,0,123,255,121,0,36,148,255,98,185,129,142,152,205,66,255,0,0,229,200,255,0,156,212,0,166,28,59,161,255,255,221,115,0,252,98,255,238,0,184,159,0,0,158,225,0,0,255
154,32,171,43,255,126,186,87,78,255,94,195,16,233,246,213,0,249,153,73,0,232,78,89,112,247,15,255,148,8,255,195,182,214,5,255,76,120,102,112,105,148,0,193,177,177,105,252,255,255,103,91,108,255,121,236,122,121,254,255,241,68,255,255,172,0,240,255,255,56,63,130,195,180,169,0,58,248,0,212,0,183,255,174,0,0,172,255,108,255,0,83,224,255,147,255,0,0,255,248,255,0,120,255,0,152,42,255,132,236,255,241,146,0,238,57,108,191,0,66,255,0,5,126,242,32,165,255
156,29,175,32,255,127,179,87,85,255,76,210,0,250,234,234,0,255,164,64,26,215,93,63,66,244,24,255,149,14,235,145,231,239,0,255,74,122,85,90,79,196,0,189,218,201,119,255,255,255,113,109,109,255,206,213,187,113,222,255,228,82,255,255,176,0,255,247,255,65,33,168,168,121,164,0,14,246,0,212,0,220,255,165,0,0,180,255,44,255,0,59,215,255,104,255,0,68,255,255,216,2,53,255,0,246,75,255,44,243,255,255,133,0,213,0,98,153,0,87,245,0,46,141,255,0,156,255
161,25,206,76,255,116,138,104,119,233,58,227,25,142,229,203,68,254,160,47,0,214,122,145,28,226,35,196,228,145,204,153,185,255,3,255,189,147,60,186,135,255,183,255,169,175,150,235,242,248,0,72,52,206,39,236,88,166,119,174,255,49,223,255,171,2,89,255,255,29,129,70,174,255,234,0,0,74,6,134,92,206,255,150,0,61,255,210,98,255,77,86,255,161,0,255,0,169,150,255,188,0,50,255,75,167,159,255,180,104,255,255,108,0,129,94,88,138,0,101,79,0,0,137,255,14,249,255
156,29,176,72,255,86,125,83,124,209,93,141,80,173,160,138,51,195,167,60,18,209,101,92,0,236,27,227,175,125,180,124,212,188,37,255,105,104,48,137,37,255,0,101,129,207,180,160,188,246,39,60,105,245,135,241,131,17,210,197,238,92,154,255,157,85,149,136,176,66,30,159,169,133,179,0,55,115,139,215,140,184,255,113,0,28,90,112,128,196,103,19,201,139,32,255,0,0,179,255,137,0,81,105,36,211,144,227,109,255,255,202,77,0,191,170,201,99,0,189,229,17,32,188,230,79,83,255
155,29,191,68,255,95,157,81,117,213,91,193,67,167,208,186,16,255,172,39,1,247,83,120,0,213,46,247,195,146,235,135,209,247,9,255,138,134,58,132,83,255,50,225,158,132,145,228,255,255,87,101,57,255,67,239,98,155,201,255,255,75,137,255,222,30,157,200,255,120,39,70,101,197,202,0,42,137,61,155,50,255,255,153,0,122,130,220,98,222,81,51,255,242,0,255,0,0,255,255,255,0,199,204,0,151,96,255,117,136,255,255,255,0,255,173,105,42,0,116,82,0,0,219,255,40,184,255
154,27,171,57,246,78,146,67,123,212,103,161,69,177,169,151,45,202,203,43,26,222,77,77,16,184,28,255,164,88,210,152,182,183,0,255,79,66,67,127,116,211,14,96,187,209,145,215,180,255,125,52,63,255,153,171,172,56,161,255,210,104,90,202,182,50,106,127,180,58,0,164,88,140,164,25,88,138,136,151,85,255,255,150,0,96,64,176,81,144,62,26,255,238,108,255,0,0,223,255,102,0,96,107,0,175,135,76,80,180,255,248,230,0,255,71,220,97,0,131,95,0,26,117,151,0,182,255
155,26,157,76,234,37,138,59,137,177,132,151,109,168,163,108,107,175,178,55,7,246,69,62,14,201,95,250,170,109,226,170,168,91,56,255,109,35,65,64,152,185,0,90,76,239,216,143,123,206,126,72,104,218,161,197,185,17,147,182,203,123,156,118,165,55,89,57,125,23,38,145,142,202,129,71,69,135,129,206,49,255,147,94,0,164,54,148,124,64,100,59,237,255,129,255,0,0,134,205,224,3,52,0,20,82,111,42,135,193,237,153,111,10,255,87,144,99,0,113,130,0,0,176,211,47,105,255
155,26,181,80,255,78,131,96,145,226,104,166,133,117,137,135,53,195,206,76,43,238,0,104,18,132,76,249,192,191,168,54,166,125,72,255,108,65,169,125,111,252,0,190,102,177,226,140,183,197,206,78,57,215,111,210,128,52,248,219,255,126,74,194,174,90,163,0,118,75,89,185,184,210,156,37,2,105,115,126,70,188,255,217,0,117,91,63,176,110,255,73,145,168,0,242,55,0,66,255,26,0,179,99,0,25,201,94,177,240,255,222,134,25,255,125,255,85,0,166,137,3,0,73,214,39,98,255
157,22,144,68,221,42,144,88,109,174,172,106,72,224,167,156,131,184,142,93,45,255,121,57,41,182,134,234,161,136,194,118,134,77,146,201,206,0,171,117,160,106,19,146,0,220,255,169,112,180,133,81,93,119,219,214,225,25,159,154,78,84,92,227,48,182,156,6,131,0,0,183,171,60,151,0,42,229,17,203,12,228,195,21,50,154,101,227,22,101,76,106,137,255,81,222,0,0,214,187,255,24,0,67,126,31,53,98,136,200,152,196,203,73,241,84,228,119,30,213,89,0,0,50,255,14,0,255
158,16,146,128,206,0,91,43,134,151,125,125,170,120,185,61,97,185,211,101,57,198,60,51,15,157,92,159,227,168,148,145,130,101,84,231,120,29,6,64,85,236,0,140,109,226,126,106,115,206,111,63,79,175,165,179,121,39,102,168,228,95,110,164,136,82,148,111,135,0,61,128,143,242,215,201,139,74,98,225,164,255,69,28,0,151,125,149,226,47,156,48,173,226,0,173,111,0,168,117,169,14,155,30,0,126,255,25,158,101,255,175,39,98,130,40,111,101,0,102,130,254,0,152,194,218,180,255
160,25,135,67,228,33,135,96,118,183,157,81,101,216,145,147,145,184,140,73,66,255,117,81,33,193,159,255,91,162,180,119,157,60,137,253,185,0,198,150,170,59,53,156,0,254,255,148,107,180,175,53,105,56,196,255,220,53,161,92,103,55,85,226,10,131,142,0,68,0,9,162,218,52,173,56,3,220,102,236,83,255,193,43,15,89,196,167,54,57,63,147,182,255,96,201,36,0,216,104,255,65,21,5,153,0,43,90,101,165,121,107,18,61,108,0,213,141,29,209,156,0,0,26,255,48,0,255
162,29,133,64,241,41,135,96,96,186,171,67,68,237,151,137,143,188,171,78,72,255,126,86,8,228,132,255,126,191,200,137,142,98,117,212,209,0,173,166,177,64,34,106,0,217,224,183,171,232,175,64,150,64,201,239,240,0,126,169,105,84,35,247,42,171,130,0,80,48,0,195,230,45,177,71,0,185,103,255,11,255,195,37,0,59,225,163,10,100,44,126,248,255,83,197,14,0,255,101,255,87,0,92,165,0,72,124,147,249,123,129,78,23,86,103,235,104,32,142,167,88,91,8,255,192,0,255
155,29,150,39,255,90,145,105,99,205,144,125,38,231,187,159,50,186,155,62,44,255,114,39,30,246,104,255,120,130,228,84,188,127,53,215,141,96,124,91,133,169,12,124,45,196,216,156,183,205,153,116,125,130,230,227,236,59,199,255,128,58,135,255,139,27,247,89,206,0,0,204,239,44,77,0,23,196,37,255,0,255,241,35,0,0,169,255,30,255,0,153,175,255,163,255,0,0,250,170,183,0,0,0,13,149,80,245,155,255,213,133,47,0,42,52,255,245,0,152,171,19,59,146,255,0,10,255
159,31,145,52,248,68,151,97,99,212,159,77,105,208,152,141,96,193,160,109,56,255,127,78,36,173,188,255,161,139,131,108,103,58,149,245,199,0,204,177,136,69,0,181,0,158,217,132,197,255,228,109,140,99,151,249,228,28,204,146,161,84,29,255,55,204,205,18,79,0,18,236,255,81,132,45,0,203,140,255,0,154,181,1,0,89,215,222,91,103,31,247,193,230,65,209,82,0,168,92,255,0,8,33,148,60,53,131,114,255,33,191,45,58,174,72,210,116,0,109,173,84,35,109,255,68,0,255
160,26,144,65,241,60,149,80,120,200,145,91,132,167,108,110,102,170,134,135,56,244,85,55,48,159,160,210,125,150,111,91,109,62,154,255,179,0,135,185,162,96,36,139,0,207,209,103,152,206,205,128,76,101,175,235,209,74,192,78,191,100,37,255,75,173,255,0,58,0,63,217,255,174,128,53,39,185,93,198,154,131,171,69,0,68,82,111,142,34,133,213,160,215,55,207,143,0,71,140,188,0,97,8,40,137,77,137,92,255,129,188,38,153,172,0,119,64,47,194,215,37,0,119,255,73,0,255
153,27,147,48,255,90,154,93,114,230,156,102,108,235,166,141,81,180,132,114,29,255,88,86,86,179,141,255,130,82,148,116,127,113,143,255,180,0,141,183,171,94,0,192,0,187,243,179,170,249,194,96,78,141,195,255,207,0,255,152,225,62,31,255,45,115,211,36,152,0,31,189,255,125,86,0,109,223,52,239,4,148,201,47,0,127,77,221,77,109,76,218,151,200,82,211,15,0,210,127,255,0,104,53,0,171,71,85,141,235,143,138,67,75,199,4,219,115,18,168,193,0,0,83,255,59,0,255
152,29,151,50,255,103,155,93,103,243,163,112,98,239,194,143,70,186,127,121,30,255,77,106,116,174,139,255,107,58,164,128,132,139,119,244,182,32,151,155,138,89,0,223,0,149,227,195,191,246,214,68,91,144,157,241,201,9,255,184,212,45,89,255,67,116,189,87,171,0,79,197,255,134,49,16,118,252,5,231,0,160,189,53,16,136,104,226,127,189,89,193,102,232,60,206,0,0,247,125,255,0,142,163,0,194,47,103,150,255,201,144,55,76,196,0,255,157,0,169,107,0,0,124,199,44,0,255
155,28,151,45,254,94,150,114,121,229,156,114,110,232,160,147,106,186,112,114,66,255,120,108,96,147,169,255,101,114,142,81,153,103,146,255,162,16,195,126,168,79,0,225,0,167,255,162,126,235,211,83,85,113,217,232,216,14,255,149,190,17,88,255,3,140,241,22,136,0,48,191,255,45,64,0,81,246,48,255,58,219,237,49,0,113,102,191,117,116,30,245,107,250,68,216,36,0,169,131,255,0,167,39,45,191,23,129,66,255,138,133,82,62,181,2,255,187,0,223,123,0,0,94,255,0,0,255
156,29,172,65,255,74,130,96,120,203,110,126,90,180,175,137,47,203,96,39,1,244,82,142,52,249,107,199,177,100,200,103,179,187,103,247,120,75,73,160,101,202,16,111,80,128,149,147,127,230,51,87,99,255,122,231,133,9,194,222,212,75,48,255,157,98,174,115,227,42,9,97,182,82,130,0,82,131,78,164,80,216,255,120,24,61,154,207,106,178,49,75,121,197,6,255,0,0,209,255,176,0,180,102,24,236,71,227,106,227,255,177,135,0,175,60,141,92,0,80,246,0,0,198,255,102,126,255
153,19,147,68,225,29,132,99,125,189,128,120,155,204,118,114,126,179,144,87,43,255,101,77,72,152,175,255,160,100,85,94,137,0,140,255,187,0,137,190,184,138,6,221,0,230,255,146,104,255,139,46,39,140,104,255,190,66,146,170,215,102,0,223,39,119,226,0,35,0,0,181,237,158,228,67,135,255,126,253,0,153,180,0,0,177,119,255,33,30,23,66,71,164,68,169,152,0,186,98,244,0,153,44,13,121,151,60,0,174,57,218,99,117,255,0,163,18,0,108,226,48,0,130,255,188,32,255
160,22,161,95,240,43,136,101,141,189,99,137,154,131,125,127,114,159,149,91,63,203,87,111,26,157,93,226,181,149,121,60,116,51,111,255,173,3,151,183,140,197,0,105,3,223,190,118,134,200,177,63,59,144,206,237,216,22,164,64,255,87,118,202,81,134,187,0,57,0,49,255,181,245,95,89,41,193,159,206,152,111,126,121,0,100,135,146,255,16,201,94,86,146,0,222,182,0,39,199,108,0,141,52,93,100,82,1,124,250,118,232,26,139,241,6,205,158,0,113,219,68,0,57,247,82,84,255
163,24,146,108,213,24,113,48,127,165,135,101,140,138,190,97,83,182,158,106,35,222,54,95,44,214,142,221,225,175,112,164,43,103,141,230,211,0,68,128,88,143,22,151,0,157,126,100,175,224,208,148,84,133,157,221,171,33,93,113,210,106,86,255,125,142,157,87,139,66,42,155,251,170,148,48,33,107,114,99,182,154,125,100,31,164,209,147,146,59,164,17,227,255,3,168,0,0,215,179,255,0,57,89,213,124,104,80,109,255,154,161,0,142,173,34,117,103,0,208,233,47,0,120,255,152,155,255
158,36,182,82,255,59,117,70,134,220,97,177,140,144,125,128,71,231,192,21,0,255,70,153,12,170,27,238,184,148,165,132,212,169,15,255,69,62,0,114,97,255,0,180,141,222,200,126,163,242,81,31,126,255,171,255,104,92,255,168,255,74,114,179,105,69,223,108,175,0,36,194,73,118,90,0,35,57,125,233,166,210,146,152,0,7,27,146,250,139,147,11,251,185,0,225,0,0,111,161,93,0,97,80,0,112,114,190,143,255,255,214,45,65,239,81,202,82,0,187,236,140,0,141,255,115,150,255
159,21,140,81,242,43,121,80,127,183,134,131,107,157,127,133,139,113,125,51,76,253,111,49,66,207,128,207,141,139,177,78,122,62,149,255,94,0,88,136,150,148,0,78,0,185,255,148,64,158,169,19,14,131,241,212,249,0,192,71,137,42,153,161,65,93,144,0,151,0,79,209,217,75,191,74,33,255,44,255,26,169,85,38,67,136,134,121,146,0,143,166,191,255,27,202,165,0,145,233,210,67,9,0,81,96,58,61,235,147,87,242,0,140,187,76,243,197,29,91,155,82,0,53,255,162,33,255
164,29,158,103,253,43,122,108,149,200,119,128,171,127,102,112,160,157,166,80,46,250,113,112,41,174,130,192,135,183,136,74,159,51,159,255,103,11,160,140,181,165,0,194,6,255,212,57,68,138,157,64,55,136,187,255,226,53,244,62,255,92,141,188,62,144,247,0,126,0,133,245,223,180,130,94,46,216,124,241,143,150,37,98,28,83,124,132,253,0,187,121,132,132,0,155,135,0,0,110,202,8,82,87,73,140,59,104,175,209,161,183,0,164,153,90,106,188,0,87,233,114,0,123,255,120,8,255
153,29,153,47,255,80,155,118,120,229,146,116,138,255,122,130,138,184,140,117,67,255,135,89,50,136,175,255,105,129,95,57,153,24,173,255,160,0,199,139,179,135,0,255,0,255,255,127,155,240,172,80,60,123,190,255,218,49,255,184,220,100,40,255,0,95,255,0,103,0,9,231,255,133,77,0,133,255,87,255,0,203,155,31,0,133,3,218,97,79,0,148,122,184,149,161,134,0,114,66,121,0,190,0,0,64,85,194,42,227,81,49,38,0,255,25,250,193,0,199,255,0,0,203,255,0,0,255
157,22,152,67,234,41,153,84,117,180,135,135,120,210,139,143,117,178,140,88,34,255,85,64,35,177,148,255,172,115,145,111,134,50,143,252,166,0,173,166,186,117,12,179,0,221,255,148,160,234,115,113,91,191,144,255,222,44,170,165,184,125,47,194,44,153,178,0,87,0,24,196,251,180,191,47,104,210,105,134,15,176,229,54,0,163,76,231,44,36,60,68,118,242,73,253,109,0,104,160,255,4,59,105,55,50,133,47,58,232,88,147,159,80,255,40,169,46,0,163,207,30,0,166,255,67,0,255
155,31,182,55,255,113,155,98,108,238,86,184,58,186,196,171,42,244,150,23,6,219,63,74,52,243,11,255,200,99,208,115,218,193,37,255,128,101,87,173,107,228,11,129,79,173,208,185,196,255,45,82,122,255,97,255,100,70,255,255,255,39,142,255,101,52,241,207,215,46,43,183,182,127,170,0,59,91,12,99,89,149,255,141,0,30,133,218,114,232,113,17,234,180,11,255,0,0,161,255,156,0,94,183,0,194,70,255,106,255,255,234,137,0,212,158,178,163,0,231,255,0,33,181,255,0,94,255
158,30,171,59,255,65,138,89,143,216,120,125,127,169,146,128,82,192,155,57,18,255,81,105,22,214,92,220,172,124,148,101,160,117,142,255,116,40,96,207,145,165,0,112,70,145,251,143,133,255,101,65,156,255,153,255,198,0,197,201,253,132,60,187,65,157,189,10,132,22,41,205,217,136,103,0,53,132,165,179,155,142,206,92,0,126,66,130,144,69,111,68,217,172,78,235,0,0,113,255,76,0,119,0,0,160,97,95,115,255,157,98,142,0,255,114,255,157,0,165,255,42,0,179,194,72,82,255
157,35,175,65,255,87,117,88,125,238,105,150,83,158,162,136,12,195,190,18,21,255,46,105,41,192,43,235,158,96,195,149,140,217,15,255,49,87,39,216,112,208,0,98,236,182,205,198,174,225,140,1,120,255,137,255,110,49,211,255,255,123,88,148,124,99,134,102,146,88,70,235,138,115,117,2,19,95,99,124,85,231,255,191,0,38,109,140,136,160,131,36,255,145,99,207,0,0,129,255,55,0,70,93,0,247,156,123,175,255,255,168,106,0,255,170,255,199,0,93,236,93,53,115,151,53,254,255
158,28,175,77,255,63,112,74,136,200,98,149,99,110,185,142,45,240,169,13,16,248,78,128,7,203,58,205,194,144,152,125,184,234,51,255,125,45,0,221,107,255,0,119,143,150,201,176,146,255,86,30,140,255,137,255,135,83,145,177,205,97,71,255,129,111,122,166,182,67,38,129,27,135,187,0,0,108,109,176,166,248,255,101,0,71,160,112,169,195,129,0,255,241,0,249,0,0,226,255,177,0,26,67,47,184,130,241,128,255,255,204,66,0,205,80,255,93,0,159,136,45,0,195,255,99,253,255
157,29,160,27,255,103,146,91,89,226,115,164,13,232,209,170,27,226,131,45,42,240,117,89,53,255,85,255,123,69,191,127,201,232,0,227,54,164,0,96,122,177,6,65,178,159,121,187,151,228,70,98,155,188,245,178,197,79,153,255,168,78,158,255,168,0,227,162,252,46,34,78,169,14,72,0,82,141,90,255,0,255,255,148,0,0,183,255,67,255,0,63,255,255,152,255,0,31,255,255,130,0,75,84,0,255,109,255,66,230,157,190,139,0,72,0,247,199,0,0,255,54,49,131,255,0,215,255
160,30,175,69,255,81,152,44,106,216,135,141,66,212,165,125,16,186,167,65,2,233,134,106,26,204,34,227,182,91,209,156,125,155,0,255,94,71,107,148,75,187,76,136,204,179,155,234,151,255,147,100,170,255,111,151,154,98,114,205,191,0,154,254,188,42,128,172,240,61,73,164,127,180,136,4,25,103,79,183,78,127,123,166,25,7,173,206,134,79,50,124,129,255,172,255,104,0,201,255,157,0,83,124,53,46,79,211,220,197,246,136,42,0,177,164,145,102,0,108,235,86,0,56,170,41,196,255
154,24,153,58,255,68,159,71,98,214,131,128,86,178,192,149,46,186,142,96,15,252,84,74,57,226,95,190,147,99,185,151,95,157,127,245,196,25,70,223,128,162,0,146,71,159,175,189,181,255,104,90,136,229,123,170,118,62,196,178,164,58,102,255,110,88,160,117,216,0,5,147,211,154,195,0,59,187,56,169,0,187,207,79,0,87,105,254,142,139,45,131,110,245,41,193,0,0,245,230,255,0,95,106,0,40,78,0,221,255,240,149,175,0,238,46,209,52,0,165,194,0,0,139,254,68,0,255
154,24,169,78,246,50,130,63,126,198,104,161,140,147,170,116,53,220,190,69,25,206,40,95,9,180,74,251,188,128,136,141,172,160,74,255,153,12,91,137,75,210,0,182,18,172,197,114,207,255,130,67,120,255,53,231,148,55,200,215,255,156,117,253,127,63,178,119,106,0,25,128,172,225,220,23,73,102,126,172,136,231,208,109,0,196,117,76,134,104,125,0,156,235,32,255,30,0,182,201,170,0,159,57,13,47,196,31,72,255,255,249,122,43,255,77,211,73,0,159,188,0,0,196,189,59,6,255
155,22,152,72,237,22,122,89,135,172,125,113,160,169,131,82,113,174,175,73,19,255,87,94,39,185,154,249,162,126,137,111,141,65,130,255,158,0,91,185,183,178,7,149,1,208,255,107,134,249,84,76,75,188,134,255,208,12,133,181,255,139,0,132,52,150,207,0,28,0,0,159,255,143,164,83,159,122,175,145,123,176,213,0,0,205,82,208,58,37,59,3,148,169,61,212,63,0,120,146,143,0,138,22,0,97,192,18,0,215,64,171,156,78,255,10,159,53,0,78,255,41,0,163,210,214,69,255
157,33,203,85,255,53,104,104,144,205,109,152,151,111,123,116,74,241,211,62,38,210,5,130,0,143,24,235,226,187,111,120,184,161,64,255,139,45,92,166,99,255,0,216,49,152,139,26,203,255,174,46,139,255,124,255,158,91,231,172,255,164,2,233,112,168,160,0,112,42,52,147,178,117,77,0,19,0,126,213,178,255,255,190,0,128,105,59,255,196,255,0,93,61,0,255,89,0,79,218,67,0,191,92,0,107,251,205,98,255,255,255,183,0,255,138,255,46,65,165,211,128,0,119,203,108,44,255
165,38,188,107,252,49,94,62,123,193,93,116,130,134,121,119,92,177,184,39,0,243,72,144,0,203,79,203,205,173,182,172,127,172,14,255,78,13,62,90,12,255,0,191,87,140,195,139,94,255,88,68,196,217,119,219,178,33,233,140,246,123,89,232,231,120,123,143,205,63,155,117,153,69,120,46,0,32,163,158,97,255,100,155,0,26,70,127,216,255,209,61,255,163,84,138,88,0,79,255,117,0,57,133,83,169,156,196,153,255,255,255,39,181,200,200,205,52,0,25,218,156,47,147,255,255,171,255
162,36,184,54,255,87,96,69,130,255,109,155,37,211,195,160,87,222,194,71,3,255,130,147,71,237,0,255,197,66,155,193,173,255,0,255,23,75,50,130,46,240,0,47,255,177,171,216,132,212,99,3,212,255,203,211,152,26,149,236,200,165,129,84,93,125,71,198,224,144,0,167,51,35,137,78,0,74,181,252,148,255,255,168,0,0,100,143,153,255,0,10,255,200,109,223,0,0,255,255,10,0,45,83,0,198,118,254,129,255,161,51,82,0,145,109,255,123,0,0,255,3,0,169,49,97,255,255
152,30,159,43,255,87,141,56,101,215,114,119,39,218,158,117,38,163,206,61,0,218,62,69,68,240,0,255,124,45,242,228,160,152,0,255,60,79,99,138,117,140,0,79,210,255,110,187,255,255,147,91,101,227,150,246,209,0,233,255,166,161,148,164,175,35,108,104,130,53,0,137,216,160,205,85,108,105,151,203,47,176,255,22,0,0,144,151,114,209,0,53,187,158,255,255,0,0,184,239,54,0,0,124,0,120,215,71,180,255,255,255,148,0,177,255,205,156,0,169,199,0,134,105,0,103,101,255
151,22,158,61,250,74,148,72,109,204,105,163,77,172,171,139,50,174,173,57,9,226,83,73,49,238,44,226,131,92,243,157,154,153,24,255,110,64,95,108,114,197,37,105,131,222,143,172,205,253,87,93,56,205,125,171,168,16,151,237,197,76,169,250,174,0,107,116,208,32,52,88,184,184,199,25,58,181,106,164,0,218,255,100,0,62,153,203,152,141,67,56,137,217,74,255,0,0,174,255,227,0,131,103,18,89,147,55,126,165,255,198,110,0,228,41,155,152,0,172,91,0,19,137,183,32,56,255
165,22,154,132,222,0,115,73,135,139,141,119,157,111,179,99,131,175,181,100,70,225,60,76,0,159,92,168,241,186,152,147,71,58,109,255,164,43,74,92,114,210,0,173,42,190,129,101,161,173,182,113,136,190,193,199,183,88,77,67,223,155,118,171,134,176,142,40,115,0,94,204,162,204,156,189,89,124,147,158,129,229,4,64,18,161,149,153,207,0,174,48,183,246,0,142,151,0,99,162,248,48,83,31,92,56,157,53,169,152,194,161,77,148,233,136,129,108,4,72,197,221,0,153,255,179,127,255
156,22,144,71,235,33,132,92,122,193,136,114,169,221,100,83,152,173,152,116,66,255,111,88,51,127,166,255,106,130,61,71,117,0,163,255,200,0,200,218,184,147,0,226,0,255,255,158,149,231,131,73,4,116,166,255,198,53,213,147,226,147,16,194,17,132,255,0,18,18,6,238,255,182,181,107,164,224,105,223,15,185,138,0,0,188,0,177,38,56,24,11,148,151,70,92,198,0,95,65,156,46,205,15,0,55,177,159,0,231,0,144,46,124,255,0,134,41,0,30,255,0,0,216,255,200,0,255
172,21,142,126,230,7,98,82,149,168,114,95,171,84,139,115,114,126,192,119,61,215,40,64,64,142,160,184,194,209,138,137,26,59,132,255,151,0,61,115,129,198,0,199,39,205,173,74,180,224,204,80,115,153,235,215,255,32,104,109,255,155,0,144,98,175,213,27,30,0,159,255,255,152,138,148,24,106,118,102,192,169,0,29,31,131,230,105,195,0,220,104,199,236,0,237,219,4,24,180,149,78,12,108,121,225,6,83,172,222,76,188,45,207,141,47,122,255,34,58,223,175,80,84,204,255,174,255
157,20,127,92,235,11,122,58,100,180,141,97,182,140,101,82,133,118,215,83,40,255,82,41,68,162,155,193,150,142,102,126,78,12,138,255,174,0,110,164,151,102,0,142,3,231,239,94,147,202,178,61,40,111,169,255,214,32,178,112,177,94,89,174,70,70,241,0,59,0,75,177,255,209,129,205,72,93,48,236,77,226,8,31,3,121,117,153,255,0,141,111,188,255,16,104,255,0,53,90,86,134,137,0,51,0,166,0,110,205,120,172,0,255,247,0,172,169,3,83,193,218,1,77,255,149,19,255
154,15,136,116,203,0,95,27,128,164,149,147,167,111,208,55,107,179,255,80,40,219,45,50,59,169,91,188,206,146,172,191,127,78,66,222,125,8,0,42,80,195,0,138,78,230,111,112,175,237,124,59,92,178,203,196,140,0,94,166,238,116,135,191,70,63,165,100,168,0,114,110,201,173,219,167,134,18,63,172,158,214,85,0,0,194,132,86,255,64,208,0,255,240,19,204,63,0,148,120,254,57,140,0,73,59,243,0,110,194,255,156,0,81,253,72,103,180,0,204,80,228,0,124,135,235,190,255
156,15,155,116,222,24,89,68,147,173,126,135,167,108,131,66,80,170,219,76,55,159,65,123,49,204,46,192,185,123,134,132,127,118,61,255,141,0,46,98,39,217,0,131,73,241,136,96,167,248,99,68,66,117,197,255,172,0,158,122,255,150,128,216,139,40,176,16,99,0,66,208,248,215,49,133,33,51,66,192,177,155,127,69,12,172,159,30,255,101,192,0,118,95,59,215,121,0,0,169,54,54,123,22,151,233,239,41,147,255,255,255,0,229,226,57,246,202,0,148,179,178,0,0,182,126,221,255
156,28,147,51,252,61,153,91,110,215,142,103,148,218,96,138,143,184,152,104,60,255,149,91,27,129,166,255,96,151,78,53,141,47,183,255,159,0,235,229,171,93,5,255,0,237,255,137,163,255,168,110,45,129,167,255,202,73,255,150,177,67,65,255,0,121,255,0,101,0,44,208,255,156,168,91,88,182,75,255,28,217,207,13,0,150,56,134,111,66,0,161,146,225,141,203,213,0,68,62,145,45,137,9,0,0,143,141,71,255,36,129,45,82,240,9,216,119,0,180,217,30,0,151,255,0,0,255
157,26,166,75,255,63,134,97,137,195,106,139,131,142,157,126,86,198,148,67,4,232,64,124,60,188,114,220,192,129,153,94,156,116,126,255,179,36,117,175,176,180,0,172,28,185,222,109,160,255,140,74,89,235,147,255,178,51,215,169,255,128,74,255,102,102,213,65,127,0,73,161,185,226,152,0,74,103,127,171,162,154,237,89,0,102,141,127,175,68,124,72,173,187,13,238,14,0,56,220,234,0,153,119,98,180,90,87,56,222,210,205,101,51,233,133,179,151,0,167,186,0,0,173,255,114,65,255
152,27,160,50,255,87,153,101,118,226,114,143,107,194,155,153,82,178,140,47,22,255,62,79,74,216,73,253,151,75,212,108,146,125,64,255,119,14,100,210,187,179,0,93,85,210,175,200,107,242,93,81,28,255,122,255,163,38,206,255,255,37,55,215,89,54,177,53,173,55,29,205,255,168,132,5,120,204,145,115,0,105,255,51,0,64,77,255,54,88,130,95,194,168,66,255,0,0,175,235,134,0,92,192,0,198,87,0,65,243,207,199,143,0,255,0,233,132,0,170,171,0,0,92,255,55,87,255
152,23,134,39,254,89,151,84,101,227,163,100,96,231,125,156,108,174,130,118,53,255,58,70,96,173,121,237,130,89,142,132,122,112,133,255,212,11,143,203,169,82,0,198,0,192,228,189,159,255,156,69,65,149,217,208,160,0,255,139,161,46,64,255,0,124,217,16,154,0,56,232,255,88,132,14,81,253,0,255,0,171,161,0,4,119,82,187,90,103,25,224,147,210,78,212,97,0,209,75,255,0,111,12,57,114,69,61,163,255,138,168,46,122,175,0,255,119,75,185,74,0,0,141,255,0,0,255
152,24,150,50,255,82,159,81,107,223,132,124,86,212,165,139,77,176,129,99,0,228,56,67,107,230,62,179,158,37,190,145,137,108,118,255,160,30,35,194,152,132,0,106,49,162,202,186,135,255,70,39,92,233,205,250,127,0,255,192,184,78,79,198,65,76,195,73,129,0,30,204,255,146,100,0,111,215,48,195,0,89,164,46,0,121,39,216,81,97,35,154,180,139,96,211,56,0,224,163,178,0,86,64,0,138,78,13,195,255,140,195,163,29,255,40,255,67,0,147,202,0,0,134,140,126,0,255
152,26,141,38,255,88,147,77,74,212,144,122,35,214,206,168,27,200,120,125,0,255,73,63,159,244,70,171,107,24,194,163,81,184,89,205,167,66,49,132,174,99,0,140,37,112,153,135,148,255,130,50,255,174,211,148,151,55,200,255,106,0,151,245,154,11,175,178,255,0,100,98,255,94,143,0,25,166,34,255,0,238,180,141,19,0,230,255,200,229,0,255,110,255,162,188,30,0,255,127,231,20,37,71,0,61,110,195,210,226,255,115,32,13,0,0,255,121,0,105,169,210,0,133,255,115,0,255
156,26,183,87,255,58,109,125,120,196,95,145,92,117,147,118,67,207,110,24,0,168,69,108,41,255,4,128,205,115,221,128,194,187,52,255,119,51,61,192,67,255,32,30,87,255,87,54,159,238,0,83,41,254,49,255,56,40,224,202,204,81,66,255,56,13,156,76,200,0,50,94,255,83,222,0,62,21,42,126,98,203,255,94,56,41,225,137,143,226,152,0,33,0,64,255,0,0,48,255,76,0,138,175,138,236,249,255,75,246,255,255,93,0,62,123,66,0,0,111,233,51,2,61,240,99,0,255
164,30,185,105,233,38,119,87,143,182,127,119,81,147,158,112,127,198,138,62,43,208,91,113,0,223,33,191,154,165,211,211,105,187,62,255,118,18,99,154,90,233,65,90,133,203,90,109,126,232,81,132,145,161,109,168,114,83,73,179,233,133,114,223,156,127,50,111,223,55,66,55,148,144,161,109,85,102,149,99,110,234,151,126,71,86,98,188,75,166,140,0,255,156,113,255,0,0,168,255,233,0,123,131,63,189,145,139,57,144,205,139,110,88,82,1,2,0,0,0,181,0,0,79,255,56,31,255
158,29,175,82,246,66,87,56,135,210,106,95,92,118,172,106,84,190,173,51,18,197,82,129,59,233,54,213,196,137,176,190,89,188,27,255,139,44,5,171,64,255,60,138,144,224,152,152,146,253,97,156,67,174,54,142,193,41,72,175,193,125,83,255,126,106,72,136,255,68,101,126,166,180,122,98,68,121,192,174,149,127,230,64,0,33,99,176,171,170,134,46,255,124,74,255,0,0,185,255,63,0,43,78,60,142,129,150,128,255,255,248,103,31,99,99,129,82,0,146,145,89,0,147,210,160,150,255
161,20,156,104,199,0,91,51,114,157,159,116,126,146,202,78,120,190,223,92,73,228,60,59,11,213,102,169,222,227,202,232,37,128,90,121,94,0,11,87,141,203,112,118,129,205,99,31,173,255,60,140,176,159,134,38,141,4,0,213,197,124,36,87,80,188,69,68,255,58,27,0,183,89,255,150,127,6,124,149,147,255,172,77,0,215,156,235,141,61,120,0,255,221,0,255,0,0,150,255,255,48,224,31,64,67,255,0,41,130,255,125,255,0,255,94,41,41,39,69,153,254,57,73,255,65,50,255
159,28,201,89,255,69,105,107,160,218,88,150,129,89,152,127,76,227,181,65,63,211,6,165,0,148,17,236,207,186,100,112,179,199,77,255,166,72,60,174,119,255,0,199,78,183,168,73,215,255,170,60,172,247,143,255,215,18,199,106,255,205,78,255,125,122,150,34,79,0,80,177,164,170,85,0,0,50,164,204,200,232,230,176,0,118,118,0,255,187,255,25,154,10,0,255,46,0,68,255,62,0,118,20,1,149,192,210,132,255,255,248,72,37,250,108,255,76,36,182,164,118,24,125,226,16,108,255
160,34,184,84,251,35,78,59,143,217,125,130,133,92,157,89,40,169,255,27,43,255,3,123,0,133,79,255,213,151,164,192,123,167,0,255,56,25,0,76,88,255,0,190,231,171,174,120,147,227,177,0,252,255,177,165,177,88,129,66,255,175,0,100,148,195,55,42,81,0,17,211,0,85,85,127,0,58,200,253,52,255,42,123,0,139,65,98,186,181,241,43,255,252,119,255,0,0,181,255,0,0,0,0,0,99,205,69,239,255,255,97,65,20,231,110,255,141,115,78,108,171,13,81,146,13,194,255
157,17,140,99,203,0,121,67,128,165,139,114,162,182,108,48,143,140,176,124,55,244,97,50,43,146,197,228,186,171,93,105,85,14,158,255,190,0,150,183,189,108,0,173,0,207,255,70,153,211,72,55,101,149,145,245,235,0,123,137,206,211,43,108,103,152,255,0,38,0,0,95,255,245,238,205,147,100,72,131,153,213,141,0,2,229,77,167,94,0,105,61,219,177,49,179,255,0,100,52,193,92,178,22,0,18,219,0,107,207,11,168,211,100,255,26,106,45,0,44,224,116,0,106,187,255,79,255
166,28,152,123,249,41,95,73,167,175,151,119,159,89,123,111,104,118,226,110,23,238,101,87,37,182,68,134,172,195,158,131,156,97,64,250,45,121,62,89,111,243,0,158,147,200,133,106,124,182,133,97,34,122,160,254,132,28,209,156,255,24,120,146,177,83,103,55,255,3,199,244,182,148,206,173,0,195,191,185,138,133,74,27,34,112,128,172,181,22,120,126,255,203,45,93,5,0,74,201,243,6,0,102,67,255,160,231,207,159,255,164,0,130,57,199,75,100,0,111,190,153,9,74,255,255,190,255
152,28,159,67,255,58,140,71,101,208,105,145,98,164,139,147,42,177,164,25,0,255,99,108,82,253,27,110,135,75,255,202,136,182,26,255,100,27,47,215,124,200,87,110,113,189,78,164,85,255,38,21,45,255,103,218,72,50,145,224,162,44,74,249,177,7,111,212,195,86,119,78,166,103,255,0,0,147,150,143,0,183,237,110,0,0,208,255,167,118,4,68,255,162,123,168,47,0,226,255,186,0,76,164,0,60,158,31,103,255,255,255,59,0,255,82,167,117,0,255,113,106,10,159,255,196,142,255
156,19,153,68,217,39,141,106,147,179,126,108,158,221,104,85,131,174,113,103,49,255,127,75,63,129,179,255,170,130,83,51,171,0,180,255,175,0,141,179,195,158,0,242,0,253,255,123,70,220,120,35,35,125,165,255,212,52,182,139,188,154,0,189,5,110,255,0,68,0,0,220,240,176,177,77,161,255,99,255,1,124,140,24,0,156,58,255,30,65,32,33,46,159,119,148,131,0,230,140,146,14,141,0,0,212,158,155,32,215,0,172,100,128,255,13,137,12,0,82,255,0,0,127,129,152,0,255
153,21,157,66,244,53,137,99,142,202,103,131,150,176,97,129,125,187,138,79,27,236,67,105,74,182,156,238,196,140,87,89,128,57,119,255,153,0,175,210,142,144,12,200,0,188,233,153,132,255,141,47,54,228,127,241,175,68,136,163,255,99,0,227,76,130,245,29,54,42,69,185,246,178,203,5,72,206,161,176,58,83,255,55,0,134,170,244,123,0,45,101,116,132,0,243,104,0,136,110,186,0,232,93,10,173,115,70,0,255,143,255,94,72,255,43,158,89,0,233,233,33,0,170,255,119,29,255
166,33,175,95,241,61,125,68,138,173,101,97,95,155,169,157,80,227,101,70,0,251,83,108,65,237,103,205,239,118,193,112,146,102,150,228,111,67,111,83,125,203,28,151,55,127,154,134,115,205,136,148,121,194,138,202,132,45,115,146,222,112,67,223,193,146,100,147,255,126,73,167,126,233,144,37,34,86,192,124,74,156,175,193,4,80,233,182,170,65,107,127,229,229,27,189,0,77,179,255,164,0,46,146,141,225,0,255,102,186,255,169,42,41,86,143,9,44,0,133,204,97,0,183,255,186,182,255
172,46,200,81,255,89,100,63,122,198,124,59,44,208,191,137,135,225,125,61,43,255,129,119,36,243,74,255,163,134,150,196,139,160,63,205,97,122,119,88,98,246,0,98,125,116,156,160,154,236,109,168,147,94,112,176,213,36,172,234,239,115,110,171,185,167,120,157,255,163,53,33,188,190,88,85,68,42,136,167,77,251,169,255,0,22,150,255,160,235,25,27,255,241,49,195,0,162,223,245,92,0,104,205,4,229,122,255,184,197,255,206,38,79,102,112,109,2,0,76,171,123,0,173,255,72,245,255
164,30,200,57,255,98,109,85,122,231,73,193,39,142,218,165,107,245,126,24,9,221,146,161,0,255,51,223,206,100,150,128,192,255,0,255,155,185,0,227,151,255,75,67,189,161,214,241,202,203,0,174,103,224,94,255,125,66,77,211,242,97,220,255,70,80,112,223,255,81,107,19,124,123,149,0,0,9,30,147,214,239,255,125,3,4,159,196,127,255,47,0,255,163,0,255,0,70,255,255,65,0,20,228,94,144,126,255,83,137,177,178,48,0,106,9,86,70,0,16,255,59,0,222,255,63,231,255
156,35,191,82,255,85,113,76,134,227,73,179,91,170,148,166,45,225,194,0,0,255,67,123,22,179,11,255,184,108,217,155,193,208,20,255,74,88,30,95,55,255,0,171,207,184,212,170,224,241,85,7,107,255,44,255,71,68,230,255,255,80,82,214,185,23,95,234,197,63,5,183,70,151,164,0,0,70,86,201,123,226,255,233,0,22,84,105,72,170,149,60,255,155,30,208,0,0,131,246,97,0,24,115,0,215,145,152,201,255,255,255,102,0,255,184,255,82,0,136,155,53,0,149,255,43,199,255
168,38,182,135,255,56,79,103,162,229,101,131,117,65,138,119,73,177,224,28,26,255,43,156,45,156,64,178,181,189,157,157,127,195,73,255,85,37,0,170,114,255,0,252,255,140,192,61,195,164,155,0,134,206,219,255,97,43,183,13,255,156,39,215,255,157,43,78,148,21,137,255,35,121,51,81,0,98,112,253,62,255,148,250,0,92,204,0,255,255,246,0,255,150,0,116,0,0,0,206,117,0,0,66,0,255,145,184,255,255,255,255,1,184,102,34,255,207,23,0,30,165,18,112,255,134,255,255
156,37,185,61,255,118,176,98,90,250,77,201,47,229,205,215,24,255,148,6,0,252,91,82,55,249,14,255,176,73,236,147,218,237,37,255,75,100,117,156,90,225,0,196,138,155,120,197,191,255,80,62,72,255,86,255,71,169,255,255,253,32,211,255,149,0,208,255,255,80,22,158,226,170,140,0,21,148,0,192,0,255,255,255,0,43,148,255,36,255,38,35,255,255,59,255,0,0,255,201,254,0,81,255,0,193,61,255,148,255,255,255,131,0,206,107,115,114,0,63,234,0,71,224,255,0,98,255
165,25,160,129,234,21,88,72,132,176,119,155,160,67,151,103,65,156,201,93,64,233,29,89,14,144,85,191,170,205,176,120,80,149,85,255,134,23,0,111,101,255,0,195,91,223,147,100,189,202,204,78,105,146,144,152,146,70,141,96,255,165,153,130,210,112,124,18,134,5,100,231,165,255,159,204,0,166,75,184,144,255,82,147,46,185,202,17,237,123,237,0,218,255,10,192,37,0,41,217,130,37,60,52,2,132,182,25,176,173,255,226,0,183,198,40,158,171,21,12,131,184,17,81,255,166,171,255
153,21,158,67,251,60,132,81,118,199,136,134,139,145,165,117,47,182,150,73,15,233,70,115,69,210,87,142,173,115,153,154,129,154,113,234,146,23,53,197,102,195,77,130,48,148,91,118,143,255,75,53,120,235,45,178,122,62,154,180,244,54,68,255,86,76,149,73,208,3,76,87,189,173,204,0,49,157,158,157,74,122,235,22,33,99,174,213,173,74,74,71,142,156,0,239,0,0,214,255,255,0,187,53,56,143,158,74,91,255,255,163,92,1,211,17,147,81,0,165,156,45,0,149,226,122,8,255
160,16,138,104,218,59,110,78,131,187,149,91,146,161,103,81,114,143,154,159,48,251,66,78,90,200,147,144,163,114,152,154,70,86,144,166,135,18,139,102,177,133,69,148,44,111,153,128,110,197,155,167,93,70,123,179,146,45,95,156,187,85,88,255,102,143,154,0,60,163,99,174,249,255,206,155,30,250,126,151,76,24,61,95,0,88,62,219,121,56,224,163,65,140,101,108,94,0,187,140,198,87,60,34,107,101,129,103,62,226,192,153,13,175,216,0,144,104,57,113,151,211,0,123,240,182,63,255
175,8,146,96,214,75,76,129,148,175,151,51,119,146,101,35,108,239,197,194,0,208,99,178,68,153,150,186,123,68,193,131,106,82,139,130,139,119,184,135,115,174,31,143,124,164,133,92,125,110,127,93,128,78,86,149,124,106,113,206,129,122,120,95,175,166,80,125,145,135,147,110,128,187,138,154,132,137,92,168,98,193,153,132,93,101,139,201,146,87,62,144,94,112,110,171,87,52,122,211,204,123,120,115,105,183,82,113,170,126,179,135,65,137,70,55,150,184,49,217,102,114,102,85,173,150,70,255
175,8,146,96,215,75,76,129,148,175,151,51,119,147,100,35,109,238,197,194,0,208,99,178,68,152,150,185,123,68,193,131,106,81,139,130,139,120,184,136,115,174,31,143,123,164,133,92,124,110,126,93,128,77,86,150,125,105,113,206,129,121,121,96,175,167,81,125,144,135,146,111,127,187,139,154,132,137,92,168,99,194,153,131,92,102,138,201,146,87,62,145,95,112,110,171,88,51,122,211,206,122,120,114,105,183,83,113,170,128,179,136,66,137,71,55,148,184,49,217,102,115,101,84,171,148,69,255
175,8,146,96,215,76,77,129,148,174,151,51,119,147,100,35,109,238,197,194,0,208,99,177,69,152,150,185,123,68,193,131,106,81,139,130,138,120,184,136,114,174,31,143,123,164,132,91,124,110,126,93,128,77,86,150,125,105,113,205,129,121,121,96,174,168,81,125,144,135,146,112,127,187,139,154,132,137,93,168,100,194,152,130,91,102,138,202,147,88,63,145,96,112,110,171,89,50,123,211,207,120,120,114,105,182,84,113,169,129,179,137,67,136,72,55,147,184,48,217,102,116,100,83,170,147,69,255
175,8,146,96,214,75,77,129,148,175,151,51,119,147,100,35,109,238,197,194,0,208,99,178,69,152,150,185,123,68,193,131,106,82,139,130,139,120,184,135,115,174,31,143,123,164,133,92,124,110,127,93,128,77,86,150,125,106,113,206,130,121,120,96,174,167,81,124,144,135,146,111,127,187,138,154,132,137,92,168,99,193,153,131,92,102,138,201,146,88,62,145,95,112,110,171,88,51,122,211,206,122,120,114,105,183,83,113,170,128,179,136,66,137,71,55,148,184,49,217,102,115,101,84,172,148,69,255
175,8,146,96,215,75,77,129,148,175,151,51,119,147,100,35,109,238,197,194,0,208,99,178,68,152,150,185,123,68,193,131,106,81,139,130,139,120,184,136,115,174,31,143,123,164,133,91,124,110,126,93,128,77,86,149,125,106,113,206,129,121,121,96,175,167,81,125,144,135,146,111,127,187,139,154,132,137,92,168,99,194,153,131,92,102,138,201,146,87,62,145,95,112,110,171,88,51,122,211,206,122,120,114,105,183,83,113,170,128,179,136,66,137,71,55,148,184,49,217,102,114,101,84,172,148,69,255
175,8,146,96,215,76,77,129,148,174,151,51,119,147,100,35,109,238,197,194,0,208,99,177,69,152,150,185,123,68,193,131,106,81,139,130,138,121,184,136,115,174,31,143,123,164,132,92,123,110,126,93,128,77,86,150,125,106,113,206,130,121,121,97,174,168,81,124,144,135,146,112,126,187,138,154,131,137,93,168,100,194,152,129,91,102,138,202,146,88,63,145,96,112,110,171,88,50,122,210,207,120,120,113,106,182,84,114,170,130,178,137,67,136,72,55,147,184,48,217,102,116,100,83,170,146,68,255
