173,12,165,120,182,84,154,105,145,171,137,117,118,128,93,37,102,65,118,147,50,253,101,86,67,189,141,107,215,163,119,110,137,148,64,100,125,90,114,67,220,166,88,217,122,224,82,153,76,78,183,155,78,102,139,59,101,57,107,130,183,158,0,157,200,132,128,123,102,198,42,243,203,255,57,109,112,255,183,87,136,76,225,232,133,71,44,255,204,28,241,94,55,178,118,167,65,62,83,188,226,140,61,110,0,91,134,166,200,203,33,121,0,116,182,225,0,171,72,69,250,69,0,142,116,39,82,255
174,15,166,95,175,49,152,135,126,206,189,66,139,100,142,30,118,42,126,157,71,193,108,59,107,136,130,198,255,157,88,62,97,86,52,175,134,48,120,121,191,158,43,168,62,200,133,124,40,81,208,106,106,93,159,37,139,0,148,200,222,167,0,197,238,222,142,80,80,148,17,190,255,255,103,151,92,191,157,205,206,145,255,180,119,102,107,215,141,47,253,151,106,210,76,188,72,22,97,110,215,36,108,125,61,95,98,154,215,255,130,101,74,42,165,103,102,220,23,169,92,0,33,121,120,8,135,255
177,10,172,89,165,53,159,144,132,173,182,81,106,104,119,57,104,50,140,182,40,224,102,75,94,145,137,173,255,135,101,81,103,113,44,133,159,62,98,71,183,165,58,191,89,206,149,121,74,70,226,17,90,97,130,23,187,51,117,190,245,157,0,178,239,160,135,67,197,183,81,200,255,255,66,165,89,224,173,172,205,157,178,173,64,91,87,198,172,52,242,79,73,108,54,129,0,40,113,55,246,187,103,194,15,5,98,227,236,255,251,183,105,0,247,96,138,227,74,212,146,82,40,146,107,0,181,255
175,11,178,81,163,54,149,158,141,172,169,87,75,126,76,44,133,71,134,190,28,255,106,51,115,186,114,150,228,124,170,80,110,116,79,205,150,42,126,122,255,162,36,245,126,194,185,120,9,113,255,0,51,123,216,0,216,28,79,152,186,231,98,151,246,141,85,12,191,225,132,171,254,191,158,87,71,193,67,255,207,164,87,201,147,49,36,90,100,65,210,50,98,104,10,128,55,14,174,82,255,208,25,205,0,76,43,231,147,255,171,169,85,67,255,145,198,120,73,232,47,109,72,208,148,0,174,255
175,12,175,76,171,34,149,164,135,172,203,65,92,119,109,88,186,73,212,206,13,218,121,71,95,163,161,125,224,123,166,60,175,98,96,159,125,92,128,78,202,149,18,172,157,179,222,135,11,130,169,0,65,53,158,33,214,75,121,192,221,174,70,213,246,157,79,20,128,189,121,84,234,224,107,182,63,193,124,255,206,129,209,146,75,21,142,187,167,72,222,76,115,178,35,192,87,36,131,69,255,199,64,115,25,0,108,176,239,255,255,145,48,0,255,142,185,180,21,255,57,21,15,176,205,0,187,255
175,11,178,82,169,53,162,140,133,186,166,82,93,119,117,34,141,57,148,168,58,209,108,69,107,158,119,171,246,148,133,82,108,106,47,172,119,70,155,102,220,151,21,168,133,201,149,127,36,120,193,15,49,106,154,11,166,21,104,185,218,162,50,178,255,152,106,81,114,182,58,118,240,247,102,155,60,151,137,214,203,144,191,218,144,71,88,205,157,70,255,105,96,146,79,191,70,24,152,132,239,148,113,181,27,57,69,91,255,255,210,182,67,16,255,105,149,159,12,192,96,38,31,181,116,0,162,255
174,12,172,89,189,34,179,161,136,137,211,57,107,136,120,117,194,93,144,189,48,190,115,85,99,118,164,157,255,135,133,54,171,83,82,156,114,85,95,112,127,145,62,125,129,198,129,134,0,187,108,0,136,90,166,106,194,11,171,193,126,165,28,166,255,159,170,85,104,31,95,151,255,248,135,194,62,255,121,157,160,115,200,147,48,44,91,202,126,76,186,73,199,158,99,175,62,19,107,64,255,130,175,126,97,38,137,240,246,255,253,117,0,6,255,113,109,196,55,255,113,14,0,38,172,0,133,255
174,19,183,102,186,7,170,143,142,98,193,43,93,130,117,116,226,112,154,208,45,207,113,63,61,151,188,108,195,91,236,112,182,61,128,162,99,138,167,70,149,162,31,66,229,161,165,162,0,185,104,0,132,93,156,158,214,48,124,199,74,122,27,141,255,237,242,77,89,30,138,154,188,225,165,160,7,167,181,166,90,48,231,94,98,57,40,102,124,61,107,201,209,144,153,255,115,0,69,54,255,148,207,147,69,57,135,192,182,255,255,196,0,33,225,229,125,102,0,255,167,16,0,118,119,0,16,255
173,19,167,100,196,5,151,155,138,133,209,45,96,138,124,100,212,109,162,190,61,217,138,65,79,115,176,131,192,152,224,63,161,92,105,198,134,93,155,93,128,177,30,75,134,184,168,124,0,203,113,0,105,105,184,127,194,0,144,161,76,175,0,197,224,255,186,72,74,68,121,142,140,152,120,195,77,246,159,202,133,71,215,79,112,60,135,104,136,75,62,141,197,153,89,227,143,7,71,105,255,124,122,152,122,89,171,228,235,255,252,183,0,82,251,172,151,79,0,178,173,0,30,78,162,11,87,255
174,15,158,114,185,29,162,107,158,120,184,61,114,161,96,113,184,106,74,167,59,238,115,100,65,147,164,145,255,138,147,73,119,18,81,100,171,59,148,70,126,125,63,145,109,230,154,143,11,152,132,99,89,129,218,232,148,20,133,85,37,191,0,140,240,233,195,50,68,48,102,255,162,255,74,85,0,221,164,80,135,37,172,168,81,104,90,102,133,0,28,179,152,103,158,224,17,0,116,160,255,161,139,93,78,160,41,227,255,255,204,128,10,87,179,178,59,255,92,255,245,0,0,44,40,0,2,255
175,18,174,95,183,59,209,98,148,205,166,66,121,173,158,40,123,74,72,147,85,189,92,68,85,193,73,213,255,144,99,60,122,33,32,182,119,73,121,132,191,142,9,167,71,200,135,152,109,64,159,182,5,119,217,152,56,0,245,67,119,183,49,160,255,132,159,122,103,108,10,200,236,255,10,0,45,254,160,185,156,30,255,255,133,80,223,248,126,28,244,187,156,172,106,255,28,4,109,255,255,46,191,102,96,175,47,140,255,255,30,143,24,44,187,205,0,255,0,255,255,0,0,105,0,0,170,255
173,17,184,91,191,77,236,104,137,251,167,79,151,181,197,21,120,22,97,140,107,177,87,54,119,198,68,240,255,210,120,32,133,53,0,151,122,169,156,108,223,84,12,220,74,161,131,115,170,11,235,174,58,53,178,121,0,0,255,89,175,140,97,159,255,110,117,200,102,215,0,159,240,255,0,59,0,255,136,255,159,0,255,255,217,75,245,255,197,111,255,255,181,170,54,255,1,40,87,255,237,0,172,160,0,48,25,51,255,255,0,162,0,28,168,255,0,255,0,202,255,0,7,0,0,0,255,255
171,15,172,93,183,57,195,116,162,204,148,67,105,153,141,68,141,26,130,127,68,174,111,33,142,147,114,195,255,194,118,18,134,39,0,196,120,76,166,116,210,43,12,186,88,196,140,48,137,73,205,98,66,84,206,73,113,0,217,83,105,204,101,130,255,124,120,101,49,184,13,254,255,199,0,15,0,255,147,234,154,91,255,255,174,91,219,255,204,102,206,255,180,113,49,255,48,67,111,255,209,0,133,140,0,125,0,25,255,255,2,133,0,100,255,207,0,255,0,255,149,0,14,16,6,0,159,255
171,18,174,93,195,66,213,110,145,203,177,59,122,198,162,52,142,43,116,145,92,157,75,29,116,164,92,215,255,202,99,0,154,13,1,200,131,92,163,122,183,67,0,184,52,169,155,65,159,70,221,130,55,69,217,114,41,0,255,66,134,195,101,128,255,128,125,132,52,145,14,212,254,217,0,0,7,255,128,255,165,4,253,255,175,83,255,255,188,114,159,255,199,166,53,255,21,102,144,255,255,0,162,114,36,135,12,77,255,255,0,165,0,78,197,255,0,255,0,255,245,0,0,0,0,0,143,255
172,18,176,94,190,62,220,104,150,226,164,64,141,172,169,26,134,37,88,127,71,175,86,53,116,197,78,215,255,171,126,34,138,29,16,192,108,139,116,128,210,110,19,166,96,207,141,121,110,44,184,151,31,84,162,121,18,0,255,61,108,152,83,134,255,113,127,123,122,145,0,157,255,255,8,37,67,255,177,234,127,26,255,255,187,96,212,255,135,105,250,230,173,149,64,255,69,30,111,255,245,0,187,147,74,64,69,24,255,255,6,136,0,49,226,246,0,255,0,243,255,0,7,36,0,0,237,255
173,15,177,88,179,51,219,102,146,216,162,74,119,157,163,42,137,19,90,131,68,184,108,32,133,172,82,219,255,186,113,28,126,49,0,188,110,77,146,106,205,99,20,161,86,226,124,92,154,53,179,114,25,98,174,93,56,0,244,106,114,176,94,131,255,98,97,140,50,176,13,148,255,237,15,40,0,255,165,226,172,66,255,255,193,61,255,255,171,45,255,255,214,127,93,255,49,48,151,255,255,0,120,176,5,91,16,90,255,255,47,128,0,28,246,219,0,255,0,255,255,0,0,47,0,15,235,255
175,17,178,92,193,66,204,101,155,184,150,95,115,193,132,72,126,61,62,139,83,172,80,89,72,205,136,208,255,172,124,54,133,85,0,184,104,106,154,98,198,53,0,146,148,214,124,153,77,104,201,137,15,121,197,180,97,5,232,113,64,139,25,124,255,140,153,163,99,121,30,231,255,255,52,80,75,255,127,177,173,96,237,255,157,122,115,170,181,0,255,255,161,75,38,231,22,0,105,255,221,82,195,147,2,127,14,78,255,255,0,171,0,96,205,236,0,235,0,210,255,0,47,53,0,0,130,255
172,17,175,97,192,53,207,84,153,187,170,77,116,189,138,37,150,68,50,124,104,173,70,81,57,209,93,184,255,180,127,82,109,9,27,190,113,64,133,118,142,84,28,111,96,226,170,168,70,90,155,191,6,138,200,166,65,0,210,56,85,159,24,116,255,127,132,100,80,92,0,166,211,255,56,45,56,255,153,146,104,45,231,255,112,54,107,229,133,0,221,128,135,170,120,255,36,0,117,255,255,60,194,94,79,149,34,124,255,255,24,121,0,14,202,219,0,255,87,255,255,0,0,57,0,0,102,255
177,17,177,92,202,57,244,108,144,192,165,53,130,202,185,79,125,78,61,117,90,156,88,76,107,177,73,251,255,161,86,21,142,36,29,204,129,89,97,159,158,130,21,214,36,219,95,101,147,141,191,152,14,153,199,234,0,23,255,93,94,164,99,143,255,139,134,147,157,61,43,94,255,240,0,0,114,255,150,179,173,112,248,255,244,143,255,255,129,61,146,255,255,121,91,255,2,26,225,224,255,0,184,180,128,155,75,87,255,255,0,221,0,127,192,211,0,255,0,255,255,0,11,106,0,0,121,255
173,18,142,112,209,20,146,126,135,127,205,36,147,167,122,92,196,130,113,155,113,196,133,96,102,76,140,191,237,171,145,32,107,69,76,166,141,51,99,123,102,175,35,116,77,167,115,89,11,205,154,100,69,136,197,184,156,0,166,118,69,183,37,143,172,255,170,71,41,0,86,192,184,165,81,130,131,244,159,99,210,154,136,149,84,94,174,254,54,0,45,150,211,197,94,172,203,59,157,48,255,58,171,148,170,213,85,208,251,239,100,191,30,161,148,83,169,255,96,158,175,49,19,98,160,39,51,255
176,16,155,107,194,29,164,138,131,141,204,51,146,159,133,125,190,81,127,160,50,232,114,116,107,162,137,170,255,138,128,30,95,75,39,132,172,82,90,119,190,212,51,195,121,211,152,83,64,166,153,89,1,122,213,255,126,69,191,133,79,241,75,175,253,231,112,91,85,60,85,187,186,254,67,68,53,255,155,138,217,161,228,211,192,144,255,252,114,0,68,250,242,177,88,174,100,42,157,50,255,116,125,119,96,148,135,184,215,255,87,159,19,126,186,94,129,255,37,245,190,0,88,78,73,0,111,255
180,15,150,97,199,41,171,138,124,127,167,48,154,174,107,139,168,108,104,140,62,226,115,103,84,116,149,199,255,111,121,74,110,95,29,143,142,60,109,149,152,205,51,198,69,200,150,104,32,180,146,107,23,156,199,255,121,31,216,138,76,229,92,155,204,239,94,107,98,54,81,201,240,208,96,34,97,178,164,108,239,255,197,224,163,158,253,255,106,0,4,230,204,119,69,151,91,11,180,23,255,156,143,152,145,193,106,175,192,255,76,225,105,155,208,57,151,255,42,195,226,59,87,117,54,0,0,255
179,20,156,109,211,45,164,133,114,125,179,74,143,200,103,108,181,121,82,161,68,208,107,88,80,118,160,160,205,149,164,68,109,87,72,131,147,97,146,130,124,204,73,131,130,185,155,117,11,205,150,80,41,162,188,193,169,0,170,102,95,191,54,128,193,255,141,103,44,0,113,222,176,217,110,98,100,219,139,119,164,169,141,179,139,123,152,180,119,0,26,119,172,217,79,167,191,33,127,72,255,170,182,134,98,197,94,200,255,255,65,233,97,152,155,97,115,165,41,72,244,49,144,68,175,0,0,255
171,17,141,116,208,26,136,123,141,136,183,55,121,170,124,96,187,120,95,149,96,200,105,81,105,95,134,173,192,174,159,54,87,71,88,139,157,67,123,117,114,181,53,138,78,177,133,73,33,170,132,99,98,153,214,155,139,4,140,90,91,202,36,132,154,250,169,53,70,74,102,238,189,184,69,144,136,237,158,67,168,121,121,118,79,106,143,202,53,6,39,129,179,167,96,208,185,41,108,114,255,99,137,163,148,227,53,191,255,242,103,134,102,117,192,76,135,235,49,120,170,1,0,110,205,47,0,255
174,19,164,97,195,20,160,110,156,145,187,72,101,196,110,119,183,95,85,142,53,193,124,140,106,181,154,144,255,161,139,22,103,47,44,165,186,48,119,95,189,107,18,141,128,218,154,74,49,197,178,74,16,70,229,255,157,102,215,89,16,143,29,174,249,210,159,53,68,42,42,175,243,255,24,9,61,255,71,162,207,192,202,255,195,212,255,190,183,0,121,255,200,147,37,255,136,0,166,163,255,146,139,85,145,178,50,156,255,255,0,205,18,102,160,154,16,255,48,255,108,0,28,124,0,34,104,255
174,14,162,96,196,32,197,113,166,143,175,71,100,192,113,132,177,75,78,123,48,193,126,123,91,174,134,174,255,141,107,55,119,30,68,167,137,60,140,103,188,107,64,200,112,255,104,83,64,208,145,65,11,108,244,255,105,73,202,36,0,186,85,137,255,142,134,89,106,65,80,212,240,255,23,0,7,245,126,98,239,188,223,255,192,213,242,211,159,0,79,255,248,90,120,241,61,0,147,136,255,137,112,141,131,234,22,172,255,255,0,194,0,103,255,164,0,255,0,255,173,0,0,92,0,0,160,255
176,16,172,94,199,56,215,105,141,187,178,68,148,169,180,59,137,40,63,115,68,157,84,73,119,183,100,236,255,197,105,21,114,24,25,194,106,68,110,139,140,124,47,160,90,235,121,119,107,136,178,172,13,119,195,167,4,0,255,77,101,167,80,122,255,165,95,133,101,105,28,153,255,252,0,29,65,240,180,219,158,70,255,255,251,146,255,255,178,17,214,240,236,160,109,255,0,14,181,240,244,2,176,106,82,127,5,60,255,255,0,165,0,123,213,225,0,255,0,215,255,0,25,16,0,0,134,255
174,21,174,84,212,66,214,109,141,202,173,71,128,201,177,76,129,65,93,143,80,128,90,72,125,169,129,255,255,188,101,0,128,55,9,212,104,90,114,124,131,99,8,155,98,221,132,105,128,168,212,156,18,100,166,212,31,16,255,92,109,168,88,124,255,176,114,140,92,90,21,142,255,250,0,22,112,252,108,228,189,118,255,255,239,182,250,255,182,62,203,255,255,159,24,255,0,4,209,255,226,0,193,132,129,168,3,72,255,255,0,171,0,105,196,197,0,244,0,229,255,0,92,60,0,0,148,255
172,15,166,95,183,41,191,101,161,177,155,80,108,173,137,87,155,48,63,114,55,191,106,85,106,163,112,196,255,192,90,59,91,31,13,179,131,46,137,130,165,113,45,167,78,255,108,84,100,151,140,123,9,149,195,152,87,31,193,59,61,186,65,131,255,108,101,90,81,116,51,163,255,255,26,25,30,251,157,101,168,172,255,255,201,122,253,255,153,0,204,255,195,127,122,255,71,11,214,249,253,29,146,128,68,196,0,120,255,255,34,113,11,61,240,125,0,255,11,255,255,0,0,76,0,0,130,255
176,19,182,87,207,78,239,97,141,255,155,83,149,192,208,14,123,25,81,120,102,135,96,31,140,177,75,255,255,214,106,0,130,49,0,209,91,139,159,141,161,84,41,157,102,211,119,108,162,69,247,202,45,60,144,121,0,0,255,86,166,136,122,111,255,145,70,161,94,172,0,115,255,236,0,76,62,255,160,255,138,0,255,255,241,98,255,255,202,119,255,255,214,159,66,255,59,41,146,255,179,0,178,119,57,97,0,0,255,255,0,164,0,35,240,222,0,255,0,175,255,0,67,0,0,0,205,255
172,19,161,94,211,50,183,102,149,174,182,57,135,203,139,60,165,101,72,135,93,134,96,101,98,175,144,220,255,199,107,3,112,56,64,186,122,74,99,150,139,104,20,151,87,231,169,115,53,190,172,160,41,90,225,207,61,15,255,52,69,218,51,91,255,202,150,72,60,90,46,135,249,246,12,61,129,222,91,140,213,104,228,255,195,154,212,213,135,0,149,230,219,210,122,249,62,0,138,185,255,44,209,96,204,240,51,102,255,255,0,160,0,117,183,167,0,183,42,203,255,0,20,57,40,0,55,255
173,17,163,90,207,49,182,110,168,159,171,62,97,214,112,120,159,125,39,128,98,185,112,138,57,144,147,199,255,193,119,42,111,25,88,202,130,29,137,115,124,91,51,161,78,252,166,115,62,205,151,130,29,109,233,232,95,68,213,25,32,146,40,153,226,214,185,50,96,83,32,207,243,219,64,60,126,249,161,98,197,162,194,255,92,162,172,172,96,10,136,255,172,115,130,255,58,0,163,198,255,105,212,107,182,189,35,179,255,255,20,161,14,59,226,120,0,236,27,255,255,0,0,79,43,0,0,255
174,14,167,78,207,57,218,122,147,172,167,79,90,213,141,126,133,90,54,128,92,144,104,102,98,156,95,248,255,167,65,21,124,56,35,216,167,49,127,132,168,115,0,209,30,233,77,57,64,204,195,99,12,163,255,253,68,38,255,73,28,160,84,180,255,191,167,132,103,22,48,183,255,237,3,0,91,213,46,121,255,199,218,255,202,183,236,255,156,44,133,255,255,67,37,255,26,3,229,150,227,47,231,151,151,238,25,90,255,255,0,228,0,166,163,107,0,255,0,255,223,0,0,99,0,0,83,255
176,18,160,90,200,38,169,118,149,142,178,58,116,187,107,130,166,129,72,135,69,209,116,126,82,154,136,173,255,152,138,55,121,44,86,179,150,47,104,129,148,141,57,159,83,208,146,112,9,207,153,114,27,106,224,243,128,63,219,93,49,156,75,145,204,233,148,70,105,38,53,206,217,231,69,33,89,242,152,117,221,174,193,230,116,163,211,190,104,1,66,242,185,129,76,246,47,8,139,105,255,193,155,110,149,165,85,181,255,255,103,225,44,109,193,81,22,255,60,251,255,0,23,80,0,0,4,255
176,16,144,115,210,20,149,139,120,114,209,36,177,156,113,115,218,125,141,148,77,235,139,89,111,97,165,157,255,129,146,34,108,54,75,92,123,81,131,103,118,189,59,112,120,154,124,88,13,182,138,47,73,187,138,232,172,13,151,138,76,225,55,155,154,232,162,96,73,14,79,219,127,190,102,153,71,218,171,123,170,126,169,60,72,111,168,243,68,1,0,158,229,188,77,109,147,93,152,40,255,68,150,181,137,175,141,218,186,255,105,169,50,82,166,96,166,255,8,122,196,95,102,59,224,62,78,255
174,13,135,109,196,28,120,112,157,135,194,74,75,168,91,101,204,91,83,129,68,255,158,85,107,112,170,187,165,195,143,35,79,88,79,144,171,0,171,101,137,144,93,144,25,248,172,58,48,210,176,31,91,161,225,153,194,21,109,30,31,180,62,135,167,228,155,31,38,163,147,223,174,110,70,163,56,193,111,93,189,193,158,170,183,185,196,178,67,21,84,179,159,113,93,169,81,0,213,111,255,131,115,199,191,243,0,198,237,232,128,184,184,131,255,108,169,255,91,147,74,0,0,94,157,80,0,255
176,22,149,116,201,0,128,137,127,139,211,40,141,148,146,116,231,122,148,141,71,220,127,103,113,113,175,151,237,164,223,68,144,90,100,155,131,78,118,82,169,194,44,60,119,169,143,126,0,134,158,59,93,122,179,201,229,24,152,213,86,124,13,200,136,255,165,79,85,0,112,175,182,170,152,152,101,255,175,171,157,170,185,139,117,68,253,203,133,0,71,144,233,255,54,197,160,66,149,105,255,128,163,115,101,150,113,201,193,255,103,122,59,159,99,93,195,255,81,166,141,97,44,141,43,112,80,255
171,20,152,119,202,0,134,139,126,129,196,46,121,132,169,127,233,136,174,152,60,238,147,83,111,113,141,129,218,129,222,86,138,74,114,122,147,104,139,40,179,224,76,104,145,171,89,107,15,158,143,26,133,99,159,208,208,65,122,235,126,150,55,203,118,230,195,86,88,0,108,150,157,147,158,166,89,255,185,124,123,139,206,85,88,81,255,201,141,0,96,159,255,252,113,212,175,84,66,150,255,106,139,134,81,121,158,171,99,255,144,140,86,78,166,46,180,255,104,143,37,60,32,138,134,106,110,255
171,19,150,123,204,0,136,148,127,103,186,44,83,143,173,143,255,142,188,144,56,252,152,95,127,99,109,118,219,132,255,96,118,91,89,122,128,115,170,17,193,246,32,83,146,167,95,61,47,178,132,0,118,124,225,213,217,66,83,185,99,175,107,197,102,215,181,136,108,0,147,119,107,105,128,145,59,255,164,104,132,186,110,49,120,70,255,255,125,15,0,193,255,193,141,138,148,95,95,137,255,112,124,234,76,148,160,194,36,207,107,141,70,76,188,45,185,248,11,135,0,100,0,200,162,136,170,255
178,19,154,105,191,20,140,118,157,134,164,80,94,160,100,147,189,109,113,141,21,255,146,141,106,142,173,155,205,115,180,54,88,88,68,105,184,48,126,64,209,175,87,161,157,222,132,86,43,200,181,56,57,121,168,250,184,94,137,129,53,156,26,176,230,229,146,47,136,56,117,251,196,236,90,81,51,237,165,88,217,197,192,221,180,214,255,134,161,0,55,255,167,132,101,201,90,12,153,123,255,209,105,126,98,207,32,197,237,255,78,227,125,142,198,52,105,255,37,148,150,0,67,149,0,66,49,255
186,36,189,96,187,12,98,119,139,167,209,44,121,131,79,127,183,110,139,157,40,255,100,158,93,159,242,97,212,91,255,47,123,93,55,163,105,4,136,111,210,217,27,107,186,190,169,165,100,232,210,147,28,5,57,209,165,73,151,255,178,146,50,246,225,199,236,50,195,35,55,148,219,255,177,114,81,255,134,196,199,160,182,234,207,140,255,111,194,0,102,255,255,181,38,255,103,84,255,120,255,171,158,0,4,255,91,159,189,255,138,174,130,193,155,113,191,255,62,246,125,0,193,159,0,44,0,255
180,29,175,114,192,0,121,137,156,111,202,31,90,127,127,163,243,128,190,152,8,247,148,131,119,118,196,100,222,115,255,101,159,82,89,151,85,108,170,24,186,192,65,35,227,152,135,144,20,189,146,40,142,57,109,247,249,81,178,255,148,100,44,255,176,219,230,64,188,0,98,143,197,210,165,151,45,250,169,134,129,134,167,150,146,117,255,137,202,0,89,255,255,220,95,255,89,84,166,162,255,233,92,93,62,145,118,194,207,255,138,150,49,167,202,51,162,255,140,235,66,82,15,178,0,0,0,255
181,33,179,103,203,1,116,130,148,120,207,37,122,128,105,144,208,140,134,142,24,218,131,167,99,117,255,121,246,95,255,55,152,99,56,171,86,40,123,87,184,159,45,11,187,159,146,153,12,198,172,100,113,41,89,255,245,105,236,255,81,78,20,193,228,252,244,45,186,0,34,143,202,255,252,100,74,255,101,209,164,163,197,219,184,136,255,96,179,0,111,255,255,204,24,255,124,9,175,117,255,172,135,28,97,189,110,186,255,255,20,207,24,255,105,179,150,255,126,153,76,28,89,198,0,0,0,255
181,32,173,112,203,0,112,133,137,127,222,25,136,121,125,138,231,127,172,148,37,224,120,147,119,102,220,97,255,103,255,65,152,57,84,142,74,85,117,92,185,227,30,5,198,146,141,177,1,164,207,104,103,59,111,226,197,60,214,255,149,73,47,253,176,251,255,67,194,0,66,143,176,255,215,157,107,255,141,186,171,116,147,159,180,73,255,120,190,0,128,255,255,231,30,255,208,68,198,122,255,158,111,32,32,195,149,161,217,255,62,159,44,255,90,165,212,255,136,191,83,71,152,198,0,6,0,255
183,25,180,96,190,13,128,134,142,127,198,46,85,129,113,157,231,120,187,164,19,249,111,128,80,112,187,105,179,95,255,102,141,84,123,133,112,95,148,45,229,216,59,87,196,164,138,134,41,202,214,39,75,53,91,174,209,52,113,199,135,80,78,246,208,219,167,22,169,64,109,161,209,245,139,140,40,203,176,163,210,106,146,130,220,150,255,114,209,0,139,255,120,166,106,255,173,56,201,129,255,240,67,53,40,151,56,210,237,255,205,247,112,134,230,126,217,237,37,129,145,0,103,152,0,0,61,255
179,17,159,110,186,29,145,133,169,106,154,47,89,144,109,139,195,134,138,145,31,255,128,107,115,111,166,155,192,124,235,104,122,101,99,119,151,75,146,56,184,181,94,138,145,192,108,109,25,172,148,52,93,117,135,179,215,68,113,146,78,143,55,184,147,217,177,77,150,92,105,246,170,170,58,134,57,242,199,65,152,154,147,125,84,166,222,191,164,0,85,200,210,129,146,151,52,21,164,125,255,198,77,121,42,167,68,203,226,255,80,225,110,99,221,102,93,221,55,165,170,105,0,81,32,0,77,255
181,19,146,117,198,30,142,131,145,144,177,34,144,130,127,112,206,132,128,144,57,255,121,100,106,134,138,138,223,135,214,89,110,102,104,124,150,99,114,97,183,233,73,175,121,159,109,136,17,140,157,131,76,139,167,182,149,54,162,181,108,120,84,215,150,251,173,113,126,61,79,217,161,200,97,154,95,255,215,137,189,161,185,136,94,141,255,211,111,0,75,200,179,188,72,124,132,36,138,85,255,162,120,82,56,190,130,160,172,255,87,255,200,187,125,101,110,255,114,163,168,96,88,67,5,0,0,255
189,35,201,90,188,8,118,128,126,133,195,34,121,115,105,158,194,125,150,134,27,250,98,156,90,164,237,100,235,64,255,99,162,85,74,173,68,41,155,109,237,240,46,114,208,178,168,194,91,249,213,109,42,0,101,235,160,88,154,255,135,109,77,255,224,221,214,66,255,45,19,108,221,255,255,69,45,244,132,202,197,169,194,217,250,98,255,93,143,0,116,255,255,135,26,255,144,68,244,49,255,255,100,31,0,194,81,173,170,255,90,231,10,235,218,137,194,255,44,199,194,35,189,180,0,0,0,255
188,28,169,122,199,26,135,118,128,138,204,31,161,145,132,142,223,95,179,139,9,255,80,94,96,167,198,117,212,147,201,85,131,46,119,115,80,114,169,66,192,218,64,119,239,159,165,124,83,154,192,5,83,90,104,246,211,81,210,224,158,26,30,255,139,224,218,94,133,50,96,193,195,255,178,158,28,164,239,200,146,106,198,127,163,112,255,158,169,0,58,255,247,175,120,221,115,67,207,127,255,178,121,0,0,228,105,153,189,255,81,145,77,216,166,104,125,250,0,212,180,56,155,155,56,64,0,255
180,21,155,113,199,14,140,130,145,115,186,53,127,136,113,144,218,122,126,139,45,255,132,132,108,111,170,129,237,125,229,85,110,96,80,119,140,79,127,67,188,196,89,114,176,174,109,109,22,164,159,72,94,125,126,233,173,70,155,208,70,129,65,202,207,249,180,81,128,43,74,233,206,228,155,131,93,255,212,99,187,175,157,137,133,158,255,191,147,0,73,240,202,156,118,184,129,58,160,103,255,171,112,112,91,171,94,199,215,255,102,255,121,187,170,62,134,255,99,128,159,68,88,103,0,0,37,255
180,19,149,107,201,38,140,129,131,144,188,60,138,153,119,125,195,126,104,133,50,255,113,107,99,136,153,155,211,153,183,64,95,82,112,118,143,66,106,106,147,227,102,158,119,187,121,106,24,169,166,102,64,154,153,195,169,47,161,165,100,119,74,192,156,255,145,94,127,59,88,211,189,213,132,148,114,255,193,133,189,152,199,167,118,139,255,207,96,0,96,153,165,161,67,168,109,40,169,91,255,175,146,63,83,174,123,199,187,255,118,229,165,136,122,69,85,255,112,124,221,108,85,76,29,9,0,255
178,20,155,108,182,27,120,123,141,158,184,55,93,114,107,131,185,107,124,156,12,255,165,102,116,138,146,137,187,130,205,70,134,60,133,94,184,61,115,27,188,238,134,171,176,187,132,120,29,179,154,72,70,102,161,179,170,73,113,131,129,142,21,218,172,212,167,40,163,108,107,220,183,214,131,142,86,245,219,154,198,133,159,145,118,164,245,133,174,0,133,212,162,167,112,190,9,85,169,134,249,200,96,117,56,92,57,212,212,255,184,211,173,143,164,46,175,255,56,197,145,52,12,92,0,38,33,255
180,23,162,106,183,24,115,123,149,157,215,54,91,130,107,139,208,105,159,174,25,255,145,106,119,138,158,128,195,156,214,68,140,66,135,147,126,60,131,48,186,235,85,139,184,194,146,152,26,204,163,70,92,55,153,178,190,87,167,176,156,112,41,235,217,207,201,24,116,86,118,180,207,246,132,144,94,244,209,155,182,136,183,156,162,186,255,141,195,0,162,250,217,207,93,255,73,56,219,144,255,169,91,73,50,178,75,214,240,255,172,160,136,131,200,85,190,255,97,241,116,4,41,138,0,69,0,255
178,16,147,101,186,43,126,120,141,175,176,71,90,146,101,109,168,108,96,156,48,255,152,85,136,116,115,194,159,157,163,55,101,64,130,126,190,28,112,92,149,255,123,173,119,191,123,85,6,201,146,129,69,132,214,134,141,0,152,120,112,163,50,178,180,255,145,53,128,87,125,233,179,185,71,130,94,232,206,106,213,152,166,184,95,179,197,213,149,16,108,172,160,134,93,188,33,35,150,124,177,167,144,76,108,182,44,196,232,252,168,203,196,144,167,24,118,255,38,153,198,88,0,105,0,74,0,255
180,32,179,110,192,0,114,126,114,131,198,39,128,105,118,131,210,148,131,151,22,255,153,132,108,142,212,107,222,95,255,63,156,82,103,133,91,73,120,81,174,229,107,39,244,172,127,190,25,206,153,46,123,67,49,241,219,88,177,255,146,91,30,213,202,187,242,42,209,0,33,88,210,255,255,136,44,255,167,202,97,147,233,181,137,95,255,91,169,2,117,229,255,188,88,255,111,87,172,151,255,195,189,91,14,126,139,198,149,255,149,189,41,175,81,130,182,255,170,193,81,69,176,163,0,20,0,255
178,14,169,107,189,64,148,122,141,160,166,117,75,142,97,127,170,90,118,170,2,255,138,129,77,154,111,119,189,105,174,124,149,125,153,88,154,101,98,26,175,222,119,166,170,224,72,161,32,196,125,87,57,99,202,142,180,20,110,121,149,155,54,209,183,215,165,52,136,108,127,255,174,255,76,86,81,231,118,102,149,99,156,205,74,145,79,185,209,45,157,44,110,192,209,212,0,0,146,204,154,178,96,52,95,129,81,242,248,255,213,173,126,54,177,97,62,233,85,66,172,0,0,61,132,0,155,255
169,0,151,97,174,56,148,132,167,124,202,100,62,145,84,116,119,56,142,162,43,199,153,98,82,84,161,172,238,142,95,85,140,112,50,140,108,26,109,24,86,133,70,172,138,255,78,63,110,182,92,0,134,112,181,70,148,2,174,190,68,136,0,139,255,197,134,0,114,177,196,255,255,151,8,122,88,160,102,28,216,140,182,114,52,185,23,255,191,125,143,112,153,34,185,164,0,30,203,164,170,135,166,133,81,174,41,255,255,255,255,107,86,55,255,139,160,255,144,229,18,28,0,172,205,0,146,255
167,4,147,97,191,96,119,115,151,147,187,146,64,146,84,87,132,87,141,138,53,215,117,107,96,133,217,149,163,146,100,93,122,127,46,123,96,83,101,43,125,176,71,158,112,203,105,96,114,195,111,0,158,160,167,42,171,29,225,216,132,107,44,169,236,201,197,0,135,165,187,229,255,167,48,191,59,79,110,43,153,151,204,88,86,200,98,255,207,186,176,232,195,83,90,237,1,140,255,141,202,160,219,90,54,228,106,255,240,255,255,86,78,80,255,171,115,192,25,103,68,79,0,199,204,22,54,255
168,5,162,92,171,69,131,110,164,169,158,130,57,146,67,72,125,47,153,126,50,181,135,86,64,138,160,138,188,130,85,116,131,134,39,167,83,62,136,33,161,56,47,137,118,255,87,79,103,127,143,0,175,98,124,44,195,16,98,199,152,152,0,139,224,180,152,12,121,205,136,255,255,197,88,147,70,132,101,0,185,153,206,119,60,182,1,227,224,174,202,119,133,72,172,181,78,54,148,211,206,137,141,143,0,248,66,239,255,255,129,89,94,30,255,94,124,255,120,145,0,57,0,206,222,61,49,255
188,10,156,133,178,96,156,69,155,135,115,70,191,146,73,82,110,110,148,166,22,255,87,92,69,171,164,148,207,85,82,160,138,151,74,84,124,141,182,54,217,167,58,203,166,216,71,121,97,27,172,125,101,141,104,147,160,42,158,205,168,84,6,185,179,211,154,82,138,164,176,185,231,174,0,80,110,220,223,31,123,196,255,213,128,183,94,214,185,68,62,147,91,182,202,87,56,0,162,156,183,109,87,39,17,128,219,207,214,167,86,199,34,134,230,114,103,167,149,171,174,151,27,172,130,0,154,255
190,16,174,117,195,131,179,78,120,251,175,62,218,169,118,33,103,79,117,180,0,246,73,80,96,192,123,202,253,218,171,104,143,89,108,100,200,131,110,68,124,211,42,184,153,183,82,205,90,87,231,91,27,79,164,65,153,0,144,212,166,83,48,126,233,191,170,135,35,173,105,166,172,125,40,179,10,132,144,126,177,166,109,108,157,170,208,253,255,144,216,247,75,255,136,199,17,59,127,255,255,157,106,0,62,76,249,211,207,243,124,255,15,20,215,152,88,192,0,61,255,18,0,24,255,1,71,255
172,1,150,155,132,10,150,59,194,106,73,0,105,164,126,161,73,135,143,128,43,255,148,79,22,90,140,180,255,85,39,182,124,144,58,118,129,140,75,97,179,94,32,227,48,255,0,98,117,7,112,154,96,101,158,154,161,80,148,97,69,125,34,68,213,145,214,122,132,194,231,255,255,161,0,0,57,124,255,0,131,141,255,175,145,240,152,156,139,88,0,238,138,9,255,205,88,48,139,255,172,90,170,255,7,104,100,191,255,255,255,121,62,0,255,158,218,255,156,255,148,172,0,255,129,12,255,255
