167,32,183,115,239,93,114,74,144,161,150,102,144,153,41,77,147,123,180,112,0,255,73,139,100,74,161,151,157,178,120,99,172,89,115,89,63,150,111,73,130,147,50,191,220,136,142,102,108,180,202,116,213,172,77,148,118,44,130,188,250,53,50,192,255,209,144,90,164,163,51,164,154,240,72,62,76,108,103,123,163,47,158,161,131,81,77,255,206,79,195,64,190,115,117,170,96,47,125,231,214,0,31,110,38,188,88,255,253,171,240,126,102,195,125,255,74,151,0,140,14,199,0,0,222,123,148,255
167,33,185,137,240,87,161,66,157,211,109,41,118,231,52,109,111,152,195,152,48,251,73,111,47,113,171,229,149,166,156,67,160,23,78,165,12,90,98,116,36,94,0,216,165,53,178,145,94,255,255,108,215,155,255,73,160,98,137,146,146,185,119,134,255,167,92,162,192,82,108,167,164,225,55,6,75,72,0,68,18,8,163,140,191,95,251,255,180,0,49,98,255,50,111,173,12,255,118,136,255,35,255,16,113,108,0,255,218,255,226,255,119,148,62,255,106,94,83,26,12,245,129,155,255,57,97,255
173,17,167,158,166,24,147,16,188,129,41,13,94,178,83,130,126,105,204,119,32,255,117,74,68,128,143,125,240,0,0,48,207,114,118,148,73,41,61,77,176,63,74,148,94,165,0,54,237,61,158,0,0,93,118,90,240,49,255,85,255,149,153,84,255,8,67,137,159,181,112,143,191,205,0,61,128,171,179,175,103,148,140,107,130,110,255,191,255,0,40,103,190,183,201,255,47,75,246,210,132,0,59,235,177,23,20,252,138,255,255,240,0,248,121,230,186,255,178,255,124,107,36,211,68,200,255,255
163,26,164,88,235,92,135,40,164,184,139,34,176,170,59,77,87,119,205,189,0,255,149,155,151,69,124,148,148,0,76,55,46,117,196,143,75,90,62,69,96,72,20,192,254,59,106,133,138,255,182,165,94,123,50,144,167,73,106,114,255,19,74,182,208,110,0,64,255,112,71,62,211,255,0,131,146,0,37,181,138,68,195,222,195,210,151,150,62,0,46,255,51,118,65,255,67,33,246,220,255,0,103,221,65,234,134,186,222,144,207,2,0,175,114,75,136,137,76,0,171,7,0,0,5,106,255,255
168,40,165,100,248,56,114,74,154,168,133,25,163,171,23,78,125,129,184,144,0,255,121,104,162,77,188,226,119,19,125,35,109,116,127,117,80,149,87,61,106,72,117,176,213,162,98,34,94,245,192,153,123,178,0,210,197,92,154,189,255,101,45,199,175,225,96,38,226,84,62,73,188,232,52,130,166,21,156,255,204,165,158,251,255,148,186,119,108,0,0,255,230,210,137,255,94,0,160,151,224,0,0,207,109,255,115,220,129,207,164,123,46,255,95,200,89,85,0,203,0,31,67,9,212,98,192,255
162,35,155,99,254,52,124,66,147,153,109,49,213,202,2,64,168,112,190,134,12,255,191,188,93,31,208,216,72,4,128,50,102,141,155,180,12,82,71,72,75,102,63,176,166,167,69,54,116,207,107,104,50,124,0,218,200,61,136,162,214,10,138,170,195,139,123,89,111,82,0,41,229,255,120,154,113,0,30,255,255,255,182,175,237,248,133,88,19,0,0,255,215,216,41,240,154,0,246,178,151,0,0,206,132,255,149,255,127,171,111,201,0,255,165,143,0,84,0,20,32,0,0,150,255,16,224,255
164,36,167,105,254,75,140,72,169,169,99,64,206,210,12,83,168,144,200,160,8,255,188,168,122,6,212,229,100,10,121,46,104,101,143,155,36,106,121,68,50,105,76,193,212,89,105,81,144,213,151,142,69,191,0,162,167,44,160,206,255,0,143,224,219,165,163,111,161,103,0,83,241,255,82,177,117,0,0,255,255,213,169,212,224,255,169,106,43,0,0,255,147,206,70,242,108,91,255,195,107,0,97,238,87,255,117,239,178,122,175,192,76,255,244,139,8,74,0,19,66,40,0,119,255,0,235,255
165,33,213,120,245,121,143,101,132,171,128,124,82,203,99,88,139,155,174,98,0,255,65,111,68,0,150,165,140,214,136,64,255,124,83,103,1,162,103,127,80,85,0,255,255,89,128,176,173,119,243,106,227,169,100,90,89,0,253,213,255,66,0,167,255,210,185,152,96,47,26,180,244,240,23,40,63,91,0,226,13,0,237,255,80,0,33,255,184,100,187,71,199,112,59,213,125,45,78,113,206,0,255,70,79,250,23,255,255,103,255,158,224,235,193,255,208,202,0,45,25,255,0,0,255,149,190,255
166,40,193,125,252,71,118,73,190,199,129,51,144,238,50,106,140,133,222,142,0,255,101,125,143,81,100,171,136,147,111,15,205,38,0,104,84,108,141,115,68,57,77,150,166,69,122,71,162,255,223,140,204,255,94,128,137,8,140,215,255,77,56,97,249,208,153,164,212,28,96,216,117,155,53,0,104,109,159,174,187,0,100,205,102,33,182,255,200,0,134,211,229,115,149,202,31,154,172,168,49,20,37,0,0,170,0,255,185,249,255,152,123,190,133,255,165,21,39,255,101,255,26,0,255,180,140,255
167,19,168,108,180,35,150,43,218,158,41,36,105,200,32,53,116,118,237,139,14,254,160,38,60,149,163,83,208,0,0,25,204,84,78,93,69,6,130,182,40,13,97,165,156,133,0,182,71,255,167,113,0,184,63,76,138,80,173,108,117,85,60,200,255,3,102,70,113,91,176,37,230,158,0,38,84,75,113,209,44,255,255,170,188,114,235,239,113,0,0,195,130,243,38,255,18,0,162,108,162,109,162,243,103,255,158,102,138,186,255,79,0,98,167,79,155,255,0,235,86,17,18,190,123,131,255,255
164,18,155,112,191,23,166,48,196,158,60,92,135,181,47,82,142,110,202,137,0,255,221,79,77,131,168,94,131,40,14,121,214,110,32,139,0,0,142,107,145,13,74,134,98,158,0,84,119,222,152,48,7,164,136,124,194,166,110,145,183,32,138,60,255,0,148,118,17,48,145,141,255,197,124,149,45,147,156,169,153,230,232,196,157,96,191,129,91,0,69,203,161,191,178,255,146,9,123,75,91,10,2,153,159,224,40,255,105,242,237,164,0,177,255,0,78,109,33,255,75,161,0,255,146,139,255,255
164,21,157,115,201,7,145,50,186,128,69,89,151,184,74,69,129,119,215,102,0,255,216,118,71,132,183,99,120,46,51,116,193,72,55,154,22,0,91,87,118,37,123,175,141,168,9,55,113,213,146,40,0,109,86,164,192,173,175,101,188,10,140,151,255,15,111,51,85,21,90,7,180,162,48,164,89,105,164,255,212,255,218,50,255,113,245,162,157,0,0,247,185,212,66,244,127,11,179,103,255,0,14,109,91,187,103,211,146,101,211,153,0,195,224,63,53,75,0,240,73,64,0,255,89,105,255,255
163,38,180,77,255,66,126,90,149,194,154,130,143,194,118,155,74,168,180,82,0,255,199,162,109,82,123,200,111,56,149,98,154,96,53,124,53,130,106,103,100,85,110,121,255,122,68,132,124,255,234,57,145,255,0,172,131,137,190,255,255,44,45,201,135,187,199,73,255,49,34,134,87,189,82,130,83,146,184,255,255,41,186,110,158,56,161,204,91,0,0,255,243,92,213,255,1,137,191,255,201,0,48,79,68,255,108,244,56,76,250,87,120,165,169,255,56,31,0,116,130,93,0,0,224,115,255,255
161,16,153,127,166,0,136,18,189,146,80,59,108,179,77,103,120,149,255,136,0,255,164,71,87,90,170,144,237,15,0,82,161,8,84,73,57,2,127,58,47,71,75,161,215,208,50,122,76,255,65,92,22,177,151,74,195,76,104,75,220,0,62,132,255,39,130,79,162,26,166,83,136,214,3,87,1,94,134,255,67,183,199,172,221,180,255,157,188,0,0,166,156,122,158,255,74,2,113,186,159,46,31,98,199,141,3,234,113,86,255,63,0,119,255,143,59,191,19,255,0,156,0,255,158,129,255,255
167,31,171,124,215,36,147,66,179,137,90,82,142,180,48,104,153,118,251,122,0,255,178,91,66,129,150,122,137,27,63,119,233,69,49,177,19,77,141,56,105,104,32,108,100,180,41,37,193,198,212,12,77,119,100,97,197,98,182,172,246,120,157,137,210,114,172,82,190,57,92,98,100,216,82,220,74,156,119,201,173,241,143,180,176,76,179,205,216,0,9,99,255,255,89,253,77,68,220,136,103,82,50,175,90,185,140,254,64,178,222,180,0,255,136,160,13,77,0,92,103,133,0,102,215,224,162,255
165,24,144,112,214,40,152,20,180,172,103,0,98,186,12,40,133,102,255,138,0,253,102,34,94,118,158,155,174,5,0,46,179,52,97,108,97,73,178,131,129,21,132,129,163,141,115,154,198,255,201,123,31,177,89,174,167,67,177,154,231,98,35,246,255,24,77,75,143,0,101,159,98,151,4,126,73,27,100,230,126,213,177,124,210,101,255,92,201,0,0,191,167,255,150,255,75,0,17,74,153,84,6,79,83,255,163,240,170,213,129,221,0,255,145,119,146,129,0,185,86,5,109,122,118,49,255,255
165,26,166,114,212,43,139,55,220,165,37,92,172,199,0,67,180,122,226,179,8,255,141,85,94,119,208,150,159,0,0,17,130,90,88,181,0,20,124,131,14,16,0,131,116,113,69,124,109,255,171,85,0,169,124,161,238,124,109,167,189,69,120,63,255,6,117,40,89,233,113,50,255,247,90,167,50,0,61,255,78,255,211,255,221,151,198,156,82,0,0,225,103,255,63,255,213,0,255,19,19,47,12,222,138,255,97,245,92,173,93,61,0,255,251,39,106,76,0,127,135,142,0,197,255,255,227,255
165,34,172,115,227,59,137,71,185,157,106,81,147,180,56,85,157,118,238,111,0,255,177,102,84,137,136,145,136,60,58,77,184,66,47,140,68,83,109,81,100,82,46,114,142,141,91,90,158,255,215,71,72,189,85,105,178,74,189,185,255,85,89,199,253,130,178,54,255,66,63,68,139,160,41,182,119,104,139,255,175,230,145,190,152,69,149,181,186,0,25,120,205,233,90,248,45,64,205,195,142,8,100,186,80,255,132,170,105,128,255,152,48,245,151,238,75,111,0,164,102,111,38,15,247,177,230,255
166,24,159,127,202,32,140,64,202,174,56,80,131,171,7,40,177,72,219,174,0,255,159,54,65,103,197,150,117,8,24,66,175,121,84,159,4,52,172,65,126,58,65,107,180,177,60,120,158,186,167,79,56,146,113,114,203,85,125,177,196,79,115,87,255,53,121,67,94,102,67,102,235,220,128,194,111,70,96,180,168,255,209,165,152,138,168,131,124,0,63,232,109,255,121,255,105,0,125,76,108,4,60,175,113,255,144,169,180,154,150,59,41,232,210,60,79,152,0,174,51,52,0,99,181,127,255,255
160,28,165,104,243,55,124,83,168,133,86,93,191,164,14,62,146,106,207,167,10,255,172,105,75,34,194,165,86,37,110,38,124,117,122,129,34,73,60,91,23,180,86,93,174,169,20,139,57,186,159,136,56,142,0,129,205,74,79,231,206,40,93,166,222,203,153,63,145,152,13,36,214,239,145,184,122,51,30,255,212,238,248,191,182,138,46,174,146,0,0,180,130,215,29,184,107,0,254,239,74,0,117,150,4,255,194,139,125,92,255,75,61,172,255,212,0,38,0,68,0,114,0,185,255,110,215,255
162,41,157,69,255,78,154,117,167,204,160,75,198,255,107,76,131,128,138,99,0,255,170,173,188,65,241,255,7,8,168,126,106,88,87,98,70,142,169,39,195,39,98,255,144,159,96,129,119,255,255,93,89,226,0,255,73,83,110,166,255,0,107,255,152,91,140,145,169,75,47,0,255,89,20,1,233,70,183,255,202,255,172,255,255,255,153,19,0,0,0,255,255,209,228,204,160,0,255,176,255,0,79,233,0,255,2,153,82,0,172,125,17,71,255,56,156,181,0,94,206,0,103,94,255,14,255,255
166,45,177,78,255,89,165,116,152,209,174,126,170,255,96,146,154,178,201,112,0,255,236,156,124,0,159,255,26,98,156,48,199,113,19,60,38,177,177,93,140,99,146,142,191,117,32,141,192,190,255,80,185,249,0,244,178,55,247,255,255,101,117,255,83,255,255,105,255,0,36,123,99,166,163,125,136,92,124,255,255,110,212,155,145,20,78,13,67,0,0,255,255,187,143,152,29,229,143,239,240,0,130,255,11,255,95,255,102,111,255,90,123,169,255,242,26,44,0,128,97,13,0,0,255,66,201,255
157,20,193,127,233,95,102,80,91,209,166,127,62,176,135,69,93,90,75,58,0,255,38,185,54,0,188,23,110,255,144,95,255,33,146,57,80,179,0,101,31,0,0,255,255,34,110,235,89,89,255,55,198,223,156,85,22,9,252,111,255,55,0,71,255,108,117,185,0,0,63,176,254,234,0,209,0,208,0,255,0,0,218,255,148,0,0,201,160,69,255,139,179,113,22,255,219,0,11,115,185,115,255,0,192,144,176,255,255,101,137,243,255,255,255,21,255,134,0,136,217,255,0,0,213,237,255,255
171,42,208,93,245,65,136,88,149,153,147,113,114,186,131,148,115,171,161,58,0,255,124,171,74,56,192,191,165,125,170,58,226,100,100,91,47,164,132,91,162,95,59,182,246,81,107,67,155,253,228,14,157,188,0,173,112,104,233,217,255,50,25,186,186,175,224,115,255,76,38,132,129,225,0,139,26,133,125,255,245,41,128,170,183,104,103,255,146,0,174,255,255,146,88,243,77,70,151,204,255,16,176,159,55,255,0,164,179,138,150,98,206,217,244,255,106,16,0,0,52,101,0,0,254,121,152,255
159,29,175,138,237,55,103,86,152,191,145,74,123,154,133,79,117,107,186,108,0,255,87,132,75,89,169,145,117,150,184,74,155,100,75,92,85,152,73,90,83,179,88,166,193,125,183,109,129,204,247,58,111,140,91,85,72,73,180,145,204,101,30,184,253,187,188,167,211,72,68,160,100,218,157,112,118,152,14,223,187,44,187,83,162,93,68,170,164,64,150,195,173,177,129,198,66,0,153,167,224,12,145,0,0,93,62,211,217,91,255,103,151,185,189,255,144,115,0,144,99,143,52,66,255,201,83,255
165,31,191,139,253,86,125,100,139,195,113,48,132,122,63,75,155,127,164,51,18,255,77,50,82,30,185,131,131,186,153,132,255,58,149,109,50,163,43,131,131,85,0,255,255,51,111,67,73,112,241,88,184,170,110,95,117,0,213,195,169,125,93,123,255,219,124,169,32,113,126,184,255,217,41,50,61,161,15,255,27,46,160,255,86,0,94,255,187,38,255,46,255,144,120,137,88,104,19,171,107,0,255,60,56,129,48,167,255,154,255,255,179,255,164,175,213,207,0,217,0,221,0,0,255,117,62,255
159,29,170,124,234,64,151,67,150,175,120,90,159,155,40,55,145,91,220,143,0,255,137,113,93,54,175,170,106,77,138,80,147,24,92,113,53,109,53,54,71,153,41,174,228,121,110,112,151,183,206,77,166,168,82,73,138,60,96,169,195,2,90,171,255,155,127,95,213,50,47,107,165,255,57,122,125,89,0,245,126,136,159,240,203,166,131,221,198,0,45,176,108,171,24,229,120,63,135,251,124,0,229,105,26,139,72,175,255,41,255,162,99,255,244,201,44,91,0,69,0,156,0,41,255,15,168,255
172,43,181,121,255,90,114,94,187,159,109,78,177,163,0,110,225,143,195,116,0,255,175,70,159,54,169,207,115,49,82,82,210,35,104,155,142,181,129,44,185,80,50,119,164,154,108,155,133,209,255,84,182,255,38,108,164,0,201,233,255,38,70,182,191,255,254,72,255,82,75,108,240,210,112,76,164,0,166,169,231,152,150,198,78,43,186,168,190,0,0,112,247,232,70,216,113,155,185,133,41,0,148,255,87,255,89,219,149,100,255,141,157,255,18,231,70,255,35,226,0,255,35,0,255,47,184,255
174,44,192,117,235,47,108,51,145,137,138,91,117,157,117,119,168,142,199,107,0,255,149,150,120,67,157,207,123,71,126,68,177,43,38,89,0,136,102,0,165,109,76,85,255,148,123,84,232,220,253,64,104,157,0,176,141,159,212,152,255,86,27,248,206,206,222,75,255,31,24,27,13,224,26,173,50,71,138,255,255,60,49,147,214,81,146,94,167,0,73,255,205,166,131,255,60,131,186,187,200,17,2,112,170,255,23,249,172,95,255,149,99,255,128,223,28,0,0,80,14,136,57,2,207,122,206,255
170,44,196,164,254,84,102,78,182,206,121,105,136,215,40,101,152,152,174,116,0,255,67,113,62,114,111,241,168,122,171,64,126,145,92,202,133,157,57,79,99,96,52,151,129,175,183,167,172,246,255,115,133,208,73,70,76,21,203,87,177,154,127,195,255,227,184,106,255,115,62,100,171,255,7,0,169,35,20,85,159,122,134,116,125,21,203,219,159,17,146,15,255,183,107,183,100,0,13,94,211,102,221,255,6,112,117,179,168,255,255,230,160,255,0,199,124,200,2,23,0,164,0,74,255,0,195,255
161,33,206,119,248,107,153,106,141,190,117,120,82,212,101,100,108,161,163,89,9,255,105,161,27,35,122,138,91,172,178,79,232,75,44,93,66,157,81,106,60,113,0,225,192,130,106,165,192,172,255,96,181,204,129,99,73,15,207,208,214,83,5,241,255,194,255,192,165,0,97,160,123,255,99,14,98,133,0,213,55,42,226,255,88,0,0,247,121,56,202,166,209,184,0,255,169,37,65,128,108,17,255,185,0,255,47,255,255,93,255,186,255,163,193,255,210,255,0,0,9,255,0,0,255,19,221,255
166,26,168,141,201,23,161,33,165,149,106,45,145,171,82,79,147,104,231,167,7,255,150,67,81,108,162,229,141,17,71,77,132,34,105,135,77,132,142,69,132,132,43,162,207,145,111,112,157,230,175,55,122,173,117,108,161,126,136,107,217,58,61,216,255,83,93,121,255,0,79,83,161,255,9,106,79,16,61,196,142,163,145,209,255,240,238,152,192,0,0,170,122,210,144,218,119,5,188,170,229,11,174,86,67,148,69,90,215,67,255,144,43,255,158,112,78,60,0,139,0,25,14,83,242,37,226,255
162,40,166,97,255,82,114,53,133,177,112,93,177,175,18,87,166,127,204,159,0,255,146,186,158,30,155,251,107,9,149,73,88,115,80,140,9,80,108,40,42,168,58,157,206,176,39,126,123,183,179,136,139,219,0,159,187,85,174,208,255,0,171,208,190,198,180,86,236,90,0,122,182,255,128,142,81,0,0,210,255,131,180,148,78,146,72,52,141,0,0,244,138,137,100,217,95,16,202,171,142,0,0,207,241,216,31,244,255,202,255,121,0,196,169,255,0,96,0,163,19,172,0,110,255,33,163,255
166,36,151,94,252,64,118,60,165,155,138,40,126,171,42,61,118,123,207,150,0,255,167,84,113,72,141,204,98,47,104,96,156,56,22,146,97,142,101,72,170,101,78,116,203,200,81,144,161,255,194,124,138,209,21,145,119,54,160,227,255,94,9,201,144,166,118,64,190,10,59,113,153,208,110,224,149,0,151,183,204,215,126,149,137,103,195,30,109,0,0,219,219,236,121,255,49,46,166,142,26,24,0,142,115,255,221,241,214,104,255,137,62,231,108,127,41,35,0,226,5,106,116,0,158,80,205,255
161,36,175,95,255,79,152,77,169,194,133,75,154,205,47,102,151,126,203,153,0,255,128,146,112,47,152,229,129,69,117,13,173,68,54,89,82,184,93,87,113,125,25,149,181,110,86,103,166,255,255,82,181,239,59,147,142,41,164,234,255,91,31,204,204,192,162,145,255,26,54,118,89,255,127,96,148,79,69,179,194,86,178,229,162,114,133,149,110,0,24,239,192,185,58,244,40,84,197,255,132,0,124,225,68,255,113,253,175,130,255,124,49,215,172,255,83,74,0,180,53,27,38,0,255,85,211,255
163,35,186,140,255,90,101,113,156,197,125,106,133,123,35,104,127,164,186,123,0,255,141,91,72,0,115,146,118,209,126,130,195,80,4,134,83,160,81,108,116,174,106,255,255,135,115,116,234,175,255,85,231,191,79,126,16,43,158,219,212,20,0,226,255,255,191,82,141,143,139,159,159,233,216,26,51,88,84,172,164,48,218,180,38,0,134,134,106,121,77,176,176,155,58,86,110,127,38,5,53,0,30,91,51,248,100,255,255,154,255,46,182,255,158,255,173,118,0,255,0,255,0,0,255,40,204,255
159,33,184,123,255,87,140,99,140,215,167,100,141,193,125,30,104,109,121,99,0,255,97,196,91,6,162,69,102,213,163,102,243,50,86,73,80,176,61,130,61,96,0,239,251,62,115,185,103,141,255,94,209,233,120,80,71,0,165,121,208,106,84,128,255,210,206,207,67,0,141,221,215,215,18,102,100,161,0,244,124,41,196,255,136,1,14,161,236,7,255,144,199,177,0,183,78,59,88,184,146,0,255,29,15,178,0,255,255,222,255,163,162,219,255,255,151,186,10,124,108,255,4,55,189,73,191,255
159,36,171,100,255,85,161,96,142,180,144,101,179,224,49,90,171,119,213,125,18,255,183,172,102,0,160,197,39,107,127,52,191,121,75,112,39,144,90,156,108,153,97,181,143,133,72,107,110,126,231,70,158,188,56,198,220,14,217,255,255,99,176,196,248,233,255,75,220,7,41,156,142,255,208,138,139,19,0,223,232,104,246,192,163,37,27,88,159,0,21,141,255,163,14,123,75,185,139,255,136,0,180,225,3,255,76,255,202,127,255,185,50,247,255,255,0,101,0,169,65,79,0,62,255,99,147,255
168,37,168,122,255,110,151,110,182,179,139,69,181,181,50,83,206,133,191,172,0,255,174,63,178,53,150,216,111,63,127,76,167,55,52,100,139,216,145,76,194,156,142,171,199,128,127,153,192,213,233,108,185,255,31,118,39,0,148,198,255,38,68,255,254,255,255,107,255,3,29,163,222,242,189,173,157,0,57,176,179,179,160,169,88,148,215,8,108,64,0,116,253,233,169,242,60,251,255,204,47,0,228,255,36,255,123,245,255,132,255,255,118,203,26,165,26,206,25,224,0,188,42,0,255,0,230,255
166,44,186,87,255,107,164,100,181,189,132,113,188,193,28,117,197,171,217,135,0,255,178,119,161,0,132,255,142,59,160,41,192,49,54,78,96,238,178,65,166,117,98,159,189,90,98,144,232,255,255,147,255,255,0,183,155,0,142,255,255,14,89,255,168,255,255,147,255,19,51,199,170,213,173,0,115,34,84,225,255,70,119,217,44,77,119,213,126,0,12,255,189,240,102,167,50,129,211,226,127,0,137,255,109,255,89,255,146,132,255,158,197,215,194,255,56,176,0,225,0,208,0,0,255,47,255,255
158,37,182,106,255,103,139,112,177,214,125,119,163,236,63,122,166,138,178,115,0,255,92,175,120,0,144,219,101,128,153,54,223,79,92,94,76,209,76,74,116,163,22,209,176,109,121,133,132,207,255,12,200,255,126,160,179,0,204,207,255,152,72,195,237,255,255,103,189,0,29,201,97,253,170,0,144,92,0,142,179,131,221,219,55,0,36,86,121,0,142,141,218,157,0,154,26,110,101,216,98,0,247,99,0,255,6,255,255,227,255,131,134,163,243,233,166,255,62,255,8,178,0,36,255,0,251,255
163,41,180,95,255,82,145,79,167,206,172,111,170,216,80,87,165,133,217,120,0,255,168,145,105,31,95,170,68,143,100,48,211,72,0,95,106,175,88,116,104,123,72,63,214,125,37,138,204,241,255,104,162,255,69,199,125,18,165,248,255,132,66,164,181,254,255,143,251,0,94,228,71,169,148,0,140,101,140,208,255,27,74,255,102,0,0,74,138,0,148,146,255,121,79,149,0,123,161,255,28,0,91,161,0,255,41,255,185,155,255,84,29,213,255,130,51,33,0,255,181,127,68,0,255,192,156,255
160,38,179,90,255,86,154,101,163,188,140,121,167,182,72,127,119,152,211,126,0,255,161,148,111,6,134,198,122,77,157,58,225,85,32,82,67,185,142,109,112,156,80,182,176,99,34,95,208,255,255,84,217,255,25,150,152,28,173,255,255,99,116,255,192,247,255,130,255,0,89,172,84,223,232,31,111,110,102,212,255,34,155,165,128,0,69,198,100,0,49,245,219,226,58,191,21,69,220,225,181,0,147,187,20,255,84,255,83,112,255,78,93,205,237,245,32,129,0,244,38,95,0,0,255,122,150,255
166,36,160,110,246,45,143,53,184,169,112,122,133,236,51,97,175,127,254,114,0,255,191,113,82,71,149,206,71,68,43,90,210,42,0,157,6,81,112,54,120,27,64,84,221,202,79,33,255,178,252,31,99,233,142,201,220,166,245,207,255,120,148,88,193,88,236,20,228,0,114,66,86,220,160,239,146,48,143,239,255,175,62,147,206,0,140,0,123,0,0,177,250,163,180,255,61,89,121,108,136,0,0,184,77,255,89,255,71,98,254,35,0,255,135,83,37,0,0,236,187,97,73,142,212,146,96,255
166,35,177,138,255,77,134,117,175,196,109,108,162,143,0,77,180,101,203,161,0,255,169,86,88,1,94,179,51,128,127,128,179,120,0,153,104,160,143,124,143,116,123,120,170,185,0,145,184,185,255,171,219,227,96,104,86,2,165,237,219,108,138,233,255,252,255,129,190,51,65,186,132,173,255,27,171,76,61,133,255,51,150,148,14,0,0,119,153,46,119,82,165,178,159,93,105,36,15,152,58,0,57,211,79,255,68,224,102,155,255,123,142,255,145,108,9,145,0,255,19,160,0,0,255,64,0,255
158,23,193,118,234,78,115,72,101,153,142,92,89,138,121,96,83,119,155,94,0,255,81,124,52,0,198,110,110,200,174,155,228,0,25,76,9,42,43,95,0,181,0,255,255,147,148,120,111,207,219,79,255,103,67,46,79,55,157,203,219,21,33,139,255,188,100,137,110,26,136,76,129,192,28,162,19,144,0,227,59,151,142,203,195,100,65,255,156,102,127,96,204,100,91,255,191,131,159,205,192,28,255,0,164,153,39,255,255,0,255,195,138,202,214,215,127,165,0,114,77,170,28,6,255,123,152,255
177,33,203,162,226,87,117,53,115,177,164,66,132,253,51,112,112,158,135,160,78,255,23,145,0,164,87,197,99,179,176,56,68,97,160,109,171,48,117,86,125,83,28,146,147,94,127,196,153,197,255,102,218,151,122,71,0,144,140,211,212,148,155,79,255,212,177,146,188,190,61,106,100,255,17,26,158,255,117,98,88,0,86,88,185,65,124,255,115,54,174,0,245,104,255,219,34,112,16,219,255,162,84,199,38,80,64,255,118,250,222,255,117,66,20,64,144,94,147,45,41,139,90,202,137,0,166,255
163,34,179,153,255,75,106,106,171,166,101,98,141,147,30,93,179,158,209,114,0,255,112,68,75,24,142,150,110,152,156,139,172,83,4,122,68,107,75,75,111,175,65,151,246,204,119,120,239,119,255,46,179,198,83,108,73,81,191,204,157,22,0,255,255,251,191,53,131,92,52,110,125,222,188,96,137,46,11,198,141,189,188,61,62,4,101,121,139,143,27,126,128,232,21,79,149,48,70,6,129,0,71,95,36,255,88,176,255,217,255,194,255,255,15,238,137,149,0,120,0,255,0,0,254,41,214,255
167,39,184,125,255,108,149,90,154,234,157,53,147,227,4,90,194,129,237,144,0,255,96,84,105,77,136,179,139,122,97,61,255,44,62,123,67,190,123,136,117,123,67,126,109,151,106,128,138,209,255,91,192,210,135,127,61,0,177,255,228,91,134,255,255,209,129,153,150,130,86,217,187,254,108,48,160,12,52,82,108,52,181,118,93,104,126,211,204,38,22,17,255,182,17,168,30,207,207,229,16,12,255,255,4,95,54,255,166,255,255,242,170,232,0,169,35,255,71,93,0,194,83,0,255,155,60,255
165,37,176,129,255,106,124,83,130,188,143,104,149,180,59,111,169,121,185,105,0,255,111,101,122,31,158,203,136,143,134,67,211,58,118,149,92,167,155,91,127,88,154,228,255,127,203,131,161,151,235,106,197,201,38,167,64,0,212,213,194,1,91,255,255,255,165,76,209,102,60,153,227,250,132,58,73,72,35,195,221,51,217,162,148,29,170,138,180,140,79,109,187,96,108,97,178,155,106,168,201,0,134,149,83,125,43,255,255,109,255,188,157,255,114,254,176,201,0,171,0,177,51,0,255,27,221,255
164,41,174,112,255,72,134,98,169,184,148,120,188,189,18,63,158,142,217,139,0,255,201,113,133,0,107,170,25,93,127,92,215,82,0,102,62,204,116,55,136,188,145,67,174,196,13,130,184,179,255,134,201,255,44,163,103,0,190,224,255,30,80,255,170,255,255,92,255,0,91,150,56,207,213,55,253,28,96,196,255,44,74,183,82,9,0,0,130,0,73,142,205,232,0,176,80,100,169,236,0,0,128,255,50,255,123,255,143,173,255,119,68,255,223,94,0,127,0,255,83,248,73,0,255,177,56,255
159,33,180,114,255,92,150,148,172,176,118,113,195,118,13,77,143,129,194,126,2,255,124,130,104,0,110,109,51,190,168,105,195,129,61,108,41,188,79,180,100,255,48,233,213,138,0,168,153,131,246,108,215,176,97,108,78,0,141,245,245,81,114,211,255,255,255,119,106,0,78,232,166,243,245,0,89,48,31,144,164,170,255,186,0,0,0,167,198,62,119,129,237,255,0,25,22,140,70,151,49,0,217,167,26,255,102,255,255,197,255,255,215,179,255,255,68,255,0,255,0,232,0,0,255,113,218,255
156,29,177,109,246,67,113,86,192,151,111,89,135,197,54,91,98,103,197,116,0,255,149,153,25,60,193,137,119,96,115,64,238,100,9,53,84,163,84,101,65,183,8,127,167,120,49,117,162,232,214,69,111,218,81,51,113,0,146,255,255,0,44,148,255,184,228,115,211,17,70,119,46,208,144,111,147,110,30,149,177,191,170,131,131,30,24,226,111,0,127,248,134,251,0,255,92,0,225,177,94,0,191,91,0,255,104,227,184,74,255,72,167,171,204,255,132,138,0,219,9,134,17,7,255,145,255,255
161,43,176,95,255,106,164,104,162,207,128,129,172,240,45,134,203,157,222,109,0,255,154,109,138,0,109,255,59,75,121,95,227,98,61,179,68,183,183,142,136,124,109,182,148,182,118,174,188,158,255,75,179,255,8,235,170,0,255,255,255,109,157,255,203,253,255,59,255,0,62,167,162,245,255,25,155,15,10,108,255,173,207,244,27,0,0,32,151,0,0,139,248,234,14,14,86,150,115,176,92,0,255,255,20,255,81,241,176,129,255,148,167,255,255,210,72,159,0,255,0,107,0,0,255,1,225,255
162,32,152,106,247,51,139,77,170,166,120,81,140,219,53,78,152,103,239,133,0,255,180,75,63,76,181,209,54,83,77,77,209,92,5,141,31,113,128,87,118,114,84,87,157,187,52,94,162,185,246,45,104,163,111,160,187,78,182,250,255,99,122,129,179,132,173,66,211,0,85,81,107,214,189,228,135,50,109,186,213,228,171,144,193,68,158,2,138,0,0,172,255,230,101,223,49,132,151,138,134,32,0,174,53,255,140,255,124,171,255,120,0,246,207,157,107,9,0,218,58,52,89,106,255,108,171,255
172,32,169,127,231,50,151,28,159,150,96,94,134,186,41,90,159,110,235,158,15,255,81,56,48,135,129,195,78,72,131,96,140,77,41,159,28,88,167,48,153,104,95,104,168,190,123,125,201,160,218,124,169,147,95,145,152,179,174,201,255,78,154,154,255,151,48,90,206,52,135,82,148,207,111,111,110,86,183,47,236,129,94,117,240,92,175,132,213,0,97,98,187,208,127,134,67,32,53,158,255,25,0,102,65,181,78,183,102,117,232,160,42,255,74,161,28,59,0,105,60,18,133,106,188,151,97,255
165,33,195,126,249,76,103,122,142,200,159,101,109,125,116,107,112,150,155,69,0,255,50,137,33,4,157,74,152,238,139,119,223,125,106,49,36,142,42,163,97,201,0,255,255,108,92,150,145,173,255,71,178,172,93,120,90,19,161,194,233,161,15,131,255,142,106,90,102,29,132,169,215,220,32,97,0,204,12,163,96,136,241,163,92,20,47,248,105,108,255,187,255,221,22,113,28,133,84,73,80,0,162,0,0,255,74,213,255,133,255,40,244,255,255,233,233,174,0,70,0,193,0,0,255,96,190,255
160,34,177,103,255,95,144,135,189,185,140,109,187,205,0,66,163,125,197,135,0,255,123,134,92,0,126,158,81,162,190,59,206,100,14,72,87,245,137,121,122,237,133,107,166,142,12,150,144,208,255,118,185,255,100,155,141,0,116,217,255,62,71,221,255,237,216,110,142,27,43,232,138,255,188,0,112,58,42,140,230,130,217,191,0,38,21,137,124,1,139,210,195,255,0,136,77,108,230,192,0,0,235,202,0,255,181,206,255,225,255,178,209,183,255,174,90,255,23,255,0,186,0,0,255,96,149,255
170,13,160,133,136,0,134,36,255,151,21,58,32,206,3,28,81,77,188,182,3,255,202,25,46,82,213,108,103,40,0,27,206,72,0,143,124,31,155,94,117,0,32,198,255,255,13,192,255,255,81,0,40,143,57,114,136,127,182,175,147,0,6,0,255,0,142,48,96,67,208,225,255,145,65,109,196,8,255,45,69,255,191,131,70,180,188,148,102,0,138,255,179,161,31,255,82,0,184,25,188,105,77,255,212,255,3,255,255,233,255,0,0,48,171,88,116,201,0,255,126,55,189,255,45,255,255,255
158,23,183,135,238,87,104,91,130,153,133,74,89,149,91,86,91,122,118,129,5,255,99,130,32,13,125,58,100,206,138,122,178,107,75,73,18,106,71,106,42,89,0,255,255,110,96,186,158,91,247,106,194,124,93,15,73,43,226,203,224,69,14,105,255,229,176,95,10,74,40,125,149,255,182,205,70,179,0,254,109,58,210,196,113,0,0,164,142,59,121,183,88,202,68,191,108,51,93,99,174,34,196,0,164,255,89,255,255,45,255,193,255,225,202,215,167,82,0,255,119,202,0,0,225,255,153,255
168,37,200,123,252,102,135,114,149,191,138,131,116,171,74,133,152,153,186,83,0,255,107,87,84,15,130,104,129,199,92,91,243,105,43,89,36,150,74,142,97,125,2,240,255,102,65,129,202,112,255,70,206,223,91,113,97,44,255,194,255,166,26,215,255,223,174,103,111,0,74,193,180,255,97,31,27,128,0,215,76,76,239,255,75,0,58,191,104,75,204,171,255,201,29,160,117,160,95,134,62,0,196,70,0,255,67,255,255,164,255,109,181,255,155,195,84,196,0,145,0,255,0,0,255,137,204,255
171,23,180,145,200,72,157,68,170,208,112,41,106,139,47,71,92,74,246,133,33,255,109,81,51,123,177,140,150,47,113,81,100,115,112,160,18,76,84,104,142,140,40,113,146,140,143,183,132,197,255,41,128,109,111,0,186,118,66,114,181,168,166,146,255,149,98,124,116,142,68,150,140,214,32,52,71,100,83,0,60,149,241,43,255,146,255,227,162,0,98,39,207,227,255,255,11,138,51,255,245,82,235,255,60,0,77,145,113,237,184,254,15,161,86,163,150,255,138,0,87,108,158,98,255,152,140,255
161,27,194,126,234,88,132,93,115,182,152,85,89,187,89,96,149,136,96,69,30,255,78,166,15,65,178,81,103,238,121,103,215,79,51,122,48,75,135,173,38,45,0,222,165,117,104,176,128,88,255,98,213,169,147,0,41,0,180,194,165,176,73,102,255,162,193,155,53,77,122,181,157,220,137,137,46,208,0,128,88,46,188,255,146,44,0,233,151,59,205,97,227,253,28,219,183,122,170,56,110,41,248,62,37,224,0,255,255,124,255,174,255,200,255,255,245,240,63,78,101,233,90,0,240,44,93,255
168,25,174,126,198,61,157,54,193,165,66,53,106,224,25,117,143,81,235,142,0,255,122,96,48,166,187,170,141,42,21,63,205,110,10,161,0,58,156,93,122,53,0,159,93,172,83,109,238,189,223,52,80,111,169,102,226,107,132,172,255,172,162,96,255,40,84,142,43,108,128,167,179,217,98,135,90,133,85,0,104,240,196,252,206,121,210,208,185,0,39,198,228,177,86,255,54,88,246,140,117,0,109,163,44,132,6,255,135,163,137,139,0,233,111,161,39,194,75,105,138,149,138,78,203,227,255,255
169,44,185,120,255,67,99,111,189,180,106,78,117,174,18,104,194,173,214,110,0,255,173,24,108,94,133,169,108,132,97,64,255,84,0,141,74,200,94,55,116,116,39,70,113,236,83,116,139,159,255,100,154,182,93,97,85,0,243,201,219,249,0,225,116,255,248,97,242,75,107,26,67,230,85,189,153,75,45,142,178,140,169,197,0,0,54,65,191,0,82,155,235,226,0,105,30,140,230,40,0,134,226,255,2,255,138,229,197,210,255,38,135,255,0,207,132,212,0,132,51,255,95,0,255,255,122,255
168,37,165,117,246,70,132,76,208,147,84,85,114,185,19,94,185,103,207,125,0,255,152,93,102,78,156,154,101,127,51,50,225,77,0,117,50,110,143,48,150,11,9,111,150,180,65,54,255,234,247,56,122,247,136,141,146,57,255,205,255,125,60,198,236,116,255,87,241,83,114,110,169,182,147,255,165,50,159,185,214,248,114,151,0,0,155,49,245,0,22,206,235,159,116,255,0,160,187,127,96,67,86,255,86,255,88,255,154,184,255,174,52,255,95,255,54,190,0,255,133,224,139,0,255,196,89,255
161,39,182,114,255,95,138,86,160,188,134,105,148,204,60,106,135,141,207,103,0,255,138,134,86,29,110,171,106,118,138,77,223,102,49,126,73,159,106,130,60,188,79,144,160,116,81,160,154,211,255,78,126,213,61,132,84,0,212,244,255,87,106,224,255,255,242,126,235,17,39,177,94,255,156,24,106,60,3,82,185,143,224,200,41,0,40,128,130,0,91,130,255,189,0,125,41,102,162,191,85,0,229,192,0,255,75,255,255,143,255,161,120,200,181,255,82,193,24,207,19,174,66,0,255,135,250,255
168,29,168,123,213,59,154,63,221,170,54,71,89,199,47,85,171,113,255,159,0,255,196,85,60,138,176,135,131,39,0,45,254,136,0,121,2,26,169,84,112,0,3,144,126,142,34,115,255,241,243,43,59,150,180,101,235,69,245,171,255,187,125,107,255,42,186,98,183,40,131,108,153,128,117,244,139,113,163,178,155,232,142,141,65,0,203,74,225,0,63,230,202,235,64,255,0,0,113,31,160,92,67,243,167,255,32,255,100,255,255,136,0,255,166,193,29,132,0,255,126,67,101,117,157,218,255,255
166,41,172,93,255,72,136,104,199,163,109,94,170,210,1,115,152,151,194,133,0,255,195,119,113,0,163,237,59,69,110,30,210,89,39,121,35,182,173,72,124,95,71,118,184,191,70,148,177,255,255,118,166,255,28,184,156,1,176,255,255,8,56,246,91,229,255,86,248,19,45,97,124,219,145,83,171,5,96,231,255,255,197,181,54,81,112,80,117,0,0,255,218,255,46,222,82,152,216,137,66,0,108,255,67,255,140,255,99,68,255,84,183,255,179,225,121,137,0,247,26,182,47,0,255,127,198,255
170,40,183,102,249,66,116,98,173,151,135,97,120,166,52,137,161,152,209,121,0,255,175,119,121,19,183,168,103,87,144,94,214,35,0,58,74,185,166,47,164,98,83,107,253,135,96,106,255,250,255,59,172,240,17,153,109,87,204,251,255,24,0,255,158,188,232,91,246,37,38,118,86,166,98,209,50,89,81,255,255,72,127,31,99,97,187,162,86,0,0,255,226,239,125,255,77,190,246,161,122,49,63,180,156,255,113,252,138,131,255,156,245,255,166,255,77,23,0,88,40,194,17,0,255,106,134,255
165,41,176,86,255,79,134,80,181,172,111,92,148,250,42,136,150,158,207,105,0,255,202,146,89,31,137,255,82,41,101,36,207,60,36,109,40,149,132,88,109,53,60,109,233,167,63,146,176,255,255,91,133,228,49,214,201,22,203,255,255,59,64,178,115,222,249,80,250,0,30,90,71,251,117,80,141,49,100,209,255,136,157,168,163,0,108,79,74,0,0,255,234,176,67,183,63,137,133,138,90,0,46,224,105,255,56,252,91,38,255,1,50,241,102,255,151,123,0,193,21,99,72,0,255,98,255,255
168,37,203,101,238,63,135,85,166,147,135,102,91,180,58,160,121,133,220,110,0,255,191,127,63,33,168,139,121,70,102,53,255,78,42,45,41,160,155,73,104,113,67,121,182,128,32,75,253,255,255,26,163,174,8,96,150,58,194,244,255,126,40,213,179,212,255,132,255,0,52,133,32,198,83,135,89,164,53,167,255,70,136,121,131,0,25,255,133,0,83,255,255,215,70,255,55,106,215,213,40,61,191,166,0,229,101,255,80,0,255,62,158,253,143,230,0,158,0,101,56,181,24,0,255,230,85,255
163,39,175,93,255,71,122,86,174,168,146,103,165,164,60,97,139,135,217,104,0,255,174,128,111,32,106,200,111,76,113,93,198,41,11,121,64,153,109,74,117,153,94,103,189,165,68,107,185,255,255,80,216,249,27,152,121,51,150,255,255,23,57,212,125,255,253,65,255,18,33,139,52,213,160,76,119,6,143,180,255,126,133,99,101,29,94,168,117,0,0,221,222,216,41,250,4,75,240,189,83,0,59,189,70,255,114,255,122,124,255,58,114,213,90,255,40,129,0,212,58,150,76,0,255,147,203,255
167,31,173,115,219,72,149,65,208,165,78,36,88,215,24,116,162,116,249,136,0,255,171,91,89,105,188,141,152,22,19,33,234,81,29,73,60,90,168,113,85,27,46,113,174,132,51,129,248,255,249,50,76,216,76,118,188,32,174,234,255,93,41,198,255,113,166,115,191,52,88,179,128,161,98,138,119,103,175,133,117,219,138,168,167,85,195,120,173,0,11,255,195,250,45,255,44,78,179,124,65,121,74,235,139,255,32,249,151,170,255,197,37,255,159,186,82,138,5,213,18,93,133,0,255,195,255,255
168,39,183,103,251,88,129,97,179,161,125,88,144,199,23,129,185,163,188,110,0,255,116,93,108,113,140,184,169,107,116,63,190,71,103,130,104,184,171,83,155,117,13,149,142,167,123,169,114,240,255,77,204,243,63,151,174,16,174,217,238,136,39,254,177,226,193,69,245,136,81,151,170,243,106,107,128,101,109,107,186,151,144,209,50,52,84,228,202,0,83,172,239,218,12,113,67,81,255,156,109,41,150,255,0,255,130,208,195,156,255,101,164,145,90,255,75,186,39,134,42,227,42,0,255,220,173,255
166,41,175,112,252,85,130,87,172,188,127,65,118,212,46,103,172,138,223,110,0,255,154,75,86,90,127,160,133,88,92,41,212,67,24,107,81,156,109,115,117,104,76,101,165,140,112,154,157,229,248,86,124,232,91,149,143,0,207,255,255,134,47,209,200,234,190,96,212,12,106,147,139,218,101,111,118,83,163,171,158,127,133,172,91,23,107,136,172,0,18,192,255,167,72,154,6,156,185,245,33,22,99,198,3,255,128,255,175,58,255,91,109,255,75,209,117,128,23,255,25,192,95,0,255,186,176,255
168,40,206,116,253,128,157,79,150,202,109,146,104,227,77,149,123,155,200,106,0,255,92,130,89,4,133,224,164,155,83,27,229,121,99,101,34,191,128,80,29,90,0,251,253,70,148,147,236,186,255,33,204,203,100,109,152,0,255,184,255,165,66,255,255,255,242,129,188,62,0,204,210,255,54,80,42,163,0,188,106,82,255,255,68,0,66,255,164,111,159,64,254,109,68,215,78,102,156,249,107,0,255,133,0,222,31,255,255,131,255,62,91,255,87,255,91,246,19,0,12,255,0,0,255,83,250,255
163,37,176,100,255,93,129,77,157,169,126,100,141,203,69,123,143,144,217,107,0,255,135,133,99,56,131,204,111,79,115,88,202,108,73,135,67,137,95,91,92,132,45,164,197,157,102,123,175,182,255,51,150,158,66,166,195,6,221,254,255,141,72,248,224,255,204,60,235,51,33,137,114,255,153,138,117,104,91,114,209,112,211,142,133,0,83,175,136,12,45,158,255,153,35,116,27,69,175,166,172,0,118,196,15,255,100,255,161,136,255,37,53,246,38,255,56,165,0,93,0,120,9,0,255,175,255,255
173,42,209,99,248,93,136,84,148,168,136,143,94,211,71,152,148,155,178,82,0,255,128,111,82,39,146,196,131,123,120,58,242,64,95,121,52,154,180,51,159,103,65,157,227,162,140,136,194,215,255,45,172,182,12,180,98,43,245,207,255,86,0,215,170,254,221,95,255,68,69,193,149,237,30,93,68,124,108,148,145,35,181,242,84,9,31,231,135,19,162,190,255,80,80,212,96,116,81,244,92,0,122,251,0,236,61,255,200,80,255,24,127,237,133,255,36,108,0,0,98,238,0,0,255,170,73,255
165,36,177,108,254,97,103,84,153,177,155,106,127,147,73,83,115,144,171,122,0,255,161,144,84,2,136,129,121,134,127,140,171,86,7,101,73,151,92,67,75,135,50,173,255,134,87,181,199,174,230,120,179,199,59,96,56,68,171,242,251,58,35,185,253,255,194,75,176,130,40,150,124,255,185,190,77,73,28,158,217,40,213,133,54,0,78,146,32,77,38,180,143,134,99,181,23,104,186,178,112,0,141,221,82,255,135,255,255,146,255,50,166,227,144,255,63,92,0,75,57,180,0,0,219,101,240,255
174,25,162,125,214,47,120,53,223,96,28,113,99,167,9,107,195,85,173,116,0,255,141,115,113,112,214,56,103,145,0,58,248,91,0,150,53,0,98,13,151,0,0,114,114,222,20,3,255,148,146,0,85,202,99,176,209,209,255,155,255,89,118,113,255,43,255,28,76,113,62,85,255,137,144,255,197,164,229,205,214,255,53,50,45,69,109,74,255,22,82,212,176,168,120,255,0,116,255,43,91,154,0,194,143,208,16,255,216,216,245,218,0,255,43,153,0,138,0,242,230,255,84,177,97,255,0,255
160,36,189,99,251,81,116,94,168,136,70,78,123,204,48,153,105,112,153,84,0,255,156,165,23,92,154,155,107,90,112,101,255,101,99,144,58,167,112,108,65,144,0,155,128,160,42,114,215,243,212,6,101,186,49,87,181,0,205,255,229,76,60,178,173,246,255,123,183,70,0,42,86,255,160,86,144,192,17,87,202,249,255,175,117,0,38,255,104,0,101,198,211,255,0,221,111,79,255,121,27,0,197,203,0,255,71,183,137,129,255,79,184,181,93,255,189,235,0,121,28,126,63,24,255,160,255,255
162,39,178,117,255,95,115,117,167,178,117,110,144,182,60,128,137,176,183,136,0,255,131,141,98,23,136,184,121,143,144,129,180,102,28,159,101,171,149,122,127,157,75,220,240,168,91,128,195,195,255,113,196,245,112,166,154,5,175,255,255,0,42,252,255,232,196,66,200,91,107,148,156,255,209,86,109,128,99,240,222,78,147,132,40,0,178,169,202,12,40,208,140,203,24,78,106,109,170,98,164,0,164,152,109,255,47,255,181,146,255,87,184,179,174,255,153,138,0,255,0,224,0,0,255,69,255,255
172,39,197,106,233,47,100,73,149,113,133,56,106,179,73,124,117,131,151,71,0,255,118,156,68,137,185,143,121,106,147,76,195,70,88,114,114,93,116,79,151,131,25,112,171,165,93,77,143,237,185,58,90,128,0,154,147,43,174,255,251,104,0,160,161,223,203,105,255,102,40,122,80,210,0,109,100,152,110,161,176,130,125,192,156,73,89,249,190,0,139,178,255,185,47,212,64,90,156,215,133,80,97,104,13,248,45,204,201,80,255,136,117,208,169,255,111,80,0,70,95,150,0,36,220,189,88,255
169,46,184,109,255,86,115,102,147,189,133,84,149,167,35,98,176,192,167,140,0,255,157,97,173,38,90,202,125,116,169,99,146,89,38,146,98,114,146,70,124,122,110,140,155,144,98,102,126,207,255,177,209,255,7,198,157,32,136,255,255,78,2,220,163,255,181,83,239,105,56,187,180,165,106,82,156,42,187,225,173,0,143,211,0,19,111,159,180,39,98,172,187,108,86,166,89,136,132,145,98,0,88,255,85,255,47,255,174,255,255,231,231,157,167,253,49,65,0,243,65,255,0,0,255,129,211,255
166,37,180,110,253,82,113,85,177,124,67,108,143,188,21,134,166,145,185,70,0,255,152,120,114,79,131,212,117,88,103,102,210,89,93,196,51,114,133,48,99,89,9,128,185,206,91,113,138,167,226,37,154,179,60,132,218,0,225,248,246,94,44,249,184,255,255,68,202,132,0,93,98,242,145,129,140,133,94,138,253,182,203,185,63,0,107,209,241,0,54,106,225,148,25,100,105,118,193,150,128,0,100,213,83,255,76,196,166,103,255,76,84,238,30,255,81,187,0,122,0,255,0,7,255,144,248,255
163,38,165,93,255,78,101,78,173,112,76,81,127,207,12,129,148,108,163,119,0,255,161,181,110,91,148,197,71,115,100,101,168,89,42,128,75,119,117,44,80,87,0,110,139,176,40,95,195,200,150,43,154,186,92,178,255,0,233,255,255,37,53,151,229,165,237,64,157,132,0,98,190,206,180,245,86,71,101,189,238,240,255,172,0,0,96,126,216,0,0,162,212,237,50,204,60,170,254,199,8,0,0,201,211,255,61,255,214,223,255,116,15,140,71,255,85,79,18,255,81,251,0,107,255,213,199,255
166,41,153,104,255,77,106,107,190,128,87,69,206,187,0,55,231,106,175,175,0,255,136,124,166,23,175,222,92,46,134,100,143,103,41,142,18,154,144,87,70,158,7,91,125,235,0,135,143,188,147,131,160,201,0,184,140,0,139,255,255,0,143,154,131,207,186,56,77,165,0,108,255,220,221,225,106,0,15,222,255,255,153,132,12,181,141,75,196,0,0,164,217,255,11,207,104,48,255,42,43,0,0,241,255,255,144,246,255,255,255,252,69,166,140,255,0,85,48,235,0,255,0,0,255,76,240,255
165,38,163,110,255,84,111,96,194,99,70,83,168,163,0,91,210,111,194,138,0,255,150,157,154,0,169,192,76,63,129,86,198,46,36,113,52,137,121,32,80,135,0,111,130,171,31,101,244,181,168,73,198,233,83,129,194,0,183,255,255,0,135,255,239,219,255,57,145,167,7,122,167,179,227,209,88,0,93,237,255,231,177,88,0,0,180,143,238,0,0,168,207,255,4,255,122,125,255,133,119,0,26,255,253,255,92,255,215,222,255,206,100,230,71,255,0,170,0,248,0,255,0,0,255,90,195,255
160,38,171,107,255,90,125,120,170,166,109,119,177,177,21,87,164,144,196,161,8,255,150,186,116,0,141,197,71,90,174,151,162,108,19,145,72,134,171,86,102,199,54,174,139,184,5,123,170,177,227,134,185,214,81,172,188,9,112,255,255,0,136,255,215,247,255,92,189,79,99,171,134,205,236,97,104,51,79,233,220,151,144,143,0,11,67,159,218,1,8,186,208,194,0,147,85,27,187,158,177,0,130,192,147,255,77,255,173,170,255,180,132,128,202,249,0,119,0,248,0,218,0,20,255,44,176,255
165,31,168,106,239,75,141,85,195,137,57,81,133,226,7,121,133,123,185,119,0,255,164,124,74,99,171,214,119,80,42,74,197,58,69,218,68,119,123,80,76,65,0,228,168,236,44,132,192,251,162,0,117,188,42,156,148,45,193,229,238,35,97,193,245,118,207,71,164,115,3,112,254,252,208,201,156,67,128,127,232,255,173,255,137,151,145,142,195,0,0,248,178,220,0,130,94,104,255,113,72,60,159,255,95,255,118,128,193,114,255,162,0,255,137,239,0,33,0,105,44,87,8,111,255,125,149,255
160,25,195,142,244,94,141,93,124,162,129,121,104,180,91,70,115,169,157,61,0,255,125,110,48,18,163,110,146,167,156,101,210,56,73,96,136,102,60,109,92,82,71,231,255,90,79,181,138,105,253,146,171,252,118,30,52,20,255,126,226,50,0,255,255,121,137,129,173,18,73,132,105,255,93,143,113,181,0,255,101,51,152,255,127,92,92,220,89,156,98,77,138,195,103,234,212,0,50,196,189,0,240,75,70,255,138,255,255,95,255,230,255,255,227,234,204,150,0,76,10,255,0,91,166,0,159,255
159,27,155,87,234,77,122,46,160,154,69,92,95,197,60,167,67,82,147,127,0,255,165,152,87,116,170,167,91,111,64,120,125,131,50,153,33,75,141,51,66,87,0,175,255,162,8,66,188,255,238,1,49,183,120,39,240,82,255,233,255,143,67,128,239,117,191,120,168,0,0,78,166,255,223,250,141,154,88,123,103,227,255,152,146,34,129,41,134,0,0,255,34,133,195,255,70,137,229,194,41,0,0,150,6,255,28,215,212,195,255,98,0,140,169,126,45,180,0,255,185,123,86,170,169,127,220,255
164,39,180,100,255,102,127,85,168,181,118,92,150,183,40,122,154,168,193,133,0,255,159,135,141,28,151,216,125,53,130,101,165,93,74,115,97,172,135,74,123,84,47,183,233,118,124,142,159,223,234,121,165,255,26,159,170,32,183,255,255,22,34,255,244,220,200,112,196,132,42,155,165,255,169,128,97,42,75,231,209,98,192,180,53,48,144,220,112,0,0,236,156,168,112,197,58,35,200,224,171,0,175,248,105,255,87,232,149,95,255,86,197,159,96,255,37,158,0,158,0,181,0,0,255,74,255,255
171,45,181,98,255,100,129,83,161,188,135,76,145,218,36,143,201,167,185,137,0,255,158,100,153,72,127,233,127,56,89,66,174,95,70,146,115,180,144,48,150,83,43,140,207,148,95,143,168,219,239,83,183,255,0,171,167,0,255,244,255,81,22,233,222,254,212,94,215,22,29,138,177,255,136,166,158,16,150,195,217,162,148,223,64,53,159,62,159,0,0,195,255,225,83,225,66,163,195,225,0,0,74,255,46,255,112,255,245,144,255,174,109,170,29,192,58,207,31,255,0,190,61,0,255,25,236,255
167,39,166,111,255,93,113,45,173,170,110,75,155,189,38,97,177,152,180,143,0,255,134,163,135,60,150,202,110,89,100,151,134,76,36,180,68,150,106,68,92,134,0,134,227,171,112,97,140,157,129,59,116,227,84,118,161,81,198,208,255,68,119,209,211,200,150,62,147,153,25,190,228,255,182,255,85,0,63,108,232,160,124,190,122,72,148,104,141,0,0,82,157,133,4,217,40,66,255,99,101,0,112,172,159,255,35,255,255,248,255,153,67,221,64,168,0,112,34,145,8,213,0,10,248,113,252,255
165,30,185,106,237,92,122,57,183,118,43,112,103,225,29,156,112,108,177,91,0,255,150,172,51,115,158,177,128,90,32,64,247,96,31,156,63,103,94,36,101,55,0,158,176,193,28,75,255,206,233,5,59,138,115,116,211,11,255,249,255,92,68,158,255,159,255,111,192,144,16,126,109,255,155,189,168,229,82,141,198,214,188,242,35,0,45,176,247,0,129,162,189,101,17,219,100,97,230,216,42,0,73,212,86,255,30,255,152,110,255,97,0,211,32,255,18,174,0,138,102,233,79,139,167,220,200,255
169,38,184,100,235,69,96,32,155,106,83,71,105,184,57,180,125,120,154,110,0,255,170,228,121,28,199,242,95,66,76,83,114,51,126,79,51,103,162,0,87,46,0,144,255,94,55,42,216,255,163,0,96,186,9,135,255,145,255,191,255,43,18,204,223,189,228,107,166,143,0,81,138,255,120,201,20,116,71,255,255,137,164,223,168,76,120,138,105,0,63,234,96,133,189,255,80,113,238,255,112,0,0,115,255,255,19,249,174,16,255,90,0,255,139,255,45,112,0,169,33,124,0,70,222,154,193,255
164,31,173,106,241,80,110,76,168,172,108,69,113,179,55,123,134,134,149,101,0,255,94,149,120,61,160,184,133,127,145,101,133,89,104,114,91,151,128,58,123,66,43,200,213,130,90,101,108,233,193,106,121,228,74,167,193,81,141,242,255,76,17,241,224,175,161,112,171,173,29,160,177,255,151,151,77,116,108,176,154,114,172,173,106,64,119,215,142,0,89,255,161,131,139,194,91,55,170,152,213,0,104,122,83,255,46,219,184,142,255,75,161,182,138,248,111,130,0,166,0,196,0,14,255,142,228,255
162,40,171,90,255,95,134,69,149,183,141,62,154,198,73,122,111,142,173,144,0,255,149,200,132,24,164,207,96,55,151,77,112,121,125,98,78,166,125,71,122,125,11,179,206,92,83,107,128,230,180,101,137,216,19,142,213,50,206,255,255,47,121,241,194,185,138,118,255,77,22,169,148,255,122,201,102,49,82,234,194,148,207,200,112,80,120,175,152,0,1,254,190,170,103,196,19,80,178,255,204,0,108,224,103,255,68,255,204,142,255,70,106,121,131,255,30,114,0,167,0,118,0,17,255,113,255,255
162,36,181,118,255,96,135,129,164,204,157,121,140,178,78,97,130,149,205,82,0,255,142,98,79,0,115,159,95,180,155,134,226,98,10,89,71,190,54,150,97,186,71,224,255,146,68,177,165,146,255,98,186,213,74,131,76,0,235,230,222,159,23,255,255,216,188,98,151,3,96,199,149,241,185,78,81,127,0,207,168,84,255,157,20,0,26,71,49,103,72,168,255,208,20,25,48,186,102,179,95,0,250,176,0,255,166,213,255,162,255,117,202,255,255,235,99,137,0,117,0,171,0,0,255,106,193,255
163,44,179,92,255,107,171,98,160,200,142,119,172,246,37,122,193,174,227,115,0,255,155,113,128,5,105,255,97,114,140,61,230,74,28,129,84,226,186,108,132,127,95,164,169,145,86,143,208,225,255,96,233,255,48,218,149,0,238,255,255,96,133,255,213,223,255,118,255,0,70,181,133,211,216,0,135,48,57,171,255,112,133,255,7,0,32,84,176,18,17,158,234,202,42,66,78,116,181,207,118,0,195,255,9,255,105,255,218,174,255,155,119,219,241,232,69,154,0,255,17,142,36,0,255,15,166,255
161,31,200,116,255,96,139,111,113,196,161,120,107,172,108,122,86,118,178,75,0,255,91,105,32,0,151,134,109,216,105,25,255,86,73,120,35,152,84,185,15,129,27,255,255,38,66,165,150,125,237,77,249,172,58,41,0,0,255,255,255,112,103,90,255,198,168,167,103,0,111,228,191,224,103,0,5,139,0,205,80,0,255,255,130,0,27,255,155,103,178,118,255,182,40,196,55,137,124,173,132,0,255,0,0,213,51,255,255,48,255,26,165,213,255,255,190,186,0,133,0,133,38,0,255,118,103,255
170,42,187,100,255,109,141,85,157,177,130,119,156,200,44,112,201,172,189,108,0,255,124,136,158,9,146,227,126,109,156,79,187,64,83,86,72,173,149,29,164,95,82,161,246,134,116,145,176,184,255,104,208,241,4,204,129,24,205,217,255,47,34,255,215,251,207,104,186,83,9,151,172,243,63,47,100,53,80,196,255,72,199,230,45,30,80,169,142,45,101,192,212,116,102,173,128,100,123,174,172,0,95,255,38,255,49,255,255,155,255,149,195,232,111,245,23,159,0,23,14,192,0,0,247,54,255,255
168,35,216,99,234,80,132,93,158,129,129,118,96,175,96,131,75,149,197,78,1,255,137,166,6,47,179,137,121,124,152,74,232,91,80,102,52,152,106,106,100,133,7,197,244,139,107,123,212,255,255,56,124,120,21,127,105,12,159,237,215,56,0,199,232,230,234,140,255,33,65,164,159,189,0,72,77,167,16,178,130,135,160,179,163,72,8,255,124,20,140,228,255,171,39,186,55,27,181,224,105,0,255,122,0,255,85,202,133,0,213,32,138,183,171,255,105,202,0,0,56,255,0,0,255,162,133,255
170,48,182,98,255,63,126,83,153,206,172,110,143,212,84,109,171,156,228,83,0,255,225,111,117,76,117,249,79,60,120,115,189,64,0,166,49,129,106,66,110,107,119,56,234,199,77,125,193,155,255,100,169,212,3,199,106,92,243,229,255,127,58,181,121,253,236,90,255,0,39,128,92,161,77,136,173,26,188,255,255,107,71,147,174,0,85,48,94,0,0,201,255,119,129,205,1,80,118,187,105,0,39,196,6,255,106,255,125,104,255,20,61,255,123,167,8,82,0,152,155,80,132,0,240,153,92,255
167,39,199,94,239,55,129,73,177,140,121,104,127,198,62,137,97,151,192,86,0,255,173,160,61,87,170,222,165,54,118,60,178,27,69,124,38,111,149,64,87,48,0,141,229,140,91,89,175,255,243,79,128,187,29,176,159,111,150,255,255,0,0,180,207,164,217,94,255,45,40,140,148,170,2,117,64,97,116,255,255,56,90,197,194,79,106,255,86,0,43,255,229,102,110,242,89,50,159,223,204,0,117,146,164,255,39,152,25,32,201,42,80,229,176,255,47,0,0,39,83,146,0,0,252,188,182,255
164,39,192,87,249,80,130,84,155,190,145,122,120,200,75,130,124,154,167,88,0,255,171,157,103,45,152,210,140,108,125,67,203,28,28,95,85,117,114,107,126,88,72,158,223,126,93,104,148,253,255,105,163,219,0,127,118,69,191,235,255,54,0,162,189,195,217,89,185,4,127,142,151,197,64,87,109,152,110,234,250,29,168,255,111,35,50,197,127,0,71,216,225,62,107,255,61,124,86,255,115,0,158,159,8,255,84,253,107,25,255,98,124,234,255,237,89,46,0,153,77,128,0,0,187,113,172,255
176,41,178,105,233,45,96,40,172,143,114,18,136,171,33,68,118,149,170,128,1,210,155,88,147,87,193,254,129,10,104,76,96,40,99,178,70,107,127,48,64,0,52,104,229,112,106,19,72,255,154,158,61,172,0,180,160,78,186,125,239,100,0,170,138,235,106,104,176,82,42,94,234,175,0,153,116,0,93,239,255,172,26,255,255,213,180,156,44,0,0,255,213,73,162,255,70,0,216,150,165,0,0,106,175,255,85,138,237,33,235,137,54,230,63,126,6,157,0,105,74,60,129,0,15,151,61,255
172,32,182,116,192,21,94,8,193,121,78,79,100,138,32,51,142,100,156,99,0,247,162,161,88,142,178,121,130,101,25,102,101,27,14,175,31,0,177,10,56,0,0,55,223,183,61,36,164,255,168,53,33,155,100,98,118,144,168,105,218,42,22,116,255,97,225,134,218,126,52,122,219,130,0,188,84,47,204,200,148,210,0,140,120,93,118,218,198,0,199,183,104,4,238,255,0,0,190,157,113,0,22,186,134,234,9,181,141,142,241,138,0,219,129,129,0,243,0,241,255,155,41,15,64,255,43,255
167,40,206,88,255,90,150,105,153,177,141,143,141,187,69,153,104,190,196,91,0,255,140,134,93,0,129,152,143,151,149,63,239,51,33,69,51,204,130,109,81,139,62,195,241,84,41,105,211,255,255,90,247,255,25,162,85,32,184,240,255,68,38,228,225,222,171,133,211,0,78,167,135,193,92,33,27,136,45,238,200,52,193,254,60,2,28,255,81,48,129,199,255,165,48,212,93,119,248,244,82,0,126,97,0,255,83,255,194,120,255,42,169,173,225,255,100,99,0,68,35,234,0,0,255,131,110,255
164,35,165,96,229,60,113,85,182,172,102,76,169,184,0,75,141,120,203,135,7,251,119,87,112,85,157,229,129,30,115,40,114,19,92,163,62,96,125,62,16,98,11,78,164,169,64,89,59,255,225,82,124,173,44,177,181,83,91,236,230,49,43,174,140,210,116,34,166,145,31,179,235,187,106,85,89,0,112,202,153,126,146,230,205,106,143,221,28,0,54,237,166,183,36,255,95,0,255,164,112,0,4,171,141,255,139,162,108,234,128,72,0,168,81,152,33,106,0,105,138,118,0,0,255,208,150,255
166,41,191,102,255,66,111,81,150,209,140,129,102,175,58,120,140,127,177,96,0,255,168,117,92,60,81,158,141,154,127,115,178,72,0,149,52,114,145,71,69,109,103,90,241,187,38,117,179,192,255,83,211,225,36,92,69,55,179,201,255,126,4,173,208,255,171,112,149,39,78,147,85,205,155,119,45,149,104,198,206,0,243,201,35,0,22,132,113,58,123,161,223,70,114,243,45,156,105,250,0,0,98,192,0,216,103,255,104,215,255,90,116,227,204,197,65,74,0,149,177,141,33,0,244,248,108,255
162,33,171,101,240,71,118,69,168,157,111,77,148,172,33,93,106,113,194,126,0,255,128,126,93,76,162,213,134,45,107,49,153,67,95,146,113,150,78,56,78,77,27,160,201,141,93,102,131,255,249,115,113,175,36,141,170,56,162,210,226,61,56,245,227,196,134,77,244,117,54,121,149,221,113,110,145,78,102,218,181,130,144,214,161,86,126,223,123,0,25,238,122,174,68,196,52,0,208,253,201,0,103,191,154,255,131,122,103,98,255,65,40,231,104,255,41,127,0,159,17,101,8,0,255,163,194,255
166,43,193,97,255,93,145,101,161,214,154,140,155,194,75,138,160,175,229,101,0,255,176,129,105,0,75,197,96,124,117,68,238,74,0,106,34,175,93,92,86,136,114,155,254,89,58,135,231,199,255,77,242,255,51,161,105,39,222,255,255,166,70,207,189,255,255,109,255,0,56,204,47,186,199,21,64,89,103,228,254,37,193,206,21,0,15,105,63,45,73,203,255,154,92,143,0,177,162,240,34,0,153,139,0,255,98,255,152,140,255,56,124,255,195,219,64,130,0,182,70,169,25,0,255,127,166,255
163,38,194,86,255,85,134,89,171,156,127,133,154,216,83,125,120,174,221,100,0,255,154,156,84,17,154,213,119,101,146,63,228,93,39,95,71,174,113,97,106,155,87,150,242,121,89,126,164,255,254,68,169,255,9,168,163,6,180,255,255,23,25,175,150,255,227,115,255,9,47,144,91,179,100,35,143,102,102,204,255,99,176,176,115,50,54,253,157,0,72,197,245,156,50,186,31,57,193,252,157,0,126,93,0,255,92,255,142,58,255,25,103,137,212,255,76,76,0,136,45,184,0,42,255,84,186,255
163,32,158,93,245,77,131,81,153,155,129,71,175,163,35,61,136,114,189,158,18,255,137,143,110,31,207,194,75,55,141,67,116,108,112,106,83,133,84,70,85,141,61,149,164,137,53,110,87,199,198,123,135,144,15,121,189,73,115,184,233,45,121,255,203,203,141,77,168,105,48,129,194,222,114,151,116,28,99,234,201,207,206,193,157,93,98,180,127,0,8,249,160,187,68,241,122,0,213,238,255,0,55,190,79,255,132,221,188,136,219,84,51,157,146,172,0,102,0,112,29,89,0,47,255,76,129,255
158,21,191,126,250,94,103,111,101,176,118,84,98,99,69,116,133,124,131,92,0,255,86,71,80,0,164,97,139,202,141,111,234,52,86,61,0,103,66,165,88,106,0,255,255,43,72,149,206,100,209,36,199,129,15,88,109,71,243,203,255,73,25,190,255,206,150,41,0,21,66,145,199,184,116,64,0,115,0,233,71,0,249,228,130,70,89,196,95,114,63,99,196,117,133,232,53,158,139,0,127,41,116,0,255,241,138,155,255,2,255,235,223,255,234,104,47,148,0,255,118,166,0,0,238,46,167,255
161,31,196,115,252,59,104,130,139,179,159,111,137,115,86,117,75,131,182,83,0,255,105,123,35,40,147,66,114,190,114,90,213,116,46,82,60,133,53,193,60,220,90,248,246,107,6,85,146,228,248,82,202,216,17,73,49,75,131,246,219,175,34,114,255,209,129,123,144,67,163,112,103,227,169,0,0,204,49,184,113,66,229,147,196,49,103,239,61,44,132,179,255,217,28,175,6,109,207,202,50,0,129,0,0,204,126,255,170,94,255,0,137,185,255,255,167,152,0,216,0,109,11,15,255,131,1,255
165,37,157,106,255,52,133,83,187,165,81,83,182,206,6,54,190,134,217,175,0,255,164,76,87,53,175,221,66,45,85,53,159,98,50,215,17,102,119,107,59,132,53,132,152,221,90,166,144,205,157,127,91,214,27,227,141,19,138,244,255,74,109,137,172,178,166,35,142,66,69,37,255,255,166,252,175,0,68,201,230,255,169,212,205,196,136,0,108,0,0,187,230,255,0,178,73,48,255,56,0,58,78,255,18,255,196,179,165,183,178,152,61,255,255,78,14,0,0,118,77,73,0,93,255,85,210,255
164,25,155,104,202,35,129,67,198,183,82,65,114,194,47,31,135,125,222,169,13,235,186,29,72,108,162,220,108,73,8,72,178,72,20,195,62,72,114,102,82,67,26,160,193,235,63,176,113,253,185,88,76,124,83,139,167,105,120,193,183,107,55,67,163,86,123,27,138,35,106,27,226,200,136,206,175,11,123,77,166,255,194,212,169,149,151,48,102,0,2,204,160,231,32,238,34,0,196,38,110,90,27,228,139,255,132,196,200,217,221,26,0,147,184,43,52,0,0,213,46,0,49,157,89,176,255,255
163,34,163,109,255,56,118,102,203,164,109,104,174,186,7,53,178,127,219,150,0,255,203,76,96,29,155,188,42,78,62,98,167,101,0,149,39,143,124,117,119,166,104,70,150,231,57,186,131,226,226,117,140,235,61,166,112,36,126,251,255,0,27,141,126,239,250,61,167,67,93,78,174,230,232,138,186,0,67,153,222,255,190,153,80,133,80,0,102,0,0,175,200,255,1,223,75,33,213,123,0,28,83,255,49,255,205,255,127,136,255,72,91,220,249,159,24,46,0,255,37,181,0,55,255,166,179,255
164,37,164,101,255,67,112,95,199,158,86,101,165,185,30,85,159,135,188,146,0,255,138,92,97,75,154,218,81,78,93,64,172,119,26,177,41,158,90,86,90,146,0,91,156,213,69,173,112,201,186,101,128,212,53,160,146,31,176,255,255,34,104,126,120,202,226,29,184,108,71,61,234,255,153,218,180,0,111,151,186,255,161,163,115,113,98,95,133,0,0,174,229,255,0,226,10,48,255,79,45,0,100,255,122,255,127,202,137,204,255,42,57,211,141,208,75,83,0,182,41,188,0,34,255,162,250,255
170,41,166,109,244,52,94,71,160,147,129,55,135,177,57,118,150,168,165,91,0,255,108,92,114,119,191,208,160,70,119,54,172,86,82,181,114,117,102,44,152,67,53,119,176,185,104,69,121,202,212,76,139,192,0,154,152,75,212,207,255,96,34,175,102,210,155,74,237,59,90,125,115,235,34,231,168,54,159,217,255,184,1,124,137,156,198,119,255,0,35,214,255,211,88,228,5,93,211,189,149,81,0,180,158,255,87,239,162,67,255,180,115,250,34,202,80,77,0,211,0,136,83,0,167,161,146,255
166,36,201,120,255,91,139,124,157,197,170,142,152,184,72,111,99,167,174,89,0,255,152,122,58,0,131,92,105,215,114,111,251,100,0,73,69,201,93,148,76,197,73,201,255,89,0,142,215,151,255,142,228,255,87,77,0,0,199,185,255,99,79,215,255,197,197,155,165,0,111,234,98,226,122,1,46,165,0,217,140,75,153,244,22,0,0,117,56,75,208,171,255,250,7,137,127,143,174,170,5,0,198,51,0,255,76,255,255,215,255,51,188,255,255,171,77,136,0,108,0,235,0,0,255,78,131,255
163,25,212,118,230,103,119,92,102,131,157,123,64,188,128,84,96,137,144,60,11,255,48,136,22,21,186,113,136,225,133,82,255,61,85,106,14,87,99,142,60,95,12,255,255,118,109,171,143,140,250,130,220,161,54,30,3,0,241,238,255,86,0,115,255,153,189,143,139,58,134,137,172,210,39,65,0,168,0,192,38,0,169,255,181,22,3,255,189,142,109,63,250,145,52,247,160,70,109,108,227,75,255,2,89,255,72,255,255,66,172,157,193,190,255,175,212,84,0,45,54,255,0,66,216,122,89,255
165,31,207,114,235,104,139,74,107,138,124,127,78,190,109,98,147,141,166,79,0,255,82,135,91,0,158,173,137,194,158,70,255,52,89,73,29,126,134,54,83,36,32,249,255,67,110,127,171,163,246,82,213,173,38,133,74,44,255,181,255,40,0,255,255,176,183,152,100,70,14,103,152,231,95,111,0,132,0,255,115,0,205,255,114,6,5,255,145,192,145,127,159,58,142,255,237,25,135,192,255,0,163,63,137,223,26,255,255,85,255,219,182,255,214,226,195,46,0,0,0,255,0,16,163,92,121,255
162,28,188,147,244,94,106,106,134,220,109,82,68,133,100,100,143,95,145,100,28,255,0,71,71,0,171,88,153,226,139,139,237,45,110,96,0,109,42,144,39,109,0,255,255,104,161,158,175,98,255,25,191,146,158,49,106,28,229,180,191,171,35,82,255,145,31,76,0,0,121,221,255,138,82,159,1,138,0,151,0,152,255,252,27,0,95,203,201,97,183,59,255,154,83,171,62,155,49,41,88,61,252,0,65,193,59,197,255,173,255,242,239,255,186,148,162,184,0,206,93,255,14,0,255,103,168,255
161,19,188,127,217,72,166,77,126,186,140,61,73,167,153,84,96,111,137,122,35,248,128,138,56,88,142,133,106,193,181,123,157,12,74,150,72,146,93,112,75,100,35,161,190,141,111,114,101,143,207,106,171,183,162,22,75,56,143,81,195,113,8,116,255,159,182,188,220,82,97,176,166,255,60,127,79,199,4,198,89,0,203,234,218,122,49,255,204,53,133,143,114,84,129,255,154,106,100,216,213,85,255,59,75,166,16,255,255,123,184,146,183,99,255,116,253,199,50,100,121,223,42,112,212,23,53,255
