175,43,179,85,249,73,87,14,96,166,138,0,71,150,60,67,148,113,203,95,48,219,0,133,98,201,62,206,174,138,139,131,97,87,78,154,105,152,47,156,115,208,85,113,161,196,52,117,94,255,83,95,41,72,0,225,112,89,252,121,255,120,152,255,106,122,109,48,109,255,54,86,176,255,10,57,0,75,108,75,192,62,127,134,0,82,82,255,210,146,136,20,255,120,141,204,0,39,131,224,97,94,0,105,83,189,187,189,151,255,253,255,0,187,68,180,29,136,0,153,183,0,187,0,236,237,131,255
159,26,114,23,255,95,124,20,69,190,199,0,29,119,0,33,87,97,201,150,49,160,0,62,84,195,30,199,255,140,4,83,60,136,53,144,215,255,48,166,184,154,84,204,22,241,12,247,112,255,28,154,255,32,0,167,105,30,134,47,255,246,163,255,255,59,148,1,105,11,75,247,63,142,0,198,0,51,126,255,21,218,150,57,85,0,255,255,255,255,0,255,255,85,121,240,0,89,69,38,205,0,147,0,0,225,213,255,173,255,61,255,0,116,0,147,0,255,0,0,255,96,200,254,255,0,206,255
183,55,184,82,255,76,72,19,17,199,164,0,38,255,101,13,74,112,134,212,73,207,0,76,98,200,103,215,172,141,75,25,185,108,84,169,97,230,129,84,125,148,57,84,139,255,19,101,82,255,221,72,116,88,86,251,195,16,187,91,164,78,143,255,41,99,106,111,124,158,169,0,255,255,0,7,76,71,90,248,117,109,0,150,69,70,182,255,240,179,4,180,255,155,255,196,0,39,227,160,49,247,6,0,35,255,186,243,255,179,104,255,0,173,195,196,255,189,0,255,225,120,164,0,117,231,164,255
183,48,186,78,236,61,69,39,58,173,103,0,23,191,71,50,118,141,159,195,49,255,61,63,132,184,100,231,163,216,166,95,255,41,50,137,118,181,129,187,109,255,55,127,192,230,0,136,7,248,124,36,111,138,92,146,183,45,255,38,171,125,72,226,73,49,209,105,70,173,130,0,240,255,41,0,159,52,120,116,121,136,72,47,0,86,188,255,221,68,31,89,255,255,96,137,0,200,225,150,50,255,40,106,99,255,191,166,255,241,170,255,2,150,124,158,238,149,0,226,219,115,60,0,255,204,0,255
159,35,107,29,255,76,91,10,57,193,220,0,5,103,1,15,0,111,171,198,0,158,0,30,135,86,8,145,244,110,16,127,62,178,58,241,216,217,157,220,218,43,22,139,38,255,45,255,92,255,60,135,160,142,0,206,135,0,168,159,206,255,50,255,172,147,25,73,108,0,51,255,100,213,27,255,26,14,157,255,0,245,172,21,98,0,255,255,255,255,0,237,181,194,215,142,0,0,76,0,59,0,112,0,0,147,168,255,247,255,85,150,0,0,0,177,95,255,71,10,255,230,0,255,183,0,114,255
166,30,149,54,255,96,96,4,83,199,146,0,52,159,34,73,159,80,200,141,84,204,25,108,54,255,86,223,192,109,98,105,112,81,61,180,149,222,0,138,152,233,43,104,129,146,70,207,79,228,0,153,154,71,78,174,143,85,215,27,255,114,134,255,247,62,86,26,146,39,199,81,114,230,40,50,31,93,183,114,72,127,105,64,12,68,138,255,255,229,0,167,198,59,64,139,0,93,38,255,166,0,0,54,0,163,255,255,240,241,158,255,0,126,0,103,174,200,0,73,255,38,252,0,150,109,164,255
161,31,108,27,255,86,97,3,58,183,214,0,9,122,0,0,82,47,235,163,39,136,0,90,90,130,65,225,255,125,60,134,134,127,23,153,249,207,134,193,136,167,77,156,69,252,0,255,53,228,29,137,214,147,0,200,124,0,156,18,255,206,200,255,255,91,115,17,0,35,0,255,91,134,0,156,0,3,110,255,0,255,153,0,0,0,210,255,255,255,0,255,255,202,246,235,0,43,65,51,151,0,115,0,0,168,255,255,255,255,54,255,0,35,0,170,0,255,80,0,255,111,145,0,255,0,186,255
178,39,164,87,219,56,82,27,127,192,138,7,21,162,41,31,109,98,201,172,4,247,71,66,113,184,63,184,108,134,160,153,114,126,0,198,126,116,137,78,143,175,73,80,201,200,96,142,63,233,140,101,106,125,81,158,153,70,188,39,255,112,124,174,176,98,74,0,55,168,111,120,141,187,29,120,56,101,213,0,135,163,78,185,0,78,129,194,99,29,21,128,255,141,146,216,0,36,63,227,152,136,0,255,0,164,250,168,248,236,149,255,56,202,76,0,208,104,37,80,255,10,177,0,63,217,98,255
192,56,202,77,238,79,84,35,51,217,119,0,36,221,94,28,154,124,217,255,113,227,0,99,90,161,122,248,169,215,169,67,250,136,0,173,100,158,140,108,81,255,25,182,209,241,0,238,12,197,179,15,136,159,143,176,185,33,255,9,250,34,105,255,165,120,156,96,130,80,102,9,255,255,0,0,9,109,139,93,103,175,110,191,0,105,203,255,83,130,72,164,255,255,236,140,0,211,126,168,174,255,132,102,0,255,211,60,255,255,127,255,39,174,255,217,255,215,81,219,255,39,0,0,212,235,0,255
176,45,154,65,255,69,72,25,51,175,182,0,14,133,47,0,65,70,201,189,17,182,14,64,85,152,97,205,190,159,105,132,178,105,20,208,197,146,111,140,143,226,59,121,154,255,0,219,34,255,139,101,119,128,89,215,156,23,211,93,253,83,106,214,129,126,106,40,44,132,39,75,233,210,0,49,86,64,183,218,68,146,105,75,0,60,195,255,230,128,0,155,255,194,219,197,0,70,108,87,65,161,22,0,0,133,194,163,255,194,90,255,0,199,160,119,203,244,42,159,255,65,135,0,193,117,43,255
166,36,143,50,255,93,90,0,58,205,170,0,19,176,9,30,131,63,227,166,61,197,0,110,50,255,76,225,218,117,123,122,131,118,10,169,189,153,77,146,131,233,43,134,168,217,5,255,102,214,130,126,168,134,141,229,177,90,191,31,255,130,183,236,234,79,126,2,72,105,89,112,178,197,0,41,30,133,144,145,149,131,86,21,0,34,135,248,255,188,0,201,255,162,185,125,1,72,54,126,70,67,0,0,0,92,255,233,255,255,129,255,0,47,0,192,169,255,2,68,255,48,250,0,203,107,195,255
174,45,155,42,248,66,53,3,52,192,145,0,0,184,25,0,113,70,198,178,67,255,15,77,95,222,107,255,230,141,124,122,194,55,0,161,187,145,140,112,144,255,61,152,173,255,0,214,0,182,128,74,230,172,139,145,255,75,218,0,196,187,127,255,184,73,209,0,36,109,99,0,217,233,0,5,68,53,156,234,91,201,77,18,0,0,191,185,241,167,0,155,255,255,200,91,0,214,110,117,0,145,0,0,28,166,255,196,222,255,65,255,0,153,0,164,255,255,14,0,255,174,159,18,255,99,24,255
194,57,205,87,224,31,34,1,31,204,123,0,24,182,138,45,142,147,155,247,98,255,86,67,146,140,179,255,255,188,226,65,255,0,46,129,113,142,236,113,147,255,43,229,248,255,0,255,0,160,151,0,204,255,161,0,215,97,228,59,151,110,8,255,38,87,234,181,181,99,255,0,255,255,113,25,199,39,116,219,77,219,25,0,0,95,255,231,163,28,97,209,255,255,193,106,31,193,181,122,59,255,96,0,0,255,255,92,255,3,80,237,100,231,245,255,255,255,32,101,180,174,0,0,106,255,0,255
173,41,170,71,247,54,53,20,64,146,104,7,0,246,117,79,154,88,167,212,44,255,61,96,193,199,20,255,241,189,209,252,213,27,58,119,22,122,146,99,72,255,0,222,255,233,0,155,69,124,255,0,151,175,213,0,255,94,244,152,36,178,43,137,208,102,255,42,0,90,15,0,255,255,160,0,255,62,42,232,255,186,117,0,21,9,115,158,199,48,0,150,116,255,0,0,42,228,228,0,0,207,36,0,143,246,93,0,221,255,255,227,21,181,0,255,216,137,0,218,41,145,0,255,255,156,0,255
174,42,147,60,253,77,62,9,37,217,162,0,32,196,24,0,127,65,198,203,95,201,14,99,76,203,115,255,209,167,120,69,213,88,26,187,199,176,57,145,118,213,74,123,172,241,0,242,0,161,154,115,159,177,132,203,255,57,189,0,187,122,153,255,147,63,141,16,51,119,145,60,231,206,0,31,91,119,172,213,114,194,48,25,0,49,194,239,254,190,0,159,255,241,234,136,1,88,120,190,67,123,0,0,0,147,255,211,255,255,26,255,0,71,0,255,245,255,14,86,255,113,220,0,161,182,123,255
165,22,111,91,244,57,89,19,68,178,166,0,86,131,21,7,110,58,187,142,78,120,0,19,20,193,128,197,162,186,112,113,125,94,164,215,216,99,9,97,148,157,125,140,26,106,11,255,162,255,212,200,131,114,143,232,182,71,134,143,243,51,53,238,88,57,83,46,139,67,177,46,255,90,50,116,79,109,81,84,218,230,92,52,0,100,190,146,244,196,82,203,255,175,246,164,93,152,111,61,195,97,48,0,0,206,255,179,232,239,146,251,11,213,0,245,207,185,7,185,255,169,224,0,156,165,129,255
160,37,159,69,255,102,95,69,127,212,90,45,42,255,92,71,161,132,213,140,43,255,58,78,129,217,0,235,161,61,165,212,137,175,0,194,0,66,112,139,117,167,0,80,255,255,68,192,129,142,255,114,131,102,199,140,255,0,255,255,124,202,155,27,139,233,65,8,54,229,19,94,113,204,163,191,176,147,171,127,170,36,255,0,5,0,99,128,255,140,0,100,64,203,32,70,0,89,213,27,0,16,0,243,58,250,99,55,214,255,255,255,125,0,35,255,119,113,0,255,45,14,96,224,0,208,255,255
161,20,123,19,255,76,164,29,87,158,115,0,37,140,0,85,146,115,142,51,35,184,0,0,37,255,0,145,229,196,0,53,131,115,87,147,213,255,67,181,189,108,117,240,5,221,0,255,14,255,0,190,233,0,0,67,0,57,255,126,255,165,255,255,208,26,87,152,21,0,156,138,11,186,86,92,0,48,27,255,0,250,225,151,224,0,216,255,255,255,18,122,255,136,0,255,0,231,52,30,255,139,0,0,0,255,175,255,68,255,47,255,0,255,0,129,37,170,0,0,255,0,255,255,255,0,105,255
177,43,151,89,255,78,96,12,86,164,204,0,57,141,114,19,0,133,108,212,13,214,7,81,127,79,70,187,185,115,48,67,51,46,136,179,155,175,155,67,237,73,34,84,48,230,85,198,148,255,127,140,158,136,0,175,142,101,177,154,255,184,2,255,36,140,0,72,103,156,118,162,224,255,0,191,123,1,143,255,75,106,65,193,99,86,239,141,255,180,131,110,203,187,84,248,0,53,229,74,109,25,78,0,0,238,213,255,238,165,104,247,0,255,95,104,57,209,0,128,164,0,167,0,0,231,208,255
172,37,165,99,254,90,127,33,96,209,138,0,83,161,75,55,59,140,188,143,44,224,29,63,69,153,42,211,146,109,106,61,106,93,149,210,162,133,73,144,149,96,49,162,123,166,91,171,115,251,161,131,116,125,89,188,106,87,235,194,255,115,108,222,131,135,43,96,74,110,90,175,203,222,0,128,154,107,105,196,114,55,156,217,43,99,207,171,255,81,84,95,229,144,104,240,0,33,96,222,154,53,28,83,90,112,138,219,209,205,169,255,3,185,76,174,119,235,0,167,135,21,198,0,109,145,191,255
163,30,118,41,255,76,129,28,69,164,174,0,34,120,0,25,77,107,155,98,8,181,0,0,97,177,0,143,253,178,36,54,151,98,96,198,237,250,85,197,216,84,109,157,0,255,0,255,29,255,0,162,132,101,0,227,0,0,225,156,255,234,167,255,95,25,24,117,53,13,118,141,81,213,0,135,0,12,53,255,0,205,166,117,36,7,255,255,255,255,0,62,255,174,0,223,0,136,137,50,195,122,9,9,0,220,236,255,240,255,185,255,0,154,0,134,46,255,0,119,224,47,255,78,253,0,118,255
159,32,147,96,255,77,115,64,130,195,109,4,94,198,66,83,141,124,186,95,59,238,81,66,53,227,115,241,155,106,123,85,137,142,112,180,57,171,48,124,102,217,0,144,104,221,107,163,54,248,115,120,79,69,113,157,115,39,213,192,206,118,158,255,91,50,104,147,133,112,100,114,114,240,154,166,145,88,56,173,61,215,145,140,0,113,89,118,255,19,0,128,250,109,72,181,11,0,212,227,120,47,5,118,0,163,141,228,234,198,255,205,0,0,0,200,80,118,0,255,47,131,200,119,206,172,123,255
182,41,192,113,231,81,67,0,129,177,129,26,99,157,104,78,134,167,173,113,49,227,92,110,93,193,56,228,152,81,95,131,119,93,81,174,127,105,77,122,83,175,0,59,173,138,108,124,88,239,79,96,31,95,12,122,107,43,255,108,255,120,120,192,135,121,151,55,152,178,155,130,87,226,58,205,61,89,104,155,110,63,22,178,64,93,127,138,189,100,102,35,249,140,87,255,0,0,180,216,187,64,46,138,93,154,162,230,255,247,219,255,0,229,66,188,58,144,0,92,125,42,112,0,122,215,181,255
161,33,108,50,255,68,113,47,76,163,201,0,7,138,0,0,12,83,151,118,0,188,0,0,93,193,28,144,226,172,94,36,156,164,86,143,161,242,100,176,255,88,49,176,0,255,0,206,66,255,23,131,150,93,21,241,0,0,177,189,255,255,99,252,69,14,66,165,40,49,79,134,136,255,0,255,23,0,140,255,0,190,132,65,0,0,255,231,255,232,0,206,255,186,203,255,0,0,179,50,98,255,0,20,0,182,255,255,255,255,251,255,0,0,0,158,127,255,57,217,210,247,161,0,115,0,163,255
175,12,167,168,144,11,139,41,239,134,0,0,103,176,87,71,102,86,205,155,40,255,203,22,32,144,117,156,204,0,0,129,237,188,129,101,11,112,169,114,205,126,3,212,131,143,83,156,151,30,84,90,0,36,153,127,147,0,255,47,171,115,88,21,238,83,147,85,142,194,136,171,213,110,0,0,131,126,255,198,3,200,255,59,125,125,203,199,96,0,17,201,151,255,188,216,22,0,34,92,111,72,106,143,165,130,189,176,230,214,255,38,1,96,123,87,177,255,0,255,55,12,26,238,170,207,255,255
168,34,175,137,247,102,115,54,193,218,80,44,121,201,65,100,139,168,250,125,47,229,127,48,71,166,111,255,175,83,59,73,201,130,85,255,91,145,63,126,50,129,23,166,172,154,196,141,109,228,234,53,31,87,115,126,146,0,243,132,220,151,124,196,175,180,118,144,168,153,72,150,156,255,145,132,162,0,0,35,135,190,148,175,80,102,255,155,206,0,0,74,255,137,0,201,0,19,208,109,124,0,221,255,0,159,145,196,84,235,255,145,0,223,0,225,130,223,1,98,31,139,102,51,255,83,155,255
172,48,158,67,255,85,115,43,65,207,138,0,72,233,31,45,173,111,211,167,54,255,62,66,65,177,95,255,85,188,98,37,186,112,57,184,146,206,69,164,163,167,97,161,125,255,0,143,25,255,181,107,137,130,46,255,200,68,232,146,211,127,108,214,65,63,115,106,115,119,124,25,249,200,19,0,97,73,186,173,88,161,91,218,43,0,176,204,255,36,0,140,255,141,118,110,0,0,18,48,41,155,0,78,0,195,153,191,255,215,255,255,0,72,154,195,207,238,32,255,147,10,237,0,255,42,78,255
151,40,136,51,255,88,125,115,99,213,153,0,117,255,41,34,255,135,168,63,114,255,131,149,64,149,152,255,0,153,153,125,189,123,72,174,147,48,16,135,234,118,42,255,0,255,129,171,0,165,166,39,212,130,156,255,255,18,95,255,119,66,65,160,128,36,216,69,101,244,0,53,255,34,60,53,92,64,255,255,0,255,168,144,0,0,255,255,255,0,0,234,255,164,19,172,57,0,231,0,101,0,14,178,0,77,61,138,255,227,255,176,29,0,109,255,215,255,50,255,0,43,49,10,255,0,59,255
155,36,143,76,255,75,105,89,121,184,111,33,98,248,85,104,144,164,186,70,25,255,92,109,106,173,113,255,0,118,211,155,193,63,55,177,162,90,54,123,135,122,50,205,118,229,114,153,63,212,216,75,129,96,101,255,229,69,237,255,156,32,63,121,129,57,183,94,104,185,8,49,236,140,107,16,162,162,153,191,79,239,207,124,20,55,255,223,177,14,0,139,225,255,64,148,9,0,189,0,204,55,0,45,53,119,133,96,255,228,255,218,45,0,127,255,255,168,0,255,13,0,170,52,255,0,125,255
159,39,145,76,255,75,98,93,115,214,139,22,117,251,55,70,210,164,186,114,67,255,135,125,83,164,101,255,0,162,173,153,225,87,35,202,125,62,39,145,97,157,66,152,73,255,106,139,15,156,183,98,119,83,163,255,232,48,166,172,206,87,95,105,26,162,146,21,97,199,43,41,201,67,118,99,207,117,255,236,59,239,75,100,48,52,200,180,255,0,0,97,255,147,0,151,0,0,172,41,173,0,28,58,46,115,117,198,255,255,255,170,29,0,65,179,74,135,0,255,38,41,97,0,255,0,63,255
170,44,170,141,243,22,56,71,130,162,116,11,72,223,116,66,204,170,173,120,52,255,59,72,87,116,71,255,93,242,236,127,113,108,51,173,33,114,57,109,16,202,117,108,178,255,22,118,30,232,183,100,60,48,61,180,137,131,174,96,184,103,90,149,0,97,60,105,183,101,165,0,244,123,149,67,222,123,18,181,159,195,0,193,0,64,45,125,237,94,199,1,255,184,104,0,26,0,246,0,175,222,60,0,67,255,128,122,188,244,255,185,5,250,0,167,196,0,0,222,0,181,35,0,255,255,10,255
157,40,146,67,255,84,96,91,112,208,126,0,91,255,63,63,203,141,183,100,63,255,108,119,86,202,103,255,0,172,168,147,205,63,34,178,160,74,37,143,151,140,65,238,70,255,137,153,8,181,200,84,159,97,166,255,253,47,184,216,144,60,58,101,79,107,156,30,106,236,0,0,252,81,82,17,161,157,245,208,42,232,141,126,0,29,252,248,245,0,0,138,255,217,5,99,0,0,176,0,109,47,0,35,35,107,109,112,255,255,255,176,12,0,44,255,216,187,8,255,65,19,128,0,255,0,91,255
165,40,128,115,255,48,71,62,55,183,232,0,46,180,145,14,0,90,134,210,0,187,0,0,94,61,99,144,198,181,89,79,109,92,196,255,173,82,188,131,85,70,115,85,0,255,57,169,129,255,255,143,102,158,27,251,193,52,170,167,152,105,31,219,27,149,70,89,165,93,149,131,255,215,153,191,180,126,39,245,94,168,46,102,0,4,255,104,255,177,21,169,229,254,242,99,0,19,240,33,86,133,33,73,0,118,205,140,255,229,255,94,0,84,0,255,255,221,134,255,193,222,84,35,69,255,0,255
159,38,134,55,255,79,103,51,74,206,151,0,93,223,0,15,183,89,189,141,48,220,26,90,70,148,123,255,44,108,108,72,164,80,58,169,224,115,8,144,150,155,124,184,103,255,16,217,17,214,163,115,176,128,85,255,172,80,173,118,173,85,131,170,104,135,102,70,99,128,61,60,215,128,29,3,86,127,204,241,60,208,156,133,0,0,209,212,255,112,0,163,255,117,160,121,0,17,53,40,101,0,0,101,0,179,240,222,255,255,255,255,0,0,37,255,194,199,84,255,237,0,202,0,255,0,44,255
155,39,131,65,255,75,93,106,99,206,144,0,134,254,35,14,255,121,160,81,103,255,124,153,84,128,135,255,0,174,163,138,205,104,37,193,139,0,1,152,172,131,76,239,11,255,93,174,0,111,200,52,142,76,192,255,255,0,98,149,108,47,109,133,22,149,152,10,63,255,0,0,255,0,124,127,128,123,255,255,53,255,156,48,0,0,255,227,255,55,0,145,255,147,0,161,0,0,255,0,147,0,0,128,13,49,81,99,255,255,255,251,0,0,65,255,114,255,68,255,0,54,72,0,255,0,62,255
152,39,131,55,255,79,115,122,101,208,152,0,146,255,18,14,255,131,147,65,132,255,137,180,100,74,203,255,0,141,160,115,168,155,73,183,123,27,15,166,221,103,92,255,0,255,118,177,0,132,153,35,174,121,93,255,255,0,43,238,73,24,121,180,81,33,200,63,36,255,0,18,255,0,118,73,91,33,214,255,32,255,211,157,0,1,255,255,255,0,0,236,255,177,0,164,140,0,255,0,104,0,51,230,0,53,84,176,255,218,255,255,52,0,208,248,197,255,54,255,0,43,0,0,255,0,109,255
167,12,145,154,158,11,132,34,201,190,106,42,202,179,20,32,60,133,255,136,13,214,157,27,0,175,59,178,135,61,153,168,204,113,0,241,0,101,68,20,34,255,22,194,186,204,118,76,29,152,108,124,117,0,255,208,100,31,187,89,169,67,172,100,59,69,119,151,142,99,208,18,208,199,0,76,14,0,74,42,123,241,0,51,255,164,184,255,182,9,73,45,131,146,125,146,30,0,162,0,230,49,255,224,188,91,32,193,127,255,236,117,0,194,0,85,66,255,0,226,180,221,0,56,255,244,255,255
171,24,163,146,204,75,138,53,184,156,64,12,144,182,5,26,94,190,224,184,95,229,126,51,55,183,151,156,93,116,105,91,137,108,37,126,73,58,82,113,51,133,82,154,210,127,120,71,79,184,171,155,91,34,119,127,129,114,133,201,219,50,54,128,218,147,185,119,77,163,119,143,129,184,26,47,122,130,36,93,81,101,92,208,125,159,199,183,220,0,57,35,135,165,218,132,12,76,254,52,219,74,181,77,0,170,114,255,206,255,239,255,0,237,0,221,193,42,28,149,205,163,99,101,160,103,18,255
157,27,84,0,255,89,88,35,55,152,255,0,52,13,20,0,0,127,177,255,0,106,0,16,255,0,23,37,255,41,54,168,0,249,145,221,255,57,172,204,255,124,0,222,0,255,13,123,162,235,183,105,142,155,0,130,213,0,40,21,242,92,5,255,196,255,143,0,0,0,0,255,157,182,0,255,0,0,11,255,132,255,148,0,20,0,255,255,255,255,0,255,199,255,197,255,69,0,120,0,57,0,117,0,0,255,53,255,162,255,47,255,0,0,0,102,0,255,255,2,165,255,0,255,248,0,84,255
151,22,77,11,255,77,93,40,51,159,255,0,0,16,6,0,0,91,176,252,0,94,0,0,255,0,0,63,255,48,0,175,0,207,134,239,255,145,191,223,255,0,0,217,0,255,104,169,146,248,132,88,215,203,0,170,231,0,20,18,178,248,74,255,255,153,234,0,78,0,0,255,87,106,87,255,0,0,0,255,125,255,95,14,61,0,255,255,255,255,0,255,235,161,246,209,114,0,126,0,136,0,255,0,0,249,33,255,159,255,69,199,0,78,0,255,29,255,252,0,153,255,0,255,255,0,25,255
154,27,129,77,255,60,120,48,111,200,176,68,134,238,6,27,182,108,225,106,30,224,76,122,34,234,108,162,112,147,157,129,146,120,0,187,91,109,1,169,118,208,63,19,168,174,83,115,90,193,123,78,44,48,240,255,89,0,133,174,198,37,194,100,157,109,116,56,141,121,134,71,205,110,149,29,86,117,51,255,19,156,98,48,102,136,138,153,218,162,0,8,255,155,170,157,0,0,169,171,108,129,53,42,0,139,255,255,176,255,254,255,0,68,190,0,91,154,33,154,255,82,44,0,255,219,184,255
159,29,109,57,255,74,111,52,73,163,239,0,29,127,14,0,12,59,181,162,10,148,0,0,93,111,61,125,244,160,99,105,126,113,90,227,252,122,146,168,170,150,47,181,12,231,65,157,142,255,143,96,127,144,158,203,87,0,181,99,238,174,112,223,187,128,119,24,64,39,0,255,206,169,11,181,47,25,86,255,73,215,89,0,0,0,226,222,255,228,0,255,255,200,255,221,38,0,144,59,90,44,31,0,0,181,219,255,255,255,208,213,0,57,0,157,135,255,159,230,201,127,51,4,197,61,0,255
157,28,109,45,255,73,114,34,63,197,255,0,70,97,123,27,0,121,208,255,0,151,1,2,175,22,68,125,238,62,34,164,27,124,164,255,255,0,64,186,255,43,2,115,0,255,75,34,226,255,228,83,190,143,76,183,241,0,139,87,220,236,0,255,134,193,149,30,127,0,0,255,207,228,58,213,53,0,124,255,75,127,103,44,0,0,253,182,255,232,34,255,255,164,192,228,93,0,91,47,14,0,85,0,0,114,212,255,216,255,247,84,0,20,0,49,111,255,255,152,212,187,0,57,112,94,0,255
160,26,109,64,255,47,94,39,73,175,233,0,31,112,27,0,0,27,186,208,0,96,11,0,106,18,61,107,148,150,11,116,179,121,105,255,255,108,143,126,202,78,89,114,29,255,48,183,153,255,239,90,84,140,97,255,161,0,110,132,255,147,47,107,104,147,0,15,93,0,49,230,168,143,9,255,107,0,149,214,107,255,194,135,56,0,255,99,255,130,0,202,255,230,147,255,0,96,0,36,63,0,0,71,0,255,239,255,109,255,139,127,0,163,24,142,176,132,156,255,162,20,104,54,97,106,92,255
150,32,122,25,255,65,115,55,86,233,170,0,15,176,47,59,171,68,224,50,22,255,40,71,174,233,0,255,125,42,74,255,54,122,0,255,104,70,0,255,195,153,0,101,255,255,42,197,255,162,255,0,183,160,218,149,255,0,255,244,15,255,0,118,246,184,255,0,120,160,0,188,62,18,99,251,160,211,129,255,13,83,216,0,81,0,45,27,234,193,0,121,255,74,158,92,0,0,166,50,0,0,111,50,0,123,16,177,255,255,255,222,0,108,111,255,159,105,19,45,111,0,231,255,73,40,0,255
159,33,122,42,255,68,88,21,46,211,214,0,3,153,45,21,5,78,210,190,0,140,20,29,110,122,0,124,222,88,90,174,81,202,0,255,240,53,77,250,178,170,0,51,200,255,101,197,140,232,227,60,84,194,216,255,222,4,207,127,176,218,6,124,97,232,54,28,62,69,16,248,141,98,4,188,138,6,115,255,89,222,108,0,22,0,133,168,255,255,0,197,255,97,242,183,0,0,58,132,0,0,39,86,0,139,224,232,128,255,124,250,0,19,0,219,173,207,115,121,254,43,91,115,0,247,87,255
165,31,113,84,255,68,79,40,77,181,195,0,60,146,0,0,43,51,199,206,0,150,0,14,89,81,67,88,161,213,100,114,128,113,74,171,224,208,128,120,97,125,119,143,143,216,22,255,82,255,164,181,72,53,0,255,79,0,187,150,255,104,107,112,65,83,0,135,114,175,144,88,151,182,26,255,58,85,46,255,17,255,84,76,17,80,255,255,255,213,0,193,255,243,225,162,0,201,137,72,148,200,92,37,0,162,255,255,255,255,198,202,0,38,0,255,105,255,99,153,255,134,159,0,162,185,74,255
162,41,158,147,255,59,71,145,153,220,155,10,66,255,182,60,159,81,167,123,18,255,74,79,136,133,72,222,123,116,122,105,49,104,71,106,32,129,147,198,122,171,145,79,111,255,70,123,83,255,216,98,65,111,41,236,219,75,226,241,158,81,38,204,0,63,50,107,205,160,255,68,255,148,179,96,255,156,0,255,22,241,117,173,19,104,151,82,255,124,63,84,254,177,102,115,9,14,255,112,79,128,47,72,0,255,229,183,212,194,255,78,0,81,57,255,215,153,0,244,34,136,98,149,145,255,78,255
160,31,104,42,255,81,86,21,69,168,232,0,26,128,8,16,0,101,191,255,0,145,0,13,209,7,0,42,239,84,87,120,37,173,83,211,255,160,255,172,196,69,11,139,64,255,110,207,94,255,129,103,112,175,17,188,76,0,165,95,206,129,140,203,175,245,20,129,69,0,81,255,173,227,12,245,32,1,33,255,0,255,86,54,94,0,255,255,255,255,0,255,189,248,210,93,0,0,139,0,149,27,142,0,0,242,238,255,120,255,132,243,0,60,0,195,108,255,147,23,255,163,0,224,134,4,81,255
177,37,153,100,244,72,78,33,92,175,166,0,89,133,79,23,96,117,138,198,45,181,43,113,110,37,155,130,156,110,156,143,91,99,98,191,87,4,89,81,134,145,70,171,165,136,48,186,35,210,168,139,202,255,122,137,255,134,134,155,245,121,120,175,25,179,61,83,167,196,203,117,240,135,82,146,146,71,148,54,177,131,28,97,0,61,182,150,136,109,57,105,223,137,235,226,0,171,160,185,116,0,7,164,96,255,179,231,207,200,123,213,207,210,80,159,122,241,79,47,255,90,6,0,87,199,0,255
182,38,196,120,214,53,113,53,56,207,160,83,161,233,86,24,80,150,39,153,91,153,76,104,56,243,87,118,198,169,124,99,162,134,77,222,170,118,135,73,126,27,19,164,108,138,21,129,146,180,204,179,176,143,90,131,176,0,87,253,207,167,68,113,255,203,104,160,152,45,58,155,158,195,40,33,133,206,78,185,138,7,107,224,85,59,124,229,89,120,172,46,221,255,255,209,35,102,90,230,255,170,166,60,47,255,67,240,242,255,151,255,0,200,158,188,98,14,41,14,255,4,113,0,167,161,78,255
159,25,116,71,255,66,99,46,80,163,253,0,109,100,154,0,0,108,133,255,20,139,24,45,183,0,129,72,156,71,26,158,57,142,181,255,255,0,110,171,205,58,89,141,0,233,110,97,95,255,255,101,141,151,115,169,198,0,71,84,181,163,0,206,222,214,107,40,163,0,1,219,201,219,72,147,86,0,190,170,153,182,163,53,63,0,255,126,211,144,56,255,157,238,173,104,96,32,170,87,153,0,51,0,0,255,200,235,150,196,188,128,0,158,14,34,101,174,160,255,231,5,0,0,171,115,12,255
158,26,102,62,255,74,85,46,62,188,244,0,46,105,49,0,0,84,169,218,21,131,0,27,167,40,70,91,240,112,28,148,87,111,151,242,255,113,87,137,225,91,68,169,0,240,68,186,113,255,159,83,134,117,79,233,168,0,91,82,237,135,39,255,115,124,42,38,94,86,33,242,138,111,49,212,71,22,24,255,115,255,131,51,0,0,255,255,255,236,0,255,255,138,84,157,0,106,225,16,153,0,178,0,0,196,216,255,152,255,141,255,0,144,0,149,89,255,175,127,211,182,18,64,160,95,30,255
160,27,112,73,255,70,83,47,72,143,203,0,37,145,31,8,0,99,123,236,0,124,0,11,118,29,43,22,192,141,120,121,108,210,34,255,164,130,152,179,131,121,16,85,77,255,126,188,114,255,168,144,108,129,152,239,110,0,114,122,179,125,148,121,172,194,6,105,134,40,99,147,106,174,155,255,140,0,8,255,29,255,54,0,105,0,255,231,255,255,0,255,147,169,255,155,0,81,240,23,189,0,121,82,0,255,224,255,191,255,158,255,0,55,0,255,200,255,59,167,229,255,0,85,83,146,129,255
169,30,122,86,253,70,89,17,104,174,195,0,93,96,79,23,31,118,165,211,9,166,0,44,126,134,87,91,205,158,52,99,81,151,119,226,146,128,134,135,189,114,62,190,55,235,105,182,77,255,147,183,98,119,50,217,119,39,131,95,255,114,122,248,154,121,7,87,155,40,131,185,185,229,81,255,104,63,143,160,112,247,117,81,110,103,255,193,255,208,55,115,199,208,141,118,0,108,194,30,191,10,0,33,0,255,161,255,176,255,137,255,0,170,0,118,84,255,57,120,255,89,108,49,153,241,194,255
169,39,118,37,255,56,57,0,41,179,251,0,0,126,4,0,0,77,230,220,0,103,0,0,161,146,0,119,234,138,71,155,87,136,0,213,255,0,133,195,255,69,18,249,0,255,61,252,44,238,156,0,95,255,255,201,151,0,212,181,229,234,107,83,72,255,44,22,23,0,56,156,255,255,0,255,0,110,255,255,93,175,211,0,0,189,255,101,255,255,0,189,235,165,255,109,7,15,164,186,87,0,68,11,0,220,255,178,179,255,29,203,0,82,0,155,251,255,251,0,255,88,0,0,29,29,172,255
171,31,143,93,230,65,71,60,114,219,176,34,81,184,94,0,195,110,165,118,93,214,89,41,125,234,89,200,193,159,93,196,146,111,11,208,184,82,22,145,179,149,0,108,144,184,94,117,9,67,223,13,126,155,155,81,181,53,196,172,127,119,10,162,75,135,175,81,41,212,133,142,170,139,95,98,186,152,109,178,200,152,0,0,13,71,146,176,165,82,0,38,196,192,151,163,0,0,171,210,171,52,64,157,2,224,156,200,255,249,146,255,120,129,0,142,181,247,75,33,233,0,79,72,0,255,17,255
179,29,141,112,225,71,83,28,132,193,167,33,86,158,95,20,160,161,135,150,96,174,50,57,75,163,103,150,149,198,81,143,123,142,86,231,123,42,66,90,140,75,1,110,113,138,76,170,83,174,205,160,124,195,180,155,248,50,134,167,229,116,78,206,59,174,121,118,125,175,166,103,202,117,59,177,152,130,151,107,206,133,0,88,0,64,188,137,148,53,104,52,220,113,81,205,0,3,195,80,175,49,39,130,29,255,94,255,217,213,105,255,154,221,19,167,74,200,92,102,255,105,46,12,0,181,39,255
151,24,107,41,255,87,111,19,65,162,197,0,26,151,33,59,0,103,213,162,0,147,0,2,130,153,0,87,171,81,221,157,45,180,25,255,185,66,173,255,195,101,0,63,41,216,143,156,255,255,120,113,15,208,185,255,101,0,247,170,145,53,171,149,173,113,144,47,169,77,47,246,255,241,187,205,35,0,0,255,110,248,164,0,0,0,248,190,255,255,0,255,255,164,255,211,79,0,41,8,165,2,119,0,0,123,255,115,255,255,255,195,0,0,0,255,255,255,141,118,165,255,0,176,160,69,0,255
