168,18,150,101,221,70,114,125,132,228,187,101,136,121,144,62,125,82,135,146,58,255,127,46,69,210,173,121,193,156,88,121,147,125,140,118,99,80,106,110,206,219,146,169,109,157,90,126,56,117,127,147,104,120,128,69,52,27,102,173,237,159,0,177,101,196,128,41,73,170,102,249,213,171,146,185,76,250,197,149,119,27,203,59,32,88,51,252,105,70,199,102,126,211,90,219,0,141,65,201,130,41,107,3,156,219,44,203,86,205,191,35,85,119,179,24,50,181,16,92,199,99,0,156,249,207,0,255
166,10,136,127,197,35,116,111,119,173,201,67,136,73,170,67,136,66,161,171,82,201,120,38,114,85,116,182,255,193,102,80,144,71,112,176,154,81,53,50,141,226,74,179,132,143,4,101,159,159,160,165,125,153,234,96,136,1,64,186,183,161,0,143,156,109,147,84,139,105,78,173,255,126,21,178,168,211,231,92,132,110,193,46,0,102,91,255,149,97,174,95,162,199,103,168,190,200,96,96,157,0,110,106,163,218,30,150,116,157,113,30,13,245,255,103,230,246,0,161,106,128,0,110,255,61,144,255
165,8,132,133,203,21,112,124,101,169,212,62,148,95,199,75,161,75,176,170,93,223,126,64,128,78,114,178,255,167,102,57,146,76,124,132,185,106,39,32,149,236,50,193,112,116,18,96,137,153,145,138,108,152,218,154,148,18,133,199,157,174,2,188,108,139,182,124,124,58,107,138,255,89,20,196,199,233,181,106,130,90,195,28,0,65,103,255,157,82,156,118,180,175,84,113,186,167,72,73,163,0,171,124,195,145,83,169,106,156,100,38,0,214,237,115,255,255,0,118,130,228,0,128,255,78,164,255
164,9,134,127,201,33,103,125,111,181,217,70,141,98,172,73,138,83,176,186,86,217,131,80,120,94,131,179,254,173,110,74,147,67,135,153,182,76,44,57,154,249,80,187,139,150,35,89,123,202,127,130,139,113,219,127,135,12,111,204,188,171,0,169,159,144,174,73,100,75,93,140,244,149,87,193,160,218,188,122,122,105,191,29,7,99,102,255,143,84,192,116,172,202,81,131,161,132,82,70,184,0,130,100,218,181,76,183,135,115,132,43,0,180,233,114,225,237,0,100,145,189,0,95,255,86,140,255
166,10,137,122,200,43,102,123,126,182,205,71,142,90,152,65,140,84,175,190,80,201,135,82,115,107,138,173,233,184,99,79,147,86,113,159,164,62,39,59,148,239,60,172,149,147,23,85,105,193,112,142,131,102,213,118,136,34,104,201,189,159,0,153,164,142,177,77,93,96,75,159,223,160,69,182,150,213,181,121,133,113,166,21,17,130,91,255,145,77,210,139,149,190,76,149,129,135,92,58,191,0,106,63,222,214,52,200,198,114,143,41,4,184,186,70,197,216,0,62,139,173,0,104,255,103,116,255
165,10,133,127,203,36,104,123,105,182,214,69,144,98,180,72,154,77,176,181,85,216,136,73,119,105,135,178,252,171,96,75,136,70,139,138,178,77,38,41,146,240,86,189,134,127,34,91,131,198,132,135,120,108,207,141,138,12,124,199,171,172,0,168,132,162,166,95,89,75,103,140,255,142,58,190,168,219,172,132,132,98,204,18,0,114,105,255,163,77,189,119,169,186,85,130,151,150,65,57,183,0,138,80,193,169,82,192,133,118,144,41,4,193,224,98,238,255,0,83,161,187,0,121,255,123,122,255
167,10,135,125,203,47,101,121,110,185,214,74,139,91,166,70,141,70,164,182,85,228,129,83,115,112,140,174,249,183,85,77,143,77,142,133,177,77,35,56,155,246,92,195,116,129,36,90,120,183,132,164,128,116,225,132,123,28,118,195,192,164,0,168,176,160,169,84,99,100,95,155,255,137,67,186,158,194,199,123,144,110,192,29,25,128,88,255,163,95,207,129,154,217,87,123,133,142,82,59,186,0,120,68,220,184,67,183,153,130,112,55,20,255,222,124,228,224,0,89,174,200,0,126,255,96,61,255
165,13,142,125,192,40,110,123,124,188,219,55,140,84,161,62,152,71,189,186,53,206,127,47,114,114,133,157,238,204,66,54,182,79,116,188,153,63,44,77,144,219,65,174,141,162,18,107,114,160,120,126,169,105,215,84,124,41,132,202,217,193,0,164,181,122,177,60,103,87,105,138,255,133,36,188,155,207,220,144,122,100,197,55,24,80,50,255,187,121,223,83,231,228,84,167,106,157,147,82,145,0,98,83,162,181,41,211,163,179,149,0,0,180,223,94,180,218,0,207,114,114,0,86,255,101,128,255
162,20,145,74,229,47,127,110,162,224,187,94,129,139,179,65,129,85,173,118,18,255,169,33,52,255,189,146,143,135,123,132,112,103,126,119,132,96,17,139,200,199,140,98,93,118,120,180,31,143,134,108,126,113,144,53,61,0,97,168,255,164,0,129,79,104,121,0,162,91,87,173,255,75,122,127,39,249,255,156,70,82,255,69,0,58,25,205,30,61,13,182,233,148,155,201,0,119,61,213,111,0,72,0,84,255,58,156,40,135,194,0,0,179,117,0,17,100,7,115,255,51,0,226,255,255,52,255
165,21,166,91,211,43,137,109,121,204,151,108,161,82,90,45,83,84,190,139,81,213,107,31,68,137,87,146,189,136,120,116,110,103,32,211,86,64,109,146,111,191,77,143,95,78,51,74,138,200,181,89,197,144,82,33,149,0,89,185,230,156,20,121,176,208,72,35,120,83,79,184,196,210,120,115,86,187,124,158,153,131,175,102,31,154,98,210,153,68,222,103,154,197,0,196,40,71,132,255,124,27,69,0,0,78,199,193,121,229,255,138,59,93,255,0,133,117,0,124,107,28,133,37,183,113,0,255
157,25,164,76,225,17,75,66,109,205,194,67,154,103,194,23,22,108,229,97,72,196,73,70,69,104,140,161,182,127,67,158,118,85,72,226,142,12,1,197,100,217,61,149,133,177,106,22,141,255,214,11,196,255,104,74,210,43,83,159,240,122,0,174,91,255,105,0,137,0,108,150,106,125,53,121,145,48,135,173,230,159,147,37,34,163,65,143,178,164,150,61,248,169,0,255,18,0,162,255,34,0,69,0,0,189,210,108,89,255,255,88,106,82,140,25,190,141,49,135,136,58,107,126,0,135,36,255
152,19,151,66,249,80,124,81,119,189,165,109,177,73,133,85,56,137,156,174,20,225,16,128,176,88,153,69,126,60,126,114,70,158,116,150,181,47,0,182,120,255,40,167,24,62,68,101,163,225,167,21,169,221,33,90,154,81,145,210,255,75,0,223,137,173,169,40,223,17,127,148,197,255,71,107,53,126,89,107,128,74,222,0,68,174,120,203,255,105,71,202,136,202,0,251,3,0,255,255,204,0,210,77,0,241,175,163,199,255,255,165,164,134,217,0,176,70,35,216,0,0,0,98,180,128,0,255
158,24,184,81,248,44,80,111,172,215,126,140,144,89,172,68,45,139,219,68,76,224,0,117,15,131,112,204,176,137,69,149,120,158,16,255,154,106,12,190,133,255,5,153,139,108,122,54,119,255,255,0,209,255,171,127,214,0,84,100,255,255,0,132,146,255,70,0,48,0,110,185,43,144,53,99,0,36,154,182,193,255,185,176,85,197,160,0,227,178,255,50,253,135,14,255,0,0,201,255,0,0,52,0,0,213,230,106,195,255,255,78,31,45,255,71,255,223,31,183,97,89,15,213,14,0,98,255
155,28,171,78,255,44,91,93,142,222,139,144,137,76,152,86,0,156,255,17,85,255,0,88,2,114,105,231,143,164,158,138,109,163,31,255,84,79,17,177,130,255,0,177,203,136,220,78,236,227,255,0,185,255,172,193,172,83,164,188,255,216,0,125,144,215,157,0,54,44,115,254,40,121,116,57,0,52,112,129,106,255,232,148,0,188,151,0,206,138,245,51,255,250,37,255,0,0,79,255,0,0,34,0,0,81,255,148,227,255,255,130,94,0,255,186,255,219,42,223,82,126,159,179,132,0,144,255
153,26,153,50,255,57,106,94,114,229,185,111,138,143,194,84,0,132,208,62,72,255,53,89,69,149,154,213,89,77,130,163,78,180,54,210,99,71,11,205,158,202,10,145,181,195,149,80,162,239,255,0,156,255,109,119,189,98,137,255,255,158,0,155,72,199,196,0,155,28,137,179,108,166,52,70,161,124,166,159,52,180,167,58,56,149,134,114,141,88,28,139,255,212,110,255,0,0,148,255,76,0,100,0,0,183,209,156,97,242,255,38,68,0,147,51,246,255,0,212,124,27,78,185,84,0,65,255
156,19,157,27,254,0,132,109,176,222,222,103,165,180,231,114,80,92,236,40,0,255,179,93,13,255,161,100,80,79,172,255,100,144,140,149,120,157,0,255,134,218,134,0,190,189,97,235,0,255,76,0,110,255,77,60,91,24,66,255,255,217,10,0,0,0,95,0,255,240,70,198,25,46,93,0,157,244,255,0,19,232,255,116,0,79,0,255,72,162,0,233,255,45,255,255,0,56,209,117,64,0,0,0,104,208,153,140,105,255,81,111,34,142,0,0,111,156,94,85,255,134,0,254,255,179,73,255
154,28,143,51,239,33,124,93,119,201,204,124,97,183,177,83,50,86,227,49,55,255,101,16,31,221,175,255,74,96,191,178,104,115,33,236,134,82,103,149,151,183,81,0,81,254,132,101,58,153,250,0,110,255,123,59,225,6,167,255,197,117,2,113,87,83,136,0,226,67,76,245,122,103,56,19,167,84,122,111,42,255,255,150,0,26,47,127,167,117,13,166,251,255,213,255,100,0,35,255,50,0,0,0,0,146,186,113,131,129,255,75,41,35,12,0,164,200,25,180,184,63,0,156,255,44,0,255
163,35,161,101,255,36,93,75,77,179,170,105,84,121,148,90,47,126,203,63,34,211,51,21,7,85,163,205,137,185,163,73,173,152,55,255,87,118,81,211,96,198,91,57,155,187,153,102,136,220,239,104,31,204,72,255,157,141,219,250,199,117,3,211,151,165,129,53,224,60,169,130,102,131,160,89,61,93,80,134,126,145,183,56,13,54,104,182,183,182,89,96,255,180,83,200,91,0,60,255,203,68,0,78,0,116,192,200,190,130,255,160,186,81,197,245,214,29,0,126,8,89,191,65,255,236,0,255
158,19,131,83,203,17,124,92,131,191,160,73,96,167,96,56,129,64,166,126,51,255,195,3,73,149,160,248,2,156,149,91,127,5,71,227,205,31,124,87,119,219,148,65,0,250,182,128,47,185,202,32,123,103,196,95,164,0,96,101,141,106,67,166,154,111,91,0,173,14,170,127,175,46,154,120,73,173,214,113,52,255,194,224,48,50,142,94,188,0,110,227,233,190,83,183,85,0,133,233,121,79,71,12,0,108,159,144,161,176,255,61,0,161,167,0,192,0,92,255,144,51,24,99,255,120,0,255
152,28,149,54,255,30,91,82,121,218,176,129,139,165,186,76,70,134,229,35,54,255,69,90,47,168,142,241,43,78,157,171,119,204,0,255,74,69,9,195,122,174,5,0,164,255,171,152,37,192,255,0,135,255,176,154,174,45,139,225,204,166,0,58,79,165,146,0,152,66,109,140,23,69,129,54,164,96,162,193,15,255,168,132,0,103,54,88,184,164,80,58,255,205,191,255,0,0,181,255,78,2,34,0,0,106,223,171,144,168,255,136,0,0,83,57,229,255,0,159,211,62,31,91,170,0,48,255
153,23,157,63,243,37,125,96,145,214,155,149,157,171,175,115,65,153,202,62,45,255,117,124,12,174,154,198,64,139,135,149,157,167,40,225,94,80,62,219,125,181,117,129,113,171,153,176,84,255,174,0,67,255,101,174,143,91,158,210,236,92,22,181,30,149,164,0,216,81,94,55,78,125,179,71,136,208,150,179,183,231,255,44,60,177,108,124,137,36,51,140,249,218,47,255,0,0,238,245,243,0,161,0,0,139,209,90,59,152,183,88,113,50,255,31,180,84,0,170,171,0,0,209,252,32,25,255
154,27,156,66,251,39,137,101,123,210,163,163,155,183,141,148,100,169,191,28,39,255,103,114,21,171,154,217,75,152,122,138,161,150,114,255,86,0,185,237,220,141,116,226,0,201,201,113,56,225,178,0,104,215,61,224,176,221,255,245,228,11,118,175,10,88,237,0,213,33,119,54,213,165,216,108,16,173,105,216,157,255,255,31,57,209,169,211,193,0,34,143,255,255,82,254,71,0,155,146,255,50,168,0,0,0,255,52,52,157,132,125,151,0,255,147,185,103,0,170,75,0,0,125,255,0,0,255
154,23,178,50,255,60,115,104,152,232,160,187,115,174,207,142,0,160,216,16,61,255,42,126,0,224,126,183,107,110,178,173,183,253,20,215,89,197,46,255,102,218,68,120,255,157,159,213,79,255,148,0,172,255,27,107,55,51,187,255,255,114,101,54,74,99,180,43,255,232,141,255,27,170,113,0,102,203,146,5,147,174,236,95,0,172,143,255,221,198,113,149,255,201,96,255,0,0,242,253,149,0,132,0,0,125,198,134,209,255,228,81,124,0,250,221,223,255,0,184,231,47,0,183,137,0,88,255
152,27,166,50,255,85,133,90,125,251,141,164,119,165,186,135,21,167,208,73,33,255,60,145,86,195,78,202,69,55,183,196,95,226,11,214,66,121,26,183,138,224,41,148,244,174,138,220,173,253,214,0,127,255,84,172,166,101,164,255,255,163,22,150,111,104,181,64,255,101,113,118,42,201,97,1,124,223,187,112,46,131,251,86,18,97,110,147,177,56,0,167,255,149,102,248,0,0,188,255,135,0,158,0,0,177,143,135,177,178,255,73,129,0,245,63,225,226,0,218,188,0,0,174,157,0,99,255
150,23,148,69,255,50,130,81,111,213,159,141,141,133,170,95,4,118,204,54,35,255,42,65,91,142,122,161,79,94,159,174,98,146,65,255,126,53,72,223,161,173,33,146,87,187,124,87,181,232,237,0,96,255,85,162,163,77,219,248,255,116,6,194,109,136,186,42,195,0,193,153,150,227,205,55,149,82,72,52,43,174,218,78,76,109,120,92,201,26,162,95,255,245,53,238,13,0,69,255,173,58,108,13,0,178,245,95,102,194,255,119,16,69,255,33,210,161,0,255,130,9,53,172,186,57,0,255
166,33,192,69,255,21,77,102,192,245,147,128,148,119,166,89,78,158,255,18,88,255,66,86,0,146,64,238,138,157,67,149,114,212,38,255,55,91,0,255,80,240,0,0,223,68,207,136,87,231,255,0,224,255,179,249,198,0,130,140,255,255,0,0,31,255,0,0,81,39,104,255,0,0,5,14,0,47,188,172,179,255,179,255,0,169,10,0,160,255,255,56,255,22,133,255,0,0,91,246,0,0,0,0,0,255,255,170,255,255,194,171,48,121,159,113,255,255,202,0,255,212,22,193,11,14,248,255
152,27,153,58,253,13,107,81,135,197,167,143,167,174,186,96,91,147,255,14,40,255,79,74,18,190,165,250,80,86,172,197,162,163,45,255,51,64,27,133,143,194,32,60,147,255,114,96,10,169,189,0,111,255,128,166,154,109,145,255,255,93,12,43,95,61,156,0,187,142,103,136,24,209,98,39,176,10,215,181,20,255,151,116,0,134,79,214,206,88,86,175,255,211,109,255,42,0,163,139,112,0,0,0,0,187,183,181,64,110,220,157,27,110,0,28,83,205,0,80,145,42,0,198,241,0,83,255
160,31,152,24,255,42,152,103,108,230,206,69,75,239,195,118,0,115,203,1,28,255,157,56,0,255,191,230,41,31,200,255,151,160,50,238,90,92,95,197,74,181,43,16,178,255,0,146,79,240,161,0,145,255,108,82,136,17,190,255,230,163,78,104,38,0,202,7,195,162,99,231,127,77,0,0,112,98,160,111,0,255,235,205,0,0,159,189,156,168,0,212,255,255,255,255,175,34,46,123,0,0,0,0,0,147,118,255,255,152,205,111,0,0,0,0,156,255,18,25,255,119,4,96,234,65,8,255
174,24,138,80,179,17,62,71,126,240,119,69,0,120,0,63,102,68,94,141,47,255,197,0,199,98,80,189,0,255,187,64,177,48,87,108,255,0,223,128,114,195,51,50,87,128,160,63,0,123,232,86,101,173,118,95,208,0,108,98,183,119,0,165,63,31,190,103,110,178,143,115,234,68,62,142,21,218,185,85,113,255,155,255,105,40,255,103,241,0,96,191,255,236,0,253,0,179,176,255,45,101,1,201,0,0,46,137,255,204,140,124,115,122,6,0,255,239,0,249,220,101,133,94,255,172,0,255
161,41,141,23,255,96,142,103,83,247,187,93,0,255,146,100,52,128,179,31,91,255,129,59,11,255,157,255,64,90,255,145,86,196,1,189,129,129,240,0,126,211,9,41,238,251,42,43,122,143,255,11,255,124,255,16,215,22,163,255,178,74,196,176,182,0,208,160,111,219,9,255,255,35,0,0,0,132,221,255,0,255,172,255,0,0,255,153,198,127,0,244,246,255,255,255,82,0,126,159,0,121,0,0,0,0,30,220,255,255,193,0,0,0,0,0,255,255,0,77,255,165,25,226,255,0,0,255
162,30,175,61,236,18,129,110,137,186,182,107,122,173,174,136,109,104,199,43,24,255,91,48,17,255,186,185,118,88,167,172,162,86,159,202,48,91,190,223,123,180,93,0,84,228,145,144,0,199,154,0,96,255,26,109,164,49,156,255,255,125,46,53,0,121,120,0,255,187,154,193,14,212,69,8,113,147,181,0,117,228,209,135,0,103,0,255,235,88,133,183,255,134,113,255,0,52,49,151,128,0,0,0,32,205,118,157,83,166,193,111,133,116,32,124,85,103,0,146,226,34,0,178,249,54,0,255
157,17,144,0,255,0,148,114,151,210,248,91,131,231,237,138,56,83,255,0,0,255,197,24,0,255,179,110,32,35,217,255,113,143,179,195,101,140,0,255,93,143,96,0,254,255,60,248,0,253,11,0,145,255,117,50,95,0,153,255,237,255,22,0,0,0,186,0,255,255,18,255,0,7,0,0,188,168,255,21,0,255,216,98,0,0,0,255,141,255,0,255,255,0,255,255,73,73,44,0,0,0,0,0,127,213,166,148,255,223,159,195,17,112,0,0,91,255,67,110,255,255,0,106,255,88,0,255
159,34,139,46,255,47,125,120,125,228,213,30,68,216,112,80,81,77,135,36,39,255,166,52,17,255,188,197,10,38,225,173,60,135,131,176,137,44,113,98,101,243,57,0,140,254,52,117,38,146,96,0,253,110,147,72,189,84,132,178,226,172,16,68,112,45,155,0,169,0,7,255,255,15,0,80,40,212,255,255,0,178,157,95,9,0,96,118,101,0,0,215,255,255,255,191,9,0,24,195,24,64,104,0,0,30,163,82,255,255,255,0,0,0,52,0,255,255,199,130,255,166,0,102,255,50,0,255
167,36,143,61,224,50,115,110,108,234,174,64,22,188,104,77,81,123,167,101,50,255,218,53,85,204,121,255,24,172,207,118,156,119,56,200,161,93,145,105,148,213,112,86,80,195,121,100,13,138,198,73,194,69,123,82,252,0,104,141,196,172,61,241,111,47,174,19,144,65,126,174,162,41,33,117,49,152,255,193,0,255,177,250,0,0,233,66,182,38,0,124,255,255,40,255,0,6,126,255,12,154,0,144,0,0,134,255,255,220,218,80,32,0,56,0,206,255,84,110,208,55,156,106,255,81,0,255
161,23,159,0,255,0,184,104,142,208,205,114,127,216,194,145,1,95,247,0,0,255,217,2,0,255,129,87,47,0,224,255,147,165,170,255,55,173,0,255,79,124,69,0,255,255,0,228,0,255,0,0,95,255,37,87,75,28,165,255,255,255,60,0,0,0,142,0,241,150,54,255,36,56,0,0,172,110,255,0,0,255,255,232,0,0,0,255,13,255,0,255,255,17,255,255,115,49,0,0,0,0,0,0,242,255,188,172,237,255,122,255,0,114,0,0,0,247,7,114,255,255,0,182,255,114,0,255
157,34,159,47,255,21,71,89,125,228,205,125,108,175,156,65,55,125,254,24,80,255,80,62,22,169,89,255,90,111,152,193,139,230,0,255,23,83,0,214,94,235,0,0,239,255,155,96,20,133,235,0,159,255,218,166,155,70,148,255,212,193,0,0,44,218,121,0,147,111,53,255,0,0,50,33,145,1,239,223,43,255,126,110,0,32,0,109,173,221,0,77,255,99,176,255,0,0,147,255,0,0,0,0,0,193,245,193,184,255,226,133,111,0,18,86,255,206,22,88,200,144,80,123,85,42,8,255
156,29,161,47,255,63,141,110,136,243,152,146,165,233,143,160,115,205,174,53,77,255,165,167,0,133,148,252,16,171,111,107,155,197,99,255,84,0,177,255,181,96,70,218,0,184,246,179,100,245,221,20,60,202,162,255,201,129,206,226,255,21,110,235,0,114,255,0,161,86,142,55,255,95,164,156,46,195,169,255,185,253,255,47,15,192,153,173,140,32,9,140,255,205,62,233,0,0,218,184,251,8,255,35,0,114,243,107,0,243,25,146,132,0,255,65,225,175,0,33,235,0,0,51,255,0,163,255
154,28,175,39,255,63,130,119,154,244,141,170,156,213,182,153,42,194,210,3,64,255,85,158,0,212,130,235,37,156,163,143,164,255,91,234,31,148,75,255,149,169,26,198,186,143,187,241,73,255,158,0,143,255,118,228,106,56,165,255,255,65,75,53,19,74,219,0,214,225,142,134,136,143,88,0,85,189,173,73,110,255,255,208,0,181,195,221,160,104,142,166,255,163,106,255,0,0,182,92,174,0,134,0,0,239,218,147,155,255,187,149,92,0,215,213,255,255,0,107,230,77,0,174,255,0,255,255
154,21,195,51,255,149,180,101,106,255,72,255,31,236,239,234,0,255,221,67,62,209,58,151,0,184,0,255,162,141,208,156,189,255,0,255,91,221,255,183,0,255,90,232,255,166,198,255,255,237,136,44,53,255,35,207,66,253,245,255,255,79,255,255,62,0,243,255,255,145,65,174,3,214,255,0,0,235,101,114,94,30,255,139,0,28,135,161,0,255,44,0,255,240,0,255,0,0,255,255,207,0,211,255,144,0,162,188,255,247,226,255,255,0,255,168,176,158,0,123,255,0,79,87,113,0,0,255
150,24,162,53,255,30,113,80,139,214,134,159,152,152,174,103,42,155,227,22,67,255,28,62,8,149,144,255,89,110,168,144,149,162,0,255,81,99,13,179,127,201,18,60,128,181,175,136,107,255,243,0,102,255,140,162,161,38,149,255,238,166,0,87,100,152,125,31,98,69,90,121,8,143,159,20,113,126,109,175,76,255,234,163,0,219,93,120,179,137,111,92,255,251,122,255,0,0,208,255,28,0,91,0,0,154,255,77,95,150,255,197,128,17,255,92,255,184,0,191,108,12,0,170,161,0,80,255
151,24,155,30,255,24,108,98,138,204,165,149,133,185,192,105,20,127,247,0,61,255,48,40,11,254,132,244,28,48,179,209,140,208,12,255,10,153,13,255,119,131,0,0,232,255,149,187,0,255,163,0,125,255,134,157,93,26,185,255,251,163,0,0,39,72,167,0,216,242,126,187,8,122,100,0,254,44,150,66,0,255,255,168,0,162,101,214,164,255,40,106,255,93,255,255,0,0,122,202,44,0,0,0,0,255,255,160,182,181,245,255,87,0,0,255,255,255,0,165,255,137,0,98,124,0,67,255
163,30,169,46,255,0,68,80,176,219,205,122,135,136,196,68,66,131,255,4,71,255,94,49,7,255,119,226,128,141,131,255,95,152,78,255,51,153,0,214,70,184,0,0,255,96,156,139,0,135,200,0,243,255,187,75,141,0,128,255,255,231,0,0,0,181,86,0,166,142,119,255,0,0,2,0,102,0,235,0,133,255,79,252,0,100,18,241,227,242,60,146,255,48,248,255,0,0,84,155,0,0,0,0,0,235,253,138,255,225,197,77,42,252,0,91,255,255,57,0,255,255,0,255,0,77,65,255
151,26,154,38,255,27,130,104,120,202,158,149,156,238,162,139,105,145,200,0,43,255,145,93,12,233,140,216,5,88,169,195,193,193,70,243,24,71,59,255,148,151,112,45,103,242,80,139,0,219,123,0,75,255,65,210,146,126,191,255,212,72,57,30,39,20,236,8,210,195,93,47,117,218,156,0,201,97,195,230,0,255,255,87,68,149,152,255,144,57,0,175,255,221,200,255,118,0,217,124,68,35,12,0,0,152,255,183,105,138,108,239,87,8,91,103,199,255,0,77,238,61,0,192,255,0,24,255
157,29,188,38,255,0,67,106,204,239,181,138,205,149,200,95,50,162,255,0,74,255,42,117,0,205,125,240,75,158,106,173,163,255,60,255,0,216,0,255,34,202,0,0,255,102,238,254,12,246,194,0,255,255,167,234,55,0,106,248,255,255,0,0,0,235,72,0,153,255,110,255,0,0,0,0,113,76,255,0,158,255,203,255,0,219,0,164,247,255,255,140,255,0,247,255,0,0,164,68,0,0,0,0,0,255,255,219,255,255,162,213,57,217,38,255,255,255,114,40,255,237,0,151,0,0,255,255
156,23,170,5,255,0,82,104,171,227,213,135,174,172,219,112,77,139,255,0,74,255,127,100,0,255,81,225,6,111,154,239,150,255,56,241,7,215,0,255,55,147,0,0,255,169,205,255,0,255,131,0,226,255,216,183,53,0,105,255,255,251,0,0,0,74,195,0,252,255,65,255,0,0,0,0,255,30,255,0,71,255,194,192,0,207,5,255,205,255,164,158,255,0,255,255,0,0,179,24,0,0,0,0,0,255,255,245,247,255,2,255,71,162,0,255,255,255,0,19,255,223,0,22,43,0,199,255
154,30,156,70,255,39,114,95,124,208,158,146,125,162,170,118,27,146,245,17,58,255,47,61,0,167,173,254,102,133,188,137,134,160,48,251,87,99,112,204,133,183,37,73,141,196,154,122,126,203,246,0,126,255,103,174,181,107,214,255,239,103,10,175,85,119,185,13,188,62,136,180,83,150,169,41,61,87,75,135,106,255,242,107,0,110,143,138,196,86,134,144,255,255,106,255,18,0,120,255,163,5,31,0,0,128,253,85,164,172,255,97,101,0,170,178,255,197,0,168,91,101,75,156,255,1,18,255
151,25,158,73,255,28,107,85,138,202,168,174,143,143,182,87,0,136,255,31,59,255,2,64,0,148,147,255,125,124,146,171,156,159,1,255,91,113,83,140,128,255,71,117,147,205,146,75,153,221,217,0,169,255,77,134,137,128,197,255,255,97,4,108,112,125,206,1,202,79,77,206,0,206,187,27,79,44,141,117,127,255,200,73,0,162,134,119,199,60,115,107,255,255,61,255,0,0,178,255,122,0,6,0,0,78,255,112,158,162,255,39,102,0,232,128,228,150,0,255,100,30,81,252,229,0,0,255
153,31,149,52,255,65,149,98,101,236,170,146,123,226,150,120,39,128,231,48,73,255,113,56,31,149,160,255,7,56,150,165,123,179,64,255,102,73,156,216,148,156,11,125,90,255,172,120,142,196,255,21,88,255,156,209,205,128,255,255,255,152,38,175,132,65,255,20,206,0,181,217,198,197,91,0,116,67,77,120,0,255,194,170,0,66,14,47,84,3,0,191,255,255,162,255,140,0,0,255,108,164,33,0,0,132,222,255,168,155,255,72,0,0,177,42,97,214,0,253,230,0,122,185,255,0,0,255
161,30,163,42,255,26,135,102,119,218,214,97,115,180,189,119,0,108,238,17,0,255,102,27,21,246,116,137,97,44,148,218,164,162,84,231,60,103,52,242,128,246,94,27,168,255,69,167,0,255,128,0,164,255,52,106,104,86,212,255,255,208,54,7,0,71,240,0,243,148,140,255,0,135,5,0,133,49,235,0,41,245,97,103,0,0,8,201,228,131,0,181,255,154,255,255,101,0,65,141,0,0,0,0,0,176,108,213,214,247,198,95,79,6,0,60,116,255,0,255,191,113,113,148,159,122,0,255
160,29,128,42,235,37,113,110,133,201,193,23,58,162,96,65,95,69,178,71,55,255,174,27,85,233,195,255,21,90,226,180,100,136,55,224,172,66,90,121,134,223,49,0,98,255,66,127,0,174,175,0,186,193,138,0,179,0,149,185,235,207,0,92,65,20,117,0,80,203,41,255,115,73,0,74,185,108,255,137,0,244,210,194,0,0,133,109,227,0,0,255,255,213,211,255,135,0,86,113,0,63,0,0,0,0,138,86,255,163,176,96,21,99,0,0,227,203,143,141,243,128,8,35,219,34,0,255
157,32,164,76,248,20,109,77,130,209,164,163,147,138,144,84,86,140,241,48,21,255,100,89,14,130,134,204,88,159,182,116,191,159,0,255,16,55,50,125,75,208,71,78,175,231,63,103,67,160,211,0,172,255,159,122,139,28,121,89,255,156,125,73,93,239,96,0,149,0,164,138,56,130,148,149,73,156,219,237,89,222,133,139,42,75,84,76,241,114,191,29,255,194,115,255,0,0,118,255,124,0,46,0,0,116,213,172,86,211,255,90,0,77,234,27,185,210,0,192,94,118,0,51,234,80,51,255
155,28,147,79,240,1,92,67,133,192,175,123,132,150,186,76,97,144,255,50,28,255,79,35,13,168,162,247,114,124,171,156,143,156,24,255,90,57,23,142,101,182,40,0,116,255,132,100,72,199,203,0,91,255,151,143,179,22,142,244,249,133,0,130,43,134,94,13,175,80,138,134,41,102,197,107,174,18,138,188,124,255,172,115,0,103,36,71,240,168,133,57,255,205,118,255,9,0,151,244,135,0,0,0,20,122,224,116,62,143,255,159,49,113,33,55,110,117,0,132,81,88,0,156,181,188,20,255
156,32,155,52,255,70,141,113,134,237,156,129,158,252,115,144,156,191,162,89,80,255,168,138,11,110,182,255,15,162,126,73,148,152,103,255,89,0,233,227,193,84,53,208,0,203,255,166,74,213,228,66,47,136,154,255,228,86,232,245,238,33,129,232,0,117,255,0,179,50,119,90,255,101,176,174,65,175,126,255,122,255,255,42,10,172,109,154,127,16,0,197,255,242,137,186,70,0,168,146,233,17,255,71,0,122,213,128,0,189,58,117,136,0,255,80,230,179,0,101,192,0,0,23,255,0,66,255
153,29,174,46,255,97,154,108,123,243,117,194,105,230,196,194,0,200,207,30,43,255,63,114,3,211,101,255,78,82,193,152,192,255,35,248,67,174,121,206,105,189,46,190,194,179,99,231,167,255,172,0,101,255,66,199,119,121,245,255,255,90,148,202,119,0,255,115,255,143,105,177,117,221,169,0,101,213,122,93,47,204,255,171,0,87,146,235,96,107,58,132,255,253,116,255,0,0,239,231,216,0,135,0,0,244,122,166,121,196,255,111,96,0,198,151,223,255,0,179,201,0,35,168,255,0,106,255
153,28,183,65,255,98,149,81,117,250,103,221,79,179,174,178,0,203,220,42,35,255,30,107,0,128,20,255,149,164,203,125,203,251,0,255,93,141,153,166,82,255,84,208,171,170,170,212,255,255,194,40,82,255,97,183,64,115,255,255,255,102,126,239,166,29,161,177,250,80,62,196,42,179,255,0,0,156,109,94,124,227,255,191,0,58,52,113,113,177,107,87,255,251,0,255,0,0,229,255,171,0,136,72,0,18,171,123,187,219,255,174,214,0,255,137,248,84,0,244,89,0,145,155,255,0,0,255
150,26,152,51,255,54,119,88,108,224,175,152,120,165,177,105,0,132,196,18,40,255,31,80,93,177,106,196,51,26,173,209,111,160,23,227,79,66,33,207,190,176,74,87,149,228,121,111,79,232,236,0,135,255,59,151,160,135,180,255,255,125,0,131,112,120,188,12,192,30,128,167,54,179,171,23,144,117,142,144,0,210,205,99,79,81,154,134,136,66,12,99,255,239,216,255,0,0,135,255,94,0,59,0,0,128,245,117,135,110,255,119,62,0,189,47,176,254,0,255,161,73,26,117,170,0,0,255
155,29,156,50,255,1,73,88,147,216,190,109,153,125,182,46,34,120,255,15,71,255,39,42,27,178,126,210,86,97,138,192,104,188,7,255,8,122,0,227,93,193,0,0,253,232,165,115,40,203,255,0,173,255,231,153,151,14,109,244,254,255,0,0,23,222,118,0,99,96,153,254,0,22,51,19,188,0,220,127,56,255,98,186,0,111,6,93,237,236,118,90,255,48,255,255,0,0,123,255,0,0,0,0,0,255,255,197,175,255,255,167,0,76,0,132,255,255,27,189,234,242,62,170,0,19,78,255
158,31,148,69,249,8,85,70,136,204,210,108,138,149,196,73,82,136,255,50,60,255,79,55,18,169,159,251,118,120,140,213,129,129,64,250,76,71,0,114,138,196,0,44,166,255,102,83,39,179,220,0,158,255,150,107,207,67,144,255,255,118,0,70,66,124,170,0,189,56,122,222,0,110,98,97,148,0,240,167,86,255,89,87,0,93,54,141,220,60,68,155,255,200,93,255,18,0,109,194,66,0,0,0,0,121,181,154,183,81,255,84,100,98,0,72,139,243,11,61,143,134,19,186,146,134,27,255
153,26,163,45,255,36,128,99,142,214,152,162,166,203,180,139,78,180,195,21,30,255,104,123,19,196,169,217,44,120,173,133,175,193,79,207,100,84,80,239,149,123,73,103,93,143,138,152,31,244,211,0,120,255,98,206,160,76,184,255,255,89,44,141,29,108,186,20,194,106,147,56,131,166,122,32,117,187,135,178,149,218,252,107,44,172,166,210,169,111,55,156,255,225,126,255,0,0,191,181,236,0,183,0,0,212,221,72,21,194,188,151,73,81,133,93,236,235,0,62,160,12,0,157,255,0,142,255
157,23,178,46,255,0,58,101,215,219,175,144,217,108,200,76,70,143,255,0,51,255,61,96,0,204,107,175,63,161,128,160,137,226,34,255,0,184,0,255,26,192,0,0,255,93,237,255,0,238,239,0,203,255,227,192,29,0,57,207,255,255,0,0,0,240,50,0,181,241,132,251,0,0,16,0,118,111,253,0,167,255,138,255,0,226,0,151,251,255,255,111,255,0,255,255,0,0,188,88,0,0,0,0,27,255,255,140,200,255,162,255,0,255,10,216,255,255,79,24,255,255,0,98,0,0,255,255
152,26,169,36,255,56,110,102,141,225,165,162,107,183,197,142,0,172,255,0,67,255,63,88,0,207,64,255,85,121,191,205,192,225,0,255,56,173,0,249,114,241,0,52,255,176,177,224,103,255,141,0,139,255,169,187,50,97,200,255,255,108,0,17,74,20,224,17,225,202,21,244,0,76,92,0,128,65,157,66,6,255,255,132,0,128,68,247,63,225,96,91,255,179,238,255,0,0,203,232,66,0,0,0,0,239,255,207,210,255,255,208,219,0,110,222,255,255,0,76,255,64,78,84,199,0,141,255
153,30,147,59,255,56,130,95,101,205,162,147,91,186,148,120,19,127,222,35,47,255,81,45,35,178,142,255,72,69,196,146,138,169,6,255,108,95,94,187,143,214,50,76,145,255,146,117,142,219,233,0,52,255,129,185,156,154,255,255,202,116,34,194,102,80,255,29,210,36,70,207,89,144,129,0,119,122,55,170,39,255,214,45,18,68,76,74,73,36,0,157,255,255,182,255,117,0,92,255,148,35,0,0,0,116,175,162,167,152,255,96,70,0,178,117,204,164,0,255,90,0,188,217,255,0,0,255
152,24,152,57,255,34,142,100,123,214,160,161,158,197,156,121,70,125,205,30,45,255,115,74,24,181,157,191,32,93,155,170,143,164,76,249,72,75,100,227,155,170,97,99,84,226,120,123,53,218,204,0,89,255,68,145,172,127,203,255,226,108,68,93,51,84,218,0,226,2,161,83,133,205,166,1,128,162,101,127,31,255,240,141,69,174,86,149,138,1,57,167,255,255,104,255,76,0,146,251,174,106,80,0,0,103,255,144,141,157,218,125,34,39,244,25,127,162,0,200,191,10,10,214,255,0,0,255
153,31,162,69,255,50,137,98,139,217,146,175,129,181,140,122,16,158,245,33,32,255,91,97,0,162,123,252,74,113,161,156,178,165,11,255,70,131,120,185,156,245,36,149,148,255,183,136,170,255,206,11,74,255,147,227,118,178,255,255,255,97,66,135,93,61,255,45,255,0,121,185,39,164,155,0,87,93,111,118,113,255,238,108,0,84,39,97,139,0,0,139,255,255,146,255,25,0,41,227,175,19,34,0,0,136,250,224,141,139,255,45,70,0,255,153,156,108,0,255,234,13,169,255,255,0,0,255
157,36,176,59,255,6,71,91,163,226,185,142,149,162,144,64,106,150,255,0,29,255,104,120,0,191,92,217,67,181,181,148,147,245,0,243,0,144,0,255,96,255,0,0,255,197,190,173,17,186,140,0,157,255,200,255,70,31,112,248,248,181,0,0,8,218,88,0,247,172,138,167,0,0,53,0,131,0,234,140,58,255,163,181,0,95,0,106,188,241,114,31,255,0,202,251,0,0,56,222,0,0,0,0,0,242,255,228,254,255,255,85,118,6,126,203,255,215,54,35,214,244,47,189,171,81,207,255
154,31,161,45,255,35,105,84,125,221,179,147,127,221,184,108,68,155,245,20,37,255,88,92,39,157,95,255,68,41,132,189,170,234,0,255,48,108,15,171,134,200,37,7,221,255,123,134,35,208,239,0,157,255,135,185,135,147,212,255,255,138,0,9,44,133,193,5,230,101,39,167,0,85,93,0,201,40,202,178,78,255,145,137,0,65,0,121,101,114,0,154,255,137,168,255,0,0,219,196,91,0,0,0,0,186,133,255,112,194,255,92,68,29,5,77,175,139,0,149,178,0,107,224,184,0,5,255
157,36,156,61,255,46,108,82,134,228,148,135,139,167,149,85,89,170,225,34,30,255,75,124,63,149,111,255,47,96,174,135,141,174,0,255,50,53,25,160,152,161,0,41,153,221,155,140,120,165,255,0,165,255,209,255,190,17,147,217,255,193,45,57,78,177,180,39,138,0,89,202,75,48,124,64,105,55,199,184,97,244,110,163,0,0,70,1,175,56,130,69,255,178,138,173,0,0,94,241,2,0,4,0,0,198,99,192,130,210,255,61,0,36,154,0,255,255,0,174,243,133,37,117,232,71,123,255
152,19,142,62,228,0,103,79,142,195,180,141,144,171,203,105,110,140,251,46,40,255,104,92,4,215,187,196,78,158,178,193,109,169,74,168,96,41,37,181,148,140,126,40,129,192,137,132,53,239,123,0,130,255,126,107,176,1,59,255,194,67,21,103,0,111,75,0,212,154,121,0,104,83,255,111,129,122,137,172,146,255,255,62,2,220,157,165,202,99,83,106,255,250,86,255,0,0,255,223,255,0,112,0,0,36,255,0,32,97,192,87,143,63,180,64,179,179,0,59,107,51,0,179,201,72,72,255
154,32,154,45,255,75,157,114,118,233,154,157,121,255,124,186,117,182,158,26,75,255,131,104,17,179,153,255,35,140,142,90,176,137,121,255,69,9,255,218,243,64,51,255,0,255,255,163,107,230,188,38,66,189,149,255,198,160,255,255,222,0,158,205,0,0,255,0,247,0,81,143,255,112,189,49,48,181,85,255,64,255,255,48,0,97,148,190,122,0,0,209,255,255,222,237,169,0,41,71,255,20,140,31,0,69,168,90,70,105,132,51,77,0,255,181,255,238,0,246,154,14,0,27,255,0,0,255
154,31,163,50,255,71,151,104,101,250,151,177,98,207,174,152,17,163,235,11,83,255,93,98,11,193,113,255,15,84,180,176,144,240,24,255,80,133,108,255,94,169,15,134,198,233,151,245,130,241,239,0,98,255,107,221,135,130,255,255,253,145,145,188,109,51,255,60,212,69,154,239,109,111,148,0,106,165,47,63,1,255,241,197,0,61,65,124,143,105,37,95,255,235,162,255,10,0,108,255,124,13,29,0,0,87,170,226,213,161,255,177,27,0,245,109,194,255,0,255,239,33,166,122,255,0,0,255
154,31,177,24,255,86,143,86,119,255,113,193,59,230,211,179,23,209,215,21,47,255,52,124,44,238,8,255,112,14,218,224,196,255,0,255,19,180,0,103,118,229,3,112,255,251,100,242,159,255,136,0,121,255,160,174,100,92,195,255,255,176,85,106,103,19,176,155,240,208,0,223,0,64,129,0,144,171,210,184,8,255,255,144,0,44,86,220,92,192,0,94,255,226,203,255,0,0,255,255,38,0,0,0,0,195,51,235,102,255,254,211,230,0,188,134,154,216,0,166,255,0,47,162,129,0,172,255
152,29,152,58,255,52,117,95,102,218,166,128,123,159,168,102,13,135,190,18,21,255,38,76,103,184,114,154,66,40,171,181,105,179,88,255,66,58,58,255,183,152,30,94,133,229,148,105,79,230,211,0,125,255,84,214,160,126,207,255,227,127,2,123,97,135,210,17,156,35,207,161,151,192,147,0,144,74,99,93,31,204,207,112,58,83,135,129,180,83,56,102,255,182,166,255,26,0,74,255,115,29,46,0,0,157,236,142,155,212,255,147,47,0,181,148,234,255,0,255,130,106,63,182,151,0,43,255
156,25,159,6,255,0,92,94,166,243,220,109,150,203,217,84,56,117,255,16,100,255,125,80,1,255,126,249,0,58,113,221,99,255,39,228,0,198,27,255,66,98,0,0,255,204,207,255,0,255,248,0,203,255,201,159,148,0,89,255,239,255,0,0,0,112,160,0,216,255,107,255,0,0,0,0,253,42,255,22,93,255,203,219,0,132,0,187,227,255,1,233,255,0,255,255,0,0,139,136,0,0,0,0,0,255,255,214,218,255,0,157,29,80,0,180,255,255,0,102,255,199,0,105,0,0,108,255
157,37,160,66,255,55,109,65,101,211,169,112,124,173,152,117,72,156,231,56,16,255,63,99,82,133,136,255,103,48,166,111,114,155,52,225,69,41,100,147,181,162,50,128,138,229,136,98,106,180,255,0,172,255,86,216,233,132,212,255,255,112,11,156,118,176,225,20,238,23,129,184,113,246,85,61,107,57,133,213,110,152,129,99,60,45,86,88,186,17,119,206,255,212,163,255,104,0,37,228,60,2,0,0,0,123,149,211,130,107,255,44,7,46,93,150,243,224,0,155,72,107,2,136,255,46,39,255
160,35,137,63,240,52,121,100,101,207,214,48,48,208,112,51,120,79,189,83,45,255,173,57,53,242,144,234,70,128,174,115,120,99,66,152,150,98,120,47,163,241,110,77,8,220,107,89,36,188,218,54,189,84,177,84,218,23,114,190,189,170,88,232,138,73,180,27,146,3,105,197,194,0,5,97,20,121,227,223,0,255,152,178,3,0,113,46,167,54,0,163,255,255,121,255,20,0,120,255,0,137,0,21,0,0,189,255,216,209,255,79,0,0,53,0,106,217,52,254,170,71,210,119,255,124,0,255
162,26,135,48,232,0,137,99,141,205,215,68,84,220,153,94,142,80,241,58,0,255,203,40,21,255,166,186,62,101,215,232,101,100,123,172,100,101,18,127,166,150,133,0,166,255,54,186,0,237,108,0,142,223,107,28,198,0,66,255,215,210,51,30,0,0,46,0,165,156,160,136,104,40,97,2,136,141,255,77,0,255,249,248,0,0,77,125,184,49,0,159,255,213,255,255,46,64,38,191,11,57,0,0,34,73,183,140,176,90,255,173,8,69,0,0,58,255,185,97,255,90,0,96,244,246,54,255
159,40,150,26,255,101,152,114,94,251,146,93,15,255,155,158,62,179,162,44,91,255,119,106,0,255,193,255,27,78,225,112,143,189,25,157,75,160,172,81,93,193,2,76,194,207,70,128,146,119,222,21,255,151,223,99,160,77,158,255,235,68,177,209,178,0,234,160,214,124,44,231,226,11,7,0,0,145,218,255,0,255,229,255,0,0,244,245,139,199,0,255,237,255,239,255,44,0,197,132,6,88,73,0,0,48,64,255,255,144,199,0,0,0,0,0,255,255,0,0,255,126,18,123,255,0,0,255
165,38,187,44,255,41,112,100,134,255,215,125,100,198,150,136,40,163,255,94,27,255,153,65,39,225,59,180,85,63,162,207,162,220,48,246,45,177,87,200,35,181,8,8,223,145,121,209,16,248,175,0,217,255,68,130,142,35,137,255,255,255,0,0,46,178,117,3,227,94,170,255,0,51,0,52,107,68,238,5,158,233,152,255,0,52,40,180,206,255,0,196,255,7,230,255,0,14,38,242,0,0,0,0,0,255,255,247,187,255,185,206,157,129,83,73,255,183,0,113,255,166,0,1,7,10,117,255
153,31,161,46,255,61,121,91,114,222,166,141,96,194,170,137,17,154,253,0,65,255,83,64,18,177,86,255,72,81,182,192,168,190,19,255,81,100,78,243,133,178,0,39,183,222,171,172,112,216,212,0,129,255,150,235,141,111,240,255,255,108,13,108,128,44,247,22,179,86,66,255,40,116,95,0,109,11,145,97,6,255,202,129,0,39,48,183,109,119,85,124,255,192,204,255,40,0,80,255,82,0,0,0,0,199,212,185,178,206,255,156,130,0,114,174,255,243,0,136,200,68,112,77,242,0,65,255
152,27,144,50,255,38,120,92,108,199,165,151,91,185,164,119,36,128,235,18,51,255,78,36,16,204,148,255,56,80,219,173,129,181,0,247,91,106,35,207,155,164,48,0,178,255,136,150,90,230,199,0,69,255,123,158,144,83,217,255,159,134,37,120,63,63,222,17,205,101,45,152,68,89,173,0,141,129,69,198,14,255,248,45,0,98,102,124,87,84,0,136,255,255,255,255,104,0,151,247,116,0,0,0,0,90,231,73,177,104,255,179,150,0,172,192,255,218,0,211,130,77,139,93,255,0,0,255
151,29,154,63,255,59,126,105,111,211,160,161,103,187,152,127,6,135,219,15,53,255,59,57,30,162,141,251,69,93,180,158,160,151,18,255,83,81,129,199,152,226,57,124,115,255,163,97,140,220,230,0,78,255,103,180,128,167,255,255,230,73,41,183,101,91,255,28,235,9,122,192,69,149,179,0,90,105,53,133,0,255,242,55,0,76,101,119,115,47,4,96,255,255,135,255,61,0,74,255,165,62,24,0,0,132,224,167,154,176,255,92,102,0,255,162,231,197,0,255,112,3,150,182,255,0,0,255
151,21,144,83,241,0,124,77,126,183,175,159,155,149,172,92,77,122,255,55,32,255,75,67,8,176,167,163,108,146,146,207,132,98,71,220,103,50,58,162,169,203,130,141,78,227,141,71,119,255,99,0,103,255,88,134,150,115,177,249,222,91,49,103,51,137,184,0,215,5,114,48,88,199,255,82,133,71,107,163,124,255,246,14,41,244,89,134,184,0,40,96,255,255,41,255,63,0,159,254,218,59,33,0,0,0,255,47,87,28,254,88,179,50,255,127,20,32,0,255,94,25,77,255,255,139,0,255
155,28,170,23,255,9,87,90,168,241,186,137,169,182,202,97,69,141,255,0,76,255,99,138,0,234,126,255,13,91,135,202,119,255,23,239,7,196,0,255,103,208,0,0,255,203,207,255,0,255,197,0,169,255,179,183,85,20,110,255,255,253,0,0,1,108,142,0,210,255,71,211,0,26,0,0,151,90,255,76,43,255,212,213,0,179,0,155,150,222,48,164,255,1,255,255,0,0,174,178,0,0,0,0,0,207,255,222,213,255,170,118,54,25,15,200,255,255,0,84,255,104,36,202,108,0,225,255
152,25,155,33,255,4,113,90,138,205,182,146,179,184,209,96,70,133,254,0,30,255,88,93,44,237,136,205,20,24,136,233,162,228,48,255,68,120,0,234,156,155,40,0,174,255,90,145,0,248,185,0,163,255,101,166,105,95,175,255,255,159,3,0,16,90,212,0,231,139,102,156,0,140,82,0,255,39,255,67,46,255,152,154,0,135,31,198,183,129,71,174,255,103,241,255,4,0,180,134,129,0,0,0,0,181,177,242,132,151,230,210,0,73,0,93,108,255,0,229,255,38,36,235,214,0,0,255
155,29,159,19,255,32,98,96,136,236,170,137,128,182,189,110,79,153,239,5,58,255,85,96,38,248,89,248,32,81,195,205,154,230,0,255,18,132,0,252,126,154,0,0,242,225,149,192,0,227,216,0,187,255,218,183,129,0,103,255,246,243,0,0,19,96,143,21,150,211,90,211,0,28,79,0,197,66,255,127,0,255,193,173,0,49,85,201,207,255,37,117,255,81,255,255,0,0,172,219,0,0,0,0,0,187,226,205,146,255,149,205,2,0,0,92,255,255,0,106,255,173,0,74,91,0,95,255
153,22,147,69,235,9,114,86,134,195,161,131,159,156,191,117,88,152,226,34,33,255,124,106,30,191,175,182,75,129,156,165,126,159,102,214,87,38,31,203,120,143,109,109,124,194,110,148,58,255,154,0,63,255,104,147,160,82,113,223,207,64,14,173,14,101,143,25,193,87,124,23,113,122,207,58,146,154,115,184,172,255,255,73,45,198,162,148,176,50,80,127,255,225,78,255,18,0,241,219,242,0,84,0,0,125,225,66,19,84,190,161,71,131,179,43,151,152,0,131,97,0,0,196,232,62,97,255
155,33,165,52,255,60,138,111,128,224,143,156,144,228,144,177,111,219,170,0,49,255,135,158,6,165,131,255,47,172,153,119,190,207,81,255,67,22,165,255,224,99,68,233,10,225,222,183,71,252,151,0,86,236,113,255,150,174,242,255,244,0,100,182,0,30,223,27,230,51,106,34,222,81,162,0,65,138,134,237,139,255,255,89,0,115,177,255,187,0,56,173,255,255,66,212,90,0,138,77,255,0,185,63,0,108,177,130,31,111,197,156,153,0,229,174,255,184,0,126,131,3,0,44,255,0,164,255
155,26,187,68,255,78,146,101,133,233,117,184,111,166,191,176,0,206,207,44,33,255,53,118,0,137,70,232,152,177,164,106,219,252,17,255,106,158,123,204,43,255,79,204,189,106,135,168,190,255,167,7,137,255,23,174,76,120,255,255,255,125,127,210,136,91,174,156,216,99,91,145,76,189,224,0,24,245,161,154,143,207,255,162,0,143,84,188,121,174,131,95,255,223,39,255,0,0,255,255,200,0,147,0,0,46,180,178,147,184,255,129,149,0,255,156,224,109,0,236,72,0,114,182,255,6,0,255
152,25,178,44,255,96,144,99,136,254,99,216,89,208,203,187,0,201,224,37,50,255,38,141,0,203,30,255,92,101,209,179,199,255,0,255,50,200,79,177,100,255,73,174,254,185,124,255,255,255,165,0,94,255,104,187,93,120,205,255,255,130,115,178,86,27,217,136,255,186,27,171,0,168,255,0,93,223,163,74,110,197,255,127,0,83,136,152,83,158,29,90,255,255,64,255,0,0,255,255,134,0,120,0,0,165,168,160,151,255,255,177,194,0,255,160,225,215,0,213,255,0,79,193,220,0,68,255
153,29,178,81,255,20,88,108,156,209,140,172,157,118,160,113,29,184,228,0,11,255,12,114,12,124,132,172,138,181,161,131,189,198,18,255,33,123,0,240,120,255,43,101,211,176,186,137,71,255,191,0,80,255,85,217,0,185,225,171,201,111,0,42,70,179,138,17,170,100,152,117,0,84,172,0,42,120,93,100,68,255,255,178,0,189,53,125,207,214,205,65,255,147,34,200,0,0,129,232,186,0,64,0,0,190,255,186,214,255,255,255,193,10,255,224,255,79,0,207,70,92,148,227,255,74,223,255
159,29,178,31,255,14,84,96,176,244,189,131,142,167,189,95,47,150,255,1,73,255,70,94,0,210,81,225,70,115,124,205,125,227,37,247,0,168,8,255,71,169,0,0,255,79,242,233,9,240,246,0,255,255,212,195,110,0,124,255,255,255,0,0,0,203,73,0,148,198,116,255,0,0,0,0,87,60,251,40,96,255,182,255,0,164,0,144,194,255,151,146,255,0,255,255,0,0,135,184,0,0,0,0,0,255,255,174,251,255,107,162,81,142,56,187,255,255,38,7,255,245,0,131,0,0,227,255
152,26,160,46,255,14,103,89,138,206,167,151,152,163,210,116,37,149,255,0,54,255,62,89,0,200,155,239,69,77,191,214,164,205,20,251,56,128,0,181,139,215,29,61,238,255,127,155,35,226,182,0,94,255,108,155,82,139,156,255,255,128,0,49,75,46,149,12,201,158,58,142,0,136,104,0,142,82,197,160,0,255,216,101,0,138,80,230,130,132,59,169,255,204,198,255,0,0,193,222,146,0,0,0,0,187,220,175,138,106,255,179,107,0,0,142,180,219,0,116,166,28,4,165,233,0,118,255
157,30,168,55,255,16,102,109,150,211,166,132,167,169,182,113,79,164,227,0,45,255,82,120,0,221,177,205,74,144,148,141,170,208,97,231,59,116,47,255,127,182,6,36,147,154,167,172,0,171,179,0,186,255,100,205,141,52,156,255,255,128,2,0,10,167,124,0,181,188,119,155,0,134,51,7,93,101,184,116,93,255,239,195,0,158,145,210,255,146,186,153,255,195,47,255,0,0,160,127,105,0,0,0,0,198,216,170,219,255,149,177,54,127,39,146,255,247,0,34,187,127,0,161,236,0,183,255
169,35,206,56,255,12,58,121,208,255,239,168,172,202,197,134,117,173,255,29,68,255,235,18,21,255,40,233,95,165,110,255,160,180,7,255,23,255,35,255,0,135,0,0,250,1,213,255,0,87,176,0,197,255,23,139,26,50,130,255,255,255,0,0,0,255,140,0,255,112,62,255,0,0,0,39,149,0,168,0,255,255,93,255,0,172,15,255,119,255,255,224,255,0,255,202,0,125,134,26,0,0,0,0,0,255,255,255,255,255,0,228,64,255,0,255,255,86,0,0,255,255,0,0,73,0,219,255
151,27,162,23,255,39,119,104,125,233,193,162,114,228,211,136,47,150,254,0,76,255,117,94,0,255,92,255,1,83,180,232,156,255,0,226,48,154,15,255,113,189,47,0,235,249,144,253,0,246,156,0,121,255,120,188,87,121,199,255,252,112,48,7,7,15,240,0,255,237,33,184,0,40,80,0,195,107,171,117,0,255,255,108,0,94,40,255,104,205,0,111,255,165,255,255,0,0,205,182,81,0,0,0,0,172,239,223,197,187,241,187,140,0,0,188,255,255,0,137,255,59,18,101,255,0,60,255
155,33,159,70,255,31,112,92,133,223,174,148,150,167,158,90,40,145,255,10,76,255,47,69,7,128,166,255,80,114,132,175,129,155,53,255,36,78,91,165,144,219,0,137,157,222,162,82,117,171,255,0,170,255,138,195,197,173,220,255,255,149,0,80,120,126,255,0,167,11,178,223,52,162,93,37,35,8,135,136,36,255,159,162,0,116,73,82,196,33,89,145,255,255,97,255,7,0,37,233,48,44,0,0,0,146,255,220,204,197,255,70,38,13,182,113,229,215,0,166,136,109,76,227,255,0,51,255
152,23,135,81,224,0,116,78,98,200,185,136,180,196,160,75,144,130,240,67,65,255,124,52,72,127,174,232,64,87,89,177,113,70,99,255,160,0,138,146,173,125,88,130,0,255,173,38,48,192,221,0,84,169,83,168,234,105,174,240,219,114,72,165,64,101,246,0,146,0,104,84,200,173,252,156,149,62,113,223,88,255,131,49,25,164,54,140,163,0,69,84,255,255,45,218,204,0,150,196,227,137,145,0,0,0,255,79,0,82,214,156,40,126,228,0,0,89,0,144,137,23,13,135,255,147,0,255
152,30,151,56,255,36,101,105,126,190,204,139,113,187,168,86,0,104,255,0,85,255,49,0,0,172,181,255,94,109,177,156,143,181,24,252,61,108,124,192,151,224,25,18,173,255,143,42,89,151,255,0,159,255,127,145,188,138,233,255,255,44,0,77,106,105,255,0,255,125,130,255,64,172,20,0,105,0,115,122,37,255,166,31,0,79,107,178,175,71,50,203,255,255,157,255,114,0,14,173,116,46,0,0,0,241,252,168,230,223,255,8,113,0,0,255,255,255,0,190,20,140,100,207,255,0,0,255
156,31,161,35,255,15,102,101,130,209,183,139,98,204,183,128,72,141,243,0,46,255,123,67,0,255,149,255,74,94,221,180,142,225,20,228,53,172,61,225,93,158,17,0,248,208,154,171,0,178,132,0,168,255,133,137,163,29,148,255,171,150,4,0,37,56,90,27,255,233,62,184,0,28,63,0,151,58,135,172,32,255,255,183,0,58,98,255,199,255,0,128,255,242,255,255,0,0,137,252,34,0,0,0,17,173,255,221,179,143,196,150,110,0,0,140,255,255,0,16,255,130,0,120,230,0,16,255
157,32,149,46,255,89,125,77,80,229,142,144,45,224,147,110,25,109,190,54,98,239,39,57,32,224,141,255,100,75,205,130,118,171,0,255,69,116,133,119,122,179,65,55,154,255,137,133,115,163,240,78,89,205,158,138,178,59,219,255,174,87,191,255,194,47,163,20,145,99,112,170,153,105,94,0,26,182,91,189,0,255,247,136,0,8,129,142,127,162,0,156,255,255,188,255,105,0,154,255,95,26,0,0,0,91,172,172,119,181,200,159,15,0,96,10,195,255,0,142,224,13,208,56,255,0,0,255
158,31,129,70,230,32,89,77,82,203,191,70,58,180,97,29,94,53,175,60,72,255,131,60,8,152,185,255,2,139,154,182,169,130,25,255,201,44,89,85,174,156,119,16,83,255,117,175,7,170,255,18,89,191,157,147,210,22,113,225,177,97,14,227,82,44,30,6,98,144,100,100,111,0,36,114,137,88,255,156,0,255,247,167,0,25,188,0,218,27,0,167,255,215,111,255,129,0,95,242,66,0,0,71,0,0,235,74,160,158,164,156,64,136,114,0,205,122,1,230,146,28,192,14,245,0,0,255
153,21,147,65,220,6,118,90,141,198,162,138,174,196,152,109,144,167,193,54,61,255,164,118,0,166,184,189,20,185,126,151,147,134,85,232,96,0,133,239,162,97,115,160,0,166,228,149,7,223,123,0,61,200,101,220,187,85,128,205,183,14,111,145,0,140,137,0,139,127,97,0,215,138,238,238,88,212,137,255,153,255,243,0,132,255,209,227,175,45,47,160,255,220,69,255,45,0,255,101,255,6,228,0,0,24,255,11,7,126,19,175,169,107,241,43,193,118,0,27,55,5,0,109,230,16,123,255
152,27,165,59,255,51,122,100,134,218,151,180,134,202,176,151,58,183,207,0,36,255,90,115,0,177,112,229,65,169,186,134,197,235,1,228,49,104,89,251,136,193,116,130,130,191,159,211,55,255,133,0,69,255,79,221,54,142,214,255,229,13,66,134,42,45,164,50,255,130,86,72,83,105,215,5,81,163,106,156,81,255,255,90,0,144,118,232,121,128,86,117,255,226,123,255,0,0,234,172,255,0,139,0,0,135,255,97,140,161,255,129,169,0,240,178,255,150,0,113,113,27,21,107,255,0,103,255
155,26,185,42,255,124,171,95,107,255,99,253,35,246,222,238,0,221,224,46,69,255,47,110,0,199,38,255,130,76,215,150,198,255,0,255,90,208,201,169,39,217,73,205,255,184,133,255,255,255,184,17,75,255,56,198,60,190,255,255,255,79,255,255,113,0,255,184,255,202,40,255,46,179,255,0,43,232,56,80,70,125,255,152,0,66,98,216,58,253,16,126,255,255,74,255,0,0,255,255,228,0,127,97,6,78,55,172,162,216,255,171,189,0,248,134,157,218,0,137,243,0,91,117,215,0,0,255
151,25,163,68,250,29,119,86,142,210,129,168,165,127,148,91,55,149,229,26,66,255,5,71,33,137,141,240,115,136,146,148,140,95,23,255,102,74,48,158,171,190,0,137,65,150,191,84,126,239,255,0,157,255,117,144,189,48,167,220,253,189,7,79,116,172,162,4,79,0,125,131,40,161,197,55,64,124,80,127,105,255,209,200,0,221,137,118,245,56,192,56,255,255,45,255,0,0,128,255,57,0,165,0,0,104,255,9,102,164,255,211,101,70,255,117,255,183,0,255,119,79,7,145,190,0,50,255
152,23,177,36,255,43,119,111,156,226,145,176,141,201,219,166,0,180,248,0,55,255,47,107,0,231,108,238,60,75,147,192,192,255,62,255,28,173,0,255,117,202,27,91,252,202,150,253,46,255,123,0,107,255,70,241,17,122,219,255,255,98,12,0,47,34,218,6,255,255,94,223,0,134,135,0,179,96,148,0,5,255,255,226,0,199,61,233,132,255,173,136,255,82,191,255,0,0,195,170,125,0,0,0,0,255,225,254,189,255,255,255,109,0,114,221,255,255,0,142,255,46,28,178,255,0,245,255
163,31,168,41,255,0,66,70,157,223,217,111,133,143,194,77,67,137,255,31,69,255,121,74,5,255,106,249,122,119,119,255,94,175,83,255,65,139,0,229,76,170,0,0,255,157,155,138,0,155,148,0,249,255,166,96,148,10,124,255,255,219,0,0,12,158,154,0,200,173,65,255,0,1,0,0,129,0,255,56,133,255,57,194,0,109,14,255,208,243,43,142,255,26,255,255,0,0,98,170,0,0,0,0,8,154,253,153,255,226,146,86,72,187,0,152,255,255,21,0,255,255,0,182,18,11,43,255
153,30,166,47,255,67,134,113,130,221,141,166,125,245,163,181,78,188,184,18,44,255,132,137,3,211,113,249,41,142,192,156,213,193,62,223,60,93,104,243,145,163,87,142,112,171,133,183,66,207,137,0,95,255,98,251,164,103,218,255,255,22,97,151,54,44,245,24,250,175,70,72,147,185,182,38,120,184,147,221,77,255,255,54,26,96,195,255,147,62,0,146,255,255,86,255,0,18,216,160,186,0,189,0,0,213,203,136,66,203,196,134,153,0,179,165,255,235,0,57,196,37,0,121,255,0,153,255
156,25,174,48,255,0,61,101,202,218,207,137,207,140,214,74,98,145,255,0,45,255,59,115,0,210,153,170,60,176,144,221,148,200,53,191,10,160,0,255,66,208,0,0,255,86,224,220,0,208,231,0,255,255,180,174,56,7,103,255,255,254,0,0,0,219,29,0,194,225,165,182,0,0,47,0,87,54,255,0,97,255,176,207,0,199,0,195,255,255,255,155,255,0,247,255,0,0,157,76,74,0,0,0,0,255,255,148,240,255,203,168,62,255,0,196,255,255,52,0,255,252,0,168,34,0,255,255
155,22,176,2,255,0,88,109,180,225,209,145,183,161,232,122,55,141,255,0,79,255,99,93,0,255,94,221,9,107,140,228,152,255,76,219,0,250,0,255,79,174,0,0,255,151,200,255,0,255,138,0,229,255,169,181,63,0,107,255,255,254,0,0,0,90,184,0,255,255,63,255,0,33,0,0,255,71,255,0,62,255,232,222,0,225,20,255,240,255,195,159,255,0,255,255,0,0,163,39,0,0,0,0,12,255,255,255,255,255,78,255,77,126,0,255,255,255,0,89,255,247,0,58,94,0,245,255
154,25,151,58,252,3,103,85,137,205,177,139,150,176,195,92,58,138,255,26,67,255,62,58,0,183,186,241,92,146,148,162,116,179,50,207,67,92,53,227,137,145,72,20,155,213,152,128,67,248,193,0,144,255,106,152,157,51,127,255,211,130,0,56,0,151,129,0,177,115,102,97,55,105,210,42,133,51,132,152,146,255,251,119,0,203,113,132,176,99,107,163,255,199,141,255,23,0,200,207,133,0,0,0,0,85,255,24,147,141,156,107,144,48,142,189,253,188,0,127,132,139,67,183,191,0,13,255
152,26,155,68,255,46,128,93,115,213,168,184,135,161,163,109,16,128,234,14,52,255,38,74,40,166,138,236,78,118,161,150,143,177,41,237,88,80,141,194,160,227,99,167,104,225,125,93,125,206,238,0,121,255,82,148,147,179,243,255,255,76,69,148,107,87,255,26,231,27,148,185,126,204,169,13,77,80,110,96,108,249,235,72,51,121,127,106,166,12,69,89,255,255,83,255,57,0,89,255,204,71,49,0,0,53,227,101,147,171,255,50,42,0,255,134,160,215,0,255,72,0,143,226,255,0,0,255
153,33,144,44,255,68,138,94,88,232,186,111,114,197,162,112,14,132,231,60,58,255,104,33,60,151,163,255,19,37,145,158,95,199,77,255,119,53,105,248,153,148,0,103,88,255,166,93,155,210,255,38,89,255,155,233,216,140,255,255,255,204,0,206,130,97,255,15,191,0,176,240,215,192,60,0,129,39,93,132,0,213,170,109,0,23,23,42,83,83,0,181,255,223,254,255,106,0,0,255,76,126,0,0,0,184,211,255,167,204,255,80,0,0,66,60,153,255,0,255,177,39,127,139,255,0,0,255
156,30,161,40,255,0,87,108,153,221,207,104,161,168,180,65,72,126,255,0,74,255,94,85,0,208,171,212,56,143,140,175,124,212,63,224,26,116,9,255,118,188,2,0,235,180,151,131,9,202,246,0,209,255,176,193,171,58,133,255,241,214,0,0,0,206,161,0,145,156,179,209,37,16,14,0,141,2,242,102,110,255,221,109,0,119,40,118,202,182,62,124,255,92,230,255,0,0,75,207,0,0,0,0,0,247,255,211,175,255,156,105,73,44,15,181,255,255,21,76,244,170,39,229,111,6,107,255
158,28,153,62,255,0,84,72,155,201,184,109,183,116,193,57,91,142,255,30,15,255,87,103,13,206,144,177,110,117,110,199,96,184,83,253,59,71,0,206,159,206,0,0,218,218,129,98,34,189,169,0,193,255,173,164,164,40,84,214,255,207,0,0,11,184,153,0,186,83,104,144,0,104,122,51,120,0,255,109,143,255,124,150,0,138,27,105,218,104,147,75,255,127,145,255,0,0,160,220,0,0,0,0,0,121,237,191,144,210,217,72,0,132,25,66,179,226,40,103,255,165,15,255,140,122,128,255
152,32,164,48,255,51,121,85,127,234,153,166,116,204,191,120,60,160,236,1,22,255,90,105,37,186,64,249,33,68,198,212,162,220,0,255,41,126,0,178,127,222,29,19,219,253,121,199,85,240,221,0,70,255,147,216,82,88,205,255,255,170,50,68,97,86,190,74,245,109,52,161,0,79,155,0,157,106,205,159,0,255,229,154,0,23,3,116,101,153,8,78,255,122,247,255,0,0,161,255,69,0,0,0,0,215,178,216,122,191,255,176,73,0,146,110,190,198,0,187,255,28,69,155,255,0,130,255
157,29,146,69,249,23,101,84,130,208,186,111,138,177,169,79,110,123,255,63,60,255,122,49,21,154,146,246,81,127,146,163,131,152,36,255,81,51,80,173,136,175,31,2,120,255,157,91,57,166,254,0,96,255,173,173,241,53,156,255,233,136,0,96,57,172,166,0,156,41,130,193,92,95,153,103,151,46,197,167,136,252,155,84,0,83,21,84,169,60,84,130,255,193,68,255,39,0,83,255,105,13,0,0,0,147,192,159,93,175,219,98,58,52,72,60,127,183,0,90,163,45,47,190,198,114,19,255
156,19,134,90,190,0,101,67,130,196,174,107,155,181,178,80,171,152,255,111,69,255,124,79,46,161,209,193,111,184,115,192,88,98,116,172,101,0,92,105,148,74,70,138,44,255,173,92,82,191,74,0,121,133,149,149,255,1,33,219,159,78,31,133,4,180,136,0,100,112,103,38,245,122,240,193,107,75,130,243,164,255,248,84,65,224,170,132,228,0,148,142,255,201,27,255,101,0,230,117,148,3,60,12,0,1,183,81,56,113,113,112,176,64,235,19,83,209,0,158,74,153,0,81,192,240,131,255
155,28,172,62,255,65,130,96,124,238,145,185,120,162,185,155,1,151,244,2,49,255,39,88,0,163,102,229,92,131,187,159,162,232,17,253,44,146,87,224,87,255,62,136,248,183,147,202,103,242,208,0,115,255,80,135,51,100,238,255,255,160,61,97,169,48,163,58,237,159,104,236,13,180,159,0,0,139,138,34,14,255,255,209,0,79,79,174,124,190,154,115,255,240,141,255,0,0,134,255,134,0,8,0,0,127,230,175,228,223,255,119,101,0,251,153,229,193,0,152,183,0,126,115,255,0,70,255
153,22,171,44,255,95,140,78,119,248,117,204,71,169,208,161,0,187,214,63,28,253,61,114,43,215,44,255,138,72,223,172,140,255,0,255,105,151,93,133,109,255,93,138,234,205,145,253,240,255,162,0,69,255,87,96,134,109,137,255,255,137,140,226,108,5,166,154,250,152,43,196,34,211,191,5,34,219,184,123,95,136,255,99,0,71,168,161,102,169,6,89,255,255,134,255,0,0,255,255,125,0,116,43,0,47,160,98,152,240,255,188,170,0,241,75,211,255,0,189,187,0,0,141,95,0,79,255
151,23,154,77,255,18,116,89,117,206,157,172,165,140,177,103,51,138,235,16,36,255,27,66,86,149,132,181,101,81,152,180,131,106,52,219,74,50,40,150,162,201,80,133,100,188,109,53,88,218,241,0,140,255,50,143,144,156,162,255,255,149,32,109,85,138,198,30,183,0,155,110,0,217,240,28,125,116,81,126,51,255,160,140,26,138,134,156,220,60,140,80,255,255,55,255,7,0,145,255,157,56,95,0,0,94,255,99,71,94,255,156,19,79,255,23,119,184,0,255,123,115,27,192,242,0,0,255
149,23,149,43,255,16,96,100,124,205,189,140,152,166,194,80,23,110,239,0,45,255,55,63,50,206,151,180,0,66,171,205,119,215,47,237,68,119,2,255,132,163,31,0,173,255,153,137,0,246,250,0,121,255,112,149,98,72,184,255,223,175,0,0,76,124,217,0,167,158,191,163,25,135,125,0,211,74,131,78,0,255,214,153,0,152,97,122,181,244,63,124,255,133,255,255,12,0,120,229,73,38,0,0,0,137,255,174,216,221,255,255,0,0,36,204,241,255,0,255,220,158,29,176,180,0,33,255
164,34,171,42,255,6,75,84,153,244,212,118,124,157,172,75,72,122,255,25,85,255,112,63,20,233,70,230,97,124,132,232,96,207,43,255,9,141,30,246,67,178,0,0,255,136,168,146,0,162,204,0,212,255,168,130,184,16,129,255,255,232,0,0,0,205,72,0,171,136,122,255,0,0,12,34,117,15,255,45,172,255,99,234,0,86,8,200,201,250,23,150,255,1,231,255,0,0,95,230,0,0,0,0,0,203,250,169,255,255,82,124,83,153,0,91,255,255,54,0,255,216,14,229,0,66,31,255
154,30,159,51,255,27,117,90,126,207,173,145,158,215,178,127,83,154,239,0,38,255,115,106,12,189,161,250,39,61,160,184,170,203,59,241,51,67,60,183,151,161,69,89,160,255,107,121,1,179,194,0,119,255,68,214,147,166,197,255,255,80,43,77,80,66,199,0,239,133,94,128,45,194,93,18,147,58,210,196,30,255,163,108,50,110,78,203,130,60,20,209,255,180,150,255,51,0,156,136,162,0,0,0,0,187,166,201,91,118,225,118,25,63,0,72,109,206,0,64,143,26,0,188,255,0,87,255
154,21,167,12,255,0,90,134,160,198,226,135,174,193,237,157,68,142,254,0,66,255,134,108,0,255,147,192,24,116,126,239,189,255,163,177,35,156,0,255,104,145,69,0,199,190,107,254,0,209,49,0,183,255,29,156,67,93,152,255,255,50,2,0,0,35,199,0,255,255,50,215,0,103,6,0,255,93,255,2,38,255,255,101,0,198,167,255,255,255,143,192,255,53,255,255,0,68,217,0,147,0,0,0,70,255,255,223,204,255,26,255,86,102,0,255,255,255,0,28,255,205,0,49,255,0,192,255
167,32,190,42,255,3,68,110,195,252,224,153,160,184,181,118,104,153,255,39,77,255,204,44,0,255,67,234,53,178,128,242,159,211,19,255,5,249,33,255,0,149,0,0,255,46,193,255,0,126,187,0,219,255,105,137,93,0,124,255,255,255,31,0,0,237,150,0,255,211,128,255,0,0,0,1,186,26,235,0,255,255,83,255,0,153,33,255,207,255,255,219,255,0,255,255,0,8,112,10,0,0,0,0,0,255,255,255,255,255,0,193,29,255,0,242,255,246,0,0,255,255,0,33,41,0,130,255
154,30,167,41,255,32,103,102,137,239,189,146,127,187,196,122,44,159,255,0,71,255,89,118,0,215,123,251,37,142,186,195,135,255,27,232,25,146,14,255,118,212,33,47,255,213,211,251,46,220,161,0,137,255,113,230,70,136,174,255,232,123,0,15,31,53,141,0,249,233,90,190,0,52,89,0,92,63,161,68,0,255,255,160,0,110,44,204,116,231,68,144,255,128,238,255,0,0,118,186,96,0,0,0,0,140,255,212,255,245,241,145,165,0,46,195,255,233,0,22,255,113,36,103,255,0,167,255
155,33,153,48,255,46,129,99,127,226,185,134,140,232,148,102,67,131,255,46,84,255,113,67,0,154,169,255,36,88,131,160,131,177,70,255,60,69,190,165,167,165,9,131,104,255,225,104,73,167,255,0,165,255,163,211,224,122,220,255,255,107,47,47,106,77,255,0,196,53,117,240,151,172,33,9,76,19,190,164,29,255,134,156,0,109,30,136,122,0,0,255,255,255,151,255,105,0,47,133,67,52,0,0,0,96,188,226,179,150,198,0,3,0,82,92,168,255,0,178,200,44,26,226,255,0,0,255
153,25,142,63,255,30,147,96,100,211,170,145,150,191,138,112,71,110,210,25,64,255,101,30,49,159,168,224,52,79,106,177,120,88,124,255,121,0,167,255,180,107,53,92,0,255,159,57,71,175,255,0,81,255,95,191,205,157,255,222,215,136,73,174,69,76,255,0,156,0,162,160,204,202,184,29,67,83,46,142,13,255,196,128,6,90,48,110,166,0,49,136,255,255,103,255,195,0,12,245,172,158,91,0,0,28,255,70,132,161,229,156,0,67,238,19,43,143,0,213,223,61,65,141,255,0,0,255
155,31,167,57,255,35,111,105,155,231,165,149,148,193,170,106,51,157,247,5,65,255,75,109,0,156,141,255,62,123,138,164,170,204,30,255,49,134,65,237,123,193,0,51,193,213,221,186,84,228,236,0,153,255,161,231,122,66,215,249,255,148,6,32,24,144,186,0,165,91,134,228,0,73,88,0,102,91,185,103,106,255,227,186,0,114,26,88,159,96,156,154,255,127,133,255,0,0,93,181,144,0,0,0,0,226,239,208,189,255,208,124,59,35,185,163,255,190,0,157,254,68,118,183,239,0,86,255
153,22,155,2,255,0,95,89,166,209,209,139,164,231,208,89,95,120,255,0,50,255,123,97,0,255,146,245,2,106,150,235,140,255,42,204,35,148,0,255,147,113,77,0,230,234,134,200,0,246,50,0,207,255,125,176,84,0,104,255,243,149,0,0,0,34,119,0,255,255,25,102,0,2,91,0,244,1,255,98,86,255,255,136,0,160,21,255,147,252,0,126,255,68,255,255,0,0,231,75,0,0,0,0,0,153,255,89,158,229,7,134,102,45,0,162,255,255,0,0,255,157,0,186,159,0,4,255
151,27,164,46,255,44,125,89,129,223,129,170,131,204,188,143,33,163,215,0,30,255,66,95,37,187,118,237,55,31,168,196,177,238,5,255,45,129,1,200,119,210,40,62,225,250,97,173,51,255,191,0,47,255,104,183,66,116,223,255,255,159,6,77,119,46,189,99,216,137,99,115,0,163,161,0,168,121,161,131,0,255,255,195,0,115,31,141,98,130,0,131,255,152,185,255,0,0,191,255,126,0,7,0,0,250,191,209,87,123,255,197,75,0,167,68,132,173,0,188,207,0,63,253,255,0,69,255
157,33,159,61,255,11,76,75,139,218,200,124,134,162,174,45,104,131,255,44,47,255,81,83,44,182,80,202,102,103,148,209,146,184,0,255,25,81,0,164,95,200,0,0,218,246,153,133,0,148,232,0,203,255,230,144,167,45,133,212,252,193,34,0,26,215,85,0,174,33,110,219,0,0,56,89,206,7,246,192,87,255,35,128,0,55,0,133,254,169,81,90,255,88,182,255,0,0,166,204,13,0,0,0,0,171,219,164,155,255,197,106,12,130,0,72,255,196,0,130,222,208,6,141,30,76,0,255
156,28,152,57,254,51,125,113,145,218,163,126,168,243,126,130,145,170,169,54,69,255,180,158,1,135,185,235,4,166,118,120,143,179,99,252,64,0,179,255,162,97,106,158,13,195,226,173,21,199,180,0,46,190,111,255,194,109,206,234,239,6,115,166,0,124,227,0,167,149,120,49,255,117,170,216,71,160,165,255,178,255,255,14,93,195,163,165,122,0,0,195,255,197,85,244,66,0,230,97,244,0,255,32,0,127,255,88,20,242,0,107,129,35,255,97,198,138,0,1,184,0,0,111,255,0,109,255
153,24,171,36,255,64,134,114,152,244,153,186,138,236,215,168,15,194,219,10,78,255,81,147,0,223,134,252,38,134,171,154,188,255,57,217,56,173,79,255,110,159,59,178,195,139,165,255,66,255,153,0,129,255,87,207,84,78,182,255,255,57,108,103,16,20,223,11,255,243,81,187,84,133,120,0,106,230,135,77,95,255,255,157,0,192,189,247,126,158,123,203,255,204,127,255,0,0,255,88,206,0,133,0,0,220,200,122,188,255,125,145,102,0,165,158,255,255,0,49,255,42,0,139,255,0,223,255
154,27,183,47,255,148,178,90,93,255,71,255,22,247,211,248,0,243,215,65,64,242,27,122,20,185,11,255,127,72,234,135,180,255,0,255,83,177,255,137,40,226,26,236,231,211,183,255,255,246,203,75,44,255,91,232,117,184,255,255,255,95,255,255,130,0,255,243,255,152,63,255,78,197,255,0,10,237,49,117,28,82,255,185,0,17,104,160,48,232,58,55,255,255,26,255,0,0,255,255,241,0,137,255,46,52,37,146,166,223,255,255,220,0,255,115,198,218,0,158,201,0,102,52,216,0,0,255
151,23,161,65,249,27,116,80,137,211,150,173,158,134,174,108,52,147,231,19,39,255,42,103,38,177,119,189,98,120,172,181,137,165,41,237,89,79,15,168,154,239,87,148,136,169,134,129,84,255,181,0,101,255,92,125,120,110,162,255,255,105,2,106,88,115,152,31,197,67,100,99,27,160,171,16,91,143,129,108,128,255,255,100,0,219,111,150,185,63,98,100,255,255,66,255,0,0,199,255,153,0,93,0,0,86,255,44,91,159,255,150,140,47,255,85,188,132,0,236,89,0,3,231,228,0,44,255
152,24,160,35,255,24,108,111,133,224,172,160,149,184,199,115,25,134,232,0,45,255,73,74,19,255,120,172,15,74,178,182,128,255,41,224,0,171,23,255,90,153,51,0,244,247,138,213,0,255,153,0,113,255,88,159,63,55,151,255,241,177,25,0,0,101,169,0,255,255,163,153,5,121,129,0,218,132,142,54,22,255,255,198,0,151,128,220,192,255,70,119,255,54,255,255,0,0,184,173,72,0,0,0,0,224,255,198,209,255,189,255,44,0,28,241,255,255,0,183,255,163,0,117,163,0,92,255
160,27,179,0,255,5,77,105,181,237,243,145,122,204,212,135,53,131,255,0,107,255,148,55,0,255,79,255,54,65,131,255,140,246,51,253,41,255,0,255,47,134,0,0,255,110,223,255,0,186,133,0,255,255,159,112,105,0,140,255,255,255,19,0,0,69,192,0,255,255,12,255,0,0,0,0,249,0,255,0,147,255,147,182,0,161,22,255,215,255,52,229,255,0,255,255,0,0,122,45,0,0,0,0,0,255,255,255,241,255,0,182,136,176,0,255,255,255,0,19,255,255,0,12,0,0,103,255
155,31,170,44,255,55,137,110,124,222,162,157,138,255,183,186,73,198,207,1,59,255,146,147,0,184,153,255,39,92,170,146,214,217,87,213,42,108,98,206,133,127,84,164,188,180,125,176,25,207,147,0,147,255,71,245,153,137,207,255,255,27,91,145,50,73,237,24,255,203,64,131,47,209,97,0,116,167,193,255,49,224,213,94,81,104,197,255,142,49,19,255,255,189,118,255,53,0,228,118,210,0,41,0,0,201,138,255,102,106,132,126,107,13,51,153,230,255,0,30,156,26,0,101,255,0,140,255
156,26,191,51,255,0,68,113,208,237,146,160,188,129,203,112,15,185,255,0,66,255,10,140,0,169,96,209,100,157,143,179,186,252,18,255,0,203,0,247,44,250,0,11,255,79,223,228,96,255,181,0,230,255,189,255,4,0,107,198,255,255,0,0,0,222,63,0,118,211,86,255,0,0,67,0,39,141,230,37,129,255,203,248,0,224,44,122,186,255,255,91,255,0,176,255,0,0,234,157,9,0,0,0,0,255,255,210,236,255,249,255,72,148,180,237,255,255,69,46,255,186,17,151,0,0,255,255
157,29,185,23,255,7,80,108,192,250,190,139,184,175,220,123,73,166,255,0,94,255,70,128,0,239,111,255,21,118,107,178,128,255,52,246,0,253,0,255,61,172,0,0,255,114,255,255,0,255,208,0,245,255,181,234,90,0,110,255,255,255,0,0,0,179,131,0,243,255,67,255,0,0,0,0,159,125,255,14,59,255,218,255,0,221,0,205,242,255,255,146,255,0,255,255,0,0,175,101,0,0,0,0,0,255,255,255,255,255,137,236,69,108,0,255,255,255,47,60,255,255,0,34,69,0,255,255
154,33,164,31,255,74,142,120,127,248,173,155,105,255,191,166,61,181,210,0,88,255,135,112,0,202,110,255,8,110,162,175,185,229,4,255,56,122,125,255,141,121,38,72,128,214,173,244,91,237,191,0,132,255,136,255,161,87,229,255,255,48,92,123,0,54,255,30,255,123,45,181,121,20,121,0,162,154,171,212,30,255,255,103,0,64,97,231,81,65,14,135,255,206,230,255,0,0,203,199,181,0,84,0,0,248,162,225,93,169,166,100,132,0,141,164,255,255,0,118,255,5,48,39,255,0,72,255
152,30,169,83,255,52,124,95,127,205,145,193,119,155,153,147,11,174,230,0,29,255,36,94,0,130,131,236,116,171,182,128,201,195,10,252,67,104,123,212,136,255,90,216,143,203,187,130,144,255,164,0,103,255,53,224,62,208,255,255,240,16,49,186,163,53,202,85,255,54,131,112,64,189,213,0,0,103,50,147,92,255,255,58,0,144,124,185,183,67,71,100,255,255,54,221,38,0,93,237,255,41,103,6,0,70,255,142,188,111,255,62,191,0,255,255,255,60,0,255,0,0,145,168,255,37,10,255
154,32,147,57,255,48,151,102,123,224,159,135,155,222,123,104,89,117,222,50,36,255,118,45,56,147,189,255,13,54,131,141,138,123,97,255,81,64,163,211,176,143,12,96,65,255,189,81,101,186,255,36,54,255,153,255,196,114,255,255,255,191,39,125,110,83,255,0,194,0,204,211,219,215,107,0,149,44,116,128,0,255,167,172,0,74,0,3,92,0,0,166,255,241,204,249,135,0,0,227,62,158,6,0,0,234,203,250,111,178,255,98,0,35,240,26,68,192,0,255,255,2,66,215,255,0,0,255
153,26,162,23,255,4,88,109,161,218,188,125,154,176,183,79,68,134,255,0,68,255,86,90,0,230,134,220,17,124,170,197,133,236,17,232,19,161,0,255,119,167,0,0,255,172,199,204,0,255,201,0,207,255,201,193,96,3,125,255,225,228,0,0,0,147,139,0,129,218,134,177,0,0,18,0,169,65,221,76,34,255,234,165,0,183,32,165,126,255,48,112,255,36,255,255,0,0,143,167,0,0,0,0,0,244,255,185,211,255,180,211,97,38,41,234,255,255,0,68,255,169,39,166,75,0,159,255
155,21,166,18,255,0,82,81,189,210,194,131,199,165,230,88,71,135,255,0,33,255,105,131,0,255,121,216,47,90,103,209,135,255,68,226,60,182,0,255,119,166,22,0,255,191,178,234,0,255,121,0,220,255,148,157,69,0,81,255,255,202,0,0,0,105,137,0,255,255,16,177,0,45,43,0,216,38,255,0,205,255,201,192,0,218,0,233,198,255,130,174,255,0,255,255,0,0,255,83,14,0,0,0,9,195,246,152,149,255,66,137,16,166,0,192,255,255,0,83,255,85,0,241,61,0,150,255
151,27,153,40,255,38,113,89,128,211,184,147,89,235,184,110,48,131,248,17,46,255,119,58,9,184,91,252,34,58,209,220,161,224,0,255,37,144,62,156,123,177,39,0,247,255,149,172,14,238,199,0,91,255,186,105,115,14,154,255,228,128,57,12,94,50,125,31,236,182,65,195,0,64,117,0,187,80,213,193,0,255,225,171,0,20,33,200,121,180,0,167,255,115,255,255,55,0,191,239,68,0,0,0,0,196,250,207,106,129,255,164,121,0,29,91,232,233,0,135,219,73,0,114,151,0,47,255
158,26,145,82,221,0,115,74,133,179,193,120,81,166,181,91,86,122,251,68,38,255,151,34,22,204,180,224,74,181,220,206,108,119,53,209,124,72,138,114,69,136,129,0,112,244,102,114,84,181,189,17,121,239,119,49,218,0,60,249,190,108,75,200,84,102,116,9,210,143,157,119,45,97,179,84,138,79,127,89,101,255,242,170,0,57,134,131,255,115,122,105,255,255,123,255,30,0,124,255,213,59,0,35,28,37,199,149,106,115,255,148,96,99,92,12,58,147,0,207,142,95,0,115,252,174,3,255
156,27,150,61,247,14,108,98,144,201,175,130,163,180,150,122,124,172,221,36,55,255,142,145,0,164,194,222,37,207,134,121,125,179,81,237,96,0,143,255,197,81,70,104,35,175,253,137,61,223,197,0,145,204,157,248,195,74,165,207,184,26,39,119,0,168,168,0,189,102,116,15,171,43,198,155,19,124,150,255,223,255,255,29,31,222,221,162,230,56,92,176,255,242,88,232,4,0,193,131,255,0,145,0,0,0,255,31,73,171,31,145,137,72,237,205,255,165,0,31,159,57,0,40,255,26,113,255
154,28,185,57,255,92,130,105,140,255,117,208,105,186,209,197,0,219,228,26,63,255,17,141,0,160,85,255,122,120,178,143,200,255,0,230,43,188,61,155,77,255,42,242,255,115,162,249,188,255,190,0,165,255,73,171,50,120,211,255,255,128,96,150,133,71,186,126,255,181,56,219,0,145,204,0,7,251,117,102,52,255,255,202,0,167,150,205,113,215,147,108,255,255,71,255,0,0,255,255,168,0,123,0,0,149,166,227,175,219,255,102,139,0,255,145,255,245,0,165,212,0,76,138,255,0,166,255
156,22,194,52,255,135,166,81,119,255,73,255,42,205,220,223,0,243,218,54,59,218,81,118,0,186,0,255,176,124,218,122,168,255,0,255,106,181,226,137,31,255,97,188,244,170,236,255,255,235,134,61,62,255,43,161,121,123,143,255,255,83,255,255,91,0,146,255,255,143,58,209,48,229,255,0,0,218,117,151,136,107,255,201,0,61,149,180,68,195,130,36,255,248,12,255,0,0,255,255,172,0,186,188,49,3,132,160,186,129,255,223,216,0,255,130,233,230,0,170,197,0,0,32,164,0,24,255
150,29,160,71,255,53,123,77,109,221,155,174,138,138,152,122,60,166,195,19,0,255,57,127,92,152,92,167,80,99,183,172,138,174,36,242,106,12,48,207,188,238,119,182,88,202,134,114,88,254,202,0,68,255,65,207,92,197,234,225,255,55,11,226,133,104,199,62,234,14,151,82,83,183,188,0,54,130,122,124,59,212,255,54,12,96,100,123,183,52,39,89,255,221,54,208,21,0,89,255,255,0,144,64,0,38,211,88,98,158,255,130,107,0,255,43,138,87,0,255,32,0,41,184,255,68,31,255
154,24,167,25,255,0,92,89,184,231,182,122,194,162,218,76,48,139,255,0,69,255,86,101,0,204,128,216,16,81,106,226,141,227,44,255,29,162,0,255,65,151,0,0,255,164,185,242,0,255,255,0,192,255,211,171,88,0,100,255,255,255,0,0,14,165,134,0,121,188,121,251,0,39,13,0,160,65,255,0,91,255,174,248,0,153,0,128,194,255,161,180,255,0,255,255,0,0,158,150,0,0,0,0,0,255,255,184,167,255,185,204,0,167,0,122,255,255,8,122,255,133,0,186,0,0,220,255
153,20,160,23,255,0,93,88,159,199,200,134,178,187,228,122,70,133,255,0,45,255,101,71,0,255,111,193,70,62,134,255,154,220,100,227,34,166,0,251,76,149,0,0,255,231,103,210,0,255,43,0,218,255,125,69,98,7,129,255,255,165,0,0,0,20,187,0,255,255,59,159,0,90,53,0,255,0,255,19,53,255,149,143,0,189,37,255,255,255,88,163,255,55,255,255,0,0,245,61,85,0,0,0,21,227,255,141,171,184,116,234,116,100,0,255,210,255,0,121,255,181,0,126,108,0,48,255
153,25,158,21,255,30,123,118,133,215,183,147,154,246,200,154,88,170,201,0,54,255,164,123,0,255,137,210,0,145,169,185,210,255,85,192,44,100,58,255,125,141,118,36,109,166,90,190,0,232,93,0,136,255,94,216,117,86,154,255,245,55,53,30,0,32,214,0,255,255,71,68,118,125,131,0,181,136,226,196,43,255,255,63,16,138,213,255,139,192,0,165,255,200,215,255,0,0,255,50,145,0,52,0,0,192,255,181,116,255,23,199,78,0,0,113,255,255,0,0,255,89,0,141,255,0,85,255
164,34,198,67,255,0,79,116,203,255,159,151,188,137,177,105,91,178,255,0,72,255,66,114,0,132,69,186,85,186,109,140,147,233,21,255,0,164,0,255,33,213,0,0,255,27,212,229,68,222,255,0,236,255,210,255,87,0,110,110,255,255,0,0,0,255,3,0,153,52,149,255,0,0,31,0,0,130,204,70,123,255,149,255,0,168,0,48,195,255,255,113,255,0,186,167,0,0,120,134,0,0,0,0,0,255,255,239,255,255,186,244,23,255,157,179,255,252,168,0,255,255,57,85,30,0,255,255
157,34,160,50,255,38,97,99,115,230,197,134,112,200,155,98,79,119,255,27,69,255,121,53,32,204,110,248,50,90,160,205,120,204,24,255,65,107,86,254,82,174,0,0,195,241,151,143,15,154,255,0,146,255,133,162,187,80,219,255,245,176,0,17,87,161,216,0,185,104,154,252,71,42,58,0,146,27,156,80,61,255,172,150,0,59,11,149,161,190,0,118,255,115,181,255,0,0,50,253,33,0,0,0,0,187,244,201,205,255,255,178,86,29,41,184,255,255,0,108,247,107,83,164,191,0,2,255
153,28,149,57,255,44,114,100,120,207,167,142,111,185,170,105,26,134,233,33,52,255,77,50,15,185,137,247,77,97,182,170,158,189,0,255,84,106,78,206,136,191,27,15,154,255,135,126,89,209,221,0,100,255,151,168,146,95,215,255,232,118,24,122,62,109,233,18,183,86,84,196,56,106,150,0,148,95,126,162,70,255,187,62,0,75,84,133,127,88,31,136,255,237,169,255,42,0,170,227,136,0,0,0,0,167,206,131,132,204,234,117,82,0,120,140,255,213,0,213,155,57,118,179,252,0,0,255
151,30,153,58,255,74,133,79,80,224,155,146,88,167,155,137,1,141,207,33,39,255,50,54,64,165,98,230,83,52,185,182,111,158,18,255,94,31,105,210,149,180,47,120,123,244,102,101,184,218,231,47,125,255,53,153,157,131,242,255,223,97,73,230,138,99,249,59,244,0,131,161,132,187,183,32,67,125,30,152,0,197,186,73,64,41,104,152,136,95,48,88,255,255,142,255,36,0,130,255,120,54,53,16,0,33,194,123,179,146,255,90,66,0,237,78,208,225,0,237,113,71,137,124,255,0,0,255
153,28,150,71,255,30,130,93,129,210,165,152,145,177,151,87,40,128,242,37,62,255,76,68,11,142,169,249,66,100,137,170,157,112,35,255,92,71,121,183,140,195,14,111,85,255,182,93,140,198,251,0,103,255,156,203,174,144,254,245,255,113,31,144,79,127,255,0,162,0,151,200,66,163,153,18,126,50,91,141,75,255,161,95,0,124,42,63,163,0,56,124,255,255,69,255,63,0,70,255,143,76,22,0,0,120,238,189,135,158,231,85,17,50,236,50,117,104,0,255,202,0,87,242,255,0,0,255
153,28,163,30,255,15,95,89,137,213,183,137,128,197,174,93,47,136,255,0,49,255,117,84,0,237,73,213,39,83,174,209,150,255,0,255,16,163,0,255,104,184,0,0,255,250,172,181,0,255,109,0,158,255,205,200,80,27,147,255,255,161,0,0,28,104,187,4,232,235,99,175,0,43,63,0,220,0,223,120,34,255,167,151,0,111,0,218,159,232,0,103,255,3,255,255,0,0,164,221,0,0,0,0,0,191,255,228,182,239,244,165,114,0,0,255,255,255,0,156,255,162,42,184,99,0,47,255
153,24,157,56,255,0,100,73,160,195,185,148,170,169,204,84,60,146,255,27,22,255,82,79,0,195,145,229,89,76,124,200,165,187,14,247,65,120,0,169,111,194,53,0,198,244,119,150,4,254,163,0,139,255,112,153,113,86,140,255,255,153,11,0,19,114,157,0,244,106,51,149,0,115,132,0,194,47,217,129,134,255,128,118,0,173,0,159,166,121,84,128,255,139,212,255,0,0,237,160,105,0,0,0,0,195,224,149,99,136,226,107,55,118,50,70,168,133,0,156,216,51,0,229,151,28,53,255
157,34,153,38,255,30,78,68,122,234,180,112,123,190,174,69,117,140,230,53,41,255,116,139,63,193,92,255,34,79,145,164,136,249,0,241,11,55,0,213,120,176,15,0,230,255,128,188,15,172,233,0,183,255,226,215,213,41,100,174,184,207,32,0,11,202,166,0,157,94,42,122,44,15,118,107,195,91,255,255,76,255,119,44,0,22,19,26,183,120,0,47,255,160,255,255,0,0,199,253,0,0,0,0,0,84,154,191,140,255,194,22,0,0,54,93,255,255,0,135,255,121,37,108,110,36,111,255
154,25,161,48,255,19,102,99,165,227,173,132,176,189,182,94,89,168,242,23,66,255,135,149,0,155,159,211,14,188,141,139,150,231,17,227,54,74,45,255,109,165,60,64,167,129,214,205,50,254,225,0,126,255,181,248,128,37,99,218,249,144,0,70,0,191,114,0,151,165,115,73,60,33,134,124,68,134,222,190,162,255,255,91,0,206,126,98,119,162,78,154,255,100,109,255,0,0,255,190,121,0,148,0,0,181,255,109,98,255,72,123,88,88,198,88,255,189,0,0,235,22,0,161,138,0,219,255
156,33,162,50,255,81,163,134,122,255,158,154,150,255,122,196,161,216,129,61,99,255,163,172,26,119,173,255,22,164,103,81,170,145,166,255,75,0,255,255,201,50,81,255,0,218,255,186,83,204,218,12,59,145,120,255,221,161,255,194,255,0,212,255,0,82,255,0,173,68,133,107,255,75,214,98,4,255,88,255,137,255,255,82,0,134,163,220,196,8,0,198,255,247,58,179,96,0,171,103,255,0,255,142,0,58,158,124,0,194,24,158,122,0,255,78,189,195,0,143,197,0,0,0,255,0,21,255
156,29,179,41,255,89,156,103,121,255,125,195,86,210,216,184,0,189,217,30,34,255,70,137,4,228,40,241,90,89,184,198,191,255,0,255,43,184,78,245,81,230,70,157,255,191,82,255,181,255,158,0,108,255,65,199,50,133,255,255,255,148,155,158,90,31,217,93,255,225,43,245,17,159,202,0,110,206,186,36,62,189,255,169,0,50,97,203,123,238,12,129,255,166,121,255,0,0,255,219,128,0,34,18,0,145,104,229,182,255,221,205,121,0,202,126,133,225,0,168,255,0,90,206,229,0,80,255
149,22,165,64,248,18,99,78,143,200,157,170,155,118,194,94,38,165,242,40,17,255,30,88,19,166,119,192,121,122,169,168,172,190,0,218,103,127,0,163,113,255,87,78,168,182,137,132,91,255,172,0,119,255,91,121,81,120,144,226,237,138,0,78,71,189,110,44,209,80,78,60,0,114,194,0,172,156,113,136,125,255,208,83,0,255,48,150,179,206,84,68,251,214,77,255,0,0,255,255,177,0,71,0,0,91,255,122,119,150,255,176,167,14,232,109,195,101,0,255,42,0,49,255,170,0,17,255
150,26,159,65,255,49,112,104,123,208,161,150,113,165,176,107,0,148,217,19,45,255,16,54,49,150,136,213,83,105,173,157,156,193,19,255,91,108,53,246,127,200,33,91,153,207,169,105,100,235,215,0,107,255,97,188,108,106,244,255,236,100,0,125,128,161,207,17,156,92,166,178,64,157,168,0,149,93,58,85,44,255,247,135,0,136,123,130,157,168,106,81,255,226,113,255,0,0,124,255,154,0,74,0,0,193,255,151,169,215,255,181,104,0,230,186,255,212,0,255,58,52,85,183,234,0,46,255
157,27,179,50,255,15,78,94,180,230,157,110,167,118,203,81,38,152,255,0,87,255,23,97,0,149,119,230,107,150,110,187,113,207,66,255,38,144,0,251,97,228,0,40,255,103,218,173,72,255,255,0,225,255,201,154,141,0,106,202,255,255,0,0,45,216,42,0,49,128,110,255,0,62,19,0,35,73,237,68,99,255,207,255,0,208,33,98,201,255,245,145,255,33,219,255,0,0,149,242,0,0,0,0,0,255,255,128,253,255,255,164,73,137,68,164,255,255,135,79,196,206,10,193,0,0,255,255
153,33,140,43,255,50,146,109,113,232,179,113,166,255,119,108,167,130,195,48,74,255,171,107,43,132,199,255,0,74,123,134,124,181,88,255,59,0,165,216,206,97,62,130,0,255,180,103,28,177,255,0,90,236,150,255,241,89,219,255,211,143,60,110,47,39,255,0,177,49,144,120,255,148,115,45,111,73,186,255,3,255,207,143,10,83,49,72,99,0,0,255,255,211,203,255,212,0,85,139,85,110,93,0,0,94,210,248,86,121,115,96,0,9,188,0,119,252,0,137,255,0,0,148,255,0,0,255
156,27,167,62,249,20,107,88,142,204,165,139,161,154,200,107,58,150,232,28,31,255,80,111,3,198,155,187,108,133,137,148,152,208,89,228,81,125,54,220,101,185,29,60,176,145,148,151,19,225,196,0,165,255,108,126,141,43,165,232,255,142,8,41,83,182,96,0,188,158,111,160,14,168,103,37,105,106,185,125,140,255,242,201,0,177,110,188,255,199,160,155,255,183,71,255,0,0,202,219,153,0,25,0,26,127,214,139,186,250,211,150,43,115,65,159,184,202,0,97,145,70,0,232,155,0,125,255
157,22,180,10,255,0,78,110,210,237,226,145,189,172,237,104,52,140,255,4,84,255,98,99,0,255,123,221,22,139,105,213,129,255,76,199,0,255,0,255,45,133,0,0,255,90,255,255,0,255,168,0,255,255,134,167,56,0,76,255,255,249,0,0,0,167,82,0,255,255,117,255,0,22,0,0,228,84,255,0,202,255,255,247,0,255,54,255,255,255,237,233,255,0,255,255,0,0,177,0,0,0,0,0,26,255,255,201,255,255,0,218,84,232,0,255,255,255,0,18,255,255,0,76,0,0,255,255
150,21,168,32,255,21,113,104,148,230,170,183,131,185,216,119,0,153,255,0,71,255,64,95,0,239,104,219,50,91,162,204,166,255,0,229,32,199,0,255,79,245,78,2,255,212,140,253,26,255,134,0,112,255,91,154,25,134,166,255,242,142,10,2,0,70,200,6,255,251,56,174,0,47,133,0,177,163,132,54,55,255,255,130,0,193,60,209,120,239,0,91,255,144,255,255,0,0,255,233,80,0,0,0,0,169,255,188,208,246,222,200,164,0,145,169,255,251,0,217,255,18,84,239,168,0,45,255
153,28,157,58,255,84,124,106,112,235,154,128,117,130,161,96,0,153,234,74,94,250,0,51,58,149,143,255,121,95,140,132,93,173,67,255,118,80,107,170,148,232,0,202,119,183,171,78,255,201,255,5,185,255,138,174,246,108,204,255,255,185,0,199,129,170,255,0,100,0,142,255,170,183,73,0,45,91,92,101,39,209,180,111,20,134,179,31,171,28,144,112,255,255,51,255,0,0,61,255,29,39,67,0,0,149,191,194,209,255,255,63,37,0,234,90,255,255,16,255,61,34,186,173,173,0,0,255
153,28,140,51,255,78,152,92,80,226,188,109,122,166,149,117,9,134,193,86,55,255,88,52,108,100,131,180,58,67,115,160,88,185,120,255,166,0,118,255,160,146,0,171,0,220,128,85,174,204,255,37,97,217,109,201,193,111,255,249,237,157,54,255,119,114,255,24,167,0,145,255,255,204,120,35,54,64,28,128,0,188,203,64,14,17,54,93,130,66,21,143,255,255,111,206,113,0,32,255,137,112,84,44,0,142,191,225,162,255,255,123,0,8,198,0,157,197,0,255,174,11,63,108,255,0,0,255
154,29,149,58,255,53,124,110,116,218,165,123,133,142,155,83,0,121,203,20,67,255,48,58,67,162,157,204,64,90,144,162,109,164,98,255,88,37,85,255,200,185,0,144,100,255,179,59,147,200,255,0,136,255,132,222,208,124,213,233,252,132,0,149,92,160,255,0,97,0,194,221,194,182,90,0,95,48,126,97,73,242,218,84,47,99,165,39,170,0,89,133,255,255,79,255,53,0,0,255,123,58,18,0,0,184,221,158,175,255,255,97,0,0,229,146,236,255,0,255,139,66,165,221,255,0,12,255
154,28,156,72,255,44,129,92,133,207,136,149,157,167,141,104,65,132,226,60,38,255,95,82,13,153,152,225,80,118,173,120,137,147,36,255,88,95,91,168,136,209,25,103,123,202,164,110,130,196,232,2,85,255,133,189,188,67,194,232,255,150,47,114,128,120,218,16,199,32,122,148,118,226,125,68,92,121,119,157,84,235,178,139,28,133,74,104,171,1,118,176,255,251,39,238,45,0,129,255,87,71,87,0,0,131,215,142,145,185,250,76,9,59,255,69,192,146,0,176,192,42,1,232,255,0,0,255
155,26,128,70,241,49,135,93,110,190,197,73,114,181,102,37,135,45,196,105,61,255,117,43,53,171,186,244,75,131,141,112,116,52,53,164,164,86,55,75,167,207,99,78,8,191,85,76,75,166,237,28,169,124,169,93,173,0,122,203,201,164,67,143,174,63,130,23,188,0,70,173,205,79,119,98,71,96,193,186,21,239,191,155,8,2,108,118,159,47,0,206,255,245,148,247,99,7,102,255,100,52,42,0,0,147,213,170,177,135,255,69,0,89,148,0,75,123,35,255,196,20,102,31,255,80,0,255
161,28,178,91,202,8,74,71,128,201,149,102,72,103,104,44,28,74,202,110,59,189,81,68,53,116,164,200,102,169,169,189,133,73,0,254,195,61,167,213,99,255,128,89,138,198,126,2,172,190,218,29,149,236,82,44,251,44,30,166,172,123,21,159,205,193,127,0,192,22,176,163,104,124,145,78,0,130,97,0,228,244,177,140,57,100,109,167,138,132,255,69,255,255,57,255,85,0,139,255,80,7,0,0,51,107,201,177,128,255,255,64,160,0,255,0,249,2,50,249,109,29,66,102,217,128,0,255
155,20,146,74,235,32,127,102,128,204,172,113,181,147,129,82,102,122,205,112,57,252,89,67,58,121,195,211,126,136,74,124,128,87,133,255,162,3,178,175,181,188,59,215,0,209,217,42,123,173,197,21,95,142,71,164,204,116,216,191,255,133,22,180,62,167,242,0,104,2,88,184,221,237,148,150,89,135,145,193,105,195,212,0,33,190,35,134,148,0,110,145,184,255,0,249,121,0,63,180,214,105,169,0,0,76,177,154,23,255,143,68,95,95,255,0,111,76,0,150,127,0,0,209,255,98,0,255
154,23,155,48,255,83,116,77,109,215,189,83,161,49,169,72,0,145,180,158,27,247,29,141,169,81,138,85,156,44,128,155,43,206,105,174,149,23,0,221,170,255,0,227,132,116,92,53,228,236,213,53,187,255,48,80,158,94,135,174,255,171,0,223,83,253,144,18,207,0,118,170,105,250,54,132,73,76,125,116,83,68,186,0,93,179,111,153,198,166,21,164,197,208,4,255,0,0,212,255,160,0,112,48,0,201,174,177,189,255,255,112,156,26,162,0,161,172,11,230,12,0,0,101,0,34,18,255
153,19,164,60,247,60,109,91,127,205,181,87,171,80,186,64,0,160,191,124,37,219,65,120,110,99,137,117,155,117,106,152,109,158,87,187,197,49,0,194,76,237,66,232,111,80,79,39,205,255,217,30,135,255,18,77,139,78,110,165,255,164,0,235,56,253,134,37,163,0,67,119,122,176,61,69,123,114,159,171,200,86,219,3,151,193,177,150,125,131,57,135,172,141,0,255,0,0,255,255,146,0,179,0,5,208,201,141,117,255,255,161,162,108,169,0,192,130,0,250,29,0,0,132,0,40,0,255
163,13,135,132,210,42,92,93,97,184,220,77,147,109,161,52,110,82,150,175,75,201,87,91,90,114,147,141,204,195,99,130,123,95,157,169,170,61,22,70,130,219,80,216,159,119,31,126,171,192,138,154,149,87,179,86,131,0,71,185,191,98,1,185,93,144,99,79,155,70,110,184,255,214,83,141,204,148,191,117,129,71,144,60,0,83,60,255,228,11,247,119,101,208,13,143,179,142,128,61,237,0,130,43,152,158,64,231,111,190,161,0,54,233,231,108,186,130,2,161,134,195,0,108,255,199,30,255
165,10,137,121,204,43,104,120,113,190,213,77,139,102,161,64,151,78,171,184,85,217,133,80,119,109,135,159,234,167,97,77,143,88,139,137,173,68,39,53,161,244,90,173,136,133,47,95,106,189,133,129,127,109,211,126,148,26,119,196,175,169,0,155,140,157,164,81,121,83,91,146,240,154,61,187,158,220,166,135,144,108,190,13,21,130,85,255,160,85,201,141,166,184,83,146,127,144,65,79,189,0,131,63,202,182,84,196,176,129,141,48,18,190,213,98,200,223,0,84,137,169,0,114,255,105,87,255
167,11,137,127,201,44,107,124,114,186,207,65,151,90,169,57,141,76,168,182,85,211,132,78,108,102,141,165,255,179,92,68,156,79,132,152,174,86,45,60,158,234,88,176,128,140,23,98,117,178,131,165,142,111,213,131,122,14,134,213,200,160,0,163,175,163,166,77,87,79,79,151,255,135,54,190,149,207,202,147,130,100,204,24,30,113,90,255,169,103,226,129,148,222,99,125,146,138,74,62,166,0,111,59,226,184,67,181,180,132,128,56,0,230,196,119,210,215,0,78,180,190,0,102,255,96,104,255
169,9,137,116,198,55,101,119,128,187,207,73,128,75,148,53,132,92,173,200,87,187,148,60,115,115,151,193,252,189,47,56,163,90,133,170,133,52,38,76,120,229,57,170,93,148,0,91,85,209,108,159,155,115,230,113,152,41,123,200,192,171,0,166,216,162,217,91,71,93,96,155,237,141,50,197,143,167,173,93,176,167,178,41,47,160,54,255,187,138,206,128,154,240,77,168,98,131,106,24,185,0,114,87,221,255,31,169,224,130,164,82,0,222,167,70,255,223,0,48,123,174,0,159,255,74,123,255
167,9,134,122,205,56,101,121,115,183,205,79,136,74,148,53,142,63,157,189,77,190,136,64,116,109,160,189,244,176,54,67,166,76,137,161,156,69,27,42,127,245,77,181,130,132,22,103,101,196,114,166,139,141,231,125,109,17,126,194,180,170,0,154,207,151,186,97,108,99,101,130,255,130,34,198,159,174,182,109,141,141,177,40,29,153,56,255,184,111,201,129,155,211,92,128,116,155,113,0,196,0,141,43,243,241,37,177,215,126,130,36,11,255,234,115,251,201,0,85,150,201,0,159,255,45,46,255
166,9,133,128,204,36,111,125,108,182,211,73,155,90,181,78,151,69,174,173,76,222,116,70,116,119,133,173,255,170,84,85,135,78,143,130,181,87,56,46,166,254,91,200,119,133,27,83,126,170,136,152,137,119,200,149,117,31,127,207,184,166,0,181,141,156,164,80,122,86,85,153,255,139,44,174,145,232,205,102,122,98,203,33,6,123,87,255,158,77,202,113,159,205,91,110,154,166,66,54,179,0,113,58,230,169,63,182,129,153,119,26,15,220,234,65,211,227,0,97,158,190,7,98,255,103,115,255
