158,17,161,70,245,95,153,117,157,199,102,102,174,144,60,102,120,157,152,215,57,167,78,119,120,152,112,146,203,46,104,111,65,167,59,172,90,100,171,141,159,247,0,136,33,40,0,157,133,255,219,93,160,175,123,75,138,115,28,200,221,89,44,204,129,92,101,121,177,132,153,165,209,235,194,63,0,196,176,205,80,90,219,236,0,94,158,223,138,26,41,255,181,155,58,192,134,42,255,255,203,0,113,119,225,255,189,204,116,188,248,255,87,67,177,0,86,0,58,142,29,93,0,68,249,56,0,255
153,11,154,64,217,69,161,104,179,210,118,107,171,196,18,50,180,127,137,184,62,181,140,92,157,161,128,129,194,104,55,79,92,32,74,150,122,61,196,168,154,221,0,123,34,53,38,153,72,255,192,0,80,166,197,39,119,67,112,153,149,74,0,145,108,0,215,52,245,66,206,112,255,240,170,38,0,251,121,221,47,55,211,216,23,47,168,224,60,0,0,255,255,133,111,152,174,52,255,255,232,0,195,134,255,255,213,192,255,169,255,255,56,85,99,25,14,0,43,247,0,37,21,66,254,131,0,255
154,14,151,69,228,91,150,96,171,212,124,103,168,181,70,91,127,155,143,223,53,180,103,124,154,153,139,141,163,51,60,113,66,94,86,148,98,82,141,117,132,219,0,163,33,51,81,214,107,255,233,35,128,126,228,82,152,64,68,139,184,55,0,177,142,52,167,72,255,73,186,183,255,228,118,54,0,255,169,248,32,42,211,214,0,91,177,188,152,0,0,255,209,163,84,105,134,21,240,248,247,44,196,71,255,255,158,240,181,151,255,210,86,124,187,0,77,0,63,211,37,50,0,49,255,118,0,255
153,11,150,74,210,58,156,89,165,199,128,69,183,173,34,32,141,140,154,187,59,164,133,103,163,165,105,124,192,76,8,100,73,82,102,157,122,53,139,206,173,216,0,167,31,73,0,157,46,255,186,0,120,103,129,48,124,131,47,151,100,14,0,141,170,0,184,62,215,97,162,107,252,255,188,25,0,193,134,215,115,108,226,255,56,67,235,253,133,0,31,255,255,203,95,140,235,0,255,235,219,0,124,185,255,255,223,247,255,178,255,255,21,80,54,0,75,0,98,215,0,0,20,18,183,198,171,255
153,11,147,57,215,67,162,99,167,225,110,115,172,211,15,45,154,134,135,179,98,171,108,82,198,150,109,196,177,42,75,87,98,25,57,150,81,51,209,184,188,220,0,158,42,71,25,161,72,255,218,0,98,136,196,70,94,27,72,180,115,0,0,94,126,0,145,68,255,104,219,85,255,205,255,0,0,189,127,237,13,121,230,242,32,142,255,208,45,0,0,255,255,202,79,188,236,40,255,255,255,2,132,105,255,255,243,227,232,164,170,255,0,0,107,0,32,0,21,203,0,0,11,0,218,162,44,255
154,4,152,82,197,39,171,76,170,162,93,70,192,149,63,87,111,150,152,180,24,189,163,73,130,126,96,144,234,40,0,115,121,78,90,194,94,88,88,202,171,241,0,195,0,82,0,159,75,243,132,0,146,164,109,95,139,79,96,98,46,65,0,154,135,20,177,96,255,78,158,169,255,255,126,2,0,191,141,131,148,87,255,255,25,36,217,240,238,57,0,255,255,122,156,72,169,0,255,255,113,49,153,248,189,240,149,255,230,180,255,255,57,54,248,0,97,37,88,207,45,111,0,160,164,0,106,255
157,11,153,88,191,35,158,84,149,180,134,82,176,171,53,51,139,136,131,156,57,192,169,77,130,172,64,83,203,93,23,122,78,89,96,133,149,52,135,240,167,243,30,128,15,91,0,144,0,236,187,0,99,125,122,44,128,129,5,150,79,36,27,159,184,37,190,56,196,113,165,166,253,255,181,13,0,220,163,152,63,65,221,255,95,49,251,255,118,0,74,190,232,206,119,178,255,28,255,255,165,57,92,212,255,255,217,255,220,255,255,255,17,0,118,0,43,0,153,247,0,92,0,18,255,209,255,255
153,11,147,81,214,51,142,91,161,186,129,75,196,164,62,66,95,163,190,203,33,173,91,83,140,150,107,142,198,39,36,116,79,79,75,118,166,108,126,204,145,255,0,151,0,60,0,165,72,255,235,0,129,106,110,84,133,142,40,217,194,0,0,166,189,107,136,101,152,99,189,198,255,237,212,33,0,190,255,199,59,39,206,255,77,103,253,194,88,0,0,255,255,246,128,195,109,0,255,255,86,41,106,109,255,255,233,255,120,255,255,255,10,0,122,7,130,0,99,212,0,99,0,32,255,171,224,255
155,5,150,90,159,8,174,57,169,185,114,44,178,207,84,65,123,157,150,144,40,200,243,28,86,164,66,178,210,59,0,129,180,38,84,185,97,79,114,230,192,166,0,212,0,146,0,167,0,244,158,0,90,77,165,170,134,50,61,59,0,33,0,173,160,40,189,60,175,15,188,152,255,235,126,0,0,205,149,133,158,98,255,255,134,21,255,173,143,4,44,255,255,175,239,63,249,0,178,255,166,110,82,255,255,255,116,255,143,255,255,245,0,0,255,0,102,87,155,255,0,33,122,112,180,78,255,255
157,10,152,86,181,30,161,66,171,175,89,72,206,172,44,69,115,143,147,176,58,189,158,63,109,142,108,198,198,40,0,98,97,11,92,183,142,105,138,206,194,255,0,177,0,121,0,172,38,221,230,10,107,67,177,78,126,53,140,101,93,11,0,125,154,66,172,60,255,14,194,166,255,235,94,0,0,190,238,174,150,94,255,255,52,64,214,194,184,0,0,255,255,143,201,70,255,0,202,255,134,26,91,155,255,255,202,255,186,163,255,239,5,4,152,37,57,0,125,255,42,98,75,126,255,174,179,255
155,10,154,64,220,72,159,93,165,203,95,109,176,158,38,71,148,147,117,196,73,172,135,105,150,169,114,140,169,57,73,106,72,106,88,183,73,65,154,161,171,212,0,132,37,40,2,229,69,255,174,41,123,118,198,27,125,39,34,154,120,0,0,164,139,6,136,74,247,113,194,103,255,230,186,55,0,248,160,255,13,59,255,241,0,96,197,214,132,0,39,255,247,175,106,178,255,49,255,249,229,0,136,87,255,255,195,212,234,148,245,255,78,119,118,0,69,0,47,144,0,123,0,36,255,117,72,255
154,11,150,69,221,69,162,95,164,211,121,94,178,196,18,36,162,137,142,194,78,167,113,103,185,154,103,121,192,69,66,73,80,103,58,138,72,73,176,174,162,202,0,104,77,64,0,159,52,255,198,0,81,129,152,68,98,77,73,155,75,45,10,117,124,0,174,121,231,110,183,55,222,236,188,0,0,234,70,213,90,112,222,255,39,91,196,210,109,0,15,255,255,194,109,135,199,21,255,255,238,1,135,168,255,255,253,240,255,150,246,255,0,36,95,0,35,0,56,226,0,0,51,0,203,147,78,255
153,11,154,67,220,81,141,94,196,203,100,83,182,187,48,62,132,155,170,221,47,167,103,140,135,165,165,168,187,84,30,79,71,84,84,125,88,83,214,128,120,199,0,193,77,71,76,212,97,255,204,41,106,113,172,95,125,99,24,196,159,28,0,142,163,0,137,98,205,57,200,154,255,255,161,76,0,203,215,225,31,85,212,248,50,123,212,202,96,0,0,255,237,167,104,106,107,0,255,196,183,2,117,91,255,255,157,153,229,119,254,255,57,102,139,23,131,0,0,233,0,44,14,58,164,95,106,255
157,15,149,92,228,66,158,99,149,178,131,67,197,129,114,102,93,153,123,221,39,197,114,108,133,104,99,82,144,16,71,145,71,142,98,151,153,115,65,182,171,255,0,115,0,46,0,177,55,214,222,61,155,119,129,66,126,76,114,110,166,52,0,249,170,201,181,158,206,5,117,204,232,255,133,104,3,215,186,178,135,71,252,246,15,30,162,150,195,55,37,255,187,214,179,127,134,0,225,255,128,0,146,117,114,255,194,255,180,220,255,253,45,41,159,0,48,0,137,211,98,124,0,52,255,19,83,255
153,9,150,58,234,88,131,106,155,194,140,123,178,181,74,47,126,140,159,184,67,172,69,111,137,163,138,118,172,96,105,78,100,141,52,78,127,120,111,121,133,255,8,81,1,0,53,154,66,245,233,7,111,163,196,56,152,49,67,186,213,80,36,218,111,146,172,57,169,80,195,171,255,174,125,76,0,200,146,255,94,15,170,128,65,123,166,165,125,76,0,236,255,188,0,192,57,3,255,255,229,55,229,0,255,255,231,94,162,255,255,255,173,175,178,62,140,48,6,191,0,135,58,95,215,55,2,255
159,13,154,84,196,46,166,89,170,190,101,80,177,190,29,62,159,135,143,183,72,191,166,90,99,161,103,174,175,71,15,97,83,74,66,139,119,87,192,192,207,194,0,195,43,98,0,175,42,255,217,19,134,102,175,84,100,115,63,148,81,35,22,94,175,22,171,92,210,65,189,170,255,241,177,20,0,168,168,177,153,169,232,255,41,127,184,205,101,0,4,255,243,139,148,115,247,0,204,228,216,26,106,171,255,255,193,216,185,164,254,255,20,46,167,9,19,0,51,213,0,44,75,86,243,142,196,255
155,13,150,76,222,74,148,90,153,187,132,78,171,134,80,64,107,145,142,203,49,159,108,84,160,155,107,80,178,56,52,102,64,134,90,149,130,47,62,196,142,241,2,84,5,53,0,157,48,255,217,13,106,127,162,40,132,95,53,147,146,49,0,228,173,92,172,77,205,73,128,195,231,254,135,79,0,203,123,217,93,38,233,210,39,39,225,203,194,68,52,255,210,211,110,167,179,11,255,255,173,0,121,129,253,255,192,222,183,247,255,255,64,101,82,0,34,0,103,205,0,86,0,9,255,130,153,255
153,11,151,71,211,65,158,87,168,209,127,87,174,205,47,65,148,144,164,174,74,189,154,94,144,189,106,138,187,78,39,94,97,44,96,160,89,37,161,184,135,192,0,124,65,72,10,171,5,255,223,0,52,109,178,60,127,35,55,121,108,29,0,177,164,9,138,67,219,103,145,114,218,236,155,17,0,255,138,196,58,74,212,255,36,54,253,212,174,0,23,255,213,174,125,109,166,43,242,255,213,42,153,91,255,255,189,222,191,150,255,255,0,16,127,0,25,0,74,232,0,32,25,0,249,57,198,255
153,14,150,67,242,90,141,105,163,200,139,99,177,178,60,71,123,141,148,195,47,178,79,134,158,159,116,98,175,71,94,123,78,141,68,134,105,93,137,158,160,213,0,119,8,21,34,156,83,255,222,6,138,152,179,91,138,58,69,169,192,30,5,172,119,88,137,98,194,118,219,130,236,214,177,57,0,236,164,237,62,44,183,169,23,117,196,216,167,0,0,255,238,160,63,150,86,0,255,255,235,7,209,66,233,255,255,172,177,255,255,255,40,104,157,11,140,0,96,215,0,103,0,29,211,133,22,255
151,11,142,65,232,75,153,103,152,203,153,100,188,184,62,60,133,129,139,170,66,186,119,108,213,134,108,80,157,38,95,127,93,79,84,137,111,34,102,195,148,231,16,74,0,46,0,155,8,255,230,0,63,156,149,37,123,10,83,138,129,21,0,195,101,59,153,70,255,72,152,163,215,195,201,31,0,232,96,235,4,47,233,206,40,45,240,201,155,7,6,255,251,225,72,158,176,47,255,255,237,51,207,105,255,255,239,226,225,240,255,255,0,45,134,0,0,0,112,224,0,91,0,0,255,107,18,255
153,10,146,60,225,83,154,98,160,211,135,99,171,184,45,66,154,129,137,168,81,190,138,110,182,161,98,121,181,57,84,128,93,82,71,148,75,27,128,182,164,188,0,110,35,47,7,175,24,255,200,0,70,148,205,64,104,1,69,132,107,15,13,189,89,13,135,60,221,164,129,152,210,179,175,33,0,248,56,255,27,48,223,204,0,79,228,252,177,15,0,255,202,161,82,140,168,26,255,255,255,35,191,100,249,255,189,176,196,194,249,255,38,73,158,0,25,0,94,179,0,51,0,0,226,57,71,255
157,14,149,75,220,82,139,106,174,202,143,94,177,195,63,60,131,135,167,203,64,198,105,112,127,168,140,134,172,81,78,101,91,98,94,104,96,79,190,112,161,205,13,132,61,81,60,160,38,255,238,48,59,95,177,101,131,68,61,173,180,63,10,141,132,91,164,66,142,108,132,202,217,242,134,59,0,243,143,206,98,102,186,191,17,153,166,162,96,0,50,255,198,225,140,162,80,31,173,239,215,47,119,18,255,255,202,188,154,205,253,255,29,33,157,0,31,60,52,229,22,30,4,14,244,82,153,255
157,15,153,75,214,58,156,95,167,185,112,83,187,158,60,64,114,160,154,201,49,178,149,87,132,128,140,158,170,51,18,103,90,71,98,159,108,40,170,190,151,218,0,158,1,63,0,174,59,255,215,39,124,159,137,75,145,104,64,181,172,41,0,195,166,83,184,64,187,11,144,179,255,241,183,70,11,155,195,170,101,132,252,255,0,72,195,167,64,0,0,255,255,198,140,180,223,10,212,215,182,0,85,122,255,255,174,255,128,170,237,255,40,75,140,0,0,0,34,196,0,121,47,110,255,112,128,255
155,15,153,66,235,52,156,104,190,202,98,110,204,193,13,26,158,130,170,228,46,171,127,65,121,125,169,166,139,62,47,37,89,80,26,38,92,135,196,201,140,255,0,113,5,15,0,180,72,255,251,66,170,233,182,101,92,121,13,214,177,73,0,102,129,87,182,119,194,20,244,172,255,183,255,77,0,137,162,245,104,142,170,255,62,161,129,126,0,0,0,255,255,192,141,154,158,0,255,254,177,23,94,31,255,255,255,206,129,255,180,220,49,59,231,110,0,0,9,224,0,154,75,195,255,184,0,255
155,10,146,85,206,55,151,72,152,176,136,59,192,142,100,87,104,153,121,206,46,201,151,90,148,115,107,92,162,43,12,124,79,99,126,163,130,51,50,200,139,221,0,145,0,58,0,194,47,239,167,0,115,96,156,76,148,31,92,63,98,16,0,215,158,136,162,74,235,55,80,195,255,255,76,93,0,214,145,205,119,45,255,247,41,12,210,175,227,14,37,255,180,195,156,108,200,0,237,255,161,32,154,155,199,255,105,255,228,175,255,221,83,57,151,0,103,0,178,222,14,97,0,14,255,63,123,255
158,10,159,86,199,53,146,81,179,150,96,107,184,179,34,64,118,146,171,186,28,198,127,111,114,151,134,155,224,79,28,104,85,68,76,111,134,89,186,148,156,252,0,197,83,92,7,170,85,255,198,44,129,141,135,83,150,118,47,173,152,38,0,116,163,79,132,95,176,63,167,188,255,253,114,7,16,222,220,114,91,108,211,255,53,142,165,217,117,0,0,255,248,147,149,131,168,0,225,247,181,49,35,93,255,255,175,241,199,159,202,223,43,57,189,76,58,0,56,187,0,158,84,173,144,108,89,255
155,9,151,70,213,82,149,87,168,202,123,76,178,172,66,73,132,146,147,198,67,188,137,107,123,184,108,124,184,78,51,126,85,117,98,156,74,45,138,144,147,196,0,131,57,53,13,193,48,255,188,36,60,84,187,100,113,43,62,122,125,44,0,198,113,53,134,69,171,130,106,160,217,255,80,49,0,255,106,238,97,36,239,209,10,76,203,220,196,43,30,255,198,156,149,77,117,15,199,255,234,31,148,91,247,255,141,165,179,112,255,255,106,109,134,0,90,55,78,205,20,25,17,4,189,28,152,255
156,15,150,72,222,81,168,99,168,214,129,80,180,199,37,51,169,130,156,212,87,187,139,114,128,169,118,146,152,86,74,80,77,86,88,119,109,79,184,159,177,182,0,169,41,34,37,181,74,255,208,38,116,86,203,96,97,45,98,139,143,4,16,160,143,63,163,96,192,99,159,104,255,217,161,98,0,242,104,241,100,107,198,234,16,157,162,184,94,0,46,255,238,168,93,153,174,12,227,229,248,0,171,75,255,255,253,165,255,196,218,255,0,43,96,11,21,0,89,161,0,13,0,10,241,97,138,255
154,11,149,58,213,87,143,101,164,221,133,99,166,198,55,59,148,150,143,176,95,208,131,105,145,174,110,164,181,105,73,92,116,52,94,145,86,28,182,153,153,198,0,153,33,80,102,182,42,255,200,7,38,85,242,101,117,10,72,120,127,43,0,188,74,40,178,25,188,136,110,164,218,184,155,21,0,249,109,255,66,61,222,156,0,110,222,214,118,57,9,255,210,160,104,166,92,39,255,255,255,23,192,32,255,255,172,163,190,194,233,255,88,14,99,3,63,86,9,209,4,0,0,0,159,35,70,255
155,17,151,72,219,53,158,102,169,200,116,106,194,173,36,45,139,135,159,188,48,177,129,95,168,123,135,142,137,45,57,88,83,64,53,124,147,89,162,207,164,240,0,93,16,71,0,160,47,255,255,0,98,152,128,38,138,95,63,214,174,58,0,133,168,26,192,102,217,0,200,161,255,230,255,50,0,157,192,204,75,155,247,255,17,89,189,172,47,0,20,255,255,238,136,215,246,42,255,255,163,0,100,104,255,255,255,242,188,218,255,255,0,27,112,0,0,0,74,233,0,93,16,19,255,255,129,255
155,15,153,72,230,79,151,86,155,185,109,82,193,150,60,91,140,156,150,222,45,180,112,102,102,177,119,128,139,78,77,71,43,119,81,118,154,109,65,198,122,255,0,126,0,0,5,226,121,255,213,50,165,112,209,90,124,97,44,144,185,0,0,171,156,131,114,89,255,69,201,181,255,232,170,106,0,190,235,255,57,19,208,225,45,129,189,196,141,0,0,255,255,149,42,146,184,0,255,255,153,18,149,53,255,255,232,179,204,242,255,255,93,156,85,93,123,0,167,169,0,175,0,43,255,166,22,255
155,5,152,70,217,87,94,116,149,208,130,98,172,194,81,61,152,118,138,159,28,203,89,143,103,220,186,113,123,133,138,163,121,149,74,83,80,80,145,39,172,226,70,177,52,89,126,146,40,162,118,58,105,92,80,88,150,38,59,222,184,79,89,163,68,68,94,21,135,169,197,84,255,195,159,105,0,255,156,177,0,59,208,97,130,84,255,207,131,94,151,216,183,164,69,153,86,63,89,255,255,109,174,47,220,176,157,132,123,255,203,217,231,190,225,40,164,210,0,124,71,153,199,35,255,0,94,255
