167,27,162,96,234,66,109,110,75,209,190,100,121,113,125,84,71,111,143,116,37,235,91,48,86,149,142,130,175,153,71,82,149,100,141,171,124,57,162,135,165,197,139,182,93,177,119,92,88,139,209,144,144,148,61,137,85,65,176,196,248,153,46,215,149,204,148,3,142,74,102,223,217,185,100,147,91,202,154,96,144,30,207,91,59,56,108,172,167,143,166,79,170,163,68,195,90,166,17,255,84,1,67,66,74,107,144,222,51,202,204,41,86,150,178,25,51,130,0,176,106,100,184,18,211,195,0,255
164,29,181,104,232,38,100,94,85,159,193,101,92,132,178,81,80,125,120,113,5,188,34,135,92,94,195,96,238,145,130,60,166,147,80,109,64,74,131,142,76,167,137,164,190,160,50,37,81,209,150,13,210,197,0,65,125,113,85,201,159,152,31,151,225,216,129,85,241,92,150,105,147,253,84,192,77,148,112,169,187,42,207,82,174,87,131,255,154,231,111,100,220,255,61,255,146,95,183,243,211,77,160,137,126,180,96,255,152,233,139,144,145,102,249,221,93,94,0,9,74,34,0,34,207,185,31,255
166,22,150,125,208,0,122,117,104,162,203,49,116,126,183,71,175,117,174,162,66,178,136,37,99,98,138,146,232,192,150,84,131,82,136,187,125,71,104,100,105,181,74,103,140,183,30,68,67,174,132,46,160,100,147,129,178,82,93,224,126,147,0,177,128,224,174,133,128,53,146,101,203,128,151,161,202,230,151,180,133,94,182,67,28,40,157,200,159,176,86,54,255,219,92,219,151,58,80,190,239,0,106,195,126,131,149,184,107,189,179,86,0,51,192,73,84,187,0,146,42,22,13,153,233,245,144,255
158,35,147,96,255,33,96,117,76,181,243,79,84,152,186,69,0,106,158,71,12,165,42,20,78,131,171,81,165,100,125,150,131,208,75,247,0,70,112,255,15,193,109,27,170,255,30,0,52,179,168,0,151,223,21,95,78,129,214,255,122,147,30,119,151,194,173,46,229,134,226,245,177,202,157,78,169,36,105,248,51,174,231,9,156,0,130,207,239,230,0,42,255,255,249,255,141,0,175,230,117,85,0,124,0,238,227,255,144,195,251,58,29,0,76,197,123,160,0,255,117,71,45,148,226,255,0,255
157,33,123,20,255,91,117,92,83,234,255,15,111,142,187,51,0,141,202,149,51,255,84,63,154,70,231,147,49,5,107,190,30,255,122,127,199,74,126,88,183,240,0,234,52,255,0,23,115,243,220,0,166,106,94,0,255,151,148,217,219,216,81,178,146,180,255,0,228,0,7,255,221,250,105,160,59,26,183,255,0,255,213,67,105,0,255,117,228,210,0,255,183,255,255,255,146,0,103,0,128,0,0,123,0,0,198,255,255,255,133,123,0,0,0,0,77,255,97,255,0,255,0,122,255,0,168,255
154,25,116,64,251,67,118,73,71,206,255,0,99,67,165,45,0,107,219,224,0,183,37,9,186,64,122,103,198,70,45,197,2,165,182,255,227,0,20,203,215,132,38,145,0,236,88,31,212,216,255,0,199,121,52,113,255,32,119,129,165,196,0,232,119,174,207,0,228,0,57,255,249,201,76,218,46,29,101,226,93,175,167,14,2,0,232,162,255,198,74,255,242,223,158,234,142,0,115,102,111,0,125,40,0,101,192,221,255,255,255,32,0,6,12,0,186,224,255,217,61,190,0,94,176,144,32,255
165,28,163,143,250,29,64,123,128,171,165,100,132,67,180,83,81,143,148,85,35,218,0,96,111,71,163,71,215,209,129,111,81,126,132,156,47,101,59,142,41,246,17,254,193,160,132,37,86,189,201,2,186,137,54,122,95,142,104,106,197,211,73,108,180,150,110,95,134,77,210,237,235,244,174,204,0,123,91,173,91,188,114,94,82,43,255,238,255,143,210,129,226,164,70,121,103,1,137,114,247,77,58,0,16,242,182,255,203,227,190,58,0,186,178,236,141,83,0,121,59,255,18,95,255,255,39,255
173,42,196,98,248,56,77,113,138,212,154,80,91,136,135,115,135,155,214,116,23,240,95,80,92,167,95,200,165,152,90,143,188,169,48,215,93,126,109,216,115,214,0,119,115,116,101,22,50,247,176,82,149,129,48,171,169,36,220,205,255,243,0,87,133,190,130,124,179,83,118,207,146,135,7,180,58,1,184,211,199,149,203,168,29,62,110,199,236,168,129,66,255,186,55,254,47,3,29,195,102,64,36,128,0,192,155,189,241,255,201,128,134,0,255,161,255,127,0,46,235,134,19,78,184,238,0,255
166,26,163,111,227,18,130,116,116,165,202,86,119,140,163,87,174,109,170,134,42,210,89,46,70,123,167,127,208,166,161,77,181,69,150,166,90,99,158,94,163,199,76,125,124,179,132,73,48,152,167,14,122,134,93,173,160,86,170,208,214,136,39,172,137,195,179,25,168,75,124,155,163,219,135,193,84,203,137,193,116,63,159,48,106,91,111,200,190,76,140,142,239,237,52,240,146,75,41,199,255,93,130,124,48,155,117,175,143,192,142,87,96,99,208,166,35,77,0,107,20,0,0,114,228,210,0,255
160,31,175,90,253,73,122,109,105,203,173,149,89,185,185,147,102,175,141,27,39,255,69,61,40,125,171,172,207,168,130,69,215,105,87,189,106,93,114,203,111,111,67,178,132,159,168,171,38,149,187,12,150,178,41,142,152,129,255,233,189,112,96,225,133,134,185,60,210,0,186,214,248,214,119,131,6,161,0,166,146,104,224,72,102,32,128,255,157,153,199,162,255,222,20,209,41,104,171,201,253,56,149,79,0,233,149,255,181,128,218,126,104,172,211,236,135,78,0,92,40,125,30,13,255,101,0,255
180,43,203,121,231,0,88,118,86,148,212,73,125,130,130,142,156,180,175,84,12,177,77,89,93,158,223,98,210,169,174,128,142,113,92,135,0,46,201,129,49,248,100,69,102,188,40,0,58,190,225,65,155,101,0,147,112,125,222,241,166,185,0,141,246,225,135,98,255,0,88,79,123,239,104,151,15,195,113,151,99,144,134,82,169,104,219,255,116,157,147,100,255,250,99,226,139,83,25,120,255,255,80,79,62,255,149,248,99,255,147,167,127,169,255,182,59,140,0,49,50,20,55,149,190,255,0,255
169,30,164,115,218,11,103,76,112,137,187,101,99,135,180,128,159,144,194,85,26,255,107,79,53,117,200,182,196,192,159,59,126,63,118,130,58,55,165,84,96,145,138,171,152,146,154,82,111,212,196,25,118,76,73,182,177,158,119,142,182,68,59,217,148,207,142,61,207,94,133,144,123,209,165,151,0,162,124,217,198,18,104,0,166,123,215,240,159,49,117,181,245,240,81,203,94,34,135,197,255,182,0,82,146,105,24,255,86,54,147,72,37,183,182,203,80,76,0,65,7,7,0,103,255,255,23,255
171,34,189,114,238,9,102,129,111,166,206,92,121,134,158,132,156,171,183,91,20,201,70,93,101,100,201,93,201,178,146,93,140,153,112,142,53,96,170,182,77,208,94,139,138,118,57,0,25,227,197,0,174,161,0,132,151,136,214,218,212,230,0,133,197,221,130,73,203,59,150,151,156,221,123,228,0,202,120,144,127,47,188,69,165,75,203,255,141,163,141,123,255,245,47,196,174,47,100,130,238,131,71,122,55,157,175,255,161,255,102,98,70,100,246,174,59,32,0,0,0,64,0,117,255,255,0,255
173,39,199,108,229,14,97,96,97,143,188,93,90,116,166,155,150,148,147,50,1,255,83,110,72,132,194,104,200,150,144,117,160,114,107,130,19,81,128,183,115,167,87,122,162,157,78,58,54,255,175,0,131,137,0,142,128,151,181,226,202,136,37,137,177,191,164,105,255,39,120,92,128,255,122,180,10,177,70,183,162,86,124,126,169,93,158,255,235,117,194,109,255,199,92,255,136,103,147,193,255,215,83,102,55,158,61,212,119,165,209,167,156,184,217,255,136,146,0,99,0,107,0,61,166,218,0,255
167,37,161,96,246,35,95,88,94,163,191,61,57,154,128,101,113,136,180,70,29,227,96,0,25,165,151,182,222,183,190,87,215,74,121,211,110,48,167,163,132,189,80,80,86,183,115,106,18,180,193,44,137,223,92,177,199,106,185,236,196,112,9,174,81,169,111,71,205,84,154,161,119,217,86,109,68,83,141,134,140,147,114,3,36,62,208,255,248,83,43,184,255,229,50,241,35,96,82,157,208,136,0,140,0,175,195,163,207,106,191,162,224,105,41,255,215,123,0,110,33,96,27,16,220,219,0,255
174,45,198,85,245,40,104,100,97,160,198,90,63,184,142,169,138,184,177,53,32,221,83,54,20,188,218,183,254,117,179,108,216,68,137,179,17,0,255,148,131,205,78,120,44,177,161,61,53,143,182,6,213,186,16,183,138,182,255,255,240,31,21,200,101,255,225,44,255,49,124,152,94,255,38,93,0,97,79,151,145,110,110,0,127,96,223,255,180,57,86,225,255,255,0,255,87,83,32,85,255,244,0,123,25,216,99,237,178,255,164,76,255,16,80,255,202,151,0,20,6,20,0,120,191,109,0,255
175,50,207,88,253,33,96,78,92,146,181,38,81,124,135,141,97,163,130,34,16,222,81,160,31,235,175,123,220,93,188,157,172,125,112,177,11,25,145,177,124,254,38,134,69,174,68,36,95,250,110,86,132,99,9,155,64,60,168,255,232,68,45,171,235,212,204,155,255,111,68,87,117,253,10,103,0,108,194,186,172,130,170,145,103,45,220,255,232,107,54,103,255,255,59,255,99,148,119,234,154,177,31,216,0,224,71,255,119,236,242,238,209,70,108,255,142,161,0,77,147,35,0,80,213,212,0,255
173,43,189,79,239,24,85,83,101,166,203,71,76,124,160,139,93,156,186,68,0,255,92,52,54,173,120,180,169,133,132,114,235,155,102,207,31,57,141,195,98,192,47,68,73,205,52,122,0,255,98,0,198,185,0,178,90,134,233,195,255,80,0,124,74,136,164,28,255,58,69,136,64,203,27,154,20,74,183,157,147,107,99,103,59,111,132,255,238,125,96,86,255,242,93,255,27,88,155,149,174,138,0,137,34,165,138,132,216,197,179,215,151,183,33,185,255,83,21,0,123,118,0,0,198,199,0,255
168,37,190,85,252,54,117,91,70,180,198,89,94,147,179,146,62,162,132,82,6,191,43,74,75,165,135,113,228,116,94,77,214,122,149,223,55,24,189,247,89,189,98,159,11,184,116,40,69,223,132,0,152,138,5,196,60,80,255,176,248,141,81,180,151,245,183,27,233,45,88,193,221,255,92,86,0,118,93,175,156,0,183,59,122,45,125,255,165,216,117,61,255,204,89,255,155,78,94,198,191,115,63,151,116,188,114,255,60,255,153,192,100,123,177,252,105,0,0,111,113,0,0,0,255,255,0,255
156,28,156,63,255,75,153,106,92,207,184,151,89,185,180,147,0,144,167,48,58,225,98,41,9,159,140,216,122,146,125,119,206,160,79,255,119,57,144,255,97,176,98,152,27,221,134,100,124,207,164,10,105,194,85,165,139,112,255,255,233,38,119,255,123,80,241,0,213,17,90,233,236,191,105,27,36,164,68,205,90,170,255,20,45,14,112,215,146,127,17,131,255,255,59,255,183,0,132,198,255,35,84,11,0,123,137,216,149,220,202,74,88,0,160,69,140,107,0,196,66,0,62,79,255,61,0,255
158,36,157,70,255,51,121,105,85,193,226,79,110,160,164,90,19,121,173,49,0,251,99,58,85,158,122,118,116,101,115,161,162,134,101,214,111,8,122,255,114,187,119,74,21,219,18,31,34,202,214,0,145,248,13,134,106,112,255,255,245,118,27,172,97,204,241,6,232,8,128,230,201,165,62,53,115,51,161,172,78,165,220,39,120,0,85,192,173,136,0,67,255,222,169,255,68,0,81,218,72,0,45,91,0,202,167,254,99,252,255,136,69,9,73,117,104,162,0,216,141,35,58,104,255,216,0,255
160,32,150,88,254,32,122,95,136,197,186,126,143,156,132,80,104,112,204,88,16,255,145,73,82,90,142,192,71,161,139,170,176,95,31,249,91,39,118,157,81,149,95,58,73,224,28,61,68,155,250,14,104,210,109,146,179,61,155,197,255,111,95,151,114,156,184,23,185,0,128,203,143,97,203,136,110,111,203,178,163,188,128,109,72,0,77,137,187,50,72,80,255,218,80,220,15,0,137,222,207,0,61,56,0,248,89,209,81,162,255,83,0,141,160,0,0,135,0,196,175,28,0,77,255,203,0,255
172,39,201,108,225,21,63,112,135,200,187,81,101,110,178,103,170,123,249,110,45,218,98,78,98,162,97,172,162,151,110,207,159,116,84,227,67,104,109,199,100,255,9,86,149,150,93,35,83,255,203,29,135,89,26,129,221,138,199,223,255,239,0,122,112,217,123,50,242,6,169,156,149,67,55,210,64,0,174,218,201,198,184,84,114,127,87,175,255,179,138,40,255,195,48,255,0,11,67,255,144,30,54,97,0,195,206,177,152,255,214,136,112,0,255,104,141,11,0,29,253,135,33,117,191,255,0,255
155,37,118,61,255,82,99,88,61,177,252,0,0,157,54,12,0,96,161,151,0,152,35,0,75,107,52,133,214,130,114,127,161,172,116,255,189,80,202,209,212,152,6,199,9,255,127,98,134,238,122,13,152,223,175,207,146,0,172,255,255,117,0,171,179,135,200,36,125,46,0,255,255,255,0,232,43,0,236,255,0,211,121,0,0,0,255,255,255,162,0,255,208,160,198,255,165,0,161,0,0,0,42,48,0,82,142,255,255,188,255,0,0,0,0,131,219,255,166,255,142,255,0,135,194,0,0,255
151,38,134,63,255,98,125,144,110,165,245,7,1,255,113,52,0,118,214,35,81,176,81,0,0,186,164,255,187,173,187,86,236,122,31,255,123,120,135,190,223,219,41,201,9,255,146,0,255,180,115,0,127,232,221,255,154,52,252,255,255,0,0,255,155,12,255,0,223,111,0,255,138,255,0,18,0,0,208,255,0,134,156,0,0,0,255,255,228,3,0,255,223,255,116,255,255,0,137,81,108,113,0,120,0,255,217,255,255,192,255,0,9,0,0,200,255,255,127,255,104,255,13,0,255,0,0,255
160,37,137,73,255,79,118,124,96,177,235,16,16,223,116,67,0,113,183,80,81,236,83,0,4,214,143,255,227,183,157,60,153,93,155,255,170,55,219,146,183,199,41,161,0,255,212,16,121,153,182,0,155,193,215,212,217,87,255,255,231,66,0,255,84,95,255,0,168,81,0,255,200,207,0,7,0,43,148,255,51,147,57,0,0,0,236,216,216,51,0,255,216,255,52,255,174,0,165,115,145,81,0,58,0,161,79,181,255,255,255,0,47,0,0,137,255,255,103,255,78,137,64,83,255,0,0,255
181,42,195,106,224,19,66,135,138,196,214,86,83,150,96,150,175,198,224,145,0,255,200,29,142,192,185,143,150,162,152,159,184,64,85,180,136,157,177,72,80,255,73,83,58,188,130,90,0,187,219,62,115,57,91,49,132,34,185,133,254,193,0,108,98,143,123,72,255,0,181,188,116,145,20,212,31,88,128,105,143,158,137,122,36,137,226,206,137,92,51,212,255,247,42,228,17,82,43,86,215,255,79,93,0,246,242,255,178,255,133,139,124,166,255,93,134,76,0,171,78,97,0,98,135,237,0,255
174,38,188,118,234,0,89,171,131,182,233,87,99,182,110,155,159,198,194,121,0,182,107,38,102,175,254,90,204,124,166,56,152,159,109,159,41,145,212,130,59,204,97,0,133,218,33,69,0,137,205,45,187,124,32,141,222,112,255,240,163,236,0,169,155,198,79,67,255,0,219,73,142,200,53,255,62,206,40,179,117,130,240,100,212,128,255,149,217,142,168,153,255,255,0,242,113,89,94,143,240,255,74,165,59,241,255,255,195,255,51,6,124,2,239,233,99,117,0,78,0,38,16,169,79,255,0,255
166,31,166,95,238,10,132,135,113,163,219,80,109,166,158,112,122,146,152,78,24,230,108,77,74,142,236,121,200,169,176,55,156,97,114,121,87,59,168,194,100,159,108,31,132,150,83,63,5,129,211,3,184,147,53,141,201,99,194,219,128,137,20,209,170,226,117,46,164,39,136,96,163,222,140,154,68,227,70,198,114,136,246,114,154,26,229,255,193,149,109,132,255,255,8,255,23,122,140,255,255,155,131,124,170,172,205,255,121,220,137,73,15,146,131,100,10,131,0,118,16,0,0,146,240,255,0,255
160,34,178,84,249,40,113,106,100,195,189,125,97,162,190,140,76,152,184,35,17,255,39,62,37,131,198,161,190,145,167,85,224,146,61,149,26,91,148,246,102,169,92,114,166,185,93,96,19,173,217,0,172,244,22,119,109,113,211,255,190,153,27,150,145,179,112,57,253,106,198,141,98,230,130,136,4,148,59,185,122,114,253,81,154,45,137,255,234,202,156,152,255,238,57,255,29,47,169,224,253,91,99,52,0,221,179,180,134,130,184,124,171,115,195,255,180,57,0,32,0,12,0,12,255,173,0,255
162,41,153,34,255,102,144,118,69,207,202,88,8,255,151,136,0,181,149,77,96,243,97,0,0,197,128,255,182,99,156,83,200,222,66,255,113,63,230,186,126,211,0,130,27,255,73,65,140,194,202,40,177,255,194,116,194,156,255,255,251,83,94,255,48,51,255,0,200,73,0,255,255,192,0,0,49,76,92,255,0,255,48,56,0,0,152,215,87,63,0,255,255,255,158,255,246,0,204,0,0,42,0,41,0,122,53,237,255,255,184,0,108,0,0,85,255,255,13,224,9,231,146,152,255,0,0,255
163,40,152,39,255,64,103,81,62,191,244,6,39,155,175,76,0,130,203,80,72,183,46,0,14,200,167,226,183,74,98,173,211,136,40,255,167,15,138,255,132,208,9,92,14,255,0,30,124,191,225,0,215,235,82,137,182,168,247,254,232,126,0,248,100,150,255,0,140,21,19,255,104,255,0,138,73,0,180,228,13,226,87,0,8,0,230,243,246,107,0,186,255,255,170,255,182,0,82,120,0,81,0,0,0,134,205,220,255,255,175,90,82,0,0,114,255,239,74,122,146,194,54,0,196,43,0,255
156,33,145,68,255,54,120,129,104,152,212,86,64,187,135,132,0,132,244,0,68,255,108,0,0,210,170,255,163,184,187,92,246,99,107,245,150,67,197,234,167,166,69,76,0,251,118,79,83,162,129,0,152,255,98,203,225,185,255,255,230,0,0,255,48,46,255,0,255,54,5,255,184,255,0,84,12,0,109,245,42,227,183,0,0,54,255,255,230,30,98,255,255,255,84,255,211,0,122,85,255,92,0,0,0,217,230,85,255,237,233,0,193,0,0,255,255,245,0,149,0,248,43,0,255,0,0,255
165,39,189,97,255,48,106,125,114,163,167,98,101,163,144,176,64,204,136,0,0,221,30,40,46,207,120,101,242,131,122,100,246,153,207,201,20,25,217,246,155,223,54,94,10,202,80,57,0,234,69,0,194,255,10,162,74,123,255,255,255,48,73,90,50,130,200,77,255,124,165,197,125,255,46,22,0,57,170,95,133,99,255,73,0,40,167,255,255,90,242,41,255,255,0,214,112,152,119,83,255,104,74,255,0,255,138,200,179,255,222,148,209,0,149,255,255,116,0,75,74,158,7,83,255,209,17,255
162,32,149,86,250,33,125,137,117,171,225,80,52,219,173,115,73,124,179,71,33,235,133,1,44,200,202,191,169,127,207,111,174,77,161,221,107,57,255,136,125,163,94,49,70,223,200,90,27,116,192,0,186,169,127,118,240,94,236,211,136,103,57,213,74,188,233,0,206,124,127,255,128,198,43,112,0,174,115,204,28,170,168,0,70,17,249,254,193,99,31,249,255,255,104,255,67,0,110,96,255,192,0,105,29,121,193,251,255,255,91,30,88,0,85,244,197,145,0,128,84,18,0,200,255,161,0,255
167,23,137,108,222,0,133,119,109,155,213,74,130,184,157,125,226,115,180,105,47,255,184,56,89,114,134,140,193,152,183,45,161,25,135,219,132,45,171,64,158,157,50,110,4,183,210,87,24,136,197,0,56,140,183,255,243,81,200,115,101,104,117,199,0,207,244,63,127,0,110,200,151,87,135,139,123,255,158,240,120,123,74,36,112,65,165,179,70,0,12,186,255,200,0,104,216,27,120,115,255,100,53,113,33,13,132,147,122,227,49,119,59,188,206,44,181,255,19,124,89,35,21,216,234,201,0,255
160,32,155,87,239,35,103,123,95,184,194,93,95,195,210,106,104,157,144,45,32,255,96,69,90,146,224,177,148,150,160,86,153,124,109,131,96,107,117,169,136,110,103,104,108,126,147,71,14,157,238,0,151,131,64,126,220,90,162,214,127,120,18,238,81,211,125,66,151,55,183,107,208,136,114,162,93,149,62,255,110,176,225,78,170,21,246,255,218,175,55,185,253,255,32,239,47,66,216,216,255,111,150,47,26,180,167,243,65,139,134,138,53,179,82,99,156,110,0,28,0,138,0,149,255,229,3,255
161,33,144,83,255,42,127,132,101,186,226,75,61,214,171,121,72,117,194,49,42,255,128,0,55,185,154,180,169,139,176,88,152,90,161,209,105,59,252,176,148,131,83,76,46,195,167,67,25,138,210,0,171,201,115,158,239,116,247,255,137,82,71,231,39,146,197,0,215,82,125,255,136,141,107,97,0,151,51,239,84,179,147,36,95,0,230,255,221,105,2,238,255,255,73,249,58,0,165,165,236,131,0,80,0,127,169,208,246,185,156,58,54,24,0,211,226,211,0,131,32,57,24,141,222,189,0,255
159,30,138,71,249,29,120,128,108,164,224,78,45,209,173,132,38,109,247,33,83,255,135,0,0,223,202,255,161,169,242,110,176,68,150,190,124,84,239,123,144,186,72,59,90,224,158,58,98,129,172,0,150,178,187,119,255,133,230,255,143,11,8,255,28,76,233,0,218,115,37,255,151,145,31,128,0,91,101,255,70,255,191,0,0,35,255,255,201,61,0,255,255,255,100,255,150,0,139,133,255,152,0,0,0,101,215,111,255,210,93,0,188,0,0,255,255,203,0,74,0,116,13,161,255,67,0,255
161,32,146,94,244,19,108,109,91,157,226,73,76,168,176,99,56,100,255,48,64,230,80,0,6,152,195,204,160,153,180,115,182,66,128,209,100,87,184,145,142,206,117,46,85,240,90,43,110,210,219,0,84,166,54,165,208,138,233,255,231,59,0,255,21,135,221,0,199,39,116,254,84,189,93,152,42,90,120,193,88,123,139,0,20,40,194,209,224,26,67,170,255,255,70,255,201,0,52,180,227,192,0,37,0,129,200,135,186,192,234,68,116,0,48,174,190,141,0,135,0,122,125,98,255,224,0,255
161,32,174,119,254,53,85,94,70,192,159,126,64,137,173,153,92,144,129,25,0,253,2,53,113,54,215,121,225,129,165,59,240,93,166,164,48,96,131,153,73,51,108,214,229,135,105,109,71,192,219,0,116,171,0,214,69,201,255,203,167,170,15,255,174,58,78,202,183,75,226,85,228,245,213,149,0,168,0,205,164,0,254,104,168,0,255,255,124,255,172,229,255,89,191,141,136,16,177,88,255,67,59,118,9,231,209,187,214,170,187,150,43,255,244,255,248,0,0,74,0,128,0,0,228,211,0,255
159,32,163,99,255,48,111,116,95,173,182,111,100,167,197,134,65,165,137,41,0,255,65,58,119,101,189,138,202,118,171,45,188,145,105,141,76,110,97,224,134,112,132,141,142,153,107,58,26,210,206,0,99,184,0,169,111,173,239,221,154,143,39,255,152,130,185,121,235,82,190,116,182,255,188,131,49,171,13,245,165,23,204,31,225,0,225,255,159,203,103,224,253,150,109,156,113,24,230,144,255,43,114,176,0,244,163,195,97,122,185,138,45,184,180,255,175,33,0,72,0,95,0,121,255,255,6,255
177,38,170,141,222,0,79,143,119,164,206,61,100,159,139,125,202,144,201,133,14,248,122,71,136,133,173,99,209,153,181,80,111,122,105,122,79,104,203,49,84,243,82,36,123,164,58,62,0,169,203,10,150,125,92,142,204,101,172,228,176,178,0,196,102,189,119,129,240,17,167,162,127,201,116,255,104,181,140,142,84,199,93,91,87,84,252,167,174,55,91,183,255,217,47,171,96,68,73,118,255,223,56,150,0,252,239,212,157,255,36,73,69,218,245,145,146,151,0,79,0,130,40,207,118,255,1,255
160,33,167,102,247,52,110,91,109,167,155,123,73,193,143,153,96,178,138,3,0,255,63,59,68,103,147,201,183,159,203,63,208,109,116,161,109,94,110,118,134,69,92,193,167,147,118,144,44,198,200,9,125,223,16,185,149,204,241,250,197,79,65,255,155,28,180,104,232,67,125,121,162,229,123,106,13,170,0,173,140,93,133,100,106,0,176,255,121,78,198,231,255,186,97,151,81,25,216,92,255,68,40,113,0,220,111,117,213,106,255,140,141,255,148,255,255,26,0,71,0,138,21,26,255,65,26,255
154,37,154,47,255,102,150,137,106,188,183,135,29,255,138,176,0,186,213,0,74,255,84,0,0,212,120,255,173,128,249,60,236,149,66,255,104,107,253,165,176,188,11,132,91,255,151,110,171,182,154,22,137,255,198,211,252,152,255,255,255,0,85,255,116,0,255,43,255,54,0,255,255,238,0,0,0,110,65,255,0,196,146,0,0,0,220,255,92,49,21,255,247,255,255,255,176,0,144,0,189,34,0,28,0,229,135,159,255,255,255,0,127,0,20,255,255,255,0,255,69,255,117,106,255,0,0,255
167,41,173,86,255,32,80,48,67,120,137,38,9,151,141,95,85,128,127,127,0,255,60,72,66,173,124,162,206,144,240,122,172,139,30,177,5,94,104,171,103,241,89,83,203,255,54,113,95,213,200,95,130,138,108,136,184,107,158,128,75,173,40,195,246,202,117,76,156,50,85,0,82,254,175,77,121,74,97,195,142,114,167,0,109,0,116,193,218,149,0,208,165,255,167,104,122,55,188,182,58,197,0,87,34,137,100,179,156,133,255,235,149,133,53,255,170,0,0,172,61,145,0,124,255,255,0,255
159,35,158,43,255,85,124,84,80,193,174,83,2,206,187,111,0,169,175,86,27,166,89,3,14,212,96,255,189,101,143,117,232,188,0,255,94,104,89,186,105,185,35,75,66,255,90,89,152,219,83,79,232,226,137,177,176,82,215,255,212,34,137,255,147,64,193,23,187,8,84,149,183,164,28,85,74,33,78,255,2,255,205,73,0,0,147,255,173,240,0,75,255,255,136,255,40,12,227,255,32,89,9,100,0,210,212,255,148,246,255,85,141,0,0,74,255,171,0,62,150,148,89,0,199,111,22,255
186,43,194,131,239,36,11,147,136,203,158,92,40,144,40,157,177,163,221,179,0,255,255,0,250,254,34,176,166,184,133,240,255,9,42,189,194,185,126,129,0,255,66,7,0,147,0,102,0,147,192,73,54,56,24,11,129,78,255,98,153,255,0,27,155,71,110,162,88,0,184,48,105,255,50,255,171,0,153,105,130,255,201,30,70,255,255,91,181,160,0,220,255,255,0,45,0,115,172,160,255,115,0,190,0,255,255,62,255,255,0,255,176,255,255,251,255,71,0,0,189,136,64,153,0,60,31,255
159,32,175,128,252,30,74,98,145,168,125,136,130,111,152,117,66,208,184,23,0,255,36,77,20,75,152,145,207,240,235,101,217,164,35,213,3,83,0,131,41,255,11,161,242,211,101,91,112,204,221,0,45,133,89,180,35,158,232,82,217,137,0,230,196,97,43,91,165,65,161,72,63,201,155,138,0,156,75,243,106,207,229,57,0,9,110,134,172,183,180,145,255,209,0,20,22,0,140,9,255,0,72,0,0,255,200,84,203,255,255,140,82,196,172,205,253,0,0,29,0,155,0,187,255,255,172,255
166,46,170,97,255,62,90,73,100,184,138,43,70,149,121,103,73,167,217,52,18,255,51,33,37,170,63,236,185,206,213,75,180,133,84,255,33,137,0,151,98,210,0,168,185,221,76,84,119,255,121,45,33,139,97,255,136,47,255,241,242,76,0,211,117,91,100,142,134,85,85,161,206,222,52,86,53,40,164,255,142,113,191,106,0,33,179,196,255,105,54,125,255,156,82,169,77,0,73,214,44,69,0,151,0,242,138,127,255,166,255,221,90,0,0,255,255,182,48,129,43,206,68,3,251,255,159,255
165,36,191,117,255,39,93,125,151,184,115,97,123,76,118,129,63,185,188,32,42,232,15,79,21,127,128,165,196,231,146,57,168,163,142,255,70,118,39,203,60,255,0,206,178,184,118,24,125,255,227,0,132,112,71,201,93,120,236,72,242,147,35,242,85,164,129,83,124,120,160,126,151,198,52,0,0,105,65,224,159,231,255,161,0,109,211,183,255,106,255,77,255,233,0,176,4,0,97,190,205,75,113,107,0,200,224,184,146,255,255,185,40,59,178,255,255,137,0,195,22,132,107,0,255,255,85,255
158,35,147,57,255,73,108,81,79,184,205,87,30,198,135,121,0,127,233,52,55,247,48,0,42,191,131,255,210,101,189,76,140,132,47,239,162,77,204,170,146,171,50,98,122,252,158,92,134,165,210,37,146,215,107,179,178,143,255,255,220,3,85,255,123,84,255,0,189,83,38,255,203,211,0,35,0,56,2,255,100,186,86,0,57,25,174,255,155,79,0,255,255,255,213,255,160,0,84,110,137,29,0,5,0,98,158,136,206,213,206,15,97,0,0,255,255,253,0,151,0,108,175,101,255,54,0,255
160,36,119,36,255,62,114,75,70,143,214,0,0,133,33,69,0,119,202,49,0,255,55,0,80,248,23,211,215,160,201,94,185,160,95,244,198,120,156,238,236,156,32,92,0,255,47,109,93,255,42,32,139,202,93,209,119,35,255,255,243,123,0,255,140,0,255,33,106,0,0,255,210,255,0,162,0,0,188,255,0,255,84,0,0,0,255,234,255,52,0,255,255,255,216,255,248,0,58,0,58,112,0,10,0,48,160,180,255,255,203,6,0,0,0,239,255,255,58,189,56,255,113,187,255,0,0,255
154,36,152,37,255,133,154,105,65,232,155,153,1,255,155,152,0,173,185,65,113,255,86,36,10,199,105,255,107,95,248,94,177,213,0,249,118,147,253,35,124,174,0,184,136,224,134,114,225,200,255,90,118,163,255,106,229,20,255,255,210,8,255,255,233,0,255,168,197,110,52,255,255,94,0,0,0,222,22,255,0,255,114,119,10,0,245,255,111,230,0,255,225,255,124,255,144,0,255,38,110,0,0,90,0,19,95,222,250,255,245,160,6,0,75,75,255,255,0,239,6,143,255,188,255,0,0,255
157,34,148,36,255,91,132,111,85,195,169,130,25,240,176,150,14,176,183,20,63,255,118,43,45,255,124,255,144,118,234,122,205,181,27,210,129,111,141,94,158,162,18,58,88,168,108,104,110,167,193,49,196,170,177,150,255,122,203,255,150,3,122,241,201,0,255,114,239,55,0,253,255,63,0,0,0,98,82,255,0,255,162,40,4,0,250,255,74,208,0,239,255,255,213,255,25,0,255,103,140,0,0,0,0,108,101,255,214,248,164,48,48,0,0,70,255,255,0,87,134,202,145,152,255,0,15,255
159,42,123,72,255,63,91,42,55,178,212,0,47,152,86,43,25,107,200,110,0,255,32,38,124,174,24,174,168,70,160,173,69,101,134,230,135,60,166,196,179,72,40,101,70,255,51,154,145,255,217,59,156,150,36,237,255,73,255,255,126,139,38,229,111,104,132,58,100,78,51,231,255,255,0,255,28,23,188,255,84,113,141,0,0,0,255,200,255,174,0,255,194,240,240,147,140,0,191,0,77,1,0,0,0,0,180,114,255,255,255,8,0,0,0,248,224,255,55,137,110,255,97,228,24,146,0,255
163,20,140,139,219,0,120,138,110,129,184,66,110,167,190,121,252,146,225,108,61,251,143,58,113,121,119,123,212,145,255,88,145,89,119,175,99,111,182,0,93,191,24,92,85,201,54,67,60,149,116,0,74,163,169,204,236,81,71,166,99,185,141,233,0,131,200,171,162,0,208,134,150,23,192,186,138,241,90,122,111,197,53,2,67,24,219,239,177,23,35,103,255,210,33,35,166,28,107,146,255,104,130,255,74,93,207,187,0,143,135,135,0,110,228,57,83,152,0,134,4,169,0,219,255,255,105,255
165,42,139,62,255,77,120,86,62,185,237,0,6,175,79,40,9,102,181,135,9,187,24,0,84,176,92,185,253,142,90,68,173,122,124,204,154,84,207,175,187,149,32,228,0,255,49,68,39,234,181,0,241,192,117,150,120,13,227,229,255,204,82,197,129,122,206,59,109,61,44,255,240,255,0,141,0,63,234,255,22,118,37,67,27,0,255,255,255,124,0,255,255,232,158,255,110,0,198,35,37,155,0,43,0,106,50,232,255,200,223,13,0,0,0,146,189,255,114,189,162,126,60,0,189,61,0,255
162,44,118,57,255,53,95,94,53,167,255,0,0,143,83,12,0,103,189,98,0,212,55,0,34,192,102,237,185,108,122,115,208,100,165,255,238,33,181,175,255,109,32,175,0,255,86,78,109,221,188,0,184,209,150,222,255,82,255,255,214,231,0,255,67,88,255,0,97,0,0,255,255,255,0,255,0,0,255,255,0,115,112,0,0,0,255,200,255,58,0,255,180,255,159,255,255,0,210,0,13,94,0,16,0,0,132,53,255,255,237,0,0,0,0,78,255,255,255,255,117,255,76,115,184,0,0,255
165,41,152,32,255,124,151,100,59,236,175,96,0,255,129,123,33,174,149,128,145,255,72,5,9,255,127,255,186,132,206,36,143,181,63,206,127,130,255,0,112,230,0,194,50,223,159,41,176,154,255,135,250,166,255,125,227,65,226,255,236,151,207,255,196,67,255,110,112,138,76,255,254,95,0,0,0,115,116,255,0,255,6,180,0,0,197,169,185,161,0,255,255,255,114,255,56,0,201,117,5,109,0,0,0,30,2,255,248,255,181,0,0,0,0,4,226,255,0,239,71,144,140,245,255,0,0,255
162,38,127,81,255,39,77,73,69,202,247,0,39,161,96,0,72,31,195,91,23,215,98,34,28,136,167,197,129,136,91,125,214,79,90,223,199,68,84,141,113,204,108,101,74,255,0,178,64,245,221,45,148,106,101,180,155,10,181,201,246,138,4,213,18,92,112,26,74,98,82,197,160,61,0,214,135,104,232,236,37,162,144,0,0,0,154,67,255,59,0,68,255,255,154,255,75,0,126,153,0,167,0,93,0,0,225,205,255,196,237,124,64,0,26,146,196,230,101,199,208,1,255,0,100,255,0,255
148,25,81,56,255,65,62,87,45,175,255,0,0,137,84,0,0,3,136,103,76,92,0,0,60,43,182,255,176,139,20,187,185,96,134,255,255,128,26,91,242,118,77,220,0,255,27,81,194,208,255,0,145,163,111,199,226,19,78,187,255,75,0,255,176,0,241,0,49,79,0,255,111,41,13,255,104,0,161,255,0,255,114,0,0,0,255,217,255,175,0,255,234,255,227,255,255,0,231,0,0,0,70,0,0,142,251,255,255,255,255,46,0,0,0,95,255,255,179,255,213,255,59,41,192,0,0,255
159,34,115,73,255,63,58,49,52,151,231,0,0,127,144,0,0,52,111,199,0,89,0,0,115,74,127,151,207,153,72,159,139,77,69,255,255,85,122,20,176,123,56,193,0,255,74,173,122,255,255,74,191,181,162,173,171,0,106,96,233,48,0,255,205,167,119,67,67,37,44,152,235,109,0,126,175,61,199,255,0,255,97,6,0,0,255,208,255,193,0,255,255,255,214,224,91,184,246,0,0,10,22,0,0,228,241,255,148,244,170,245,0,138,0,255,255,255,0,225,255,193,105,16,133,230,87,255
164,38,142,63,255,48,108,87,94,153,214,29,0,225,161,71,0,132,151,52,56,255,113,16,41,255,123,244,232,150,255,176,124,106,74,195,111,70,181,42,127,206,26,70,211,218,0,39,138,189,246,43,208,161,231,0,211,45,77,255,120,44,83,187,171,0,216,150,123,189,57,243,192,189,0,0,119,54,158,255,24,255,72,53,0,0,255,255,192,34,0,235,255,255,255,255,93,71,240,106,6,167,0,140,0,119,149,210,195,207,174,115,63,0,0,92,255,255,65,64,211,169,42,202,115,189,0,255
164,32,147,126,218,0,76,68,82,152,178,76,129,168,174,73,149,154,188,60,17,212,69,48,57,215,112,156,180,134,197,165,141,74,102,246,44,0,69,40,48,157,22,99,70,255,0,89,138,140,93,23,136,137,146,173,103,109,45,165,238,84,158,193,0,136,117,163,225,0,179,93,224,46,218,154,215,27,131,194,122,200,0,44,1,7,151,182,234,75,125,0,255,232,64,197,28,0,187,94,255,100,81,110,134,203,166,106,0,255,255,142,0,87,55,50,85,149,0,143,200,255,31,88,197,255,0,255
152,30,106,42,255,62,96,90,52,171,230,0,56,199,94,0,54,61,148,69,97,247,101,33,0,205,178,255,32,171,115,100,216,65,80,218,255,18,0,84,255,164,22,230,0,255,132,52,128,213,235,57,166,81,255,206,248,18,147,162,108,131,0,255,173,40,250,0,69,88,0,166,255,18,0,211,0,62,222,255,0,255,98,0,0,0,255,182,116,217,0,255,251,255,255,255,102,0,255,0,0,26,0,0,0,0,255,60,255,255,255,64,0,0,0,188,255,255,142,255,0,247,233,54,255,0,0,255
153,36,105,48,255,70,98,74,46,181,225,0,43,174,17,0,44,53,165,105,40,185,67,38,0,163,136,255,87,127,138,122,206,84,125,243,255,64,0,111,255,185,0,177,101,255,35,128,134,199,215,84,159,142,255,255,255,26,100,187,178,157,0,210,171,0,194,77,81,149,0,255,255,78,0,194,0,0,255,255,0,255,105,0,0,0,255,255,237,241,0,255,213,204,255,255,15,0,146,0,0,0,0,21,0,0,255,84,255,255,255,89,0,0,0,229,238,255,237,255,114,253,182,61,255,0,0,255
162,37,136,68,255,73,122,80,71,163,212,41,0,241,109,49,17,110,143,132,55,238,105,1,49,242,55,193,212,158,255,124,25,167,108,224,140,39,244,64,135,254,0,81,160,202,127,0,168,141,255,85,159,154,255,19,239,33,136,243,119,124,138,131,255,119,236,111,119,129,35,255,255,137,0,0,52,52,149,231,104,255,14,72,16,0,175,161,135,150,0,255,188,255,255,233,103,0,173,50,0,73,0,63,0,40,113,167,218,255,255,55,0,0,0,107,236,255,51,255,107,159,95,255,179,144,0,255
155,33,132,70,255,55,132,86,60,182,214,65,54,228,175,63,0,122,135,105,0,255,88,27,161,233,40,116,135,70,215,223,43,144,127,247,183,0,161,134,157,105,32,48,25,227,40,0,87,195,255,20,176,127,133,62,214,18,185,208,51,128,98,172,255,86,255,163,139,0,20,214,255,166,40,0,31,102,111,232,9,254,120,129,95,0,255,244,197,181,0,244,174,255,232,147,130,0,255,67,75,21,0,108,0,0,188,50,255,255,255,200,0,6,11,46,204,255,53,255,254,237,120,255,242,185,0,255
158,36,135,106,255,28,93,107,105,183,183,44,79,224,128,74,87,83,186,63,13,255,138,75,101,183,99,175,107,127,215,228,105,76,140,219,66,67,177,71,45,157,105,100,142,255,0,59,124,169,219,6,102,139,108,86,255,77,173,255,115,128,12,199,105,67,223,125,187,2,101,193,255,60,182,100,178,61,102,182,157,236,217,58,36,0,141,79,148,0,0,146,255,255,95,130,97,0,185,128,51,119,0,24,0,177,181,213,148,255,255,65,0,117,89,124,70,146,0,255,242,116,150,255,255,244,0,255
152,35,120,59,255,82,112,89,76,197,213,60,34,232,101,38,0,61,218,80,35,246,72,5,72,159,84,240,75,86,222,155,116,156,32,236,135,101,168,114,180,207,33,76,125,255,87,66,169,215,255,30,62,223,234,177,193,20,250,255,187,131,76,197,159,3,255,101,185,130,71,255,255,148,43,95,54,21,108,255,0,255,114,0,0,0,183,49,149,97,0,234,255,255,255,255,140,0,77,92,0,92,0,43,0,72,255,122,255,255,255,0,0,0,37,244,255,255,0,255,73,217,193,255,253,18,0,255
151,32,124,58,255,83,130,61,72,200,175,60,51,221,139,100,1,130,176,105,0,255,0,9,175,234,13,153,149,33,237,225,46,120,84,225,131,54,184,127,198,104,42,97,115,255,65,70,189,255,253,75,128,168,102,158,179,0,199,249,118,89,116,212,255,29,248,164,190,60,91,219,255,255,114,28,28,165,100,255,0,193,109,27,15,0,255,255,255,171,0,255,166,249,255,129,114,0,203,0,104,43,0,40,0,0,175,64,255,255,255,119,0,0,35,124,255,255,63,255,190,255,97,255,242,151,0,255
155,32,123,76,255,83,93,80,73,149,211,9,0,255,96,34,0,58,181,146,36,217,88,0,67,171,19,120,197,142,255,151,67,172,25,255,153,78,255,86,139,251,0,158,226,255,156,39,170,203,255,27,36,199,255,79,136,0,217,208,126,0,188,186,235,80,251,82,124,170,60,255,253,219,0,0,75,99,32,252,45,255,5,0,0,0,212,198,138,77,0,255,189,255,255,158,171,0,253,11,9,162,0,106,0,98,255,113,231,255,255,97,8,0,0,255,255,255,0,255,63,193,160,255,114,159,0,255
148,34,112,48,255,105,120,67,64,182,255,12,0,255,78,50,0,107,225,80,53,157,0,0,9,215,36,255,143,125,221,185,92,176,20,255,147,118,255,187,184,146,58,204,62,255,168,19,255,228,211,4,59,200,192,226,137,4,255,255,205,0,87,255,255,19,255,43,222,134,61,255,255,255,0,100,0,34,84,255,0,255,54,0,0,0,255,238,218,222,0,255,148,255,255,255,255,0,96,0,180,115,8,0,0,71,255,255,255,255,255,0,0,0,0,204,255,255,173,255,176,255,25,255,255,0,0,255
156,36,125,38,255,103,117,74,49,178,227,27,0,255,105,38,0,113,172,141,85,182,30,0,40,178,88,255,173,72,247,127,118,179,31,255,207,20,239,67,184,212,0,188,118,255,120,3,205,189,255,75,117,181,255,115,240,16,210,220,163,85,120,231,255,68,255,85,66,145,0,255,255,231,0,0,0,101,105,255,0,255,0,0,0,0,255,243,95,200,0,255,177,255,255,255,170,0,228,0,0,71,0,6,0,18,205,114,255,255,255,74,0,0,0,171,255,255,142,255,0,193,161,198,228,0,0,255
150,32,101,36,255,81,67,89,37,171,226,0,0,183,95,0,0,60,147,93,116,177,50,41,16,82,228,255,47,89,120,174,230,165,0,255,255,136,0,53,176,182,6,164,22,255,63,102,198,224,255,53,110,138,233,180,167,17,151,255,147,67,0,255,183,0,255,62,30,144,0,229,140,0,0,95,57,28,134,255,0,255,112,0,0,0,255,74,123,165,0,255,255,255,238,255,255,0,255,0,0,0,0,0,0,28,176,255,255,255,255,110,0,0,0,110,255,255,0,255,58,225,255,82,255,0,0,255
155,39,115,49,255,104,111,96,53,170,247,0,0,253,60,6,0,92,178,172,51,172,87,0,0,113,79,209,157,135,208,135,158,191,47,255,218,129,233,91,167,229,0,206,165,255,101,53,233,215,204,67,111,201,255,180,183,0,213,226,204,0,59,255,213,47,255,68,131,155,0,255,247,244,0,106,0,1,121,255,0,255,5,0,0,0,255,252,204,115,0,255,197,255,255,255,194,0,179,0,0,49,0,64,0,42,235,250,255,255,255,0,0,0,0,229,255,255,175,255,33,255,92,255,255,0,0,255
152,34,102,30,255,90,121,89,38,163,230,0,46,211,59,0,18,75,164,136,97,213,99,27,0,133,155,255,30,105,165,107,164,135,85,198,236,83,0,97,226,189,0,232,40,255,1,33,175,162,255,37,230,112,255,126,255,66,111,202,88,146,40,255,255,0,255,101,67,75,0,255,255,65,0,212,0,0,248,255,39,255,80,0,0,0,255,255,141,255,0,255,190,255,255,255,250,0,255,0,0,0,0,0,0,0,255,111,255,255,255,64,0,0,0,227,255,255,196,255,0,255,149,172,255,0,0,255
154,41,123,40,255,99,121,101,51,186,200,1,10,246,84,20,0,114,183,144,77,237,96,17,28,149,113,255,52,97,207,118,190,150,29,252,255,86,49,53,183,238,0,210,126,255,43,67,175,195,255,25,176,144,255,167,208,41,181,255,172,61,19,241,209,23,255,158,46,133,0,255,255,95,0,0,20,45,197,255,0,255,65,21,0,0,255,197,203,117,0,255,227,255,205,255,167,0,213,0,0,0,0,68,0,46,120,117,255,255,255,76,7,0,0,219,255,255,88,255,0,190,191,170,255,0,0,255
156,37,106,42,255,70,104,67,68,159,215,0,0,131,0,0,0,90,180,123,0,175,20,0,24,142,112,251,241,149,125,100,156,154,58,218,255,123,149,188,169,217,10,191,0,255,0,207,169,243,146,72,166,189,45,129,159,0,167,120,255,153,0,255,146,100,255,19,0,0,0,255,204,222,0,247,52,0,133,255,0,255,140,0,0,0,255,205,255,125,0,255,255,255,170,255,222,0,183,0,0,141,76,0,0,38,182,255,255,255,255,190,0,0,0,57,96,255,255,88,255,255,101,109,255,0,32,255
157,41,108,34,255,83,121,81,76,177,242,0,0,182,9,18,0,104,190,116,13,227,49,0,2,182,81,255,188,134,168,91,131,171,20,196,164,154,234,178,204,179,0,219,0,255,28,128,254,255,175,69,184,170,128,73,141,0,184,225,255,255,0,255,173,32,255,36,95,0,0,255,250,255,0,255,0,0,212,255,0,237,66,0,0,0,255,127,255,112,0,255,255,255,255,255,255,0,204,0,0,206,58,0,0,0,162,255,255,243,255,0,0,0,0,54,175,255,255,118,215,255,73,237,255,0,0,255
149,24,85,46,255,77,77,56,42,151,255,0,0,151,48,0,0,65,171,225,0,69,0,0,95,5,6,64,213,139,97,184,100,190,52,255,255,152,231,192,186,116,22,194,55,255,201,105,255,255,186,38,27,120,181,233,119,0,147,101,177,0,7,255,255,138,182,10,42,0,0,255,133,173,0,218,45,0,14,255,21,255,83,0,40,0,255,255,255,250,0,255,125,255,255,255,249,0,138,0,17,0,96,0,0,110,217,255,255,177,255,9,0,0,0,136,255,255,211,255,179,255,0,255,236,18,0,255
162,36,147,51,255,87,92,41,81,199,169,1,23,166,94,52,62,117,203,94,44,211,0,54,52,255,76,219,220,109,118,108,131,152,26,214,171,100,48,116,176,255,5,177,53,244,178,142,39,246,106,102,183,159,151,234,175,42,248,113,255,134,140,255,214,96,146,0,77,60,124,168,149,162,0,63,0,65,149,222,53,250,112,59,0,11,110,150,254,218,0,172,255,174,151,255,9,23,67,241,6,50,0,64,0,113,237,239,183,255,255,255,0,14,0,108,166,236,0,147,191,137,205,46,238,180,95,255
152,36,80,45,255,66,97,86,23,162,255,0,0,89,8,0,0,26,120,163,0,83,81,0,25,3,117,226,238,150,55,163,221,192,112,255,255,126,63,205,255,107,0,255,0,255,0,127,255,237,172,0,163,255,141,166,184,0,39,153,255,255,0,255,177,0,255,73,70,0,0,255,158,237,0,255,0,0,255,255,0,255,100,0,0,0,255,255,255,162,0,255,134,255,255,255,255,0,255,0,0,0,86,0,0,0,155,245,255,120,255,0,0,0,0,0,174,255,255,255,255,255,0,0,190,0,0,255
160,39,130,47,255,86,107,108,67,162,255,0,0,225,106,41,0,101,177,86,76,184,81,0,9,184,124,202,183,105,198,156,156,163,42,255,142,58,232,129,181,228,0,156,86,255,88,0,164,180,190,0,180,226,255,86,138,84,245,255,200,63,51,228,149,98,255,0,146,133,0,255,200,255,0,113,0,0,226,255,0,255,14,0,0,0,255,201,182,22,0,255,255,255,239,255,255,0,180,20,0,121,0,47,0,92,180,228,255,255,212,0,20,0,0,168,255,255,67,211,77,255,70,174,179,0,0,255
159,34,110,54,255,84,88,77,45,140,255,0,5,150,83,0,0,92,121,203,58,115,15,3,126,4,110,81,167,54,139,212,82,230,135,255,230,7,199,149,197,168,0,140,34,255,52,30,157,188,255,24,204,253,181,105,179,40,106,255,190,99,94,182,202,128,220,45,130,91,0,255,167,172,0,193,27,0,131,255,0,255,0,0,10,0,255,214,238,171,0,255,211,255,255,255,153,0,212,0,13,0,0,85,0,202,205,255,255,255,255,58,10,0,0,160,255,255,182,255,84,255,0,75,85,0,0,255
153,31,122,74,255,64,103,69,41,164,243,10,17,177,172,47,0,92,137,70,0,160,24,4,98,173,82,143,217,116,156,208,111,126,151,255,152,17,146,186,143,113,43,168,50,241,32,5,155,249,247,0,146,186,143,100,127,67,201,255,122,45,106,211,209,0,232,120,123,88,64,255,255,191,86,56,110,31,107,255,1,226,80,0,37,0,255,255,211,199,0,206,252,255,255,255,255,0,252,0,51,9,0,0,0,0,147,167,246,214,255,77,0,0,0,201,255,255,0,255,128,217,64,171,88,199,0,255
152,32,133,39,255,55,116,90,80,195,226,80,50,210,159,63,0,90,197,36,0,255,116,21,113,199,51,146,54,52,212,183,65,221,0,244,99,123,71,249,172,126,0,0,192,255,127,98,45,214,255,0,63,255,181,152,116,28,232,255,140,149,94,52,134,77,255,45,225,119,93,255,192,112,0,11,162,59,86,255,0,255,122,109,50,0,114,184,145,218,0,227,255,103,255,255,146,0,93,147,0,0,0,0,0,146,250,225,242,255,255,209,0,0,0,248,255,255,0,151,245,255,50,188,168,56,5,255
162,27,115,64,247,61,96,43,51,178,191,0,50,154,0,0,106,21,184,84,91,154,0,54,0,238,179,255,234,180,59,119,176,56,103,217,255,115,0,91,183,219,93,162,0,185,0,198,138,254,200,93,189,61,115,194,207,34,127,93,255,131,0,255,94,0,137,0,69,87,91,30,129,15,0,33,11,67,70,154,101,211,26,49,0,0,247,185,255,196,0,232,255,213,105,255,119,178,198,101,42,120,51,0,0,110,230,255,255,255,174,255,0,213,0,0,190,201,106,179,253,71,255,0,182,70,92,255
166,42,164,37,255,79,116,81,82,217,182,49,1,233,174,121,35,181,178,99,93,254,95,41,20,255,149,255,179,119,152,122,225,136,22,191,118,134,108,144,92,205,0,59,77,204,39,90,144,174,181,90,255,134,190,158,220,123,149,252,203,119,12,255,155,3,235,124,139,95,49,150,131,127,0,69,124,0,158,255,39,255,92,161,0,0,187,255,255,179,0,92,255,255,93,255,0,0,200,255,0,81,40,100,0,183,142,255,154,156,132,59,77,0,0,0,255,202,0,0,248,64,22,8,202,29,0,255
159,40,132,38,255,100,124,93,71,217,206,0,0,244,108,39,33,112,187,75,153,255,106,56,0,255,181,255,177,168,102,87,215,119,0,209,166,161,26,109,146,189,0,247,0,255,34,65,167,202,216,59,255,73,214,127,199,65,180,151,255,221,6,255,210,0,255,38,13,94,7,191,153,91,0,123,31,7,198,255,0,255,33,108,0,0,255,157,235,155,0,248,255,255,91,255,182,0,255,178,0,137,0,11,0,32,186,255,255,214,216,117,0,0,0,4,255,255,0,195,166,117,255,0,180,0,0,255
155,33,99,39,255,79,97,65,50,178,242,0,0,154,0,0,0,27,220,75,110,144,0,1,0,151,193,255,233,142,79,128,206,98,23,233,255,184,0,82,192,194,28,239,0,255,0,147,198,239,222,39,151,163,98,126,153,31,141,198,255,205,0,255,194,0,255,24,0,89,0,255,79,104,0,127,0,17,102,255,0,255,44,2,0,0,255,186,253,150,0,255,255,255,213,255,255,0,234,22,0,84,4,0,0,79,192,255,255,255,240,151,0,0,0,70,195,255,176,172,255,202,255,0,255,0,0,255
155,36,141,48,255,87,132,79,92,220,179,83,47,251,145,84,85,145,199,70,79,255,92,95,58,255,129,255,105,116,223,165,107,132,9,193,139,118,89,71,136,177,19,131,130,194,102,89,158,177,247,70,202,100,220,130,255,39,160,255,140,55,99,255,215,0,195,121,124,116,64,193,255,75,2,3,52,95,135,255,0,255,183,137,0,0,205,210,196,128,0,162,234,255,176,255,47,0,172,233,89,73,27,7,0,24,128,250,216,224,255,61,0,0,0,0,236,255,6,141,173,44,79,154,255,40,6,255
177,51,167,66,249,76,81,39,24,230,194,27,47,243,87,47,97,145,152,176,118,229,52,87,28,230,126,254,186,170,152,79,176,162,65,228,145,72,167,132,104,204,25,98,117,252,3,91,56,138,255,102,164,193,201,147,255,59,127,183,110,128,83,222,98,103,145,102,167,145,150,143,255,165,0,21,94,85,182,178,100,234,14,92,3,0,201,205,176,145,0,144,255,255,229,229,6,0,103,161,36,134,16,39,0,131,180,199,255,249,57,206,7,9,71,105,255,255,131,128,255,85,53,0,196,99,0,255
155,34,130,28,255,109,131,93,63,205,200,102,0,255,130,94,0,132,165,76,148,255,13,0,38,239,149,255,138,74,255,114,114,163,42,255,173,74,217,0,156,211,9,170,64,255,173,28,156,166,255,58,155,142,255,104,225,54,238,255,183,86,151,255,251,0,255,74,33,129,0,255,243,114,0,0,0,167,127,255,0,255,9,0,0,0,246,154,68,101,0,255,200,255,255,255,244,0,155,18,47,70,0,0,0,0,10,182,255,255,255,0,0,0,0,0,255,255,0,255,57,103,189,224,255,0,0,255
148,23,85,40,255,73,78,83,56,165,255,0,18,172,37,0,0,0,147,61,140,142,0,30,45,152,232,255,156,148,0,135,204,73,32,255,255,161,0,63,255,124,85,253,0,255,36,51,137,211,233,0,200,57,144,233,188,31,90,76,215,153,0,255,250,0,255,0,0,116,0,104,8,0,0,67,0,37,103,255,0,255,75,0,0,0,255,202,247,225,0,255,255,255,162,255,244,0,255,47,78,23,8,0,0,179,255,255,255,255,255,255,0,35,0,13,255,255,135,255,216,96,255,0,255,0,52,255
155,27,91,30,255,77,113,81,57,162,203,0,24,171,0,0,71,9,195,57,164,192,18,68,15,211,228,255,159,143,81,105,193,113,32,172,255,199,0,49,217,197,59,210,0,255,0,136,121,205,151,19,255,82,78,77,143,65,100,87,255,159,19,255,255,0,255,0,20,105,0,182,85,7,0,32,0,33,93,255,0,255,43,83,0,0,255,198,164,185,0,255,255,255,218,255,255,0,255,0,77,113,32,0,0,94,203,255,255,255,254,151,0,0,0,87,234,255,9,207,212,210,255,0,255,0,0,255
176,50,166,48,255,102,117,34,26,192,161,0,28,250,74,78,68,151,211,200,89,234,27,62,8,189,130,255,190,133,150,73,196,166,11,229,147,118,197,142,100,183,16,170,106,255,11,151,164,255,255,104,170,137,135,241,251,92,245,128,182,114,174,255,109,98,227,78,42,96,55,106,232,241,0,0,0,87,52,222,145,189,0,47,9,16,205,200,188,141,0,255,255,255,255,223,111,0,159,19,50,179,0,17,91,112,104,163,255,255,115,250,0,31,0,170,255,255,62,168,156,96,163,0,255,0,0,255
157,29,107,49,255,59,81,38,46,164,206,0,37,136,26,0,0,60,179,131,40,149,0,0,56,150,169,238,239,136,42,86,150,101,82,248,255,117,13,168,143,125,113,127,0,255,0,144,114,249,182,155,151,70,6,220,141,0,185,80,213,95,65,255,168,46,197,0,0,0,0,135,170,120,0,37,21,68,12,255,76,243,133,0,0,0,255,195,255,203,0,255,255,255,161,255,192,0,176,0,49,47,0,0,0,47,217,250,255,255,218,255,0,115,0,122,238,255,131,152,255,187,255,0,255,28,26,255
152,30,89,28,255,41,97,66,74,162,255,0,0,52,0,0,0,0,206,91,0,186,0,0,123,94,93,255,255,181,0,88,104,182,7,224,255,162,199,236,208,128,16,255,0,255,0,255,58,197,103,0,255,255,0,8,177,0,177,0,255,255,0,255,255,0,255,0,68,2,0,255,61,141,0,255,0,0,0,255,0,223,102,0,0,0,255,255,255,129,0,255,255,255,161,255,239,0,121,0,0,152,255,0,0,58,44,255,255,255,202,113,0,128,0,255,164,255,247,0,255,255,54,255,255,0,0,255
163,37,140,59,255,45,97,108,118,187,244,0,24,177,219,19,0,88,145,40,0,238,83,0,63,255,176,190,239,97,104,166,129,75,135,198,193,42,166,117,158,185,21,56,0,250,10,35,41,232,94,0,255,210,108,78,147,70,208,212,255,87,0,191,30,67,169,0,163,76,18,220,189,192,0,120,140,0,154,217,0,213,114,151,0,0,224,255,255,132,0,153,255,255,141,255,0,115,250,138,0,156,5,82,0,113,201,138,255,173,214,33,5,0,0,5,194,237,56,115,255,255,0,0,19,255,0,255
160,41,110,37,255,38,115,82,40,178,255,0,0,85,93,0,0,40,136,60,0,129,45,0,119,192,106,235,255,88,0,102,199,153,130,255,246,6,81,255,255,67,0,232,0,255,0,0,53,223,189,0,255,227,19,110,136,59,174,171,255,255,0,255,87,0,245,0,82,26,0,255,110,255,0,255,0,0,255,255,0,63,23,21,19,0,255,255,255,138,0,255,255,238,194,255,255,0,255,0,0,170,0,41,0,0,99,131,255,229,185,0,0,0,0,61,201,255,255,182,103,255,77,0,0,46,0,255
154,29,109,82,255,58,98,119,89,186,253,0,0,154,67,0,0,8,146,76,61,142,70,0,6,171,197,255,255,229,0,55,200,64,134,255,255,96,50,151,234,189,26,238,0,255,58,48,150,154,241,0,251,169,148,145,214,47,137,84,255,225,0,255,86,0,226,0,94,94,0,189,86,67,0,246,93,0,104,255,64,114,101,146,0,0,255,167,255,162,0,240,255,170,0,255,107,19,255,120,0,156,174,62,0,189,249,152,255,219,242,129,0,104,0,35,146,211,172,255,173,77,201,0,125,0,0,255
147,20,79,49,255,65,54,63,31,171,255,0,0,186,6,0,0,0,163,73,138,55,0,0,0,116,230,255,147,226,0,140,255,45,22,255,255,221,0,22,218,157,160,227,0,255,16,93,233,225,255,14,31,30,152,255,166,76,99,110,255,20,0,255,230,0,255,0,0,115,0,101,0,0,0,0,66,125,85,255,0,255,111,0,0,0,255,155,226,208,0,255,255,255,117,255,230,82,178,0,73,31,0,0,0,218,255,255,255,255,255,255,0,46,0,77,255,255,140,255,255,63,255,0,255,0,157,255
151,29,94,23,255,82,93,49,39,186,230,0,0,195,0,0,33,18,197,49,123,187,0,50,4,199,208,255,179,124,63,127,166,150,24,209,255,177,0,68,197,192,68,235,0,255,0,184,112,183,223,58,229,110,109,188,242,51,152,111,255,164,80,255,255,0,255,0,0,63,0,197,134,0,0,49,0,76,119,255,0,255,74,0,0,0,255,235,231,205,0,255,255,255,255,255,255,0,199,0,39,60,0,0,0,0,255,255,255,255,227,255,0,0,0,64,226,255,111,179,255,205,255,0,255,0,83,255
148,25,103,54,255,78,109,82,68,179,221,0,6,246,0,0,57,28,160,29,144,211,48,38,0,255,225,255,138,162,47,59,121,165,87,142,215,164,17,150,158,255,52,186,0,223,42,118,126,111,249,0,255,0,154,129,211,128,137,81,255,83,87,255,255,0,255,0,0,0,0,143,177,0,15,35,28,76,169,255,73,201,114,5,69,0,255,255,253,255,0,255,232,137,144,255,255,0,255,0,148,89,53,0,0,0,255,255,255,169,255,255,0,0,0,0,136,255,0,255,255,136,255,0,255,0,255,255
150,23,88,45,255,67,89,62,52,166,210,0,8,185,0,0,64,0,181,60,118,176,0,41,0,225,223,255,156,167,53,108,164,116,66,174,255,188,0,53,173,253,80,196,0,255,0,187,116,174,222,3,248,27,103,135,167,74,125,76,255,85,0,255,255,0,255,0,0,23,0,103,104,0,0,0,23,124,133,255,0,255,91,0,0,0,255,215,255,166,0,255,255,233,190,255,255,0,218,0,111,149,56,0,0,24,255,255,255,255,255,255,0,12,0,21,231,255,71,214,255,148,255,0,255,0,195,255
149,26,88,46,255,69,94,81,55,178,255,0,20,211,21,0,40,3,147,32,151,206,37,24,0,223,225,255,145,171,13,89,145,112,92,197,255,144,0,109,237,182,55,254,0,255,11,54,113,185,255,0,238,0,180,179,196,114,87,37,255,153,0,255,241,0,255,0,0,63,0,137,139,0,0,72,38,52,183,255,35,248,35,29,0,0,255,228,255,199,0,255,255,186,206,255,255,0,255,0,55,56,21,0,0,0,255,255,255,191,252,255,0,0,0,8,248,255,143,255,180,129,255,0,255,0,223,255
154,27,99,59,255,58,68,85,64,163,242,0,6,161,58,0,0,13,135,68,97,194,28,2,20,180,222,255,155,192,9,74,195,95,84,243,255,144,0,99,209,151,104,196,0,255,94,106,97,206,202,63,214,38,137,219,187,4,141,112,255,129,0,255,180,0,248,0,15,56,0,101,138,0,0,159,22,25,128,255,0,255,125,1,0,0,255,118,255,216,0,255,255,255,81,255,199,0,255,57,21,115,0,0,0,43,255,255,255,255,240,204,0,118,0,18,255,255,52,255,169,188,255,0,255,0,43,255
152,31,84,37,255,76,116,85,85,158,255,0,0,138,0,0,0,22,174,111,16,188,0,0,125,107,43,234,255,133,80,117,92,211,0,199,185,255,135,189,229,99,0,255,0,255,24,171,112,255,46,5,255,105,16,69,4,0,108,83,255,255,81,255,255,0,255,57,2,130,0,255,0,203,0,255,0,0,150,255,0,248,33,54,0,0,255,255,255,173,0,255,255,139,255,255,235,0,255,12,22,151,168,0,0,63,157,255,255,0,255,21,0,0,0,131,102,255,139,133,255,255,88,39,160,0,0,255
154,38,89,34,255,36,118,97,25,189,255,0,0,43,0,0,0,0,177,19,3,167,69,0,42,119,157,255,255,194,0,76,233,127,58,231,255,139,0,168,255,88,0,255,0,255,0,129,123,181,219,0,255,255,76,0,165,12,17,250,255,255,0,255,135,0,255,94,167,141,0,255,78,194,0,255,0,0,255,255,0,115,25,186,0,0,255,223,255,65,0,255,255,187,145,255,255,0,255,0,0,56,204,130,0,0,0,7,255,240,110,0,0,0,0,125,192,255,255,2,174,255,0,52,255,0,0,255
148,30,89,48,255,47,94,105,85,172,255,0,0,143,20,0,0,0,180,7,71,183,26,0,41,172,195,255,255,173,50,139,145,111,52,216,255,132,51,145,217,250,0,255,0,255,0,107,167,183,236,0,244,184,30,0,143,11,163,139,255,244,0,255,136,0,255,0,0,121,0,255,57,48,0,255,121,0,76,255,0,218,53,0,0,0,255,144,255,32,0,255,255,255,142,255,255,0,255,0,0,214,162,0,0,54,120,198,255,239,255,154,0,0,0,143,158,255,215,143,203,159,255,73,255,0,0,255
153,24,95,62,255,57,96,80,74,169,255,0,0,171,32,0,0,0,155,54,117,118,23,0,0,215,198,255,255,255,0,77,162,4,108,230,255,186,0,80,201,204,93,214,0,255,49,53,255,193,253,32,134,0,159,230,173,40,101,12,255,91,0,255,203,0,230,0,0,31,0,151,83,0,0,26,71,28,82,255,94,220,119,67,0,0,255,177,255,255,0,255,255,227,1,255,161,47,255,114,68,54,87,0,0,174,246,255,255,255,203,255,0,138,0,0,125,255,126,254,255,23,255,0,255,0,253,255
153,21,82,41,255,63,100,50,40,175,248,0,9,124,0,0,17,0,207,90,127,67,0,0,0,118,202,255,255,251,0,101,219,53,134,208,255,177,0,96,205,212,89,252,0,255,0,158,255,163,253,44,123,137,72,186,242,31,74,41,255,159,0,255,136,0,222,0,23,50,0,224,47,0,0,39,0,31,0,255,75,243,119,17,0,0,255,251,255,253,0,255,255,255,64,255,134,119,170,0,84,36,147,0,0,233,215,255,255,255,166,255,0,118,0,60,29,255,255,179,255,89,210,0,255,0,123,255
157,29,87,47,255,73,108,46,40,155,214,0,15,153,0,0,75,0,245,82,110,145,10,46,0,177,182,255,255,226,109,98,196,115,95,127,255,227,0,84,164,255,83,211,47,255,0,208,147,202,174,72,140,150,34,84,171,52,101,74,255,138,113,255,214,0,246,21,3,43,0,224,129,93,0,33,0,40,22,255,5,255,54,32,0,0,255,255,238,188,0,255,255,255,253,255,203,5,222,0,78,145,35,0,0,58,255,255,255,255,192,255,0,0,0,144,0,255,156,218,255,255,255,0,255,0,170,255
148,21,98,73,255,50,97,108,87,171,255,0,0,165,118,0,0,0,130,28,126,109,89,0,0,188,255,255,255,255,0,76,182,0,77,255,255,124,0,120,214,189,61,255,0,240,102,0,255,146,255,0,145,7,221,227,213,23,91,0,255,86,0,255,183,0,255,0,0,62,0,102,84,0,0,25,161,0,22,255,125,192,177,83,0,0,255,146,188,255,0,227,219,223,0,255,200,51,255,200,28,16,151,0,0,255,239,255,255,186,237,255,0,223,0,0,214,214,111,255,255,0,255,0,255,54,191,255
146,21,87,60,255,53,89,101,81,165,255,0,0,161,76,0,0,0,150,24,109,121,35,0,7,190,240,255,244,250,0,113,195,68,31,255,255,160,0,102,240,180,32,247,0,255,56,19,255,186,255,0,186,45,163,168,188,15,101,52,255,144,0,255,255,0,255,0,0,54,0,153,13,0,0,53,118,0,40,255,7,221,137,64,0,0,255,150,193,246,0,255,234,255,73,255,249,0,255,92,16,109,162,0,0,211,240,255,255,154,255,255,0,110,0,0,255,255,56,255,255,36,255,0,248,0,191,255
154,28,94,47,255,90,132,64,84,138,226,0,0,232,0,0,0,47,215,130,68,185,57,0,0,244,82,250,251,184,216,47,84,208,44,99,203,205,141,151,161,255,0,144,86,190,15,83,246,218,208,47,139,29,241,103,67,0,190,73,255,100,148,196,255,19,253,15,0,14,0,255,208,128,0,77,2,0,0,255,96,255,3,0,43,0,255,213,195,203,0,255,255,254,255,255,245,0,233,0,28,255,47,0,0,21,255,255,255,194,255,255,0,0,0,69,23,255,108,255,160,255,255,0,255,0,251,255
151,28,83,47,255,87,95,65,56,146,255,0,0,194,0,0,0,61,181,199,0,111,40,0,29,49,9,93,215,176,173,169,114,221,35,254,255,214,230,164,188,196,0,199,139,255,96,130,255,255,158,29,0,138,234,199,65,0,117,160,255,20,54,192,252,88,196,89,54,47,0,255,147,194,0,242,40,0,63,255,0,255,81,0,2,0,255,255,255,171,0,255,208,248,255,255,254,0,195,0,19,39,155,0,0,83,255,255,255,131,255,14,0,0,0,78,156,255,255,220,255,255,0,255,255,0,49,255
158,36,106,42,255,66,86,64,56,174,255,0,4,104,119,0,0,104,163,196,0,117,0,0,151,56,76,164,240,78,19,141,83,161,95,255,255,31,144,250,207,53,9,114,0,255,97,54,135,255,187,47,243,131,7,190,137,0,198,122,239,144,0,255,153,179,181,0,0,0,0,255,177,242,0,255,40,0,161,255,8,229,73,0,0,0,255,209,255,225,0,255,244,255,246,255,187,0,178,18,0,0,0,0,0,62,127,230,255,255,234,27,0,0,0,132,255,255,247,167,165,255,0,71,31,179,0,255
157,29,97,32,255,89,86,42,77,144,248,0,0,203,0,0,0,64,204,194,36,143,0,17,98,102,0,101,255,133,134,127,56,255,0,203,227,255,227,153,146,214,27,169,138,255,79,234,147,255,42,94,137,72,115,157,24,0,170,20,255,0,249,255,255,143,162,0,0,19,0,255,6,152,0,194,3,0,14,255,0,255,79,0,0,0,255,255,255,184,0,255,255,180,187,255,131,0,245,15,64,105,41,0,0,179,255,255,255,195,224,255,0,0,0,72,140,255,69,86,255,255,186,160,235,104,173,255
156,40,101,38,255,75,108,71,60,158,255,0,0,140,0,0,0,104,176,135,0,182,12,0,78,102,46,185,251,159,119,129,130,227,32,244,223,158,184,232,187,144,27,255,0,255,0,177,139,255,74,8,184,171,20,121,73,0,154,186,255,151,0,255,222,71,244,94,0,0,0,255,184,255,0,255,14,0,244,255,0,255,144,0,0,0,255,255,255,75,0,255,255,255,218,255,255,0,234,0,0,134,80,0,0,26,101,255,255,89,255,5,0,0,0,0,145,255,255,165,255,255,0,109,255,0,23,255
155,42,98,20,255,59,120,90,39,181,255,0,0,70,0,0,0,29,156,76,15,179,58,0,99,109,187,255,255,67,53,101,220,162,60,218,255,99,36,195,255,129,0,255,0,255,0,107,160,235,226,0,255,255,39,0,115,0,63,236,255,255,0,255,154,0,255,117,69,53,0,255,99,148,0,255,0,0,211,255,0,205,0,80,0,0,255,220,255,127,0,255,255,255,255,255,255,0,255,0,0,92,65,37,0,0,0,130,255,179,255,0,0,0,0,38,170,255,255,110,140,255,31,0,165,0,0,255
156,34,92,25,255,75,80,45,33,178,255,0,0,109,19,0,0,66,140,221,0,98,0,0,184,24,14,108,255,73,18,146,100,255,70,255,252,147,153,217,222,67,0,159,0,255,48,172,113,250,173,77,237,155,65,236,183,0,96,86,244,239,33,204,255,129,102,16,0,28,0,255,135,143,0,255,35,0,164,255,0,255,91,0,23,0,255,255,255,255,0,255,255,179,255,255,124,0,187,0,0,0,76,0,0,86,114,255,255,255,163,62,0,0,0,187,118,255,182,169,226,255,0,146,91,77,46,255
150,32,106,29,255,75,118,98,61,193,255,0,0,155,98,27,0,92,180,45,42,131,0,0,27,153,113,255,236,100,53,184,145,131,74,255,243,59,160,232,219,160,8,200,0,255,19,21,207,190,189,0,202,251,40,72,211,95,255,235,255,190,0,255,181,2,255,0,96,40,0,255,157,238,0,255,0,0,144,255,0,197,100,0,0,0,255,212,200,165,0,255,245,255,226,255,255,0,122,0,0,10,80,0,0,56,93,241,255,255,255,0,0,0,0,58,229,255,249,101,173,255,24,255,255,0,0,255
156,38,140,55,255,70,99,82,80,161,216,33,39,216,106,98,0,130,233,34,39,234,33,0,0,229,134,255,173,108,193,73,225,112,9,190,138,69,181,244,154,152,45,99,42,255,31,59,165,205,217,35,157,181,83,164,192,94,255,255,191,37,22,237,159,6,255,18,219,60,57,255,246,255,0,147,0,64,62,255,74,182,96,0,8,0,255,255,188,147,33,240,255,255,255,255,212,0,191,0,90,143,0,43,0,123,255,113,255,251,255,0,0,0,0,255,255,255,112,110,42,255,233,4,255,0,0,255
148,25,71,23,255,57,64,0,30,178,255,0,0,87,0,3,0,84,200,229,0,88,0,0,249,0,0,0,240,44,98,198,0,255,46,255,255,201,255,255,209,0,17,64,94,255,173,255,181,255,114,115,13,217,0,255,76,0,99,95,90,137,161,99,255,149,101,112,130,83,27,255,105,148,115,255,22,0,0,255,0,255,81,0,117,0,255,255,255,255,0,255,252,140,255,63,30,0,0,0,135,0,255,0,0,51,164,255,167,236,146,49,0,0,0,255,231,255,255,0,255,255,0,255,212,0,10,255
185,57,211,100,255,39,78,50,80,144,194,0,58,149,154,109,113,170,135,83,29,235,42,108,64,149,172,191,218,125,161,147,157,106,130,190,16,37,216,102,153,245,27,95,114,187,74,105,75,237,215,25,171,159,39,118,106,84,213,255,255,93,5,221,133,232,200,116,255,192,78,94,169,255,0,130,0,39,235,178,71,111,60,149,5,44,185,254,180,75,116,100,255,209,238,241,56,108,115,127,154,235,102,162,0,255,92,167,205,220,212,235,195,226,255,255,255,148,84,97,103,104,0,22,118,208,0,255
157,34,112,58,255,60,91,84,73,160,241,0,0,137,85,0,0,67,170,132,0,137,55,0,31,151,139,200,228,143,112,111,164,121,100,255,237,62,157,146,221,191,1,150,0,255,118,59,160,201,181,0,201,198,199,198,218,12,209,148,255,134,0,255,124,152,199,0,80,0,0,255,177,195,0,255,61,0,208,255,0,211,117,0,0,0,255,169,255,127,0,255,255,255,185,255,172,0,127,18,0,118,0,0,0,85,247,192,255,255,207,11,12,0,0,149,204,255,125,237,166,255,32,30,145,73,0,255
154,41,115,39,255,58,107,89,50,191,255,0,0,127,84,0,0,39,158,62,0,161,85,0,50,214,160,255,255,86,47,141,184,165,69,255,215,32,73,244,255,173,0,230,0,255,0,17,97,183,204,0,255,255,101,48,176,50,168,180,255,255,0,255,157,0,255,0,130,39,0,255,156,207,0,255,0,0,255,255,0,148,33,42,0,0,255,224,255,131,0,255,255,220,255,255,255,0,217,0,0,117,13,21,0,0,112,130,255,234,255,0,0,0,0,50,215,255,233,180,238,255,60,0,96,0,0,255
157,36,109,35,255,74,106,79,66,184,255,0,0,105,56,0,0,71,161,153,3,134,0,0,76,87,119,242,255,121,30,113,166,140,73,255,251,83,154,222,192,135,0,241,0,255,32,124,147,233,153,40,255,162,55,132,131,0,161,107,255,255,0,255,205,78,222,0,9,19,0,255,144,191,0,255,17,0,210,255,0,179,90,0,0,0,255,255,255,183,0,255,255,255,226,255,180,0,149,0,0,49,85,0,0,57,55,255,255,200,227,0,0,0,0,103,124,255,255,127,255,231,0,21,191,0,0,255
157,43,126,53,255,69,115,89,58,170,255,0,0,140,71,0,0,81,154,78,0,168,53,0,84,165,93,183,222,104,89,123,191,179,95,255,157,46,157,255,228,138,23,203,0,255,0,31,111,239,118,0,255,171,31,174,82,0,175,255,255,197,0,235,209,9,229,51,81,60,0,255,189,255,0,255,0,0,255,255,0,132,126,0,0,0,255,255,255,142,0,255,255,245,161,255,255,0,210,0,0,93,0,156,0,0,90,255,255,128,255,0,0,0,0,80,197,255,185,255,132,255,54,0,143,127,0,255
159,38,148,59,255,39,115,100,92,164,201,0,10,166,119,66,2,106,185,8,29,179,53,11,0,255,212,246,241,123,162,83,251,50,92,181,159,54,84,224,196,224,10,194,0,255,25,30,123,187,135,0,216,208,164,142,58,24,173,255,255,169,0,255,88,40,244,69,148,105,24,214,49,232,0,76,16,22,195,240,57,99,178,0,0,0,255,255,255,87,0,211,255,255,61,255,181,0,138,128,0,231,0,95,0,208,81,220,255,62,255,124,58,0,0,143,216,255,38,103,240,0,26,0,244,149,0,255
159,36,147,53,255,20,107,101,99,188,200,63,16,208,185,105,11,113,207,31,0,255,149,22,73,255,126,200,144,40,251,188,152,155,60,225,61,129,101,121,110,148,35,0,234,255,40,142,0,231,82,0,174,255,96,82,114,59,175,255,181,100,74,154,16,0,149,80,199,158,69,209,82,96,0,45,174,60,150,255,0,255,191,97,0,0,131,255,216,101,0,208,255,255,255,255,99,0,177,160,0,100,0,61,0,113,194,179,190,127,169,148,177,0,0,150,255,227,0,56,252,166,29,63,65,255,0,255
167,40,177,127,239,18,63,93,106,155,188,64,83,153,182,121,119,133,139,39,0,255,61,100,79,162,157,133,229,138,162,91,126,128,140,127,0,53,128,128,72,197,130,102,168,177,46,80,50,185,121,56,153,134,6,83,109,120,131,255,179,90,31,134,145,139,72,112,255,144,183,89,133,211,134,204,121,55,88,223,115,204,167,102,59,31,103,247,249,134,96,43,255,255,119,195,29,114,192,255,161,115,40,152,17,235,122,255,57,84,255,37,154,186,67,255,215,43,0,0,12,115,0,137,204,255,8,255
180,48,200,133,242,7,50,111,134,122,211,40,83,196,128,153,137,155,56,45,28,242,10,152,57,149,230,111,255,103,166,83,90,186,155,147,0,0,219,111,79,188,77,71,109,165,0,125,0,173,167,58,228,150,20,115,130,145,165,255,167,85,40,148,177,253,156,122,255,163,144,175,171,255,172,182,100,85,59,192,114,255,51,240,13,110,208,174,255,92,207,144,255,255,119,211,59,215,243,148,255,255,129,186,29,255,147,255,158,255,209,130,243,224,66,255,255,227,119,5,37,224,0,113,23,255,0,255
163,40,160,89,251,21,85,101,108,171,207,38,59,201,158,89,8,133,173,56,36,255,98,16,2,219,205,208,185,121,158,71,120,145,98,169,55,101,151,158,48,155,81,0,165,255,57,79,33,174,147,38,226,214,24,79,181,91,130,255,147,64,33,149,66,145,92,8,255,150,180,110,103,173,34,141,148,69,17,255,69,255,135,201,19,44,146,230,255,140,0,73,255,255,145,255,0,106,192,255,20,227,42,97,79,192,241,255,192,53,255,43,82,0,0,168,255,159,42,65,108,198,0,25,172,255,0,255
156,33,106,53,255,70,87,33,38,169,227,0,10,130,2,0,0,64,204,165,0,115,0,0,40,102,74,159,197,127,131,138,161,158,56,255,255,77,134,237,160,141,38,123,44,255,0,202,205,255,198,102,74,201,90,255,124,0,179,157,225,78,75,224,135,77,135,50,75,48,0,255,229,204,0,231,19,13,44,255,52,255,130,0,0,0,255,226,255,236,0,255,255,255,255,255,119,0,127,0,3,45,24,0,0,20,255,152,255,255,255,148,0,0,0,219,243,255,241,150,255,255,59,0,221,0,0,255
158,34,102,31,255,74,102,33,81,166,242,0,17,135,0,0,0,93,207,141,12,162,0,36,61,141,26,175,203,137,104,109,54,192,0,206,183,187,107,255,156,146,16,83,98,255,34,220,149,255,78,132,187,37,39,213,41,0,173,84,255,167,66,193,246,133,102,5,0,81,0,255,157,162,0,255,59,0,144,255,24,255,136,0,0,0,242,218,255,247,0,255,255,174,255,255,56,0,73,46,0,70,88,0,0,87,255,255,255,239,202,255,0,0,0,191,108,255,186,0,255,215,124,93,188,120,68,255
152,25,111,76,252,39,95,67,71,168,214,12,48,190,116,25,48,62,220,31,49,198,40,44,19,254,188,255,157,182,175,197,173,43,118,186,208,74,39,87,178,137,83,102,37,201,34,56,186,228,230,20,131,59,160,160,200,33,149,248,177,38,0,255,188,0,211,69,97,110,100,87,235,98,59,53,58,61,98,255,1,255,181,0,5,33,255,185,199,203,0,146,255,255,255,255,116,0,177,89,204,143,0,0,0,0,255,141,255,220,247,193,0,0,26,233,255,255,0,218,168,149,243,25,191,150,99,255
170,45,148,60,255,51,100,60,88,177,228,0,42,159,109,35,76,99,211,125,39,200,73,9,28,185,176,214,151,92,127,43,173,75,34,134,108,105,130,172,192,203,30,73,0,243,11,70,113,253,217,63,213,140,101,147,155,17,200,188,255,255,0,231,48,193,208,44,164,0,146,241,155,168,0,255,0,35,200,251,161,94,40,4,27,0,186,87,241,133,0,187,255,255,177,255,90,0,91,187,0,252,0,62,0,128,253,240,255,155,201,154,29,0,0,168,159,255,118,0,206,115,178,0,105,255,0,255
177,53,176,69,255,72,104,66,43,200,184,9,18,169,91,81,41,159,179,152,34,200,81,48,69,234,51,157,176,108,191,154,208,178,31,255,62,88,144,202,82,180,0,117,104,255,36,111,101,255,101,60,120,214,146,210,107,0,185,243,177,173,59,219,133,138,168,170,149,56,89,202,217,173,0,108,37,33,255,193,88,131,55,55,0,47,188,255,188,155,0,129,255,162,222,227,28,0,189,255,44,133,0,255,0,194,116,160,255,190,76,255,153,0,134,103,255,223,31,97,255,79,46,0,70,143,0,255
170,50,152,67,255,93,106,74,52,191,220,0,0,195,73,27,0,142,168,188,20,177,50,3,71,131,70,165,197,149,136,88,191,203,40,244,133,87,200,164,136,173,7,204,45,255,26,150,76,255,189,59,204,222,163,184,106,0,170,255,255,109,129,171,136,170,156,140,104,107,102,221,226,255,0,112,28,12,255,255,0,180,68,95,0,0,255,255,255,95,0,255,255,209,168,251,37,0,218,109,21,148,0,255,0,170,71,255,255,87,255,93,14,0,0,127,252,255,118,202,255,151,11,0,172,146,0,255
161,31,114,54,255,58,78,43,61,149,239,0,0,139,48,0,0,90,132,177,0,118,0,0,98,149,14,60,234,142,94,133,112,148,68,255,255,88,121,154,229,143,24,125,10,255,158,121,104,255,133,88,131,153,222,213,98,0,133,122,215,118,53,208,157,211,37,0,61,21,36,208,112,161,0,209,80,0,162,255,27,255,79,21,8,0,255,205,255,225,0,255,230,168,175,255,0,0,182,116,5,37,0,59,0,174,245,255,183,255,186,191,0,89,0,81,216,206,98,198,230,207,25,117,17,159,4,255
173,43,141,74,255,53,76,65,30,148,211,0,19,173,126,0,0,115,106,159,91,183,63,21,40,192,166,180,234,204,139,68,114,153,61,254,211,51,116,82,111,198,27,126,26,222,66,48,99,177,255,150,217,155,242,88,241,32,68,158,46,86,106,255,185,138,161,51,65,95,89,130,255,151,0,35,116,53,161,205,40,255,7,44,0,0,255,205,170,122,0,255,255,255,221,243,111,31,225,70,8,145,0,48,0,131,131,255,222,206,117,197,9,192,0,104,255,255,62,227,168,228,175,151,166,202,0,255
151,27,98,48,255,80,61,67,46,140,255,0,0,225,159,0,0,24,160,148,110,74,0,0,80,155,145,188,210,123,152,204,99,86,17,255,255,95,10,0,187,219,38,215,71,255,145,0,209,213,255,0,33,103,255,150,169,51,175,131,85,0,0,255,255,57,255,6,0,81,0,255,206,116,0,0,104,47,140,255,0,255,0,0,0,0,255,182,91,149,0,255,152,255,255,255,255,0,236,31,0,0,0,0,0,239,255,255,157,255,255,158,0,0,0,124,255,255,43,255,188,194,174,219,116,162,0,255
156,32,117,46,255,116,125,101,72,183,228,32,0,255,78,42,0,62,190,136,125,200,77,0,0,223,79,244,179,135,255,81,127,149,0,255,161,160,224,30,184,255,14,197,203,255,200,0,231,201,221,37,31,96,255,128,106,0,238,148,190,25,157,255,243,0,255,23,58,212,0,255,173,238,0,0,0,145,95,255,0,255,0,0,0,0,255,207,98,103,0,255,160,255,255,255,245,0,225,40,0,158,0,0,0,12,255,163,255,255,255,0,0,0,0,72,255,255,58,255,5,230,255,150,194,0,0,255
157,37,141,37,255,115,122,65,45,203,181,42,0,255,123,83,0,152,168,151,59,145,55,21,15,181,43,255,177,89,190,142,206,214,0,255,150,110,148,145,125,200,0,189,145,255,120,127,255,223,219,102,98,220,255,255,211,33,227,213,207,73,154,255,233,105,255,66,118,94,3,255,209,178,0,3,60,102,75,255,24,255,114,0,0,0,255,217,125,255,0,255,239,255,230,255,130,0,233,17,0,0,0,117,0,175,222,255,248,255,255,179,63,0,0,199,255,255,0,255,150,191,160,113,215,18,0,255
152,37,96,22,255,77,91,11,13,211,229,0,0,120,13,33,0,116,199,185,0,163,0,0,138,57,0,202,172,24,101,197,76,241,109,255,255,122,255,252,190,15,0,93,29,255,58,255,254,253,255,199,115,255,5,255,255,0,175,255,128,255,79,215,217,67,221,83,159,29,0,255,255,165,47,255,0,0,0,255,0,255,127,0,0,0,255,255,255,255,0,255,218,255,255,213,49,0,42,0,0,0,100,0,0,0,107,206,255,255,229,0,0,0,0,255,177,255,224,49,181,255,0,255,255,0,0,255
158,38,114,63,255,66,67,60,49,172,233,0,0,161,10,0,0,88,156,202,0,131,6,0,87,83,35,110,219,154,128,129,152,214,42,255,215,97,212,182,160,159,32,183,74,255,74,228,128,230,159,31,95,255,191,220,136,0,141,180,248,98,36,132,147,245,157,70,114,51,14,227,230,255,0,226,123,38,200,255,0,255,155,0,0,0,255,203,255,152,0,255,220,202,234,255,105,0,177,0,32,61,110,64,0,151,199,255,255,196,236,17,0,0,0,222,255,255,182,153,255,255,0,156,251,0,50,255
154,30,90,55,255,64,63,51,41,172,255,0,0,140,27,0,0,80,166,249,0,72,0,0,137,13,6,52,215,96,77,138,85,209,80,255,255,126,212,243,201,64,24,78,27,255,164,156,210,255,197,66,17,185,110,255,136,0,128,121,133,97,10,172,143,198,112,28,111,68,0,255,164,221,30,255,50,0,6,255,46,255,94,0,26,0,255,243,255,255,0,255,136,193,255,222,79,0,170,0,59,0,141,0,0,138,255,255,255,255,218,0,0,0,0,255,255,255,255,158,202,255,0,255,106,9,0,255
153,33,109,69,255,44,76,66,45,158,239,0,17,125,85,16,0,90,171,93,0,136,0,0,49,124,116,206,171,121,97,135,177,89,143,255,253,19,159,221,215,81,64,139,0,255,44,84,212,233,255,30,100,244,86,205,232,57,214,255,174,139,0,255,101,119,255,7,198,19,40,255,255,255,2,255,27,13,107,255,25,164,163,0,0,0,255,147,255,239,5,255,215,255,255,255,215,0,151,0,85,46,2,0,0,40,255,59,255,255,255,0,0,0,0,255,255,255,202,158,94,255,35,255,255,0,0,255
155,44,132,86,255,83,97,72,90,180,216,0,23,228,126,41,0,135,205,91,11,255,6,8,85,216,15,191,198,151,231,159,56,110,118,221,60,121,216,137,171,130,24,183,94,255,132,121,185,255,181,71,98,185,190,217,219,0,200,255,174,44,64,198,175,58,228,140,171,118,159,255,255,255,7,130,124,0,191,255,51,192,118,0,0,0,255,250,255,81,0,255,208,253,255,99,116,0,168,45,29,38,0,106,0,139,170,217,255,183,255,0,0,0,0,255,255,255,55,255,141,255,12,255,150,229,45,255
169,49,154,97,255,66,84,87,84,191,230,0,23,200,171,34,0,123,141,167,32,222,41,0,92,155,91,192,222,176,147,97,76,139,160,255,53,47,247,139,118,155,49,144,33,255,110,122,62,196,190,71,212,255,117,188,227,54,192,255,219,63,6,224,70,207,170,64,221,113,176,239,255,218,13,107,159,30,208,210,57,160,53,79,0,0,184,170,255,95,0,134,244,255,153,137,14,20,174,147,0,107,15,220,0,230,107,226,255,218,255,0,77,0,0,255,255,255,99,224,255,210,0,111,128,255,0,255
188,59,210,105,255,25,70,65,80,143,200,16,62,161,124,97,132,180,87,59,32,228,74,79,52,206,195,179,255,136,165,149,157,92,126,229,32,0,214,95,95,244,36,58,37,205,30,96,57,184,203,52,183,165,33,45,51,76,185,255,196,105,0,195,132,255,213,173,255,143,118,77,230,252,0,53,22,23,174,131,86,167,82,178,23,40,250,194,112,104,34,39,255,253,164,255,64,135,118,76,170,255,124,202,0,255,119,230,228,255,204,255,174,255,255,255,255,218,143,68,175,72,0,153,81,170,0,255
170,41,145,48,255,60,116,65,59,177,194,0,0,144,46,17,7,75,177,71,20,183,55,0,21,232,117,241,248,132,61,60,255,65,40,227,239,129,84,144,204,164,61,189,0,255,0,163,67,255,101,59,231,154,61,217,73,55,221,122,255,185,69,255,86,15,178,1,66,51,0,120,70,232,0,166,0,54,200,255,11,146,75,107,0,3,255,252,255,57,0,233,255,204,49,255,60,116,201,125,23,229,0,92,0,88,161,183,255,240,57,230,0,117,0,130,207,168,26,72,236,54,255,0,98,0,0,255
157,33,120,39,255,69,112,107,91,204,238,0,0,209,132,20,0,57,152,50,67,244,65,0,55,255,184,255,180,63,128,121,128,131,86,234,184,69,128,98,202,238,0,120,0,255,99,2,79,195,209,0,242,184,232,96,154,38,242,200,255,237,0,255,143,0,255,0,28,120,0,255,117,115,0,73,68,9,204,248,0,151,75,93,0,0,249,133,226,131,0,255,255,255,251,255,173,0,187,50,0,160,0,0,0,0,153,152,255,217,255,61,0,0,0,0,184,255,39,255,221,178,135,0,91,99,0,255
160,42,125,35,255,89,143,104,76,189,244,0,0,185,120,18,0,98,150,110,32,212,132,0,15,216,87,255,255,150,103,75,164,140,58,255,200,97,120,160,241,191,0,212,0,255,59,39,180,225,159,0,255,228,183,117,187,68,247,125,255,255,0,255,93,0,255,0,69,11,0,255,211,220,0,201,17,0,245,255,0,177,0,19,0,0,255,211,226,77,0,255,255,255,179,255,253,0,255,0,0,120,0,0,0,37,74,180,255,255,255,0,0,0,0,75,228,255,169,255,147,255,143,0,133,0,0,255
158,38,108,54,255,73,119,115,66,178,255,0,0,184,18,0,0,37,150,98,12,185,85,0,52,227,101,255,255,144,79,61,178,137,136,239,221,83,131,156,255,211,0,255,0,255,77,0,106,222,137,0,219,237,196,156,114,18,209,151,255,255,0,255,120,0,255,0,46,71,0,255,116,255,0,249,0,0,255,255,0,109,0,32,0,0,255,233,255,12,0,255,239,174,175,255,255,0,255,0,0,231,0,40,0,7,129,150,255,216,255,0,0,0,0,27,183,255,255,255,146,255,81,0,87,0,0,255
159,36,136,66,255,99,124,113,73,176,241,34,0,255,129,80,0,139,122,134,41,192,54,0,76,201,37,134,205,93,167,132,128,178,129,255,119,37,255,164,178,181,4,173,7,255,234,5,102,215,159,0,184,230,249,177,81,68,255,255,207,93,152,210,156,92,255,0,180,164,61,255,170,255,0,32,0,46,121,240,0,222,0,37,20,0,237,227,189,130,0,255,201,226,197,255,108,0,238,35,116,112,0,157,0,133,117,243,255,255,255,0,13,0,0,145,255,255,0,255,45,174,12,170,93,50,0,255
155,36,137,60,255,74,136,137,94,164,230,0,0,174,62,27,0,74,141,10,0,208,36,0,88,239,83,201,255,187,96,30,255,88,104,234,132,114,63,219,255,158,96,255,0,255,91,0,0,242,0,0,240,236,118,247,0,0,194,255,255,213,0,200,205,0,255,29,167,162,0,232,99,255,0,0,0,5,255,255,0,47,93,33,0,0,255,255,255,13,0,225,255,115,77,255,174,54,145,57,64,167,0,188,0,255,1,255,255,77,255,0,0,0,0,255,255,255,45,255,57,103,77,0,255,8,0,255
160,24,113,88,255,53,109,106,80,211,255,0,9,99,111,0,0,0,113,139,0,81,44,0,68,169,155,144,255,171,0,67,255,55,226,255,255,35,101,173,255,142,81,239,0,255,75,29,93,172,194,0,229,119,182,255,120,68,152,42,255,255,0,255,64,47,51,0,114,108,0,234,11,194,89,239,69,10,157,225,85,0,86,130,0,0,255,240,255,228,0,232,206,140,106,255,0,76,159,127,0,174,48,49,0,180,255,142,255,158,255,7,0,0,0,82,24,53,198,255,243,0,5,0,0,255,0,255
168,20,139,118,217,44,111,107,96,193,183,39,116,77,160,38,74,90,166,153,19,184,77,3,70,194,135,97,255,189,31,140,188,153,211,158,143,73,131,68,243,185,118,255,53,112,12,97,61,132,212,113,166,123,173,146,110,153,68,207,229,151,17,255,82,183,151,105,154,180,99,149,191,152,139,128,133,135,154,114,236,56,197,92,28,72,183,194,243,119,214,104,201,248,66,151,27,182,173,80,174,88,0,93,16,190,129,180,57,247,155,167,143,185,131,24,105,125,0,216,95,61,101,57,156,255,113,255
166,5,147,107,194,36,109,162,120,177,202,49,151,71,177,48,102,123,183,195,59,234,67,76,112,136,109,187,255,108,64,103,153,157,121,130,197,65,56,0,221,233,103,188,102,99,20,82,96,181,197,93,144,194,98,59,154,141,116,255,182,201,0,220,116,184,202,107,104,80,31,167,242,129,36,198,170,227,155,62,123,81,194,42,0,155,115,221,113,98,198,33,103,207,106,203,168,198,23,123,75,0,81,89,87,188,168,195,64,233,225,99,53,149,236,58,181,185,17,181,75,43,133,111,255,51,255,255
