152,18,188,129,241,88,175,108,102,155,175,89,134,225,64,47,129,187,177,81,0,247,109,100,121,181,190,128,139,205,172,159,175,65,86,173,82,64,113,125,181,255,40,118,20,212,71,13,0,211,168,70,178,169,38,113,178,29,145,167,255,22,19,186,242,245,91,139,255,58,128,182,164,234,72,22,249,167,0,113,102,151,255,145,76,127,114,255,210,0,145,2,247,15,9,168,125,137,193,255,209,25,193,51,0,155,127,250,255,255,242,221,0,0,125,255,106,255,107,107,122,42,0,142,255,2,116,255
149,16,181,162,255,39,168,140,84,130,159,96,136,176,56,60,43,251,200,83,0,210,255,9,0,149,255,132,91,255,241,143,163,121,0,211,53,163,144,111,159,255,52,0,108,210,49,78,149,227,146,45,3,184,9,214,214,46,224,160,121,0,0,255,255,255,122,181,255,82,131,0,45,207,180,0,255,89,0,255,66,239,255,49,32,79,40,220,191,0,66,255,255,177,0,80,57,190,255,255,86,76,99,157,0,202,200,255,77,131,129,184,184,0,180,255,255,178,0,141,113,0,19,179,255,147,0,255
150,11,183,131,234,53,188,140,93,121,195,90,111,187,77,63,91,214,210,51,0,186,211,4,49,163,204,138,159,255,121,174,176,89,39,224,47,62,114,155,187,255,41,96,20,238,26,47,68,188,141,0,213,223,0,51,218,108,177,159,160,16,0,255,255,193,127,98,255,129,160,0,143,167,201,77,255,255,0,167,23,219,255,135,55,46,79,255,154,62,103,0,255,124,8,163,115,133,255,255,152,12,150,190,0,147,255,255,157,185,119,85,0,0,215,255,136,204,0,45,0,0,0,227,149,0,50,255
148,20,195,135,255,65,219,148,92,154,169,81,107,237,61,100,102,253,214,14,0,237,211,73,40,201,200,140,129,255,184,120,230,93,20,255,54,94,175,183,231,255,43,101,11,222,46,0,56,223,127,0,152,255,76,232,169,138,240,174,255,0,0,255,255,199,151,244,255,86,134,7,51,231,236,0,255,143,0,168,147,163,255,24,8,0,255,255,136,0,160,185,255,0,0,115,147,255,241,255,141,0,252,255,0,239,144,255,146,226,255,255,0,0,172,255,191,255,0,214,0,0,9,201,255,0,170,255
156,16,203,128,255,82,226,139,74,117,167,132,98,234,97,86,101,238,143,6,12,236,137,56,60,177,155,75,140,255,132,171,250,120,105,244,14,52,162,217,192,255,30,146,62,190,0,65,0,205,142,4,221,255,0,120,100,123,235,175,255,75,37,184,255,255,221,187,255,93,201,71,182,195,237,0,240,239,0,116,0,213,255,137,61,0,113,255,108,0,136,0,255,28,8,80,133,190,255,255,207,59,138,227,0,246,171,255,255,192,140,136,0,0,178,255,84,255,0,55,56,17,0,251,255,0,0,255
157,24,169,65,251,72,119,127,148,213,149,147,166,189,126,107,120,159,134,90,57,255,105,116,11,153,187,150,118,201,125,99,199,187,83,217,85,94,153,228,117,165,101,141,46,161,153,136,7,139,105,53,103,191,63,158,150,92,183,224,255,58,126,203,23,191,176,0,121,173,173,81,255,176,123,150,76,177,150,255,148,145,255,8,139,101,60,240,181,76,121,140,238,173,0,255,30,0,240,178,255,0,255,32,0,134,137,153,111,255,209,62,185,0,255,105,165,187,0,141,104,65,0,141,255,46,0,255
157,33,190,83,255,47,86,114,146,173,163,114,134,163,167,114,93,168,141,38,15,255,30,135,34,150,217,143,168,165,145,97,230,164,63,150,68,87,86,242,139,218,73,136,172,205,108,92,0,188,168,0,180,216,21,112,130,0,136,255,238,51,15,35,194,227,134,82,223,122,204,101,178,212,34,57,75,153,151,141,181,128,199,14,172,102,106,255,255,108,209,106,244,255,0,191,0,56,207,163,179,0,221,79,0,255,55,160,71,148,255,60,117,22,255,255,239,197,0,188,10,56,0,165,255,204,57,255
164,36,186,104,254,44,69,109,149,170,146,93,144,101,153,118,120,184,153,77,3,252,18,107,75,94,188,149,168,160,163,84,147,196,64,122,47,114,19,221,79,255,100,128,211,190,84,9,26,249,179,87,127,144,0,130,101,112,126,216,247,180,49,35,101,247,102,97,240,172,167,59,131,243,102,121,64,140,124,236,245,112,146,33,192,133,100,255,239,157,128,67,255,211,113,206,0,0,215,150,249,19,92,0,5,255,76,232,112,159,255,26,117,0,250,255,178,80,0,190,0,62,0,114,255,179,88,255
153,22,145,133,255,47,127,104,118,179,140,73,120,185,30,36,66,78,204,88,26,209,167,27,0,206,178,104,104,230,201,127,221,182,0,192,0,135,141,227,130,234,86,23,160,212,75,56,96,129,133,62,0,38,108,235,11,139,176,255,63,0,110,199,118,137,126,151,109,158,148,77,71,255,255,35,174,159,0,255,150,126,193,57,173,80,78,193,194,89,158,137,166,144,146,141,88,106,143,184,135,180,98,71,0,68,255,255,124,115,255,255,24,0,248,255,225,72,47,193,121,125,105,82,255,255,158,255
158,24,172,98,255,121,151,119,117,149,102,170,120,172,73,91,77,130,169,98,41,255,62,65,82,99,130,151,149,181,224,134,190,149,64,203,26,57,184,184,35,227,35,139,155,231,58,173,117,130,135,111,158,145,8,148,114,0,229,255,206,4,150,237,187,128,120,72,126,183,112,160,255,210,153,0,91,235,0,72,48,118,255,188,23,19,54,255,255,139,144,0,219,130,0,54,106,86,175,255,255,0,180,105,0,235,181,223,255,213,255,153,19,0,250,255,58,107,0,80,110,126,0,168,228,147,17,255
155,30,185,51,255,94,135,124,146,238,141,172,148,217,160,178,82,241,192,59,53,255,86,125,6,176,125,255,147,191,113,83,224,213,83,255,96,98,193,248,149,152,72,183,44,127,182,186,81,179,144,0,163,253,65,244,208,114,186,255,255,8,92,142,18,136,247,49,229,107,149,124,220,209,94,14,86,132,191,219,202,148,255,66,43,118,156,255,241,41,177,87,255,222,0,255,0,62,204,139,209,0,255,86,0,254,135,152,19,212,247,144,255,0,247,213,255,255,0,136,84,2,0,13,255,5,155,255
156,32,170,53,255,82,117,127,150,229,113,173,145,233,92,136,117,146,133,41,76,255,106,74,0,150,119,255,70,220,192,17,170,255,0,228,0,78,212,255,197,139,117,31,87,255,159,148,45,159,172,89,97,255,56,242,192,0,107,255,229,0,147,58,0,135,111,28,227,255,152,20,255,115,227,87,124,166,154,255,219,254,255,116,61,92,118,176,248,19,215,149,246,185,56,255,63,12,164,167,207,0,255,94,0,210,164,0,37,255,241,5,108,0,255,255,255,255,0,192,43,193,0,69,255,0,185,255
153,29,177,53,255,72,109,122,133,196,148,152,91,211,209,142,5,192,143,1,29,244,86,75,0,225,190,236,151,129,177,115,253,191,0,226,123,139,45,239,121,183,102,95,141,203,115,130,86,202,91,6,128,255,9,154,71,15,172,255,210,0,23,131,118,115,211,145,255,147,128,152,200,156,86,0,127,109,62,156,89,246,255,27,41,74,223,255,185,255,75,135,255,255,2,255,0,30,255,191,145,0,181,43,0,255,129,255,120,127,255,111,86,0,167,182,239,255,0,145,136,90,0,187,255,17,68,255
150,8,196,151,248,83,159,119,55,168,149,143,107,130,111,74,66,255,141,44,0,229,88,0,55,134,186,111,154,246,155,245,190,53,60,138,44,38,91,134,126,213,0,200,240,161,72,186,48,212,213,69,209,171,2,83,200,69,238,124,159,73,79,201,255,193,0,86,255,92,238,27,233,220,113,111,138,215,80,246,0,255,248,255,104,198,28,255,106,182,50,116,255,255,5,149,0,114,164,250,96,113,146,0,0,255,213,253,255,255,104,207,116,0,172,255,202,255,0,117,249,37,69,83,228,0,0,255
154,16,194,121,253,76,183,129,56,152,146,136,119,170,115,119,83,251,128,13,0,234,153,27,34,156,176,58,143,241,175,212,247,44,106,193,34,41,138,190,134,169,2,194,118,131,10,144,14,192,114,36,177,225,86,156,153,87,255,114,160,0,62,198,221,205,0,83,190,0,124,33,168,199,177,49,103,183,0,255,0,255,255,210,64,167,123,255,121,56,108,83,255,165,0,199,15,78,238,255,207,71,255,0,0,182,124,255,255,255,155,255,167,0,85,255,108,229,0,97,105,27,79,191,255,0,0,255
156,36,161,53,255,61,139,123,146,200,125,118,141,243,120,129,165,155,123,43,0,255,164,107,37,219,183,237,58,186,205,27,181,153,80,134,60,76,156,210,172,146,76,82,0,200,136,93,29,184,140,70,145,195,111,255,173,0,125,255,163,0,116,103,38,118,126,118,255,0,148,29,255,68,184,0,78,130,167,255,54,255,255,148,132,8,153,218,160,0,43,171,255,255,39,147,0,5,81,133,216,0,116,86,0,255,58,182,58,250,236,5,0,0,163,156,255,236,0,200,145,109,0,186,255,70,138,255
154,26,148,80,237,16,123,106,135,181,151,100,153,200,130,113,156,107,159,33,8,255,192,85,7,218,213,166,94,190,188,70,147,133,143,172,46,24,201,230,106,117,107,118,12,157,124,121,13,227,108,0,67,164,91,182,169,22,108,177,96,0,90,167,23,124,69,48,207,63,169,23,255,97,235,186,40,212,132,255,71,255,245,22,236,183,203,222,158,0,87,191,255,240,51,175,96,0,220,112,255,50,98,0,0,139,189,3,93,255,55,60,4,61,255,208,255,117,0,112,0,60,0,213,255,132,114,255
154,15,200,132,255,84,173,137,71,116,148,127,118,143,85,66,136,232,133,10,0,243,94,17,126,136,163,93,143,255,153,222,194,56,132,163,12,14,110,184,187,233,0,186,142,186,41,103,5,241,135,0,224,225,0,140,136,6,255,179,189,0,38,175,255,221,113,106,220,83,190,0,255,169,102,0,210,176,95,148,0,182,233,255,111,63,23,255,182,123,111,0,255,107,72,116,0,185,155,242,114,26,113,59,0,230,146,226,250,184,174,212,0,0,238,255,174,255,0,171,158,76,0,159,255,0,0,255
149,12,170,146,255,38,173,151,105,176,162,94,133,179,84,78,99,210,168,79,0,249,168,113,122,142,223,73,79,222,192,184,125,104,34,225,45,52,246,184,129,165,0,48,87,121,43,106,97,255,119,0,72,73,0,128,234,136,253,154,151,11,9,250,255,255,112,193,255,13,200,0,240,248,77,86,189,179,209,197,91,217,255,142,164,8,132,255,74,17,77,255,255,61,111,181,0,255,255,170,80,0,64,177,0,139,215,255,255,170,24,255,52,0,255,255,255,255,0,109,204,0,114,62,255,120,0,255
153,17,176,145,242,43,140,101,76,114,147,129,128,117,96,48,127,180,175,41,0,229,114,0,122,161,215,160,149,230,177,223,196,44,39,179,93,35,99,134,132,231,62,118,100,202,61,35,22,236,136,55,132,209,0,104,136,86,206,240,147,14,4,189,255,255,57,121,255,51,108,0,180,243,94,0,255,145,175,249,0,226,124,197,125,134,39,255,255,104,73,20,188,114,87,139,26,84,255,255,255,95,135,0,0,128,87,195,122,56,255,163,81,0,220,255,209,195,0,96,0,2,50,171,255,0,0,255
151,15,201,140,255,69,203,150,93,132,136,122,111,184,67,82,100,237,136,0,0,238,174,32,71,221,199,101,172,255,199,160,210,51,108,225,11,29,166,199,203,255,0,143,68,243,96,37,0,181,80,48,163,255,45,187,159,128,252,132,189,0,0,226,223,232,117,120,255,66,166,0,133,222,179,0,255,217,0,197,0,187,255,175,39,83,134,255,188,0,152,66,255,33,0,183,76,193,173,255,157,0,255,186,0,141,115,255,245,250,197,255,9,0,177,255,144,255,0,173,85,124,39,255,255,0,112,255
146,18,191,153,255,50,195,130,90,161,171,101,122,232,56,56,86,238,183,29,0,255,181,74,43,182,227,110,116,255,198,163,222,96,12,243,35,113,149,168,219,255,0,69,53,212,62,32,0,202,159,37,135,232,63,109,204,140,185,148,245,7,0,255,255,255,137,255,255,60,153,72,106,204,191,24,255,152,0,138,105,206,255,95,49,20,151,255,130,0,139,144,255,0,0,117,54,211,184,255,138,72,255,252,0,255,61,255,255,255,239,255,126,0,244,255,255,255,0,102,50,127,21,171,255,0,0,255
156,15,210,160,255,45,166,145,96,65,184,127,126,189,29,29,75,255,124,0,6,175,106,20,84,189,243,77,186,255,188,180,118,110,120,204,8,33,145,199,150,255,4,94,106,255,21,83,0,81,120,150,250,255,1,102,139,41,214,197,199,0,0,80,255,233,52,121,255,138,136,0,178,212,52,0,255,250,0,22,0,98,224,160,102,106,80,255,199,7,255,0,255,172,48,51,161,78,208,255,31,0,224,255,0,196,149,255,255,218,97,172,0,0,218,255,156,255,0,53,0,133,0,255,255,18,135,255
154,16,189,148,255,39,162,144,92,75,154,117,118,165,74,52,16,229,130,0,0,154,218,16,15,218,236,38,209,255,220,196,172,100,56,168,24,123,136,231,204,255,0,93,72,242,26,129,132,135,83,68,90,240,5,124,120,69,252,117,52,0,0,255,255,147,64,216,232,122,3,0,60,241,167,0,255,255,2,228,0,95,195,169,121,30,109,255,229,59,230,170,224,200,45,150,153,45,255,221,58,157,255,255,0,250,205,255,248,75,0,255,191,0,239,255,125,200,0,0,74,95,0,231,255,124,60,255
152,16,196,120,255,87,190,135,65,154,168,124,109,161,133,94,120,219,149,26,0,224,162,20,111,147,153,124,154,226,130,195,197,81,70,140,17,38,125,171,145,218,0,177,73,145,14,80,50,255,143,0,250,234,0,140,147,23,244,166,240,46,115,181,255,196,99,126,255,92,181,64,254,217,168,0,121,130,30,255,0,202,255,194,101,73,61,255,173,112,73,78,255,74,0,190,21,166,240,255,237,65,157,97,0,232,128,251,159,197,199,170,2,0,226,255,87,255,0,157,119,0,0,129,255,54,0,255
153,15,198,121,235,75,197,125,78,116,177,123,95,172,118,74,123,215,181,27,0,207,173,10,79,173,169,145,162,255,117,197,205,84,67,180,28,60,96,149,188,247,38,171,67,228,26,73,59,255,150,0,254,233,0,83,182,47,162,163,226,80,31,190,255,180,156,155,255,110,181,13,180,203,167,0,195,211,0,216,30,153,255,158,88,11,75,255,212,45,98,0,255,83,25,152,96,152,232,255,242,133,150,169,0,241,157,232,150,100,219,94,0,0,255,255,98,254,0,143,16,0,0,199,205,0,0,255
147,12,169,122,255,87,171,112,90,168,193,87,120,209,71,57,70,166,139,108,10,221,105,123,144,145,192,58,125,145,179,178,190,116,75,164,70,60,82,169,129,242,4,119,85,136,31,77,50,214,116,5,142,132,69,84,78,0,197,199,244,0,65,201,207,176,113,128,255,67,160,107,139,219,81,18,255,190,0,117,118,109,255,98,124,123,112,255,138,35,26,145,229,131,0,219,143,156,255,250,210,31,255,58,0,185,158,255,255,209,255,207,0,0,197,227,147,255,122,113,156,8,18,31,255,28,124,255
150,15,185,131,252,72,181,114,75,138,184,105,125,174,102,38,126,176,165,49,0,255,130,70,152,132,189,115,102,205,145,194,214,52,95,154,56,62,84,149,178,228,49,130,101,171,7,57,0,255,173,1,196,191,0,131,173,30,204,184,255,17,27,170,255,243,145,163,255,43,133,88,212,203,134,0,222,116,4,214,75,103,255,163,137,27,104,255,199,0,109,27,232,23,98,185,32,188,237,255,175,81,177,99,0,191,101,255,201,160,249,238,0,0,255,255,162,255,0,180,107,0,0,102,255,16,2,255
145,14,184,126,255,57,193,127,68,157,189,108,111,182,133,84,128,205,157,0,0,236,165,29,121,178,186,132,123,230,123,206,210,41,50,201,34,29,83,188,172,211,72,117,0,188,0,26,0,255,136,0,213,249,0,106,160,75,225,164,222,42,54,184,255,202,105,150,255,68,163,11,151,233,211,0,229,118,44,255,33,188,255,123,120,33,127,255,150,0,89,69,255,49,1,222,40,181,255,255,194,129,227,178,0,255,37,255,94,190,255,227,37,0,255,255,216,255,0,223,58,0,2,135,255,34,4,255
153,20,191,138,250,75,160,124,93,154,166,127,112,168,116,44,119,173,168,20,0,249,135,36,67,123,201,142,146,242,159,218,251,73,80,135,42,67,155,144,163,160,0,184,159,143,73,90,0,175,181,11,255,164,18,118,137,43,255,223,176,30,14,241,255,200,66,171,221,122,140,84,176,235,90,36,140,155,99,255,59,111,230,255,175,77,86,255,160,97,178,100,255,79,86,138,39,129,105,243,238,72,246,104,0,241,160,249,250,232,193,253,75,17,255,255,230,195,0,46,87,26,2,208,255,107,14,255
156,26,175,120,255,86,105,126,96,221,167,94,120,144,162,108,86,156,99,116,0,239,93,92,75,92,190,101,178,104,155,105,186,104,102,111,78,122,142,160,128,132,79,219,191,103,80,141,72,151,215,41,121,140,17,137,101,53,165,255,202,119,55,155,176,192,225,109,194,73,254,187,187,225,174,124,56,167,0,205,36,34,192,175,131,93,100,241,190,143,135,111,239,152,146,192,32,47,174,32,209,28,229,97,0,255,148,235,198,14,255,33,96,72,183,255,104,150,0,137,77,108,0,48,140,2,44,255
153,17,182,111,244,90,109,108,71,223,158,98,117,98,182,126,102,137,117,91,0,245,78,80,52,133,166,109,191,153,111,104,233,126,118,140,113,100,112,188,136,160,47,244,122,102,0,123,55,169,174,24,144,113,64,90,152,57,201,252,217,146,54,181,209,112,179,134,255,130,161,133,202,255,159,111,89,202,18,209,133,63,165,245,174,172,135,255,215,132,117,29,255,211,46,213,133,33,153,63,193,37,255,135,70,253,199,199,189,82,132,118,92,99,182,141,103,118,0,238,123,45,57,146,246,77,38,255
158,18,208,110,249,117,159,106,79,255,132,133,97,94,238,115,119,163,146,105,0,255,91,105,30,138,101,149,194,237,142,76,222,163,60,143,86,200,230,108,128,156,72,255,165,70,6,175,158,184,198,60,159,78,25,131,151,40,223,255,255,139,179,204,242,72,193,242,255,99,104,161,255,231,113,0,30,156,40,255,82,0,208,255,165,198,97,255,236,142,215,44,214,137,141,255,81,89,197,36,140,95,255,192,146,81,69,179,226,75,86,116,71,126,191,255,6,39,0,107,205,0,52,149,173,0,0,255
160,31,186,93,250,42,99,117,123,176,188,111,120,149,182,125,23,153,139,65,0,210,27,92,41,116,234,96,220,161,110,77,223,194,95,111,30,133,107,231,76,200,84,138,164,159,50,9,61,221,188,0,186,248,0,92,81,104,202,232,231,125,0,135,178,199,122,105,222,130,186,100,131,241,118,116,59,183,73,250,227,68,218,32,224,120,111,255,228,205,129,149,255,255,7,255,0,1,255,225,249,72,227,34,0,255,118,209,93,221,236,45,149,12,255,255,130,108,0,117,0,0,0,155,208,255,0,255
155,17,188,123,253,86,186,115,107,113,174,111,139,205,93,4,117,160,176,79,23,238,115,105,137,141,185,85,99,225,189,195,197,99,96,164,78,106,157,140,145,183,30,133,134,153,30,112,0,191,163,62,197,130,0,120,110,0,226,206,208,0,9,183,255,243,180,203,205,51,99,99,251,175,68,0,241,174,3,187,30,92,244,198,145,83,44,255,255,19,133,0,250,84,117,64,62,81,224,255,237,61,255,107,0,203,158,255,255,113,178,255,0,0,246,255,114,246,41,44,85,160,0,152,239,98,53,255
157,20,164,127,230,37,159,80,84,137,177,99,147,123,140,24,135,89,195,76,0,243,162,43,99,108,173,129,148,181,145,143,189,11,135,146,141,63,88,121,87,122,126,176,177,133,34,115,65,222,192,36,167,122,46,71,116,79,117,163,134,39,46,245,243,159,109,161,210,0,5,79,196,171,79,82,172,180,88,254,160,88,141,236,200,149,117,255,229,71,76,0,207,183,150,170,154,56,101,255,255,54,242,29,51,155,56,197,249,90,255,255,48,132,255,234,102,90,0,145,81,71,138,90,255,132,67,255
150,20,164,128,255,75,166,107,48,220,156,108,74,138,135,66,77,103,160,54,0,206,80,52,89,102,184,150,136,160,143,155,255,56,142,232,133,65,138,145,110,57,45,196,146,140,23,141,19,191,222,13,171,228,114,205,133,116,238,255,165,137,129,228,124,30,98,228,255,88,171,177,174,233,246,48,105,176,49,253,132,0,255,253,113,19,198,255,188,167,143,100,255,167,144,206,33,154,170,244,201,7,194,99,0,147,48,255,163,217,244,190,0,32,255,255,255,255,0,185,117,58,201,44,255,26,45,255
152,15,189,155,255,25,130,178,75,114,161,100,130,120,36,87,49,255,116,5,0,148,180,0,47,180,255,69,206,255,172,100,126,95,63,165,0,116,111,255,182,186,0,13,166,255,7,95,60,148,103,46,78,248,50,164,192,91,255,59,0,0,0,210,255,77,0,98,184,103,126,0,105,205,158,0,255,242,27,246,8,115,249,252,81,121,139,255,194,182,151,204,239,255,55,190,16,87,218,149,0,0,255,255,0,216,251,255,169,255,54,255,61,0,178,255,238,255,0,234,115,86,216,239,255,127,0,255
150,12,191,121,255,79,176,153,64,161,187,128,120,173,131,90,98,214,116,0,0,205,127,30,87,131,170,74,132,239,122,210,227,29,112,154,36,53,94,195,132,169,0,197,86,168,0,130,14,183,131,0,229,233,26,109,102,0,255,125,174,35,95,160,255,116,78,70,218,80,146,44,243,182,154,0,130,204,29,249,0,173,255,223,139,107,93,255,93,90,158,7,255,145,0,178,36,123,167,255,175,76,255,72,0,255,111,255,255,255,159,179,54,0,251,255,115,255,0,139,191,0,25,127,255,8,0,255
153,16,194,137,255,63,189,148,83,147,151,106,127,161,87,94,79,221,131,24,0,213,189,53,76,182,219,68,181,229,229,175,205,74,96,193,10,84,176,182,134,159,0,128,115,137,32,95,52,154,57,26,198,209,47,179,145,46,255,110,146,0,26,255,253,167,8,186,197,24,59,17,130,198,152,73,156,195,0,255,41,87,255,133,68,174,173,255,132,50,179,248,255,169,0,200,141,98,234,255,183,14,255,150,0,211,94,255,255,255,23,255,121,0,152,255,152,255,0,39,148,62,80,124,255,41,27,255
147,14,182,146,255,43,174,145,112,135,141,99,119,163,73,39,88,189,105,0,0,194,229,30,61,253,192,45,232,255,217,191,213,61,103,167,34,97,155,209,255,230,0,108,0,222,122,85,34,151,45,24,102,228,44,180,171,36,254,36,105,0,22,255,255,135,88,246,246,128,0,0,94,255,227,0,255,223,67,255,110,7,242,154,55,0,91,255,255,1,255,255,68,49,48,177,114,84,113,159,52,198,255,255,0,255,82,255,254,167,104,255,221,0,255,255,133,255,0,104,146,127,0,101,255,126,103,255
156,20,172,103,250,78,134,129,144,142,106,116,119,193,89,85,60,141,127,77,58,205,88,42,34,150,195,162,120,202,211,134,198,107,78,210,62,76,166,160,98,207,46,101,99,253,131,118,58,75,139,124,108,135,79,93,135,35,189,252,157,0,16,191,166,192,191,46,139,106,109,98,153,198,150,60,219,255,34,119,48,140,230,104,91,75,36,255,166,11,202,74,217,192,0,145,143,54,130,242,227,0,222,23,8,250,133,158,255,161,255,138,125,0,208,255,110,83,0,167,63,191,0,255,255,54,0,255
151,21,166,118,244,75,100,90,119,198,149,38,108,175,126,94,59,99,148,96,25,197,57,126,67,129,201,109,117,173,184,113,218,78,112,154,75,99,90,161,78,242,94,195,91,213,183,40,53,128,198,53,71,86,119,48,65,39,149,245,179,1,77,154,207,126,121,146,234,113,137,179,121,255,160,104,145,207,0,103,95,65,255,89,141,120,103,214,250,41,177,95,197,137,10,255,140,167,180,94,201,13,246,65,9,148,55,255,208,123,255,231,196,0,221,232,208,211,102,204,70,200,129,46,255,202,130,255
145,13,162,207,255,75,92,173,147,248,157,80,69,209,148,49,106,16,161,135,0,243,90,118,135,136,170,175,132,40,70,250,78,136,75,114,237,8,164,175,222,162,3,106,27,111,44,183,69,255,232,0,194,205,100,134,225,0,187,255,255,53,91,193,255,52,165,129,255,115,236,157,188,121,235,94,209,152,7,255,0,188,228,68,130,124,237,255,255,187,133,107,226,110,211,243,107,0,34,170,223,133,78,0,0,255,251,149,213,138,239,201,71,63,229,166,255,255,0,244,234,70,0,68,181,10,146,255
151,22,159,156,255,54,128,143,109,211,207,97,127,186,165,48,96,104,148,75,0,240,179,70,84,151,157,97,155,208,130,220,117,45,77,145,113,116,125,160,152,194,92,99,163,111,0,129,73,179,199,0,135,135,60,21,152,0,182,188,215,0,85,176,255,201,255,149,255,75,227,102,255,147,162,36,212,115,108,205,0,153,218,166,148,26,87,239,228,68,172,62,255,182,104,194,0,120,173,122,129,64,107,172,0,236,145,255,231,110,207,53,32,82,255,197,66,228,0,222,255,80,54,152,255,148,0,255
148,21,170,177,255,85,135,162,100,221,160,57,68,176,149,66,88,122,139,144,0,206,156,68,134,142,208,193,127,108,122,173,75,124,24,145,141,70,239,120,142,174,9,66,106,90,68,177,123,248,255,0,197,217,23,251,228,0,168,206,255,108,100,130,255,161,193,106,255,28,255,98,173,130,226,99,172,109,0,255,0,217,255,127,72,193,186,255,255,209,49,210,255,91,146,136,0,47,212,112,242,15,198,5,0,202,133,197,255,105,193,176,46,0,199,255,255,255,0,255,255,0,102,0,168,63,246,255
147,15,159,137,255,54,147,136,68,221,135,94,116,139,152,101,61,148,106,62,0,238,127,44,84,170,174,102,138,141,199,186,140,12,88,210,45,27,122,163,63,105,0,178,176,71,135,175,93,181,127,0,134,100,95,198,254,65,204,186,86,30,132,200,157,113,174,54,193,34,255,35,228,68,209,76,101,144,0,197,0,223,187,255,185,169,159,255,255,195,79,68,255,255,49,189,0,145,239,103,218,58,255,25,0,171,95,233,255,120,171,161,0,41,233,234,172,255,0,200,255,119,135,67,163,0,0,255
151,24,160,201,255,61,92,210,162,239,185,50,41,254,200,57,72,0,137,97,20,255,152,113,99,129,166,171,173,128,139,228,35,21,96,101,142,101,255,221,102,197,68,210,118,117,68,209,187,226,194,0,114,163,159,137,177,0,144,186,255,8,80,199,173,154,202,49,216,0,239,199,243,29,255,164,231,85,0,255,0,238,239,113,8,77,175,234,255,177,107,93,255,67,129,255,32,18,255,192,133,144,255,68,0,255,215,255,255,0,246,199,131,15,180,254,117,255,0,214,250,89,106,28,155,121,120,255
156,22,170,239,255,56,81,232,174,251,159,77,31,211,174,63,29,0,156,146,34,255,155,78,108,174,139,177,181,126,140,255,0,4,94,136,194,90,255,221,108,177,64,231,120,159,23,219,244,255,158,28,127,201,129,178,171,0,123,200,255,0,80,218,193,163,202,0,255,0,236,223,250,56,241,116,123,44,0,255,0,205,162,121,36,116,217,238,255,165,112,60,255,48,172,255,0,79,206,196,76,200,117,7,0,255,248,156,232,88,209,217,104,0,117,255,189,187,0,207,112,118,132,128,115,0,204,255
146,19,167,158,255,54,72,136,65,212,126,102,104,116,104,90,146,148,116,35,0,253,51,18,85,103,136,99,167,103,175,178,192,0,211,188,85,0,91,121,83,133,0,221,253,171,25,174,7,167,151,0,166,146,113,169,215,103,146,203,185,24,71,131,96,148,1,123,172,0,255,103,255,159,171,110,109,121,75,159,55,200,115,255,165,145,222,255,171,255,170,126,255,67,97,241,0,63,45,0,97,0,67,0,0,255,255,214,255,159,255,215,0,150,192,167,236,255,0,255,253,255,143,120,255,0,0,255
157,24,163,140,255,81,125,93,80,219,159,118,137,96,131,93,135,72,132,135,0,255,135,52,120,149,158,197,160,160,152,156,172,60,151,193,139,104,205,112,98,95,35,166,101,61,144,199,73,142,189,96,153,125,38,178,131,13,209,207,126,57,160,219,255,115,195,182,244,165,148,157,255,201,147,50,95,181,91,193,30,28,162,170,73,145,33,238,255,159,244,107,241,148,242,28,0,109,112,173,255,0,164,89,0,49,0,178,195,108,210,88,0,120,255,255,255,215,0,195,103,66,104,91,255,0,0,255
153,28,177,98,255,82,189,120,96,224,145,146,102,202,198,158,33,171,152,38,0,252,165,103,80,154,132,142,136,140,183,113,221,116,83,158,70,102,205,210,52,121,111,174,117,33,26,111,107,210,201,0,153,198,15,162,116,138,255,247,255,89,155,255,250,122,242,216,255,4,168,115,175,255,190,23,29,216,6,255,29,2,255,169,231,46,204,255,177,148,84,85,255,152,56,224,0,161,252,206,255,69,255,231,0,228,91,255,176,91,255,173,57,46,255,221,27,148,0,64,180,0,33,133,255,182,59,255
152,27,165,148,255,47,139,109,89,188,146,115,134,134,96,64,147,132,148,54,0,255,111,84,104,120,179,166,144,174,229,146,166,62,106,208,94,54,200,139,124,86,22,167,105,135,70,139,51,190,157,58,143,137,93,151,174,61,182,232,123,0,96,255,230,161,101,217,231,80,117,98,233,188,144,41,173,139,45,200,147,57,139,254,123,93,113,255,255,140,250,185,197,126,154,121,4,97,126,155,246,0,178,120,0,149,0,255,226,136,255,255,111,95,255,255,255,249,0,140,76,155,109,10,255,45,0,255
153,28,159,121,255,51,84,117,111,182,137,98,101,158,139,82,115,151,91,51,0,238,71,79,72,136,231,131,166,138,199,113,158,62,149,141,144,122,37,136,99,166,28,131,200,120,144,190,30,126,207,60,159,161,79,143,204,71,130,206,142,47,0,209,219,142,52,169,169,17,251,42,255,157,171,91,89,160,21,223,57,127,255,113,135,55,255,255,222,160,118,205,181,196,47,144,0,61,205,142,255,44,190,105,0,255,249,228,234,103,255,174,96,160,250,255,157,83,0,171,29,232,0,154,255,126,163,255
152,30,164,60,255,69,141,124,122,191,150,153,108,236,219,147,28,184,106,0,0,255,130,106,70,215,180,164,112,107,239,140,231,148,62,167,149,111,92,195,131,101,96,119,98,104,27,136,57,225,160,0,117,249,0,175,84,76,246,255,183,0,80,242,121,63,228,231,239,0,108,86,255,181,115,8,94,208,41,255,0,208,236,3,157,53,255,255,138,170,41,198,255,255,99,240,0,0,255,155,255,60,236,43,0,224,128,139,199,180,255,154,22,0,185,172,224,255,0,44,199,91,0,186,255,68,111,255
150,27,151,106,255,59,124,104,104,233,175,100,117,210,165,88,97,114,150,41,34,255,130,142,98,115,212,218,15,145,209,160,137,78,125,169,146,79,184,137,153,50,60,224,58,101,211,193,81,124,255,17,96,100,85,223,188,105,206,210,139,12,86,255,183,112,207,169,115,6,154,136,198,81,214,61,115,255,0,240,45,143,200,119,124,96,183,89,130,0,190,172,245,194,188,11,49,0,165,204,255,0,229,128,0,121,72,149,161,45,255,158,0,163,255,235,255,250,0,142,86,159,87,151,255,50,106,255
150,24,138,110,255,49,81,96,85,200,123,134,94,122,154,83,110,100,136,53,11,255,55,44,51,146,181,183,40,176,202,123,182,109,52,224,111,90,33,148,68,142,48,105,118,196,174,227,100,135,237,66,88,104,128,231,94,90,168,239,71,55,112,216,178,40,112,181,170,75,243,0,255,45,255,97,117,215,4,214,29,225,255,61,50,53,228,131,241,212,156,68,255,218,146,43,30,0,180,131,255,55,156,13,0,136,255,77,177,62,255,127,0,98,255,255,255,176,0,212,76,163,88,109,255,59,55,255
147,18,150,140,255,52,51,131,95,224,124,108,93,89,187,102,127,134,117,1,20,255,0,33,104,103,255,130,164,141,171,102,125,49,149,213,125,137,0,151,102,168,0,255,211,166,225,248,64,102,252,0,24,55,94,132,88,143,165,124,51,172,11,255,195,23,141,171,84,49,255,128,225,114,243,106,0,191,0,147,2,255,255,174,51,85,255,180,227,171,164,86,255,153,97,0,43,3,119,77,222,45,133,30,0,255,255,167,255,0,255,159,0,183,255,255,255,205,0,255,63,203,65,164,255,97,250,255
163,33,198,105,255,51,99,136,139,196,141,119,119,108,176,140,74,190,137,39,13,182,54,112,36,164,208,108,220,196,125,86,194,179,114,167,108,135,102,255,101,255,32,204,161,188,124,14,118,235,180,34,148,178,0,109,149,89,196,159,189,163,21,203,109,182,187,166,202,109,235,109,220,255,20,100,0,207,10,188,255,102,255,33,212,111,255,255,255,179,229,139,255,255,0,255,29,46,204,135,204,69,125,128,0,126,187,255,220,255,153,87,86,0,255,255,130,100,0,201,0,59,29,215,255,175,0,255
149,16,176,132,251,81,138,112,60,235,167,117,100,134,152,109,103,158,129,103,0,255,90,93,80,113,162,137,186,167,162,132,217,64,92,151,78,96,80,150,109,139,26,255,188,97,67,147,75,201,125,3,134,109,115,114,161,94,185,214,174,104,65,255,191,92,131,71,255,111,255,152,159,226,175,160,157,150,28,182,78,114,255,255,111,194,83,255,149,148,73,110,255,212,11,232,53,110,99,169,205,15,229,8,0,222,83,255,242,158,209,72,110,89,197,255,153,181,0,149,196,59,110,59,216,0,0,255
149,15,173,137,255,88,155,108,81,242,166,101,131,95,138,63,124,104,112,129,0,255,99,140,155,107,150,91,141,168,166,162,151,67,106,142,98,91,15,159,145,188,0,214,182,74,73,145,0,201,155,62,192,104,100,102,176,34,121,108,181,121,91,173,255,101,83,148,255,73,205,200,238,255,69,157,146,167,0,211,14,142,255,180,94,255,107,255,255,53,132,126,246,86,42,141,51,176,105,232,249,0,255,0,8,130,0,207,255,140,228,101,54,166,255,255,137,255,0,137,215,123,15,30,255,0,0,255
148,13,172,123,238,70,193,94,87,206,202,70,123,153,188,36,167,129,146,131,6,250,128,137,147,121,133,117,150,186,130,117,182,46,88,185,143,78,37,122,105,123,24,138,99,112,23,143,0,226,170,52,193,119,102,54,141,16,152,126,175,100,29,194,207,134,165,182,255,47,166,103,226,207,109,213,230,203,28,234,143,80,255,175,125,195,76,255,163,61,88,114,234,192,47,229,177,73,164,255,175,0,255,89,31,111,11,255,255,220,217,168,0,132,226,178,154,243,0,156,139,0,34,67,255,0,95,255
151,12,194,147,255,89,199,102,74,180,166,93,137,131,120,7,125,195,127,119,4,244,153,90,103,138,152,95,118,199,164,171,166,83,73,104,89,49,99,58,148,175,0,152,194,75,4,172,0,211,228,113,205,176,0,110,142,50,153,161,215,34,60,163,255,230,214,158,255,115,217,95,204,219,95,111,132,142,0,255,39,176,255,252,86,185,0,255,167,62,104,167,204,189,36,180,0,137,130,255,196,0,195,23,0,182,69,227,255,254,240,196,19,66,187,255,145,235,50,125,222,29,42,61,253,0,97,255
149,15,184,130,255,109,209,91,86,165,126,106,156,165,99,23,142,208,151,131,0,255,102,111,179,136,166,98,130,108,205,155,188,68,80,137,129,43,62,106,161,197,0,95,101,91,22,143,0,240,149,108,197,183,0,128,218,17,167,157,255,23,100,233,179,227,134,203,255,47,200,169,204,228,111,69,222,133,0,238,130,219,255,246,0,192,79,255,228,1,83,154,210,149,0,201,67,52,179,255,211,0,253,67,0,255,17,255,255,255,255,255,0,14,78,255,139,255,82,111,194,180,0,115,255,0,44,255
148,16,172,127,255,83,148,119,66,161,123,107,164,101,69,46,169,174,126,71,0,255,129,38,140,109,188,128,139,154,193,195,231,7,127,165,103,1,104,115,190,123,25,179,107,100,0,126,3,222,77,84,173,191,12,153,179,8,222,255,142,0,41,219,157,255,67,138,198,162,77,0,242,199,87,0,228,147,212,238,56,145,155,255,61,156,43,255,176,114,119,169,209,119,91,253,0,131,68,158,95,0,199,32,0,236,12,255,220,244,255,255,164,0,250,255,255,255,0,255,150,27,90,117,255,0,0,255
142,5,176,119,241,82,145,100,24,179,138,120,118,134,114,79,158,191,112,74,0,255,79,45,100,55,181,126,128,112,189,207,255,0,142,201,137,0,22,53,139,81,0,179,210,88,0,214,0,243,163,85,192,163,75,115,241,41,184,151,186,31,47,141,144,153,0,152,196,88,126,5,215,147,137,132,67,255,56,255,19,255,255,255,0,234,164,255,1,155,95,142,213,198,47,255,0,0,163,221,170,30,255,0,130,255,163,255,255,255,179,255,166,111,182,0,255,255,0,255,164,0,138,82,255,0,0,255
152,13,211,111,255,122,219,124,42,176,146,153,70,193,187,98,129,234,124,48,0,232,85,75,151,157,156,132,132,189,133,200,255,77,97,164,34,60,121,146,106,164,0,193,158,145,14,136,13,255,148,18,255,192,0,162,125,0,255,166,255,95,190,135,147,141,128,128,255,62,255,169,255,191,155,37,88,200,0,255,66,215,255,255,96,157,111,255,87,119,126,17,255,166,0,255,147,42,255,255,162,185,255,78,0,255,37,255,255,255,171,255,0,41,196,201,154,255,0,67,144,0,28,127,255,0,83,255
142,13,188,117,255,131,206,116,54,172,114,99,147,147,111,50,144,249,91,124,0,255,112,107,237,83,135,113,124,79,245,154,192,72,60,152,104,27,104,29,181,103,0,81,89,57,0,163,4,255,76,94,216,229,0,229,160,0,175,217,255,0,155,246,133,186,181,216,255,201,239,132,187,236,234,0,231,37,0,255,181,227,255,219,0,255,81,255,65,70,46,255,187,200,0,224,157,0,120,255,172,0,204,182,0,255,0,255,255,255,255,255,94,0,75,178,206,255,0,255,255,60,0,103,255,0,87,255
146,12,191,116,255,133,231,108,72,157,125,100,152,184,99,28,155,246,136,141,0,255,133,127,225,104,159,127,114,116,219,140,194,92,57,137,102,41,120,50,170,158,0,89,75,91,0,165,0,255,112,123,240,178,0,193,180,0,130,165,255,0,136,255,135,229,187,238,255,152,212,207,198,190,213,49,242,95,0,255,202,255,255,205,0,255,72,255,133,40,41,151,211,117,0,164,176,0,230,255,207,0,214,160,0,255,0,255,255,255,255,255,0,0,42,255,119,255,0,191,224,116,0,130,216,0,116,255
144,6,180,104,255,131,190,112,71,160,150,114,116,144,114,64,133,236,165,169,0,247,100,93,255,77,151,128,147,60,208,157,97,128,50,122,122,30,81,0,132,162,0,99,122,90,35,197,81,255,157,16,239,145,92,106,214,0,180,162,235,34,139,248,117,73,105,122,255,190,234,131,152,201,112,41,208,197,0,255,206,244,255,196,0,255,100,255,111,154,0,210,231,255,0,161,184,0,186,255,241,0,238,121,0,255,2,255,255,255,255,237,51,0,136,69,127,255,0,242,255,28,0,156,52,0,0,255
146,11,172,111,255,111,194,87,62,154,137,115,138,122,111,43,120,185,116,159,0,255,99,112,253,70,150,60,151,54,228,155,182,77,101,169,153,17,30,78,137,155,0,76,109,55,0,154,14,255,91,64,192,175,58,103,185,0,175,173,220,0,113,232,78,153,95,172,255,85,152,142,192,242,81,41,236,124,0,229,194,160,255,204,4,255,95,255,152,54,0,220,179,176,0,242,197,28,185,255,237,0,255,87,0,255,0,255,255,255,255,255,77,81,103,140,184,255,24,163,202,142,4,169,242,0,0,255
147,14,185,104,255,134,218,118,76,147,123,96,152,151,73,49,162,233,145,160,0,255,139,100,251,62,133,90,148,85,241,128,142,111,69,128,80,30,117,62,151,173,0,70,68,53,0,164,31,255,76,86,230,211,38,158,166,0,168,186,241,0,167,255,128,164,152,222,255,165,167,127,189,192,143,0,218,75,0,255,185,245,255,231,0,255,52,255,158,105,0,222,255,138,0,142,167,12,195,255,211,0,229,209,0,255,0,255,255,255,255,255,47,0,75,193,62,255,0,255,233,141,0,194,210,0,36,255
144,16,183,108,255,134,213,112,81,171,129,96,149,179,70,30,161,229,147,167,0,255,118,123,255,42,146,133,126,54,255,134,153,103,48,125,97,55,135,12,161,166,0,52,60,41,0,141,18,255,122,85,205,208,38,185,179,0,140,231,255,0,202,255,141,216,199,255,255,188,191,214,178,172,147,0,218,4,0,255,217,251,255,215,0,255,44,255,142,58,0,254,211,139,0,169,116,11,147,255,231,0,213,221,0,255,0,255,255,255,255,255,108,0,144,255,148,255,0,255,189,126,0,93,238,0,117,255
145,14,185,114,255,123,214,117,73,161,127,86,168,131,87,29,175,225,147,149,0,255,145,89,215,97,159,136,119,100,232,149,137,82,48,103,105,55,78,6,188,202,0,94,57,86,0,169,47,251,113,89,219,211,0,176,193,0,99,178,255,0,136,234,196,190,202,210,255,198,210,125,202,178,180,3,190,55,0,255,136,255,255,199,0,255,9,255,200,102,14,207,216,187,0,151,71,0,168,255,255,0,152,152,0,255,0,247,255,255,255,255,106,0,126,255,44,255,0,255,232,0,0,95,188,0,85,255
144,17,188,125,255,119,199,115,79,176,133,78,167,146,96,35,161,240,140,139,0,255,179,79,206,116,147,162,99,94,211,169,158,79,36,105,85,25,124,0,204,165,0,79,74,97,0,128,19,255,153,95,219,231,0,252,244,0,104,214,255,0,93,226,203,244,236,219,255,176,255,131,191,193,213,0,181,38,0,255,104,250,255,180,0,255,0,255,185,51,91,241,207,136,0,169,44,38,134,255,200,0,167,190,0,255,0,255,254,255,255,255,43,0,101,244,204,255,0,255,199,17,0,100,255,0,86,255
148,12,185,101,255,141,219,115,66,163,131,109,132,136,90,73,136,249,141,186,0,252,141,96,255,33,123,93,151,43,233,131,112,132,60,104,76,30,109,23,128,160,0,83,113,26,0,195,95,255,95,68,245,217,48,138,185,0,161,160,255,7,201,255,115,120,155,180,255,189,204,146,155,206,159,28,182,86,0,255,221,215,255,234,0,255,43,255,110,155,0,255,231,200,0,172,169,6,190,255,219,0,209,202,0,255,0,255,255,255,255,231,83,0,107,108,42,255,0,255,240,96,0,151,118,0,0,255
151,12,172,99,255,129,206,87,65,152,133,129,120,117,108,74,105,200,125,218,0,252,94,106,255,62,109,38,151,17,250,152,94,163,106,142,128,15,76,67,113,186,0,103,120,19,1,214,110,239,86,88,242,180,74,98,159,0,165,151,208,0,178,238,53,125,93,166,255,132,167,141,183,244,93,68,195,169,0,229,218,195,255,187,0,255,67,255,202,139,0,255,167,181,0,151,206,0,255,255,255,0,255,145,0,255,4,255,255,255,255,218,103,90,82,112,97,180,31,77,120,169,0,201,137,0,0,255
143,9,186,122,255,103,205,100,86,181,154,80,152,136,133,34,158,216,158,145,0,249,168,80,188,150,149,132,119,131,174,161,137,95,40,107,85,38,64,20,174,186,0,116,66,123,26,145,16,255,156,71,246,138,0,116,190,0,85,141,213,12,76,235,251,159,164,222,255,156,204,86,186,223,127,93,195,157,0,255,105,227,255,174,0,255,25,255,213,46,42,174,182,136,0,140,99,56,134,255,253,0,251,61,0,250,0,255,255,255,255,201,21,0,118,242,132,255,0,252,248,0,0,119,148,0,124,255
146,12,199,117,255,121,251,122,64,194,155,97,124,188,139,79,157,255,153,126,0,227,174,66,197,157,136,167,134,167,150,132,188,92,27,165,62,69,126,49,148,169,0,105,67,103,0,118,35,255,149,72,255,252,0,184,197,0,171,135,255,72,143,203,255,174,207,214,255,126,255,148,237,203,211,65,158,143,0,255,97,227,255,187,0,173,55,255,143,83,73,162,255,96,0,173,99,90,255,255,188,0,241,206,0,255,0,255,255,255,255,171,0,0,102,238,120,255,0,229,158,0,0,95,253,0,112,255
146,18,172,130,255,71,178,124,69,204,183,83,117,201,117,64,118,185,141,34,0,255,124,99,174,147,185,114,96,143,172,193,215,22,116,162,41,47,110,120,142,178,0,142,77,131,10,65,0,255,171,14,197,223,0,161,187,47,204,169,255,81,99,182,227,216,122,203,255,10,198,188,253,181,188,14,178,99,0,255,76,191,255,147,49,0,156,255,113,49,101,189,238,25,77,239,0,163,255,255,107,67,148,98,0,214,100,255,217,255,255,255,0,17,255,255,217,255,0,180,132,0,68,47,255,0,42,255
160,16,192,143,248,79,150,115,75,115,138,114,132,97,79,29,140,187,118,30,0,236,111,1,120,126,187,105,141,255,159,255,232,50,148,151,54,48,84,205,165,182,0,236,216,129,57,115,3,186,134,64,210,184,0,116,121,0,218,191,124,13,32,149,255,255,117,93,133,97,115,51,255,179,42,0,181,138,160,196,0,166,138,255,136,53,0,255,236,132,150,0,255,121,158,115,0,156,142,198,138,70,164,0,1,158,137,196,255,205,98,255,71,51,255,255,255,179,50,87,160,82,0,87,255,0,0,255
162,22,187,163,236,50,117,89,102,137,196,114,110,156,64,66,158,171,137,52,0,251,100,41,74,125,220,156,167,255,153,240,198,38,114,157,67,70,177,141,127,152,61,151,165,166,85,64,0,139,164,90,225,206,133,24,106,47,199,210,144,88,11,147,255,240,44,63,255,129,89,93,123,255,42,103,223,122,244,178,51,106,0,248,175,92,0,229,163,102,182,28,201,93,243,136,64,105,162,224,192,77,226,58,0,158,26,255,228,224,178,142,227,69,235,255,255,177,24,0,0,0,25,148,255,6,0,255
157,19,201,157,254,56,131,140,84,114,164,137,124,141,51,89,57,238,205,19,0,227,179,0,41,160,255,140,183,255,202,223,164,69,52,141,0,102,192,161,97,208,0,140,170,227,59,79,111,126,136,86,213,197,65,121,153,77,255,142,51,0,0,255,255,148,0,139,211,81,26,0,78,232,71,20,209,150,76,255,18,187,131,255,151,228,122,255,174,160,138,129,255,136,106,78,32,103,196,255,117,18,255,111,0,255,245,255,197,255,13,255,199,0,173,255,255,218,0,0,68,75,166,255,255,202,0,255
150,19,196,147,248,57,185,114,88,115,176,97,121,199,68,44,88,227,172,17,0,230,168,49,69,216,218,124,155,255,176,188,182,70,64,236,59,80,100,138,180,255,10,103,23,255,65,11,0,195,137,69,197,255,0,82,220,81,133,142,255,31,0,177,255,248,97,187,255,79,137,89,145,222,137,0,255,133,0,158,68,218,255,99,49,50,143,255,209,0,154,0,255,5,0,131,96,139,255,255,176,80,255,247,0,255,48,255,217,255,255,236,93,0,201,255,215,255,0,116,0,10,0,246,255,0,58,255
154,15,210,135,248,83,205,122,75,130,151,103,111,176,104,58,124,241,166,24,0,236,142,27,114,184,169,127,132,255,152,220,203,76,93,188,14,70,120,151,175,255,0,172,87,183,39,39,0,237,157,60,223,234,0,108,179,62,185,124,255,73,80,157,255,251,144,151,255,78,181,84,255,167,147,3,179,171,0,186,0,255,255,244,58,88,57,255,179,12,141,0,255,8,46,115,18,140,251,255,155,65,177,64,0,172,82,212,255,255,201,213,0,0,165,255,106,255,0,110,61,34,0,200,255,0,18,255
151,16,191,176,255,7,136,158,85,125,172,115,148,155,31,81,54,255,194,38,0,205,208,0,26,153,255,93,141,255,246,154,114,87,0,194,0,144,181,144,146,240,9,0,149,255,17,42,74,198,126,17,30,163,57,131,225,140,255,103,54,0,0,255,255,231,0,171,255,42,93,0,24,184,100,72,224,122,3,250,36,211,248,136,101,187,112,186,185,48,66,255,255,225,62,135,0,155,199,203,98,0,196,153,0,216,172,255,136,255,0,255,184,0,149,255,255,230,0,76,123,76,203,214,255,91,0,255
150,12,186,121,251,82,147,129,75,124,128,111,146,90,76,62,171,196,141,30,0,239,109,0,149,134,182,122,162,174,163,223,167,17,123,143,47,0,62,137,206,211,0,176,101,160,46,83,26,206,97,0,238,205,0,109,142,1,213,193,142,0,1,188,216,232,58,93,144,109,127,0,253,198,83,0,177,118,87,207,0,196,174,255,69,189,19,255,203,129,64,48,255,89,39,175,14,144,70,192,162,0,154,0,0,251,110,200,212,183,255,255,85,0,200,221,214,255,0,255,126,59,0,210,255,0,0,255
161,19,212,132,235,68,151,121,75,76,163,129,99,144,96,87,77,232,154,15,0,186,139,0,16,152,184,92,178,255,175,255,194,76,119,144,14,49,161,164,116,241,0,198,145,205,13,116,81,172,169,84,248,228,21,80,148,28,233,180,154,0,13,152,255,123,0,90,178,0,62,0,144,190,98,5,160,197,13,173,0,197,173,252,151,201,82,255,164,121,165,0,255,173,124,155,100,66,238,255,172,50,255,38,0,173,218,255,243,114,138,255,106,0,118,255,39,105,0,43,77,85,0,255,255,68,0,255
153,19,180,147,255,57,162,142,104,106,169,118,101,181,51,65,44,208,185,30,0,188,137,41,39,121,244,98,145,255,213,164,222,108,61,202,43,92,179,189,149,249,47,112,154,212,39,85,72,157,95,15,137,255,90,140,143,81,255,255,171,0,0,255,255,231,112,114,255,62,122,26,27,255,134,0,255,93,132,169,79,93,226,139,135,0,184,255,179,38,157,156,255,127,4,177,79,219,242,255,170,16,173,255,0,209,255,255,173,76,255,206,78,0,255,255,168,188,0,109,0,29,37,255,255,114,141,255
154,14,202,127,249,89,171,143,76,134,158,128,103,170,74,88,117,250,165,15,0,211,136,0,91,178,200,117,188,255,140,203,191,92,100,131,0,52,143,189,181,249,0,163,47,205,27,99,24,168,154,46,254,255,11,99,144,67,255,156,167,41,46,210,255,139,38,140,244,95,141,0,171,225,130,0,211,184,0,200,0,210,194,255,88,68,45,255,163,134,143,43,255,73,0,110,20,100,243,255,116,15,219,139,0,228,239,201,202,255,53,195,20,0,186,255,123,255,0,42,70,0,0,255,221,13,12,255
150,14,182,148,244,47,156,143,108,134,163,83,130,174,46,39,116,197,140,38,0,189,175,56,44,206,227,91,200,221,159,173,167,143,63,141,31,97,129,209,236,255,0,59,21,205,3,94,0,130,129,39,162,227,14,29,171,93,201,175,122,0,23,247,255,164,148,188,220,122,97,0,130,219,183,60,255,242,0,117,55,115,196,175,133,87,6,255,139,70,201,99,202,164,60,201,130,74,233,193,51,42,218,181,0,165,175,255,255,196,74,255,116,0,254,255,121,236,0,0,75,141,0,147,255,0,107,255
148,1,171,97,201,81,93,100,92,202,111,37,152,100,160,130,192,101,129,192,32,234,143,12,31,129,159,151,152,111,197,147,201,0,65,96,15,65,126,107,119,176,4,175,59,126,107,130,117,181,196,147,247,91,108,11,82,0,176,255,113,20,0,154,246,159,145,151,187,142,65,143,141,164,0,58,113,191,105,255,82,158,170,169,106,181,64,233,238,31,45,131,166,22,98,161,79,0,192,131,224,22,255,82,71,177,224,93,223,6,191,139,0,37,255,0,112,215,0,132,255,17,0,139,196,138,0,255
149,4,182,145,213,66,152,144,105,230,176,21,115,177,195,15,206,114,151,139,65,214,132,116,78,156,78,121,191,220,114,125,88,102,44,141,57,122,238,59,212,172,0,113,107,93,61,112,37,195,218,0,177,121,30,77,129,8,191,214,203,92,50,206,255,157,255,133,255,245,214,73,255,144,147,218,128,185,83,254,0,140,255,120,170,144,18,255,231,121,69,208,84,94,131,93,70,94,68,175,183,0,138,70,143,135,253,10,255,60,6,0,0,68,162,150,88,220,87,93,255,104,0,113,0,0,67,255
147,3,170,166,202,54,124,126,73,218,189,47,136,184,157,42,130,140,179,90,32,237,165,94,69,201,109,171,158,205,110,120,65,93,30,122,105,104,190,0,179,219,14,116,204,108,34,75,39,212,255,0,96,155,0,67,183,31,131,234,255,20,77,208,240,181,255,86,255,255,255,168,255,150,184,214,143,167,53,241,47,255,255,73,56,159,119,255,191,32,67,90,75,128,0,148,137,151,102,212,206,37,94,12,45,103,248,0,105,255,67,0,10,39,130,146,184,255,0,156,255,0,96,45,0,0,236,255
153,9,211,159,237,84,173,125,76,190,104,53,117,81,152,56,110,170,159,168,61,231,207,36,0,233,99,173,118,157,190,168,41,126,13,178,93,100,228,0,158,167,0,115,206,29,86,135,164,182,255,122,67,219,0,198,190,0,215,189,240,0,27,139,255,196,255,56,195,94,212,83,201,151,191,62,0,177,0,255,0,255,255,135,0,255,0,200,255,87,138,81,147,242,97,211,0,77,157,135,198,0,206,0,33,239,14,3,109,92,122,135,97,0,135,184,188,100,5,186,245,171,183,104,187,0,0,255
141,0,154,103,209,74,26,108,78,220,154,34,164,158,147,128,203,83,99,155,40,255,109,50,69,140,204,144,106,112,182,154,175,68,59,115,4,32,99,155,206,145,14,139,45,154,112,84,77,150,205,25,212,65,76,0,206,41,116,255,88,6,0,222,138,173,136,87,184,192,182,149,64,157,82,169,205,195,82,255,48,255,112,201,109,207,159,165,255,0,122,43,180,57,76,129,143,0,253,92,255,40,255,133,63,191,255,80,109,6,67,175,0,65,150,0,204,255,0,198,255,0,18,221,146,163,0,255
147,0,155,105,197,65,95,126,83,213,222,61,141,190,129,99,198,165,140,77,4,255,141,135,138,141,201,176,79,177,110,125,92,68,81,175,104,37,37,31,204,255,29,135,98,255,155,135,0,243,233,0,104,143,164,0,175,0,162,166,173,2,0,177,255,122,7,21,104,137,255,155,196,42,199,206,144,192,120,195,34,173,255,67,43,192,209,255,112,0,255,106,243,255,2,128,179,0,255,140,85,227,255,0,255,86,255,77,173,255,101,135,114,43,105,0,227,248,0,50,199,0,0,80,67,133,171,255
142,0,157,104,200,65,50,111,68,251,138,52,134,154,153,106,203,126,87,128,44,255,81,38,57,149,218,175,146,118,167,83,172,0,84,111,30,16,108,53,191,231,17,128,101,214,123,80,22,185,255,32,61,152,115,0,188,0,69,255,117,55,0,207,171,142,193,64,214,162,187,154,124,97,48,169,208,194,116,172,91,255,202,163,75,158,141,206,203,0,163,49,184,115,0,121,174,0,201,146,194,142,255,0,109,119,255,67,140,151,35,80,19,61,187,7,104,255,0,135,239,0,0,135,0,178,0,255
152,12,196,169,242,67,144,169,98,216,147,8,83,163,159,36,172,144,142,157,89,206,87,50,41,187,103,135,174,221,167,133,60,98,81,166,19,126,224,39,180,212,0,145,215,73,72,24,123,225,180,0,136,140,0,131,177,40,161,227,255,44,44,170,255,203,255,47,241,228,255,126,255,86,161,169,142,139,37,222,0,236,224,171,73,143,91,255,220,65,154,138,123,73,134,111,24,150,5,190,145,12,126,0,86,214,227,14,154,158,101,0,0,46,78,255,153,158,96,206,255,76,0,110,77,0,0,255
146,0,164,119,199,87,68,125,87,233,159,27,133,167,128,115,208,124,126,97,36,255,166,122,49,142,164,138,119,139,135,132,148,74,93,128,69,44,131,118,240,142,0,189,33,211,133,132,36,157,228,67,190,172,151,73,224,0,103,230,158,53,22,237,143,137,156,98,225,201,148,101,176,147,182,216,93,230,103,242,69,225,148,156,143,202,46,183,200,80,99,184,146,63,0,140,161,23,158,113,207,51,255,0,68,93,255,116,185,100,0,75,39,96,136,0,195,255,21,194,255,4,0,135,117,107,0,255
151,3,187,150,214,84,162,149,124,251,132,31,89,179,197,39,202,108,174,145,65,227,77,113,47,192,67,164,244,194,195,71,67,44,18,174,88,140,231,0,195,164,0,76,138,116,44,79,79,197,255,83,70,226,62,46,164,0,220,197,236,98,90,242,255,68,255,128,235,195,128,117,255,135,109,201,117,200,90,234,0,183,255,177,136,127,114,254,255,96,144,156,9,141,118,182,30,61,25,255,165,0,94,69,89,97,255,39,202,136,0,1,0,50,148,192,0,255,28,0,209,160,0,109,0,0,202,255
145,1,171,150,231,74,82,136,79,229,167,44,128,121,147,83,154,140,130,146,4,254,118,61,49,202,138,137,171,120,174,141,93,113,48,153,63,73,180,49,177,233,39,126,132,83,56,79,119,238,144,0,47,108,1,86,181,37,232,255,176,0,32,255,196,141,253,0,207,208,255,157,255,121,174,104,125,84,87,125,0,255,255,115,96,213,109,255,255,0,110,62,92,104,86,147,16,50,176,0,186,44,131,0,95,239,255,72,111,103,28,0,69,0,66,255,99,91,135,136,255,89,0,154,0,0,0,255
141,1,169,122,217,73,96,123,106,244,139,21,110,169,167,103,210,136,108,129,41,246,45,152,55,168,167,74,151,117,221,103,148,4,27,142,44,37,128,62,164,197,0,134,103,186,137,114,57,215,200,42,65,154,88,0,167,0,130,255,148,90,14,227,179,92,229,100,255,131,255,195,165,53,114,248,185,213,9,143,67,247,249,119,89,110,58,212,255,0,62,117,168,170,0,209,169,0,221,112,69,60,164,17,113,151,248,77,167,0,0,0,71,44,185,55,17,255,91,131,209,70,0,15,0,0,63,255
149,7,205,161,243,105,177,137,88,226,118,56,113,125,153,79,114,211,156,167,0,234,221,43,30,229,123,226,166,171,155,107,62,121,0,124,115,106,207,7,164,203,0,122,138,89,93,96,160,255,255,93,68,203,0,164,200,0,222,198,255,38,96,237,255,174,255,49,255,195,255,164,214,136,218,112,5,162,0,255,0,242,255,182,36,253,0,255,234,68,108,136,177,245,54,180,0,38,196,45,166,0,107,0,39,243,33,40,153,237,43,61,54,0,4,255,158,164,0,204,255,9,100,68,60,0,0,255
146,0,167,133,189,55,83,127,92,221,186,28,172,167,162,54,201,139,149,102,37,252,167,94,76,145,121,102,137,197,87,109,122,154,78,103,29,50,169,91,235,152,12,200,100,124,74,201,33,131,162,0,145,109,75,6,169,0,160,255,123,6,79,226,165,83,201,39,190,250,219,95,255,181,108,148,144,215,152,241,13,255,255,107,210,90,176,209,230,62,78,151,157,150,0,76,107,42,76,182,225,0,232,0,120,0,209,94,245,172,127,37,87,17,184,105,132,190,43,124,255,80,14,52,39,170,0,255
146,4,195,138,235,99,179,160,84,245,135,30,101,157,181,49,206,206,164,150,12,238,174,51,83,203,104,198,196,184,149,90,94,108,0,144,47,94,255,0,207,187,0,109,84,53,63,56,141,255,244,22,158,218,0,117,196,0,244,198,255,121,104,244,255,143,255,80,255,255,220,121,255,57,183,114,118,146,20,255,0,255,255,153,48,194,90,255,206,35,90,187,0,0,51,93,0,124,119,129,174,0,145,68,88,187,134,63,94,175,0,0,0,51,102,251,114,255,23,39,255,0,4,88,0,0,14,255
141,1,159,102,219,84,46,114,87,244,157,48,145,150,161,133,186,112,108,134,31,255,100,98,119,152,191,182,136,93,166,147,134,100,37,155,59,68,97,175,223,127,1,166,14,126,106,88,91,149,191,7,159,26,103,0,210,17,113,255,130,67,0,255,155,148,220,76,169,167,217,203,65,181,148,178,216,177,67,161,12,255,108,143,109,219,116,173,255,53,184,19,177,110,61,145,190,0,234,44,223,112,255,118,91,255,255,4,139,0,11,121,47,65,101,0,200,237,18,167,255,0,0,189,44,54,0,255
148,0,172,146,189,63,106,124,85,235,155,38,148,127,153,59,191,129,165,115,43,251,183,64,41,174,86,166,175,173,97,108,73,119,49,103,80,76,189,42,214,157,0,162,123,103,62,142,33,113,249,70,144,226,53,77,180,0,206,245,122,36,27,207,200,58,199,97,222,236,156,52,255,196,107,166,134,219,170,234,0,239,255,119,137,152,145,248,255,139,83,138,117,113,13,53,91,118,39,147,252,0,228,45,48,0,177,40,190,183,17,0,11,13,255,148,140,200,0,120,255,140,16,72,0,145,0,255
148,8,195,132,223,94,185,125,73,249,121,71,112,145,188,63,184,186,172,151,34,246,156,68,44,216,91,201,174,175,152,86,111,130,0,148,92,102,209,0,188,154,0,139,120,50,54,113,120,213,255,68,133,181,4,99,188,0,203,194,255,134,61,228,255,141,255,113,255,199,195,99,255,138,170,162,84,220,57,255,0,225,255,206,86,185,61,255,255,59,100,175,0,87,0,176,14,123,72,189,176,11,199,0,31,160,87,46,112,104,17,0,53,9,147,137,66,184,51,83,255,13,76,18,0,0,12,255
145,0,159,127,192,43,97,107,68,238,161,78,161,144,156,47,143,133,139,75,62,231,116,56,76,153,125,158,152,142,121,113,124,78,20,119,124,69,149,75,238,191,29,137,86,119,49,140,59,144,246,0,99,131,9,14,169,0,201,255,147,39,60,255,219,96,255,48,236,212,172,68,254,135,97,136,141,187,105,96,37,198,255,132,159,167,82,255,245,33,138,108,28,163,0,88,149,90,1,161,238,27,161,0,82,51,186,88,159,182,155,0,86,41,214,112,143,251,41,129,255,101,96,16,0,125,7,255
142,3,168,147,222,57,110,130,88,221,173,56,142,189,152,32,174,166,158,94,38,255,113,57,79,131,124,131,133,170,142,138,155,110,0,121,36,20,171,74,204,175,0,141,119,69,43,90,61,220,160,0,113,66,0,0,186,0,182,255,185,16,103,255,255,172,180,88,182,242,255,165,244,86,172,100,211,89,126,255,0,255,255,154,54,109,129,255,226,0,91,141,45,124,63,140,52,120,97,118,231,81,117,0,49,164,255,100,53,57,146,0,133,0,112,170,116,255,120,168,255,0,6,81,0,9,87,255
143,0,159,95,206,86,47,111,94,219,134,42,159,148,139,128,192,95,112,119,24,255,134,82,110,142,198,137,148,125,188,148,135,90,84,165,84,66,93,108,234,132,74,188,17,169,126,117,124,156,175,29,134,29,136,0,210,28,94,255,173,50,9,218,151,153,180,61,171,154,153,136,97,214,79,124,99,246,98,146,0,222,138,149,127,200,127,208,181,57,150,97,199,113,26,219,103,0,167,88,235,69,180,0,94,144,255,93,213,71,147,232,53,97,126,0,202,228,62,226,255,0,19,81,122,91,0,255
151,7,179,157,207,59,109,123,77,229,203,52,121,181,156,26,170,122,148,99,54,239,139,107,35,144,82,128,148,224,85,132,127,156,65,142,76,71,170,61,166,136,16,167,204,88,51,123,24,164,187,30,187,119,5,74,138,5,179,255,219,9,75,176,209,166,165,114,195,245,250,149,255,184,140,162,212,153,167,255,59,201,255,91,180,111,89,255,247,139,107,101,120,185,49,157,136,161,0,131,255,30,127,0,94,83,234,85,150,164,30,0,101,88,225,217,169,106,58,73,255,64,20,1,41,104,0,255
148,0,168,94,194,78,95,114,71,218,126,23,141,161,94,167,171,230,122,105,4,223,228,39,73,127,195,192,87,137,114,102,112,120,70,166,33,42,52,94,187,189,46,139,15,193,87,159,154,216,205,7,153,114,176,32,205,0,134,150,114,32,43,247,233,128,138,38,204,171,210,25,175,141,66,123,130,255,47,157,92,138,220,174,112,158,152,243,154,126,185,201,233,156,0,121,150,27,187,22,142,83,190,0,74,55,119,162,122,206,203,100,168,9,186,0,248,242,57,134,255,0,82,81,15,10,0,255
153,14,166,106,227,85,166,86,136,165,139,39,144,219,46,58,117,142,174,146,37,208,166,128,65,181,165,108,119,101,140,122,195,75,83,129,55,91,100,110,139,224,35,105,74,128,7,123,56,235,210,83,96,27,95,47,69,0,42,167,179,0,94,217,218,148,181,161,136,80,124,150,124,193,147,87,130,255,0,77,203,98,255,205,110,112,81,202,133,12,101,146,183,195,58,150,240,95,157,226,196,20,100,23,100,203,161,255,228,156,255,255,0,59,204,86,76,91,215,95,155,94,117,46,123,0,255,255
147,13,178,151,255,76,184,115,104,159,164,67,162,203,45,6,175,184,177,87,0,255,139,62,163,147,175,133,124,212,167,157,187,69,19,173,89,86,112,98,205,244,25,74,105,154,83,0,0,243,133,68,185,215,0,102,136,0,132,220,255,0,84,215,255,255,176,214,255,218,199,147,255,154,142,17,255,131,37,243,111,243,255,166,14,15,48,255,211,0,55,63,160,56,44,104,89,183,165,255,149,41,76,102,28,200,125,174,233,254,246,216,22,32,224,255,255,255,84,205,113,0,0,0,255,0,150,255
143,11,168,120,255,98,173,122,91,157,133,74,176,152,34,28,181,202,174,149,0,250,130,75,188,98,157,129,144,102,217,138,99,70,3,129,98,52,79,28,204,241,0,26,61,72,0,111,48,255,143,6,173,143,0,119,188,0,133,236,220,0,90,249,238,231,185,189,224,247,229,77,232,165,131,0,228,115,0,206,85,254,255,178,0,249,0,255,206,51,0,233,177,167,0,73,89,95,85,231,180,0,17,50,0,255,121,223,255,255,255,203,57,3,173,148,164,255,139,255,255,79,0,18,103,0,11,255
154,17,193,143,247,91,183,121,88,130,152,78,139,183,61,50,157,238,175,99,0,252,170,41,114,174,170,158,126,224,158,173,148,96,53,143,69,68,150,92,215,251,18,124,97,165,73,52,67,255,156,69,208,224,0,166,187,0,155,203,255,0,43,222,255,255,180,160,255,146,189,88,234,196,136,0,255,133,52,227,70,188,255,179,0,77,8,255,213,43,86,51,214,55,67,100,68,168,200,255,186,0,94,127,0,208,105,185,136,217,243,165,0,0,111,255,226,255,36,169,126,4,0,122,239,0,67,255
145,9,175,109,253,97,186,130,82,163,140,89,152,164,48,67,168,221,167,111,0,231,149,41,184,117,145,150,138,153,186,121,114,87,0,161,98,59,76,44,228,222,0,48,48,119,0,108,86,245,164,0,195,158,14,85,175,0,141,168,208,0,50,255,255,192,143,190,209,205,203,60,235,142,133,0,255,204,4,215,80,180,255,180,0,192,9,255,176,63,58,167,192,137,0,94,186,140,100,255,152,0,23,92,0,255,78,179,196,231,255,167,28,13,178,125,201,255,83,255,185,21,0,28,51,0,12,255
151,13,186,134,237,74,163,112,59,126,156,104,121,140,107,57,107,196,159,75,0,206,148,35,90,166,185,112,136,198,126,197,172,46,70,144,98,19,104,147,134,227,0,142,93,158,48,114,48,255,161,23,205,183,0,111,161,1,174,197,202,17,38,132,252,208,92,82,255,58,192,61,222,198,148,43,201,160,82,219,17,200,255,233,68,104,4,255,208,95,40,56,228,151,0,171,101,98,213,225,128,79,188,15,0,187,149,192,151,187,236,167,14,0,196,255,206,244,0,100,143,33,57,132,222,0,0,255
154,20,177,160,238,66,145,100,99,150,175,77,122,159,65,31,130,170,178,113,0,248,121,43,150,148,208,178,129,162,130,169,163,64,83,186,126,56,105,79,141,180,69,131,86,180,71,31,46,215,180,83,222,231,0,99,193,28,177,203,255,47,32,142,255,206,108,103,255,103,163,153,197,178,82,34,255,98,103,226,99,91,135,210,75,33,97,255,255,62,107,49,165,65,179,161,0,111,219,232,191,34,160,85,0,185,54,189,120,250,255,155,13,75,207,255,255,255,21,165,31,0,0,42,250,0,50,255
153,22,193,192,255,55,145,180,119,177,187,56,74,225,0,54,121,143,154,91,0,234,136,86,76,171,255,197,127,239,101,101,132,163,82,213,88,76,215,171,158,255,50,57,67,240,0,49,0,206,111,91,255,255,52,162,188,0,217,225,255,53,0,92,255,181,106,81,255,85,189,119,144,204,77,48,255,18,0,128,70,130,255,88,55,73,182,221,180,4,115,78,255,0,9,245,49,237,224,232,1,46,207,255,0,255,150,187,210,255,255,126,22,0,255,255,255,255,0,224,0,0,97,88,255,0,203,255
152,24,192,154,255,59,163,141,80,146,179,74,121,180,21,52,130,221,168,24,0,244,183,0,100,175,205,166,156,255,130,100,192,74,59,172,39,94,121,108,222,214,64,117,37,255,0,66,18,203,141,63,245,255,0,173,169,30,182,127,255,69,0,176,255,153,126,170,255,173,150,0,132,204,140,0,249,80,16,216,86,61,207,177,55,0,142,255,241,6,142,55,255,0,0,99,0,204,240,216,71,86,152,255,0,255,105,182,114,224,255,161,67,0,255,255,224,255,0,255,0,0,3,133,255,18,0,255
149,10,176,111,239,79,161,113,75,133,169,114,108,144,127,80,122,183,163,65,0,224,124,48,181,152,178,122,121,141,163,203,173,80,99,162,101,22,49,139,149,201,53,162,56,162,20,96,45,255,153,0,180,169,0,92,151,3,236,186,199,19,48,176,201,136,137,114,255,73,124,50,220,202,115,0,178,191,24,189,56,100,246,159,102,112,63,255,213,100,42,67,224,135,60,209,81,60,246,198,255,99,207,82,0,221,120,255,112,202,219,240,0,0,255,134,234,255,0,158,56,0,20,155,244,104,27,255
151,14,170,104,243,80,164,93,97,147,152,108,136,171,110,37,96,131,170,85,14,255,153,95,121,128,192,107,102,139,154,162,228,86,76,161,115,44,61,164,141,162,93,186,67,157,26,113,27,230,153,82,120,108,27,71,86,16,140,208,189,3,18,239,191,189,170,185,185,49,76,98,172,200,85,16,172,210,0,175,154,123,255,167,131,65,87,255,197,0,43,57,199,94,42,196,167,61,156,251,252,27,238,66,0,241,105,255,195,101,255,250,7,19,255,141,209,205,51,117,8,60,51,179,255,80,122,255
151,13,170,109,224,45,139,88,84,126,166,132,117,136,151,72,103,127,164,51,0,255,134,90,103,86,215,103,113,138,162,177,255,41,126,165,144,18,37,139,107,164,92,173,121,149,13,139,18,245,182,0,90,72,18,55,133,51,174,161,178,48,9,225,219,161,107,137,155,0,51,38,161,171,110,79,126,255,92,204,74,130,238,189,168,120,91,255,139,95,95,36,250,221,99,255,125,0,153,255,247,127,248,0,20,199,106,255,204,120,244,255,51,55,255,77,157,133,0,72,11,3,18,97,255,83,117,255
146,13,166,110,255,93,188,122,50,218,162,95,130,122,158,78,116,185,99,106,0,255,94,128,166,93,139,75,68,147,119,159,192,106,122,233,117,0,69,215,105,81,0,206,9,97,48,177,5,245,112,0,216,98,66,204,149,57,205,124,155,89,181,255,60,99,94,66,255,65,197,79,255,177,245,143,151,201,72,255,138,230,255,207,163,246,255,255,87,172,53,198,227,152,0,193,71,141,255,255,179,0,255,33,0,167,54,255,255,255,255,255,0,123,194,95,182,255,9,214,255,96,125,0,255,0,0,255
143,13,169,109,255,87,215,120,72,213,179,91,159,155,160,72,163,185,125,114,0,255,143,127,196,81,128,131,101,135,142,132,175,90,46,201,112,1,96,162,116,115,18,123,0,63,0,135,0,255,145,0,182,128,0,117,141,17,224,133,196,84,157,255,153,133,224,169,255,87,160,75,255,153,238,142,164,174,0,252,101,227,255,172,47,222,105,255,89,134,1,171,250,173,30,191,94,109,255,255,255,0,255,91,0,172,0,255,255,255,255,255,0,105,197,99,82,255,0,209,255,0,14,0,255,0,0,255
142,12,160,94,255,95,166,119,64,209,155,95,146,133,129,111,150,206,102,141,0,255,96,104,200,61,116,102,87,75,178,131,115,123,49,181,123,0,39,137,157,122,13,121,0,55,9,169,66,255,121,0,184,98,79,107,155,0,232,187,152,0,93,255,128,115,165,112,255,117,194,26,190,146,170,28,231,159,104,200,109,173,255,197,62,255,111,255,138,143,0,242,243,242,0,183,146,74,161,124,253,0,188,87,0,255,65,255,242,176,255,184,45,31,156,6,108,224,85,255,255,38,0,23,253,0,0,255
148,18,177,116,255,94,227,128,84,218,144,68,158,137,128,82,146,215,150,158,0,250,184,61,151,102,125,114,92,133,176,114,139,126,9,168,58,65,136,117,161,141,0,84,66,33,0,148,94,242,187,23,195,181,42,174,143,36,162,155,153,76,97,255,229,216,255,232,255,69,206,68,180,192,217,144,166,161,0,255,83,226,255,209,31,230,49,255,121,163,33,255,255,184,27,90,37,195,189,255,159,0,189,125,0,229,53,255,255,204,255,247,4,53,166,104,61,204,22,255,255,73,0,49,255,0,0,255
144,10,163,113,255,74,189,117,66,215,178,120,140,133,172,98,124,170,151,131,0,243,131,49,160,112,122,129,86,130,144,130,114,124,22,178,128,22,109,139,87,170,67,86,32,72,0,170,90,251,181,0,142,86,0,78,117,59,255,185,149,50,122,255,205,134,215,117,255,89,182,48,235,181,173,83,169,238,79,203,66,185,255,192,105,223,12,255,105,199,39,188,245,255,28,153,74,108,214,231,218,0,152,59,0,131,120,240,241,185,255,136,0,93,255,17,118,137,0,229,255,0,87,36,255,23,0,255
144,8,164,115,251,73,174,134,90,223,190,84,176,178,135,41,176,174,140,116,12,255,156,104,136,107,127,99,37,184,126,145,103,114,5,116,110,48,170,119,149,141,72,77,17,64,0,182,0,202,208,0,138,10,4,63,93,0,227,181,126,12,104,255,255,174,240,143,243,105,178,47,191,141,190,97,193,180,192,255,62,205,255,199,151,192,12,255,102,122,85,163,255,246,62,82,51,124,183,206,139,0,134,40,0,168,207,168,244,97,237,179,0,11,213,70,38,255,17,255,255,0,0,0,175,38,0,255
144,15,179,108,255,108,234,140,92,221,176,79,141,180,157,53,213,198,135,184,7,255,146,143,204,52,109,110,104,148,176,87,148,131,26,169,94,53,165,85,99,106,0,90,21,24,0,184,14,246,133,18,255,158,56,127,106,0,242,175,190,84,172,255,196,146,255,195,255,121,194,50,231,145,187,188,207,169,48,255,113,251,255,254,45,218,83,255,104,137,20,255,255,175,0,102,140,79,169,255,158,0,255,173,0,234,86,255,255,218,255,145,0,0,206,171,0,253,0,228,255,0,0,12,255,0,89,255
147,17,188,130,255,102,228,136,93,218,171,84,132,186,187,23,121,185,131,133,0,255,177,113,130,85,89,87,113,166,165,107,204,106,7,136,86,78,186,105,104,111,1,95,112,30,0,157,33,229,184,76,188,173,0,107,117,0,245,180,254,75,164,247,255,204,255,202,255,96,213,166,235,155,190,147,177,140,49,255,62,221,255,250,108,140,102,255,60,111,141,166,221,208,62,224,44,98,177,255,155,0,197,228,0,255,138,255,255,209,246,208,0,89,225,255,0,255,0,255,255,0,41,85,255,0,96,255
146,17,165,90,255,100,200,117,70,224,165,101,138,143,164,117,143,202,130,168,0,243,127,95,198,78,77,83,86,89,158,122,94,163,45,190,105,0,65,144,111,141,25,121,4,38,0,193,103,255,134,0,194,135,85,140,125,0,228,168,143,48,109,255,146,111,189,161,255,83,179,0,212,203,144,89,198,201,87,213,66,183,255,202,77,244,82,255,170,195,0,255,255,237,0,113,118,111,158,209,217,0,239,105,0,222,65,255,255,172,255,128,0,31,192,0,44,133,17,255,255,0,0,38,255,33,0,255
145,17,171,105,255,114,237,118,94,224,186,71,138,224,144,38,181,186,135,186,14,255,105,165,241,59,118,92,123,125,197,85,176,129,11,180,123,112,105,111,141,123,0,58,24,38,26,121,0,255,175,7,182,175,116,132,126,0,206,131,213,116,190,255,199,157,214,255,255,43,166,156,164,192,157,175,231,142,0,238,164,237,255,225,44,197,142,255,104,77,0,240,255,182,0,126,139,107,255,255,220,0,255,183,0,236,24,255,255,255,255,255,0,11,131,161,0,255,64,233,255,47,0,0,255,0,135,255
146,15,181,112,255,113,215,123,73,210,159,86,151,140,141,68,167,221,132,165,0,255,148,114,199,57,134,141,97,116,183,102,143,114,24,126,93,46,118,71,98,110,0,110,68,39,0,185,57,255,150,49,238,153,22,157,136,0,211,169,218,71,141,255,188,119,213,168,255,129,184,109,199,189,209,98,180,109,36,255,146,163,255,239,33,255,77,255,78,145,34,255,211,165,21,158,110,92,187,255,167,0,255,151,0,255,0,255,255,235,255,184,0,30,160,163,28,255,0,255,255,0,32,37,255,0,0,255
144,13,160,112,255,91,178,130,79,215,176,64,164,133,125,57,195,183,131,180,0,240,139,93,208,52,149,94,37,97,165,146,107,134,34,136,98,39,106,59,127,130,3,53,40,34,0,203,64,238,188,0,211,119,39,144,123,0,203,194,114,26,96,245,198,156,209,162,255,133,200,23,233,104,151,79,220,142,113,255,47,255,255,188,56,255,55,255,176,164,12,255,211,188,61,45,59,116,167,181,196,0,176,61,0,235,151,255,255,149,255,95,0,5,249,95,81,225,150,255,255,0,0,0,199,6,0,255
144,14,152,98,255,86,165,108,74,218,169,94,172,143,100,89,184,159,117,147,5,255,127,124,197,57,139,82,41,77,165,151,106,135,62,189,105,0,24,138,138,138,57,89,0,42,0,185,41,235,123,0,166,107,71,116,178,0,180,158,118,5,62,237,128,128,131,138,255,110,166,31,207,154,128,70,196,168,58,200,67,160,255,145,41,223,90,255,241,61,11,255,233,176,0,97,144,142,173,173,244,0,250,64,0,225,103,255,255,156,255,123,27,75,255,0,148,182,201,247,255,29,0,0,255,0,0,255
152,15,188,147,255,71,170,153,105,119,157,102,116,213,40,59,102,229,156,22,0,209,166,44,111,170,255,154,137,255,197,146,167,77,97,172,37,56,166,208,167,255,66,120,4,240,97,20,29,178,78,30,113,255,25,144,194,80,255,184,208,0,0,247,209,255,189,46,255,111,104,86,137,246,128,0,255,107,90,83,23,97,205,200,83,0,64,255,167,6,111,50,255,0,0,203,46,217,221,215,149,0,192,185,0,143,175,255,151,255,135,158,40,0,240,255,156,255,70,87,136,28,7,255,255,26,67,255
153,9,176,201,255,0,123,191,123,54,159,115,84,140,0,24,0,208,184,23,0,119,255,0,0,162,255,96,169,255,255,184,165,201,0,249,16,212,217,229,201,255,2,0,200,255,0,78,255,126,30,109,0,56,187,201,93,114,255,105,0,0,0,255,255,177,0,228,190,144,0,0,0,255,129,0,255,197,39,255,173,24,168,0,56,0,200,228,195,58,207,255,141,214,154,186,255,68,221,106,32,185,116,255,0,255,255,255,99,30,0,255,231,0,255,255,255,179,0,0,0,101,157,222,255,255,229,255
151,13,182,117,255,94,181,140,92,137,171,134,109,228,85,84,85,226,173,40,9,210,100,65,103,142,216,132,140,226,158,173,209,104,79,184,67,52,161,189,141,243,2,140,48,197,34,107,35,179,156,0,191,238,61,116,161,49,255,221,255,21,29,254,227,181,107,103,255,54,145,96,143,208,162,0,253,183,36,156,53,155,255,173,87,9,132,255,138,71,78,30,255,85,0,173,63,117,255,255,204,27,255,161,0,255,246,255,195,228,146,231,0,0,167,255,122,255,0,52,81,0,0,203,255,27,12,255
152,14,183,137,255,54,183,142,88,118,135,121,123,192,66,65,30,212,125,0,0,185,206,39,32,217,214,19,152,255,191,177,255,148,64,215,27,110,118,255,239,255,39,78,31,217,0,76,24,131,46,35,65,233,18,146,97,82,251,143,157,0,6,255,232,224,180,216,255,91,76,2,85,255,255,0,255,213,0,223,100,107,255,137,90,0,100,255,197,0,255,144,215,107,0,195,214,90,232,255,37,208,193,255,0,255,179,255,212,170,174,255,124,0,228,255,166,255,0,26,0,124,0,187,255,104,76,255
153,14,200,140,255,85,202,140,94,135,148,107,120,188,69,52,121,230,132,8,0,250,104,32,118,179,188,80,141,255,183,191,206,49,131,222,0,66,131,197,207,255,0,164,107,195,73,56,0,164,116,76,214,255,25,98,117,65,213,141,234,27,26,172,255,255,190,101,255,76,186,135,247,225,105,0,255,179,0,62,0,225,255,224,57,23,64,255,140,0,190,0,255,2,1,82,59,190,145,255,122,38,182,85,26,169,100,231,255,255,205,203,21,0,229,255,167,255,21,164,143,114,0,255,255,0,108,255
154,13,201,125,255,82,199,141,68,132,156,118,119,155,78,88,129,255,156,40,0,213,131,16,129,155,174,109,167,241,157,186,170,84,86,175,13,49,118,145,177,236,0,153,75,175,2,87,32,232,129,5,226,255,0,129,170,27,255,151,208,44,78,207,255,158,110,125,245,80,165,23,229,177,149,0,176,155,0,185,0,189,255,215,37,111,45,255,149,111,68,39,255,145,2,123,27,171,255,255,101,0,149,124,0,240,112,231,186,255,101,214,0,0,169,255,104,255,0,103,102,0,0,161,243,0,0,255
151,13,186,117,244,75,194,138,79,123,169,129,107,189,68,91,78,237,200,44,7,192,161,0,72,142,208,162,160,255,129,152,174,94,31,232,46,52,88,183,159,255,42,148,24,254,24,61,104,189,125,11,193,255,28,86,211,63,208,158,187,43,4,241,255,165,81,84,255,120,130,0,147,192,193,0,255,233,0,185,28,202,255,185,37,25,99,255,206,81,56,0,255,79,0,162,79,167,255,255,113,58,201,208,0,239,210,255,107,118,165,98,14,0,212,255,120,255,0,59,0,0,0,224,214,0,0,255
152,13,176,169,255,34,123,179,123,64,171,107,105,177,0,35,20,213,192,7,0,142,181,10,0,164,255,111,191,255,215,126,158,169,30,195,44,158,138,255,247,255,43,56,126,255,57,79,91,80,28,17,64,252,110,139,185,36,255,182,84,0,0,255,255,154,65,86,233,183,19,0,0,255,157,0,255,163,39,78,119,0,183,126,97,0,140,237,255,15,255,215,172,102,0,142,216,99,175,163,31,82,232,255,0,255,255,255,139,80,118,142,137,0,255,255,255,245,0,0,0,125,0,255,255,119,144,255
154,15,203,160,255,54,182,145,101,112,170,114,99,225,52,58,56,255,153,56,8,175,147,31,19,160,255,112,171,255,202,126,160,169,2,192,0,129,188,141,170,255,1,0,119,255,21,78,77,139,181,101,130,255,36,118,144,171,198,192,172,0,0,255,255,240,148,204,255,131,174,0,22,255,144,27,255,221,0,114,0,229,255,94,69,95,74,255,104,37,162,60,255,146,33,115,157,162,255,255,146,0,168,255,0,161,240,255,255,186,116,119,70,0,129,255,151,218,0,8,64,118,0,255,255,10,148,255
152,4,173,147,213,59,109,124,128,132,190,64,122,239,64,34,80,192,168,47,14,125,161,74,69,198,193,93,126,255,152,211,142,148,76,107,102,95,117,149,148,243,69,78,128,199,111,87,14,147,175,3,134,126,0,29,197,89,231,186,180,8,29,170,255,135,163,36,191,142,166,54,104,255,120,47,255,255,40,177,78,94,176,139,187,70,45,224,127,40,140,58,196,218,44,201,150,0,142,133,193,187,146,49,23,147,255,145,255,255,140,229,92,0,166,171,174,218,40,60,212,51,12,42,55,69,174,255
146,10,188,159,245,34,182,124,88,143,206,95,93,206,101,58,89,213,172,21,0,192,178,6,26,152,226,129,186,255,127,158,187,71,0,193,24,115,94,138,163,255,3,27,62,241,36,8,43,234,188,0,141,232,0,0,200,151,143,123,179,128,58,240,255,228,158,160,255,185,231,18,95,235,207,118,205,186,0,150,18,255,255,168,77,0,4,255,114,4,29,35,255,121,24,181,37,178,193,255,219,127,150,176,0,255,133,255,215,255,207,53,116,0,255,255,239,241,0,67,56,0,0,131,225,0,5,255
151,10,170,108,234,72,171,110,91,137,179,101,135,178,108,69,89,165,164,69,0,191,130,54,108,196,187,92,151,154,120,181,215,68,117,173,124,20,59,198,157,252,65,156,0,182,7,76,41,219,145,0,102,122,30,64,106,45,206,177,183,16,39,224,182,162,171,84,210,72,82,115,167,208,127,0,183,255,0,113,71,123,245,140,84,97,39,255,174,90,89,0,248,202,8,236,119,79,255,236,214,83,201,57,0,215,159,255,132,255,191,255,3,0,200,170,133,188,102,66,61,0,18,150,219,109,61,255
155,19,161,62,240,69,116,116,147,210,188,122,149,177,204,68,64,130,105,83,23,238,124,122,64,189,255,108,115,125,116,161,194,140,89,137,175,82,94,194,109,151,81,165,41,126,76,136,29,177,180,10,60,125,43,18,35,6,178,190,230,63,39,221,108,188,187,58,101,59,192,121,255,182,66,163,94,243,71,182,113,116,255,0,194,147,175,202,123,145,9,110,212,253,8,255,0,0,178,196,255,0,255,16,64,255,107,92,107,255,211,80,62,64,231,73,68,206,0,46,51,0,0,224,177,70,160,255
