175,8,146,96,214,75,77,129,148,175,151,51,119,147,101,35,109,238,197,194,0,208,99,178,69,152,150,185,123,68,193,131,106,82,139,130,139,120,184,136,115,174,31,143,123,164,133,92,124,110,126,93,128,77,86,149,125,105,113,206,129,121,121,96,174,167,81,125,144,135,146,111,127,187,138,154,132,137,92,168,99,194,152,130,92,102,139,201,146,88,62,145,95,112,110,171,88,51,122,211,206,122,120,114,105,183,83,113,170,128,179,136,66,137,71,55,148,184,49,217,102,115,101,84,171,148,69,255
175,8,146,96,214,75,77,129,147,174,151,51,119,147,100,35,109,238,197,194,0,208,99,178,69,152,150,185,123,68,193,131,106,82,139,130,139,120,184,135,115,174,31,143,123,164,133,92,124,110,127,93,128,77,86,150,125,105,113,206,129,121,121,96,174,167,81,124,144,135,146,111,127,187,138,154,132,137,92,168,99,194,152,131,92,102,138,201,146,88,63,145,95,112,110,170,88,51,122,210,206,122,120,114,105,182,83,113,170,128,179,135,66,137,71,55,148,184,48,217,102,115,101,84,171,148,69,255
175,8,146,96,214,75,77,129,148,175,151,51,119,147,100,35,109,238,197,194,0,208,99,178,68,152,150,185,123,68,193,131,106,82,140,130,139,120,184,135,115,174,31,143,123,164,133,92,124,110,127,93,128,78,86,150,125,106,113,206,130,122,120,96,174,167,81,124,144,135,146,111,127,187,138,154,132,137,92,168,99,193,153,131,92,102,138,201,146,87,62,144,94,112,110,171,88,51,122,211,206,122,120,114,106,183,83,113,170,128,179,135,66,137,71,55,148,184,49,217,102,115,101,85,172,149,69,255
175,8,146,96,214,75,76,129,148,175,151,51,119,146,100,35,109,238,197,194,0,208,99,178,68,153,150,185,123,68,193,131,106,82,140,130,139,120,184,135,115,174,31,143,124,164,133,92,125,110,127,93,128,78,86,149,124,106,113,206,129,122,120,96,174,167,81,125,144,135,146,111,128,187,138,154,132,137,92,168,99,193,153,131,92,101,139,201,146,87,62,144,94,112,110,171,88,51,122,211,205,123,120,114,105,183,83,113,170,127,179,135,66,137,70,55,149,184,49,217,102,114,101,85,172,150,69,255
175,8,146,96,215,76,77,129,148,174,151,51,119,147,100,35,109,238,197,194,0,208,99,178,69,152,150,185,123,68,193,131,106,81,139,130,138,120,184,136,114,174,31,143,123,164,132,91,124,110,126,93,128,77,86,150,125,105,113,205,129,121,121,96,175,167,81,125,144,135,146,112,127,187,139,154,132,137,93,168,99,194,152,130,92,101,138,202,147,88,62,146,96,112,110,170,88,50,123,211,206,121,120,114,105,182,83,113,169,129,179,136,66,136,72,55,147,184,49,217,102,116,101,83,170,148,69,255
175,8,146,96,214,75,77,129,148,175,151,51,119,147,100,35,109,238,196,194,0,208,99,177,69,152,150,185,123,68,193,131,106,82,139,130,139,120,184,136,115,174,31,143,123,164,133,92,124,110,126,93,128,77,86,150,125,106,113,206,130,121,121,96,174,167,81,124,144,135,146,112,127,187,138,154,132,137,93,168,99,193,152,130,92,102,138,201,146,88,63,145,95,112,110,171,88,51,122,210,206,122,120,114,106,183,83,114,170,129,179,136,67,137,71,55,148,184,48,217,102,115,100,84,171,148,69,255
169,21,152,117,212,75,78,76,148,194,110,45,101,152,108,90,143,150,135,122,75,203,111,97,103,189,127,202,180,153,94,138,103,101,136,143,121,85,81,50,99,146,50,141,118,120,138,129,60,183,132,195,83,96,168,164,216,32,70,151,255,160,82,208,53,211,160,87,88,202,87,182,157,255,108,189,100,174,226,100,122,99,91,105,0,139,79,85,172,102,163,126,132,113,154,213,19,125,126,200,173,74,30,53,131,255,110,242,140,229,213,9,3,173,10,5,70,90,0,230,85,184,18,122,180,143,59,255
159,28,159,43,243,78,137,70,157,219,116,59,84,252,109,129,139,172,167,120,103,246,135,118,59,252,156,255,133,127,103,75,160,69,67,122,125,90,160,143,113,144,0,178,105,130,157,116,42,255,173,166,182,125,248,134,209,29,128,251,145,80,34,183,205,19,118,111,216,6,121,69,237,95,122,128,51,113,201,176,34,255,194,255,94,13,190,229,110,14,0,222,175,255,7,173,0,0,151,246,74,0,61,18,94,255,166,140,136,155,76,0,0,44,0,0,138,13,0,157,75,16,0,117,255,0,157,255
164,32,165,53,240,81,124,46,152,226,130,36,63,247,119,119,121,187,202,140,106,212,115,109,60,251,98,255,212,128,137,118,149,63,29,150,99,20,192,146,66,185,0,166,183,174,147,167,41,249,196,183,129,158,255,157,254,47,116,166,145,134,38,175,179,91,89,84,181,101,79,163,212,162,82,79,74,147,222,163,83,223,127,209,29,33,138,209,96,0,0,167,204,255,26,144,0,32,137,217,22,0,17,0,114,255,164,128,112,172,79,52,0,67,0,0,79,40,30,148,128,0,0,63,213,42,66,255
166,33,166,62,234,69,132,36,161,210,130,61,69,219,112,95,124,175,175,147,58,203,146,141,60,244,142,255,218,142,105,120,114,24,34,128,102,0,236,117,79,158,0,158,169,194,158,133,84,255,199,181,154,180,255,113,231,82,119,153,151,97,20,180,176,95,95,107,181,86,114,150,255,139,22,32,26,119,144,181,98,244,183,255,19,51,118,182,150,0,0,119,93,255,1,221,0,0,87,165,60,46,69,39,179,241,109,209,114,171,118,22,0,74,76,0,0,42,0,157,229,0,0,123,255,170,56,255
160,17,169,60,189,62,135,22,203,252,57,87,77,252,55,113,134,199,208,149,82,156,189,92,115,226,109,246,203,126,0,60,189,0,38,11,13,0,255,244,0,100,0,192,240,215,114,255,0,255,202,175,28,210,251,165,186,18,0,59,38,8,0,243,255,24,229,156,194,95,165,101,244,208,87,45,0,219,134,171,96,231,255,255,155,119,254,185,125,0,0,255,93,143,3,232,35,109,138,116,82,62,126,25,197,255,91,176,199,164,60,6,0,0,255,18,0,0,0,220,149,51,0,145,255,56,255,255
160,25,165,57,225,73,138,82,185,227,98,106,103,236,87,137,156,179,130,139,76,251,152,156,90,202,158,255,166,181,49,93,153,26,73,135,98,0,248,173,60,89,0,198,105,170,205,152,49,255,197,112,127,182,255,167,212,56,124,146,132,33,0,182,144,61,141,75,176,24,107,69,226,111,178,76,14,182,142,192,45,255,255,250,7,55,169,220,119,0,0,186,62,255,0,216,0,72,158,255,173,0,168,84,255,255,76,189,106,155,100,11,0,7,103,0,0,0,0,237,255,0,0,34,255,45,94,255
156,24,166,40,222,71,148,51,152,240,105,85,85,252,95,153,118,211,201,139,94,207,156,91,55,255,117,255,171,71,43,81,207,35,64,104,76,18,242,209,14,154,0,180,159,172,93,238,30,255,201,156,124,160,233,131,180,40,24,212,115,33,0,201,255,0,190,175,229,8,165,132,223,164,78,94,0,161,220,253,0,255,169,234,146,75,235,255,103,0,0,255,190,255,30,255,29,0,188,177,53,0,47,4,116,255,153,193,152,98,83,54,0,0,117,0,99,3,0,141,18,62,0,165,255,0,239,255
159,23,169,61,198,48,153,59,173,234,80,96,114,245,53,137,162,157,164,165,87,241,197,102,89,219,124,255,179,108,4,57,172,0,114,176,38,55,255,192,83,115,0,238,175,191,124,166,36,255,167,69,81,145,211,71,155,45,116,136,96,71,25,71,241,0,154,91,255,5,169,0,194,253,230,98,51,171,199,145,74,255,255,255,75,135,228,255,152,0,0,255,110,223,98,191,113,49,179,239,215,0,58,133,159,255,195,193,136,99,58,27,0,0,147,99,53,0,0,255,82,0,0,110,186,33,255,255
160,33,158,49,241,81,116,49,122,236,127,54,56,255,122,147,144,188,225,138,92,255,154,123,72,255,75,255,200,125,90,134,194,54,50,106,29,26,239,183,0,154,0,193,200,189,35,255,26,255,229,156,106,145,255,153,255,48,90,195,45,51,0,184,211,67,204,149,158,97,78,137,253,137,108,93,99,112,170,255,20,255,190,144,47,41,202,219,172,0,0,188,182,255,21,167,0,0,213,161,0,0,2,0,109,225,129,198,152,156,83,44,0,0,34,107,120,128,0,116,139,93,0,207,255,0,130,255
160,34,148,40,255,84,120,37,112,209,161,65,53,228,105,122,90,158,171,150,44,255,145,146,122,187,72,255,132,69,149,164,73,67,7,127,78,62,153,105,189,125,0,151,196,221,118,134,121,255,188,94,198,196,215,125,252,106,133,255,150,91,0,153,192,74,39,114,150,115,79,169,255,109,103,89,74,60,183,255,0,255,169,155,138,0,242,251,165,29,0,220,82,255,119,229,0,0,197,109,0,0,5,0,33,111,163,255,165,122,253,26,0,8,11,23,153,199,0,147,45,104,0,103,191,70,43,255
158,34,152,45,253,92,123,34,134,238,137,44,80,246,93,118,121,162,235,140,74,250,106,127,105,255,70,255,198,94,92,170,117,42,0,126,79,84,156,192,74,161,0,178,202,188,26,218,109,255,255,132,116,160,250,158,239,66,107,255,153,94,0,207,240,33,140,131,164,170,109,230,255,145,119,101,53,111,247,255,0,161,156,136,76,27,254,245,166,0,0,184,182,255,61,161,0,0,209,152,0,0,0,0,72,255,176,242,128,255,116,134,0,0,81,120,79,54,17,163,95,67,39,112,255,115,207,255
154,25,159,48,231,86,155,69,156,250,119,104,112,255,99,162,119,232,221,130,100,217,157,99,61,246,120,255,172,75,31,87,202,34,45,94,22,21,255,203,18,97,0,240,120,136,65,255,3,255,255,171,81,176,255,149,178,48,25,213,146,9,0,235,253,15,255,182,236,107,198,194,255,113,102,105,0,205,199,255,0,184,153,255,118,111,255,255,116,0,0,255,165,215,50,255,70,0,252,87,60,3,81,0,95,255,204,184,125,83,74,121,0,0,228,46,20,0,0,218,0,185,0,102,255,0,204,255
160,31,150,44,245,80,115,49,127,207,147,76,61,221,106,120,129,121,165,144,51,255,124,122,121,192,99,255,137,93,138,157,96,65,17,133,60,47,155,103,152,133,0,138,173,228,131,141,128,236,193,76,130,181,229,129,245,62,122,225,146,99,0,111,149,77,90,61,150,124,19,166,255,130,112,114,97,94,181,255,0,254,181,103,108,45,142,171,97,0,0,230,106,255,96,255,17,0,184,178,35,0,0,0,57,216,61,189,130,192,132,0,0,32,82,59,150,146,0,163,84,2,0,149,191,30,0,255
157,24,160,41,226,98,143,34,159,254,101,93,80,255,67,156,133,194,255,161,95,200,136,110,90,242,87,255,206,80,11,96,175,15,0,89,0,2,255,166,0,97,0,227,229,202,72,255,34,255,255,175,86,169,255,165,212,55,34,146,107,16,0,189,255,49,214,124,214,80,124,200,190,186,91,75,0,171,193,255,0,167,202,222,112,121,255,230,134,0,0,255,75,221,49,244,33,17,134,139,30,52,0,0,136,255,148,216,170,193,35,91,0,0,255,96,70,17,0,186,145,59,0,50,255,0,255,255
158,28,155,38,242,88,133,25,128,241,135,55,72,255,77,133,169,147,234,108,109,246,119,142,79,255,40,255,179,88,49,168,148,67,0,169,50,50,144,206,66,112,0,155,211,221,83,253,74,255,188,86,61,154,248,215,191,60,137,176,106,101,0,122,225,16,143,97,138,148,28,122,150,153,88,100,108,112,217,255,4,255,170,150,105,99,151,172,140,0,0,168,255,217,84,191,53,0,121,247,21,0,11,0,67,255,143,171,160,138,31,123,0,0,123,145,133,84,0,85,152,0,79,76,176,0,221,255
160,32,158,49,250,88,121,58,143,221,127,62,68,242,108,134,153,152,180,121,80,255,114,134,85,239,81,255,164,124,119,139,135,73,23,140,81,63,145,142,114,160,0,162,156,206,134,186,116,235,189,119,134,170,255,165,255,8,145,255,147,133,0,131,178,86,125,66,198,164,26,158,212,133,133,138,94,123,180,211,33,227,225,147,23,16,141,192,141,0,0,153,178,255,14,190,0,19,176,211,2,0,33,29,115,255,87,206,151,237,156,48,0,4,70,142,111,77,8,142,136,0,0,124,255,36,112,255
153,29,149,26,255,98,123,54,127,245,121,70,59,255,86,141,176,155,205,82,110,255,75,125,108,250,45,255,118,79,126,197,135,105,0,191,60,82,64,166,138,147,0,142,175,215,119,213,158,245,219,109,145,130,255,201,255,0,167,255,150,170,0,137,179,68,142,53,210,197,33,135,144,52,137,122,132,134,207,255,0,171,240,51,5,0,150,191,176,60,0,156,232,211,42,186,0,0,171,205,50,0,58,14,0,255,91,233,116,255,176,127,0,0,143,122,201,82,0,99,96,0,36,150,255,0,114,255
154,27,152,36,241,97,135,52,135,249,113,82,75,255,79,150,151,172,214,126,100,234,94,116,94,253,78,255,167,84,79,143,148,62,0,138,54,41,194,168,49,147,0,203,162,189,84,240,111,255,255,130,103,148,255,171,205,0,102,249,127,67,0,188,221,75,157,108,199,137,110,175,200,114,150,103,30,180,205,255,0,150,200,138,94,66,245,200,119,0,0,240,185,241,13,239,22,0,206,179,21,0,0,0,94,255,114,237,143,255,80,133,0,0,147,74,92,14,0,169,79,30,0,136,255,0,133,255
159,25,152,51,219,48,117,43,152,212,112,92,68,214,64,109,141,126,156,141,38,255,137,91,138,191,101,255,168,114,69,123,135,10,7,152,74,0,203,134,99,115,0,154,178,255,90,155,80,255,201,58,105,193,242,97,231,69,95,137,128,93,0,109,199,65,139,35,128,48,87,103,205,172,194,96,95,137,179,218,24,255,223,150,92,48,171,168,101,0,0,198,90,255,112,255,44,0,182,202,102,0,0,57,142,255,76,230,75,208,121,62,0,40,117,46,88,46,0,240,142,0,0,145,200,143,126,255
154,24,158,37,230,86,131,45,142,239,87,92,76,255,89,156,131,175,204,101,79,222,108,97,88,242,86,255,175,59,66,129,189,58,0,117,30,0,228,172,16,131,0,173,218,244,57,255,26,255,237,118,41,181,228,125,193,5,79,206,100,85,0,181,235,54,173,150,172,70,71,151,144,172,114,81,14,213,170,255,0,233,222,146,174,85,219,233,110,0,0,207,120,227,46,255,0,22,210,165,41,0,10,20,34,255,83,123,110,199,90,161,0,0,233,77,105,111,0,159,105,0,12,163,244,0,209,255
152,26,148,36,251,83,158,77,124,226,85,101,106,255,106,142,187,134,132,43,85,255,127,81,58,255,83,255,102,131,129,108,141,65,56,169,0,92,121,139,187,123,0,255,93,194,71,166,126,255,153,67,108,161,237,134,168,0,168,255,97,76,70,145,99,2,107,126,255,0,116,20,255,144,255,116,120,161,203,255,0,255,255,136,101,63,255,232,81,9,0,218,210,204,138,255,62,11,255,170,138,12,0,53,0,255,155,187,161,255,110,160,0,0,114,204,192,133,0,255,62,49,43,193,255,0,97,255
154,30,152,25,255,100,129,45,92,244,121,91,35,231,113,166,116,167,185,95,91,255,87,110,105,244,54,255,145,32,131,195,147,124,0,195,34,86,112,127,120,167,0,163,214,220,69,209,148,255,206,102,142,176,252,95,245,17,182,255,143,209,0,206,220,68,191,152,221,94,78,159,129,119,91,121,113,162,183,255,0,248,177,55,107,0,183,231,193,140,0,186,193,247,89,255,0,0,216,197,13,0,2,0,0,162,133,255,155,229,144,156,0,0,173,88,191,197,0,132,59,25,75,234,204,0,11,255
156,32,151,29,255,97,115,59,101,231,146,95,45,215,146,131,89,153,160,123,68,255,102,147,136,229,105,255,90,51,160,219,113,147,5,170,81,73,95,100,147,160,0,142,201,199,132,150,143,209,214,91,147,125,225,123,245,32,159,255,156,153,0,178,211,63,146,133,144,95,42,136,184,102,2,99,105,114,201,255,0,255,201,49,114,32,178,220,189,130,0,196,136,255,77,223,0,0,211,204,77,0,5,38,0,161,69,213,150,234,161,72,33,0,116,0,235,247,0,134,113,0,16,205,150,0,58,255
156,31,153,26,255,95,130,64,95,242,120,112,19,218,127,160,94,175,173,87,77,255,124,72,117,242,50,255,135,62,148,187,157,158,0,185,3,61,132,161,86,148,0,81,248,200,90,207,102,248,209,117,159,195,255,136,255,40,155,255,99,207,0,135,216,44,213,178,187,46,21,151,180,91,50,93,137,87,165,255,0,255,188,82,118,6,185,253,200,146,0,203,177,255,147,255,0,0,212,213,8,0,0,0,0,170,115,193,240,171,77,103,15,0,188,44,255,246,0,128,130,130,35,194,194,0,7,255
154,26,142,29,247,72,124,72,117,213,123,102,67,241,122,121,132,128,128,88,55,255,133,94,111,252,111,255,98,82,156,153,133,81,26,143,88,69,100,114,185,162,0,196,127,210,108,137,94,242,208,79,163,129,255,66,210,0,126,255,76,79,9,114,170,27,94,96,212,6,90,99,255,78,168,109,96,122,197,255,0,255,243,90,161,18,243,221,82,28,0,255,105,255,86,248,37,0,255,122,79,3,0,0,0,199,96,165,153,255,108,74,0,55,58,38,255,95,0,164,40,58,0,255,220,0,18,255
161,31,159,65,221,46,90,61,136,194,118,79,49,200,115,111,144,124,135,127,14,255,126,86,136,194,101,255,139,121,154,132,142,34,68,92,43,77,166,91,119,160,0,115,199,232,117,148,80,255,171,75,119,143,155,113,222,40,63,210,139,66,0,119,152,39,89,97,153,83,105,63,242,150,183,149,117,102,167,255,29,255,170,122,129,61,152,196,131,4,0,203,132,255,83,243,0,21,255,231,71,0,0,44,96,255,41,174,70,187,149,24,0,74,72,88,159,77,0,171,65,112,0,222,156,180,98,255
161,31,174,42,223,72,127,40,145,247,120,70,59,244,112,122,116,192,213,161,83,219,188,108,67,245,123,255,216,99,92,87,188,41,19,96,51,0,255,196,2,186,0,139,210,197,103,219,57,255,247,201,127,152,246,99,213,0,7,233,63,63,22,183,229,38,156,176,243,32,174,146,252,142,51,67,15,137,186,241,27,255,170,221,117,64,170,215,141,7,0,207,179,255,18,206,0,1,139,170,0,0,61,45,119,255,115,182,123,208,29,29,0,0,129,30,178,118,0,80,79,31,0,139,162,48,255,255
156,22,165,47,219,95,166,59,166,255,105,102,111,255,60,151,134,231,222,167,116,183,155,123,73,231,107,255,207,105,0,51,180,15,53,105,25,24,255,204,0,99,0,255,146,138,117,255,57,255,255,173,50,123,255,182,147,66,30,168,135,11,0,210,243,0,216,163,255,44,219,129,220,164,110,54,0,192,210,255,0,176,155,255,160,140,255,255,102,0,0,255,178,157,0,237,59,0,217,121,107,0,112,10,196,255,175,230,212,108,25,118,0,0,190,0,22,0,0,232,0,39,0,47,255,0,255,255
156,27,167,34,236,112,141,42,148,255,80,108,84,255,109,176,102,227,250,144,119,199,132,112,83,247,111,255,191,60,44,98,218,56,0,95,0,0,255,163,0,124,0,255,218,161,41,255,0,255,255,170,92,196,255,145,215,14,69,166,130,49,0,255,255,61,248,195,245,67,108,192,152,197,107,37,0,187,198,255,0,177,181,208,105,111,255,255,161,0,0,237,65,255,43,189,0,30,191,180,48,75,47,0,43,255,137,136,125,181,97,101,0,0,254,83,122,113,0,196,136,45,0,29,255,0,212,255
158,28,171,51,234,90,131,63,174,240,103,92,105,255,67,165,136,204,218,157,82,241,129,124,73,232,94,255,200,134,38,83,210,12,17,99,36,59,255,191,29,116,0,206,147,166,119,239,64,255,255,196,89,165,255,167,223,39,45,213,154,27,0,98,247,48,233,136,223,90,150,165,217,175,119,106,9,172,221,199,49,250,172,238,86,116,248,255,157,0,14,255,128,255,0,209,0,44,213,138,31,0,47,13,109,255,174,200,118,149,66,90,0,0,230,178,131,6,0,253,93,110,12,69,255,0,226,255
160,26,164,56,224,72,127,54,181,226,92,93,102,226,71,122,165,152,182,153,86,225,141,130,87,200,123,255,173,127,56,129,167,12,6,161,38,0,245,152,45,123,0,175,161,251,150,173,81,255,225,139,97,170,247,139,201,26,103,162,155,87,23,125,180,43,133,58,183,53,112,91,182,163,169,163,48,162,227,157,58,252,198,158,43,73,120,181,133,0,0,224,123,228,37,200,0,12,149,191,133,0,59,65,196,255,76,133,102,198,59,6,0,0,147,73,0,0,0,227,187,0,0,62,237,23,164,255
156,28,159,87,244,91,107,58,195,217,78,42,123,246,83,106,62,197,250,204,15,131,139,143,150,177,116,217,186,89,75,146,140,23,0,131,1,26,255,174,0,136,0,251,189,184,131,212,0,255,255,153,116,145,255,124,178,23,30,189,95,0,113,154,212,84,116,102,255,61,249,157,251,192,202,100,0,169,241,154,0,29,167,188,78,34,255,255,225,0,0,255,66,112,63,55,70,64,215,0,32,196,53,16,249,255,128,214,144,255,255,190,0,0,68,122,22,0,0,255,54,255,0,53,198,215,255,255
175,8,146,96,215,75,76,129,148,175,151,51,119,147,100,35,109,238,197,194,0,208,99,178,69,152,150,185,123,68,193,131,106,82,139,130,139,120,184,136,115,174,31,143,123,164,133,92,124,110,127,93,128,77,86,149,125,106,113,206,129,121,120,96,175,167,81,125,144,135,146,111,127,187,138,154,132,137,92,168,99,194,152,130,92,102,138,201,146,88,62,145,95,113,110,171,88,51,122,211,206,121,120,114,105,183,83,113,169,128,179,136,66,137,71,55,148,184,49,217,102,115,100,84,172,148,69,255
175,8,146,96,214,75,76,129,147,175,151,51,119,146,100,35,109,238,197,194,0,208,98,178,68,153,150,185,123,68,193,131,106,82,140,130,139,120,184,135,115,174,31,143,123,164,133,92,125,110,127,93,128,77,86,150,124,106,113,206,129,122,121,96,174,167,81,125,144,134,147,111,128,187,138,154,132,137,92,168,99,193,153,131,92,101,139,201,146,87,62,145,94,112,110,170,88,51,122,211,205,123,120,115,105,182,83,113,170,127,179,135,66,137,71,55,149,184,49,217,102,114,101,85,172,149,69,255
175,8,146,96,214,75,76,129,148,175,151,51,119,146,100,35,109,239,197,194,0,208,99,178,68,153,150,185,123,68,193,131,106,82,139,130,139,120,184,135,115,174,31,143,124,164,133,92,125,110,127,93,128,78,86,149,124,105,113,206,129,122,120,96,175,167,81,125,144,135,146,111,128,187,138,154,132,137,92,168,99,194,153,131,92,101,139,201,146,87,62,145,94,112,110,170,88,51,122,211,205,122,120,115,105,183,83,113,170,127,179,135,66,137,71,55,149,184,49,217,102,114,101,85,172,149,69,255
157,21,134,103,239,64,117,75,129,192,188,69,152,101,143,55,82,90,189,223,0,255,142,155,156,43,189,112,101,102,152,136,39,157,141,135,99,86,5,63,128,212,96,210,184,147,64,136,174,228,119,114,96,74,117,71,158,34,24,127,234,7,93,224,118,65,64,111,255,45,124,108,255,225,109,192,148,114,49,148,122,168,231,47,32,168,125,124,221,47,98,243,131,158,39,178,55,12,207,144,255,0,139,107,15,203,98,255,169,167,255,0,7,172,244,0,90,107,17,141,18,26,0,145,215,193,148,255
152,28,124,57,255,72,88,40,78,222,234,24,105,86,208,76,0,142,195,180,23,255,0,85,196,100,145,150,160,0,97,225,0,141,139,223,142,0,0,138,255,136,0,181,153,255,126,0,226,231,226,53,201,157,57,75,236,107,181,229,222,204,0,255,75,182,148,8,255,0,119,205,132,255,120,181,184,5,146,255,0,62,134,0,83,0,201,100,255,123,26,240,125,204,199,255,49,0,98,255,35,0,0,0,0,86,240,248,210,146,255,0,10,0,0,0,178,255,55,255,132,170,0,44,16,197,0,255
152,24,121,39,255,112,112,64,101,234,209,40,145,135,151,88,40,132,146,235,21,255,56,210,255,15,160,103,55,0,130,203,0,255,140,158,117,64,4,118,255,153,0,255,186,223,149,132,198,222,163,61,160,156,50,103,150,6,145,208,227,107,0,180,71,106,100,129,255,0,85,171,91,255,148,226,165,0,132,222,0,184,253,1,103,75,202,151,225,90,0,255,29,222,115,200,4,0,162,206,255,0,27,249,0,255,179,255,255,255,145,36,0,0,82,0,131,205,16,162,255,0,0,36,108,0,65,255
153,32,141,70,255,87,123,94,119,208,185,87,168,180,109,57,97,115,174,153,29,255,128,168,143,26,213,156,0,41,193,131,92,210,60,124,96,98,73,168,191,171,22,134,96,188,99,149,132,178,241,84,75,218,53,206,176,20,171,255,214,105,34,215,104,161,239,135,255,0,165,130,194,198,160,144,158,40,39,202,14,224,225,47,86,83,71,35,152,15,20,226,255,251,120,148,48,0,60,255,204,3,161,200,0,255,234,255,231,219,255,97,61,0,255,120,140,207,0,236,85,37,0,64,255,23,87,255
152,29,144,75,255,70,112,99,135,201,197,80,186,163,142,41,90,104,169,144,9,255,152,161,135,32,217,167,32,74,164,103,95,174,65,114,115,82,39,139,134,199,91,112,107,201,99,129,76,219,243,83,48,191,25,138,126,5,105,207,218,50,2,195,103,163,215,112,255,8,92,121,145,163,94,95,185,102,104,244,82,195,190,55,121,131,43,81,113,16,43,231,171,191,107,190,35,0,172,255,220,0,162,130,0,255,124,213,151,179,255,54,21,39,255,64,140,182,1,214,119,0,0,131,255,37,119,255
149,24,136,63,255,98,98,109,152,196,186,100,191,138,112,74,74,145,167,198,0,255,83,255,229,14,220,95,50,50,198,158,33,226,116,67,120,116,26,50,211,237,13,254,199,205,90,97,89,233,182,46,84,154,2,17,82,36,129,255,255,39,93,201,59,73,231,152,255,0,152,117,29,242,203,86,153,65,183,214,0,170,252,0,87,87,199,180,201,41,0,255,13,223,162,173,0,0,188,167,255,0,127,255,0,255,218,208,160,255,255,208,82,18,235,26,173,255,0,255,196,25,0,10,255,17,120,255
153,22,134,56,255,106,103,72,117,230,219,90,164,132,163,84,60,116,131,226,0,255,98,255,255,30,162,57,32,0,178,159,0,255,153,55,113,93,0,77,255,224,20,255,255,177,167,141,133,206,173,40,106,168,20,63,118,82,110,177,255,51,38,167,95,85,108,106,255,38,121,111,101,255,97,226,167,98,137,150,0,102,251,7,203,175,173,103,155,50,0,255,0,233,100,210,0,0,182,255,255,0,81,255,0,249,165,255,211,255,181,0,25,64,191,0,97,144,0,178,101,0,0,85,65,0,240,255
154,30,146,52,255,73,115,74,131,226,212,74,160,169,184,72,52,138,175,159,0,255,124,171,189,68,166,193,44,0,118,149,31,220,88,139,69,78,0,134,188,137,57,130,180,210,141,142,111,255,224,36,142,235,5,164,191,82,110,201,250,137,0,143,78,146,141,61,255,2,87,126,107,212,60,111,206,81,204,240,43,171,204,87,110,131,85,64,115,54,0,255,139,138,249,255,0,0,157,255,210,0,54,92,0,255,155,255,147,182,239,0,6,0,185,0,177,182,0,165,188,0,0,102,61,67,227,255
161,29,159,79,238,71,82,60,126,209,182,74,144,160,155,70,75,129,160,168,0,252,61,185,137,75,190,156,138,85,95,90,103,143,85,89,114,111,39,99,169,145,82,204,201,158,136,107,83,214,154,64,147,255,10,158,223,181,130,201,255,94,9,176,58,207,93,17,221,63,119,159,185,253,90,198,173,147,171,191,176,99,161,86,160,121,109,175,134,68,124,177,113,188,91,255,0,0,159,253,198,0,44,70,69,197,131,241,132,203,165,0,161,91,164,105,110,176,0,135,148,15,38,43,60,129,134,255
155,21,156,80,223,67,109,62,124,209,207,112,144,114,175,64,31,108,174,178,0,232,89,161,157,77,158,103,143,90,68,116,93,181,101,124,131,73,4,105,111,201,97,224,219,117,123,127,115,254,166,1,182,224,51,33,170,80,116,154,235,40,0,123,128,200,107,27,255,19,71,120,125,255,0,144,139,172,106,128,173,64,255,71,192,220,130,138,214,45,110,185,38,240,9,255,17,0,179,246,255,0,138,94,0,167,121,214,235,255,207,0,140,166,255,60,215,51,0,176,60,0,0,122,41,78,123,255
160,22,164,94,220,48,98,42,118,189,175,97,160,151,136,64,120,92,189,156,24,169,74,136,117,108,181,138,207,144,33,116,84,108,117,136,96,87,103,60,79,106,40,203,217,134,135,93,137,255,95,110,218,162,6,30,179,95,154,231,238,79,40,28,165,172,28,59,255,0,154,34,182,255,14,200,157,80,174,116,90,165,194,98,158,195,30,255,250,7,85,166,124,128,0,255,41,0,81,197,233,0,15,112,88,130,139,176,255,141,249,0,109,215,212,57,123,46,0,153,85,2,119,91,26,162,0,255
152,19,148,50,237,60,107,67,151,222,130,92,142,182,103,98,68,109,153,125,57,184,58,141,183,87,212,224,120,22,52,184,32,124,110,255,69,35,160,115,226,46,0,205,230,255,194,8,162,251,207,42,174,127,62,0,158,43,242,255,214,123,0,51,41,82,74,33,255,0,255,84,68,229,180,166,230,0,188,84,0,213,255,146,152,154,80,138,210,0,94,198,16,118,114,255,14,0,25,255,255,0,3,255,0,255,206,121,108,255,102,159,85,126,255,0,255,113,0,227,255,0,6,22,0,43,15,255
151,21,140,48,254,88,106,75,132,213,158,81,146,150,137,82,51,135,182,171,31,219,16,157,188,62,194,177,132,0,120,158,38,207,86,180,102,62,120,109,149,161,0,160,185,194,129,100,139,255,220,47,171,214,51,29,163,25,170,255,230,134,0,182,91,129,131,122,226,0,174,151,58,245,134,144,134,32,154,153,0,154,209,32,97,144,103,132,183,80,0,217,69,212,106,253,0,0,188,255,245,0,91,155,0,255,187,137,173,255,189,118,86,35,199,0,255,228,0,173,167,0,0,133,0,0,0,255
152,19,142,77,236,69,99,61,149,200,147,70,151,180,120,98,69,105,159,181,0,255,114,174,174,73,241,189,146,57,59,105,66,185,167,206,80,97,90,49,218,79,0,255,255,255,215,7,128,241,172,65,136,106,90,0,165,132,159,134,255,38,0,44,122,0,99,89,255,0,233,0,165,255,131,133,240,44,133,85,0,82,255,184,216,218,154,163,118,0,117,234,0,168,126,255,90,13,51,130,255,182,27,255,25,255,159,255,100,255,131,51,0,234,203,122,255,133,0,177,240,0,0,73,0,0,242,255
154,21,146,57,247,95,55,14,86,242,187,26,135,116,164,32,36,71,112,255,0,223,54,249,177,65,192,33,112,73,91,144,51,253,122,201,194,54,0,64,232,158,0,255,254,221,166,165,107,154,90,27,118,255,91,134,210,131,126,117,208,69,0,209,50,143,0,49,255,0,47,157,205,255,59,255,176,87,168,67,0,55,255,70,152,72,255,224,255,177,199,215,0,255,204,107,0,0,89,197,222,63,0,255,0,255,255,167,196,255,0,17,195,163,103,222,161,173,0,233,255,0,0,0,29,0,222,255
155,18,141,83,221,64,113,91,150,198,183,86,162,129,132,75,110,102,180,208,0,255,146,158,155,50,217,115,118,85,99,125,69,95,172,100,148,37,71,55,136,195,76,215,135,192,86,105,140,252,183,89,51,80,78,35,189,52,36,172,245,92,30,202,67,119,151,41,255,0,130,157,180,242,127,167,99,168,159,163,18,101,206,70,123,156,65,70,85,10,109,202,87,181,88,255,17,9,133,171,201,0,49,158,87,255,94,209,129,255,188,81,86,181,255,0,134,140,0,213,35,0,0,62,125,72,156,255
155,23,135,66,254,74,100,81,145,208,198,75,146,164,156,63,56,121,175,182,0,253,113,153,194,60,185,131,91,21,87,154,23,218,99,169,106,73,41,130,188,168,15,120,203,250,176,83,94,215,180,33,78,149,68,70,144,87,164,180,229,141,0,93,36,150,175,53,255,0,118,167,109,233,134,147,172,3,194,152,8,176,222,61,167,111,65,57,76,5,0,215,103,144,154,255,0,0,144,239,233,0,0,233,0,255,197,255,164,255,132,40,53,72,195,0,136,98,0,224,221,0,0,126,45,130,65,255
154,16,145,68,220,64,114,90,154,202,165,96,155,169,134,71,110,116,147,180,9,229,126,133,166,74,238,158,149,64,38,116,91,99,160,175,179,62,116,92,198,117,0,242,156,218,178,90,91,239,188,47,97,76,91,0,130,0,162,199,202,121,0,74,80,75,189,65,255,0,165,96,176,255,70,125,137,103,112,98,23,167,244,88,163,172,93,155,91,0,79,235,50,208,60,232,92,25,86,111,255,2,104,177,81,255,127,161,170,248,144,55,81,184,253,16,232,122,0,197,99,0,0,104,44,44,117,255
148,12,146,88,227,86,114,53,116,214,223,92,131,110,206,59,13,88,121,248,0,255,146,187,212,83,150,31,93,123,145,137,10,211,115,138,153,112,0,27,151,191,40,255,247,81,181,150,197,230,176,25,99,111,108,18,142,0,94,60,161,0,0,173,118,132,22,59,255,0,121,49,192,255,0,242,216,255,10,231,0,13,255,21,244,166,255,153,255,103,130,255,0,253,12,179,64,3,183,191,255,71,255,250,0,151,91,253,255,236,241,0,130,181,255,40,255,18,27,136,59,0,0,54,30,88,185,255
153,17,158,91,209,78,84,74,132,211,177,97,138,138,172,67,104,106,138,157,0,255,77,179,131,107,165,134,106,111,131,115,108,89,91,143,128,100,0,0,163,220,60,209,175,94,122,146,153,237,204,73,98,178,123,53,172,11,83,162,213,83,0,255,99,157,129,45,221,16,120,155,119,247,48,133,130,241,78,216,64,68,255,124,72,93,141,55,215,165,191,244,107,252,68,255,77,0,195,255,231,0,138,51,0,125,73,255,176,217,230,84,234,154,255,40,199,117,0,134,146,32,53,160,85,0,148,255
164,16,144,119,206,70,89,97,139,189,135,62,102,124,107,54,87,149,185,157,32,197,111,111,100,159,158,153,141,137,145,139,95,116,124,144,98,73,101,52,122,194,131,169,190,147,128,120,86,211,110,196,94,69,155,111,157,84,14,197,199,100,96,198,118,103,144,65,156,153,90,149,169,191,138,124,117,137,183,56,153,152,175,139,33,119,136,151,137,108,122,131,79,95,133,210,66,98,94,93,220,63,70,73,144,189,173,188,124,153,205,96,58,135,161,52,119,120,0,88,92,104,41,206,168,71,123,255
175,8,146,96,214,75,77,129,147,174,151,51,119,147,100,35,109,238,196,193,0,208,99,177,69,153,150,185,123,68,193,131,106,82,139,130,139,120,184,135,115,174,31,143,123,164,133,92,124,110,127,93,128,78,86,150,125,106,113,206,130,122,120,96,174,167,81,124,144,135,146,111,127,188,138,154,132,137,92,167,99,193,152,131,92,102,138,201,146,88,63,144,94,113,110,171,88,51,121,210,206,122,120,114,106,183,83,114,170,128,178,135,66,137,71,56,148,184,48,217,102,115,101,85,172,148,69,255
175,8,146,96,215,76,77,129,148,174,151,51,119,147,100,35,109,238,197,194,0,208,99,178,69,152,150,185,123,68,193,131,106,81,139,130,138,120,184,136,114,174,31,143,123,164,132,91,124,110,126,93,128,77,86,150,125,105,113,205,129,121,121,96,175,167,81,125,144,135,146,112,127,187,139,154,132,137,93,168,99,194,152,130,91,102,138,202,147,88,62,145,96,112,110,171,88,50,123,211,206,121,120,114,105,182,83,113,169,129,179,136,67,136,72,55,147,184,49,217,102,115,101,83,170,147,69,255
175,8,146,96,215,76,77,129,148,175,151,51,119,147,100,35,109,238,197,194,0,208,99,177,69,152,150,185,123,68,193,131,106,81,139,130,139,120,184,136,115,174,31,143,123,164,132,92,124,110,126,93,128,77,86,150,125,106,113,206,130,121,121,96,174,168,81,124,144,135,146,112,127,187,138,154,132,137,93,168,100,194,153,130,92,102,138,201,146,88,63,145,96,112,110,171,88,50,122,211,206,121,120,114,105,183,83,114,170,129,179,136,67,136,71,55,148,184,49,217,102,115,100,84,171,147,69,255
175,8,146,96,214,76,77,129,148,175,151,51,119,147,100,35,109,238,197,193,0,208,99,177,69,152,150,185,123,68,193,131,106,82,139,130,139,120,184,135,115,174,31,143,123,164,133,92,124,110,126,93,128,77,86,150,125,106,113,206,130,121,121,96,174,167,81,124,144,135,146,112,127,187,138,154,132,137,93,168,99,193,153,130,92,102,138,201,146,88,63,145,95,112,110,171,88,51,122,210,206,122,120,114,106,183,83,114,170,129,179,136,67,137,71,55,148,184,49,217,102,115,100,84,171,148,69,255
175,8,146,96,214,75,76,129,148,175,151,51,119,146,101,35,109,238,196,194,0,208,99,178,68,153,150,185,123,68,193,131,106,82,139,130,139,120,184,135,115,174,32,143,124,164,133,92,124,110,127,93,128,78,86,149,125,106,113,206,129,122,120,96,174,167,81,125,145,135,146,111,128,187,138,153,132,137,92,168,99,193,153,131,92,102,139,201,146,87,62,144,94,113,110,171,87,52,121,211,205,123,120,114,105,183,82,113,170,127,179,135,66,137,70,55,149,184,49,217,102,114,101,85,173,150,69,255
175,8,146,96,215,76,77,129,148,174,151,51,119,147,100,35,109,238,197,194,0,208,99,178,69,152,150,185,123,68,193,131,106,81,139,130,138,120,184,136,114,174,31,143,123,164,133,91,124,110,126,93,128,77,86,150,125,105,113,205,129,121,121,96,175,167,81,125,144,135,146,112,127,187,139,154,132,137,93,168,99,194,152,130,92,101,138,202,147,88,62,145,96,112,110,171,88,50,122,211,206,121,120,114,105,182,83,113,169,128,179,136,66,136,72,55,148,184,49,217,102,115,101,83,171,148,69,255
175,8,146,96,214,76,77,129,148,175,151,51,119,147,101,35,109,238,196,193,0,208,99,177,69,152,150,185,123,68,193,131,106,82,139,130,139,120,184,136,115,174,31,143,123,164,132,92,123,110,126,93,128,77,86,150,125,106,113,206,130,121,121,97,174,168,81,124,144,135,146,112,127,188,138,154,131,137,93,168,100,193,152,130,91,102,138,201,146,88,63,145,95,112,110,171,88,50,122,210,206,121,120,114,106,183,84,114,170,129,178,136,67,137,72,55,148,184,48,217,102,115,100,84,171,147,69,255
175,8,146,96,214,76,77,129,148,174,151,51,119,147,100,35,109,238,197,193,0,208,99,177,69,152,150,185,123,68,193,131,106,82,139,130,139,120,184,136,115,174,31,143,123,164,132,92,123,110,126,93,128,77,86,150,125,106,113,205,130,121,121,97,174,168,81,124,144,135,146,112,127,187,138,154,131,137,93,168,100,194,152,130,91,102,138,202,146,88,63,145,96,112,110,171,88,50,122,210,207,121,120,114,105,182,84,114,170,129,178,136,67,136,72,55,147,184,48,217,102,116,100,83,170,147,69,255
175,8,146,96,214,75,77,129,147,175,151,51,119,147,101,35,109,238,196,193,0,208,99,177,69,152,150,185,123,68,193,131,106,82,140,130,139,120,184,135,115,174,32,143,123,164,133,92,124,110,127,93,128,78,86,150,125,106,113,206,130,122,120,97,174,167,81,124,144,134,146,111,127,188,138,154,132,137,93,167,99,193,152,131,92,102,138,201,146,88,63,144,94,112,110,171,88,51,121,210,206,122,120,114,106,183,83,114,171,129,178,135,67,137,71,56,148,184,48,217,102,115,101,85,172,148,69,255
175,8,146,96,215,76,77,129,148,175,151,51,119,147,100,35,109,238,197,194,0,208,99,178,69,152,150,185,123,68,193,131,106,81,139,130,139,120,184,136,115,174,31,143,123,164,133,92,124,110,126,93,128,77,86,150,125,106,113,206,129,121,121,96,175,167,81,125,144,135,146,111,127,187,139,154,132,137,92,168,99,194,153,130,92,102,138,201,146,88,62,145,95,112,110,171,88,51,122,211,206,121,120,114,105,183,83,113,170,128,179,136,66,137,71,55,148,184,49,217,102,115,100,84,171,148,69,255
175,8,146,96,215,75,76,129,148,175,151,51,119,147,100,35,109,238,197,194,0,208,99,178,68,152,150,185,123,68,193,131,106,81,139,130,139,120,184,136,115,174,31,143,123,164,133,91,124,110,126,93,128,77,86,149,125,105,113,206,129,122,121,96,175,167,81,125,144,135,147,111,127,187,139,154,132,137,92,168,99,194,152,131,92,101,139,201,146,87,62,145,95,112,110,171,88,51,122,211,206,122,120,114,105,182,83,113,170,128,179,136,66,137,71,55,149,184,49,217,102,115,101,84,171,149,69,255
175,8,146,96,214,75,77,129,148,174,151,51,119,147,100,35,109,238,197,194,0,208,99,178,69,152,150,185,123,68,193,131,106,82,139,130,139,120,184,135,115,174,31,143,123,164,133,92,124,110,126,93,128,77,86,150,125,106,113,206,130,121,121,96,174,167,81,124,144,135,146,111,127,187,138,154,132,137,93,168,99,193,152,131,92,102,138,201,146,88,63,145,95,112,110,171,88,51,122,210,206,122,120,114,105,182,83,113,170,128,179,136,66,137,71,55,148,184,49,217,102,115,101,84,171,148,69,255
175,8,146,96,214,75,77,129,148,175,151,51,119,147,101,35,109,238,196,194,0,208,99,177,69,152,150,185,123,68,193,131,106,82,139,130,139,120,184,136,115,174,31,143,123,164,133,92,124,110,126,93,128,77,86,150,125,106,113,206,130,121,121,96,174,167,81,124,144,135,146,112,127,187,138,154,132,137,93,168,99,194,152,130,92,102,138,201,146,88,63,145,95,112,110,171,88,51,122,211,206,122,120,114,105,183,83,113,170,128,179,136,67,137,71,55,148,184,48,217,102,115,100,84,171,148,69,255
