156,16,172,73,225,88,134,106,183,176,107,108,177,160,56,87,137,159,139,190,61,208,79,117,86,163,163,165,190,140,96,76,80,63,84,169,153,35,178,122,156,253,0,148,30,158,56,167,74,255,249,115,99,75,170,65,154,62,13,213,223,0,0,171,157,127,134,48,161,86,131,244,255,236,46,34,35,255,239,227,61,58,203,210,0,111,141,255,241,0,84,255,221,186,81,119,126,24,146,255,161,0,131,0,232,251,84,130,148,74,255,255,152,13,120,109,55,63,71,255,73,87,0,14,255,107,65,255
147,8,161,43,222,81,130,98,179,221,107,120,169,202,42,83,140,185,142,160,81,182,56,105,142,175,113,196,214,143,86,77,86,0,63,197,151,32,204,134,94,255,0,91,27,132,120,202,73,255,247,18,16,104,215,90,163,24,24,198,223,0,0,212,92,51,127,0,201,40,209,201,244,199,88,0,0,255,255,255,0,0,232,135,6,37,255,255,195,0,0,255,255,135,33,161,71,82,217,255,195,16,255,0,255,229,96,134,104,148,255,255,189,34,61,27,107,114,0,255,7,77,0,0,255,97,7,255
153,7,160,60,220,76,155,93,147,188,77,109,190,158,33,99,172,168,71,171,107,170,92,141,138,160,89,100,139,102,114,78,50,89,128,242,135,42,128,174,105,255,0,21,41,22,0,233,97,205,134,0,140,52,129,0,131,30,92,139,134,0,0,200,96,14,129,96,237,52,176,62,255,255,135,96,10,255,255,255,0,4,255,169,0,0,223,255,255,62,113,255,255,168,61,192,255,123,255,255,225,0,255,102,255,67,231,111,255,145,255,255,183,80,0,0,184,22,116,83,39,177,0,0,227,88,0,255
151,17,153,69,244,78,112,65,143,182,76,95,139,160,86,112,151,123,122,119,39,195,79,107,89,220,94,139,112,81,126,152,108,100,43,211,81,68,0,139,78,221,0,62,86,160,109,155,120,246,85,25,141,100,119,109,143,0,124,188,139,0,37,185,159,118,1,102,190,13,151,59,170,185,215,69,92,150,195,184,27,110,255,85,44,86,170,160,255,37,55,163,115,110,0,193,70,66,231,238,188,15,91,123,97,255,213,141,136,255,255,255,25,65,153,98,130,3,0,239,126,73,0,132,198,60,108,255
150,29,140,60,255,70,108,78,131,188,93,87,149,200,39,57,222,101,173,58,24,255,66,138,100,180,49,255,51,43,255,171,155,89,0,232,0,0,77,118,175,205,0,69,167,255,63,196,117,135,131,124,78,135,239,232,255,0,137,220,242,106,70,29,206,152,145,2,71,157,16,119,255,166,179,206,132,34,208,132,61,91,255,0,0,65,115,166,150,159,107,111,161,125,19,255,0,32,217,110,63,0,0,161,0,196,235,75,202,255,255,255,17,67,255,183,0,193,0,169,189,25,76,137,255,13,91,255
150,27,118,24,255,98,143,36,100,213,89,28,74,255,0,139,220,120,255,116,50,255,0,76,97,255,0,255,95,70,179,255,149,85,0,66,77,118,33,155,114,192,0,212,255,255,0,255,255,255,255,46,255,42,249,111,255,0,255,255,133,152,0,34,255,161,187,12,235,179,74,81,255,255,43,196,0,255,53,255,0,66,249,0,59,0,255,201,153,255,0,255,160,255,202,187,0,255,255,0,149,255,78,0,0,197,255,237,255,255,255,174,0,11,0,255,155,35,47,122,64,185,255,255,255,38,0,255
144,21,112,15,255,100,125,27,91,186,110,45,4,255,17,134,138,96,192,166,10,255,0,24,204,255,0,227,78,21,190,255,75,152,0,75,56,131,44,105,131,190,0,197,255,225,0,218,255,224,255,30,226,0,255,109,255,0,255,255,95,201,12,0,254,202,170,44,224,114,0,0,255,255,3,247,147,255,0,255,0,61,255,0,130,0,255,153,255,224,0,255,96,255,46,133,0,162,255,0,133,255,66,0,0,200,221,157,255,255,255,218,0,71,0,255,241,105,0,134,0,120,200,255,183,33,20,255
155,34,136,39,255,112,156,18,67,244,143,25,60,255,15,141,118,181,255,177,71,217,0,66,43,255,0,254,156,37,168,188,38,153,0,189,84,112,56,175,115,109,0,122,216,213,0,171,255,255,150,125,228,0,195,255,231,0,255,195,191,175,64,127,213,117,113,110,251,128,89,85,255,252,0,48,0,246,10,255,101,46,154,8,0,0,252,255,255,255,0,255,255,75,123,110,0,29,224,0,201,102,41,0,0,103,255,244,255,255,255,243,0,0,0,169,175,144,145,109,213,134,255,100,255,114,0,255
154,38,148,34,255,118,157,80,83,239,137,106,54,255,156,121,89,186,146,117,40,255,60,116,129,233,58,255,61,23,230,157,111,193,6,210,93,87,131,104,176,115,0,198,136,197,123,186,177,213,238,55,216,158,255,217,237,0,235,255,157,54,143,173,199,58,194,192,163,88,52,174,255,168,0,18,71,150,116,255,0,245,206,132,0,0,230,253,229,140,0,255,175,255,138,217,36,0,245,22,151,0,32,140,0,109,75,172,255,255,255,122,0,0,44,108,255,255,0,160,154,59,53,190,234,36,0,255
152,32,148,43,255,71,134,97,135,205,126,77,138,255,82,87,190,156,145,48,33,255,134,134,54,184,96,255,41,68,208,125,159,89,89,255,25,0,61,177,244,166,0,167,83,255,250,183,60,171,7,97,63,179,220,255,255,0,152,255,202,78,0,4,102,89,230,0,58,145,0,178,255,153,59,63,196,34,211,255,0,233,249,0,22,153,37,219,0,29,0,140,255,152,103,255,25,0,192,32,0,0,0,95,0,158,169,152,173,184,90,223,160,50,255,77,217,221,0,122,217,0,0,183,255,0,30,255
149,33,133,19,255,100,139,68,100,208,123,100,57,255,104,112,118,156,178,69,6,255,31,68,150,249,0,255,24,0,240,232,134,164,0,163,14,54,63,121,235,143,0,139,217,251,17,195,230,255,255,75,147,136,255,211,255,0,253,255,143,189,37,0,196,116,213,141,192,147,4,127,255,180,46,173,119,142,163,255,0,216,255,0,11,0,255,192,136,212,0,252,255,254,255,255,0,11,255,0,33,4,0,113,0,217,238,128,255,255,255,246,0,0,149,255,243,251,0,221,34,119,219,255,225,39,0,255
143,18,111,48,255,55,104,42,134,181,133,122,120,238,77,70,150,122,195,52,22,236,0,33,132,255,21,255,0,3,255,215,169,30,0,77,62,20,0,73,224,211,0,123,168,204,0,174,250,255,255,33,195,55,255,133,255,0,255,255,206,174,0,0,223,126,187,82,173,51,98,0,255,243,139,255,120,222,149,255,0,148,255,0,89,118,255,171,131,229,0,126,235,255,242,255,0,62,255,0,194,255,5,0,0,247,255,37,255,255,255,255,0,39,172,255,148,222,8,246,52,163,140,255,255,54,0,255
151,27,142,28,255,70,132,80,118,199,113,108,38,214,117,127,82,158,160,78,0,255,58,50,161,237,0,253,118,0,255,205,146,161,0,180,36,0,72,122,246,196,0,73,255,255,52,191,148,172,185,98,174,161,255,116,255,0,125,255,111,168,68,0,217,62,118,84,192,119,0,173,255,193,25,175,56,175,98,183,56,220,255,0,0,0,193,255,141,255,0,243,55,255,139,255,0,162,255,0,0,0,0,227,0,184,223,74,186,255,255,218,59,133,224,0,224,112,44,108,67,97,38,255,220,154,0,255
144,25,122,26,255,93,138,53,99,208,126,42,48,255,23,134,180,132,191,117,28,255,12,53,109,255,0,255,76,73,153,198,88,147,0,98,82,99,64,165,155,184,0,220,174,199,0,247,255,242,255,56,254,32,255,116,255,0,255,255,158,169,0,44,232,188,193,59,255,82,65,79,255,180,84,246,110,255,43,255,0,64,255,0,108,0,255,246,255,255,0,255,137,214,61,255,0,72,255,0,174,152,82,0,0,178,255,255,255,255,255,255,0,136,102,255,246,84,80,134,0,144,174,255,255,0,0,255
158,40,146,42,255,103,124,32,77,213,168,15,34,234,97,88,68,173,209,127,46,220,10,88,72,255,32,255,187,76,206,130,91,86,35,196,143,98,147,148,190,177,0,106,129,233,130,92,217,240,198,153,147,104,238,229,218,0,204,255,174,128,95,237,213,94,162,157,104,119,142,255,255,178,0,0,17,64,100,247,98,189,116,65,0,0,181,255,255,255,0,182,212,255,126,184,0,0,82,30,0,0,0,30,0,99,200,255,159,255,255,210,0,0,0,84,227,255,8,198,151,83,178,235,198,188,9,255
152,35,137,38,255,95,146,68,89,212,144,70,62,255,120,113,95,174,166,92,15,255,47,73,104,255,36,255,82,56,222,156,80,106,25,147,125,74,86,111,192,135,0,141,138,178,55,110,191,255,250,65,222,77,255,186,212,0,195,255,143,31,73,138,217,56,172,202,153,132,86,153,255,158,17,0,7,166,147,255,0,199,174,105,33,0,255,255,222,219,0,255,177,255,206,255,0,0,255,0,99,41,0,57,0,78,209,180,255,255,255,215,0,0,0,126,255,255,42,195,123,156,137,241,255,116,0,255
151,31,131,40,255,65,128,40,99,195,167,61,75,218,86,88,107,132,205,87,0,255,49,64,111,237,8,246,93,36,198,199,96,79,0,178,119,59,52,146,215,136,0,76,160,242,47,133,200,255,255,94,142,92,203,177,255,0,188,255,140,156,0,105,204,128,107,60,135,35,77,183,255,192,105,166,78,125,163,255,0,126,222,0,46,0,211,164,182,173,0,183,191,255,248,255,0,0,143,84,52,31,0,21,0,82,255,172,208,255,255,217,0,16,87,102,173,145,105,224,49,128,143,255,192,154,0,255
152,28,140,32,255,91,126,60,106,209,135,86,74,242,73,100,143,122,162,86,44,255,42,108,134,251,17,255,90,19,230,196,143,124,0,193,38,54,34,120,189,155,0,85,181,217,63,163,201,202,159,94,142,85,255,200,255,0,178,249,158,143,50,73,176,118,81,44,122,88,27,112,249,143,73,121,125,122,126,159,61,130,255,0,0,8,176,181,184,231,0,166,159,242,128,255,0,31,179,125,129,0,0,94,0,223,250,162,241,255,255,255,17,0,182,59,193,194,33,171,139,0,122,95,136,60,84,255
155,41,161,15,255,161,204,86,51,255,97,126,0,255,155,214,67,255,175,168,70,219,11,36,128,255,0,255,80,0,236,157,134,227,0,205,46,130,143,16,96,176,0,252,244,184,15,178,255,247,255,27,255,141,255,201,224,64,255,255,238,106,189,193,226,98,255,255,204,150,43,198,255,222,0,0,32,255,85,255,0,192,135,164,0,0,255,255,255,255,0,255,211,191,92,255,0,5,255,0,164,34,50,155,0,202,13,255,255,255,255,183,0,0,0,99,221,255,0,180,99,0,149,255,229,0,0,255
157,32,156,44,251,88,123,83,122,214,154,94,80,223,124,103,121,148,141,94,38,255,98,122,87,236,111,255,123,106,219,129,158,103,56,177,111,75,85,111,178,169,0,109,141,191,189,115,86,158,111,137,133,155,217,175,255,0,167,235,193,100,35,135,171,122,152,39,146,42,44,181,255,138,0,98,147,101,181,193,29,213,210,53,50,54,97,255,112,133,11,161,146,255,88,255,0,0,111,225,111,0,20,96,0,186,132,138,182,255,158,107,124,13,148,45,218,200,0,142,163,21,0,129,214,0,46,255
149,32,126,25,255,105,146,46,78,219,148,39,35,255,77,124,86,170,202,147,16,242,0,36,122,255,0,255,87,32,184,206,56,137,0,155,117,106,96,143,171,129,0,176,171,241,25,170,255,255,255,65,245,46,255,188,240,0,239,255,135,122,40,79,255,110,190,152,188,130,61,180,255,235,23,153,12,207,108,255,0,146,163,0,56,0,255,255,255,241,0,255,178,240,205,217,0,0,255,0,104,99,9,0,0,86,226,217,255,255,255,191,0,0,0,255,255,231,81,150,83,216,135,255,254,31,0,255
155,41,146,32,255,107,147,79,88,225,168,76,55,255,141,111,85,196,184,82,23,255,93,96,82,225,68,255,93,96,217,118,112,162,21,170,137,98,173,112,165,107,0,158,81,155,127,149,197,247,255,121,206,147,227,255,255,0,220,255,186,66,127,244,179,76,245,181,173,55,30,238,255,82,0,23,20,94,93,255,0,250,161,98,0,0,232,255,163,244,0,225,248,255,255,255,0,0,223,39,67,0,0,61,0,92,99,255,231,255,255,129,0,0,0,119,255,255,0,167,161,164,44,206,255,33,45,255
154,35,122,21,255,103,128,54,60,213,171,17,43,255,61,80,126,144,207,117,89,255,9,93,106,250,46,255,110,54,186,184,45,168,0,163,146,85,83,101,168,162,0,170,145,255,16,149,150,205,246,52,216,43,211,138,255,0,219,220,96,90,144,231,231,77,249,109,59,157,11,185,255,110,0,0,0,188,99,255,0,255,146,0,9,0,255,255,255,204,0,255,241,255,178,204,86,0,255,0,102,0,0,0,0,0,152,254,255,255,255,250,0,0,0,108,240,255,63,125,124,134,247,255,255,0,0,255
156,38,135,51,255,69,134,74,118,197,155,65,139,242,35,63,186,133,190,94,22,255,134,134,56,184,109,255,9,102,222,100,111,112,24,141,57,35,128,145,200,130,12,108,86,202,70,147,153,199,187,128,165,125,188,255,255,0,120,255,168,69,53,32,142,111,143,85,205,95,70,160,255,134,87,170,56,11,164,255,66,255,221,110,58,18,208,115,99,88,0,229,255,255,216,255,0,0,128,13,17,0,0,104,0,130,254,201,255,251,255,82,0,26,162,83,206,231,128,167,136,202,3,190,255,17,0,255
151,33,133,30,255,113,148,64,90,212,138,90,52,255,107,123,109,164,198,131,10,255,34,54,137,255,0,255,58,30,219,209,117,147,0,134,44,93,91,80,170,140,0,181,185,169,23,154,255,255,255,50,194,85,255,199,255,0,255,255,137,164,87,18,200,133,212,158,223,131,60,74,255,229,0,131,78,234,85,255,0,194,207,0,36,25,255,203,205,223,0,255,255,255,244,255,0,55,255,0,114,147,0,1,0,189,255,203,255,255,255,206,0,0,41,255,255,248,0,182,41,125,190,255,208,39,0,255
146,29,127,21,255,101,142,71,95,195,125,86,34,255,102,126,103,144,177,102,0,255,27,24,179,254,0,252,87,44,205,221,131,155,0,139,56,107,55,101,204,140,0,205,164,224,0,143,255,255,255,17,203,154,255,120,255,0,255,255,105,249,13,15,223,107,255,148,255,76,21,90,255,226,62,188,120,219,43,255,0,154,247,0,87,0,255,219,218,219,0,255,208,255,213,246,0,94,255,0,56,142,37,10,0,255,188,174,255,255,255,188,0,0,51,255,255,249,0,197,0,196,84,255,250,0,0,255
148,31,115,20,255,95,136,42,94,187,146,54,52,255,54,97,124,120,221,135,0,255,16,14,112,255,0,255,20,87,195,209,84,124,0,86,62,116,65,121,180,151,0,187,126,206,0,150,255,255,255,68,246,53,255,146,255,0,255,255,122,255,0,0,255,160,255,85,255,105,45,87,255,255,48,255,68,198,114,255,0,134,242,0,70,0,255,66,242,212,0,255,255,255,255,255,7,55,186,0,0,255,62,0,0,147,255,168,255,255,255,94,0,0,0,255,255,255,90,125,0,255,143,255,255,0,0,255
150,29,129,19,255,101,116,57,99,211,113,74,37,229,53,118,130,119,209,93,29,255,0,71,155,255,0,255,138,30,233,242,116,147,0,172,56,76,52,107,181,199,0,111,255,255,0,217,226,225,255,52,166,136,255,101,255,0,238,255,165,199,0,20,235,114,189,45,159,180,0,171,243,188,18,139,91,234,117,255,0,101,255,0,9,0,228,208,187,170,0,255,191,255,193,249,0,107,246,0,29,69,15,0,0,186,144,140,255,255,255,212,0,0,99,255,235,241,0,117,109,125,140,255,235,25,25,255
151,28,139,32,255,115,152,73,100,201,106,115,50,255,84,140,122,171,184,118,30,251,0,45,156,255,0,251,115,8,220,199,171,132,0,129,58,110,51,78,181,177,0,198,255,183,12,151,244,255,255,41,130,76,255,183,255,0,255,255,143,149,98,0,198,118,191,134,161,142,22,59,255,252,0,0,102,255,0,211,68,153,231,0,82,71,255,255,183,186,0,255,160,255,35,222,0,155,255,0,171,153,0,68,0,255,218,133,255,255,255,255,0,86,63,246,219,111,0,255,0,0,255,255,183,60,0,255
148,30,130,28,255,112,144,66,90,214,132,96,59,255,78,123,138,156,183,111,37,255,7,56,147,255,0,255,47,36,238,202,91,134,0,122,59,88,81,73,175,157,0,171,186,165,18,164,255,255,255,35,201,58,255,176,247,0,249,255,135,80,48,14,216,118,186,174,208,217,90,80,255,202,0,91,64,255,84,255,0,160,201,0,53,54,255,243,255,201,0,255,238,255,178,255,0,52,255,0,161,162,26,0,0,148,255,197,255,255,255,249,0,0,66,255,255,255,23,161,0,126,184,255,255,3,0,255
148,27,130,32,255,113,145,61,97,192,108,107,52,255,81,124,123,145,176,139,13,243,0,33,190,255,0,235,78,26,233,208,142,111,0,87,79,138,40,61,164,179,0,228,214,177,0,138,255,255,255,4,219,82,255,132,245,0,255,255,123,97,55,0,255,123,231,161,197,138,75,39,255,255,0,64,102,255,6,255,0,104,209,0,95,35,255,216,255,162,0,255,155,255,96,217,14,127,255,0,147,255,27,0,0,255,243,130,255,255,255,255,0,0,6,255,255,188,0,239,0,131,172,255,255,34,22,255
146,26,124,21,255,86,113,53,105,192,114,63,44,255,39,86,175,92,223,73,29,255,0,84,176,255,0,255,113,0,232,255,129,134,0,124,70,45,0,111,185,227,0,128,255,255,0,235,207,207,255,20,152,118,255,106,255,0,255,255,137,208,0,0,234,149,225,25,123,170,0,103,255,164,0,85,124,250,38,255,0,118,255,0,5,4,155,181,125,188,0,242,187,255,190,228,0,114,255,0,63,99,0,16,0,232,204,80,255,255,255,255,0,54,164,255,204,163,0,190,42,0,255,255,245,128,0,255
150,29,126,30,255,109,134,44,96,191,120,73,44,255,65,107,137,131,207,155,23,249,0,45,120,255,0,238,46,64,211,172,105,120,0,86,68,167,39,80,164,157,0,192,211,195,14,158,255,245,255,50,247,50,255,133,255,0,255,255,134,205,85,0,255,150,213,104,225,86,92,66,255,255,39,255,82,216,66,255,30,104,222,0,82,0,255,127,255,228,0,255,190,255,209,208,0,89,183,0,97,255,69,0,0,247,255,128,255,255,255,195,0,0,0,255,255,231,0,140,39,174,145,255,164,0,19,255
146,25,123,18,255,105,125,51,94,197,110,84,28,255,39,129,153,128,212,128,39,255,0,47,195,255,0,255,104,11,197,255,121,126,0,111,82,102,28,68,137,202,0,206,255,232,0,183,255,255,255,16,165,27,255,122,255,0,255,255,94,185,17,0,226,167,209,76,150,209,7,29,255,217,0,70,104,255,0,255,0,89,255,0,78,28,255,168,241,195,0,255,167,255,29,172,0,174,255,0,143,232,0,0,0,247,184,179,255,255,255,255,0,105,31,255,235,103,0,181,0,0,255,255,241,36,0,255
144,22,119,15,255,90,111,46,93,202,129,66,8,255,62,92,138,89,197,104,25,233,0,77,255,255,0,255,139,0,205,255,114,137,0,143,109,69,0,85,164,218,0,162,255,255,0,216,217,205,255,0,159,99,255,89,255,0,255,255,92,216,11,0,241,135,231,50,81,176,0,84,170,160,0,19,155,255,0,255,0,64,255,0,24,0,179,172,207,172,0,255,130,255,116,166,0,78,255,0,113,173,0,0,0,255,156,133,255,255,255,255,0,95,106,255,210,121,0,147,54,0,225,255,159,177,0,255
146,25,125,32,255,80,142,52,115,193,122,104,73,255,75,97,159,120,180,82,16,255,0,63,144,255,0,255,0,22,226,203,132,111,0,77,75,110,0,104,234,164,0,173,210,222,9,166,220,241,255,24,161,66,255,150,254,0,255,255,146,177,10,0,243,111,177,141,193,42,68,41,255,233,84,170,170,178,83,228,12,180,255,0,130,19,255,105,185,134,0,236,191,255,191,255,0,9,176,0,136,221,0,22,0,255,255,61,255,255,255,255,0,8,155,255,206,154,0,255,14,0,216,255,240,45,0,255
145,24,124,22,255,103,112,42,92,205,113,79,26,255,48,103,156,104,211,116,41,238,0,92,226,255,0,255,132,0,229,255,122,131,0,118,88,72,0,57,128,233,0,185,255,230,0,223,228,205,255,0,170,75,255,119,255,0,255,255,117,147,42,0,236,152,221,74,95,197,0,10,224,224,0,0,150,255,0,255,0,60,255,0,4,74,197,185,233,144,0,255,156,255,89,152,0,158,255,0,168,255,0,0,0,238,212,146,255,255,255,255,0,81,101,250,244,164,0,138,81,0,255,255,238,168,0,255
146,26,120,21,255,108,137,51,91,220,135,66,51,255,48,135,144,153,199,123,44,255,0,61,160,255,0,255,73,9,178,255,96,130,0,132,85,118,35,101,156,155,0,201,229,218,0,199,255,255,255,13,209,23,255,167,255,0,255,255,116,158,0,31,224,111,189,124,216,176,76,77,255,233,0,116,91,255,31,255,0,92,215,0,64,0,255,221,255,177,0,255,181,255,112,203,0,77,255,0,183,221,60,0,0,193,229,255,255,255,255,221,0,4,12,201,255,165,88,128,11,68,183,255,255,0,0,255
149,27,142,32,255,86,133,82,119,201,106,125,74,244,87,125,156,146,167,65,20,255,44,70,136,230,0,255,100,30,227,200,164,119,0,181,58,53,29,131,208,207,0,105,232,237,50,212,137,216,226,64,98,163,255,138,255,0,239,255,154,156,24,0,159,124,192,59,161,114,0,167,255,153,68,106,156,181,99,208,0,149,255,0,62,56,136,249,99,137,0,176,150,255,63,255,0,89,255,0,22,0,0,147,0,255,172,78,197,255,250,255,123,130,255,180,209,74,0,182,17,0,125,255,255,43,0,255
149,27,144,34,255,99,144,82,125,210,96,118,78,255,66,134,167,151,168,68,38,255,14,76,125,240,0,255,116,43,232,170,157,127,0,181,38,65,68,116,205,197,0,124,239,219,48,207,180,218,231,70,105,144,255,175,255,0,251,255,210,111,31,0,157,131,161,76,158,119,6,117,255,181,53,54,171,207,74,170,0,110,255,0,54,80,174,247,140,129,0,210,163,255,29,255,0,132,255,0,89,4,0,139,0,255,174,112,226,255,255,255,52,68,255,156,206,139,0,205,41,0,147,237,255,6,109,255
148,27,130,30,255,116,134,41,96,236,119,78,70,255,55,120,190,141,209,103,82,242,0,126,168,255,0,255,90,0,198,255,144,108,0,130,105,131,0,82,116,183,0,197,255,226,0,248,255,216,255,0,186,26,255,194,247,0,255,255,142,90,11,57,227,121,195,94,113,181,41,14,206,253,0,0,160,255,0,255,0,44,229,0,8,88,234,186,255,96,0,238,157,255,49,136,0,135,255,0,248,255,109,0,0,225,200,236,255,255,255,255,0,0,60,165,231,178,54,96,197,0,255,187,255,86,34,255
146,23,124,23,255,88,134,55,100,198,134,79,40,255,59,117,158,121,193,99,19,255,0,47,177,255,0,245,119,46,170,247,115,125,0,124,126,130,0,126,178,178,0,171,234,222,0,191,250,255,255,0,155,87,255,84,255,0,255,255,89,226,0,0,195,136,222,75,229,94,10,103,241,170,25,138,140,255,0,255,0,82,243,0,122,0,206,189,220,154,0,255,170,255,55,189,0,101,255,0,112,179,42,0,0,255,177,173,255,255,255,255,0,167,63,255,240,45,0,137,0,14,184,255,237,31,0,255
143,23,116,18,255,88,119,48,104,201,124,51,38,255,30,97,149,94,204,93,10,244,0,65,221,255,0,255,126,0,193,255,97,108,0,130,76,75,0,130,176,202,0,143,255,255,0,233,255,252,255,0,169,95,255,120,255,0,255,255,109,237,0,0,255,114,203,52,161,200,0,98,203,188,58,131,112,255,15,255,0,48,255,0,12,0,229,211,216,194,0,255,167,255,144,205,0,105,255,0,112,140,17,0,0,253,217,185,255,255,255,255,0,67,131,255,152,89,42,119,65,11,209,255,255,113,0,255
147,25,126,20,255,97,133,48,91,203,119,89,22,255,77,121,115,133,178,111,4,244,0,59,201,255,0,224,84,0,219,255,123,171,0,143,66,92,35,92,201,169,0,178,255,238,0,180,242,248,255,10,144,88,255,131,255,0,255,255,119,195,64,0,211,142,190,129,172,90,24,72,255,236,0,92,157,253,13,255,0,155,255,0,105,0,240,189,224,199,0,255,140,255,146,220,0,58,255,0,130,152,0,74,0,246,226,133,255,255,255,255,0,68,98,239,255,169,0,218,6,0,231,255,129,98,0,255
146,26,114,13,255,108,122,33,87,214,134,66,29,255,35,105,160,115,224,110,60,255,0,79,178,255,0,255,73,0,212,255,89,130,0,117,82,131,0,50,146,173,0,179,255,255,0,216,255,236,255,0,203,12,255,140,255,0,255,255,98,216,0,0,251,86,245,91,148,233,8,45,240,249,0,104,109,255,0,255,0,93,230,0,16,0,255,121,255,146,0,255,231,255,179,177,0,83,219,0,154,255,78,0,0,158,208,189,255,255,255,190,0,0,0,255,255,255,38,25,87,0,255,255,221,0,0,255
148,27,129,22,255,92,137,63,94,203,137,100,47,255,90,118,125,145,173,100,16,255,29,56,170,237,0,241,74,28,198,222,123,173,0,160,99,86,38,109,215,161,0,177,207,221,26,167,206,255,255,21,149,127,255,107,255,0,255,255,109,186,5,14,179,150,212,116,224,55,33,128,255,177,2,130,147,210,49,255,0,184,250,0,122,0,221,182,187,140,0,255,184,255,116,252,0,21,255,0,85,96,0,70,0,219,183,160,255,255,255,250,0,110,106,210,255,131,0,220,0,69,154,255,238,28,0,255
145,24,127,23,255,87,135,61,109,218,128,104,73,255,68,116,176,135,186,50,57,255,0,81,137,255,0,255,56,14,192,241,136,109,0,126,93,81,0,115,211,159,0,183,232,242,0,221,217,255,255,15,135,67,255,141,255,0,255,255,127,162,0,14,194,89,181,98,169,159,38,90,255,148,35,106,124,255,62,255,0,122,255,0,93,58,255,209,131,138,0,208,189,255,111,255,0,49,255,0,174,138,0,33,0,223,255,139,255,255,255,255,0,113,196,193,231,89,32,163,0,0,255,255,255,3,0,255
150,28,137,28,255,127,150,69,82,228,148,123,20,255,160,124,52,167,134,144,15,209,0,68,225,238,0,188,120,0,241,223,118,191,0,189,77,137,77,26,194,106,0,151,255,147,102,146,228,250,255,5,176,137,255,129,249,0,255,255,123,163,113,41,181,102,186,212,234,74,46,160,251,239,0,84,134,252,0,255,0,152,148,0,76,0,253,255,255,221,0,255,83,255,160,219,0,0,255,0,173,133,42,96,0,219,162,180,255,255,255,197,1,0,36,165,255,237,0,159,74,61,62,255,0,94,0,255
146,26,124,19,255,93,129,56,100,199,136,71,43,255,85,103,118,116,192,117,12,255,0,40,180,238,0,255,86,34,174,233,125,135,0,140,99,98,18,113,196,163,0,184,171,253,0,156,255,243,255,15,184,112,255,101,255,0,255,255,113,255,0,47,219,172,241,72,228,28,4,124,249,208,91,211,136,220,51,255,0,91,255,0,82,0,251,140,216,209,0,255,152,255,161,221,0,99,255,0,37,143,0,0,0,255,221,165,255,255,255,255,0,68,53,255,246,151,0,234,10,94,113,255,233,23,0,255
145,24,121,9,255,112,124,42,78,211,136,90,0,255,111,111,74,123,171,141,0,216,0,51,255,255,0,193,109,0,231,255,106,174,0,141,79,103,39,30,193,146,0,211,255,235,14,162,255,254,255,0,174,119,255,156,242,0,255,255,57,144,95,0,255,135,226,161,167,209,15,48,255,229,0,21,133,255,0,255,0,171,194,0,73,0,255,214,255,225,0,255,142,255,199,124,0,92,255,0,143,226,8,3,0,255,174,175,255,255,255,255,0,0,0,255,255,231,0,177,0,10,140,255,43,177,0,255
145,21,113,22,255,104,140,44,102,212,150,68,48,255,28,101,177,96,197,126,41,243,0,63,254,255,0,227,94,0,185,255,77,131,0,112,116,174,0,88,189,174,0,153,255,226,0,177,255,239,255,0,202,78,255,111,213,0,255,255,70,212,0,19,255,67,217,119,250,196,40,97,182,197,0,88,115,255,0,255,0,81,159,0,79,0,238,157,255,133,0,255,146,255,112,80,23,53,255,0,186,247,131,0,0,255,174,218,255,255,255,252,0,61,47,223,255,119,78,122,0,0,147,255,174,36,0,255
146,24,120,24,255,95,133,60,96,200,128,73,68,255,52,121,186,133,192,98,69,255,0,81,156,255,0,255,45,7,205,244,107,131,0,108,90,78,0,100,161,184,0,185,223,207,0,212,238,244,255,0,208,36,255,129,251,0,255,255,100,96,0,0,186,95,188,106,178,152,23,30,255,173,0,53,124,255,12,255,0,171,235,0,52,68,249,222,217,139,0,255,178,255,119,213,0,48,255,0,227,187,33,0,0,204,224,170,255,255,255,255,0,34,57,215,255,148,38,145,0,0,219,255,255,0,0,255
145,25,122,19,255,91,125,57,102,207,132,79,38,238,58,108,131,124,183,90,12,253,0,69,202,253,0,255,118,0,197,255,95,156,0,165,85,75,0,129,204,194,0,149,244,246,0,226,243,254,255,14,172,134,255,121,255,0,255,255,139,197,0,13,220,107,212,70,197,173,8,148,255,153,0,118,135,235,52,255,0,84,255,0,29,0,207,201,192,140,0,255,200,255,127,255,0,13,255,0,97,81,12,12,0,220,156,196,255,255,255,255,0,70,153,210,226,96,25,117,0,51,165,255,255,96,0,255
150,30,129,30,255,108,144,58,93,213,130,101,71,255,88,101,134,140,185,100,42,255,0,79,146,255,0,255,31,15,250,210,111,131,0,126,50,84,48,75,205,141,0,164,208,190,14,156,244,255,255,30,175,69,255,184,238,0,255,255,138,107,59,0,222,90,175,164,171,182,88,72,255,246,0,91,78,230,106,255,0,180,222,0,49,61,255,181,204,162,0,255,239,255,242,255,0,26,255,0,149,179,0,26,0,170,255,122,255,255,255,231,0,0,83,250,255,255,0,200,54,83,229,249,187,59,0,255
147,26,121,18,255,106,129,33,91,214,123,54,32,255,18,117,170,113,224,137,46,250,0,67,193,255,0,255,115,0,195,255,85,129,0,120,87,114,18,101,139,201,0,178,255,245,0,227,255,234,255,4,210,42,255,143,255,0,255,255,90,153,17,0,255,145,180,63,179,234,27,54,255,239,0,76,81,255,0,255,0,70,220,0,30,0,240,206,255,164,0,255,165,255,88,115,0,142,255,0,149,238,36,0,0,206,207,205,255,255,255,255,0,52,4,255,246,107,76,89,14,4,246,255,233,86,0,255
147,24,120,23,255,100,120,36,99,223,133,59,60,255,38,81,170,97,218,88,69,221,0,118,187,255,0,255,126,0,209,255,105,100,0,144,104,88,0,96,168,174,0,145,255,255,0,236,230,225,255,0,148,68,255,148,255,0,255,245,131,164,0,31,232,101,165,53,90,218,30,85,175,227,0,32,113,255,0,255,0,53,255,0,0,46,219,173,225,127,0,240,181,255,153,192,0,111,237,0,196,217,83,0,0,229,236,168,255,255,255,255,0,14,107,200,203,187,70,50,213,0,225,255,191,114,0,255
147,21,109,15,255,111,130,29,83,212,157,61,10,255,66,121,116,115,160,177,23,230,0,52,255,255,0,163,77,0,186,255,50,202,0,156,122,193,21,63,186,116,0,178,255,216,62,184,255,208,255,0,255,82,255,82,203,0,255,255,56,156,5,0,244,126,204,122,255,83,50,95,236,251,0,190,191,255,0,255,0,145,141,0,138,0,255,110,255,105,0,255,103,255,130,63,155,4,175,0,180,255,255,0,0,207,102,217,255,255,255,68,0,16,0,239,255,245,52,2,36,148,0,255,56,0,0,255
148,25,117,24,255,111,128,30,93,233,144,53,77,255,30,95,179,106,220,109,84,226,0,116,186,255,0,255,92,0,219,255,81,107,0,142,89,114,0,88,170,156,0,126,255,239,0,222,255,243,255,0,193,35,255,172,214,0,255,233,99,106,0,41,242,65,122,91,161,254,90,78,199,255,0,42,68,255,49,255,0,69,171,0,0,44,255,208,255,133,0,255,152,255,216,125,2,100,252,0,224,255,98,0,0,175,255,214,255,255,255,222,0,0,24,112,255,226,168,60,212,0,202,178,151,105,0,255
149,26,126,34,255,107,134,44,94,213,122,70,72,255,26,107,188,119,216,120,75,245,0,92,145,255,0,255,99,21,224,232,117,108,0,101,102,100,22,83,138,202,0,164,255,201,0,217,249,208,255,6,179,9,255,123,255,0,255,242,128,88,37,3,236,151,163,80,131,178,61,47,255,255,0,12,86,255,0,255,26,82,225,0,53,101,250,224,255,154,0,255,130,255,59,176,0,177,255,0,226,255,46,0,0,180,255,148,255,255,255,255,0,89,66,189,237,160,97,135,66,0,255,255,253,81,0,255
