170,10,152,105,201,67,83,125,155,195,131,52,120,169,117,53,101,202,158,171,0,186,78,108,77,200,169,168,167,151,99,168,146,122,139,116,151,68,170,32,181,147,122,144,137,136,164,76,75,118,151,177,105,142,135,109,127,75,81,159,143,162,80,137,101,181,140,56,133,126,77,115,222,189,106,87,84,175,143,82,65,146,137,199,78,132,212,155,134,86,119,106,70,156,119,155,87,99,36,133,140,197,69,35,130,227,109,173,255,197,155,33,181,192,110,52,116,194,47,159,144,99,115,189,255,41,56,255
156,9,153,73,206,81,83,107,175,215,112,113,140,219,88,27,159,136,97,173,31,171,82,98,97,218,229,169,166,131,94,110,170,0,86,117,194,116,162,67,156,164,9,132,56,99,203,163,63,197,191,86,15,120,208,142,111,0,70,174,174,152,0,122,106,126,162,61,52,81,171,162,255,255,82,95,30,212,69,189,58,27,128,98,111,75,255,151,34,75,63,196,235,178,114,180,14,0,69,225,182,125,140,0,255,255,75,150,220,170,190,47,157,118,155,129,171,217,0,219,141,125,107,163,228,0,61,255
158,8,174,45,208,90,132,36,239,254,57,86,139,255,68,104,82,238,255,205,128,56,177,80,110,255,140,255,255,58,0,0,185,0,104,31,0,0,255,214,0,156,0,255,226,130,133,255,0,255,255,255,0,150,255,205,75,47,0,16,70,0,0,255,221,85,255,60,255,111,174,246,239,144,0,0,0,124,149,255,17,0,255,255,178,113,255,49,65,0,0,255,8,139,72,111,145,65,80,71,61,255,53,0,255,255,51,64,168,94,123,37,0,0,255,54,0,0,0,255,255,111,0,79,253,0,255,255
165,11,173,58,185,99,157,68,203,255,87,118,121,247,20,108,93,223,169,222,116,164,196,77,89,193,126,255,255,123,0,15,166,0,111,183,0,5,255,141,52,117,0,181,123,141,93,209,73,255,255,180,33,109,255,194,152,50,9,118,175,0,0,148,179,80,210,46,201,104,115,255,255,229,143,0,0,140,255,176,79,110,167,244,0,217,249,154,254,99,0,255,66,228,174,96,122,34,70,240,232,255,113,0,255,255,124,250,219,169,105,20,0,0,240,81,0,0,0,255,96,125,177,132,255,64,136,255
156,8,162,67,193,70,124,91,198,246,96,98,163,255,33,21,178,171,136,220,66,167,164,66,97,227,156,252,251,151,0,43,129,0,95,185,97,89,255,169,140,201,0,221,80,129,224,219,103,255,176,38,12,91,230,168,93,65,78,87,121,140,0,52,110,0,171,0,193,1,197,162,255,255,166,27,0,152,122,255,56,68,156,249,127,56,255,174,18,0,0,255,255,134,174,37,132,0,110,212,226,88,56,65,255,255,116,255,255,0,127,88,68,78,63,160,78,23,0,255,124,49,255,155,183,0,26,255
158,9,150,88,166,41,107,76,196,220,94,87,160,211,32,19,159,120,136,179,53,189,166,71,149,198,143,193,168,168,46,89,120,0,72,109,122,78,241,175,156,174,0,197,118,143,173,144,45,255,142,73,44,78,255,142,140,41,53,92,97,113,0,34,159,7,194,0,149,120,164,157,255,255,131,48,3,223,146,210,64,141,174,206,132,147,243,189,44,0,95,255,217,113,169,145,187,0,102,150,219,108,19,4,255,255,84,214,255,166,184,72,18,0,150,75,102,83,0,255,73,91,143,105,136,111,168,255
154,5,153,69,194,81,84,89,193,215,103,111,149,231,66,24,173,131,110,184,36,167,105,71,101,236,210,163,192,152,43,119,161,0,89,146,165,94,202,71,123,186,0,131,55,112,214,213,65,255,177,59,0,108,227,141,95,21,56,139,182,134,0,110,126,67,159,13,40,35,176,209,255,255,72,84,0,199,111,195,20,24,154,101,169,52,255,155,31,23,21,255,255,166,163,103,38,0,52,234,192,113,73,0,255,255,62,181,198,76,200,90,164,131,161,154,122,185,0,255,184,116,243,167,187,0,35,255
154,3,156,66,204,93,61,106,190,196,115,124,137,205,104,45,166,130,106,173,38,173,78,92,109,228,222,141,155,148,111,129,193,0,66,128,182,119,122,42,116,187,0,95,35,105,218,167,58,214,178,83,0,109,195,113,122,0,72,187,198,196,0,189,135,103,158,27,60,52,198,167,255,255,13,175,64,147,42,222,68,30,183,23,178,11,255,91,74,180,108,226,255,198,144,194,56,35,80,255,213,134,134,0,153,255,90,129,224,100,235,107,222,103,234,171,249,255,0,222,255,213,209,120,212,0,17,255
154,9,162,59,195,78,102,78,220,224,84,88,152,228,66,71,127,141,165,186,71,168,113,87,123,243,203,204,187,89,14,113,167,0,101,103,87,21,242,109,39,194,0,240,106,155,204,176,0,255,221,127,0,116,211,161,112,50,13,139,161,122,0,235,190,0,126,14,161,88,221,151,255,224,36,7,0,187,169,247,28,91,238,175,235,84,184,69,0,0,20,255,213,183,97,108,153,0,145,153,255,91,19,6,242,255,23,149,103,93,173,67,16,0,255,0,123,82,0,255,255,0,122,163,148,13,65,255
162,6,167,59,170,87,153,55,214,255,63,122,137,250,14,77,99,211,184,226,134,167,231,41,150,212,115,251,233,73,0,26,170,0,148,125,0,0,255,174,6,161,0,194,160,92,103,255,0,255,202,204,10,106,255,233,96,0,0,116,148,0,0,153,182,38,255,69,251,138,108,244,255,230,151,0,0,108,241,207,0,112,227,196,49,245,239,78,140,0,0,255,61,240,216,52,236,0,63,167,255,255,62,0,255,255,147,255,255,139,148,0,0,0,255,45,0,0,0,255,39,74,78,228,255,131,164,255
159,11,158,76,183,78,146,82,186,213,101,78,151,216,32,71,130,151,170,185,52,202,163,85,75,210,137,201,241,138,0,54,123,0,119,168,44,51,255,111,165,175,0,234,80,169,160,158,75,255,195,84,53,53,250,175,141,86,75,104,123,50,0,117,105,66,151,0,195,88,151,203,255,234,115,0,0,254,201,203,95,92,226,250,71,178,166,166,137,21,0,255,182,93,184,80,116,13,119,197,214,131,71,26,255,218,144,213,192,98,195,132,0,57,142,76,20,6,8,255,71,53,159,189,155,81,49,255
154,4,156,61,203,91,74,102,187,211,108,138,139,226,98,45,170,143,98,183,43,178,83,80,108,237,230,168,177,132,83,123,174,0,72,154,182,107,173,33,121,189,0,112,41,99,227,195,88,216,192,61,0,101,215,110,89,0,66,157,210,169,0,141,106,109,163,38,10,26,184,193,255,255,51,116,26,172,91,177,28,17,162,31,138,41,255,130,31,105,41,244,255,201,146,167,26,9,76,255,203,122,108,0,231,255,69,173,181,87,215,79,212,107,193,133,202,255,0,255,229,134,219,155,192,0,15,255
152,4,159,66,215,94,57,115,193,190,114,130,129,214,99,45,177,126,101,161,27,162,75,79,89,224,250,133,153,146,105,132,205,0,61,148,230,118,127,45,118,194,0,104,17,97,215,161,72,193,178,79,0,129,207,124,106,0,62,212,230,191,0,190,95,150,183,42,41,38,240,175,255,255,3,176,73,135,44,204,33,8,164,0,192,17,255,84,32,173,98,214,255,158,134,226,53,31,58,190,201,122,185,0,191,255,89,135,199,135,255,102,254,34,255,231,255,255,0,250,185,207,113,170,152,0,0,255
155,13,152,69,197,50,126,95,197,225,94,102,184,232,17,17,167,124,119,196,75,209,117,78,123,170,173,212,185,106,44,61,102,0,55,153,105,85,224,179,175,191,0,147,65,119,131,176,53,255,182,39,76,116,210,169,127,0,33,169,120,20,0,61,128,0,120,0,99,96,198,136,255,255,185,12,0,236,128,255,32,135,170,194,81,196,236,203,28,0,39,255,247,205,139,96,203,0,255,202,207,33,50,0,255,255,145,227,186,174,119,138,25,0,166,29,144,0,49,205,26,54,80,86,183,197,175,255
157,16,159,71,183,47,149,86,199,246,92,97,161,234,0,14,165,128,123,185,73,198,159,82,108,188,143,243,210,129,0,46,106,0,65,194,96,67,255,218,231,151,0,255,65,156,148,151,83,255,200,8,103,122,250,141,134,31,68,108,109,57,0,57,161,0,157,0,221,73,215,108,255,255,235,31,0,218,155,216,110,162,198,255,57,137,255,207,48,0,28,255,255,146,170,115,255,0,247,190,255,42,69,53,255,255,162,255,226,108,73,81,0,0,98,114,17,0,8,241,28,0,170,110,171,234,144,255
156,6,168,37,207,83,137,53,246,241,51,93,148,255,48,95,95,223,255,217,98,81,147,77,110,247,145,253,255,49,0,0,122,0,97,88,11,0,255,185,0,143,0,255,220,97,105,255,0,255,255,222,0,210,255,192,68,85,0,56,122,0,0,255,237,116,170,0,255,119,173,210,255,78,0,0,0,59,126,255,0,0,255,255,173,55,255,15,1,0,0,255,51,109,67,82,219,54,143,106,142,255,96,0,255,255,0,87,147,91,170,0,0,0,255,62,0,0,0,255,255,161,0,223,255,18,255,255
159,6,165,62,177,74,138,54,218,255,75,94,150,232,17,62,109,201,181,216,100,147,208,51,120,222,110,234,255,118,0,24,121,0,141,157,0,0,255,177,7,190,0,182,164,122,109,255,0,255,248,183,0,119,255,169,100,14,0,78,120,0,0,177,156,59,217,0,255,89,114,255,255,238,70,0,0,155,204,255,0,20,225,238,48,127,255,161,237,0,0,255,63,211,193,0,206,0,47,201,222,255,38,0,255,255,70,239,203,86,116,0,0,0,250,94,0,0,0,255,150,146,255,255,255,75,144,255
150,4,160,70,186,52,124,76,210,244,98,92,173,255,0,0,179,141,144,223,57,177,127,64,114,250,135,213,247,161,0,49,133,0,76,143,106,121,255,156,145,250,0,190,97,117,192,199,29,255,174,0,5,79,221,186,82,68,0,135,90,84,0,48,183,0,194,0,132,74,215,228,255,255,211,10,0,227,150,255,0,0,120,255,205,27,255,235,39,0,27,255,255,255,194,0,190,0,151,255,157,195,58,101,255,224,141,255,212,50,131,255,109,81,103,168,78,0,0,255,130,47,192,96,83,95,134,255
150,1,160,59,206,89,71,105,193,213,105,151,131,255,94,36,159,139,98,163,49,167,77,73,122,229,231,160,196,135,93,91,192,0,49,129,183,123,205,44,96,224,0,68,89,121,224,220,54,195,199,3,0,115,212,82,63,0,27,204,183,150,0,110,96,65,207,64,57,17,222,255,255,255,70,89,43,202,113,229,0,0,130,52,226,12,255,147,21,87,36,255,255,189,112,107,9,0,94,255,164,146,219,0,255,255,46,109,191,106,255,214,255,49,207,204,233,255,0,235,142,136,157,128,38,0,0,255
149,6,151,66,192,41,120,83,201,234,116,107,193,250,17,0,167,123,133,189,80,208,104,77,137,202,142,193,170,124,39,62,118,0,42,124,130,102,173,169,167,235,0,109,62,92,132,197,0,255,234,0,80,85,222,134,117,0,0,181,80,0,0,50,157,0,151,0,123,110,211,196,255,255,222,0,0,255,175,255,0,0,130,233,138,123,255,216,77,0,126,255,248,255,147,14,233,0,255,255,156,176,117,0,255,253,185,223,211,214,177,255,78,18,168,99,212,0,62,229,39,80,42,0,123,241,218,255
154,12,156,58,207,42,141,79,214,248,63,119,190,253,0,6,176,140,126,230,74,184,137,57,122,178,169,255,182,98,0,0,81,0,40,92,48,134,255,241,153,238,0,213,64,104,152,241,96,255,231,55,103,141,255,154,65,31,0,144,76,1,0,0,128,0,98,32,255,112,255,143,255,234,255,29,0,150,221,255,0,89,175,255,123,209,255,155,0,0,0,255,255,184,180,117,252,0,255,235,186,128,0,21,255,255,230,255,238,245,0,186,0,0,160,255,90,0,0,255,0,113,51,87,195,255,135,255
154,7,178,42,190,61,103,28,237,255,31,91,148,255,42,60,83,217,241,188,100,88,166,112,133,251,177,229,246,30,0,22,159,0,51,17,10,0,255,233,0,190,0,255,239,155,83,255,0,255,255,203,0,173,255,118,17,0,0,164,52,0,0,255,255,1,243,124,255,51,255,159,255,135,0,0,0,142,171,255,0,0,255,245,255,72,255,53,9,0,0,255,171,115,90,23,233,61,151,50,17,213,126,0,255,255,0,62,137,90,174,109,0,0,255,86,129,61,0,215,223,132,0,155,175,148,255,255
154,10,158,74,203,56,158,92,211,239,83,55,193,255,0,0,169,140,158,221,105,157,166,86,82,197,166,223,205,131,2,5,95,7,126,145,35,89,255,169,121,192,0,203,171,130,150,192,0,255,171,101,46,38,177,131,51,84,67,154,53,31,0,127,142,0,137,64,221,41,209,49,255,255,173,33,1,223,134,255,23,76,199,255,165,133,172,154,11,0,0,255,195,106,172,0,158,0,191,171,225,0,89,125,255,255,174,127,255,118,123,171,0,0,104,60,80,0,0,239,51,0,72,167,90,93,183,255
155,11,165,69,182,25,164,84,208,255,77,81,192,238,0,0,164,138,144,198,110,169,207,64,118,179,149,255,255,157,0,0,127,0,156,255,15,33,255,173,227,164,0,255,95,236,241,120,64,255,159,51,95,58,255,84,106,95,129,140,130,143,0,94,142,0,249,0,255,15,182,82,252,255,214,63,0,254,81,255,63,86,216,255,54,87,224,198,82,0,0,255,150,68,221,12,161,21,173,152,128,0,124,179,219,255,132,179,192,136,52,87,0,12,152,6,0,0,0,243,205,0,18,159,115,148,144,255
152,6,156,71,203,46,122,104,197,225,90,120,181,239,27,0,194,93,96,147,67,215,79,52,85,215,135,164,255,187,102,0,101,0,73,216,123,119,214,101,227,233,20,71,105,195,241,122,0,195,144,0,0,133,134,70,79,0,0,104,75,109,0,0,71,0,120,0,64,65,92,231,242,255,236,79,0,255,139,243,0,0,159,255,175,38,255,255,73,0,194,255,107,249,98,67,177,35,205,255,0,120,106,0,202,49,172,52,243,202,16,255,21,43,234,113,115,135,0,255,255,122,0,87,93,0,86,255
152,5,161,62,182,62,107,67,223,241,72,112,158,237,8,41,162,149,131,208,56,191,165,84,132,213,175,185,202,144,0,85,129,0,93,87,70,22,255,165,17,215,0,141,146,144,177,235,15,255,206,59,0,128,223,124,101,44,0,164,91,45,0,135,160,0,155,55,213,62,255,193,255,255,135,0,0,216,209,255,0,46,189,200,176,57,255,192,87,0,0,255,241,120,149,24,128,0,175,206,217,108,36,42,255,255,27,236,226,103,159,106,122,25,168,90,97,9,0,255,114,116,142,139,180,141,51,255
165,17,177,55,197,118,158,81,180,255,84,136,127,237,33,132,101,219,199,226,116,185,159,63,83,198,94,255,250,145,32,14,175,0,89,186,0,67,255,144,30,147,0,189,131,90,101,216,77,255,255,223,37,84,255,177,166,35,0,156,250,70,25,180,178,95,147,77,199,150,148,243,255,222,146,16,0,91,255,255,72,61,255,255,62,123,210,148,185,77,79,255,105,251,118,185,164,122,149,220,242,204,106,13,228,255,163,227,211,135,162,87,0,0,238,53,65,25,0,255,155,100,17,6,243,58,12,255
161,10,172,56,186,103,150,75,193,252,74,149,124,237,32,113,108,192,182,217,71,194,157,55,103,220,101,209,232,152,35,13,143,0,81,147,0,39,255,116,58,207,0,192,138,114,134,217,90,255,246,151,8,106,255,177,142,30,0,163,213,44,0,132,148,59,126,28,241,147,156,255,255,245,164,14,0,209,255,231,0,22,255,255,99,123,255,153,134,58,41,255,214,225,171,142,147,57,158,247,210,255,36,0,255,248,122,254,195,126,160,78,12,0,212,97,0,0,0,255,99,128,101,74,215,76,45,255
154,13,154,64,203,62,141,93,190,251,98,105,180,244,4,6,175,131,125,194,94,193,122,56,114,201,152,255,216,110,16,40,131,0,31,143,78,119,224,197,210,187,0,204,36,92,130,175,82,255,219,4,106,130,222,152,79,8,31,124,91,68,0,64,117,0,156,31,178,161,213,135,255,255,255,26,0,230,93,255,53,48,147,255,71,134,255,219,22,0,64,255,255,205,155,92,205,0,255,255,254,101,102,20,255,255,212,255,211,157,95,188,0,0,128,158,86,0,36,217,19,35,100,25,150,144,91,255
157,4,161,93,199,77,103,110,195,198,111,66,148,237,79,32,150,160,169,188,9,161,90,149,89,237,145,178,195,185,78,96,133,54,78,99,108,116,216,46,104,208,0,171,156,128,206,137,60,253,141,99,31,116,156,147,168,108,24,165,118,193,31,98,158,0,116,46,123,75,123,205,247,255,91,0,41,223,162,154,15,63,158,255,182,43,255,180,86,0,41,254,189,169,155,37,79,0,27,229,200,194,69,45,255,192,88,182,255,26,191,186,195,223,108,114,137,118,0,179,174,54,255,108,224,0,4,255
175,8,146,96,215,76,77,129,148,174,151,51,119,147,100,35,110,238,196,193,0,208,99,177,70,151,150,184,123,67,193,130,106,81,139,130,138,121,183,137,114,175,30,144,122,163,132,91,122,110,125,93,129,77,86,150,126,105,113,205,130,121,121,97,174,169,82,124,144,135,145,113,126,188,138,154,131,136,93,168,100,194,152,128,90,102,138,203,147,89,63,146,97,113,110,171,89,49,123,210,208,119,120,113,105,183,85,114,169,131,178,138,68,135,73,55,145,183,47,217,101,117,99,82,169,144,68,255
168,15,149,95,221,82,96,120,153,202,147,83,136,188,119,54,160,131,92,161,74,189,60,97,98,171,201,178,159,148,113,108,100,123,100,139,141,100,137,105,155,153,94,144,36,135,129,125,62,129,174,142,106,103,135,97,171,33,89,171,187,114,20,160,102,223,123,51,90,142,169,156,249,241,91,175,69,202,128,143,100,80,139,79,24,108,179,188,112,72,150,138,148,170,46,208,85,73,97,195,181,133,141,0,151,255,84,230,198,184,158,113,114,156,98,85,109,192,52,140,141,167,22,65,255,29,0,255
154,11,148,62,225,93,79,116,174,220,121,140,148,236,120,37,178,128,76,120,66,194,63,114,125,191,255,197,122,99,130,120,153,42,57,143,202,127,98,51,155,112,57,97,50,136,220,230,0,110,197,38,0,120,136,82,129,0,84,148,189,86,0,149,56,137,149,75,27,46,191,118,255,199,69,123,52,225,97,168,18,40,188,19,126,100,255,173,44,0,88,192,191,168,48,207,39,56,101,247,234,69,255,0,178,255,108,78,211,210,170,68,107,106,223,110,225,255,0,191,134,110,0,84,255,0,127,255
149,9,161,45,224,93,134,92,208,237,71,125,153,241,34,121,147,193,161,192,60,171,88,100,121,190,180,230,184,94,55,55,121,0,59,107,36,17,255,133,0,223,0,145,40,111,156,255,87,255,255,124,9,144,255,155,100,0,0,221,208,0,0,208,122,35,154,62,240,118,255,233,255,164,128,18,0,255,219,255,0,0,214,179,107,93,255,166,62,0,0,255,255,83,40,158,87,45,207,173,138,108,255,0,255,255,0,184,84,154,255,194,78,0,255,80,126,52,0,202,36,167,0,135,255,4,20,255
149,9,152,48,229,103,93,108,177,218,115,153,136,247,112,85,162,126,102,134,81,167,7,118,138,183,255,217,142,59,143,122,167,9,16,154,165,104,145,5,130,148,0,107,39,153,170,220,52,169,255,0,30,137,189,33,111,0,81,225,216,38,0,170,86,110,136,90,76,39,248,188,255,175,103,94,58,255,135,227,0,4,194,60,132,119,255,139,65,0,103,234,216,238,37,250,64,67,163,255,206,108,255,0,215,255,108,73,124,202,200,255,119,67,255,110,244,255,0,196,161,19,0,0,191,0,18,255
148,7,162,42,218,87,120,90,220,241,68,127,162,252,45,112,133,206,166,197,76,162,93,107,139,191,204,234,180,46,33,62,137,0,65,67,45,2,255,159,0,236,0,151,78,92,139,255,37,255,255,142,0,139,255,166,77,0,0,252,185,10,0,255,142,10,152,72,255,140,255,204,255,115,116,1,0,246,217,255,0,0,194,145,164,101,254,116,12,0,0,255,255,123,36,120,119,0,255,152,170,157,255,0,255,255,0,183,108,160,255,154,45,0,255,29,149,31,0,194,46,157,0,134,251,81,85,255
151,8,159,54,225,99,74,115,182,203,127,165,129,217,121,70,155,128,86,131,67,193,57,103,122,190,255,170,162,115,125,105,170,16,32,154,217,126,104,59,149,171,26,91,1,125,203,208,54,171,234,51,0,121,215,45,134,0,47,207,251,100,0,202,102,126,192,26,85,38,251,190,255,190,37,170,17,199,101,217,19,27,173,0,177,94,255,144,63,72,44,255,255,162,29,255,28,47,185,255,193,31,255,0,213,255,108,80,140,211,252,202,185,51,245,171,227,255,0,183,50,139,0,56,150,0,80,255
152,12,160,41,224,93,137,88,213,245,65,129,170,255,56,115,108,216,176,190,95,147,101,126,146,173,219,255,186,15,10,72,139,0,70,101,24,9,255,160,0,160,0,204,113,96,93,255,12,255,255,155,0,126,255,145,79,25,0,231,193,0,0,255,133,0,147,114,237,88,255,148,255,96,121,0,0,195,203,255,0,21,238,191,107,158,255,131,22,0,0,255,170,141,53,143,107,0,255,137,247,112,220,0,255,255,25,142,88,157,203,166,0,0,255,0,111,3,0,218,73,49,0,67,203,110,164,255
153,17,146,56,232,78,157,105,172,223,134,106,183,230,36,66,177,136,124,166,84,228,161,116,130,141,151,197,141,99,84,78,111,42,38,131,89,58,184,215,167,150,0,155,0,58,74,208,46,255,255,26,81,164,255,121,137,0,54,111,136,26,0,176,75,43,128,38,232,92,203,146,255,102,255,112,0,246,143,255,0,66,201,231,25,101,247,188,51,0,0,255,255,166,112,167,210,0,255,255,235,55,233,0,255,255,238,174,167,190,157,255,0,45,183,67,0,0,135,204,0,167,0,0,255,79,16,255
