173,14,138,118,215,54,58,110,100,205,186,110,90,108,131,58,118,123,104,157,67,235,117,44,106,185,147,178,185,163,86,75,137,106,137,147,157,91,108,123,158,255,116,159,114,121,86,162,97,160,150,190,122,133,254,152,80,53,130,147,169,128,0,220,132,153,142,129,114,187,160,161,227,187,152,192,178,128,126,126,131,163,153,18,51,162,149,217,181,110,122,75,117,223,16,157,100,135,139,155,190,75,73,117,153,228,60,185,28,144,65,132,75,234,95,83,254,153,0,134,136,255,0,159,175,158,0,255
176,11,136,120,192,60,73,104,165,172,184,94,79,76,78,75,73,95,115,209,92,255,189,20,101,189,167,202,127,178,121,1,190,97,95,133,106,25,128,56,107,255,167,164,151,203,66,178,56,255,69,188,118,60,144,103,0,42,124,24,217,155,0,173,156,126,239,31,5,155,134,171,218,252,118,255,98,39,255,77,113,255,177,87,54,255,39,184,194,33,178,165,174,134,0,211,0,91,194,66,159,145,72,205,163,255,0,223,255,71,153,174,97,145,217,241,113,237,0,195,198,206,0,196,216,63,0,255
183,32,204,98,180,8,103,139,154,192,197,21,123,100,116,110,136,128,155,209,51,252,105,119,82,235,222,88,227,90,241,56,184,157,105,229,74,1,162,113,249,224,9,238,87,232,184,236,194,244,187,253,69,0,138,79,82,126,134,255,234,255,0,255,218,195,243,67,226,153,107,150,173,242,112,94,146,255,156,186,151,149,211,108,81,155,255,55,133,0,128,255,255,255,56,255,19,44,100,62,228,155,94,49,69,212,129,200,71,255,134,152,52,170,186,121,79,173,23,227,167,0,70,108,0,85,0,255
179,40,187,90,210,41,106,118,146,226,176,23,126,122,121,66,96,106,141,138,19,255,108,55,99,255,162,86,215,85,171,85,145,118,60,212,132,57,137,115,150,200,27,186,107,228,118,197,127,218,106,240,66,27,50,108,0,56,149,253,255,210,34,205,180,138,91,65,196,95,31,142,255,143,0,148,140,218,139,205,162,181,195,242,138,124,194,122,123,3,101,159,255,255,27,255,0,139,205,188,147,173,60,84,0,236,72,88,187,255,164,133,112,90,230,43,178,212,87,255,249,0,159,47,0,226,0,255
176,41,188,75,196,48,109,119,138,255,148,28,122,117,90,51,58,119,119,68,48,255,139,79,75,255,154,63,117,29,206,98,99,116,52,235,172,0,115,124,99,224,2,230,58,242,50,162,141,255,0,188,0,81,2,141,14,98,145,132,255,242,42,226,164,128,47,17,219,59,2,79,255,36,0,166,82,241,228,239,92,154,224,232,201,128,223,128,77,84,0,112,255,233,0,214,0,120,255,223,219,120,143,146,0,97,140,0,255,255,151,230,49,0,215,47,117,172,0,255,255,0,148,110,0,134,0,255
173,31,173,102,212,51,119,151,183,255,137,29,96,110,124,12,82,85,118,109,49,255,157,26,36,255,122,88,184,75,150,76,97,163,47,159,178,41,63,166,232,241,97,132,85,231,70,172,74,198,72,214,0,99,61,171,58,124,133,95,255,255,0,245,86,66,39,40,204,150,6,141,188,59,93,147,164,255,180,255,76,122,185,154,40,90,83,30,62,124,74,116,255,205,144,167,0,148,159,255,193,133,110,152,0,227,160,0,157,255,130,112,46,22,139,2,121,108,1,211,255,0,0,185,31,255,0,255
169,30,165,107,229,53,114,159,191,243,141,34,86,114,142,27,77,76,133,112,15,255,152,54,63,255,116,77,159,67,162,101,98,154,66,135,167,59,12,164,225,255,113,131,103,255,102,180,55,231,68,189,0,134,46,196,57,112,125,94,255,255,3,255,71,23,39,58,200,122,56,152,156,57,54,144,178,248,185,255,19,172,197,115,23,104,67,0,67,74,0,109,255,199,159,189,0,126,120,255,150,121,84,166,0,255,172,0,124,212,183,79,38,19,203,0,101,103,0,220,255,0,0,188,119,255,0,255
168,30,163,105,228,56,109,160,188,244,138,37,90,117,151,33,64,86,125,115,17,255,136,51,72,255,128,84,163,72,158,85,96,154,73,124,160,65,5,162,217,252,98,138,100,251,123,177,51,224,81,181,0,133,36,197,60,115,128,99,255,254,0,251,60,12,43,57,215,116,57,127,168,58,40,139,171,255,174,255,16,187,193,101,47,120,98,28,68,75,0,140,255,224,152,176,0,148,164,255,166,121,98,122,0,255,172,0,122,196,166,59,27,28,161,0,133,108,0,201,255,0,0,177,149,253,0,255
173,32,174,92,213,50,119,140,175,255,138,29,100,95,126,17,79,95,114,95,46,255,147,48,56,255,127,91,183,65,153,94,86,159,61,157,166,20,21,176,226,238,70,138,86,229,90,182,73,188,74,213,8,103,31,182,52,124,120,115,255,255,4,246,92,60,41,40,199,141,0,124,204,41,43,144,138,255,213,255,66,131,190,133,60,110,95,41,59,125,40,109,255,218,142,180,0,130,152,255,192,117,115,134,0,217,148,0,150,255,133,117,54,39,139,0,125,118,11,183,255,0,8,180,22,255,0,255
182,39,204,90,200,37,105,123,169,206,177,28,149,81,121,80,68,111,126,138,30,255,81,117,82,255,206,106,235,62,181,66,83,88,61,252,130,0,80,137,179,222,1,255,99,219,153,215,241,255,207,255,0,8,55,117,51,184,154,231,255,247,39,224,255,192,113,0,255,103,43,182,255,164,11,52,182,228,200,223,147,214,200,233,126,221,255,85,112,8,84,255,255,255,0,255,0,112,209,157,255,121,184,105,0,199,58,40,120,255,80,191,144,73,255,147,18,255,0,240,255,0,127,118,0,151,5,255
188,38,216,102,184,11,92,149,142,190,206,0,149,104,110,63,122,93,156,174,60,246,32,35,113,255,200,94,200,115,186,35,148,103,128,246,38,39,168,103,188,219,0,232,121,231,175,226,186,241,164,255,49,0,79,60,37,71,161,255,255,219,9,255,189,200,179,58,213,163,97,64,255,185,54,20,196,199,68,204,116,145,192,202,144,151,228,78,59,0,151,255,255,255,26,255,0,126,237,71,183,207,138,49,0,195,110,113,185,255,210,103,0,138,236,102,138,231,0,255,253,91,141,85,0,128,0,255
181,44,202,94,218,42,114,125,146,216,203,8,145,145,150,57,105,69,182,152,0,255,116,21,104,255,173,109,154,65,103,39,195,116,31,188,91,97,136,111,154,204,0,150,51,217,99,215,164,255,174,255,36,7,17,77,0,36,165,255,255,218,59,222,117,195,158,102,225,94,90,160,255,125,0,17,188,180,108,246,100,162,177,255,135,178,74,110,124,0,68,211,255,255,0,255,1,138,217,133,124,226,133,87,0,214,41,105,205,255,126,148,127,171,255,94,124,117,13,255,170,9,174,83,0,255,0,255
175,36,186,97,213,11,106,133,124,201,220,34,118,148,107,59,150,81,207,157,0,213,171,0,97,245,178,91,176,122,113,99,233,126,90,222,125,159,131,106,150,156,31,48,91,217,66,203,0,202,185,99,154,88,64,72,78,74,175,255,245,255,13,156,101,162,135,84,200,150,134,101,166,99,0,119,175,166,64,200,119,81,230,255,83,79,63,127,193,75,119,126,255,242,125,255,20,125,121,143,119,241,61,131,49,245,188,179,196,255,249,182,18,146,255,120,156,45,42,255,202,18,89,45,0,255,0,255
176,33,171,96,202,52,125,100,115,237,199,39,131,119,121,14,99,62,127,156,17,204,115,29,89,200,155,156,218,169,93,53,192,123,66,186,131,107,79,108,202,162,52,151,38,229,90,204,81,188,242,183,132,0,118,83,71,99,184,219,255,213,4,180,142,164,147,69,105,177,36,141,241,255,43,111,161,249,134,244,133,124,208,255,83,141,101,113,198,9,194,123,255,242,20,255,0,61,154,214,156,152,48,159,4,155,48,165,214,255,128,177,30,181,204,140,74,170,45,223,190,0,221,6,7,216,0,255
177,32,169,114,211,49,115,85,122,190,186,46,146,163,131,60,128,87,129,160,0,219,114,44,103,236,142,143,185,148,88,39,181,92,120,179,85,122,92,59,167,112,61,190,132,216,130,195,124,224,130,207,129,62,70,124,77,80,141,151,241,187,62,158,193,154,91,65,87,137,118,121,216,248,42,86,163,175,173,233,113,164,163,255,147,196,90,123,134,0,99,172,255,255,95,255,3,38,173,169,235,124,13,113,57,231,0,225,255,157,139,145,50,208,255,165,88,100,20,154,209,0,209,61,74,237,93,255
183,44,206,97,202,13,87,119,156,204,190,0,151,116,94,76,125,120,149,134,47,255,62,125,90,255,225,95,252,79,252,48,107,94,55,243,126,0,114,120,143,233,0,174,116,248,171,189,199,246,153,255,41,19,60,138,41,80,145,255,255,212,0,255,253,201,145,63,255,77,72,74,255,181,0,76,176,255,140,153,197,218,164,200,153,141,255,106,148,0,34,248,255,255,0,209,0,114,186,144,201,117,177,75,0,255,148,52,136,255,197,161,76,148,188,163,170,255,91,255,255,0,172,80,0,136,34,255
177,43,188,85,209,35,110,117,139,222,181,15,143,96,121,34,41,96,132,114,27,255,112,56,83,255,154,111,176,78,177,101,70,144,59,245,129,0,66,132,129,196,9,233,77,200,48,195,146,233,137,255,22,36,0,107,14,140,121,201,255,255,10,236,212,135,56,58,205,69,0,113,255,70,0,116,160,181,183,255,136,178,206,255,181,151,216,73,60,0,43,163,255,255,25,245,0,123,255,214,186,110,50,87,0,206,77,0,192,255,162,194,79,52,250,30,141,196,46,255,255,0,175,119,0,195,0,255
171,35,169,106,224,57,120,148,172,255,153,25,103,138,145,23,92,89,134,132,34,255,136,38,46,255,119,114,183,73,136,91,83,168,60,146,163,65,70,136,195,230,95,157,51,226,85,156,93,238,111,215,0,87,71,199,75,137,152,87,255,255,0,254,78,73,49,72,211,119,28,138,205,78,49,135,187,255,139,255,85,141,167,188,41,104,107,23,70,88,40,111,255,204,151,197,0,104,164,255,170,115,58,121,0,255,166,43,133,255,97,116,22,31,127,19,92,109,0,238,255,0,14,148,40,236,0,255
170,33,169,100,222,58,124,148,178,251,147,30,103,132,133,25,81,86,144,117,17,255,136,37,66,255,78,87,171,46,141,117,90,135,83,164,185,60,62,134,225,220,91,190,53,218,69,146,57,250,74,180,14,124,54,190,48,149,152,88,255,255,0,227,89,38,39,41,218,104,0,143,167,65,0,141,143,215,184,255,43,129,166,135,76,108,83,62,21,73,18,102,255,217,195,183,0,113,156,255,173,115,7,117,0,255,159,0,172,242,143,113,25,0,141,28,115,86,0,203,255,0,16,113,87,220,0,255
170,31,172,85,204,56,114,136,157,255,141,37,113,105,116,31,81,116,124,98,46,255,137,59,62,255,103,72,169,69,169,94,111,114,99,162,183,35,50,153,219,255,56,233,79,225,89,157,59,207,52,171,0,105,51,159,17,124,107,115,255,255,10,253,77,70,69,25,205,152,0,124,186,42,16,154,93,255,215,255,68,85,197,69,89,92,69,90,0,138,37,88,255,242,126,176,0,130,195,255,188,136,80,119,0,169,127,0,172,255,208,133,55,0,130,0,100,116,0,203,255,0,20,147,114,255,0,255
181,39,202,90,196,33,95,113,163,212,173,8,141,87,122,64,69,121,140,135,52,255,73,100,75,255,215,87,243,66,198,65,112,124,70,236,140,0,57,156,161,213,20,255,98,225,147,230,224,251,135,255,17,55,71,110,41,144,150,255,255,239,0,230,254,195,83,2,255,154,74,207,255,123,3,59,225,211,188,189,175,143,191,179,62,176,241,81,132,70,74,244,255,255,0,232,0,119,171,167,216,135,143,141,0,237,57,31,102,255,184,252,126,132,177,109,51,255,39,242,255,6,57,88,0,205,0,255
182,37,183,105,200,31,105,117,145,206,190,0,135,130,121,56,146,110,168,157,57,236,82,19,91,255,172,123,254,133,167,46,158,115,98,237,83,43,141,99,212,187,22,191,97,227,192,219,165,215,137,255,104,0,110,92,37,89,174,255,248,183,0,228,158,199,106,56,106,173,71,127,228,173,53,87,215,226,132,212,143,148,181,188,61,149,207,88,114,0,79,201,255,255,66,255,0,80,186,173,157,158,17,62,11,236,83,128,174,255,167,152,35,189,198,43,166,162,128,255,158,0,183,92,0,196,0,255
183,40,210,117,205,31,108,171,131,197,198,10,124,159,124,91,159,83,219,219,0,251,110,9,130,255,149,70,124,125,116,0,203,107,85,174,63,129,183,69,154,228,17,168,65,237,106,200,104,233,140,192,99,0,82,53,26,0,185,255,255,193,52,255,131,160,122,123,165,135,160,125,198,124,0,45,157,189,61,255,0,63,202,232,77,161,71,96,104,37,159,253,255,255,72,255,0,109,172,104,137,255,115,42,0,186,57,148,206,255,250,103,0,99,255,111,116,166,0,255,129,25,31,175,94,234,0,255
178,43,193,99,221,30,115,141,130,202,213,26,115,165,134,93,166,95,226,141,0,255,145,9,94,234,185,94,125,100,114,69,205,98,67,175,84,162,184,77,112,200,28,54,97,229,103,182,63,255,149,96,97,92,55,120,79,0,200,255,255,221,38,187,89,184,133,78,223,79,131,163,186,121,0,100,150,182,119,183,85,76,175,255,81,123,64,138,167,19,79,154,255,206,64,255,12,179,136,136,109,255,96,119,0,213,116,181,209,255,153,155,78,140,255,108,120,124,0,255,149,36,108,76,45,255,0,255
175,37,176,77,225,34,123,127,142,213,206,25,132,146,150,68,127,80,194,98,0,255,152,17,55,255,199,120,170,87,117,123,188,99,95,194,147,130,132,147,143,190,36,56,109,230,119,190,0,193,118,69,82,183,85,84,64,40,193,255,255,198,44,140,35,153,113,0,224,186,91,194,190,178,0,110,162,180,156,133,153,149,203,253,47,79,44,154,136,55,13,166,255,112,92,255,0,119,76,64,156,141,41,66,9,231,131,118,222,255,78,159,93,233,187,101,107,87,0,190,182,0,44,125,0,165,38,255
176,22,157,102,198,52,105,100,138,203,191,65,120,122,107,53,148,89,119,172,51,232,150,51,114,176,168,174,187,172,81,30,173,90,116,165,115,66,95,80,171,146,112,150,126,179,138,188,53,205,149,182,117,52,128,129,127,70,139,159,203,190,0,150,177,179,154,31,75,150,96,122,219,216,87,178,125,187,188,152,152,161,217,148,72,174,125,157,155,23,189,186,204,243,108,252,0,80,134,135,220,86,82,92,96,190,48,238,255,200,115,97,41,152,176,107,145,210,22,157,193,25,90,67,94,145,11,255
181,44,204,95,203,14,83,119,122,229,172,0,138,137,99,58,102,139,112,136,74,250,101,66,98,255,183,81,245,94,227,49,174,143,56,255,92,1,134,145,81,186,0,200,67,255,92,233,177,255,37,255,119,22,70,82,0,74,214,255,255,255,0,243,202,196,162,139,163,89,118,73,255,111,28,78,217,255,36,212,156,111,175,214,87,95,228,96,80,80,5,166,255,255,39,235,0,107,192,197,85,99,101,126,0,255,145,86,170,255,228,237,11,128,206,93,164,186,112,255,255,13,146,71,0,185,0,255
184,42,205,86,187,34,105,121,163,224,181,28,152,84,103,77,60,98,148,161,33,255,80,116,110,250,229,125,211,62,161,40,76,106,0,246,123,0,89,141,169,200,0,212,98,223,185,210,254,224,215,255,0,0,33,117,70,165,181,255,255,247,21,255,255,174,117,31,255,55,0,149,255,176,0,102,101,255,189,248,223,245,250,255,134,176,255,89,175,0,103,255,255,255,0,255,0,147,212,163,255,161,161,79,0,206,120,24,138,255,89,170,147,116,234,114,62,255,33,255,255,0,182,78,0,116,0,255
179,30,188,95,176,43,117,135,161,255,147,23,122,90,67,9,80,82,134,131,82,255,101,13,84,255,120,74,205,76,149,74,104,123,53,225,147,1,69,164,211,180,25,212,69,198,101,160,98,159,104,203,3,44,57,115,48,96,113,176,255,255,7,255,174,140,42,58,128,167,0,99,244,94,68,111,99,234,182,255,134,133,223,174,155,93,144,104,62,115,211,121,255,238,76,231,0,126,224,216,252,206,60,110,0,195,157,16,152,255,255,191,33,67,103,102,197,203,7,255,255,0,107,79,0,245,0,255
175,29,180,95,192,48,116,135,176,255,134,33,106,89,101,28,85,107,118,112,57,255,136,62,65,255,129,66,191,61,163,91,89,139,59,178,170,4,33,174,228,238,81,178,93,221,79,171,79,180,78,210,0,89,34,153,52,120,99,145,255,255,14,226,121,87,43,35,220,150,0,123,214,71,67,150,132,255,233,220,105,138,196,124,93,133,94,57,52,145,144,135,255,224,114,197,0,139,171,255,240,186,110,134,0,190,138,0,157,255,191,152,74,30,156,4,118,142,27,233,255,0,10,205,0,247,0,255
171,32,171,97,202,51,109,130,174,249,145,30,103,111,111,24,76,91,120,95,46,255,131,41,66,255,137,84,154,54,167,101,86,130,46,191,167,6,70,122,178,205,68,114,75,233,87,141,110,221,65,177,11,111,38,132,90,86,118,117,255,242,0,217,134,75,14,30,158,104,14,127,225,48,42,140,129,255,230,255,93,130,206,149,89,92,132,75,72,83,57,117,255,226,118,192,0,159,165,255,216,96,112,141,0,208,155,0,152,255,138,161,52,58,181,10,173,128,30,243,255,0,0,154,32,204,0,255
174,35,188,75,207,49,118,123,161,220,158,40,130,96,135,71,31,117,129,116,5,255,117,85,76,255,153,88,184,60,186,104,93,128,72,239,160,2,48,134,185,203,26,244,83,201,38,201,121,255,139,242,0,91,0,119,28,173,109,185,255,244,38,248,182,101,59,28,222,97,22,131,255,109,0,126,149,220,243,202,107,157,213,206,136,183,186,105,67,38,36,236,255,255,30,255,0,128,254,176,255,95,131,100,0,220,72,0,122,255,155,184,106,0,255,0,87,183,5,206,255,0,64,196,0,176,64,255
184,36,199,107,190,7,102,141,155,201,194,0,138,101,110,60,143,111,175,178,82,255,71,51,116,255,185,63,255,119,214,42,156,125,116,238,68,20,138,107,215,215,5,204,132,206,198,226,148,201,132,255,92,0,90,113,7,124,217,255,255,175,0,254,240,203,180,61,197,147,56,47,252,146,53,94,238,255,106,211,123,145,224,187,91,120,255,79,117,26,190,236,255,255,55,255,0,142,185,154,142,154,45,60,48,211,163,115,171,255,255,166,0,165,159,59,169,253,115,255,255,3,172,107,0,142,0,255
180,41,211,96,208,19,106,155,136,196,196,14,129,139,142,89,134,90,193,191,0,255,102,15,101,255,187,80,127,90,171,22,222,133,99,214,57,107,204,66,92,217,0,154,69,229,93,168,127,255,122,189,17,51,39,49,24,0,134,255,255,245,32,255,79,205,167,113,190,161,197,99,255,99,0,0,156,204,87,208,74,79,219,255,112,149,99,124,124,41,33,255,255,206,46,255,0,156,170,59,169,235,198,57,13,207,91,147,115,255,216,171,55,174,255,107,67,54,0,255,77,92,0,168,121,236,0,255
180,42,198,108,220,28,112,146,143,215,183,31,110,146,124,81,153,117,198,147,0,255,153,10,107,254,165,73,164,82,140,98,185,120,83,199,100,144,161,92,119,217,64,100,83,215,114,202,70,251,137,164,86,92,81,89,54,22,201,255,255,241,25,192,89,199,144,87,255,101,130,160,209,100,0,90,202,175,103,177,71,81,193,255,41,98,102,123,138,29,101,126,255,215,81,255,0,152,94,139,116,255,99,148,0,244,132,178,148,255,186,185,103,180,255,109,97,121,0,255,213,54,57,123,32,255,0,255
175,39,183,101,227,44,138,119,145,226,185,32,120,156,119,51,154,72,220,122,0,255,162,4,71,250,171,96,156,63,114,113,227,110,71,184,114,179,148,81,163,176,54,117,99,212,94,190,55,252,158,103,86,112,90,66,57,38,182,245,255,255,63,133,110,153,139,106,232,119,146,176,215,149,0,98,159,154,159,166,104,93,199,255,99,93,48,128,167,0,45,133,255,204,102,226,23,114,75,155,128,185,102,181,0,182,99,159,212,247,133,149,65,200,255,134,88,65,0,227,203,0,152,62,84,247,23,255
174,22,154,99,201,50,100,105,127,196,209,62,120,125,107,50,148,102,109,164,60,212,146,51,111,149,192,191,202,170,78,22,165,96,119,189,107,57,81,102,137,172,108,117,95,209,130,198,40,223,146,167,149,74,146,122,133,59,167,164,202,216,0,114,204,176,137,17,84,122,108,97,243,202,98,173,134,177,168,139,167,175,209,172,111,165,125,180,169,33,162,146,229,237,82,227,11,83,172,106,215,58,93,130,134,225,46,244,255,232,114,95,0,172,187,129,181,191,31,157,186,40,74,91,107,107,0,255
180,36,191,98,199,14,95,133,147,208,197,11,136,122,98,69,115,126,138,172,74,255,106,58,92,255,175,93,255,131,212,47,155,148,113,245,87,10,123,122,173,187,12,206,68,220,151,234,114,204,145,255,112,0,89,94,19,129,165,255,255,239,0,221,197,196,162,66,154,163,79,95,255,152,48,80,231,255,107,212,130,155,223,191,96,122,242,66,110,1,118,227,255,255,57,255,0,95,174,163,162,120,53,66,26,255,143,161,108,255,255,141,0,152,164,81,177,209,140,255,246,0,161,98,0,189,0,255
186,43,215,90,191,9,88,132,147,197,206,0,150,104,101,90,106,130,141,170,48,252,62,119,113,255,236,104,229,83,230,28,133,116,59,255,104,0,127,117,139,233,0,228,112,242,179,222,215,255,172,255,43,0,60,128,44,125,170,255,255,255,13,255,255,207,188,53,255,89,81,76,255,151,37,71,175,226,104,208,202,192,209,255,177,146,255,19,130,8,56,255,255,255,0,251,0,127,238,111,254,196,190,115,0,227,120,139,185,255,231,180,7,85,255,109,111,218,79,255,255,22,191,98,0,120,0,255
175,31,180,86,186,49,122,121,152,255,149,38,119,73,97,31,74,103,139,115,23,255,149,72,97,255,113,76,198,84,171,100,94,112,63,186,144,26,47,168,224,251,65,201,105,240,121,186,92,176,69,187,31,80,38,123,16,117,75,186,255,224,19,208,172,90,70,32,236,173,0,130,210,91,39,153,39,255,255,200,89,146,246,160,128,128,126,99,50,140,113,107,255,255,95,249,0,101,181,253,159,197,20,157,16,123,135,52,213,255,254,166,43,7,145,27,98,98,42,213,255,0,133,98,46,243,0,255
174,25,178,95,178,55,115,137,160,255,121,40,117,82,97,14,76,113,112,106,86,255,120,41,87,255,110,69,191,87,175,76,73,98,75,176,185,23,80,165,252,255,78,231,107,201,79,125,89,150,68,195,0,79,73,123,52,102,59,125,255,255,29,230,102,124,49,19,165,205,0,125,181,113,116,145,76,255,246,213,99,85,206,93,91,111,102,128,47,215,201,107,222,236,113,158,0,187,159,255,255,203,112,125,0,141,139,0,172,255,226,149,58,0,84,17,107,137,0,227,239,0,0,194,67,255,0,255
175,27,181,96,182,52,113,130,169,255,126,34,113,67,100,8,88,101,114,100,70,255,133,48,74,255,126,64,196,60,147,75,74,132,34,182,159,0,42,200,255,250,51,150,93,229,82,168,110,152,73,212,0,85,54,138,58,112,80,144,255,238,7,218,122,108,36,28,194,188,0,109,195,85,137,122,97,255,238,245,99,101,229,141,98,123,116,86,93,193,190,125,245,235,115,198,0,164,174,255,250,157,123,147,5,149,156,0,188,255,149,175,67,34,107,44,146,109,15,219,206,0,0,210,3,255,0,255
181,34,199,76,190,31,116,129,153,215,164,35,141,64,114,66,20,115,118,140,60,255,104,71,82,255,165,94,226,78,178,101,99,151,73,255,141,0,47,156,237,202,29,255,78,205,47,215,156,216,173,255,6,27,24,96,48,200,138,252,255,252,0,255,208,142,122,35,253,57,0,180,255,157,39,106,166,222,159,212,214,176,236,255,69,153,239,64,88,55,176,255,255,255,0,255,0,164,195,157,236,158,89,62,0,245,76,11,108,255,209,255,103,70,203,0,50,255,62,255,255,46,88,140,0,127,0,255
179,36,190,102,200,23,115,130,147,207,178,4,126,110,131,46,137,109,169,159,57,255,102,30,107,253,148,90,255,121,190,62,154,115,96,231,89,49,138,95,211,200,16,177,118,189,155,207,126,205,139,237,85,0,74,99,19,102,204,255,255,168,3,213,188,167,137,64,143,126,40,51,255,117,13,112,211,229,117,243,118,154,217,196,114,131,207,103,104,0,183,197,255,255,83,255,0,121,181,212,138,113,30,78,11,198,105,103,153,255,216,159,1,138,215,66,174,156,92,255,220,0,176,145,0,192,0,255
183,40,208,101,207,15,102,155,139,189,206,2,131,127,115,95,157,92,197,190,7,253,80,32,116,255,194,77,173,121,173,28,198,94,115,227,42,101,194,92,121,214,0,183,117,236,175,198,122,255,155,205,79,0,97,81,2,0,183,255,255,229,22,255,158,219,146,85,186,158,158,97,255,96,0,49,156,206,114,241,76,81,218,215,123,140,141,111,136,22,58,250,255,255,49,255,0,146,184,88,151,255,116,62,2,181,97,134,126,255,232,125,13,158,255,119,115,150,0,255,175,49,84,77,76,246,0,255
176,41,185,92,235,36,126,133,146,219,189,35,106,159,139,67,147,92,196,104,0,255,165,0,71,255,172,82,168,67,121,109,203,110,85,191,112,155,157,113,111,186,35,79,108,210,86,185,39,230,94,109,88,151,56,72,15,3,186,247,255,243,50,132,72,155,131,74,224,109,157,189,231,75,0,85,151,160,116,150,105,95,171,255,69,68,41,157,144,30,0,95,255,184,98,252,0,173,83,150,91,233,82,133,0,253,109,165,203,255,170,182,87,203,255,103,116,64,0,255,183,20,46,143,20,255,0,255
179,36,180,102,216,39,128,126,145,214,184,19,114,145,84,61,150,71,218,150,0,229,142,0,99,233,172,113,160,99,79,73,232,129,70,190,110,147,148,87,193,139,59,156,83,237,131,159,64,227,164,102,111,67,106,92,76,75,204,205,254,255,43,181,101,150,113,56,168,170,109,148,193,159,0,97,125,191,153,193,130,132,215,255,96,132,92,114,141,0,36,152,255,228,72,251,0,63,104,131,181,255,48,195,0,198,115,139,175,255,134,139,83,209,255,72,104,74,4,255,134,0,203,0,65,234,0,255
170,21,145,102,200,47,107,108,119,196,213,40,118,121,127,28,127,73,126,163,48,208,138,18,105,140,174,196,198,197,36,0,206,88,127,199,118,29,35,121,138,168,121,128,60,224,111,194,45,255,109,152,155,66,146,126,85,24,199,138,203,242,0,169,181,162,123,10,58,115,118,75,219,150,77,176,155,156,176,194,136,131,227,177,81,157,133,191,234,23,174,113,255,203,53,229,0,107,198,144,144,56,102,110,173,233,66,217,255,213,165,104,15,217,209,124,170,107,36,184,174,54,96,0,123,182,0,255
183,38,204,102,189,2,89,134,146,198,196,2,147,117,93,71,105,127,121,182,66,250,77,87,103,255,199,90,250,116,234,34,143,152,114,255,65,0,125,122,153,196,0,232,77,246,154,233,167,239,129,255,93,0,68,79,22,124,153,255,255,255,0,255,248,185,178,81,217,146,97,58,255,172,46,55,233,255,90,189,148,165,221,231,116,126,255,58,89,12,87,255,255,255,33,255,0,86,191,106,219,143,120,84,35,255,135,122,132,255,248,155,0,159,205,96,140,228,129,255,255,0,125,132,0,130,0,255
189,44,216,91,186,18,98,135,132,221,195,0,153,98,108,62,77,103,124,170,61,255,58,90,123,255,203,116,212,82,195,56,110,108,42,255,84,0,119,145,128,238,0,248,102,232,161,236,226,239,151,255,18,0,42,100,9,76,166,255,255,250,24,255,247,174,144,86,255,68,26,87,255,150,30,88,123,255,107,255,179,193,188,255,165,151,255,47,81,23,100,232,255,239,0,255,0,133,245,143,253,235,144,50,0,232,103,87,187,255,204,190,53,124,255,96,104,234,55,255,255,0,188,81,0,93,0,255
176,33,183,87,180,37,111,122,153,243,149,28,132,80,71,11,45,90,146,120,54,255,111,40,103,255,130,84,177,88,147,66,70,115,40,245,152,0,51,168,197,165,8,216,89,199,66,161,99,152,108,196,5,69,0,106,47,127,91,181,255,255,0,248,201,99,42,28,145,109,0,83,255,60,0,140,69,166,207,218,142,179,255,221,186,114,219,120,80,64,174,165,255,255,58,255,0,149,255,245,230,170,39,98,0,205,137,0,223,255,255,195,53,12,154,42,203,189,59,255,255,0,138,107,0,235,0,255
171,29,171,98,195,51,111,128,179,248,140,36,106,106,107,21,74,94,118,96,50,255,144,45,68,251,122,73,151,76,168,105,83,126,49,182,177,6,52,136,198,212,84,132,99,216,104,145,98,202,68,161,0,105,23,132,85,98,110,110,255,224,8,211,138,66,17,15,183,134,4,109,211,63,61,131,128,255,242,246,100,124,210,120,98,106,132,91,52,89,115,139,255,212,133,176,0,184,183,255,255,98,123,140,0,209,162,0,154,255,168,160,58,45,175,0,169,114,32,238,255,0,0,151,53,229,0,255
172,29,174,96,195,49,109,127,176,249,144,33,113,102,107,24,64,90,112,99,49,255,137,37,67,252,127,65,159,74,160,92,79,119,53,188,173,5,61,139,199,205,77,136,95,217,89,142,114,202,65,178,0,98,26,134,80,113,101,108,255,217,0,212,129,86,17,3,173,122,0,103,223,79,61,132,129,255,221,251,127,117,208,133,116,104,131,101,44,81,138,152,255,211,122,184,0,196,198,255,255,82,113,122,0,223,151,0,154,255,159,143,67,48,152,6,191,119,44,248,255,0,0,154,15,235,0,255
177,35,186,80,198,37,113,122,155,219,163,26,133,91,111,49,40,117,127,126,47,255,115,59,59,255,147,81,208,76,183,104,95,126,94,238,168,0,55,140,194,214,34,253,78,189,45,193,124,225,132,244,1,53,22,112,38,170,113,201,255,255,9,244,186,127,63,1,209,103,7,160,255,101,0,100,172,204,178,203,145,142,199,210,87,142,195,79,51,61,118,207,255,255,28,255,0,141,227,203,217,142,69,62,0,223,81,0,153,255,223,228,77,11,165,0,86,224,85,255,255,10,57,166,0,191,0,255
180,39,192,111,206,25,105,129,155,198,183,0,138,102,132,43,133,98,164,128,45,255,77,44,103,255,148,59,255,127,223,92,124,115,123,235,71,18,120,89,170,200,15,237,128,192,134,234,147,241,65,255,81,47,53,117,0,122,177,255,255,188,0,220,247,158,124,79,191,141,51,87,255,89,0,80,255,206,172,224,86,132,178,183,102,155,203,99,119,0,129,139,255,255,83,201,0,172,193,193,113,108,13,97,0,255,79,55,180,255,255,189,43,145,243,129,201,176,75,255,255,0,177,124,0,187,0,255
183,36,210,104,196,16,108,162,125,174,222,0,141,123,138,93,155,99,187,182,0,236,68,39,119,252,187,90,154,145,156,33,190,107,104,228,55,58,172,133,159,215,0,182,118,216,126,194,137,217,152,185,90,6,82,52,51,0,151,255,242,201,42,255,180,187,163,100,160,135,145,83,233,168,30,31,142,216,100,219,90,125,197,163,149,147,163,82,109,37,165,227,255,255,57,255,11,139,184,47,171,210,112,36,0,159,81,210,171,255,246,110,23,117,255,114,158,168,0,255,103,35,62,102,50,139,35,255
181,40,197,95,217,33,118,143,135,237,180,40,97,151,102,84,153,106,220,177,3,255,166,2,101,239,156,84,168,74,134,112,208,130,85,195,112,189,174,72,135,220,25,135,101,223,129,191,37,255,153,126,72,97,149,96,70,19,212,255,255,239,61,165,64,183,144,71,252,152,145,166,199,90,12,108,156,220,65,196,124,71,191,255,37,89,29,126,110,68,54,149,255,118,100,255,0,97,75,106,105,255,66,150,0,255,136,179,130,255,211,198,63,193,255,111,92,92,0,255,192,0,104,111,0,255,0,255
177,35,178,94,221,17,119,134,134,209,209,25,114,152,109,72,165,77,242,155,0,233,199,0,101,254,165,84,157,104,139,106,224,101,96,189,163,204,149,45,147,172,40,112,120,217,93,175,0,237,183,56,129,93,113,53,112,80,169,255,254,255,73,171,62,164,141,23,202,179,167,161,169,115,0,163,148,185,124,204,111,69,222,255,51,47,16,83,158,4,34,164,255,173,167,255,50,91,89,107,186,255,38,130,0,184,155,172,250,255,222,206,0,107,255,80,140,10,24,255,186,0,134,101,3,235,0,255
175,18,151,106,198,52,115,109,153,199,187,52,120,122,115,49,156,95,128,169,46,202,160,30,135,155,170,180,186,184,124,30,175,96,119,182,100,93,85,79,149,147,110,156,110,188,123,176,16,207,128,176,117,59,135,118,135,42,138,136,196,221,32,112,153,195,147,35,60,150,95,121,217,191,75,202,110,218,184,141,124,148,215,169,83,190,78,179,153,12,226,182,228,253,99,211,42,47,138,104,202,114,90,91,120,219,23,209,255,206,122,117,0,131,213,146,114,168,70,189,136,20,69,71,119,125,0,255
182,38,193,97,203,0,92,127,151,176,199,0,127,129,85,79,133,127,119,149,58,210,88,88,79,251,226,105,255,113,255,49,142,123,114,255,66,0,152,92,168,189,0,169,88,255,137,223,116,254,125,255,161,0,93,110,66,152,155,255,188,237,4,212,218,223,182,58,174,112,109,64,255,212,75,71,236,255,83,160,133,214,191,215,68,139,227,35,120,0,31,236,255,255,68,255,0,77,170,133,177,170,82,109,85,255,148,150,170,255,240,130,0,120,217,102,174,224,157,255,255,0,187,145,0,151,0,255
182,41,206,80,195,19,98,129,131,220,197,15,143,103,92,76,56,130,104,134,54,255,103,85,86,255,177,86,207,73,224,99,124,147,68,255,113,0,97,117,77,211,0,255,81,228,75,225,149,255,68,255,66,0,27,99,0,131,131,255,255,255,28,237,255,171,142,92,255,76,24,103,255,112,20,95,169,255,81,224,180,153,187,255,151,114,231,65,44,85,52,148,255,255,0,244,0,149,255,128,210,194,122,83,0,219,131,107,211,255,255,230,36,42,251,42,131,243,72,255,255,25,151,46,0,95,0,255
178,28,184,83,174,44,120,126,156,255,132,34,126,70,78,15,49,80,143,127,55,255,117,32,107,255,123,92,212,98,130,41,98,120,26,219,123,0,52,184,255,153,14,215,98,207,86,182,98,114,116,207,0,48,10,90,24,122,91,205,255,227,0,255,158,72,58,42,119,179,0,86,226,109,35,143,59,229,196,236,163,179,255,219,128,115,189,148,111,85,243,189,244,255,72,255,0,156,246,254,222,169,44,106,0,184,118,0,171,255,255,188,84,4,102,39,189,186,48,255,241,0,140,120,0,237,0,255
175,27,177,93,188,49,118,133,169,255,131,31,111,69,99,16,71,104,108,91,80,255,135,29,66,255,127,59,186,82,174,89,78,141,65,187,155,0,39,175,240,231,71,162,85,220,76,161,87,144,71,198,0,97,34,114,63,116,75,114,255,245,0,212,100,104,46,15,182,178,0,123,198,70,100,143,116,255,236,221,102,101,214,122,86,107,119,94,79,140,184,125,255,239,115,184,0,184,170,255,219,161,118,119,0,175,153,0,178,255,188,194,65,57,115,10,152,115,31,240,251,0,0,166,24,222,0,255
173,23,173,105,185,57,113,147,176,255,126,35,115,82,109,0,72,80,127,104,96,255,138,14,74,255,120,86,183,58,137,101,78,111,72,166,163,39,88,111,255,246,88,231,98,179,75,143,101,171,55,191,16,67,84,115,81,128,107,124,255,215,13,236,138,87,84,0,196,160,0,124,191,105,122,116,120,255,182,255,94,99,205,135,56,114,120,101,37,131,227,162,208,222,125,178,15,233,141,255,255,142,73,81,0,193,150,16,198,252,162,146,50,37,128,41,181,141,0,245,206,9,0,236,25,177,0,255
181,28,194,87,179,51,126,136,156,255,128,23,143,91,100,30,55,98,125,131,90,255,99,10,96,255,143,87,230,60,171,104,113,128,66,241,126,14,99,157,217,193,59,255,85,174,86,179,143,186,94,239,0,30,96,116,42,161,186,203,255,211,60,192,193,171,49,36,193,172,0,135,255,145,128,73,167,255,148,255,160,156,234,255,108,136,190,99,32,98,255,180,255,215,0,255,0,114,160,165,255,162,13,91,0,138,89,37,163,255,197,255,46,49,141,52,68,201,0,255,255,0,102,151,0,124,0,255
182,41,191,109,224,38,119,131,158,216,178,0,127,124,128,49,137,99,173,150,41,255,73,21,108,255,165,85,248,99,173,36,144,141,79,196,72,56,155,81,179,211,35,189,118,220,158,202,155,224,144,255,62,52,74,154,0,88,197,255,255,180,1,218,209,183,124,80,215,171,68,97,255,117,0,67,250,217,178,232,69,184,159,249,129,152,210,69,146,0,97,198,255,255,36,216,0,137,153,195,116,172,56,147,0,218,76,95,166,255,170,148,46,187,248,130,151,206,68,255,183,0,196,121,0,220,0,255
181,40,199,110,209,23,105,150,126,178,209,0,139,140,137,76,138,100,176,153,0,238,74,23,112,245,196,125,155,154,107,4,166,112,76,193,54,66,155,132,144,175,0,117,90,219,115,190,125,204,158,187,131,45,28,81,57,14,174,255,249,184,1,249,140,178,130,108,125,122,132,92,227,179,2,68,197,175,109,191,72,137,184,231,103,151,142,110,139,0,140,186,255,255,18,255,0,150,174,112,144,220,141,108,0,198,77,151,177,255,172,86,43,174,255,112,176,170,0,255,122,48,127,115,59,220,0,255
179,43,201,99,225,36,110,139,125,234,206,41,119,166,104,73,148,92,206,163,0,255,158,24,100,255,157,70,148,91,105,71,218,96,63,164,113,183,160,78,128,220,10,98,53,246,100,201,60,240,194,137,70,64,108,91,23,0,195,255,255,246,47,185,52,194,181,106,255,116,144,174,180,130,0,72,146,186,46,196,100,53,194,255,48,107,23,135,165,39,119,177,255,170,54,255,0,125,117,171,91,255,150,133,0,255,133,193,188,255,189,181,62,162,255,155,59,130,0,255,204,10,97,52,24,255,0,255
179,32,191,95,197,23,127,147,136,216,189,36,105,135,94,67,155,62,211,187,0,255,174,7,97,240,159,65,142,72,130,76,242,147,69,169,99,158,135,73,187,159,34,108,76,229,126,208,24,204,174,80,102,35,128,18,92,56,147,242,251,255,51,208,74,151,170,96,194,188,154,144,131,119,37,143,112,252,81,255,118,95,229,255,54,29,4,79,141,0,131,155,255,184,110,255,0,25,58,84,146,255,81,178,0,128,167,186,135,255,255,212,57,139,255,127,153,35,0,255,190,0,119,35,25,212,0,255
172,18,141,101,203,62,100,97,137,190,190,68,105,115,115,47,125,87,118,160,53,234,149,41,114,153,171,209,161,186,82,37,161,98,121,166,104,57,69,81,150,159,134,162,81,201,118,166,44,245,114,162,138,84,127,110,111,16,142,105,199,215,0,108,199,153,121,17,65,156,132,134,211,167,71,230,99,136,216,128,154,161,203,126,113,216,131,210,193,0,180,179,209,199,94,208,0,77,147,114,185,90,71,116,127,242,12,217,255,127,119,147,56,195,221,161,179,145,0,64,221,66,62,47,157,141,0,255
185,38,206,91,182,0,82,125,155,195,189,0,140,109,93,65,95,111,119,184,69,228,74,80,95,241,250,121,246,84,209,43,152,138,91,255,65,0,159,135,204,192,0,224,88,255,160,237,166,255,169,255,87,0,68,86,43,156,169,255,255,255,0,212,236,209,194,39,227,108,104,61,255,198,67,75,233,246,84,195,215,199,215,250,119,163,247,30,95,0,93,255,255,255,24,255,18,104,205,110,222,151,127,116,65,255,124,63,113,255,173,132,0,142,213,47,164,212,123,255,255,25,166,140,0,172,0,255
181,41,203,86,193,12,80,131,148,196,201,0,163,98,95,71,62,117,109,147,35,247,79,89,100,255,216,105,226,87,196,38,125,117,57,255,118,0,94,130,108,191,0,245,71,250,124,222,162,255,101,255,74,0,15,108,0,146,182,255,255,255,1,211,255,195,138,20,239,49,42,87,255,123,0,63,212,227,78,212,197,193,210,255,188,188,255,38,75,17,37,238,255,255,0,246,0,162,255,141,238,116,162,61,0,255,105,36,202,255,226,169,40,83,255,63,147,220,139,255,255,12,194,106,0,108,0,255
179,37,190,88,204,46,114,127,160,224,162,20,149,106,112,35,59,90,133,139,57,255,90,15,78,255,150,118,242,102,164,60,96,124,85,247,115,22,91,111,185,173,20,251,99,192,110,210,133,213,131,255,11,2,24,143,9,156,161,211,255,220,23,183,205,161,31,19,168,157,0,139,255,100,0,56,218,190,166,255,143,158,212,237,126,205,168,105,73,10,174,225,255,255,32,228,0,152,238,207,250,107,32,53,0,255,33,0,154,255,190,173,70,25,236,82,157,241,42,255,255,0,165,117,0,235,0,255
178,34,176,103,202,51,120,108,160,212,185,10,150,140,143,34,125,98,156,155,51,235,87,31,89,255,181,135,255,128,105,33,142,100,63,204,108,64,107,94,194,151,38,178,75,202,180,225,151,215,155,255,63,0,110,115,29,131,223,209,255,163,0,161,185,161,113,51,119,109,0,128,255,206,15,82,203,224,110,235,178,186,196,255,90,175,196,108,119,0,161,223,255,255,11,255,0,100,175,172,187,124,10,48,31,227,79,124,224,255,70,137,0,206,123,81,72,173,96,255,245,0,185,84,0,146,0,255
182,36,208,91,195,0,95,153,142,188,211,13,131,107,113,78,127,89,180,203,47,240,93,26,127,236,185,77,209,125,199,39,170,97,123,255,62,77,184,107,151,214,0,207,112,232,171,219,80,255,188,216,85,0,87,56,13,71,160,255,255,254,36,225,166,239,168,17,180,177,149,39,255,120,0,54,196,205,49,233,90,135,255,255,147,150,154,93,127,28,130,255,255,255,60,255,83,167,240,86,186,186,58,45,49,221,112,157,153,255,255,161,0,118,255,119,154,136,15,255,205,43,140,118,0,242,0,255
179,35,190,93,207,27,122,143,151,220,186,42,117,133,106,85,145,102,196,195,3,255,153,21,109,248,162,70,204,85,155,64,210,118,89,220,132,127,158,86,165,199,20,173,114,199,159,193,58,227,164,170,62,18,136,68,42,57,172,246,255,254,60,212,124,200,128,59,187,150,129,126,220,98,2,120,153,247,103,253,140,106,251,230,94,87,87,84,94,42,87,194,255,255,87,255,20,106,137,114,209,233,59,98,30,189,137,188,118,255,216,155,32,131,255,67,137,81,0,255,190,0,104,99,0,255,0,255
172,39,173,93,232,29,115,130,140,211,213,25,119,155,149,67,168,90,219,84,0,255,158,18,75,255,188,126,214,126,128,102,170,76,100,194,127,143,127,128,139,184,56,24,135,244,128,182,3,195,106,48,155,169,82,64,82,6,207,255,253,199,21,130,65,138,142,9,223,162,123,200,213,162,8,142,170,145,173,122,107,98,210,223,0,34,88,195,211,45,34,126,255,129,103,255,0,132,65,147,95,118,80,125,0,216,150,131,225,255,126,102,49,190,252,153,129,158,22,231,179,50,69,114,0,233,27,255
171,40,184,75,244,17,110,133,156,225,215,59,105,153,143,74,127,100,208,75,0,255,220,0,50,255,170,82,172,57,151,173,177,119,86,218,158,194,144,114,60,157,16,9,116,187,28,231,0,221,98,74,111,204,52,27,11,22,180,255,255,255,19,112,0,185,136,77,229,131,173,237,218,69,0,154,181,105,104,117,182,40,237,255,0,23,0,169,200,95,1,104,255,111,140,245,0,216,64,145,39,139,35,141,0,255,214,189,142,255,208,167,110,179,167,125,116,50,0,215,255,111,0,106,0,255,0,255
177,34,181,96,219,14,120,145,135,207,213,21,108,170,147,99,183,107,247,140,0,250,162,0,90,249,192,98,115,121,140,117,190,120,136,198,126,151,161,96,108,177,74,57,169,194,120,162,0,187,85,37,143,107,75,69,105,20,194,255,243,217,50,168,58,200,113,43,172,174,164,153,205,98,55,168,170,174,193,142,109,52,247,194,50,46,55,120,122,73,56,126,255,149,142,255,0,93,46,97,179,184,64,105,35,148,179,185,193,255,159,98,26,119,255,60,89,13,0,255,187,15,33,161,61,248,27,255
170,36,178,72,230,22,114,117,132,246,220,72,110,188,121,66,146,104,234,129,5,255,229,0,25,255,155,63,120,55,145,179,212,124,98,231,192,221,132,106,49,142,6,18,153,190,24,200,0,211,130,40,75,216,106,16,46,0,157,255,255,255,64,78,8,187,125,73,203,151,214,248,148,40,0,95,156,167,68,96,212,30,199,243,0,0,0,162,128,210,0,124,255,20,232,215,0,168,19,90,35,78,2,79,0,255,221,255,185,216,253,255,77,146,194,130,65,76,0,228,255,58,0,81,14,255,0,255
193,35,219,76,165,0,84,166,108,209,204,25,108,105,60,86,145,67,246,255,35,255,186,0,174,237,186,38,122,87,254,124,255,114,138,232,94,227,211,95,83,221,0,103,92,238,111,182,0,255,155,46,46,0,94,0,59,0,110,255,255,255,0,218,154,151,217,120,222,180,255,0,179,131,22,118,232,183,0,237,213,177,234,255,109,60,38,50,156,207,131,238,255,112,159,255,111,105,171,0,97,255,0,71,20,248,222,255,230,215,255,255,0,198,255,4,255,102,0,255,255,101,184,119,0,239,0,255
188,31,203,81,162,0,76,149,106,227,210,34,100,89,69,69,115,62,220,241,68,255,180,0,166,228,148,56,144,129,246,135,255,135,161,219,105,145,223,119,133,224,0,187,85,201,97,193,0,210,94,83,129,0,97,0,3,0,90,255,249,250,0,180,184,177,238,93,112,250,234,124,199,191,28,114,255,127,28,212,188,127,221,176,97,121,59,104,222,169,132,208,255,217,132,250,79,128,207,41,75,160,0,17,36,255,160,255,211,216,255,255,0,233,255,31,255,67,0,255,199,4,207,64,0,255,0,255
176,32,174,94,212,33,102,129,122,234,199,77,108,115,90,59,165,91,193,208,4,238,249,0,105,216,144,83,197,124,125,141,255,112,90,223,138,188,178,69,133,157,19,139,77,173,100,209,0,155,181,136,165,4,145,0,26,0,181,255,234,255,0,119,125,242,224,151,76,153,204,239,191,124,80,135,174,194,57,240,207,80,209,162,21,73,0,73,129,138,74,116,255,189,193,183,8,93,18,160,80,174,0,146,0,203,136,255,154,154,255,246,95,133,255,109,176,143,18,255,172,0,112,131,0,255,0,255
187,29,210,68,155,0,88,149,98,236,194,46,124,91,51,58,101,65,220,255,53,255,198,0,139,221,166,67,128,96,211,178,255,108,150,255,134,177,201,152,103,167,0,205,79,188,122,188,0,225,151,75,102,6,156,0,48,0,92,255,255,255,0,158,200,194,199,99,164,232,255,97,214,141,26,56,241,155,0,255,255,175,241,210,63,62,0,86,168,255,182,160,255,98,169,222,93,84,130,0,83,171,0,29,50,255,152,255,172,234,255,255,0,144,255,40,255,93,0,255,255,39,172,25,0,254,0,255
191,28,203,78,169,0,89,146,94,240,206,66,113,107,52,76,114,79,228,255,3,255,244,0,158,210,151,52,113,116,164,154,255,96,152,199,175,245,163,79,96,187,0,140,27,216,60,194,0,210,206,77,83,27,159,0,122,0,87,255,255,247,0,151,166,106,188,119,186,175,255,113,167,190,41,88,255,180,32,231,250,194,203,190,27,83,0,33,134,208,149,145,255,185,174,193,45,73,50,0,106,255,0,112,0,216,175,255,234,177,255,255,0,136,255,20,255,141,0,255,255,0,136,128,0,246,0,255
185,26,188,79,182,3,106,148,112,227,215,69,114,113,71,74,141,89,205,255,11,239,232,0,143,160,152,90,133,144,142,127,255,95,145,239,155,216,148,95,98,157,9,137,50,183,103,200,0,209,189,89,111,0,171,0,145,0,169,233,255,250,0,132,159,172,182,94,96,114,243,129,223,164,97,91,236,240,79,255,223,157,233,169,0,70,0,46,102,181,149,86,244,204,172,193,46,72,28,0,144,227,0,115,28,137,147,255,205,187,255,255,0,53,255,22,240,175,20,255,255,0,88,101,45,255,0,255
179,22,177,82,174,0,109,147,122,211,217,46,125,82,93,66,148,70,205,254,30,246,190,0,149,130,174,94,197,165,200,84,255,96,167,213,130,157,153,131,146,185,0,145,81,181,106,185,0,217,148,82,153,0,156,0,110,0,149,255,227,234,0,139,199,161,206,65,62,192,213,113,227,227,107,121,240,237,107,255,206,165,255,103,8,79,0,119,197,190,158,130,255,255,157,194,88,81,125,37,136,38,0,85,96,184,126,255,180,174,255,255,0,92,255,76,250,122,0,255,167,0,134,58,80,248,43,255
180,25,203,74,161,0,90,152,103,232,210,26,127,83,56,42,104,68,180,244,90,255,167,0,172,183,131,94,153,141,196,142,255,89,158,255,107,114,194,193,105,155,0,229,111,183,115,211,18,218,70,114,169,0,165,0,4,0,149,255,255,255,0,123,216,200,215,118,43,165,219,142,253,94,32,84,238,148,15,255,234,156,223,118,22,114,0,90,169,255,162,96,255,181,152,173,25,104,131,89,0,0,0,42,83,251,174,255,138,227,255,255,0,145,251,47,255,23,0,255,254,44,224,0,8,255,0,255
189,31,196,77,184,0,101,133,97,241,203,75,136,123,72,82,115,84,217,255,7,251,243,0,147,194,169,59,128,127,147,116,255,85,112,227,193,243,152,113,65,161,0,100,24,208,66,198,0,209,255,106,112,35,181,0,138,0,136,255,255,255,19,143,177,183,194,112,168,146,255,151,147,203,64,74,255,217,41,244,214,201,248,249,56,18,0,32,135,209,144,179,255,158,161,255,53,79,0,0,182,255,0,75,0,223,134,255,255,108,255,255,0,211,255,37,255,198,69,255,255,4,133,105,0,255,0,255
180,26,184,84,187,3,105,140,113,245,206,44,157,96,75,37,121,79,186,237,39,252,238,0,136,163,176,98,161,147,77,88,255,134,75,187,112,184,152,198,148,142,21,140,21,212,76,213,0,167,184,119,215,0,170,0,40,0,203,255,227,255,10,100,174,144,197,114,124,194,174,182,145,158,147,118,199,255,11,255,225,152,252,134,22,54,0,111,90,205,205,102,255,123,213,158,3,93,67,55,121,152,0,110,0,227,37,255,155,86,255,255,41,144,255,111,255,212,67,211,172,0,172,6,0,255,0,255
178,17,164,84,178,13,120,155,120,200,232,45,143,77,94,56,150,82,176,243,34,239,156,12,127,95,172,124,192,180,181,77,253,121,158,231,128,107,113,139,120,152,10,180,94,152,114,207,0,199,140,87,148,27,162,0,127,0,190,255,201,199,14,130,209,215,123,85,15,170,172,129,255,193,146,108,188,245,148,255,208,170,255,84,0,98,0,133,161,186,89,12,242,210,127,149,43,80,132,21,166,55,0,70,92,129,80,255,209,150,255,226,0,195,204,177,206,162,0,255,192,0,156,54,228,238,99,255
177,21,157,91,199,33,113,140,103,221,238,79,134,88,126,64,152,91,183,213,25,237,198,24,121,116,168,142,189,177,86,55,235,142,119,157,132,155,62,151,135,214,84,157,106,197,103,201,0,155,155,87,164,69,144,59,138,0,220,247,244,252,0,107,220,176,133,57,69,141,134,215,241,198,143,170,185,255,166,224,185,147,255,143,51,113,40,229,161,112,167,56,218,255,117,159,38,85,71,96,182,108,46,129,114,128,55,255,186,210,255,202,82,100,248,64,201,251,36,150,118,0,81,58,134,255,0,255
176,19,159,96,187,34,126,155,118,202,234,50,143,84,128,76,155,79,188,199,39,255,174,23,144,92,164,163,209,191,87,37,217,136,95,142,113,123,69,169,171,224,93,180,60,201,124,162,0,161,124,51,175,40,131,41,147,0,200,241,213,206,18,119,251,126,129,43,100,112,86,184,234,186,169,213,112,255,177,242,177,133,255,85,110,107,97,255,100,88,164,47,238,255,104,140,3,92,155,90,219,87,91,142,90,120,61,255,192,177,255,134,15,110,255,115,255,255,80,127,132,0,107,18,169,209,37,255
173,16,147,100,206,50,117,140,125,205,216,65,130,102,116,49,167,105,167,199,55,196,183,39,106,78,161,158,200,163,81,23,213,129,106,170,100,99,73,131,120,181,86,154,78,164,102,154,0,177,148,117,140,63,176,65,145,0,238,209,186,217,0,131,168,219,156,73,46,107,134,184,244,92,129,181,119,255,133,247,192,139,243,114,45,99,10,255,149,81,143,41,180,253,121,140,53,72,116,105,190,89,90,104,138,137,14,240,210,187,237,204,74,103,241,119,211,202,24,175,93,38,16,103,253,161,2,255
175,20,160,99,199,45,115,151,133,214,213,53,141,100,88,57,155,123,189,197,16,210,203,17,128,89,173,137,157,167,86,55,227,139,88,182,127,142,83,149,172,170,114,134,70,163,90,163,0,152,185,116,189,60,142,29,180,30,255,244,220,244,21,99,158,166,149,69,103,115,112,149,196,119,138,187,111,255,149,255,164,152,255,120,67,91,0,218,99,83,196,60,216,255,165,125,10,82,93,90,175,144,49,157,76,84,74,255,178,193,255,174,25,19,255,108,208,166,0,196,171,28,62,41,221,187,22,255
175,16,148,96,204,55,107,140,121,214,216,76,111,101,111,58,160,103,178,201,25,204,202,23,124,95,158,160,174,162,73,36,211,105,121,162,116,122,53,117,98,204,115,141,58,164,102,153,0,174,155,117,113,77,164,47,184,0,190,152,217,246,0,132,155,208,156,67,88,94,162,192,232,123,121,176,127,236,156,193,187,172,215,120,63,127,13,214,138,79,136,40,167,239,89,120,32,103,88,110,163,138,67,120,89,115,60,255,203,215,255,187,88,61,255,83,198,173,0,184,81,64,58,141,243,145,0,255
169,14,140,103,198,36,112,132,117,195,228,61,136,88,153,55,165,71,161,191,88,217,155,36,146,71,165,187,238,192,62,11,182,96,125,153,118,49,44,127,111,225,91,158,73,200,85,131,25,194,102,97,122,74,163,74,132,0,156,187,176,219,0,148,199,184,183,47,27,89,98,190,255,134,132,218,155,218,179,170,184,131,255,65,37,98,115,255,143,99,168,72,232,255,73,214,97,85,133,129,176,0,127,114,189,209,64,233,199,193,163,84,29,126,243,74,188,255,70,149,74,30,12,73,211,183,34,255
172,12,140,105,201,43,114,131,117,196,223,62,139,79,145,55,165,78,168,193,81,211,164,43,142,67,162,180,235,190,56,4,180,104,116,140,101,53,26,129,99,215,77,146,68,201,60,125,21,177,100,127,110,91,190,93,134,0,175,170,184,209,0,132,210,190,167,69,30,100,110,196,255,104,123,213,164,198,180,181,194,129,246,62,64,125,82,255,176,94,183,90,208,255,106,167,78,59,137,104,170,0,129,98,200,183,48,184,228,191,157,115,32,152,215,76,216,254,37,110,66,64,0,93,240,171,0,255
169,15,139,107,201,18,121,136,128,178,225,25,140,99,163,62,171,113,196,198,98,194,158,29,160,39,159,194,255,191,102,0,182,96,113,184,129,34,41,141,103,192,56,125,94,180,69,100,30,205,102,106,132,66,163,78,149,0,176,210,147,232,0,171,167,207,207,78,4,44,88,176,226,89,148,196,182,217,182,185,192,119,225,58,0,54,140,255,130,88,152,91,255,255,82,163,132,65,154,112,165,0,109,142,217,173,78,201,197,182,140,130,9,106,214,60,175,255,91,165,43,81,0,54,249,206,124,255
171,15,147,102,197,43,119,145,123,182,222,39,144,99,129,54,142,94,149,186,94,212,137,44,131,68,169,196,217,186,87,40,171,125,86,165,108,68,59,156,122,198,92,151,52,176,93,138,12,169,118,116,145,67,154,62,143,0,176,212,171,183,0,155,214,178,158,55,30,112,71,184,220,150,144,177,157,240,171,204,178,145,211,53,18,101,79,248,99,114,158,56,204,242,74,168,91,73,135,122,191,0,83,116,135,200,88,255,168,197,196,109,38,180,196,77,203,225,43,159,77,9,59,42,255,117,32,255
171,14,143,112,210,51,106,130,123,213,213,57,145,92,137,28,162,128,187,190,72,188,194,11,127,71,182,187,198,187,46,20,201,127,91,166,102,90,38,142,119,187,97,128,57,173,26,112,28,139,157,138,112,118,176,85,150,0,242,183,166,220,0,112,170,193,201,140,36,92,123,174,216,40,167,225,165,219,147,217,183,123,235,80,88,92,45,255,172,101,240,92,233,255,159,161,58,58,140,111,121,0,147,105,159,187,46,157,157,160,203,166,0,146,133,86,217,175,0,136,121,164,0,78,255,183,21,255
171,14,145,98,202,51,116,145,121,184,236,40,138,106,126,69,153,101,156,188,80,202,144,32,118,72,172,206,194,200,63,14,186,117,111,181,96,50,69,159,89,198,67,146,61,167,79,137,0,164,110,116,129,98,181,91,157,0,211,214,135,165,0,159,182,214,146,71,32,124,106,167,242,82,142,189,126,204,159,221,190,146,255,81,70,123,52,255,131,90,175,87,229,253,60,189,77,73,200,93,190,0,136,86,137,166,73,233,197,197,176,97,63,144,186,124,245,201,8,155,77,73,2,38,218,116,0,255
168,12,143,100,196,33,126,153,133,177,228,23,137,104,138,53,146,101,171,194,95,193,150,29,143,51,177,215,236,188,89,13,186,115,98,187,113,41,60,163,102,194,76,132,70,189,95,96,6,187,93,76,137,74,165,48,147,0,197,223,117,182,0,169,198,201,189,54,13,96,82,149,226,93,153,190,132,225,149,226,201,156,227,63,30,74,91,255,109,118,161,51,255,231,66,188,109,39,159,94,176,0,111,126,182,191,97,246,198,196,182,91,23,182,199,124,223,193,58,187,22,54,29,44,255,121,134,255
169,13,136,105,204,29,125,137,128,168,224,32,136,103,148,60,160,114,173,199,95,197,166,36,155,28,167,209,239,179,77,0,167,109,103,165,119,34,28,125,60,198,48,107,64,186,55,96,19,216,124,99,98,111,171,97,156,0,168,164,106,192,0,153,177,210,191,87,27,48,105,150,238,57,92,193,199,200,153,178,204,168,196,70,26,109,111,255,138,84,140,82,237,255,93,152,119,40,187,58,169,0,161,151,243,195,79,226,244,184,172,149,24,148,219,61,242,249,90,136,52,96,0,86,255,151,107,255
168,13,137,107,207,42,115,128,120,188,224,61,129,97,147,45,145,90,164,197,90,196,162,48,142,60,162,196,230,181,59,12,173,110,117,158,112,48,44,139,94,216,78,160,90,179,65,98,41,211,115,101,120,100,181,88,132,0,164,166,137,218,0,134,229,182,189,69,63,105,105,167,236,114,106,200,174,189,157,173,194,156,224,79,78,111,98,255,156,93,153,99,206,251,91,168,129,72,145,96,219,0,155,134,208,245,42,207,215,148,141,117,19,163,242,95,231,210,0,105,66,61,0,99,247,165,64,255
173,14,149,101,197,43,118,146,124,185,229,33,150,76,131,41,122,118,148,212,75,241,133,57,137,65,162,202,201,166,79,42,206,156,96,164,120,60,32,129,138,192,117,112,71,138,64,140,2,160,151,142,128,91,125,53,157,33,171,229,140,170,0,150,217,205,179,109,45,58,73,154,226,128,142,221,160,238,188,210,200,127,192,55,49,99,40,255,118,134,233,61,224,255,136,143,87,60,115,99,142,0,58,115,158,183,110,255,186,175,199,141,6,209,157,140,192,191,15,192,97,42,0,11,255,141,187,255
174,16,152,102,202,55,111,149,126,209,222,66,144,92,97,59,122,110,176,213,30,218,176,7,97,96,167,152,133,178,48,52,245,154,104,151,120,123,76,147,138,185,116,182,75,120,80,134,0,124,190,141,124,71,164,54,152,24,247,181,194,203,0,81,127,176,153,77,125,139,129,154,239,84,106,188,113,255,180,255,176,148,255,103,77,102,0,238,89,66,204,13,129,255,104,112,38,106,81,37,188,158,68,125,98,41,46,255,137,163,255,143,76,31,255,157,221,157,0,228,207,72,9,48,255,158,0,255
173,9,129,100,213,69,100,134,122,185,242,84,129,91,124,50,157,92,142,183,90,237,159,52,123,88,175,185,182,174,67,6,154,116,123,135,94,45,49,131,89,255,102,163,22,177,81,117,19,197,119,104,111,120,200,78,123,0,226,124,150,161,0,138,176,233,179,71,31,128,129,199,224,84,89,243,131,132,130,180,183,167,255,51,122,206,70,255,126,87,153,105,172,255,47,163,72,72,212,95,192,38,179,52,217,255,39,197,195,169,163,187,144,166,215,125,212,200,0,104,67,131,0,119,255,121,0,255
172,8,137,102,205,68,121,154,136,157,229,53,142,90,118,64,131,105,134,200,100,246,132,81,101,63,155,211,201,153,88,66,159,149,89,138,109,58,61,133,105,251,86,161,40,131,65,119,32,169,97,130,141,129,179,54,117,0,223,190,108,141,28,145,218,219,163,78,54,128,113,214,224,95,74,203,112,144,131,178,184,156,222,15,43,183,12,255,106,91,135,95,172,224,97,125,66,61,194,75,215,14,138,90,188,255,61,255,227,156,199,173,168,221,218,161,239,180,0,102,127,94,0,51,255,40,11,255
172,9,130,100,219,69,102,138,129,182,232,89,115,117,131,42,165,115,137,175,89,208,148,41,119,72,178,199,192,166,71,4,139,122,113,151,82,46,52,140,71,255,87,159,36,180,93,94,35,167,117,82,96,144,207,52,124,0,249,141,119,179,0,119,186,253,168,78,63,166,154,213,221,56,97,207,128,160,83,173,173,157,236,33,125,184,81,255,121,66,125,107,165,255,75,204,87,66,218,111,233,65,216,67,194,255,3,170,167,172,170,219,78,147,209,123,237,181,0,114,57,149,0,121,219,105,0,255
173,15,144,106,213,65,109,143,128,211,208,69,141,109,103,45,150,127,179,187,42,201,178,22,98,75,177,160,149,158,37,51,212,136,95,153,102,108,72,134,127,181,93,164,47,124,70,108,0,115,181,137,122,124,175,59,147,0,255,174,187,210,0,95,114,204,169,117,103,126,137,188,220,45,116,186,127,250,153,250,174,144,229,98,63,97,0,255,136,41,180,71,121,250,137,110,46,100,107,54,185,141,141,81,144,111,39,213,134,164,255,184,71,98,230,112,200,139,0,193,181,171,0,99,255,140,0,255
170,12,139,109,206,53,118,141,130,193,213,41,142,97,122,33,137,121,174,203,80,194,163,23,118,36,167,186,194,162,52,26,203,143,77,176,101,71,50,150,108,188,61,137,49,152,40,93,12,136,140,124,125,129,186,78,139,0,251,200,126,183,0,117,178,191,183,130,61,107,105,165,198,22,123,170,138,248,149,228,184,146,206,79,70,74,21,255,136,94,173,87,168,244,133,121,73,67,161,68,172,0,141,108,182,187,36,198,186,130,245,163,13,191,159,92,255,166,0,162,111,139,0,69,255,126,35,255
171,14,144,99,202,46,122,151,124,191,229,36,142,92,117,57,142,109,163,212,71,217,176,8,148,48,176,206,189,177,70,1,197,131,95,156,113,80,44,153,86,233,103,98,42,182,63,124,0,181,121,130,112,106,152,83,154,0,204,169,124,224,0,121,174,196,167,97,35,72,76,167,196,87,124,192,142,255,173,211,185,172,218,76,50,131,9,255,107,99,177,67,214,255,99,132,41,69,140,80,119,18,107,124,201,176,96,255,198,179,241,118,32,145,212,73,234,166,22,161,97,83,18,14,255,143,43,255
170,12,136,108,212,51,123,139,129,182,224,37,148,95,116,51,146,130,174,209,78,191,182,26,142,19,176,197,180,164,63,11,176,140,76,168,103,60,20,154,62,220,80,100,47,162,26,96,34,188,140,135,120,144,179,90,145,0,242,146,100,232,0,113,184,194,166,125,75,79,108,139,181,35,92,180,156,241,141,191,178,156,215,79,66,105,22,255,153,58,157,114,186,255,146,97,78,68,192,45,166,7,183,133,216,209,53,226,231,125,255,160,0,168,208,40,255,142,18,141,133,151,0,40,255,122,0,255
171,13,138,109,214,60,110,142,128,193,211,45,146,98,111,40,144,141,179,194,70,187,175,28,134,31,182,190,172,156,52,21,182,130,72,157,97,73,42,153,92,195,74,113,41,161,32,81,17,146,151,135,119,159,174,91,141,0,255,167,142,205,0,105,193,186,159,137,41,98,109,172,177,31,144,194,163,213,142,212,178,154,201,75,91,103,40,255,147,77,195,112,157,255,169,102,64,53,194,61,159,1,159,103,197,191,40,165,184,130,233,198,0,143,135,67,255,171,0,125,132,181,0,72,255,111,0,255
171,12,139,105,205,46,121,142,126,168,227,26,147,96,128,61,126,123,156,206,97,223,159,30,135,31,168,206,212,183,62,24,168,134,75,168,116,40,27,173,88,199,65,117,31,170,71,99,20,170,115,141,118,111,171,90,115,0,221,152,104,173,0,111,214,206,161,92,30,77,74,157,210,70,123,178,179,209,174,214,194,164,205,54,77,115,65,255,89,73,167,120,176,245,117,105,95,56,203,51,166,0,154,134,205,169,83,219,191,117,218,138,28,210,175,79,255,200,17,149,135,142,0,21,255,127,0,255
171,8,129,104,213,68,115,133,128,168,239,64,143,94,121,52,148,101,142,178,107,217,147,73,122,58,179,190,203,162,68,22,143,112,97,157,96,29,35,150,79,255,74,152,37,175,70,92,53,189,116,106,125,144,222,90,111,0,247,129,112,158,0,137,235,223,168,74,43,113,117,188,222,63,84,210,150,107,147,179,194,167,255,44,130,167,59,255,141,81,157,142,154,248,97,108,105,37,251,55,230,0,222,62,247,255,30,200,231,152,179,185,116,216,203,117,246,180,0,103,107,139,0,121,255,85,0,255
172,10,140,103,206,57,126,148,131,172,217,33,141,91,115,55,135,128,154,203,97,208,154,40,127,41,181,223,206,168,64,20,168,152,74,164,101,45,32,151,89,202,78,121,30,164,51,98,26,176,118,153,124,132,170,78,130,0,221,171,101,200,0,133,229,218,156,109,27,113,90,157,198,57,114,181,144,204,161,195,191,163,202,57,71,144,32,255,113,101,176,114,173,251,148,108,75,54,191,40,178,15,151,123,219,196,62,238,220,141,221,163,47,220,188,108,255,147,0,129,107,134,0,52,255,88,0,255
172,12,145,103,198,50,119,147,130,182,209,23,142,82,110,41,123,132,169,212,82,228,156,33,129,53,170,215,197,170,64,29,219,161,72,176,110,61,29,134,127,172,89,103,42,145,56,113,16,158,135,153,132,114,146,52,149,3,201,197,129,163,0,139,223,180,175,117,21,80,91,126,202,57,132,194,152,243,171,223,192,158,185,75,60,108,37,255,106,144,209,97,179,255,146,115,76,56,160,60,133,0,95,148,193,167,106,255,179,145,237,178,0,205,153,121,255,175,0,173,85,108,0,24,255,99,133,255
169,11,133,116,208,37,113,128,121,186,211,34,142,91,130,41,152,123,209,218,91,176,189,6,159,22,167,191,213,174,53,0,201,139,71,168,113,44,9,157,59,210,56,74,72,149,4,61,57,190,151,133,85,163,188,105,153,0,227,158,110,221,0,105,192,176,195,145,74,73,130,85,200,0,83,188,208,231,159,188,167,170,204,78,86,84,106,255,168,119,118,108,210,255,100,118,116,66,157,49,134,0,181,191,233,187,98,137,230,129,206,167,0,171,204,44,255,211,18,127,87,196,0,114,255,114,62,255
167,13,139,113,199,25,120,132,121,178,228,33,136,93,150,59,152,109,190,219,92,190,165,12,156,37,160,209,252,186,83,0,193,115,107,191,138,53,11,131,75,214,81,92,108,168,23,83,49,217,144,107,123,105,173,71,188,0,140,195,110,217,0,135,180,154,214,87,74,29,114,93,236,72,89,173,189,255,154,177,185,161,207,83,22,62,89,255,130,138,152,61,255,255,87,157,132,95,158,65,134,0,135,170,217,199,97,246,176,161,183,119,0,150,231,64,255,239,80,175,47,94,0,57,255,96,215,255
166,11,132,114,205,29,118,132,122,176,216,43,130,101,163,64,162,103,195,204,99,196,160,27,166,43,146,201,255,175,82,0,167,95,114,159,135,45,26,110,79,225,42,118,107,156,39,56,58,213,122,95,89,136,210,93,159,0,152,163,102,209,0,142,161,173,209,102,75,58,124,131,223,43,61,188,195,212,150,174,182,141,196,47,31,84,129,255,158,109,121,110,234,247,77,140,151,88,158,60,170,0,177,157,233,205,93,174,205,146,124,112,0,145,230,88,255,251,14,107,51,138,0,114,255,144,154,255
169,9,131,115,202,40,114,134,130,150,205,30,149,85,149,67,148,109,162,197,119,224,126,70,112,42,135,222,255,175,75,62,150,107,123,149,131,42,32,92,112,212,63,153,51,137,30,105,67,192,99,185,140,137,204,82,139,0,134,179,130,160,0,165,166,186,172,65,64,66,108,170,247,62,45,175,144,150,145,115,186,123,196,46,0,119,83,255,103,88,82,123,195,211,107,148,144,126,184,67,166,0,108,132,210,255,58,189,209,116,146,111,49,225,203,72,245,255,44,110,127,130,0,73,255,38,102,255
168,11,136,118,201,34,118,137,125,169,208,35,142,89,156,50,156,93,169,197,114,206,138,33,124,57,139,194,255,177,77,36,164,111,117,163,138,54,48,97,142,212,59,160,68,137,42,96,62,190,122,152,136,131,206,82,145,0,147,204,138,205,0,152,170,178,190,85,43,70,91,166,230,64,67,186,172,228,160,153,164,123,194,43,0,89,75,255,98,101,123,105,212,228,98,144,144,118,120,70,146,0,100,142,218,239,57,180,169,128,146,138,15,190,218,95,236,255,26,104,113,100,0,106,255,84,122,255
166,10,139,119,196,21,127,141,122,163,221,26,137,92,169,71,164,94,186,202,97,205,131,29,127,55,128,187,255,167,93,31,174,100,117,172,169,82,42,74,145,206,49,139,94,122,26,93,82,168,139,110,164,141,195,96,174,21,140,249,129,207,0,143,141,148,191,106,92,53,94,119,252,70,24,184,162,255,182,125,152,119,214,29,0,65,91,255,95,123,116,99,249,211,109,126,154,184,96,71,130,0,106,170,184,174,127,200,132,157,150,84,0,162,247,130,255,246,39,155,89,100,0,68,255,41,255,255
166,10,144,117,199,58,109,127,123,171,163,68,138,115,142,71,105,131,162,157,47,212,80,101,95,138,118,165,209,127,129,122,101,123,115,131,155,111,112,52,182,216,103,182,129,139,67,105,104,140,141,160,118,129,139,126,150,85,81,224,181,140,78,191,112,143,153,57,124,106,75,179,227,205,74,136,138,210,175,50,114,103,190,88,5,122,101,231,120,113,143,98,49,133,124,170,177,140,42,135,187,42,99,72,148,181,166,176,126,195,189,82,75,167,168,46,160,190,0,112,73,113,68,140,255,49,153,255
173,10,149,106,195,88,90,112,124,220,144,112,92,117,118,77,126,110,135,142,63,216,105,92,117,175,118,159,190,152,76,133,117,138,119,128,150,62,114,48,191,213,96,154,131,143,93,77,58,113,143,153,110,151,182,121,180,92,63,222,242,109,91,211,118,229,146,85,132,200,95,211,170,199,57,160,60,190,182,56,137,109,158,82,60,164,125,224,229,209,194,180,67,146,69,199,92,158,72,151,170,67,85,31,48,215,142,166,160,255,88,90,87,148,118,3,84,204,0,98,48,150,46,163,228,58,0,255
173,14,149,117,203,75,85,93,134,244,133,70,116,130,125,78,159,115,176,156,76,211,133,57,74,225,165,144,228,197,19,182,128,102,202,117,133,26,109,74,172,157,58,186,191,130,128,42,103,106,112,229,124,78,193,157,177,73,16,209,225,108,27,219,106,180,183,167,90,222,76,185,211,163,180,62,68,177,222,121,176,176,148,113,0,163,122,135,172,135,202,128,117,207,86,176,19,188,5,101,168,93,29,0,178,228,173,154,111,161,138,0,48,196,81,0,7,156,7,93,177,209,86,195,255,105,0,255
164,10,139,114,203,70,84,101,152,201,131,63,134,190,122,45,151,123,170,152,55,154,129,91,86,217,196,172,212,160,62,171,126,81,148,92,188,102,88,30,176,114,89,183,161,132,184,71,61,167,141,183,116,17,159,143,132,80,92,150,129,145,2,131,81,135,207,138,88,148,128,91,224,255,77,2,66,170,78,136,130,126,145,152,16,178,138,174,85,77,108,160,76,89,79,166,15,142,0,84,229,184,89,0,203,226,170,193,239,196,216,43,0,141,164,18,62,201,0,177,251,167,71,171,241,3,98,255
173,11,139,117,198,70,74,108,127,184,114,85,126,134,135,71,111,148,166,145,45,208,73,87,105,212,192,195,195,163,108,214,147,158,109,126,209,76,122,26,212,212,141,204,130,122,162,118,81,99,169,195,145,143,144,103,114,108,111,223,181,132,59,215,71,246,211,103,170,145,157,163,249,197,77,92,45,170,135,0,114,170,165,174,54,138,204,245,100,128,92,130,94,196,93,128,46,174,96,65,152,67,83,86,106,175,138,171,96,215,154,87,54,100,181,0,33,229,0,169,223,223,37,156,252,36,99,255
163,7,155,103,198,89,83,113,148,208,120,90,92,139,115,69,91,145,183,165,31,173,108,122,108,193,133,126,188,150,122,169,76,143,104,145,117,81,134,28,146,222,146,142,161,172,123,90,56,143,96,164,105,58,152,116,225,94,0,194,198,131,142,217,115,153,158,57,176,150,114,172,156,225,104,55,8,215,218,53,100,109,205,134,62,133,148,165,180,215,157,145,128,101,150,206,77,144,51,122,207,111,39,48,127,175,197,165,213,190,184,92,140,159,132,7,126,177,0,109,31,115,44,214,224,0,77,255
167,15,154,111,203,77,91,99,136,210,117,105,107,119,141,95,129,135,149,134,60,218,113,94,66,241,150,160,180,184,92,154,92,140,109,93,125,67,144,59,161,235,141,218,145,130,163,100,100,140,130,208,136,97,154,101,126,97,0,179,188,108,76,249,116,178,190,81,196,223,105,173,211,228,135,111,29,241,214,49,151,113,185,106,44,112,162,140,107,152,185,157,69,146,86,242,56,209,70,144,163,84,50,0,97,148,160,237,79,237,151,0,48,119,141,0,88,134,0,92,144,147,63,186,255,28,99,255
