153,15,168,62,217,59,155,78,185,216,70,122,174,202,53,95,129,195,139,144,80,162,121,97,85,192,100,211,200,93,36,87,104,20,69,196,100,32,197,211,85,214,0,146,76,100,46,212,24,255,251,56,137,194,200,67,129,60,33,193,160,0,0,180,165,1,87,113,242,0,226,114,255,208,189,0,0,218,255,255,9,53,227,255,43,103,255,255,169,0,0,255,205,156,69,162,168,9,255,255,186,18,144,0,255,255,177,113,138,141,237,255,31,24,154,48,44,0,0,255,18,111,0,52,255,102,124,255
150,11,173,39,222,82,141,54,206,250,88,92,145,247,43,108,107,255,238,162,123,90,113,138,122,179,118,255,250,138,0,27,146,0,20,69,72,0,255,220,0,130,0,207,110,144,80,255,0,255,255,209,0,96,255,86,143,59,0,185,165,0,0,255,227,51,255,139,240,42,253,197,191,113,21,48,0,242,236,255,0,0,227,255,97,39,255,255,201,0,0,255,176,115,0,222,21,78,199,138,3,20,255,0,255,255,137,83,111,94,255,255,0,0,194,67,0,52,0,255,0,140,0,0,255,0,255,255
153,9,170,41,228,92,165,64,210,255,83,123,168,255,15,115,118,255,221,171,139,112,156,150,106,187,80,255,247,125,0,24,131,0,72,76,19,0,255,224,0,117,0,196,149,95,67,255,0,255,255,234,0,39,255,118,156,91,0,138,164,0,0,255,180,0,255,149,255,54,255,189,234,120,54,15,0,235,255,255,0,0,255,255,38,77,255,255,198,0,0,255,111,78,12,213,0,80,255,123,102,42,255,10,255,255,235,88,197,120,215,255,0,6,216,0,0,0,0,255,0,177,0,0,255,0,255,255
153,16,181,47,240,73,161,95,200,215,101,122,159,221,64,148,116,239,187,154,65,138,106,136,90,178,138,208,255,149,0,58,179,18,51,164,87,34,255,224,0,135,0,205,66,85,51,205,39,255,255,109,107,191,216,97,124,158,44,252,234,0,0,229,167,19,198,115,220,32,255,102,255,133,92,20,0,247,255,255,8,17,230,234,52,50,247,255,168,0,0,255,255,174,13,221,67,34,255,146,165,8,255,8,255,252,142,161,86,105,255,255,31,0,220,99,29,0,0,255,0,109,0,0,255,60,126,255
151,13,176,34,237,80,144,74,190,213,81,112,146,197,80,119,100,217,210,154,78,90,72,117,123,182,163,231,255,89,7,61,163,0,11,166,95,0,255,187,0,166,0,219,62,140,47,240,0,255,255,143,56,189,255,94,124,81,0,200,211,0,0,255,202,75,159,77,201,8,252,124,213,120,43,0,0,186,225,255,0,0,255,192,69,23,236,255,171,0,0,253,246,159,13,198,141,92,198,229,125,58,255,0,255,255,56,63,0,36,255,255,70,0,250,105,61,24,0,230,39,62,0,0,251,62,160,255
153,22,185,49,248,77,153,91,192,216,100,130,159,213,69,162,113,239,156,116,31,182,134,162,87,154,162,200,247,129,0,56,209,5,54,119,49,15,255,232,45,112,0,240,52,128,67,170,46,255,255,134,111,236,199,112,102,126,40,255,255,0,0,255,134,24,230,113,206,56,255,139,255,126,92,36,0,255,198,255,68,5,227,234,59,35,255,255,205,0,0,255,209,180,18,255,65,0,255,146,190,13,255,59,255,255,64,181,0,113,254,211,104,8,255,202,0,0,0,255,0,123,0,0,255,32,218,255
157,17,171,57,236,66,183,111,180,213,118,109,160,183,65,118,150,192,138,169,95,173,141,86,86,176,96,178,246,151,77,36,109,6,91,196,89,21,250,183,122,177,0,129,34,121,93,186,47,255,244,95,116,159,219,78,107,172,62,162,173,2,0,212,120,62,174,56,254,37,145,125,207,138,159,56,0,255,255,255,29,0,218,185,0,43,199,255,125,0,0,255,216,145,101,195,114,112,237,255,195,0,212,19,255,255,184,109,149,141,154,255,70,0,88,119,0,0,0,255,36,70,0,0,255,52,98,255
152,17,166,56,243,90,152,104,170,220,105,124,178,196,85,108,128,185,153,148,69,187,68,138,132,171,106,177,172,86,113,106,118,90,67,205,101,87,173,120,138,193,0,124,75,96,75,191,47,255,214,58,87,140,143,97,143,64,101,239,227,0,0,182,120,77,128,126,214,39,181,81,167,199,136,0,67,218,255,255,0,60,255,186,0,83,166,255,178,0,71,255,211,192,43,204,61,73,244,255,187,0,222,71,191,240,192,120,170,114,255,255,81,0,168,0,112,79,0,255,91,55,0,0,255,96,94,255
152,15,170,44,228,99,166,87,180,253,83,139,151,251,37,135,137,237,175,154,111,155,102,130,120,180,84,255,244,138,20,55,126,18,18,198,47,21,255,179,46,149,0,162,84,108,58,225,79,255,255,83,61,139,247,118,155,96,27,212,212,0,0,255,133,0,160,112,233,77,244,117,228,163,161,0,0,255,237,255,0,0,255,255,0,25,255,255,223,0,0,255,234,148,32,204,79,98,255,255,188,24,255,82,255,255,179,175,97,100,232,255,0,0,150,0,3,17,0,255,55,99,0,0,255,0,197,255
150,21,168,58,249,68,133,92,179,197,92,123,186,189,35,109,123,183,200,116,24,166,45,141,109,178,116,169,210,95,82,99,147,41,38,148,100,90,215,168,54,208,26,194,50,114,21,162,9,255,251,41,152,220,150,46,101,72,42,227,224,0,1,142,172,112,122,176,184,25,255,109,197,134,219,0,0,157,255,255,0,103,244,213,54,159,255,255,202,0,0,164,171,229,0,250,13,0,255,212,162,75,217,0,169,255,255,118,18,249,255,255,0,0,255,175,121,81,0,255,61,104,0,57,255,135,49,255
152,28,167,69,255,75,139,107,166,193,112,138,190,184,61,107,144,160,145,108,0,255,78,137,120,143,105,141,133,91,186,122,162,87,35,157,123,127,129,148,188,196,31,116,44,121,44,143,66,255,201,76,142,255,112,128,199,2,87,240,255,4,10,165,158,155,140,142,206,13,196,143,210,182,235,0,59,168,215,202,68,91,225,148,2,75,145,255,208,0,144,197,133,208,6,212,2,37,250,255,192,0,142,115,41,255,224,154,97,250,255,255,91,35,255,149,110,28,106,255,34,204,0,66,255,160,16,255
149,19,167,53,255,88,121,96,130,201,115,131,179,104,122,134,79,174,129,135,11,228,7,152,154,132,138,111,175,51,158,144,131,165,74,208,148,86,40,171,84,228,28,180,11,43,29,122,125,255,98,12,164,243,15,106,173,69,136,249,255,61,21,255,161,112,92,94,190,83,167,113,174,159,159,0,47,125,208,191,25,71,255,21,0,158,165,255,229,30,75,111,182,155,0,255,32,0,255,240,255,0,209,136,90,255,165,146,83,211,255,200,152,0,255,47,113,116,29,255,0,34,0,124,216,109,0,255
152,20,164,44,253,93,141,109,157,214,129,141,156,181,112,124,82,201,144,133,47,188,47,139,150,154,126,152,183,72,106,134,154,100,45,176,130,65,127,187,127,180,3,154,7,115,75,175,47,255,233,58,87,197,178,133,139,100,79,255,255,1,0,242,122,99,135,85,155,51,214,148,220,108,152,0,26,170,253,255,1,63,254,101,9,101,181,255,143,0,0,188,228,180,0,255,24,31,255,255,222,0,243,20,184,255,143,159,18,240,255,255,136,0,188,17,52,41,0,255,10,65,0,0,255,183,106,255
150,12,180,23,239,99,150,48,199,255,74,132,127,242,81,158,77,255,255,144,125,64,106,145,130,160,134,255,255,93,0,30,198,0,0,31,47,0,255,238,0,89,0,255,135,129,10,255,0,255,255,234,35,172,255,45,152,44,0,161,198,0,0,255,255,77,255,219,255,59,255,226,157,48,4,34,0,248,169,255,0,0,255,205,29,33,255,255,243,0,0,185,63,90,0,255,0,174,255,113,35,115,255,0,255,255,102,71,40,140,255,255,0,0,255,99,3,99,0,209,6,135,0,0,255,0,255,255
151,6,169,30,217,93,155,42,205,255,61,132,126,252,66,126,100,255,255,151,156,72,139,112,144,172,101,255,255,69,0,4,153,0,34,29,0,0,255,188,0,97,29,245,240,128,31,255,0,255,255,232,0,141,255,48,165,5,0,92,110,0,0,255,255,68,255,183,255,70,191,186,107,68,0,18,0,171,145,255,0,0,255,218,61,68,255,237,225,0,0,226,0,46,0,247,0,205,214,129,86,150,255,0,255,255,119,0,193,97,255,255,0,0,255,18,0,172,0,199,66,119,0,8,246,0,255,255
158,15,167,52,218,66,157,103,170,231,101,131,139,218,49,114,138,175,158,159,112,184,123,78,98,190,90,213,230,105,96,59,101,18,34,183,111,48,255,178,142,193,0,97,84,104,93,175,73,255,255,42,91,145,253,116,146,74,4,224,174,9,0,172,123,53,62,56,191,97,193,179,172,157,196,0,0,255,255,255,22,23,179,187,16,104,255,255,135,0,21,255,246,127,72,182,136,108,255,255,197,0,85,0,255,255,179,157,99,204,87,255,81,0,40,44,77,0,0,202,0,81,0,0,218,172,182,255
153,15,165,46,223,76,152,82,193,229,99,109,163,223,30,107,127,216,167,142,95,162,126,114,106,179,129,247,254,148,0,56,132,0,63,158,81,0,255,213,49,134,0,168,52,136,80,214,31,255,255,111,21,118,252,106,166,91,9,129,184,1,0,255,144,0,201,54,214,39,216,149,232,153,97,0,0,253,233,255,29,26,226,208,20,45,255,255,214,0,0,255,171,117,51,164,50,84,244,203,230,23,255,12,255,255,150,102,57,137,219,255,26,8,176,63,2,0,0,255,24,91,0,0,255,39,171,255
156,18,160,47,244,79,144,112,168,211,128,138,152,165,99,138,94,188,140,128,47,185,85,101,128,188,143,180,224,65,75,157,143,56,79,191,93,41,185,188,130,169,0,156,36,125,100,181,38,255,240,60,117,221,197,93,137,166,74,215,230,38,0,254,114,77,128,25,230,103,178,170,197,84,180,27,0,171,255,255,0,57,230,84,0,92,185,255,110,0,0,219,149,182,49,255,77,43,255,255,255,29,189,0,226,255,119,156,53,229,172,229,155,0,208,1,30,0,0,226,77,104,0,0,255,156,0,255
150,20,167,59,246,78,137,88,123,216,140,158,120,155,212,134,31,178,134,84,0,220,66,112,135,206,133,140,168,67,161,161,153,140,71,172,167,46,107,191,92,171,78,161,14,88,90,172,96,255,199,33,113,216,5,119,116,107,136,255,223,8,78,255,187,74,123,135,226,17,198,112,235,159,147,39,25,237,119,151,1,95,235,72,114,169,204,255,178,156,55,122,221,255,0,242,0,0,255,246,255,0,255,67,121,191,107,44,89,237,255,208,55,0,233,34,35,107,0,124,0,0,0,159,177,101,197,255
156,21,171,46,255,80,154,117,165,212,131,137,162,169,104,155,104,223,165,117,49,182,45,102,119,166,110,157,235,112,88,120,192,93,68,200,119,72,217,197,130,200,39,159,45,105,88,159,58,255,222,49,157,230,164,156,124,173,86,255,255,0,0,255,126,172,147,83,188,69,177,165,162,81,196,0,0,178,255,255,0,44,255,48,9,86,209,255,143,18,0,172,255,255,0,255,32,61,255,255,222,0,165,0,226,255,154,229,57,255,246,255,171,0,183,42,39,0,0,255,5,96,0,0,255,157,82,255
150,18,145,53,252,89,126,85,116,211,140,131,105,200,199,113,37,178,131,98,8,198,52,73,168,219,150,157,147,21,174,196,115,118,62,196,212,42,33,139,144,112,20,119,58,107,93,138,102,255,222,42,63,118,88,102,109,0,165,228,207,60,59,255,165,76,182,171,115,3,163,131,255,175,104,34,36,221,70,154,0,100,187,20,76,119,255,255,149,185,26,155,140,186,71,193,0,0,255,169,255,13,224,120,0,255,186,22,72,255,255,255,1,0,224,0,138,200,0,134,102,50,0,128,126,108,203,255
154,23,180,53,247,80,108,92,165,209,100,100,124,159,155,132,46,203,141,97,9,152,47,177,146,178,177,161,165,57,123,149,195,98,27,148,154,19,122,212,76,173,29,237,43,139,88,100,28,255,198,137,102,227,71,112,129,74,82,255,248,44,71,255,183,113,179,103,177,64,255,105,252,137,82,73,34,242,240,150,78,62,210,96,108,90,143,255,104,84,27,169,255,146,0,255,21,1,255,189,148,0,221,63,139,248,72,81,2,241,249,255,141,0,248,36,79,100,0,173,28,66,0,73,194,137,182,255
153,14,190,33,246,89,107,82,178,214,89,117,117,186,196,151,32,221,110,82,50,100,47,197,116,198,255,142,169,24,15,139,255,65,13,95,140,0,156,204,24,145,17,255,0,185,60,155,48,255,217,180,38,142,113,74,48,47,14,255,219,64,62,255,212,53,255,148,183,0,255,100,255,141,2,90,0,255,227,141,64,99,213,56,165,66,135,255,85,80,0,203,255,147,0,255,55,104,255,106,50,0,255,0,186,255,0,114,0,105,237,255,159,1,238,0,42,198,0,122,0,23,0,34,141,56,255,255
150,16,173,35,233,80,117,92,172,221,93,114,122,227,176,130,46,213,131,112,46,143,51,149,117,207,228,198,170,8,81,130,245,21,32,150,105,0,195,149,66,139,0,220,24,183,105,186,29,255,255,74,41,228,183,86,83,4,63,255,204,37,0,255,169,97,213,109,145,0,255,139,211,123,82,35,31,255,204,168,0,109,192,120,97,99,220,255,59,82,0,233,226,161,0,255,0,51,255,176,95,0,253,8,182,255,50,61,0,161,193,255,100,40,209,0,68,161,0,180,90,13,0,120,158,35,211,255
152,20,161,52,246,84,144,83,155,206,118,115,145,196,138,119,63,186,121,113,19,186,74,142,150,174,140,155,161,35,112,129,152,47,78,163,83,3,147,185,95,90,0,176,72,132,84,186,49,255,212,105,52,199,140,148,93,24,97,197,207,0,0,239,175,77,117,113,169,41,208,101,255,177,105,67,62,210,199,221,0,64,220,124,88,129,209,255,124,21,0,251,130,92,50,255,25,0,255,193,213,0,211,55,136,255,108,48,108,152,255,249,10,21,229,3,29,72,0,202,48,56,0,49,131,109,164,255
150,17,164,56,227,58,160,80,196,222,77,137,176,222,52,107,129,200,186,133,67,162,106,102,112,198,118,245,212,77,22,76,129,0,13,148,71,54,208,192,88,172,0,196,66,90,52,206,14,255,255,48,138,240,253,91,116,107,5,208,173,0,0,159,197,0,114,130,238,50,251,92,234,122,252,0,0,230,248,255,0,79,213,255,41,152,255,255,157,0,0,255,165,202,40,191,110,0,255,255,188,84,144,0,255,255,229,144,57,111,231,255,0,0,255,96,0,0,0,255,0,102,0,16,255,88,197,255
150,19,152,51,252,76,145,99,145,207,124,119,152,204,113,128,103,175,126,96,31,204,86,113,159,217,104,145,159,56,108,141,122,66,79,177,102,30,85,201,141,169,12,167,0,107,80,156,34,255,184,0,109,202,192,167,107,90,88,197,172,0,0,211,106,60,99,99,230,57,188,102,246,107,215,0,5,213,210,255,0,91,231,132,59,124,255,255,159,0,0,235,177,168,11,223,82,0,255,238,255,33,141,17,117,255,185,181,61,255,246,255,0,0,174,52,106,0,0,255,29,85,0,13,255,143,120,255
152,16,173,49,232,68,144,111,185,216,117,128,164,196,97,116,101,208,151,127,71,186,89,115,94,194,132,204,248,128,48,85,181,35,78,209,126,31,181,201,125,199,0,181,32,121,78,134,20,255,228,26,101,233,178,124,148,143,101,222,235,0,0,236,100,55,178,26,189,38,205,119,229,165,130,0,31,233,237,255,49,54,224,150,17,116,255,255,164,16,0,255,246,220,0,246,51,7,255,230,244,0,236,3,255,247,164,95,67,201,211,255,91,0,165,75,23,12,0,255,11,84,0,36,255,0,162,255
151,22,177,48,250,76,125,87,145,213,111,123,119,197,171,140,51,194,171,102,24,148,19,130,111,198,177,192,204,52,132,114,213,89,18,172,156,24,203,183,87,182,7,231,36,143,94,155,58,255,228,56,138,255,104,90,127,68,133,255,215,0,60,255,168,160,171,129,193,0,255,138,216,168,128,25,27,248,179,118,7,99,191,82,104,162,156,255,125,85,94,177,229,255,0,255,0,0,255,215,148,0,175,65,141,223,120,49,30,247,255,255,101,23,253,109,149,93,0,202,5,0,0,112,204,107,61,255
156,18,170,61,226,43,164,97,167,198,133,113,139,203,78,128,142,198,154,102,72,170,116,97,77,198,92,171,255,147,46,75,139,16,69,186,128,22,216,246,130,163,18,141,45,129,65,140,30,255,236,0,139,213,197,111,144,216,56,198,157,6,0,206,132,68,135,31,232,30,160,120,149,150,187,28,0,237,234,255,58,73,182,169,107,89,255,255,142,0,0,245,255,218,39,255,126,18,255,255,254,13,124,1,255,255,179,190,100,196,71,255,92,0,78,177,0,0,0,207,0,0,0,0,255,70,186,255
151,17,161,47,247,79,152,101,148,216,127,129,147,205,124,131,102,205,127,94,63,188,94,131,139,220,109,142,191,79,87,127,159,68,88,189,94,3,113,214,115,164,25,150,11,119,88,176,0,255,185,31,58,193,217,165,111,94,99,199,195,0,0,255,113,87,155,68,200,74,194,73,184,109,131,0,4,255,222,255,0,31,251,104,33,85,255,255,168,0,0,211,206,134,0,255,63,34,255,246,228,0,224,12,194,255,149,161,70,228,250,255,34,0,133,0,0,0,0,255,0,69,0,0,255,89,187,255
151,17,175,42,247,104,130,98,170,219,75,139,148,169,149,134,65,239,166,124,61,144,49,150,124,169,162,219,200,59,78,109,171,113,56,176,119,25,172,145,49,195,18,225,38,136,97,227,44,255,208,144,61,183,158,111,191,63,25,243,255,65,0,255,176,85,179,155,194,0,229,71,181,183,76,0,0,170,255,255,7,64,255,86,36,84,191,251,127,14,0,186,233,111,0,255,0,128,255,206,132,0,255,6,191,255,91,54,78,109,255,255,147,0,206,0,149,199,0,255,0,58,0,45,211,46,148,255
153,27,170,57,255,64,139,99,152,193,93,132,150,184,134,151,67,215,123,54,0,229,117,146,136,198,176,142,161,20,157,148,205,74,82,146,87,34,154,205,99,97,31,192,0,63,39,152,43,255,178,75,133,255,60,232,112,92,73,255,215,0,20,255,199,79,118,201,188,24,250,56,255,66,209,29,0,184,181,255,38,108,245,75,130,120,255,255,136,27,0,255,255,178,0,179,1,0,255,191,255,0,176,52,122,255,135,141,0,255,187,255,50,0,255,140,13,0,0,146,0,165,0,124,255,180,255,255
152,20,174,48,252,87,117,101,148,215,116,133,120,165,173,140,55,209,121,87,17,179,44,161,123,205,161,147,180,49,102,147,190,100,66,179,160,37,121,221,107,184,26,172,0,133,140,162,85,255,178,103,94,213,97,159,105,89,80,255,255,27,34,255,145,91,175,95,175,25,255,99,213,105,134,48,0,205,198,144,34,61,226,46,82,63,158,255,103,117,0,133,255,158,0,255,0,0,255,228,170,0,252,42,176,255,70,136,19,255,255,255,136,0,183,11,115,92,0,161,0,51,0,104,186,126,187,255
153,16,163,56,226,86,127,78,170,213,119,89,140,196,163,81,75,182,143,135,47,153,84,153,110,231,198,175,136,74,69,112,154,36,77,92,140,39,96,135,69,174,11,171,0,128,158,190,53,255,249,129,69,73,171,133,113,49,9,181,178,13,0,255,215,79,170,98,166,0,216,143,255,127,20,82,0,236,230,222,49,69,208,142,130,127,187,179,116,30,0,233,205,143,0,223,9,22,203,227,139,0,255,0,236,255,51,96,100,239,234,255,72,41,160,8,48,80,0,101,78,34,0,69,154,98,255,255
152,20,174,54,242,78,130,91,160,201,120,124,123,205,172,117,74,212,112,78,33,181,85,139,78,245,182,174,204,103,74,94,214,29,91,149,166,40,115,184,120,147,0,179,0,150,187,178,38,255,195,120,91,164,152,169,148,67,75,237,177,0,0,255,199,111,195,87,219,0,218,140,255,99,73,23,17,196,202,182,20,82,185,125,95,72,168,255,147,55,14,211,183,185,0,254,0,8,214,225,122,6,255,3,227,255,21,162,87,249,230,255,97,13,163,106,44,63,0,170,44,117,0,85,255,65,232,255
156,18,167,67,211,42,154,76,175,193,127,93,129,197,144,98,130,186,162,126,58,214,150,98,34,247,139,203,191,155,74,49,123,18,115,119,126,39,149,161,69,177,36,172,53,126,164,201,18,255,215,85,162,176,206,116,132,86,0,148,86,22,0,200,224,98,96,66,255,15,152,124,209,102,132,31,0,203,221,179,77,135,201,255,92,135,235,234,162,44,0,241,124,209,5,186,0,0,212,255,174,46,181,0,232,243,90,139,140,203,195,176,0,2,163,107,0,0,0,212,91,0,0,137,249,0,255,255
150,12,170,46,221,82,132,77,199,233,90,95,151,221,63,111,115,230,202,175,75,134,112,117,124,175,166,255,229,94,0,88,165,0,23,114,71,0,255,170,0,175,0,195,74,113,73,255,39,255,255,158,46,167,248,89,172,70,0,206,186,7,0,255,202,27,241,88,228,39,255,182,255,184,69,54,0,231,205,255,0,26,202,246,78,39,255,255,143,0,0,255,236,177,11,155,62,32,213,167,140,16,255,64,255,255,107,125,71,30,229,255,92,96,255,42,64,0,0,217,0,152,0,65,255,0,135,255
151,16,160,49,219,77,147,81,179,233,90,116,149,213,69,122,124,213,177,111,76,173,104,108,102,183,117,255,212,102,19,91,146,6,29,165,62,0,246,196,66,130,0,163,74,141,81,243,41,255,255,81,64,164,235,127,174,46,1,176,157,0,0,241,146,31,159,96,194,65,165,171,193,122,129,0,0,231,193,255,5,71,255,221,59,90,255,255,186,0,0,255,149,136,0,236,42,32,255,205,186,22,199,0,199,255,105,149,63,121,178,255,16,25,255,6,61,3,0,218,42,45,0,35,255,0,151,255
154,17,166,37,248,86,162,125,184,223,104,153,156,221,84,168,101,207,151,128,88,176,87,93,122,156,142,237,243,67,88,96,167,16,60,196,89,45,252,166,98,140,0,152,21,101,84,188,42,255,255,47,99,218,231,103,154,120,73,242,255,0,0,234,51,37,112,66,182,69,189,170,206,50,194,0,0,255,249,255,0,49,234,149,0,126,254,255,85,0,0,255,175,207,10,255,62,102,255,241,255,0,210,0,255,255,152,105,0,226,132,255,59,0,204,17,39,0,0,254,19,77,0,0,255,75,44,255
152,19,166,49,246,65,143,85,168,209,90,122,144,191,131,137,75,217,149,89,36,162,84,150,130,212,159,166,195,45,56,121,184,53,55,150,74,0,174,229,97,131,19,238,39,151,61,190,0,255,215,91,61,221,206,173,115,102,19,197,185,0,0,255,209,64,141,141,166,46,233,44,198,126,147,0,0,224,246,221,0,113,255,136,118,105,255,255,133,0,0,242,193,166,0,251,55,0,255,171,193,0,149,26,145,255,110,120,0,125,185,255,0,0,255,22,0,0,0,255,0,34,0,89,255,121,255,255
151,16,167,47,234,77,133,88,175,201,119,107,151,170,118,119,101,203,147,121,55,166,114,127,106,189,168,180,225,102,25,105,153,28,62,171,105,0,131,202,71,156,0,173,1,131,113,194,27,255,235,97,84,180,189,109,135,91,37,207,176,0,0,255,131,65,152,40,235,11,205,134,237,103,73,48,0,210,214,255,0,35,236,112,51,80,223,255,183,0,0,255,184,126,0,221,59,35,255,204,181,0,245,3,255,255,78,131,43,155,242,255,119,65,192,54,35,0,0,219,11,105,0,0,255,48,151,255
153,18,166,40,245,76,152,103,178,213,107,136,164,182,114,153,81,231,151,114,60,175,104,123,119,172,157,208,227,91,37,111,186,37,73,191,89,10,169,228,74,121,0,200,11,109,69,199,11,255,250,88,76,196,215,147,140,148,64,205,245,0,0,255,119,35,150,74,168,21,191,100,224,79,147,14,0,218,255,255,1,62,255,102,16,107,255,255,155,0,0,244,186,185,12,246,43,27,255,214,255,0,254,0,255,255,124,98,0,161,179,255,102,0,222,35,11,0,0,255,0,65,0,0,255,103,187,255
153,18,159,47,232,67,148,101,167,217,132,128,156,217,75,108,112,177,143,132,69,216,126,81,123,205,107,164,197,97,111,113,133,20,59,175,106,29,190,206,136,182,0,95,27,103,70,167,0,255,255,22,64,198,239,113,120,44,47,221,195,0,0,185,88,67,93,25,187,111,201,181,244,117,191,0,0,255,227,255,0,23,209,170,11,97,255,255,142,0,0,255,204,203,92,218,103,46,255,255,212,35,131,0,255,255,196,168,27,255,205,255,8,0,87,33,0,0,21,255,3,160,0,0,255,141,189,255
150,21,177,52,233,64,114,57,204,210,62,83,158,213,85,101,79,226,218,112,17,128,103,129,118,195,170,251,217,84,44,110,162,7,0,116,74,0,236,194,9,160,0,247,101,128,75,209,0,255,255,167,94,255,185,88,158,40,0,201,184,0,0,214,202,99,169,112,213,11,255,108,255,140,60,0,0,235,243,244,29,90,185,255,138,147,255,255,156,0,0,255,184,180,25,132,51,0,187,133,76,84,199,0,219,255,91,29,0,92,255,230,63,65,255,168,119,0,0,255,0,170,0,136,255,27,255,255
161,33,202,90,253,66,84,84,179,146,89,88,140,148,93,138,76,191,174,22,0,234,131,173,109,144,174,189,159,127,182,96,196,125,92,118,118,122,102,87,40,196,57,188,125,76,181,0,62,255,77,106,192,214,0,152,188,18,131,255,249,0,85,205,185,162,234,177,255,137,134,160,168,121,0,0,0,196,208,213,255,37,151,149,108,117,152,255,222,1,205,228,255,99,16,185,91,107,174,195,173,0,42,6,63,221,112,249,153,255,234,222,149,77,255,255,190,12,0,208,3,255,0,88,255,129,222,255
150,25,169,66,255,83,151,94,174,210,97,148,173,193,84,123,77,210,147,128,0,219,75,172,152,143,132,144,162,59,152,131,146,98,31,157,87,96,181,180,137,179,0,176,54,140,51,198,38,255,255,108,46,251,143,114,147,73,28,242,255,0,26,229,232,28,147,222,223,47,255,111,216,209,220,9,0,204,240,192,0,109,243,223,18,81,255,255,208,0,0,233,171,177,44,192,0,19,255,255,217,0,255,154,99,255,157,145,23,140,255,255,35,0,255,141,0,15,0,255,3,207,0,50,255,194,215,255
154,25,168,49,255,78,149,104,158,200,132,133,171,170,89,141,81,207,159,112,15,184,48,119,154,125,117,143,213,46,103,139,183,93,45,165,107,78,154,238,134,197,19,159,26,70,12,135,71,255,248,33,175,255,133,134,124,84,80,255,255,0,0,245,154,147,122,114,201,88,239,179,206,117,233,0,0,140,255,255,30,61,219,112,33,105,248,255,173,0,0,187,255,230,1,255,28,10,255,255,244,0,163,53,159,255,186,255,0,255,255,255,105,0,255,92,8,0,0,255,0,127,0,0,255,221,98,255
153,21,176,50,250,82,118,88,183,212,105,112,164,172,140,129,67,214,149,106,34,175,55,172,127,178,177,184,157,53,85,151,186,91,64,154,139,60,106,192,82,178,0,229,53,131,113,149,32,255,214,125,67,206,136,133,135,35,81,236,255,46,10,234,166,77,145,108,174,88,248,88,215,182,69,19,59,212,255,245,82,97,242,138,64,136,185,255,171,0,0,193,235,174,13,255,48,7,238,174,217,0,244,0,151,255,105,99,33,131,255,251,110,0,251,71,85,80,0,255,0,53,0,55,226,125,218,255
155,23,182,62,248,76,125,85,159,195,114,113,144,139,140,130,53,217,153,99,0,180,72,175,139,133,155,134,206,89,128,118,179,93,59,83,120,46,161,188,65,184,42,238,99,91,63,107,74,255,199,124,143,237,27,93,147,167,80,240,255,36,55,255,184,111,171,131,207,72,243,104,207,249,93,99,0,223,240,255,113,0,216,92,149,87,215,255,134,68,0,233,255,168,12,255,5,6,255,179,236,0,166,81,217,175,116,125,117,198,231,255,208,70,193,183,8,31,0,161,0,91,0,56,177,130,137,255
147,19,155,78,255,111,139,85,132,230,123,78,164,193,100,124,125,182,140,189,35,188,5,174,203,177,121,123,126,0,171,143,94,115,46,193,88,113,42,126,153,201,0,135,59,65,137,157,103,255,154,0,127,64,160,159,127,0,134,247,194,0,0,165,230,83,81,197,255,154,207,135,126,247,90,0,137,211,149,140,0,28,225,173,0,187,244,244,255,0,106,225,203,108,36,141,110,114,255,167,191,15,245,175,105,255,165,255,250,46,255,255,0,0,128,70,113,90,178,203,111,108,0,0,255,131,144,255
152,27,170,80,255,95,150,75,152,198,94,92,155,195,92,124,118,169,179,143,24,246,76,144,125,160,149,203,124,88,154,93,134,122,87,133,106,176,125,91,150,193,0,216,32,101,164,107,80,255,158,142,116,168,80,162,165,96,137,255,243,0,148,255,241,81,109,209,255,7,152,73,129,255,206,41,78,137,74,138,36,175,224,209,57,170,156,255,226,0,84,227,164,158,41,150,0,96,194,255,255,0,139,124,106,241,81,254,146,146,255,255,56,1,147,255,77,49,0,255,0,137,0,112,255,75,223,255
156,26,187,72,255,76,114,107,185,152,107,126,173,142,73,112,105,222,170,83,10,215,42,151,130,126,162,162,200,116,184,137,180,112,76,106,177,84,142,189,122,255,39,213,62,145,117,85,37,255,185,146,200,255,5,126,229,103,12,255,255,12,29,251,167,148,142,129,216,118,236,151,196,164,95,0,49,143,247,188,143,65,178,95,98,115,149,255,220,0,81,112,255,231,0,255,88,0,255,167,255,0,82,47,117,244,127,187,146,207,255,255,251,0,255,255,101,29,0,255,0,228,0,76,255,131,82,255
155,20,165,52,250,71,124,105,163,186,131,134,151,164,66,118,109,174,139,109,35,172,22,120,136,174,134,128,243,82,111,161,144,60,50,158,146,67,191,185,142,219,0,110,33,107,87,122,70,255,225,38,137,255,161,95,150,157,41,255,255,0,0,241,141,151,105,37,121,146,235,197,188,97,174,3,0,140,255,255,0,67,190,47,44,126,175,255,115,0,0,168,208,214,0,255,62,0,255,255,255,0,125,46,255,255,150,193,25,255,220,255,226,0,224,93,66,0,0,246,0,127,0,52,248,225,8,255
148,17,151,56,249,83,117,79,120,211,152,108,149,157,177,104,59,155,120,120,13,212,35,142,158,179,160,114,124,29,154,166,112,125,89,179,179,45,18,190,118,171,14,135,5,98,121,150,126,255,171,28,87,153,70,115,114,0,145,214,240,47,0,255,144,108,141,96,190,0,197,98,188,182,95,93,94,218,144,151,0,35,198,0,83,138,169,222,179,83,42,134,180,150,12,213,33,0,255,210,255,0,255,85,38,255,178,14,123,255,255,194,89,31,192,2,190,137,0,131,19,0,0,95,89,97,141,255
148,18,145,46,253,81,124,92,110,211,151,139,104,191,201,122,27,165,111,76,10,218,50,87,164,212,153,128,120,6,178,213,138,144,81,207,167,6,46,178,139,115,38,100,33,124,69,128,59,255,183,0,74,187,85,102,118,9,186,255,214,55,54,255,147,76,174,112,152,28,185,129,244,136,110,47,67,201,77,146,0,130,232,0,74,103,255,255,163,209,0,136,180,169,72,252,0,0,255,166,255,0,255,121,0,255,183,0,48,255,255,229,31,0,193,0,85,227,0,95,81,46,0,184,119,51,124,255
148,17,155,52,239,76,113,85,130,204,141,110,114,178,194,116,33,174,128,91,8,171,61,111,154,232,160,115,163,13,108,195,153,99,79,190,130,0,81,188,89,127,40,159,0,138,90,144,33,255,171,8,75,172,73,123,86,55,115,236,167,18,8,255,173,96,134,94,185,14,238,75,252,123,120,75,49,221,156,168,0,110,204,3,143,151,246,255,139,164,0,156,217,113,34,223,0,0,255,180,235,0,255,57,86,255,154,19,30,243,255,255,34,0,196,0,89,154,0,124,20,34,0,128,67,100,212,255
150,16,167,76,231,100,84,79,161,184,96,68,149,157,130,85,84,192,176,105,37,143,33,173,187,168,182,162,125,103,162,155,163,117,57,117,184,72,74,137,62,188,37,205,18,158,215,112,10,255,188,130,86,76,59,111,194,8,112,255,186,76,57,255,225,75,205,156,181,80,225,156,160,201,52,0,74,233,203,180,52,57,183,119,90,114,141,254,236,17,101,106,255,93,31,183,51,9,202,143,103,26,196,25,183,255,149,109,208,124,255,255,101,27,105,58,148,237,0,255,0,159,0,0,190,145,168,255
156,25,170,75,255,111,191,92,137,186,115,153,160,229,53,100,168,166,177,134,58,255,78,125,146,82,168,255,150,116,155,71,151,82,97,207,110,85,246,84,149,94,0,211,40,160,168,157,137,201,233,127,156,172,83,156,171,20,213,250,225,23,135,255,120,67,232,152,180,13,126,118,193,181,131,0,156,240,0,180,114,135,212,255,0,171,38,255,255,64,63,78,153,185,95,127,166,34,174,255,255,0,238,183,0,186,135,184,249,52,194,255,30,128,255,160,90,120,0,145,113,86,0,1,171,0,0,255
152,20,163,43,255,89,150,109,170,213,113,134,172,178,87,139,104,201,147,139,53,190,44,118,158,158,121,177,202,56,111,123,146,75,52,195,117,74,143,168,153,193,0,169,3,102,89,187,79,255,216,64,120,227,187,174,153,82,49,236,255,0,0,246,123,114,105,91,191,84,191,149,214,99,191,0,4,179,255,255,0,62,253,103,0,127,226,255,150,0,0,255,199,217,0,255,89,37,255,255,228,0,160,0,199,255,143,227,55,226,255,255,74,0,234,20,66,0,43,255,0,131,0,0,255,168,102,255
151,19,163,30,255,96,150,108,151,219,125,132,145,179,86,141,93,220,143,128,70,161,45,119,165,146,105,188,224,67,96,126,144,89,35,221,136,37,127,209,114,192,0,145,0,94,63,179,97,255,234,48,123,205,214,161,164,80,71,252,255,0,0,255,96,120,137,73,160,86,228,168,222,51,148,0,0,184,254,255,0,0,252,53,0,60,235,255,186,9,0,232,255,133,0,255,63,40,255,255,239,0,247,40,213,255,123,240,0,255,255,255,108,0,180,10,81,0,0,255,0,111,0,0,255,184,71,255
152,20,155,51,244,73,108,93,129,186,143,137,133,164,187,102,80,176,135,62,41,255,114,101,98,216,195,196,149,113,136,122,130,136,58,145,217,39,53,163,137,158,68,164,0,54,149,158,78,255,177,66,125,177,49,139,161,42,102,255,199,8,13,255,131,138,138,111,183,0,135,88,255,107,112,114,25,145,111,163,9,174,223,0,88,160,255,255,126,173,0,173,165,242,0,222,0,0,255,193,255,0,240,0,78,253,170,82,52,255,255,177,10,41,176,3,197,171,0,121,0,155,0,171,255,26,228,255
155,23,174,60,240,79,107,87,180,195,113,89,139,155,139,105,66,206,135,96,19,145,81,120,116,167,201,197,204,79,54,139,164,37,62,157,157,1,140,195,82,177,4,201,15,163,125,118,24,255,227,156,100,196,127,83,160,93,61,224,243,36,0,255,173,124,195,43,169,12,237,179,255,180,76,53,4,175,241,190,99,46,187,116,97,78,201,255,116,11,0,182,204,148,41,255,35,39,207,163,153,0,188,53,205,255,69,113,0,199,231,255,171,82,200,99,54,16,0,233,0,111,0,62,225,93,196,255
152,20,174,51,244,67,118,92,181,205,102,118,153,169,136,134,71,217,145,83,24,185,73,157,113,190,170,169,178,73,80,145,195,70,48,146,136,23,113,221,99,162,12,234,51,157,100,158,0,255,225,105,93,220,138,140,145,76,42,234,227,6,0,255,167,83,129,100,184,59,255,116,214,149,98,0,19,235,255,255,45,65,235,99,101,131,238,255,188,0,0,239,201,150,0,255,51,10,255,138,221,3,205,0,147,255,86,106,0,148,253,255,103,9,255,85,53,32,0,255,0,109,0,70,255,136,203,255
153,10,167,48,215,73,167,81,206,243,81,117,169,235,20,88,132,214,168,180,115,143,147,110,120,187,110,255,255,125,0,34,99,0,88,175,45,0,255,215,26,165,0,176,112,105,83,255,21,255,255,112,37,134,255,93,126,81,7,137,162,0,0,227,159,0,187,44,255,47,248,107,255,189,116,0,0,249,255,255,0,0,236,255,0,52,255,255,150,0,0,255,211,69,85,123,123,69,251,197,203,0,255,17,255,255,167,92,186,90,191,255,0,0,129,5,0,0,0,255,5,96,0,0,247,37,179,255
151,15,160,51,240,85,143,93,176,214,98,128,171,196,90,128,101,191,129,138,62,179,80,133,153,196,131,193,205,60,58,116,117,29,98,215,74,33,137,154,110,177,0,160,32,121,117,198,29,255,210,55,29,173,226,131,129,46,86,157,221,0,0,206,123,12,127,49,222,81,181,106,205,183,123,0,3,255,242,255,0,72,255,187,0,127,255,255,200,0,0,255,157,149,50,199,90,58,246,255,239,0,216,0,255,255,139,138,55,103,255,255,47,3,182,10,16,0,0,255,53,71,0,0,255,88,142,255
153,18,163,46,249,94,156,100,181,224,99,125,164,213,84,135,105,214,166,153,75,166,60,128,130,176,134,223,216,68,75,105,157,43,55,182,75,63,217,137,102,146,0,174,41,110,109,211,82,255,232,108,85,173,211,189,164,100,48,211,233,0,0,254,142,51,126,118,154,39,197,124,185,144,158,0,0,210,255,255,0,70,238,157,0,132,253,255,131,0,0,255,184,189,0,244,36,41,255,247,209,0,156,0,255,255,169,175,90,133,225,255,37,0,198,0,39,0,0,255,24,72,0,0,255,68,135,255
152,16,166,34,245,81,142,107,185,213,106,146,172,191,107,145,85,211,144,123,73,207,94,103,114,179,160,213,207,94,70,117,166,30,81,193,87,31,163,184,79,147,1,149,3,124,96,214,3,255,238,87,60,222,210,132,146,85,41,218,255,0,0,251,73,51,121,28,161,55,169,163,223,98,115,0,0,220,255,255,0,65,255,114,0,130,251,255,176,0,0,255,148,164,23,255,43,61,255,213,255,0,221,0,255,255,90,104,0,173,242,255,138,0,180,23,44,11,0,255,37,125,0,0,255,46,130,255
154,19,180,49,239,75,110,86,194,188,101,112,137,179,146,117,72,213,147,93,40,154,75,135,94,194,224,177,199,56,51,119,210,34,48,144,140,14,165,162,74,152,0,183,34,175,131,171,0,255,210,171,68,193,167,103,134,31,30,255,213,29,0,219,214,104,183,85,197,0,255,146,236,136,28,41,28,169,216,157,73,130,202,128,81,101,154,255,167,0,0,215,217,156,0,218,1,64,194,157,94,0,244,0,171,255,38,97,30,57,255,218,127,0,237,84,37,95,0,241,0,144,0,93,205,74,255,255
154,13,168,41,238,68,162,98,203,219,103,126,165,226,20,131,126,215,171,150,89,157,106,105,102,170,112,206,255,142,39,55,111,0,60,153,113,38,255,196,58,160,0,125,57,107,80,246,39,255,255,100,45,140,246,102,170,139,0,198,230,0,0,230,117,34,126,56,201,57,238,216,232,106,147,0,0,255,255,255,0,0,227,184,23,62,255,255,134,0,0,255,235,157,33,212,69,107,255,209,203,14,189,0,255,255,166,143,52,216,158,255,26,25,135,93,0,0,0,255,0,156,0,0,255,155,123,255
152,19,167,47,244,86,128,89,176,215,119,110,156,201,138,120,76,201,140,132,52,178,67,164,129,194,182,176,169,44,75,139,167,61,68,172,110,45,118,178,90,146,0,193,40,143,133,204,33,255,223,95,49,186,181,143,115,11,70,212,228,8,0,222,153,64,139,66,194,65,233,140,226,154,48,26,60,236,230,224,7,87,215,142,29,137,191,255,188,0,0,255,191,136,0,218,51,0,241,180,195,0,255,0,202,255,79,112,69,128,255,255,92,12,206,26,39,57,0,221,46,65,0,17,204,90,200,255
154,17,175,48,237,84,86,78,200,204,94,86,133,178,152,118,72,201,140,100,44,132,55,173,142,189,242,184,128,51,60,177,195,64,27,131,177,47,105,165,60,152,0,210,7,145,163,127,30,255,195,154,29,167,141,111,153,47,61,227,241,94,17,255,166,84,216,70,143,48,255,121,240,163,47,102,52,215,251,143,94,144,191,101,91,107,158,227,96,0,0,212,255,124,30,255,47,8,214,164,122,0,233,0,172,255,75,120,38,152,226,255,167,2,203,22,99,124,0,210,36,103,0,49,146,59,235,255
151,9,157,43,217,77,147,63,221,244,93,109,160,237,43,105,103,227,201,172,119,125,138,93,139,168,139,255,248,99,0,53,116,0,66,107,39,0,255,210,0,121,0,190,99,114,83,255,0,255,255,167,17,146,255,128,166,55,0,114,166,0,0,255,193,13,245,44,231,60,170,255,255,101,54,28,0,218,197,255,0,0,255,237,54,99,255,255,167,0,0,255,77,146,37,155,54,9,212,171,181,40,235,0,255,255,105,112,53,128,132,186,0,39,255,0,0,0,0,255,22,132,0,42,255,0,255,255
152,10,163,33,226,83,159,39,220,255,64,123,144,255,49,123,90,244,244,153,137,84,120,128,149,175,146,255,249,65,0,48,132,0,33,67,1,0,255,200,0,63,0,255,163,150,49,255,0,255,255,216,0,178,255,111,120,78,0,129,171,0,0,255,255,0,255,157,242,23,210,173,187,90,81,4,0,147,193,255,0,105,255,255,125,159,255,212,147,0,0,255,49,159,4,212,60,40,135,152,134,56,255,0,255,255,116,33,19,69,66,230,0,0,255,15,0,0,0,244,46,40,0,49,255,0,255,255
153,18,170,58,241,82,112,111,180,204,105,123,138,181,129,131,81,198,130,110,41,179,48,158,115,183,161,182,165,74,113,165,174,106,51,156,165,75,137,162,133,178,0,214,40,119,98,122,41,255,230,116,107,172,150,104,173,63,75,255,232,68,32,224,136,79,139,103,167,61,252,143,222,145,125,20,66,210,232,222,32,143,188,105,85,173,168,255,137,20,35,207,165,162,0,255,0,8,255,179,222,0,194,0,131,255,116,131,40,209,235,255,148,34,231,12,139,90,0,215,1,63,0,91,174,98,58,255
152,21,172,55,241,85,138,81,180,210,91,99,146,209,133,110,76,203,142,122,29,151,62,155,134,192,184,204,163,79,96,119,174,55,35,153,109,77,135,152,103,144,0,200,15,124,129,141,54,255,234,128,78,195,142,128,131,48,42,254,213,0,0,221,196,45,143,140,182,0,233,115,255,168,63,49,61,209,211,146,26,134,200,239,123,139,222,255,145,0,12,255,247,182,0,226,57,0,254,200,145,0,246,28,192,255,19,118,78,162,227,255,103,26,219,91,55,27,0,200,25,94,0,88,225,41,255,255
154,24,173,57,246,66,151,106,177,198,123,101,150,202,138,122,98,211,130,116,33,196,120,92,75,203,177,189,197,108,90,97,183,25,101,197,115,0,206,187,98,131,0,171,32,140,98,168,0,255,252,103,103,227,195,136,128,40,82,213,204,0,0,241,194,158,165,65,177,63,187,174,255,145,69,28,47,217,237,251,13,78,211,178,74,84,248,255,179,23,0,255,160,171,23,194,22,31,200,155,193,0,218,61,177,255,52,104,37,132,255,230,59,25,224,118,0,0,0,255,28,117,0,120,255,60,185,255
152,19,170,40,247,75,136,95,170,212,119,130,161,201,136,126,80,211,159,108,46,189,79,123,95,213,161,178,196,84,87,125,184,44,56,179,116,59,153,203,88,153,8,155,19,113,107,197,25,255,243,79,63,214,186,153,118,55,46,239,255,0,0,236,126,102,93,65,153,46,230,124,209,132,114,0,0,205,255,252,13,51,245,129,63,116,255,255,163,0,0,248,234,170,0,255,7,30,255,214,204,0,194,0,221,255,131,124,0,167,233,255,92,8,156,76,43,24,0,251,22,81,0,0,236,104,203,255
156,25,163,58,248,67,147,95,149,198,128,117,139,215,118,127,101,187,128,82,25,211,111,92,100,220,130,159,198,66,117,119,156,24,101,173,100,51,168,200,148,157,10,137,43,133,96,160,10,255,225,49,88,240,181,135,131,94,96,217,203,0,2,221,141,95,137,62,207,55,179,181,248,165,156,24,0,194,214,249,0,95,190,151,96,65,255,255,126,0,0,255,209,202,68,255,78,0,255,215,210,6,66,26,163,255,150,178,60,218,168,255,55,15,124,146,0,0,0,241,27,144,0,75,255,109,146,255
153,24,158,64,242,33,134,100,147,186,142,110,142,234,103,117,130,140,176,51,26,235,128,84,70,255,124,129,174,113,159,108,157,22,65,88,105,76,188,177,119,176,77,101,6,64,82,75,5,255,209,0,164,223,194,154,151,63,15,240,105,0,7,163,133,148,14,118,223,79,205,131,198,31,252,0,0,201,185,242,0,153,196,173,173,149,255,255,154,13,17,224,207,255,0,249,0,0,255,255,205,141,0,0,107,255,255,219,27,255,129,255,0,35,161,166,58,0,5,255,5,135,0,98,255,176,127,255
151,19,161,60,249,76,144,91,170,196,105,116,178,166,62,98,121,165,146,158,30,182,64,131,158,144,110,136,169,60,139,125,94,70,35,175,101,80,127,145,116,204,0,101,46,85,45,165,87,255,209,49,148,235,149,67,131,29,33,206,210,0,0,133,146,86,80,145,195,43,204,149,210,174,181,2,24,183,237,215,22,59,214,211,0,104,201,255,209,0,0,255,171,166,18,214,87,0,255,255,166,0,171,49,162,255,190,133,132,184,255,255,94,60,243,56,86,0,66,255,34,128,0,19,255,118,0,255
150,19,166,55,248,97,134,92,182,218,81,115,156,215,95,116,92,202,155,120,41,169,30,160,163,174,162,205,160,88,149,123,153,58,41,135,107,112,195,124,73,162,7,165,43,111,136,162,39,255,224,133,39,165,156,120,162,33,24,247,250,1,36,239,187,30,136,172,140,65,244,139,196,174,142,0,0,236,255,185,0,66,202,177,61,133,255,255,146,0,22,209,193,129,0,241,0,32,255,231,188,0,228,0,190,255,89,108,114,251,255,255,85,0,226,81,100,123,0,255,0,128,0,24,237,81,196,255
152,13,162,57,215,56,149,79,179,219,97,122,162,219,41,82,124,178,151,161,73,173,100,90,121,203,85,175,194,86,63,108,105,17,41,174,88,42,240,197,113,195,0,117,97,79,44,194,53,255,252,27,102,175,219,77,127,62,11,201,156,0,0,107,166,0,81,86,204,83,255,86,250,220,196,0,0,253,250,217,0,87,194,239,52,131,255,255,135,0,0,255,243,163,106,184,109,14,255,243,214,8,96,9,255,255,248,162,144,131,239,255,29,35,110,5,73,0,4,255,0,78,23,35,182,163,102,255
156,24,164,79,232,65,66,99,193,182,90,58,112,177,124,120,83,153,117,74,24,218,115,204,130,168,246,188,52,149,220,181,188,63,50,82,176,136,67,123,64,197,18,188,104,112,250,10,74,230,118,146,92,141,86,39,130,0,119,255,173,49,62,206,129,116,179,115,206,147,170,112,120,69,149,160,70,241,139,100,107,212,235,127,98,61,176,255,92,9,56,174,143,255,0,255,0,0,214,255,143,50,187,14,74,240,87,198,88,255,220,70,133,57,216,42,112,35,0,162,192,63,0,180,255,23,71,255
151,14,168,44,227,68,133,78,199,219,75,133,149,212,83,127,95,195,161,112,46,164,93,117,104,193,136,215,207,73,40,118,156,16,9,151,78,0,224,190,69,144,0,164,75,156,57,223,12,255,255,89,72,219,202,102,171,44,0,193,192,0,0,232,155,0,82,102,154,29,250,139,255,138,140,0,0,255,252,255,0,104,252,213,63,120,255,255,151,0,0,255,165,170,55,248,59,47,255,202,171,34,175,0,215,255,122,74,0,148,228,255,30,0,255,8,96,15,0,255,45,120,0,24,243,74,240,255
156,8,186,3,242,162,173,23,199,255,12,189,85,255,103,214,59,255,255,197,243,21,90,121,170,174,28,255,255,5,0,0,206,57,0,0,0,0,255,157,0,58,3,255,255,37,0,255,0,255,255,255,0,203,255,164,239,36,0,128,164,0,0,255,255,155,255,255,255,195,152,255,66,38,0,0,0,30,45,255,0,0,255,255,65,0,255,171,198,40,73,198,0,136,0,255,0,255,255,131,19,255,255,99,199,255,151,168,255,107,224,255,0,0,255,0,17,255,0,152,255,218,0,0,255,0,255,255
152,8,181,25,213,100,129,17,204,255,43,130,100,255,67,157,66,255,255,166,133,61,140,137,137,219,110,255,255,68,0,0,183,0,0,0,5,0,255,255,0,119,0,216,235,117,0,255,0,255,255,255,0,165,255,59,150,0,0,154,122,0,0,255,255,91,255,244,255,108,255,255,167,75,0,41,0,209,199,255,0,0,250,253,174,27,255,255,203,0,0,248,35,45,0,255,18,199,255,96,0,165,255,0,255,255,76,65,160,174,176,255,0,0,255,47,67,121,0,162,62,255,0,0,255,0,255,255
150,9,163,34,216,76,147,64,204,248,68,124,154,244,34,113,106,208,168,140,91,146,100,94,123,190,120,255,233,89,0,71,129,0,32,106,58,0,255,201,16,168,0,179,107,113,59,255,44,255,255,111,12,167,253,99,122,1,0,169,181,0,0,235,146,0,149,92,252,50,231,192,255,156,122,0,0,255,203,255,0,17,228,222,108,91,255,255,123,0,0,255,200,136,29,167,35,66,255,189,198,69,235,0,255,255,79,118,41,154,175,254,0,5,245,0,32,0,0,206,23,80,0,87,255,8,175,255
