175,8,146,96,214,76,77,129,148,174,151,51,120,147,101,35,109,238,196,193,0,208,99,177,69,152,150,185,123,68,193,131,106,82,139,130,139,120,184,136,115,174,31,144,123,163,132,92,123,110,126,93,129,77,86,150,125,106,113,206,130,121,121,97,174,168,81,124,144,135,146,112,127,188,138,154,132,137,93,168,100,193,152,130,91,102,138,202,146,88,63,145,95,112,110,171,88,50,122,210,207,121,120,114,106,182,84,114,170,130,178,136,67,136,72,55,147,184,48,216,101,116,100,83,170,147,69,255
166,14,155,118,201,87,104,82,190,208,112,45,118,129,99,73,63,151,177,168,81,174,180,65,89,178,177,199,128,187,125,107,89,96,86,146,107,64,167,108,28,178,112,193,187,45,101,103,68,255,182,243,63,91,172,76,153,66,81,158,161,82,0,248,120,146,151,133,153,160,56,161,255,216,78,145,45,177,149,120,35,120,238,181,83,157,89,255,121,0,64,225,59,92,48,195,76,99,169,100,188,57,112,88,48,255,0,177,184,159,125,89,52,164,91,109,152,63,0,202,160,204,0,252,255,1,33,255
166,16,167,99,190,73,106,93,203,178,105,43,108,165,80,51,89,165,183,151,60,181,177,38,92,164,178,206,104,117,104,82,111,69,107,163,157,35,140,84,32,98,84,206,143,107,118,104,54,255,218,166,106,74,79,67,196,18,101,182,118,101,0,255,110,199,144,80,144,100,103,181,255,95,73,84,102,116,149,143,0,155,251,178,132,141,77,218,114,45,116,199,118,173,82,243,29,0,255,99,242,69,148,86,0,255,27,118,114,255,141,116,34,26,22,18,193,200,0,164,120,177,0,107,113,83,154,255
160,4,175,81,180,94,101,65,214,134,84,58,139,201,54,69,91,161,233,161,63,153,166,74,129,199,184,179,165,151,60,74,141,52,100,125,99,0,166,76,0,106,8,194,193,120,105,146,8,255,246,149,58,83,106,120,201,38,53,216,64,130,0,255,188,162,168,106,230,64,165,255,255,120,35,15,83,112,163,149,0,17,233,230,164,120,149,139,212,44,29,197,122,142,109,133,24,0,210,122,207,75,68,29,34,255,46,156,234,192,136,177,13,23,203,0,115,167,0,176,118,255,26,87,44,0,92,255
161,15,157,96,203,77,104,68,207,200,107,80,102,140,129,87,54,175,165,169,50,145,163,94,97,160,187,207,152,223,48,113,58,69,51,150,102,21,199,181,0,163,54,189,188,86,122,156,88,255,208,191,75,150,214,55,156,71,12,174,139,48,0,237,213,98,177,103,170,104,122,231,255,228,87,135,0,115,255,73,38,133,255,217,149,90,202,232,141,0,52,255,86,110,41,200,77,0,211,159,97,36,45,69,38,255,0,189,152,180,89,38,50,130,204,67,135,0,0,255,128,73,0,203,217,33,167,255
164,11,170,120,192,93,82,95,171,183,134,37,130,155,87,75,96,145,201,110,94,172,181,88,82,174,148,180,149,167,133,149,119,116,112,155,170,114,65,71,77,136,107,179,123,132,132,99,74,195,196,162,153,73,113,106,216,38,139,193,151,92,0,251,124,159,169,125,161,127,78,157,229,201,84,104,76,160,85,187,135,120,221,119,95,178,17,238,192,119,135,180,147,168,71,246,57,62,181,77,153,20,148,66,37,255,183,219,164,157,144,152,25,156,15,59,194,255,0,121,37,249,0,78,239,35,35,255
158,14,166,74,196,80,125,49,234,224,69,74,143,179,111,92,49,202,211,186,63,124,208,34,121,193,205,255,162,155,0,71,105,31,76,133,64,0,250,176,0,121,0,237,168,27,91,179,0,255,255,225,0,189,245,110,163,81,0,225,143,32,0,255,170,147,162,60,209,61,104,232,255,165,45,125,0,42,170,170,0,27,255,255,255,88,255,188,48,0,27,255,56,171,8,146,137,0,218,88,91,76,45,133,130,255,0,128,72,255,47,19,32,50,253,69,74,0,0,255,123,165,0,190,245,0,255,255
165,16,145,98,202,78,99,82,177,196,120,44,119,156,95,61,85,153,136,168,71,165,127,51,108,126,221,223,134,179,85,80,111,64,108,179,88,64,161,59,26,161,70,190,143,118,154,98,91,255,125,209,66,106,154,113,130,69,137,162,140,130,0,187,123,157,173,66,101,120,61,136,247,255,102,119,90,128,151,69,74,194,249,208,120,133,137,238,73,0,108,252,103,181,84,191,57,65,156,121,134,66,0,128,90,255,0,255,209,121,82,81,70,196,166,15,86,35,0,255,210,61,0,186,243,0,11,255
162,14,156,96,168,62,109,61,208,201,96,53,108,188,65,81,48,168,205,168,58,135,201,68,109,167,202,208,162,183,57,101,132,97,58,160,110,63,172,125,28,79,37,255,201,147,104,124,100,255,178,128,94,91,202,125,193,145,85,242,57,59,0,198,229,104,200,82,225,111,125,255,255,184,139,59,43,135,176,50,19,208,216,255,107,217,168,222,66,0,136,255,48,125,21,204,60,0,141,86,59,161,0,136,192,255,0,255,238,255,241,145,0,29,227,0,0,0,0,255,54,123,0,89,255,141,255,255
159,0,161,108,167,89,49,79,164,130,135,19,157,235,61,66,62,144,197,103,67,181,126,159,181,165,169,76,123,242,175,166,110,123,85,131,161,185,60,55,71,84,130,134,120,227,169,147,83,175,163,87,157,25,143,221,208,134,225,171,125,124,27,164,255,77,167,139,206,88,184,146,230,229,39,68,64,220,224,164,114,129,193,222,163,202,138,255,218,86,32,171,132,81,106,174,0,0,203,129,133,35,82,95,86,164,212,248,255,88,253,255,24,109,166,23,183,255,0,197,168,238,72,15,51,68,74,255
166,14,157,92,190,81,117,49,223,220,94,73,128,153,82,87,64,187,197,189,83,148,204,37,118,202,189,224,167,167,0,66,88,77,80,133,25,0,250,148,0,96,0,208,156,58,66,181,0,255,241,250,30,181,208,107,162,103,19,169,115,57,0,255,174,139,192,114,185,121,54,212,255,168,60,133,0,83,193,98,0,127,229,255,208,182,160,213,76,0,60,255,0,146,0,182,162,0,168,85,65,158,0,156,132,255,0,138,213,248,54,94,0,121,255,101,40,0,0,255,144,170,0,199,255,0,238,255
161,10,160,113,183,86,79,81,180,190,121,37,134,201,93,86,67,149,187,142,52,176,132,133,119,187,173,148,150,181,108,100,137,125,83,156,133,138,89,69,95,98,68,204,159,156,144,96,79,254,152,137,82,81,175,156,196,115,168,200,169,125,0,164,195,82,179,84,192,88,90,194,237,236,76,100,64,199,166,188,104,164,182,238,184,155,121,248,195,99,117,255,127,148,97,129,1,0,152,144,118,123,54,84,154,255,86,198,239,134,217,248,1,175,116,106,127,203,0,249,178,186,47,69,216,0,103,255
161,12,161,101,188,78,113,72,204,175,110,38,131,150,85,79,69,163,198,181,71,184,151,57,113,183,182,188,124,130,99,105,121,57,94,156,112,15,148,104,30,176,48,189,143,108,118,113,36,255,232,144,67,88,151,66,160,52,59,188,141,99,0,213,169,143,131,65,165,92,77,183,254,198,59,115,80,133,145,135,0,116,226,185,149,150,126,255,142,0,75,179,109,200,113,180,90,0,241,98,223,59,97,111,59,255,0,214,122,181,168,166,98,62,144,131,214,87,34,218,158,159,0,147,157,0,95,255
167,15,148,116,188,79,80,87,162,206,140,31,119,134,99,55,65,154,163,149,76,155,166,62,87,140,203,209,108,194,120,97,160,103,76,198,132,94,87,55,49,112,109,230,154,119,111,62,97,232,154,186,86,81,122,161,184,94,183,177,130,119,0,211,74,202,227,103,125,145,44,154,255,151,108,108,97,193,165,135,103,204,228,163,90,214,0,248,130,91,152,220,100,122,41,243,64,76,176,44,197,103,72,75,50,250,0,231,200,186,166,212,8,148,102,70,130,136,0,255,127,155,31,152,255,0,47,255
165,13,151,100,192,82,99,80,187,203,135,57,121,130,89,79,78,141,166,192,78,154,145,38,124,175,191,206,151,207,97,87,102,91,97,170,96,30,165,136,31,180,83,175,147,91,91,113,91,255,187,220,117,65,192,74,120,117,89,149,132,127,0,207,149,159,176,78,112,144,54,200,255,255,83,126,7,118,200,77,65,180,244,212,106,167,106,255,109,0,161,218,13,213,10,246,83,37,117,111,110,51,0,99,98,255,0,255,211,156,78,87,22,147,199,81,46,31,0,255,124,7,0,170,255,0,69,255
165,8,168,119,182,94,86,91,179,174,125,34,130,176,58,61,71,142,216,122,81,157,186,87,94,171,155,165,125,173,151,159,124,136,99,167,159,146,85,28,79,94,144,199,169,130,126,94,96,188,177,149,139,48,87,136,201,91,183,189,121,104,1,209,135,142,177,119,169,115,91,146,255,186,73,88,92,187,109,169,144,128,241,187,100,191,11,255,144,93,152,223,115,129,91,248,40,34,179,29,155,48,78,91,70,252,172,255,222,173,142,215,32,127,103,67,165,255,0,163,71,255,23,62,147,23,105,255
161,11,166,129,191,87,92,81,188,201,120,4,133,172,101,60,55,146,214,108,93,177,227,91,63,163,153,190,103,157,153,121,163,80,92,149,115,89,73,68,32,126,108,192,183,116,213,83,75,255,198,190,79,70,111,93,156,17,178,191,153,28,45,255,122,127,163,135,138,130,77,83,207,179,67,50,68,187,46,255,134,112,255,88,190,174,22,154,111,47,66,218,133,118,95,255,103,106,211,11,190,21,167,79,16,255,93,192,139,164,190,217,0,125,86,45,255,174,5,137,121,255,70,175,235,0,81,255
