156,20,163,93,239,93,72,80,170,184,116,66,154,161,14,55,126,108,195,172,14,211,121,178,129,145,72,102,130,63,116,183,86,160,90,148,82,133,121,24,11,148,0,128,178,117,166,110,146,255,100,114,153,72,53,150,201,43,44,236,186,76,75,201,174,119,64,144,208,139,173,70,192,201,113,104,34,65,190,206,163,6,191,80,86,77,96,217,96,88,22,248,190,3,66,198,0,40,255,172,185,0,84,87,240,249,255,194,240,255,255,255,107,194,45,174,201,191,0,212,95,161,0,0,36,128,55,255
152,13,160,74,239,74,82,94,186,203,83,85,211,212,0,16,193,108,189,192,49,199,103,137,82,159,100,166,186,141,92,84,55,106,103,230,108,153,225,60,12,255,0,143,175,207,159,133,225,255,140,84,42,0,96,123,162,0,44,196,124,93,0,16,20,34,2,142,255,0,234,0,255,255,107,0,38,37,183,250,71,50,255,67,77,166,191,216,107,69,0,255,255,122,19,93,0,95,231,88,255,163,97,45,255,246,255,182,255,255,255,255,115,160,0,255,255,254,0,255,149,0,105,0,122,34,0,255
157,12,146,84,226,93,87,70,157,197,119,53,138,154,51,54,141,96,165,186,23,174,122,144,183,125,97,75,137,66,106,175,88,137,145,150,59,107,114,26,74,126,0,127,196,140,238,122,94,231,67,130,153,78,143,116,235,38,108,174,129,119,80,128,132,91,93,81,255,84,160,77,147,215,81,117,61,113,178,119,82,48,206,64,36,114,29,195,168,68,31,255,82,0,60,175,0,57,162,140,249,69,73,55,161,255,255,200,255,255,216,124,99,200,84,70,104,72,0,178,128,78,0,43,0,16,0,255
158,14,168,71,199,71,125,73,212,231,85,85,199,251,0,47,157,136,208,230,95,169,127,93,131,209,123,163,212,29,26,32,50,0,152,141,46,83,255,118,0,184,0,185,166,90,111,218,68,255,149,112,0,40,166,190,140,24,0,172,73,69,0,176,163,24,0,82,255,85,185,156,255,210,113,0,0,0,167,255,0,78,225,204,201,182,178,224,0,0,0,255,198,161,28,75,171,0,255,140,214,147,0,61,255,255,236,228,255,255,200,154,0,0,63,0,102,23,0,255,123,78,0,0,221,255,0,255
158,13,152,72,207,90,106,58,183,222,95,65,147,194,6,46,161,144,197,198,66,150,107,116,149,155,129,134,158,96,29,113,82,79,125,109,76,74,237,102,0,125,0,121,225,110,140,249,50,255,128,130,4,83,120,184,183,54,5,191,74,119,0,166,118,35,55,163,255,82,147,99,233,215,61,48,14,22,154,193,23,159,255,136,152,100,161,187,120,0,8,255,175,42,77,139,0,11,220,102,218,15,68,93,227,255,187,207,255,227,173,164,70,0,106,0,149,185,0,253,183,52,0,0,55,108,31,255
158,16,163,79,206,83,98,61,192,221,95,75,160,207,0,35,185,120,209,181,88,187,121,118,141,176,49,136,149,62,58,156,83,43,105,143,71,47,221,106,0,143,0,97,221,126,120,203,90,255,144,57,67,36,101,167,176,6,45,208,59,124,9,178,121,90,18,118,244,116,99,110,245,229,95,24,22,0,148,174,61,70,245,51,157,53,145,229,64,0,0,255,213,56,2,107,0,0,255,109,211,0,106,115,255,255,234,130,255,255,240,182,73,35,0,46,99,255,0,202,201,56,0,0,67,255,0,255
150,2,162,61,209,103,77,101,180,167,80,96,153,191,0,59,187,83,135,221,63,233,83,90,164,96,185,119,155,188,187,103,107,71,71,162,85,111,183,0,36,255,0,47,120,124,148,80,155,162,82,34,79,154,86,66,209,0,58,255,171,153,80,202,87,11,76,91,197,60,134,238,254,255,110,72,24,158,62,251,0,79,244,166,116,0,154,255,188,232,117,255,255,233,123,98,0,77,255,255,238,9,0,255,119,204,88,255,213,192,220,255,255,164,221,26,255,255,0,255,255,102,105,16,86,0,0,255
154,12,166,64,215,95,103,92,189,176,84,101,189,166,0,65,147,131,241,196,39,221,56,144,132,148,155,149,192,90,112,58,41,104,118,135,116,142,223,32,0,229,0,184,159,133,85,216,104,255,239,96,27,35,69,60,174,78,0,255,139,140,33,255,138,123,41,125,255,70,179,130,223,195,109,10,34,19,163,246,0,65,255,180,216,89,150,255,42,0,0,186,136,243,0,202,36,0,255,115,168,38,86,195,232,199,197,133,252,236,232,255,98,115,104,70,255,255,0,166,107,75,0,0,179,173,0,255
152,9,149,77,227,89,62,85,164,174,101,38,172,203,0,29,151,84,190,179,41,206,76,156,168,155,92,70,147,137,119,156,50,129,132,154,90,125,193,2,0,162,27,123,142,193,209,91,134,255,63,70,120,24,91,180,223,29,70,228,126,132,68,135,180,74,35,131,255,0,212,44,182,208,103,50,1,61,239,178,61,52,222,95,99,95,145,242,114,85,9,255,161,24,1,170,0,156,230,107,217,32,2,0,211,255,250,201,255,255,255,255,113,212,31,144,223,209,0,255,118,0,3,0,0,0,0,255
161,19,155,83,217,94,92,67,180,207,110,60,150,183,14,54,165,124,183,171,62,190,98,122,144,146,111,136,157,98,84,152,95,72,125,125,93,96,183,76,6,133,0,109,197,129,141,165,83,237,110,103,57,72,59,147,185,48,92,184,177,111,75,167,88,96,72,108,158,121,113,156,204,255,103,126,47,29,147,159,127,123,191,74,103,69,123,228,129,2,85,255,184,57,63,205,0,11,217,162,218,0,47,101,196,255,188,207,255,255,223,148,60,51,0,35,52,229,0,234,185,88,0,0,47,130,14,255
159,17,162,71,233,116,103,79,168,203,110,88,124,179,34,86,154,127,190,192,42,203,110,127,118,125,91,126,174,72,72,120,93,147,126,141,70,111,222,32,50,126,0,137,197,141,210,201,131,252,140,130,124,89,75,140,218,81,84,255,142,125,118,196,102,131,54,122,251,53,153,139,186,243,129,86,36,0,151,146,66,95,255,77,84,67,61,196,100,91,29,255,113,10,42,223,0,102,213,135,179,0,59,179,172,255,218,219,255,255,223,199,126,105,34,95,147,255,0,219,167,103,0,0,24,41,11,255
160,14,158,77,209,85,89,44,198,213,85,69,137,185,31,55,179,140,179,188,50,157,142,119,143,144,154,130,164,103,8,116,96,46,127,95,49,44,226,93,0,136,0,131,228,159,208,238,95,255,80,157,14,138,102,190,169,73,0,187,107,129,27,171,93,3,50,158,248,38,174,142,255,251,87,118,0,0,151,132,74,181,252,131,174,40,147,131,73,0,0,255,227,0,101,206,0,0,205,106,149,0,0,163,229,255,111,255,255,161,111,65,58,34,100,6,49,148,0,255,249,114,22,35,27,71,11,255
156,9,163,79,186,72,66,46,194,202,76,56,148,192,11,64,154,115,171,166,41,166,137,112,157,164,158,95,133,150,37,111,127,28,156,82,109,44,226,44,0,95,0,154,203,144,220,131,43,255,93,158,34,115,108,139,194,103,29,248,112,163,0,236,190,30,119,143,234,57,158,111,248,241,0,54,4,76,131,212,4,85,238,142,255,24,144,180,45,0,83,255,169,4,92,188,17,23,184,128,103,36,0,78,106,255,104,183,255,249,223,134,80,113,122,0,176,246,0,255,255,149,31,0,83,0,0,255
161,21,180,77,209,82,118,51,223,195,61,83,178,210,0,82,127,150,237,171,77,164,145,113,88,139,161,187,166,0,0,0,121,79,165,72,23,59,250,114,0,65,0,188,226,102,72,203,15,255,255,170,18,86,106,121,131,11,0,255,30,110,35,255,215,147,78,205,255,116,135,89,255,224,27,0,20,0,32,203,0,203,255,239,255,119,133,147,0,0,0,255,75,189,0,250,147,0,255,24,92,30,98,255,191,255,167,77,238,192,185,43,0,17,59,29,165,255,0,149,99,109,0,0,251,255,227,255
160,11,172,74,199,87,116,50,227,209,60,84,142,213,17,77,122,153,252,161,63,116,128,115,106,182,122,167,169,63,0,51,134,54,152,93,39,81,255,40,0,49,0,241,211,83,173,219,6,255,241,138,84,66,220,127,196,90,0,193,7,113,23,255,183,141,140,168,255,66,171,99,216,224,59,0,9,0,201,119,0,158,255,214,211,106,149,183,0,0,17,255,64,95,14,223,43,0,255,8,69,121,80,106,175,255,204,115,255,212,179,53,0,81,16,0,213,255,0,255,198,134,0,0,191,228,104,255
157,15,164,65,202,70,139,71,210,238,76,89,193,252,0,54,164,157,219,224,92,169,116,88,113,193,122,188,218,34,22,36,39,0,125,153,38,90,255,127,0,182,0,198,161,79,100,255,67,255,178,126,11,61,177,200,138,24,0,201,87,38,0,181,156,53,3,38,255,113,187,170,255,193,105,0,0,26,117,255,0,55,233,234,205,177,192,240,0,0,0,255,211,172,0,76,176,0,255,103,159,192,55,47,255,255,181,255,255,255,135,155,0,0,125,0,60,0,0,182,154,83,0,0,255,255,21,255
160,15,167,62,213,98,128,68,219,212,88,82,166,255,0,106,133,166,245,210,60,140,97,110,138,198,125,192,187,75,9,37,94,10,120,105,55,94,255,122,0,75,0,206,212,68,110,227,42,255,244,188,0,56,196,163,149,112,0,180,128,117,19,242,179,66,38,139,233,91,207,146,234,208,100,0,0,0,188,240,0,122,246,255,238,122,197,220,7,0,0,255,78,147,17,184,50,0,255,101,241,111,53,88,255,255,179,163,255,235,180,129,0,0,106,0,135,185,0,255,184,92,0,0,164,191,84,255
175,21,157,106,224,122,80,50,191,240,112,43,105,117,86,70,175,173,229,173,114,183,164,49,128,102,180,138,158,88,41,132,150,127,93,114,67,47,164,115,0,124,20,153,180,47,69,199,33,246,105,204,51,208,53,73,249,23,175,178,183,45,47,243,122,175,123,255,128,138,157,221,255,177,206,111,52,90,93,118,191,170,111,77,9,114,255,255,119,70,0,240,53,167,106,255,0,84,141,172,194,1,55,249,0,255,235,199,255,184,130,192,78,89,7,148,83,209,44,34,255,205,0,75,114,0,139,255
171,21,164,116,202,101,103,53,208,236,68,44,137,140,38,40,174,158,249,171,119,194,172,26,99,179,151,146,191,33,9,85,176,110,125,105,36,46,177,111,1,120,21,147,197,53,88,214,0,255,174,200,20,86,114,59,139,0,124,160,113,88,47,241,146,145,144,255,128,167,121,169,251,208,99,44,68,14,31,147,100,196,149,64,58,165,255,229,103,0,0,243,92,224,103,211,0,0,157,80,130,16,112,140,73,255,225,182,213,212,127,83,0,140,0,116,41,255,0,117,179,187,0,47,228,104,116,255
153,12,165,60,221,77,125,95,208,229,88,96,213,242,0,57,178,149,197,255,92,183,84,91,148,177,147,155,200,0,80,50,33,0,118,172,40,83,240,96,0,232,0,161,118,50,101,234,95,255,135,103,21,73,147,230,135,9,0,219,91,82,0,210,110,60,0,20,255,172,198,144,255,183,73,0,0,31,51,255,0,0,225,143,167,137,149,242,0,0,0,255,239,166,0,34,167,0,255,143,203,198,94,97,255,255,174,255,255,233,255,187,81,0,201,0,176,50,6,189,218,111,0,0,247,255,0,255
159,11,179,81,194,87,109,68,218,240,75,83,162,195,0,59,153,165,204,193,68,160,212,79,82,196,144,151,211,33,0,105,163,0,156,135,44,25,253,115,0,196,0,172,142,82,129,251,17,255,192,180,56,123,157,169,126,12,0,255,115,69,13,228,145,68,129,183,212,163,163,209,255,246,97,0,0,36,156,227,18,88,211,171,224,149,115,128,11,0,0,255,206,242,108,61,193,2,209,52,91,143,98,95,255,255,214,178,255,115,165,21,29,65,196,67,99,3,0,149,98,203,0,115,255,167,0,255
171,18,158,138,187,91,102,53,226,206,60,7,123,127,59,34,124,151,254,163,102,176,185,36,105,141,152,115,128,47,4,93,190,142,133,102,62,0,139,106,50,100,61,166,174,34,119,123,0,242,148,159,0,91,114,42,188,3,220,132,131,87,67,163,171,120,175,222,143,217,60,180,202,198,57,71,71,109,129,153,78,248,140,98,38,129,255,255,125,0,84,217,67,220,128,252,0,0,86,23,152,53,112,110,115,219,141,147,255,191,250,83,0,152,0,154,29,255,0,208,155,163,0,152,252,65,101,255
168,19,159,125,199,100,102,54,193,230,85,14,123,129,86,45,115,173,206,173,117,175,181,56,102,153,165,120,137,66,39,135,152,134,106,134,97,13,120,130,81,113,54,163,193,71,150,136,61,202,126,134,12,81,70,85,191,1,154,191,139,99,31,167,116,101,119,246,144,175,116,171,255,188,74,128,75,96,54,152,188,174,174,63,3,123,239,198,196,22,86,255,131,128,145,223,17,13,151,46,176,0,194,36,0,225,197,230,236,226,244,95,21,82,0,79,70,112,0,215,138,138,0,163,146,49,18,255
158,16,171,76,203,75,99,87,202,237,82,90,170,176,15,54,174,147,168,211,49,197,152,57,82,174,196,127,190,26,47,88,110,22,143,172,94,68,192,97,0,233,0,160,160,110,151,234,59,255,150,142,30,111,106,158,151,44,0,237,96,146,9,206,83,91,45,94,255,161,217,114,255,244,102,58,3,82,84,255,0,58,233,94,207,112,94,155,0,0,0,255,210,170,55,70,135,1,255,57,136,95,111,138,154,246,174,237,255,190,165,0,84,0,218,0,169,67,0,169,163,172,0,123,214,255,0,255
156,9,181,64,197,62,110,88,220,255,57,123,184,249,2,42,161,195,184,240,91,166,178,18,110,188,168,202,209,0,0,1,120,0,161,210,36,35,255,150,0,240,0,205,189,70,150,255,5,255,189,164,0,104,175,217,118,5,0,253,56,157,0,255,76,85,88,76,255,149,221,125,255,217,108,0,0,0,41,255,0,0,248,127,255,119,165,82,0,0,0,255,227,213,59,9,225,0,255,50,111,223,120,93,249,255,124,255,255,168,169,0,57,0,255,0,181,30,0,151,197,184,0,166,223,255,0,255
