160,7,160,83,189,80,126,88,151,207,93,162,73,172,9,58,135,15,135,114,65,173,125,52,21,160,108,129,138,168,157,44,116,47,40,236,43,141,246,16,80,116,52,36,213,208,217,109,139,144,86,69,32,106,183,0,174,0,73,141,118,121,44,149,174,110,98,31,173,125,114,116,255,241,163,110,0,164,134,96,31,100,255,122,49,40,180,252,98,26,174,255,149,33,4,255,127,255,148,219,106,0,187,148,0,197,151,156,228,255,82,0,151,136,247,0,200,255,0,182,147,25,0,0,138,62,0,255
160,9,168,58,207,111,162,103,155,222,78,192,65,220,55,112,163,30,107,134,93,200,37,43,80,171,105,212,166,185,228,0,72,30,0,239,54,147,255,0,142,148,22,0,155,201,255,153,221,69,148,63,8,156,233,0,217,0,71,115,173,164,113,144,123,33,78,36,216,126,130,195,219,255,167,133,0,255,141,138,0,7,255,230,60,0,61,231,127,17,236,255,153,0,0,255,97,255,228,255,81,0,196,87,0,151,118,57,255,226,0,66,110,79,213,0,168,206,0,93,211,92,0,0,49,0,0,255
158,8,169,51,211,81,178,96,157,238,66,174,109,220,34,94,208,61,77,151,120,195,66,51,95,188,62,172,210,185,226,0,40,0,32,255,93,100,255,35,193,204,0,0,199,182,233,111,199,81,95,15,6,131,174,0,144,0,76,115,155,140,87,22,62,0,40,22,210,53,84,154,222,255,104,188,2,255,207,124,0,0,243,212,31,0,98,255,135,13,253,255,116,7,0,255,181,255,171,255,0,0,225,160,0,57,173,0,255,255,0,177,92,36,166,0,167,154,0,94,255,22,0,0,2,0,0,255
154,5,153,61,201,75,115,90,161,203,79,141,124,193,22,62,169,60,112,133,83,183,69,70,117,169,117,142,168,181,169,36,57,14,19,217,98,93,229,29,80,199,3,0,198,177,204,121,139,159,51,39,0,112,147,0,141,0,48,188,116,133,20,96,111,20,67,49,166,31,95,191,195,255,108,84,11,193,188,160,0,43,255,111,72,17,159,255,97,46,154,255,157,33,20,225,102,243,189,255,77,0,107,106,36,212,136,73,255,255,94,255,217,129,177,0,239,235,0,201,255,34,16,0,58,0,0,255
163,16,169,71,209,72,147,93,144,201,79,150,121,178,23,81,190,61,78,140,87,195,79,68,90,155,98,162,200,150,172,41,33,0,59,255,116,93,214,56,158,196,11,14,155,167,173,93,182,158,129,42,49,99,133,9,169,0,87,109,154,129,60,83,112,91,41,35,170,59,73,168,234,255,93,78,20,255,203,141,0,52,232,179,12,27,130,255,153,21,152,255,100,7,11,255,197,230,174,255,146,0,165,152,0,132,128,43,251,227,71,174,160,114,106,0,146,245,0,91,255,51,0,0,77,124,0,255
156,8,158,71,206,104,129,98,157,214,109,161,73,205,86,77,144,69,129,137,92,160,77,66,72,189,149,179,192,192,129,30,117,78,23,200,101,144,211,12,118,163,0,46,176,189,255,145,149,106,111,53,49,128,213,11,203,0,132,159,149,165,17,173,155,65,166,54,212,53,178,135,183,255,102,129,18,224,140,132,3,22,255,115,108,47,88,120,104,52,167,255,154,0,0,255,79,255,141,255,100,0,157,115,33,255,184,160,255,255,52,111,84,110,203,0,227,186,0,208,125,49,0,62,20,0,0,255
157,5,154,62,203,80,140,80,164,213,84,138,128,223,16,41,200,78,101,173,107,163,84,77,141,160,135,144,156,200,156,40,30,36,21,182,131,98,251,27,107,164,6,18,150,104,200,134,206,131,128,14,10,51,185,36,174,0,69,125,90,101,56,40,90,25,97,63,168,108,152,101,255,255,34,79,13,255,147,206,0,91,218,151,60,101,124,214,144,10,160,255,225,0,14,237,131,185,236,255,123,28,182,127,122,144,145,99,255,238,169,255,178,111,102,0,233,226,0,161,146,4,1,0,0,88,0,255
160,12,156,68,207,70,144,98,149,220,93,129,125,176,39,47,183,72,96,175,106,160,100,36,105,145,161,193,211,173,113,14,53,48,35,255,125,77,227,77,156,143,0,78,132,190,214,117,171,120,125,45,57,102,181,0,130,0,91,129,123,180,0,60,114,75,101,68,111,74,91,143,255,255,104,150,23,203,112,160,101,88,255,172,70,53,106,189,85,29,100,255,107,0,22,253,161,164,154,255,58,0,125,187,39,237,138,65,255,203,53,160,71,144,176,0,176,94,0,174,158,0,0,49,40,41,0,255
161,10,176,58,193,95,176,96,145,236,63,166,105,194,77,77,122,81,112,140,99,184,60,55,81,179,68,221,168,206,191,0,64,91,17,255,96,46,255,58,177,165,0,21,198,237,192,152,181,48,192,69,16,117,116,0,200,0,59,172,160,131,53,154,112,29,54,144,146,43,84,167,191,255,150,139,31,255,255,174,76,22,255,255,99,0,47,167,162,21,255,255,159,7,0,255,157,228,164,255,13,0,130,164,0,56,140,0,255,179,0,226,96,0,65,0,149,202,0,68,214,63,0,0,0,18,0,255
159,13,160,68,192,51,150,88,145,237,86,112,167,193,46,33,182,79,110,168,114,164,128,45,117,133,169,230,214,191,56,0,55,12,80,255,130,61,254,135,169,125,0,154,156,196,210,73,144,178,152,24,114,71,132,0,153,0,151,170,139,198,11,34,126,20,122,43,172,0,99,118,247,255,87,173,47,208,139,201,49,98,253,201,78,55,122,255,202,25,123,255,12,23,11,161,185,157,90,201,93,0,167,233,0,210,138,48,255,255,66,112,8,111,183,0,199,98,0,107,255,0,0,28,7,91,0,255
154,4,162,55,198,85,148,85,172,237,66,155,110,199,23,66,159,52,100,162,117,200,84,51,106,150,101,183,183,206,174,31,34,17,0,244,75,80,255,1,94,199,0,0,206,174,174,118,197,104,129,20,0,116,130,0,161,0,34,160,106,102,16,119,106,0,72,66,208,86,71,179,180,255,89,115,0,255,142,216,0,31,255,189,105,0,126,255,191,52,255,255,119,64,0,207,121,252,229,255,62,0,167,216,0,156,96,68,255,197,10,222,228,107,172,0,255,255,0,119,255,10,0,0,0,0,0,255
163,9,167,75,193,102,123,86,144,223,111,158,47,157,71,79,145,48,135,146,57,185,103,55,84,172,112,149,166,176,132,58,105,98,42,151,69,149,171,8,123,168,0,19,173,167,253,115,163,120,157,53,55,145,211,42,238,1,74,129,202,127,0,177,109,137,176,32,234,198,92,107,255,232,76,112,0,255,134,131,41,57,234,114,78,84,92,211,124,128,216,255,179,40,60,255,61,217,155,255,155,0,167,134,6,153,117,185,255,255,65,22,152,87,186,21,178,170,0,152,59,59,12,56,188,0,0,255
156,7,159,64,195,84,118,82,175,224,97,108,127,207,42,63,175,90,130,160,85,163,67,88,151,176,140,180,176,221,151,64,72,31,47,185,146,127,212,19,80,170,0,49,160,175,221,102,144,150,123,54,29,56,98,20,215,11,87,175,142,154,28,106,120,19,95,61,162,37,137,185,201,255,57,83,53,255,213,192,0,46,229,165,136,59,139,251,177,53,238,255,173,103,37,226,50,149,150,255,116,1,95,102,95,169,136,124,255,255,82,255,125,124,114,0,199,213,0,225,244,19,0,0,71,0,0,255
155,6,157,53,211,77,154,96,163,222,75,150,120,187,5,67,216,66,95,182,117,183,80,67,144,123,125,163,206,164,172,6,25,4,28,246,117,79,255,35,130,220,0,23,194,156,196,94,198,119,89,1,27,124,163,0,125,0,97,162,128,152,67,78,77,0,82,61,175,46,133,141,207,255,126,139,0,238,156,125,0,40,255,128,14,15,105,255,121,73,97,255,131,20,16,245,138,223,238,255,90,0,156,255,25,136,168,62,255,255,55,231,165,90,147,0,184,184,0,212,181,0,0,13,0,23,0,255
157,7,173,52,219,103,178,100,151,225,70,195,107,201,36,119,186,65,132,140,85,209,41,58,107,139,68,224,199,222,250,0,30,55,9,255,87,61,255,21,151,172,32,0,162,207,210,173,237,21,172,79,10,119,77,0,199,0,55,204,198,162,161,83,71,0,35,83,182,93,126,198,218,255,163,186,0,255,203,151,0,0,255,255,62,0,86,255,225,61,255,255,215,49,9,245,120,255,222,255,0,0,241,158,0,0,163,0,255,155,0,237,74,97,207,0,210,255,0,35,230,64,0,0,0,0,0,255
157,7,171,59,213,101,169,89,161,238,78,190,96,224,43,102,177,48,117,146,94,195,65,83,72,158,89,198,179,229,225,0,37,64,0,255,106,108,255,25,162,138,0,18,217,205,252,159,255,22,140,70,0,147,131,0,179,0,93,155,182,174,138,89,74,0,43,86,151,71,118,194,202,255,165,195,0,255,145,106,1,0,255,255,65,0,71,225,166,0,245,255,147,66,0,255,125,249,191,255,14,0,196,255,0,21,146,0,255,166,0,182,180,120,218,0,221,223,0,136,222,0,0,0,0,0,0,255
160,8,172,53,206,99,199,102,148,241,60,206,81,219,55,111,128,70,74,117,98,192,78,60,77,170,89,213,217,192,221,0,123,41,23,255,79,130,255,46,214,108,11,72,143,224,198,137,214,63,131,40,16,159,190,0,229,0,113,93,148,167,127,158,115,0,111,54,254,36,143,154,213,255,183,171,20,255,137,127,40,8,255,255,10,0,36,217,189,29,255,255,116,20,0,255,231,255,172,255,90,0,255,157,0,48,156,0,255,210,0,167,53,61,201,0,125,156,0,44,213,57,0,15,0,0,0,255
156,3,160,68,196,79,114,91,151,185,107,107,126,176,42,75,177,66,129,162,67,190,57,78,110,164,118,135,152,172,178,86,98,48,82,169,108,96,173,0,105,180,19,31,116,139,186,93,126,136,102,52,67,119,133,51,209,29,96,202,159,113,34,108,127,96,51,40,141,75,76,147,232,255,73,138,23,241,181,186,0,76,211,120,49,59,93,245,136,110,178,255,212,66,57,251,49,138,118,255,136,0,84,67,76,141,176,107,251,255,130,229,241,176,149,0,237,212,0,215,210,118,87,0,174,0,0,255
155,6,161,57,198,77,133,84,158,201,92,124,120,178,36,70,181,69,126,171,79,184,72,71,112,166,94,143,179,193,149,39,50,32,47,213,97,73,226,7,92,212,0,0,164,136,161,112,172,170,106,7,0,106,150,18,188,0,42,172,128,113,25,129,102,32,67,44,175,41,62,166,208,255,37,99,0,239,189,185,0,37,249,155,57,9,130,255,174,97,177,255,167,79,45,223,72,205,208,255,71,0,138,152,76,142,109,21,255,255,119,255,255,146,129,0,252,255,0,200,197,54,18,0,95,0,0,255
157,13,157,59,219,84,159,98,160,228,95,140,128,207,32,75,209,66,92,165,102,181,71,65,113,144,158,195,218,181,136,0,48,11,43,245,106,112,242,58,137,153,0,62,166,199,223,91,180,134,126,36,25,79,144,0,127,0,143,98,121,160,50,40,65,46,53,55,163,31,139,114,225,255,95,110,35,255,145,150,0,65,255,164,63,68,90,255,150,8,135,255,83,40,2,255,130,206,179,255,136,0,153,187,27,171,144,99,255,233,24,137,36,91,157,0,167,177,0,233,200,0,0,0,59,61,0,255
155,9,163,48,213,67,153,104,174,250,85,156,138,196,39,83,225,81,71,166,128,204,117,58,127,92,190,244,255,207,79,0,60,0,72,255,141,95,255,48,206,126,0,168,179,245,255,39,160,124,152,37,62,66,127,0,130,0,206,156,159,243,45,40,36,0,153,51,222,0,173,76,178,255,153,213,18,255,142,134,0,20,255,117,22,14,132,255,174,79,121,255,0,89,89,226,124,255,163,255,94,0,189,248,0,135,201,136,247,255,0,83,0,109,199,0,205,173,0,255,255,0,0,0,20,0,0,255
152,3,162,63,201,105,152,93,168,217,81,142,73,223,89,118,153,84,138,141,116,170,63,123,80,178,158,195,184,191,174,0,116,63,38,214,98,135,255,0,92,112,0,92,162,220,254,134,162,173,163,75,72,119,198,0,195,0,169,212,119,152,40,199,194,27,152,117,255,0,206,129,143,245,155,122,54,255,203,112,0,1,246,149,94,66,21,97,186,108,199,255,97,39,0,255,33,218,149,255,87,0,146,186,67,217,130,92,255,255,88,228,19,78,255,0,255,255,0,255,136,72,0,10,0,0,0,255
157,5,153,68,216,96,143,110,173,203,86,173,107,194,21,68,192,45,94,132,98,184,119,76,85,141,195,181,192,188,125,40,73,31,24,225,99,141,255,12,157,142,7,108,161,208,235,108,168,96,95,22,31,101,136,0,115,0,154,131,111,153,84,82,118,12,122,81,175,46,211,100,215,255,181,170,0,175,110,117,22,90,255,145,63,34,148,255,151,0,134,255,87,0,30,255,121,255,207,248,132,7,210,178,0,227,214,138,255,171,95,115,72,177,228,1,228,194,0,222,195,26,0,80,28,6,0,255
156,8,158,71,221,86,150,105,164,220,108,169,117,221,54,59,216,77,116,150,97,150,57,71,127,151,185,195,227,188,101,2,58,15,7,217,164,151,240,40,105,124,0,99,188,168,244,135,196,94,117,0,51,80,111,0,96,0,166,155,148,215,33,0,146,8,160,122,151,46,185,122,255,255,78,168,28,196,116,134,0,23,227,135,90,55,132,255,129,7,88,255,165,9,6,255,108,255,185,229,104,20,255,173,80,172,205,127,255,145,145,146,0,88,192,49,213,255,0,171,184,0,0,16,15,105,0,255
156,6,164,59,203,65,176,88,169,241,87,139,123,209,39,46,189,74,108,180,127,136,105,51,133,141,140,219,250,214,81,0,27,6,33,255,131,77,255,76,110,133,0,82,205,195,192,100,215,152,142,0,37,64,128,0,143,0,96,97,82,183,0,58,146,0,125,83,220,9,133,77,229,255,47,145,14,255,160,173,0,25,255,223,71,19,127,242,180,23,149,255,109,0,0,239,197,251,198,255,52,0,250,255,64,155,127,27,255,204,79,168,0,58,138,0,205,180,0,203,149,0,0,11,0,97,0,255
153,6,151,69,207,74,133,98,159,211,114,154,117,212,58,51,168,66,127,138,93,160,69,61,125,178,143,170,203,184,121,37,63,23,19,193,157,123,231,61,139,171,3,54,141,156,242,141,163,127,129,0,53,83,164,2,142,0,115,189,139,112,24,63,152,12,156,28,181,78,179,155,243,255,103,122,18,243,135,173,0,23,223,112,88,74,123,213,96,8,158,255,166,42,0,255,163,198,176,255,117,28,223,121,133,190,197,82,255,255,167,237,58,109,176,23,255,184,0,147,121,6,0,32,38,110,0,255
155,9,167,53,214,91,172,104,163,255,64,203,107,220,9,104,189,71,95,149,114,202,94,52,108,116,148,254,243,199,135,0,49,6,49,255,103,104,255,35,181,162,0,157,184,243,255,95,229,63,159,3,38,110,137,0,192,0,138,135,177,232,122,42,46,0,129,47,255,27,191,167,162,255,145,125,0,255,122,199,0,0,255,223,32,0,83,255,255,0,137,255,0,0,0,219,164,255,138,255,117,22,255,252,0,157,120,40,255,204,18,76,90,130,255,0,255,226,0,202,220,0,0,88,0,36,0,255
158,10,164,63,216,107,153,102,157,218,72,187,81,224,51,117,158,62,118,130,87,210,67,55,42,195,119,203,170,179,184,0,88,20,55,238,64,161,255,0,166,167,25,77,115,202,255,134,192,89,115,95,34,139,227,26,195,0,141,129,194,165,130,118,102,49,146,0,255,53,159,161,226,255,179,141,0,255,152,131,0,46,255,187,28,36,65,225,129,27,167,255,135,0,0,255,92,255,143,255,102,0,189,86,0,216,177,106,226,236,0,45,121,108,231,12,224,197,0,158,212,99,0,76,64,0,0,255
155,8,156,58,229,98,159,107,155,212,81,157,141,215,8,59,213,93,117,183,120,173,50,70,147,134,129,172,191,151,205,17,30,42,11,209,111,101,255,20,130,220,6,0,128,117,159,134,210,77,140,15,35,81,128,27,137,0,54,184,154,58,92,56,76,35,90,117,105,143,162,106,255,255,93,72,0,246,118,207,0,43,237,169,9,94,150,255,163,38,128,255,223,49,0,255,158,255,255,255,65,0,218,170,63,137,223,91,255,193,154,255,103,61,132,0,199,228,0,134,106,20,0,0,39,23,0,255
154,4,151,58,194,64,105,87,169,213,83,105,151,198,35,37,169,118,112,155,91,159,86,91,182,160,154,162,136,177,154,88,65,34,52,194,163,84,195,52,90,177,6,66,144,141,175,104,110,175,116,8,0,36,110,0,140,18,97,206,104,102,7,75,74,28,109,76,147,16,124,111,228,255,68,52,66,216,172,195,0,81,234,101,94,66,224,255,123,63,149,255,207,83,84,196,92,103,204,255,130,15,79,95,111,220,131,82,255,255,176,255,220,138,80,0,255,231,0,255,175,5,63,0,81,42,0,255
155,6,152,63,213,84,128,96,146,207,86,134,135,198,42,48,192,81,114,156,99,169,56,60,134,188,110,147,160,159,191,47,29,48,0,189,126,103,177,34,133,222,25,0,128,110,191,146,158,99,119,18,29,84,164,57,139,0,30,174,129,80,33,52,84,70,58,57,105,132,105,163,255,255,68,82,28,253,179,212,2,16,227,151,49,53,130,241,122,56,170,255,228,20,6,223,150,189,204,255,82,0,150,94,144,142,162,57,255,217,172,255,223,106,131,0,255,195,0,100,154,82,76,0,37,50,0,255
156,1,158,61,200,95,134,90,156,217,100,154,114,213,51,77,147,82,117,152,89,194,72,105,97,173,103,138,188,181,158,32,73,58,71,180,114,129,249,2,116,193,0,61,196,169,223,120,132,117,124,44,0,118,172,0,177,0,131,180,142,95,43,103,62,58,109,40,255,10,82,132,178,255,33,94,16,255,151,184,0,21,239,123,85,64,168,246,161,56,188,255,164,76,0,229,79,255,153,255,121,16,150,125,8,181,108,81,255,255,58,156,190,193,133,0,255,247,0,234,221,0,0,10,59,0,0,255
158,7,167,69,201,97,142,92,159,218,90,188,69,201,79,95,143,48,131,124,84,194,82,70,59,173,119,188,161,196,162,2,88,65,51,219,91,126,255,6,138,139,0,55,174,212,255,151,166,110,141,75,25,153,169,0,217,0,145,170,160,158,95,175,121,29,167,30,255,18,150,182,222,255,159,167,0,232,152,85,0,36,255,151,43,40,53,176,138,42,237,255,105,37,0,255,80,241,129,255,117,0,192,158,19,152,129,34,255,255,1,56,135,59,253,0,224,248,0,199,160,102,0,45,35,0,0,255
155,9,153,68,204,86,123,89,174,214,103,144,104,177,37,61,180,73,125,155,85,177,110,74,128,132,178,173,174,202,148,66,56,35,5,226,145,123,212,45,88,164,0,53,206,161,210,116,176,126,124,17,8,70,143,0,145,0,114,160,118,114,8,87,107,41,116,81,183,75,187,104,216,255,127,145,12,184,142,86,0,64,255,72,91,76,178,240,122,12,155,255,117,58,28,255,91,176,224,255,120,0,123,195,9,196,216,184,255,255,111,155,103,96,160,0,255,206,0,255,102,0,0,0,50,70,0,255
153,4,157,64,195,57,166,87,178,237,90,134,108,225,47,40,171,83,111,168,120,130,85,45,130,143,151,215,222,205,79,0,59,0,34,235,157,109,251,77,102,146,0,98,236,252,216,109,180,161,129,0,12,65,157,0,128,0,89,105,79,166,0,84,174,0,158,90,185,0,155,71,170,255,79,99,23,255,131,161,0,42,255,223,125,0,168,209,131,0,156,255,84,41,5,255,224,198,181,255,102,0,231,242,66,243,140,74,255,209,122,161,0,1,122,0,245,186,0,255,118,0,0,36,0,90,22,255
154,9,163,46,204,50,170,87,183,255,87,157,136,209,24,43,209,76,54,167,138,179,108,60,147,99,200,255,255,214,22,0,63,0,86,255,159,101,255,92,233,94,0,233,201,255,255,10,144,147,169,0,36,67,163,0,121,0,250,107,113,255,0,48,52,0,213,42,255,0,180,35,153,255,130,188,38,255,72,146,0,36,255,168,71,19,137,255,223,36,116,255,0,102,96,221,187,242,142,255,138,0,226,255,0,229,183,106,255,255,0,61,0,87,172,0,203,125,0,255,240,0,0,33,0,88,0,255
154,0,163,67,198,86,112,92,179,214,110,134,122,214,81,76,134,123,163,128,77,171,114,138,102,152,120,174,175,237,110,27,64,121,75,177,186,128,255,57,95,171,0,137,255,233,255,159,132,132,131,56,0,54,79,0,195,89,158,240,141,140,55,118,59,0,175,119,255,0,154,147,113,255,96,76,56,173,240,207,0,17,250,82,113,79,119,198,107,0,156,255,123,53,10,255,5,255,124,197,82,14,168,194,122,176,161,58,255,255,137,255,161,170,75,0,255,255,0,255,169,0,0,0,0,0,0,255
154,4,159,63,210,99,168,88,168,234,88,181,77,230,58,100,158,56,128,144,114,180,68,65,83,184,114,205,196,193,178,0,69,58,19,229,108,141,255,0,138,131,0,62,184,173,255,169,201,92,139,33,35,122,194,0,196,0,127,155,118,134,97,135,167,0,142,61,255,49,185,149,178,255,100,152,0,255,82,125,0,0,228,208,87,40,35,160,168,0,255,255,95,10,0,239,149,255,154,255,90,22,255,130,0,161,162,0,255,239,40,140,42,152,250,0,255,192,0,134,133,0,0,41,0,0,0,255
155,4,148,65,202,88,117,90,159,215,107,132,134,217,30,46,202,93,121,161,100,190,110,108,135,162,150,141,130,215,152,66,21,26,41,162,165,109,222,49,90,206,56,62,143,124,249,180,186,114,127,0,0,12,178,1,152,0,69,91,107,62,55,63,80,30,90,40,200,96,160,92,250,255,64,85,0,221,158,230,0,76,233,81,98,101,214,219,141,5,111,255,202,0,0,246,104,178,254,255,146,47,197,94,75,128,186,115,255,225,184,255,172,151,83,0,255,255,0,205,136,2,0,0,58,32,0,255
156,8,159,63,209,81,141,102,177,218,98,138,113,219,53,75,185,109,113,146,108,167,106,86,101,134,165,209,221,227,98,11,70,35,45,238,180,109,255,53,125,139,0,133,194,204,255,104,170,144,135,0,25,77,118,0,159,0,173,163,123,201,36,60,72,13,151,97,219,0,172,131,189,255,115,153,74,217,186,145,0,70,234,115,78,39,120,240,106,0,127,255,93,14,32,255,84,255,158,214,104,0,223,192,78,191,196,97,255,237,88,207,48,112,110,0,255,239,0,255,207,0,0,24,12,24,0,255
156,7,161,60,208,72,175,84,165,241,93,137,130,243,47,49,194,83,98,161,130,135,62,82,119,173,131,194,227,194,115,0,59,2,53,234,170,133,237,74,132,135,0,95,215,216,218,105,199,136,112,0,13,63,131,0,125,0,146,96,115,176,20,62,122,0,99,110,164,0,137,82,182,255,65,122,63,255,153,139,0,24,249,206,103,31,120,217,131,0,180,255,85,50,0,255,191,204,143,255,103,0,207,231,95,200,192,18,255,255,55,235,0,31,74,0,189,184,0,232,218,0,0,0,0,70,0,255
155,3,140,77,200,71,80,101,146,199,131,51,149,209,83,44,150,132,143,135,57,139,107,108,173,184,164,149,90,167,141,132,89,101,107,114,138,102,141,71,124,149,71,98,75,104,250,175,71,135,128,50,87,14,190,115,212,26,106,162,128,108,54,83,86,113,70,29,151,61,120,90,204,140,106,65,127,217,210,229,1,49,205,53,56,99,173,212,115,69,117,202,154,13,59,173,43,44,151,178,153,72,165,0,113,220,159,74,255,255,255,255,170,137,93,0,255,255,0,213,133,142,43,0,132,91,49,255
155,1,146,67,209,96,106,90,152,198,88,131,139,217,42,44,194,98,135,163,89,145,75,108,151,168,154,129,134,182,178,64,53,75,39,146,124,131,207,2,75,192,62,25,153,82,255,178,145,141,112,64,0,27,210,46,192,0,71,171,105,126,88,66,70,74,92,66,170,104,167,89,225,255,30,46,21,222,169,221,0,56,213,97,80,101,164,188,126,18,56,255,229,0,0,206,60,191,193,236,89,80,150,47,140,145,176,73,255,216,217,255,223,237,118,0,255,255,0,193,123,89,45,0,48,2,0,255
155,6,151,72,197,82,132,72,151,205,91,185,68,205,44,88,152,31,126,97,80,207,88,40,60,173,128,175,119,177,172,37,87,36,35,226,103,129,252,13,121,121,66,21,143,186,255,174,156,136,121,44,0,132,210,0,209,0,97,152,99,84,124,146,154,43,99,0,241,73,152,126,227,253,159,141,0,222,88,90,0,136,255,152,102,60,149,202,134,0,255,255,137,65,0,255,120,220,193,255,133,22,201,63,0,159,183,64,251,255,92,51,93,110,255,32,255,255,0,139,104,33,0,32,82,0,5,255
151,15,149,62,242,79,117,110,169,200,98,102,177,178,4,60,197,93,148,164,67,217,58,146,161,85,165,181,128,100,182,122,68,111,43,183,101,97,204,31,127,188,0,95,112,174,89,87,113,187,144,63,88,142,95,35,196,0,72,249,198,79,54,112,93,67,63,133,164,38,179,103,170,177,179,85,54,137,175,178,0,120,231,110,13,127,107,255,164,46,84,247,158,114,14,223,0,77,255,255,235,0,99,141,100,255,200,110,199,255,228,255,134,142,237,32,157,165,0,255,72,0,0,46,169,0,0,255
151,7,159,46,209,72,124,90,175,211,75,136,151,195,60,99,126,121,146,116,107,177,36,116,150,118,178,250,175,143,145,36,75,69,86,229,135,70,255,0,125,153,0,126,196,249,175,100,96,193,201,62,0,56,50,0,181,0,142,255,157,128,32,94,61,0,128,126,255,0,126,177,62,251,120,126,109,196,222,142,0,114,255,133,96,98,124,255,182,69,224,199,11,201,62,255,0,192,153,255,110,0,109,171,65,246,171,0,253,255,96,255,127,97,189,0,255,255,0,255,207,0,0,0,0,0,0,255
154,20,149,60,249,73,111,107,146,188,98,80,165,151,0,64,190,92,130,128,62,221,75,112,173,95,94,150,134,68,223,146,85,113,51,216,105,26,159,93,152,184,0,44,117,185,70,99,73,170,97,103,95,181,105,82,212,0,49,247,179,10,36,87,106,121,9,114,150,106,106,110,247,84,175,88,43,98,179,114,60,123,255,86,0,102,118,255,127,103,134,255,172,78,0,255,0,113,255,255,234,0,34,144,114,255,225,73,146,255,232,255,130,115,215,53,41,60,51,255,25,28,0,38,195,0,0,255
156,7,151,66,213,73,62,85,168,178,77,77,90,179,79,75,169,55,108,142,23,227,81,101,171,176,91,133,100,144,147,211,138,53,69,165,66,66,148,37,102,161,0,69,148,224,213,118,80,131,111,16,13,96,160,62,235,0,186,184,112,169,43,64,94,160,113,0,84,84,0,60,165,186,228,166,99,223,206,132,48,73,255,0,0,15,94,164,98,92,100,186,127,62,132,165,0,194,178,236,108,3,31,0,108,255,47,49,238,255,222,194,255,151,136,153,188,163,0,255,255,45,12,115,113,95,45,255
160,12,171,85,187,70,61,65,149,164,56,113,33,155,74,102,171,0,106,111,0,255,60,83,108,172,76,108,90,143,144,167,205,0,58,103,3,81,153,33,74,210,0,32,173,255,199,66,116,146,139,22,13,149,179,72,220,0,184,164,155,177,0,116,178,160,174,0,76,125,0,27,203,211,255,138,0,202,184,45,22,120,255,0,6,26,72,145,51,149,124,255,134,96,117,254,27,255,219,120,38,0,24,16,57,255,11,121,221,255,233,85,201,0,200,52,90,162,0,255,247,96,0,90,185,140,118,255
153,20,150,75,237,59,77,79,181,165,61,81,125,176,52,90,182,79,131,84,0,255,87,99,152,168,58,189,94,138,174,220,130,72,0,178,51,17,78,132,89,204,0,43,129,255,85,117,112,128,175,38,25,146,114,123,255,0,160,243,192,147,14,0,125,154,62,0,82,63,0,89,255,190,255,225,136,148,206,62,129,83,255,0,98,0,114,177,82,49,93,183,214,165,34,212,0,116,255,116,60,0,0,48,116,255,108,41,202,255,255,255,163,152,202,222,9,56,0,255,185,93,76,71,249,119,165,255
155,26,159,79,238,65,60,70,158,174,85,50,103,160,59,104,177,70,149,111,0,255,112,122,126,193,54,180,89,153,151,204,147,32,0,166,49,40,55,180,74,197,0,107,137,223,135,154,161,153,153,109,82,103,82,111,255,0,172,255,173,175,13,61,187,225,93,0,125,0,37,113,201,105,255,198,160,122,224,18,130,71,255,0,73,40,100,125,68,0,55,174,181,129,43,205,25,161,255,8,0,0,0,23,166,255,193,141,212,255,239,246,102,120,178,255,0,0,0,255,183,202,62,134,255,74,255,255
154,15,151,76,217,64,86,88,171,186,90,77,124,165,49,79,154,71,130,111,6,255,107,101,143,159,78,161,111,130,167,172,108,101,38,157,62,38,126,106,107,205,8,50,158,239,136,118,83,126,133,54,20,127,85,87,230,0,110,212,150,120,0,50,124,138,65,0,161,83,24,106,210,182,189,124,118,165,191,108,109,53,255,40,90,30,77,186,93,23,133,220,170,103,19,221,44,127,181,239,121,8,74,6,67,255,98,62,235,255,250,232,226,119,198,130,65,121,0,255,155,57,27,55,240,76,159,255
153,18,145,67,236,69,93,100,154,183,92,66,155,163,43,71,167,84,120,107,39,228,93,107,169,110,134,163,87,99,191,145,92,119,79,190,114,42,115,88,139,163,14,56,116,201,154,78,47,152,89,94,54,147,97,94,255,0,72,219,165,88,27,82,108,105,43,60,170,73,78,109,243,128,154,118,97,134,225,114,39,143,255,94,39,68,80,255,89,59,168,235,157,62,0,233,0,123,235,255,212,0,28,107,78,255,162,78,141,255,231,255,181,147,212,30,108,92,1,253,104,23,0,41,198,0,0,255
152,1,159,72,188,84,123,92,171,213,101,140,109,214,59,83,149,77,131,133,90,214,106,132,89,165,144,146,167,217,141,44,75,70,44,210,108,142,245,0,96,120,0,100,204,243,236,124,112,140,120,24,19,91,178,0,176,4,159,183,106,115,3,165,120,29,182,89,255,0,138,120,123,245,103,129,7,255,144,217,0,47,255,145,83,56,153,226,216,35,164,255,33,92,32,241,64,233,157,248,117,7,188,221,0,193,103,128,255,246,170,172,145,140,255,0,255,255,0,255,198,0,0,0,11,0,0,255
162,13,150,63,221,93,142,96,159,216,76,155,87,196,7,100,169,36,107,125,73,202,120,61,57,148,149,187,141,158,211,65,83,32,3,241,27,119,211,16,149,166,54,52,142,191,246,131,184,126,89,80,13,102,225,36,186,0,54,101,201,75,105,76,104,51,39,2,141,158,181,133,255,222,196,88,0,184,178,88,18,178,255,141,26,66,118,195,82,0,113,255,98,11,17,255,178,191,164,255,131,0,91,121,0,186,148,155,244,209,40,151,132,51,255,0,141,206,0,198,129,0,0,76,195,0,0,255
152,12,141,56,240,87,110,104,149,201,119,89,167,195,59,65,172,104,130,160,105,136,24,122,207,57,248,209,127,76,166,80,102,115,96,191,138,99,180,51,127,148,0,81,108,177,161,102,121,170,190,76,63,74,94,12,168,0,210,255,130,112,54,98,5,100,135,127,221,0,212,119,130,179,117,64,177,131,77,132,0,157,247,43,36,190,67,168,159,130,129,228,102,173,24,255,0,32,171,232,237,0,87,214,154,255,209,114,255,255,173,255,88,114,223,0,255,224,0,242,114,0,0,0,65,0,0,255
154,8,170,36,211,53,158,102,196,255,85,123,150,205,44,78,179,124,96,160,160,146,145,102,147,84,217,255,255,205,0,0,108,12,131,255,91,54,255,101,206,92,0,255,219,255,229,42,119,255,217,69,76,0,147,0,38,0,255,245,123,221,0,77,36,0,236,110,255,0,255,0,77,255,200,159,104,203,207,148,0,97,255,126,71,43,168,199,168,145,24,255,0,97,210,215,33,198,80,214,164,0,154,255,70,255,216,52,255,255,0,155,0,0,153,0,222,215,0,255,207,0,0,0,0,0,33,255
152,12,142,60,234,80,102,100,146,202,106,99,177,168,13,51,207,86,154,144,83,193,80,98,171,74,162,188,140,113,183,96,46,85,75,250,159,67,207,59,128,201,18,67,158,188,179,125,139,132,135,51,58,59,104,14,163,0,72,250,198,62,38,0,60,54,39,118,218,33,185,118,220,214,134,58,55,70,226,136,0,56,243,36,0,140,136,255,136,49,148,246,190,46,0,226,5,190,192,238,223,8,101,120,93,255,231,147,249,255,242,255,80,102,176,0,254,226,0,216,132,0,0,0,99,0,0,255
151,0,155,68,191,70,89,102,178,205,104,104,132,235,73,64,129,91,131,132,89,181,124,121,137,145,155,134,162,228,131,81,85,99,89,219,126,119,255,14,84,121,0,104,204,244,255,117,65,150,122,0,35,41,161,0,160,33,185,255,110,102,20,136,118,61,170,99,255,0,215,116,117,226,103,118,54,182,200,177,0,28,255,117,163,30,190,240,140,39,144,214,16,80,46,255,10,161,143,255,90,30,107,147,0,220,182,74,255,255,159,255,153,148,165,0,255,255,0,255,205,12,0,0,50,0,57,255
154,8,158,59,216,106,147,93,154,220,105,165,108,210,108,112,131,115,148,122,100,170,38,104,101,179,153,221,190,142,135,39,106,101,77,201,110,139,255,23,136,128,0,123,127,187,222,176,113,151,168,75,58,127,144,0,194,17,199,229,183,114,48,199,114,55,180,70,255,0,155,146,122,252,125,143,55,214,117,109,0,44,255,147,85,78,116,172,156,47,234,251,105,159,0,255,56,167,108,255,185,0,167,131,111,235,133,46,255,255,101,191,52,131,194,0,234,213,0,211,118,0,0,26,51,0,0,255
150,11,142,73,230,80,94,107,168,188,113,94,160,186,59,57,160,75,145,128,51,215,121,142,136,64,211,181,108,131,150,143,83,107,117,212,143,110,186,26,136,175,0,181,221,255,223,75,80,137,139,35,38,61,76,0,173,0,119,217,169,56,61,68,106,0,75,120,246,0,200,57,132,255,179,106,98,59,200,122,0,142,255,89,90,133,139,255,134,0,102,196,30,142,0,255,0,129,170,255,255,126,126,178,42,255,225,123,248,255,231,251,151,134,216,138,192,219,0,255,139,0,0,52,51,0,0,255
151,12,158,45,231,88,135,102,160,220,93,156,130,187,102,142,131,109,108,131,77,202,28,121,156,116,177,221,181,98,164,68,101,99,101,240,129,77,255,9,202,169,0,160,189,255,167,85,137,165,215,55,36,119,72,0,152,0,223,255,194,92,69,108,22,16,114,134,255,0,176,139,71,255,174,142,139,216,173,45,0,106,255,92,91,108,108,243,154,88,242,235,0,255,9,255,0,168,160,255,213,0,55,255,44,217,176,0,219,255,70,255,102,105,227,0,240,226,0,255,177,0,0,9,51,0,0,255
155,16,149,59,235,74,124,116,155,200,103,97,160,181,27,64,193,114,118,167,92,179,59,87,155,106,163,183,119,93,182,97,85,77,54,173,140,79,175,82,167,191,0,67,68,140,108,79,111,152,133,76,81,107,105,62,160,0,110,239,154,68,59,70,20,135,77,102,141,36,145,87,212,180,164,84,98,168,131,175,13,185,217,61,0,155,105,255,118,89,105,244,179,129,62,255,44,111,207,237,221,0,107,67,133,255,224,126,229,255,219,255,165,15,123,0,166,133,1,255,14,5,0,13,194,24,0,255
153,3,157,55,214,93,140,95,163,232,86,192,111,199,60,99,138,81,124,124,113,197,60,105,117,132,131,214,200,167,166,22,33,87,43,243,142,145,255,32,143,188,0,67,237,222,255,161,167,94,159,26,0,105,109,0,175,0,145,223,173,116,87,115,66,0,148,69,255,0,138,151,87,255,119,143,13,236,147,151,0,25,255,118,41,36,134,240,166,0,230,255,51,100,0,251,121,255,156,255,131,0,249,219,0,174,142,0,255,255,69,206,125,175,203,0,255,243,0,176,230,0,0,2,0,0,0,255
165,10,173,68,203,105,133,96,149,192,54,187,45,183,37,138,136,10,84,83,62,225,63,62,21,168,103,154,141,127,201,14,129,0,99,202,0,184,252,0,149,156,65,0,130,229,255,85,157,140,88,88,5,163,215,16,222,0,119,72,253,100,50,210,108,173,144,0,214,143,57,135,223,243,242,95,0,254,203,110,0,90,255,123,0,14,113,255,39,43,255,255,145,0,63,255,92,255,180,255,86,0,103,60,0,171,41,177,118,221,42,0,95,35,196,0,75,255,0,216,226,137,0,66,255,0,0,255
155,2,160,67,208,83,95,90,160,175,87,139,101,183,45,77,164,45,111,130,30,228,92,82,91,143,112,133,143,162,153,66,86,59,70,213,75,110,210,11,147,195,0,45,209,211,239,111,145,137,121,40,0,110,179,0,183,0,97,172,161,131,41,73,129,63,105,17,173,62,59,127,205,255,153,112,0,153,164,150,0,52,255,105,25,25,169,255,94,87,131,255,163,58,70,238,35,255,219,255,124,53,104,107,0,208,96,125,200,254,169,168,255,229,186,51,215,218,0,255,209,0,49,64,134,0,0,255
155,13,159,52,229,75,139,102,151,198,85,109,129,181,56,96,193,101,98,148,85,197,84,100,96,178,140,185,172,142,139,49,104,53,79,201,119,78,202,63,197,176,0,97,69,168,182,84,148,150,104,92,89,99,167,25,173,0,139,214,129,112,66,136,84,100,86,61,193,0,124,69,158,217,144,134,68,215,144,137,0,138,255,117,0,28,54,255,160,129,122,248,72,108,0,255,55,188,141,255,129,0,83,169,91,233,148,59,210,255,177,245,160,163,109,0,217,123,0,255,93,3,0,92,175,0,0,255
156,7,152,59,214,65,115,89,146,179,69,123,97,168,44,92,209,33,86,135,65,246,105,71,115,139,84,138,130,133,159,100,78,34,85,246,77,66,177,57,144,196,0,19,178,252,207,105,160,137,96,14,13,105,199,0,195,0,133,149,122,135,36,24,113,85,91,0,173,40,12,19,198,200,197,170,25,196,175,99,0,83,255,0,0,52,82,243,119,97,103,255,103,47,0,241,78,255,239,255,143,20,135,47,0,229,53,75,223,255,194,132,175,92,211,72,121,114,0,241,231,0,0,115,89,0,0,255
155,12,162,76,214,65,55,75,162,169,72,68,87,176,60,98,205,41,111,121,0,255,91,90,125,171,43,137,102,151,154,199,145,47,31,172,23,16,146,87,110,233,0,59,156,248,196,130,112,105,129,29,9,105,135,97,221,0,154,186,132,156,33,24,95,183,75,0,98,98,0,95,214,182,253,175,45,206,181,115,58,48,255,0,61,13,86,168,58,110,95,255,186,92,110,152,0,186,255,134,34,15,43,0,117,200,76,54,199,255,225,235,244,143,174,186,50,91,0,255,255,88,0,129,204,23,99,255
168,14,178,75,192,100,99,73,151,170,71,167,41,169,44,97,188,3,108,119,51,236,54,72,60,144,103,157,94,139,122,79,112,18,99,150,0,139,232,0,128,161,11,0,193,214,255,86,165,190,145,67,36,105,171,27,255,0,140,103,211,149,22,220,122,185,163,0,152,154,74,91,214,225,185,101,0,180,200,79,8,39,255,63,10,25,107,202,48,83,128,255,104,0,111,255,29,255,189,255,91,0,67,85,0,186,19,139,189,255,95,0,108,110,148,0,41,238,0,206,242,157,0,93,159,0,0,255
156,9,166,71,209,69,71,83,152,158,77,95,68,163,78,86,156,43,104,118,2,255,77,105,104,157,76,121,111,128,157,180,167,53,98,121,27,73,161,68,109,251,0,49,148,241,182,95,84,140,140,31,0,141,148,58,216,0,159,193,145,122,24,95,129,183,120,0,152,86,0,31,207,165,226,166,3,171,180,118,39,50,255,0,34,10,90,196,52,178,56,216,189,101,62,239,0,212,206,202,73,1,87,22,135,255,2,28,191,255,255,158,255,157,198,142,100,129,0,255,148,87,3,132,202,27,119,255
152,14,154,57,235,81,112,96,165,195,59,90,147,159,3,76,191,84,131,130,66,205,89,83,152,122,84,186,154,94,184,125,84,81,75,228,84,31,218,48,129,209,0,52,161,220,114,123,95,175,147,99,38,112,111,4,237,0,60,255,137,101,37,88,112,91,15,105,183,64,96,119,202,195,186,96,25,147,240,126,0,63,255,84,15,34,130,255,138,91,120,255,137,76,0,211,0,219,228,255,130,0,34,172,133,255,178,0,182,255,255,255,171,122,195,104,101,161,0,255,40,0,0,60,137,0,0,255
157,17,154,59,224,63,102,88,152,189,88,92,101,167,49,80,166,75,93,133,39,229,92,99,127,162,115,156,118,128,150,148,115,50,32,173,130,49,117,103,144,188,0,55,113,207,129,101,122,172,120,63,49,125,157,91,193,0,103,184,142,109,38,139,93,123,49,24,127,43,63,91,203,159,171,124,60,205,138,153,78,142,255,65,30,12,102,212,136,110,49,207,118,99,30,239,0,151,187,255,171,0,75,94,121,255,80,79,112,255,223,220,188,137,147,45,133,99,0,251,141,13,0,128,150,77,0,255
159,22,151,79,237,73,91,104,154,187,102,86,128,154,6,63,217,50,112,146,36,238,87,117,147,109,130,145,123,105,162,160,79,102,71,172,100,49,161,73,156,162,3,61,141,239,133,61,69,132,71,127,88,164,123,122,239,0,117,230,155,97,40,99,110,162,89,44,113,122,79,127,196,201,160,96,90,131,117,125,62,160,220,52,0,108,3,244,141,99,102,202,82,22,28,255,12,63,136,210,233,0,0,128,84,255,100,135,228,255,223,185,246,101,173,140,83,217,0,246,84,0,0,111,104,10,0,255
156,5,154,66,194,87,124,89,177,214,82,146,120,186,0,59,187,46,120,142,85,202,117,83,73,151,143,153,151,180,123,49,55,19,75,194,60,83,255,9,90,161,6,57,161,205,245,122,155,154,99,51,9,55,146,0,196,0,75,129,76,134,79,152,77,48,93,38,217,57,150,131,186,255,155,87,0,186,185,208,0,100,255,83,25,63,144,218,146,3,141,255,90,0,25,255,64,255,194,255,108,0,157,126,0,207,136,119,255,255,124,119,160,154,154,0,227,255,0,255,195,0,0,22,53,53,0,255
158,17,161,59,218,89,169,114,168,235,61,170,124,190,0,99,217,47,65,140,87,241,104,54,96,128,150,211,203,181,213,0,70,0,74,255,42,63,255,26,250,162,17,116,117,255,250,49,168,86,117,49,11,156,172,0,181,0,104,61,151,148,110,13,50,6,65,0,229,111,156,119,240,255,167,107,0,255,145,126,23,101,255,233,0,32,121,255,219,0,176,255,28,0,0,255,177,255,112,255,99,0,241,212,0,155,117,0,243,175,22,35,59,49,255,0,112,229,0,255,213,0,0,98,134,0,0,255
155,11,150,75,222,81,130,109,154,180,84,123,138,173,0,63,213,53,133,165,72,217,90,115,129,118,131,121,156,139,179,67,17,51,52,175,109,81,235,17,85,213,30,45,110,130,152,108,183,163,39,40,51,111,141,59,190,0,28,183,139,89,71,112,120,67,91,70,166,79,113,144,227,252,83,26,16,159,117,179,0,127,239,106,0,92,46,255,123,6,40,255,153,0,0,243,157,227,210,211,100,0,159,151,16,240,186,105,255,226,209,255,223,231,191,0,244,249,0,173,112,72,0,17,160,62,0,255
154,10,153,51,212,71,125,81,170,214,81,58,132,186,8,69,194,98,144,178,92,158,76,100,139,169,159,190,145,145,137,83,63,69,42,156,107,50,200,99,61,176,0,109,108,138,123,112,134,199,88,79,63,95,147,51,152,7,103,173,143,128,30,168,91,99,101,52,149,26,137,85,214,173,130,127,46,250,150,179,2,79,231,72,53,93,65,225,92,102,80,255,206,3,92,206,40,67,169,249,148,0,100,81,103,255,154,88,222,255,135,255,170,117,128,0,193,105,0,199,128,0,0,0,100,2,0,255
152,2,143,61,209,81,97,100,163,197,106,79,167,184,22,39,199,122,146,167,87,159,94,138,188,111,195,155,116,163,150,107,50,95,107,159,117,75,210,15,83,172,39,91,92,141,206,142,111,174,95,48,35,7,117,38,220,14,90,218,108,107,81,98,44,55,64,72,169,6,140,64,168,205,97,41,73,156,186,232,0,124,254,25,44,146,141,193,152,103,66,236,172,31,84,210,20,100,201,203,138,13,72,98,130,224,192,91,255,255,235,255,221,207,119,0,255,255,0,255,93,0,0,0,92,6,0,255
152,7,156,42,223,78,147,112,189,255,62,175,156,202,0,85,255,69,52,162,131,254,137,93,148,82,224,225,175,156,128,42,16,0,126,255,95,50,255,0,187,178,0,196,135,246,255,87,213,81,87,2,16,41,121,0,155,0,156,108,114,173,82,29,0,0,137,42,255,0,209,90,154,255,193,84,0,234,117,245,0,90,255,23,0,118,87,255,208,0,48,255,0,0,55,229,66,255,187,255,136,28,212,255,0,213,174,159,255,255,58,153,152,117,255,0,255,246,0,255,255,0,0,72,0,4,0,255
162,11,179,55,208,109,133,97,157,219,61,196,48,187,63,132,165,42,108,125,89,235,74,47,17,180,98,213,163,162,208,6,80,31,89,250,0,178,255,0,175,229,34,0,163,235,255,133,183,124,117,123,0,108,238,0,236,0,127,102,234,160,115,111,23,154,122,0,255,40,48,173,207,201,224,164,0,213,255,133,0,14,255,58,0,52,95,255,71,98,229,255,140,0,83,255,0,255,135,255,0,0,154,74,0,156,30,55,154,255,42,0,168,38,248,0,141,235,0,255,255,58,0,0,116,0,0,255
155,6,157,46,237,83,148,94,162,219,65,146,152,162,0,60,255,58,116,175,124,194,102,77,144,100,111,168,198,147,210,19,0,14,75,255,89,8,255,20,155,255,25,0,181,146,198,123,233,86,58,76,0,79,118,0,153,0,31,176,154,104,118,0,0,51,16,69,206,106,129,109,221,255,98,102,0,146,184,127,0,48,255,25,0,101,105,255,204,91,43,255,125,0,20,254,25,255,157,255,0,0,155,255,0,94,255,7,255,255,149,255,208,105,250,0,238,255,0,255,155,0,0,0,14,0,0,255
155,4,149,56,215,77,105,101,154,188,99,92,153,184,7,53,225,122,127,187,97,171,102,93,137,123,157,133,113,181,146,76,66,54,83,135,142,71,182,66,90,223,36,39,59,86,183,133,121,186,103,88,46,53,180,92,199,31,64,166,120,99,124,127,32,101,56,21,121,61,165,64,255,197,78,82,25,195,141,255,0,167,205,34,0,124,136,228,157,183,11,255,255,16,88,221,29,109,222,246,199,0,117,29,177,181,190,122,255,254,240,255,255,120,101,0,240,255,0,238,41,116,49,5,148,0,0,255
154,3,153,38,227,89,147,102,165,220,78,131,155,189,0,79,241,91,129,178,147,193,92,63,161,91,121,208,224,135,182,0,0,45,54,255,155,72,255,36,156,217,0,30,193,141,177,133,191,104,163,30,37,54,114,0,125,0,56,216,151,91,81,6,29,0,33,137,232,0,165,98,183,255,140,109,0,166,192,133,0,5,235,87,0,82,166,255,120,63,140,255,148,21,0,229,66,255,255,255,104,0,142,164,43,198,246,50,255,255,111,255,51,116,64,0,255,239,0,202,96,0,0,0,18,0,0,255
157,6,152,70,200,84,106,78,153,177,76,140,78,163,2,80,187,27,95,147,34,214,83,81,101,137,122,86,124,136,157,75,72,19,89,180,79,103,225,0,92,190,0,0,149,145,227,119,142,178,67,47,0,148,233,18,199,0,98,135,126,94,51,125,94,140,112,2,152,101,58,138,247,206,136,96,0,194,122,195,0,123,251,53,21,81,137,218,96,88,111,255,182,0,73,255,56,231,220,251,77,0,80,93,0,197,40,181,216,255,147,106,244,219,214,0,186,238,0,255,188,55,0,80,103,17,0,255
162,13,171,48,211,101,194,106,159,255,65,228,65,226,56,149,155,49,55,118,115,208,96,0,80,156,109,255,226,187,206,0,109,16,24,255,32,110,255,43,242,101,14,75,148,254,235,100,231,76,159,56,35,210,199,0,182,0,154,71,182,213,156,68,61,0,77,1,255,64,150,172,255,255,212,250,0,255,83,53,72,34,255,255,5,0,127,252,167,29,255,255,116,35,47,255,185,255,145,255,197,0,255,108,0,180,120,0,255,234,0,0,0,0,255,70,74,166,0,123,229,16,0,8,28,0,0,255
155,7,156,56,216,98,146,109,170,236,75,192,109,238,23,84,193,62,75,134,119,218,109,76,88,130,170,197,168,196,185,22,59,0,36,254,109,124,255,13,172,173,10,104,164,216,255,117,224,56,93,0,0,96,186,0,153,0,115,108,152,122,88,50,7,16,105,41,237,23,165,132,193,255,186,118,0,214,141,178,0,87,255,101,31,48,167,219,112,0,161,255,72,0,0,255,127,255,179,255,125,3,225,202,0,223,147,98,255,230,117,122,143,64,209,0,255,255,0,255,209,0,0,46,0,0,0,255
155,13,155,52,226,77,157,105,172,234,91,130,154,184,12,87,255,64,77,182,118,219,102,78,132,82,203,215,207,157,132,1,32,12,90,255,113,73,249,57,191,143,0,118,163,236,237,58,176,107,118,52,74,69,116,0,124,0,198,114,141,140,19,14,29,7,86,65,196,0,201,36,222,255,129,157,39,222,128,99,0,63,255,98,0,111,65,255,186,11,133,255,26,70,22,246,138,244,175,255,177,0,159,224,0,147,200,161,255,243,10,58,0,97,215,0,165,120,0,255,235,0,0,42,74,0,0,255
159,12,169,49,204,69,172,101,163,255,71,186,130,200,33,77,202,78,53,138,141,204,137,29,105,125,149,255,255,196,85,0,56,0,69,255,121,73,255,89,238,124,0,170,154,241,255,76,173,91,172,20,34,76,131,0,145,0,145,49,144,255,86,23,14,0,130,0,255,0,114,151,189,255,165,207,0,255,154,178,13,0,255,184,0,0,176,255,229,15,150,255,0,0,44,232,195,255,148,255,94,0,255,186,0,135,136,24,255,228,0,26,13,26,221,0,157,188,0,230,255,0,0,0,0,41,0,255
156,9,168,52,204,53,182,98,163,255,74,164,140,181,32,62,192,83,80,151,136,177,106,50,120,115,130,255,255,216,78,0,46,0,59,255,133,73,255,105,221,125,0,157,174,224,220,49,158,117,177,5,74,78,102,0,148,0,150,125,136,254,74,34,100,0,160,32,255,0,134,75,188,255,131,233,0,255,188,155,29,0,255,239,8,0,161,255,250,38,152,255,0,44,55,199,252,255,158,255,41,0,255,255,0,83,194,0,255,198,0,137,0,108,192,0,235,170,0,189,255,0,0,0,0,59,0,255
154,12,149,67,208,29,160,90,165,229,93,137,192,148,0,35,238,47,103,166,108,214,169,85,149,47,225,222,170,164,54,40,45,0,79,255,97,51,177,110,195,128,0,212,145,210,168,61,179,154,123,0,150,71,90,0,156,0,171,125,129,238,103,0,75,0,160,5,255,0,180,10,202,255,147,214,34,214,67,193,0,181,255,142,0,63,87,255,255,0,0,255,0,48,67,103,201,243,176,167,180,0,255,255,0,241,207,134,255,176,67,34,0,250,255,0,243,33,0,166,255,0,0,54,100,140,0,255
152,7,139,78,226,38,101,124,172,200,114,137,182,174,58,0,165,75,114,139,76,190,134,101,142,61,230,202,101,130,122,106,95,93,25,244,170,84,179,56,187,210,0,126,165,212,151,88,92,77,143,0,9,71,109,0,122,0,113,132,167,105,34,28,20,82,163,96,182,0,172,73,162,250,159,118,170,130,150,174,0,188,181,21,102,99,116,173,74,0,141,218,107,108,0,211,119,56,188,153,255,0,125,187,48,255,182,98,243,207,161,116,48,255,250,0,255,167,0,255,64,0,0,255,164,96,0,255
152,6,141,85,193,26,97,103,182,199,110,111,133,182,104,19,87,104,134,119,83,133,119,54,138,77,240,245,94,151,93,137,113,51,31,247,232,83,146,100,151,162,19,181,176,255,186,27,59,108,155,0,16,41,107,0,111,0,160,199,137,97,0,72,103,60,222,47,175,0,172,77,182,248,133,101,164,122,151,123,23,200,228,86,165,111,171,180,48,0,143,168,143,137,30,255,198,14,121,172,250,30,170,122,49,255,126,80,240,202,200,93,123,102,204,0,238,156,0,255,35,0,0,184,106,100,42,255
156,6,149,79,172,51,75,94,205,209,49,91,78,136,60,50,65,90,107,115,86,141,96,31,180,92,232,247,1,177,235,206,116,51,0,202,239,105,105,68,140,153,87,96,199,213,121,0,83,73,169,33,22,68,24,0,183,5,80,216,133,75,0,129,181,38,163,89,13,195,166,186,241,255,215,113,153,249,255,66,88,212,226,82,71,100,183,225,95,18,255,255,172,111,143,255,165,48,163,255,247,19,114,34,0,255,87,118,144,250,213,143,255,0,195,0,226,190,0,255,34,43,11,117,131,164,66,255
156,16,149,100,200,48,94,63,168,186,107,69,119,144,96,34,85,91,175,137,22,201,130,116,170,82,241,187,17,154,179,160,116,88,7,125,202,107,90,99,92,107,119,216,152,143,159,126,39,188,125,87,103,167,83,4,161,97,171,161,162,28,64,203,204,77,211,50,136,100,120,103,229,231,112,121,121,216,37,75,173,180,229,150,98,146,98,181,62,0,205,229,132,170,145,252,125,0,160,196,255,24,99,33,89,202,122,123,203,159,255,87,142,132,255,50,205,62,13,157,80,0,73,71,213,109,88,255
152,8,138,61,220,50,87,103,196,211,44,93,179,184,33,28,204,66,67,134,93,155,88,70,214,35,255,255,59,92,147,120,48,55,83,255,188,151,160,27,173,125,0,161,193,255,221,57,72,69,114,43,40,58,5,0,98,7,191,193,102,114,0,0,0,0,149,159,143,0,206,22,193,255,249,96,175,90,129,74,0,241,255,90,77,183,139,241,11,0,181,255,0,174,133,255,130,24,183,255,255,79,13,165,0,255,209,190,255,255,33,188,120,92,211,0,239,97,0,255,255,0,0,134,16,0,0,255
157,11,148,81,146,11,73,80,224,226,33,103,44,205,19,30,0,73,51,110,98,188,155,2,204,19,240,255,0,231,227,195,162,0,0,226,255,145,163,143,120,148,35,163,255,249,159,0,133,131,131,0,0,86,42,0,148,0,103,196,137,8,0,102,232,0,199,40,27,193,185,171,255,255,255,63,212,251,255,20,34,255,233,137,121,62,255,255,0,0,255,255,169,164,131,255,255,0,255,255,255,0,44,183,0,255,33,255,140,255,146,10,255,0,170,0,210,90,0,255,75,0,59,115,50,255,215,255
158,15,153,70,188,48,61,64,183,206,40,82,75,164,68,52,140,67,121,120,49,136,73,69,203,99,255,255,57,134,147,129,80,64,0,208,213,94,117,31,136,95,98,188,248,249,147,42,6,113,106,21,95,146,41,0,215,80,180,153,70,102,87,134,113,104,188,30,130,17,202,118,225,255,200,76,152,226,158,0,0,243,255,96,42,136,138,219,72,27,255,252,45,59,255,255,104,64,103,255,199,41,0,170,0,255,97,225,139,255,140,170,173,23,208,0,255,205,0,255,255,0,5,30,64,124,55,255
152,10,143,67,176,28,80,94,215,220,35,120,119,184,6,41,142,48,49,107,79,185,101,62,220,53,255,255,62,147,120,128,80,0,17,255,186,117,186,6,180,84,0,216,255,255,199,0,145,225,112,0,0,69,45,0,124,0,221,250,82,183,0,30,67,0,181,100,239,0,187,76,153,239,255,27,166,203,110,49,0,255,255,53,21,149,211,253,76,5,202,255,0,99,255,255,71,51,214,244,255,45,0,243,0,255,80,255,192,255,163,111,111,0,255,0,218,225,0,255,255,0,19,93,13,177,0,255
155,14,159,87,209,61,80,77,165,213,103,142,67,106,107,107,101,63,209,127,0,197,92,102,133,138,174,200,102,170,222,142,41,149,0,192,156,103,121,62,40,255,244,96,247,255,190,130,124,134,127,38,88,131,21,0,255,84,22,87,139,109,145,186,174,48,83,19,220,136,255,104,161,255,210,56,0,255,253,23,40,52,255,91,0,55,82,184,100,17,255,153,182,134,184,255,114,170,139,255,146,97,55,103,46,10,240,201,117,173,255,141,145,86,255,0,255,163,0,255,165,0,0,0,255,229,0,255
153,16,152,98,238,55,107,115,199,202,110,85,170,173,59,22,99,73,146,100,16,207,186,94,74,58,245,204,76,182,148,146,148,112,25,228,112,191,181,46,181,204,6,139,224,245,186,0,65,123,133,97,60,76,123,0,97,26,201,160,172,37,46,74,63,99,215,142,185,0,181,170,49,255,250,80,237,128,88,170,0,50,224,133,94,140,12,152,63,0,255,152,0,129,108,255,90,63,77,242,255,100,113,194,0,163,162,255,204,255,167,149,88,157,255,108,241,79,0,255,237,29,0,255,103,47,0,255
156,9,146,61,252,39,122,128,210,223,65,89,217,192,0,29,255,11,55,124,61,255,235,64,117,24,255,247,155,168,20,36,34,52,155,255,85,93,255,124,255,106,0,255,164,255,255,0,58,84,92,102,0,49,58,0,48,25,173,60,71,171,0,0,0,0,203,107,136,0,255,0,246,255,255,131,57,2,83,115,0,255,255,164,66,194,13,255,29,0,86,255,0,59,182,189,128,124,110,255,255,120,107,255,0,255,221,255,123,223,0,62,10,145,255,163,129,120,0,255,255,0,0,239,52,0,0,255
152,10,147,75,213,18,107,112,208,233,66,125,173,172,1,13,190,29,63,115,93,218,180,53,139,46,255,255,151,141,45,89,56,11,41,255,162,122,203,94,255,93,0,255,246,255,248,0,101,142,117,21,24,21,84,0,0,0,232,158,106,165,0,0,105,0,215,124,210,0,227,0,197,255,255,166,107,113,13,99,0,201,255,102,60,153,168,255,45,0,101,255,0,159,225,175,210,149,217,255,255,127,159,227,0,255,255,255,97,170,0,5,0,126,241,46,175,46,0,253,255,0,0,138,48,55,0,255
154,10,138,61,250,79,110,116,178,192,58,69,174,171,27,71,255,55,82,177,101,202,122,84,136,51,255,235,65,98,109,77,48,89,125,219,86,134,147,32,131,151,0,162,134,230,227,125,92,87,71,124,129,25,23,0,110,13,161,138,59,72,75,47,0,65,72,132,160,0,237,0,225,211,250,89,136,100,153,96,0,255,255,81,35,193,38,191,73,0,84,255,5,70,65,197,105,122,163,171,255,0,0,171,49,255,223,245,255,255,28,124,57,203,252,31,239,47,0,255,213,0,0,201,161,0,0,255
155,9,143,69,195,73,49,58,174,200,34,71,81,141,49,121,181,50,89,161,45,222,40,48,255,112,226,202,30,155,188,231,127,58,0,104,119,104,95,5,32,84,15,45,141,164,130,30,71,78,116,74,168,115,18,0,255,56,198,202,77,140,27,177,172,104,187,87,7,166,181,82,169,232,202,94,175,255,144,35,0,183,255,0,28,77,116,251,214,28,255,255,27,93,202,197,72,122,207,211,245,20,0,83,0,255,87,241,130,255,198,85,155,75,240,0,219,217,0,255,255,119,29,81,180,0,0,255
154,16,152,68,227,64,63,71,170,171,18,47,101,172,87,55,137,59,167,105,21,134,69,79,113,182,246,246,90,128,176,153,148,104,0,178,36,158,85,52,83,194,86,148,196,255,143,91,7,144,127,137,100,123,61,0,186,32,153,194,45,150,191,120,109,168,65,55,152,0,236,0,140,214,255,104,200,191,225,0,0,221,255,82,150,123,82,137,18,3,111,162,56,146,136,222,38,154,121,172,108,36,0,86,52,255,210,86,64,255,90,255,159,178,255,161,255,93,0,221,214,0,117,194,86,0,106,255
156,3,143,116,161,39,68,73,185,210,105,83,84,182,15,38,71,68,142,112,51,174,203,99,124,116,209,132,30,202,132,180,196,69,25,217,138,106,117,13,24,66,38,167,255,246,151,154,153,255,0,4,66,105,214,117,149,42,104,230,92,74,0,189,190,14,243,138,240,95,91,79,186,133,102,97,130,174,108,148,0,255,226,82,153,106,93,192,67,35,198,240,67,24,100,255,119,47,128,75,229,65,168,171,20,255,77,241,255,225,255,74,3,88,255,133,255,223,0,219,224,37,0,177,248,44,55,255
161,2,146,111,189,73,95,100,144,187,167,128,79,142,108,62,132,86,126,134,47,200,132,112,114,157,169,157,149,132,121,111,128,133,114,122,149,72,90,40,154,187,69,155,145,195,163,118,87,161,140,46,106,153,190,49,215,64,123,192,118,127,16,166,180,149,155,38,163,149,140,109,210,216,89,154,78,165,115,181,133,141,192,107,84,141,115,169,191,128,167,170,147,145,96,255,96,112,126,151,189,85,205,73,109,205,116,178,232,162,220,61,72,176,255,157,233,221,60,175,2,76,0,181,199,39,120,255
163,4,142,111,191,89,87,103,130,200,163,146,68,136,115,51,143,87,131,122,53,207,123,119,133,157,184,130,137,138,118,117,137,146,86,111,136,80,54,39,154,182,57,135,158,187,164,145,72,213,139,67,120,187,213,53,206,53,110,255,145,122,47,206,184,149,153,66,125,146,153,129,226,162,63,152,76,141,138,142,142,177,220,104,87,116,154,189,208,169,177,209,109,169,94,239,94,181,131,84,181,104,215,86,41,204,158,189,146,239,172,107,33,164,255,190,231,188,0,103,94,102,0,205,193,27,131,255
162,3,139,116,186,66,87,99,137,180,184,114,84,153,114,61,134,83,128,123,62,225,124,106,109,155,145,149,158,145,125,124,123,141,109,90,143,63,120,53,170,191,71,161,110,167,165,103,106,146,161,42,110,172,204,55,203,101,111,204,127,118,45,183,156,138,160,40,125,171,157,114,227,185,98,152,73,148,113,174,157,168,182,91,71,120,131,202,144,108,150,126,122,128,84,255,119,113,124,140,200,79,203,135,84,216,97,167,148,200,230,142,102,214,255,201,254,255,7,247,47,125,0,182,172,9,114,255
162,5,144,124,181,77,87,107,156,197,182,138,86,149,121,90,71,88,134,127,60,186,130,94,116,152,190,180,135,162,148,167,168,167,11,185,182,121,86,77,185,172,65,194,133,224,109,109,179,177,148,26,167,149,177,86,148,80,197,255,174,160,0,158,197,102,169,70,92,118,176,193,255,255,100,190,90,136,133,95,183,219,255,137,177,160,86,255,182,126,234,200,134,193,102,255,108,66,127,87,199,162,213,182,90,255,146,191,212,179,255,181,0,99,255,255,255,255,17,128,192,100,0,157,255,0,123,255
170,11,146,115,191,87,92,106,161,209,164,75,93,147,113,87,91,152,143,149,48,189,123,106,108,174,160,202,142,175,150,159,118,141,91,150,144,91,121,78,162,190,120,214,146,142,126,64,132,158,152,162,133,105,148,119,177,126,88,190,198,192,43,138,146,168,153,67,116,213,111,133,180,255,117,162,68,166,239,59,139,164,178,139,60,153,109,255,96,113,192,145,107,154,111,204,47,83,70,97,187,137,137,106,136,247,89,243,166,144,160,150,62,138,198,134,119,223,0,223,160,137,0,171,255,0,0,255
171,11,145,114,202,58,80,126,147,184,128,51,124,145,125,56,102,195,158,155,10,204,79,93,89,188,153,199,157,140,128,181,131,152,110,135,195,86,159,58,193,174,125,182,138,106,136,94,71,108,189,152,138,153,107,89,97,116,102,188,140,151,58,146,91,211,151,112,124,129,105,117,212,185,101,113,139,165,149,62,93,156,145,192,37,133,209,189,96,62,89,81,41,160,106,127,101,105,67,115,129,164,109,80,80,214,135,170,160,171,174,105,91,174,151,37,143,215,52,192,151,120,55,202,255,77,33,255
173,9,147,101,209,76,80,129,145,179,155,59,122,144,110,42,105,212,185,177,0,208,96,157,74,162,145,181,140,84,176,133,106,98,146,130,147,117,170,116,147,184,64,155,121,155,122,101,100,110,139,110,124,89,94,140,142,121,100,209,156,120,101,126,140,172,95,87,136,134,120,128,142,198,113,154,124,142,115,145,104,166,160,120,67,120,137,199,128,97,99,119,75,129,99,182,106,75,99,195,192,129,104,94,117,195,92,126,173,155,152,123,89,147,84,75,144,194,20,207,93,134,81,108,170,116,78,255
174,8,146,97,214,75,77,129,146,174,151,52,120,147,101,36,109,234,193,190,0,208,98,175,69,154,149,185,125,71,189,131,108,86,140,132,144,118,181,131,121,174,36,144,121,161,134,97,118,112,129,95,129,80,87,152,127,109,111,206,135,123,118,101,169,169,83,116,144,131,143,112,129,190,129,152,129,139,94,162,98,188,151,131,90,104,137,201,142,90,66,138,90,115,110,168,90,53,117,203,208,126,117,113,112,183,86,119,177,134,173,128,69,140,74,63,149,184,37,212,102,119,101,91,173,147,71,255
174,8,146,97,214,75,76,129,147,175,151,51,119,146,101,35,108,237,195,192,0,208,98,177,68,154,150,186,124,70,191,131,107,84,139,131,142,119,183,133,118,174,34,143,123,163,134,94,123,110,129,94,128,79,87,150,125,107,112,206,131,123,118,97,172,166,82,121,145,133,145,110,129,188,134,152,131,138,92,165,98,191,152,132,92,103,139,200,144,88,63,141,91,114,109,169,88,54,119,207,205,126,119,115,108,183,83,115,174,129,177,131,66,139,71,58,151,184,43,215,102,115,102,89,174,151,72,255
