175,8,146,96,214,76,77,129,148,174,151,51,120,147,101,35,109,238,196,193,0,208,99,177,69,152,150,185,123,68,193,131,106,82,139,130,139,120,184,136,115,174,31,144,123,163,132,92,123,110,126,93,129,77,86,150,125,106,113,206,130,121,121,97,174,168,81,124,144,135,146,112,127,188,138,154,132,137,93,168,100,193,152,130,91,102,138,202,146,88,63,145,95,112,110,171,88,50,122,210,207,121,120,114,106,182,84,114,170,130,178,136,67,136,72,55,147,184,48,216,101,116,100,83,170,147,69,255
169,12,155,129,185,59,115,72,161,202,87,72,168,137,34,44,97,63,213,145,52,223,144,59,56,223,100,121,185,55,121,131,118,165,95,130,5,50,146,0,180,156,162,240,208,118,23,129,66,202,105,177,83,42,90,85,115,99,47,119,122,42,90,156,107,94,107,134,61,245,68,96,194,232,95,47,50,250,114,80,189,133,183,157,70,141,86,255,107,0,255,194,0,183,143,180,207,53,0,131,135,104,0,78,117,178,167,58,22,175,158,109,0,248,122,0,84,255,0,124,84,143,17,173,138,89,229,255
163,12,176,128,194,71,122,59,183,102,71,81,169,178,0,37,102,102,242,111,101,235,137,109,38,157,109,115,159,0,62,49,102,161,235,205,85,5,179,89,0,108,60,135,155,79,13,166,0,255,143,58,3,40,58,32,121,0,192,237,30,34,70,240,255,160,236,116,219,229,0,166,188,205,100,65,142,101,0,160,64,255,240,123,89,127,193,197,186,89,103,87,118,255,103,64,101,0,255,210,100,54,155,209,80,235,255,21,255,165,255,197,0,80,145,176,70,255,78,42,125,191,0,24,149,202,137,255
164,9,180,132,189,74,110,43,162,111,112,97,176,177,0,25,92,96,229,114,77,244,101,143,46,173,103,120,157,37,108,55,94,153,205,143,134,76,153,46,36,84,104,154,169,105,54,155,10,252,170,116,86,90,56,81,107,39,184,210,97,53,50,237,255,148,246,87,187,121,66,120,179,204,66,10,100,193,0,86,132,189,205,113,171,109,161,224,224,97,82,71,136,204,111,114,45,0,255,201,218,46,92,127,72,220,250,115,255,188,149,167,0,119,76,135,35,235,106,58,99,249,26,0,69,125,113,255
166,11,181,130,171,52,139,51,186,165,39,13,132,173,22,26,95,82,241,145,86,179,197,50,20,153,160,126,119,0,56,119,237,177,173,193,19,132,140,63,171,63,91,189,158,83,73,130,68,242,100,80,72,13,158,39,129,94,243,217,72,69,41,140,255,96,161,195,192,179,49,117,224,223,101,0,128,106,0,195,50,240,255,145,174,190,151,255,120,0,65,238,71,188,125,180,0,0,109,64,104,31,179,128,116,255,159,132,124,175,243,185,11,134,206,0,132,255,75,44,77,255,74,94,255,177,217,255
163,19,179,132,207,73,134,56,161,132,114,76,170,185,0,24,127,116,218,131,60,255,129,132,57,153,108,149,148,38,107,74,108,149,181,172,116,66,143,12,58,62,58,182,141,108,59,135,71,227,199,110,82,83,37,145,139,13,205,214,124,28,92,188,249,165,226,103,176,156,35,136,194,255,82,0,146,149,0,109,136,233,134,177,172,142,125,223,185,61,136,67,134,254,123,137,52,0,209,182,206,0,165,167,62,242,247,109,240,109,215,186,0,149,26,207,34,227,83,0,81,163,0,0,220,150,101,255
163,7,195,127,193,85,157,55,151,140,98,61,119,166,69,7,124,149,191,114,80,245,114,141,3,132,81,136,154,67,127,57,158,131,194,186,162,16,151,52,98,74,81,162,128,140,52,174,14,201,255,138,86,164,97,115,101,0,209,207,64,78,20,168,221,127,252,136,223,123,83,60,201,221,159,0,193,254,113,111,59,251,185,142,172,180,190,238,199,129,43,197,124,255,89,218,38,0,216,104,182,46,203,184,125,237,219,255,220,131,14,144,1,0,182,53,60,255,99,41,48,255,69,51,255,80,177,255
158,11,179,126,186,60,130,55,163,163,116,82,161,172,25,0,110,107,230,117,91,238,130,112,35,154,75,125,146,39,90,46,105,133,193,167,142,52,187,54,6,86,85,143,162,126,90,165,0,243,239,132,37,82,56,73,141,0,196,222,41,43,27,247,242,139,204,99,252,77,56,93,210,255,64,0,94,88,33,156,69,196,243,103,235,140,218,213,151,72,90,113,104,255,62,169,63,0,176,147,151,19,255,193,75,216,255,13,255,187,194,176,0,85,68,102,120,255,0,69,93,162,0,0,188,146,171,255
162,16,188,134,222,86,121,71,165,103,92,85,167,152,12,48,103,123,221,119,68,255,123,144,46,116,80,162,152,51,157,63,83,162,198,197,131,25,174,66,1,110,82,138,140,95,0,144,33,255,135,88,72,117,64,88,80,0,202,255,92,39,60,240,255,157,255,109,211,168,0,120,177,214,132,49,204,185,0,138,127,255,248,101,96,95,180,204,182,89,87,151,111,223,74,125,57,0,254,239,123,0,163,217,141,255,171,168,255,152,255,216,0,46,110,255,0,249,106,139,0,232,18,25,255,125,120,255
163,17,182,123,204,72,95,57,182,116,78,65,203,157,0,48,138,99,239,126,77,241,120,135,63,109,122,182,134,0,124,4,40,137,249,192,110,70,139,49,0,83,70,126,168,78,41,106,0,255,137,53,41,59,68,91,115,0,115,206,36,102,74,239,255,212,198,120,182,203,0,167,205,215,81,62,151,75,0,220,115,255,255,184,166,116,161,189,155,89,36,174,61,224,71,145,44,0,255,226,74,29,164,220,44,255,255,15,255,183,186,164,0,84,122,209,68,255,132,75,89,213,0,0,255,217,66,255
163,7,190,142,178,64,138,40,159,164,82,61,158,186,37,0,99,103,236,103,106,239,108,116,15,181,37,95,118,21,104,34,116,123,209,177,145,63,120,102,46,57,126,116,153,92,51,145,0,206,190,50,33,100,133,48,11,10,255,170,45,22,0,169,255,110,255,170,226,102,22,78,195,219,75,0,132,215,0,182,87,143,255,114,244,100,255,255,240,77,46,153,49,255,80,176,24,0,205,135,128,118,255,137,90,179,255,93,255,225,76,180,0,54,85,38,101,255,132,74,93,255,109,0,227,192,193,255
161,23,188,130,232,75,129,70,165,153,108,77,184,171,2,48,123,111,227,118,75,249,93,136,36,102,64,199,110,54,144,26,77,141,221,205,128,125,118,68,12,137,80,168,110,91,76,113,61,255,170,80,141,88,87,108,87,0,183,217,146,25,147,245,255,250,255,108,169,141,0,137,171,255,102,0,152,126,0,104,135,255,206,155,175,74,204,255,159,58,131,87,138,255,24,170,29,0,211,246,128,0,205,221,31,212,251,89,215,162,239,122,0,144,0,255,25,255,23,70,0,105,0,0,255,138,176,255
161,9,176,129,189,72,102,55,166,182,80,34,171,176,42,78,108,87,236,109,74,238,148,113,35,102,76,208,153,38,103,34,80,111,213,219,161,108,167,73,37,40,94,160,151,70,116,109,39,236,201,76,20,89,195,118,101,0,205,165,66,91,69,204,245,135,210,130,225,169,98,119,175,255,77,30,138,177,32,254,94,178,254,144,175,42,169,164,126,77,96,255,73,125,58,212,9,0,255,247,67,146,201,161,102,135,194,0,255,182,235,89,0,92,113,78,164,255,113,150,64,169,76,0,239,111,25,255
163,13,182,152,197,52,142,42,155,166,123,65,157,172,40,0,106,113,218,141,98,255,120,103,9,138,66,138,141,46,119,72,116,139,166,185,128,73,185,57,47,83,99,120,141,98,44,163,46,234,237,112,14,129,101,111,70,0,235,223,51,69,84,170,255,80,241,113,213,84,83,105,209,240,106,0,117,146,33,97,103,249,190,57,183,74,255,185,170,42,119,106,139,255,156,115,5,0,215,179,145,41,246,135,0,167,227,186,159,175,204,199,0,34,107,86,43,223,96,112,117,87,81,0,255,236,80,255
162,13,187,129,205,94,91,58,154,109,89,80,174,115,16,75,83,115,240,102,71,255,139,133,45,73,98,225,156,50,181,26,43,137,203,202,140,25,181,92,0,101,144,125,176,82,28,102,0,255,120,63,56,127,120,45,56,0,146,247,114,43,57,240,255,162,239,89,159,148,25,207,155,162,115,98,160,217,0,236,161,255,255,101,82,0,250,141,251,147,76,211,56,147,40,206,19,27,255,255,94,34,130,171,86,255,68,56,255,147,255,178,0,0,250,226,0,255,176,230,0,208,71,0,255,119,0,255
165,15,204,153,204,80,130,54,159,147,69,52,134,160,50,40,107,138,206,122,84,255,99,120,7,166,46,168,110,34,156,34,69,133,215,167,170,28,80,78,47,58,107,169,180,58,64,136,23,234,192,70,136,168,115,27,21,22,197,162,83,43,29,146,255,178,255,175,226,88,59,69,140,208,108,43,239,255,27,240,110,159,211,128,170,16,234,252,206,90,81,159,89,255,144,255,0,0,204,185,172,98,218,162,139,190,160,101,241,211,119,247,43,49,28,243,109,255,75,132,0,255,77,55,255,23,166,255
161,7,179,141,180,69,129,34,157,159,114,69,151,140,33,15,88,116,228,129,78,255,152,122,29,129,67,143,145,58,111,55,78,113,154,148,119,45,156,39,12,76,104,119,187,83,59,152,27,232,222,127,40,136,96,91,21,6,199,197,45,23,7,203,255,97,255,162,181,133,55,91,173,255,64,0,77,226,8,134,127,186,234,32,205,69,239,171,206,114,56,153,27,212,138,198,13,14,255,147,167,89,199,144,68,182,222,167,255,135,148,147,0,3,202,75,94,243,116,106,62,204,67,0,209,204,121,255
164,16,202,142,210,79,165,41,147,151,99,72,127,168,62,0,105,162,189,146,89,255,106,116,14,112,60,183,134,40,171,43,91,117,191,190,158,22,195,79,49,73,75,120,132,78,63,205,77,236,255,136,92,187,86,53,75,12,253,252,76,106,63,199,255,133,255,112,255,51,87,65,155,254,169,0,204,217,43,121,96,239,107,109,136,90,244,239,130,149,77,146,202,255,97,179,22,0,255,140,207,14,240,159,106,255,159,255,225,190,175,233,46,0,164,147,34,255,0,63,94,227,75,68,255,130,87,255
163,28,181,125,240,98,131,68,177,148,97,68,171,189,1,86,143,109,217,153,44,255,131,145,63,74,135,243,134,21,95,23,75,145,200,171,108,136,140,54,23,74,0,173,132,77,94,159,99,255,190,85,83,131,71,111,146,0,166,203,134,44,134,255,255,236,222,143,178,181,0,128,187,255,115,77,152,51,0,133,138,255,255,223,134,80,180,216,87,5,64,148,128,249,69,221,73,0,255,235,145,0,187,255,113,241,170,98,242,128,255,110,0,148,9,255,23,255,33,87,0,99,0,0,255,40,199,255
166,16,178,113,204,96,121,56,181,81,61,58,160,180,0,46,124,129,246,143,95,233,136,133,78,90,172,181,150,46,112,70,84,151,181,180,105,5,200,66,3,89,66,179,142,114,47,194,56,255,174,119,67,96,77,61,202,0,161,221,104,86,74,205,255,170,199,119,189,153,21,160,196,188,102,56,173,94,21,122,101,255,255,167,50,110,66,185,249,51,15,117,134,189,116,97,55,0,255,191,211,20,40,199,116,255,180,139,255,82,219,217,0,50,173,213,83,255,193,71,92,255,0,73,111,130,22,255
167,8,189,136,169,68,129,44,164,95,96,67,145,185,33,24,95,126,233,105,92,255,117,113,19,140,83,132,168,18,97,63,108,127,189,181,140,39,149,107,55,58,114,141,145,145,33,122,13,236,185,53,32,87,106,106,90,0,238,190,64,72,0,169,255,130,252,86,202,66,102,134,235,153,54,0,198,186,37,118,65,245,244,106,191,87,233,230,223,123,0,125,131,232,136,148,14,0,255,163,180,110,172,198,66,255,220,174,255,192,85,185,0,45,124,78,25,255,204,112,148,255,71,0,157,193,115,255
165,15,184,134,196,80,117,46,171,163,101,62,169,164,17,47,94,109,219,120,83,245,133,121,29,126,80,188,162,44,113,46,85,132,177,179,103,81,156,30,37,28,67,131,156,86,69,144,47,255,212,72,90,136,91,111,65,0,163,188,70,78,83,199,255,176,236,163,168,158,35,84,168,232,106,0,125,180,25,120,163,248,255,104,212,68,185,160,134,72,59,238,96,215,136,195,0,0,255,201,156,40,185,203,68,183,244,99,232,147,152,141,0,95,28,96,26,255,105,116,28,180,173,0,255,134,87,255
168,8,178,138,169,69,116,37,167,118,87,69,166,158,24,35,97,99,211,124,79,244,138,103,35,148,97,128,161,23,93,120,106,134,156,125,118,68,152,73,92,58,88,159,145,147,46,120,19,174,129,106,89,99,98,127,103,67,219,200,93,69,12,183,241,135,218,118,175,131,123,120,206,199,43,10,115,189,0,155,97,185,255,127,166,127,104,228,194,67,36,170,105,212,158,179,22,0,216,114,216,57,82,153,53,255,207,193,252,192,159,125,0,121,92,44,74,255,134,169,98,249,102,0,179,152,110,255
165,14,189,138,190,54,127,30,167,127,104,83,162,165,12,17,98,119,231,134,94,249,112,106,8,148,82,162,154,18,99,56,110,132,202,207,109,43,192,44,18,66,56,152,136,110,57,145,32,255,204,74,82,128,67,76,92,18,209,198,59,124,71,174,255,143,233,120,241,116,20,107,233,207,119,0,126,92,7,104,55,255,167,54,201,153,213,219,176,85,102,72,126,255,136,81,0,0,255,107,203,46,206,144,48,190,178,174,180,162,172,138,0,97,79,75,27,255,86,81,94,121,47,0,166,235,44,255
168,1,190,112,151,95,66,50,158,171,98,95,138,136,26,33,60,51,246,116,62,255,140,105,76,207,115,131,156,116,165,63,107,103,106,112,60,100,165,68,115,68,140,144,177,171,62,96,27,213,151,78,156,80,130,79,52,123,114,187,89,88,0,255,255,213,255,103,199,193,115,99,232,148,128,86,88,244,90,161,123,109,255,76,161,134,117,255,190,184,174,255,7,110,113,202,1,103,185,150,90,144,94,200,0,154,136,160,237,198,158,74,0,99,207,9,92,255,41,98,86,255,127,10,146,198,100,255
165,9,169,131,176,62,118,49,199,106,53,42,150,177,0,27,87,87,252,133,91,228,181,87,36,122,152,118,160,0,9,79,169,161,178,150,75,38,122,62,44,87,88,193,189,98,61,170,50,235,152,109,21,24,53,106,165,16,218,213,30,21,121,204,255,114,213,102,202,234,76,157,223,196,62,0,105,79,52,144,72,255,255,124,113,181,141,185,161,63,22,154,85,223,163,121,52,0,220,148,106,53,92,199,26,243,255,114,217,192,230,183,0,154,166,69,124,255,0,57,166,247,0,108,147,165,238,255
162,10,187,118,191,78,126,43,155,121,80,98,154,175,13,20,92,126,229,107,84,241,105,137,31,148,90,130,138,39,109,37,105,138,227,166,120,48,141,83,20,106,111,166,195,114,68,195,8,255,155,84,68,96,75,76,83,27,183,220,80,29,0,238,255,134,255,145,255,90,46,74,184,226,87,27,169,177,20,131,120,168,231,128,157,115,171,255,207,99,0,161,128,202,49,118,0,0,255,178,158,35,199,172,131,252,250,58,255,145,148,153,0,98,108,140,24,255,40,75,40,255,0,2,127,146,186,255
167,13,186,134,179,63,133,38,176,139,67,54,156,190,0,16,102,102,240,123,85,247,137,94,7,123,97,144,119,0,52,51,141,143,218,162,80,68,146,70,81,40,98,191,170,103,62,142,39,237,174,81,51,88,78,94,82,38,248,212,59,31,49,160,255,149,230,129,200,132,58,99,239,247,97,0,175,98,26,146,56,255,255,141,216,115,218,255,109,8,15,179,82,255,140,170,0,0,181,117,122,52,170,250,65,255,255,104,143,146,93,114,0,193,44,79,59,255,41,46,98,199,7,0,231,201,163,255
164,14,194,133,194,74,139,42,159,151,64,35,130,180,45,32,101,138,221,115,92,221,122,108,10,139,84,167,104,32,119,55,130,121,183,191,155,36,109,102,67,69,108,187,146,94,81,101,10,198,185,80,72,148,104,74,76,27,255,189,87,36,44,160,255,123,228,171,215,90,77,108,219,250,114,13,193,215,15,194,85,223,203,179,183,100,205,255,213,72,60,161,108,255,93,234,11,0,216,115,160,64,209,128,121,242,218,151,191,145,74,212,54,57,116,133,95,255,91,80,50,255,62,0,255,139,99,255
164,14,171,125,181,63,132,54,182,156,82,65,154,166,4,22,96,97,219,124,71,234,148,90,53,142,129,130,151,43,96,73,134,150,150,181,104,90,134,71,97,38,63,199,155,118,95,144,90,245,168,133,54,80,41,61,135,63,203,205,65,63,64,196,255,117,196,123,140,192,15,124,221,255,109,17,144,139,0,94,146,255,227,170,151,166,137,227,84,11,152,221,75,255,134,141,104,0,169,158,157,41,128,208,63,184,244,39,237,100,219,122,0,222,104,75,91,254,39,45,118,116,0,6,205,143,120,255
163,11,195,146,190,63,169,33,148,159,109,56,130,156,102,0,116,145,214,150,69,255,135,110,25,135,47,148,154,11,109,61,113,126,176,162,157,52,183,30,82,52,86,136,127,88,76,205,42,206,255,181,36,188,91,96,92,21,255,198,70,120,10,174,255,54,240,128,255,35,117,3,238,213,57,0,164,207,112,160,48,255,190,141,243,113,255,209,140,88,56,147,104,255,125,173,11,0,156,98,200,1,255,120,116,245,232,234,226,154,82,161,0,0,229,138,23,242,0,95,130,172,122,20,255,159,199,255
163,16,192,130,208,72,138,60,152,132,90,102,146,160,15,38,107,121,210,104,75,248,106,116,10,127,69,150,101,2,105,50,95,128,251,201,110,48,130,86,24,106,93,161,170,116,53,189,13,255,205,77,96,103,97,86,107,26,173,203,87,32,60,235,255,200,255,90,255,103,57,79,192,255,121,0,186,106,28,120,70,243,222,160,174,109,190,255,125,61,20,137,187,255,50,176,46,0,216,154,178,5,255,250,68,255,211,95,229,125,181,93,0,125,38,177,30,255,0,30,54,247,0,0,255,131,153,255
164,22,185,130,222,81,129,73,169,108,98,88,174,176,0,41,122,112,216,131,69,249,113,127,45,107,110,169,143,22,136,57,94,146,205,209,106,54,166,48,29,100,56,153,121,133,27,141,52,255,157,90,79,103,43,122,141,0,170,236,101,50,104,223,255,188,210,98,206,144,4,126,215,233,118,35,206,78,0,113,68,255,233,162,122,130,137,252,175,60,75,114,151,255,78,106,61,0,255,211,170,0,179,255,33,255,238,132,221,112,191,157,0,122,18,255,0,255,46,46,39,179,0,0,255,141,129,255
159,6,193,156,185,49,134,27,145,157,115,78,136,164,47,0,105,115,200,113,112,255,106,104,20,172,23,136,162,35,124,54,45,105,183,200,184,0,226,68,16,28,82,40,167,81,56,156,0,213,219,105,53,197,75,76,28,0,255,244,19,105,4,179,255,28,255,120,255,86,107,42,134,255,111,13,111,255,56,152,131,145,163,35,225,83,252,191,181,165,110,126,127,255,212,131,56,0,170,215,107,79,242,168,45,255,218,198,255,255,179,242,0,0,182,24,48,184,97,217,93,236,125,37,173,189,158,255
160,11,190,125,191,82,130,53,152,162,91,87,150,186,38,41,85,124,250,109,68,244,132,123,18,143,63,158,138,51,104,30,112,134,176,188,139,65,147,85,33,59,137,179,193,65,60,128,30,255,170,72,70,99,120,96,45,12,236,231,96,20,0,217,255,139,249,166,232,63,82,120,160,255,74,9,192,226,0,242,112,142,236,149,196,58,178,224,215,125,52,186,74,209,32,232,1,0,255,187,112,122,200,139,112,211,226,87,255,136,136,164,0,69,144,91,83,255,27,96,43,255,40,0,187,171,82,255
160,16,186,135,213,62,136,55,159,183,95,42,168,165,29,44,131,114,214,128,87,255,105,128,44,132,49,173,103,48,132,23,75,135,212,193,133,86,105,62,28,89,115,166,138,64,78,130,39,244,193,96,103,122,118,82,45,9,211,196,94,30,75,169,255,168,235,158,206,136,18,97,171,255,108,0,140,184,20,138,152,195,226,116,187,60,247,216,170,59,92,147,112,219,86,214,5,0,212,210,117,0,223,171,73,171,185,67,224,170,210,172,13,49,79,176,92,255,57,111,30,158,44,0,255,116,117,255
164,9,183,141,180,58,126,28,166,182,93,35,169,176,40,36,106,105,227,115,88,236,137,97,24,144,63,181,154,2,67,39,106,126,221,183,116,75,128,68,66,38,135,156,161,74,71,103,38,223,174,63,32,102,161,122,79,11,232,195,73,60,12,150,243,131,228,108,179,102,100,86,172,246,68,13,147,211,30,180,67,213,255,121,207,84,213,159,164,23,28,208,68,206,121,234,0,0,223,171,86,35,176,168,91,165,211,102,184,208,142,105,0,142,65,94,155,255,79,180,14,158,94,0,255,189,116,255
163,15,197,140,205,82,119,52,150,157,85,65,158,150,30,61,96,143,224,103,67,255,120,130,23,123,39,201,130,24,152,11,50,131,238,190,127,29,138,87,17,48,145,162,206,46,31,110,0,255,139,79,80,148,136,80,0,0,193,233,113,40,56,164,255,137,255,155,187,60,83,96,153,254,81,20,226,255,19,226,156,203,255,131,204,0,255,163,153,90,60,206,91,206,104,255,0,17,197,212,91,82,146,196,186,255,124,101,255,142,162,209,0,39,155,179,0,255,50,217,0,204,114,0,255,112,152,255
162,13,181,130,192,62,117,47,163,141,88,74,183,184,0,58,124,101,214,103,92,243,109,119,34,121,80,178,150,13,92,21,69,127,224,217,117,64,160,72,2,79,87,117,131,79,55,109,0,230,128,30,59,68,116,101,72,0,215,221,65,65,75,177,255,150,240,107,203,141,80,133,200,255,42,27,139,203,22,179,82,243,247,134,200,47,232,210,177,63,50,183,113,183,77,140,46,0,255,255,20,51,185,213,41,217,250,54,255,183,188,154,0,133,129,138,66,255,102,134,71,160,0,0,255,207,82,255
166,21,196,140,216,83,125,56,148,141,117,88,160,144,48,65,108,117,175,104,47,255,108,134,23,134,54,184,151,34,136,49,71,122,229,181,164,48,113,60,25,70,68,140,153,102,33,127,33,253,199,67,99,130,88,108,86,0,169,189,133,69,73,220,255,234,241,99,192,99,19,107,159,252,83,62,192,184,5,208,84,193,210,172,196,89,142,181,132,96,105,136,146,255,134,255,56,0,234,254,202,0,167,197,146,178,170,129,203,121,212,147,0,123,0,255,26,255,0,109,0,137,72,0,255,112,98,255
158,12,176,150,194,54,136,42,159,192,117,64,182,148,15,0,100,89,255,155,80,255,137,113,46,152,76,130,129,12,88,40,69,143,163,153,107,55,158,41,5,96,120,124,157,31,86,150,30,255,225,147,0,83,85,85,40,0,222,203,48,19,76,211,255,73,254,123,219,142,0,97,147,255,36,0,27,187,0,141,139,202,229,16,202,133,255,201,146,69,96,80,68,255,158,136,31,0,216,206,96,43,255,99,0,110,213,59,255,203,213,212,0,88,121,85,83,159,13,46,138,90,0,0,255,188,74,255
165,32,180,122,251,103,138,64,172,133,103,71,187,190,0,89,172,125,195,148,54,255,83,155,69,62,125,254,146,23,125,28,88,163,243,194,103,147,156,51,15,86,0,166,73,95,112,216,123,255,210,73,112,164,48,136,192,0,163,198,131,98,208,255,255,253,249,116,158,237,0,118,203,255,150,38,124,31,0,40,191,255,214,218,66,79,146,248,105,0,47,100,194,255,33,147,76,0,255,214,208,0,215,255,142,247,189,100,218,127,255,122,0,133,5,255,15,255,80,63,0,71,0,0,255,43,184,255
158,22,175,109,245,103,119,70,162,120,96,54,204,156,0,65,154,136,241,157,80,255,147,148,99,27,138,237,140,16,152,26,44,156,222,192,79,81,180,31,0,140,31,150,125,67,75,146,61,255,149,150,69,102,26,115,161,0,124,255,128,0,136,255,196,242,212,143,148,179,0,181,174,255,118,31,54,0,0,115,142,255,247,133,31,102,193,243,172,136,29,73,131,220,0,177,39,0,255,248,134,0,197,237,61,255,215,79,255,212,255,248,0,13,117,255,26,255,52,84,34,138,0,0,255,11,60,255
171,12,193,123,171,69,145,37,162,100,65,72,154,175,31,21,108,116,235,130,76,238,119,78,15,138,95,134,150,0,73,83,160,118,208,183,110,61,123,87,127,94,89,177,132,158,24,157,34,208,200,30,54,80,84,117,148,11,208,170,92,115,16,126,223,157,204,113,235,65,72,75,253,171,99,0,175,126,63,130,0,250,255,189,194,150,120,255,209,51,0,126,162,255,163,114,0,0,255,103,177,60,152,182,0,255,255,200,100,132,1,117,0,143,9,20,72,255,185,44,132,255,44,19,209,243,140,255
166,15,192,133,187,74,120,49,153,121,91,95,152,171,17,42,92,113,202,90,60,255,112,120,10,152,68,154,152,28,133,75,97,121,198,206,138,52,148,91,64,55,108,169,144,141,32,123,14,255,168,46,82,139,91,96,95,0,175,184,83,82,17,184,255,179,227,119,208,95,49,96,204,222,120,0,203,178,0,150,92,220,245,151,183,90,147,246,180,78,51,149,138,255,123,175,45,0,255,154,224,95,168,198,70,236,201,138,214,116,114,127,0,121,51,155,57,255,145,92,45,228,106,0,228,206,66,255
161,5,181,138,177,67,108,39,155,170,129,87,156,148,27,27,76,90,244,116,75,245,132,115,32,166,72,159,142,67,142,69,93,137,139,163,138,52,170,51,20,57,146,151,207,104,51,118,0,236,198,87,110,126,84,105,27,33,217,212,26,31,6,166,254,117,247,102,210,108,89,126,225,248,70,7,88,242,0,134,153,173,233,47,186,99,157,242,255,141,112,186,79,165,51,159,0,0,236,138,166,172,205,149,73,183,128,106,255,207,156,160,0,0,224,66,31,255,68,145,104,229,72,0,155,180,58,255
166,12,189,132,188,79,106,49,175,106,100,73,159,166,22,65,92,105,223,112,72,224,117,131,27,152,104,162,188,66,116,79,96,132,153,162,152,44,133,60,31,55,69,195,173,112,33,97,17,255,161,67,143,134,76,97,79,23,183,204,78,103,43,174,255,173,215,147,212,146,79,139,192,192,42,46,187,211,0,171,140,204,208,129,174,113,75,207,229,132,62,176,139,167,143,169,0,0,255,183,203,111,79,153,52,241,191,157,255,121,148,142,0,51,150,135,50,255,155,118,127,255,76,0,137,142,9,255
168,7,192,131,175,95,105,46,170,126,106,103,125,160,21,54,76,67,208,103,44,255,117,134,33,192,100,119,145,95,128,63,108,112,157,149,121,45,136,48,84,46,25,123,181,179,77,123,55,224,149,59,80,124,49,70,88,65,151,157,90,83,0,222,255,138,255,177,123,184,17,170,220,220,148,25,154,244,75,130,138,189,227,114,169,161,60,233,224,139,136,239,110,224,148,182,56,0,221,201,204,131,105,191,70,218,195,191,255,160,84,115,0,81,129,69,0,255,166,111,97,255,110,84,149,224,29,255
173,8,144,117,192,81,119,102,137,193,189,100,100,97,112,75,114,91,122,157,95,211,140,52,78,165,151,165,213,222,88,119,152,154,93,137,98,62,99,75,152,203,101,216,106,170,37,79,110,131,133,157,124,123,197,80,117,69,98,176,175,164,39,162,218,175,169,59,81,223,130,199,210,213,92,161,40,152,222,67,208,116,206,110,104,125,64,255,187,108,255,184,102,237,116,188,46,148,156,78,215,95,151,99,92,240,59,242,146,210,160,166,68,176,219,155,161,206,43,138,117,58,0,143,255,42,0,255
164,6,166,140,170,55,136,46,184,143,57,40,153,180,16,26,83,90,248,135,89,241,171,76,22,135,128,106,173,0,26,95,170,178,154,156,55,58,118,100,84,91,110,201,155,99,65,149,99,169,124,149,10,57,65,87,133,64,255,215,49,0,113,141,255,43,171,120,190,225,112,121,221,237,35,0,99,141,40,178,75,242,255,89,110,194,237,207,166,25,27,178,103,253,173,152,65,0,140,107,108,72,93,233,28,213,252,132,205,226,249,181,0,189,240,0,230,255,69,87,182,158,0,127,121,138,204,255
163,13,192,108,204,84,132,47,163,107,59,100,144,187,6,43,109,123,204,114,93,228,91,135,21,153,97,123,132,38,94,55,120,142,221,181,124,52,130,61,16,128,42,153,198,99,28,190,19,250,165,58,105,112,59,52,138,0,186,202,101,75,28,251,255,181,213,166,238,105,10,85,181,255,122,71,161,158,48,147,116,191,223,174,133,119,87,255,234,107,14,119,159,220,77,120,22,0,255,250,175,6,171,158,115,255,254,109,255,128,178,160,15,50,74,194,31,255,71,52,73,255,0,74,92,160,148,255
163,18,175,117,190,60,130,57,194,143,57,51,166,195,0,10,116,106,246,152,93,220,152,86,20,105,154,156,91,0,36,35,130,129,218,172,76,75,165,70,15,78,40,205,188,97,86,187,55,255,172,96,59,36,67,80,116,23,175,247,60,20,69,203,255,158,191,131,210,155,29,134,255,246,124,0,133,0,22,161,65,255,249,186,198,165,154,255,72,0,0,188,65,244,99,131,39,0,230,116,126,0,153,254,38,255,255,69,152,134,146,105,17,163,51,108,123,255,0,2,101,174,0,0,221,225,181,255
161,14,192,128,189,65,136,54,168,173,55,41,145,195,14,31,107,133,248,105,119,215,122,84,12,162,69,146,84,19,99,36,116,117,202,200,117,61,104,113,3,76,98,185,172,56,88,98,14,230,169,45,93,77,119,46,56,2,255,202,55,16,47,173,255,171,243,158,236,77,63,116,203,255,108,6,163,161,0,220,20,211,206,152,215,96,230,255,225,71,32,161,79,236,56,195,0,0,238,166,115,106,255,137,70,236,255,76,216,201,127,196,63,74,6,139,128,255,46,45,36,255,14,0,255,185,134,255
161,12,177,130,184,61,128,57,170,167,104,68,159,177,12,18,110,107,231,125,78,242,153,104,33,148,89,138,144,23,93,59,142,126,189,170,116,70,156,29,44,61,80,200,181,126,91,144,52,247,186,116,48,88,62,140,116,18,223,228,51,33,49,205,231,122,199,95,208,114,62,106,248,255,72,0,135,104,5,169,88,237,246,134,222,137,155,188,122,42,76,198,62,234,84,184,37,0,185,131,138,43,215,188,81,186,255,55,228,122,172,128,0,126,72,121,83,255,30,47,96,149,0,0,225,159,139,255
161,12,196,141,213,84,151,54,147,159,108,61,138,139,77,0,133,133,198,136,58,255,129,144,16,135,47,141,138,54,147,68,106,154,189,152,156,26,156,37,92,78,98,124,180,89,46,180,11,226,215,138,81,203,88,114,70,19,219,233,111,22,8,188,255,90,242,158,212,111,88,24,157,249,130,10,166,228,46,193,103,218,211,152,168,125,204,189,188,80,83,173,79,255,92,255,39,0,155,142,190,0,187,161,125,255,211,212,224,118,131,172,44,0,207,129,70,255,12,124,26,255,90,26,255,40,157,255
165,22,190,124,210,67,135,54,165,130,74,83,177,165,0,18,139,130,218,140,88,233,100,93,25,110,97,181,121,0,117,33,79,130,247,203,84,44,168,65,20,101,70,156,151,112,51,162,6,255,158,118,63,114,69,115,114,0,109,243,103,64,75,216,255,180,209,130,225,102,23,80,190,253,111,14,180,11,0,147,77,255,239,204,171,119,150,255,89,16,4,158,114,255,112,160,61,0,250,161,143,0,199,255,18,255,234,56,188,109,126,139,0,140,35,210,22,255,0,77,60,155,0,0,255,130,135,255
160,21,181,127,226,89,118,74,167,118,105,74,192,191,0,39,131,105,245,124,84,255,125,170,56,94,96,189,133,27,139,40,63,142,223,206,115,75,174,48,0,133,58,138,132,81,55,137,42,255,125,59,49,50,61,117,119,0,175,250,115,0,107,255,255,197,222,126,188,159,0,153,181,251,65,42,167,110,0,187,116,255,240,147,109,99,182,226,192,96,59,84,138,247,14,125,77,0,255,255,124,0,204,223,129,239,255,32,255,159,255,235,0,105,91,255,48,255,75,60,26,184,0,0,255,142,126,255
169,14,211,149,197,59,171,34,162,157,54,55,123,167,83,0,110,135,198,124,122,255,99,99,0,170,25,126,112,0,123,70,126,141,205,212,101,38,149,139,122,80,64,116,79,110,58,191,69,218,178,67,50,197,93,8,43,33,255,139,69,147,25,133,255,58,222,212,255,72,30,17,255,141,145,0,147,119,66,199,0,236,217,114,224,149,255,255,178,38,71,100,128,255,138,168,0,0,167,71,207,33,255,130,132,209,212,255,62,163,100,243,95,49,153,47,116,255,76,93,54,207,129,136,255,192,126,255
161,6,190,122,174,85,104,54,165,137,85,77,151,179,22,46,86,102,244,102,69,245,150,126,19,161,87,125,155,45,94,50,117,131,185,166,148,58,134,64,46,54,92,170,221,92,52,120,11,236,169,54,59,81,84,85,84,31,234,244,88,44,6,234,255,137,209,154,248,100,115,121,196,241,67,55,176,177,2,255,69,159,251,124,214,77,120,173,222,130,37,228,65,160,56,255,0,0,255,163,156,111,163,180,156,236,239,103,255,136,182,189,0,25,143,25,115,255,72,110,50,255,51,0,107,255,99,255
163,24,185,132,241,81,127,77,170,156,116,65,193,157,20,76,153,93,207,135,47,255,99,134,61,113,86,210,129,57,133,42,92,129,231,188,142,153,115,39,28,127,61,185,105,89,96,125,91,255,196,49,168,124,93,90,96,0,162,161,142,63,136,255,255,255,241,102,185,197,0,154,187,255,150,29,121,113,0,152,154,229,218,140,166,82,175,244,137,65,102,85,136,255,50,210,41,0,255,233,160,0,211,196,65,163,172,82,188,190,242,105,0,147,0,255,43,255,77,56,0,86,12,0,255,77,90,255
160,15,181,135,211,70,144,50,162,174,88,44,189,148,16,32,135,110,228,134,77,252,125,135,44,135,62,164,140,11,115,26,85,135,227,186,109,64,115,59,7,102,75,145,128,23,49,140,33,255,166,55,79,159,85,86,47,0,217,192,64,66,98,194,255,90,255,173,216,160,0,66,149,255,126,23,56,164,0,159,88,201,251,124,149,134,231,207,186,58,0,160,62,228,120,194,0,0,255,177,127,0,225,203,59,143,255,120,210,217,121,194,0,95,113,119,149,255,90,50,42,158,33,1,255,95,120,255
159,14,190,138,216,69,129,68,144,153,91,66,146,152,18,43,117,138,191,110,87,255,107,131,42,110,62,180,124,64,162,31,64,133,207,224,138,33,177,75,26,77,100,138,172,73,27,135,0,253,170,111,76,146,112,76,61,0,201,255,87,29,69,196,255,145,254,127,187,85,69,108,158,255,137,9,181,211,44,136,164,234,193,130,156,16,255,203,158,122,125,136,165,240,90,197,59,27,194,231,80,0,173,149,155,255,122,91,255,138,255,235,0,0,173,216,39,226,78,188,0,213,26,0,255,90,141,255
160,13,178,133,203,60,114,66,160,146,102,73,187,146,0,51,134,74,201,117,95,242,118,112,48,109,99,162,133,45,132,49,74,122,210,214,119,59,173,56,6,100,82,111,115,90,44,102,7,216,110,27,88,94,91,81,77,0,196,234,69,39,87,176,255,167,232,87,179,168,40,168,206,255,105,38,91,157,7,179,73,243,245,79,132,56,174,230,192,92,118,177,147,182,73,165,28,0,255,255,61,0,212,178,8,185,191,47,255,186,255,155,0,68,121,130,68,255,142,125,47,127,0,0,255,180,0,255
164,20,197,133,219,99,122,54,160,126,84,77,149,167,23,67,112,145,210,89,42,255,125,129,27,90,75,246,124,28,168,29,70,112,231,211,173,59,119,72,27,46,119,156,146,71,84,138,25,255,186,70,97,150,107,97,86,0,162,191,106,19,63,232,255,235,255,128,186,116,55,128,170,252,116,14,255,178,2,160,128,237,231,204,139,18,205,245,158,58,61,192,110,230,47,255,60,0,253,204,186,23,227,245,105,209,157,98,254,114,178,127,0,99,56,255,47,255,69,119,0,255,54,0,255,81,113,255
163,10,187,147,184,60,150,38,157,151,96,70,137,154,52,0,104,114,241,158,94,255,148,91,19,142,95,134,132,9,90,87,121,140,142,165,114,29,182,47,79,94,95,112,138,99,70,165,56,210,234,124,40,145,71,74,122,21,255,207,64,82,14,161,255,64,206,135,255,93,79,93,219,194,85,0,105,155,69,182,45,233,198,67,160,161,240,214,229,108,83,113,136,255,146,123,0,0,209,109,171,20,255,74,17,192,191,208,195,188,168,189,0,22,191,45,58,222,108,79,123,185,81,82,180,207,77,255
165,29,184,120,236,92,165,69,183,107,76,76,157,218,0,60,157,143,188,145,86,255,94,147,58,66,128,212,137,39,119,18,108,146,225,206,86,73,161,61,15,112,0,175,84,116,86,229,145,255,212,77,123,154,41,111,206,0,198,234,120,90,149,225,255,220,255,145,189,195,0,129,237,255,141,10,199,71,7,0,108,255,197,240,33,102,136,255,146,4,25,88,255,255,51,80,66,0,255,210,178,0,224,255,50,255,229,149,251,88,188,156,0,105,41,255,0,255,30,0,101,129,0,38,255,86,240,255
160,22,174,111,239,105,134,63,176,118,70,64,194,179,0,72,146,135,255,155,94,236,145,136,85,44,155,240,133,20,122,33,66,154,228,200,80,103,167,57,0,165,0,179,133,48,90,180,98,255,116,100,71,85,52,70,146,0,169,255,147,43,165,255,220,193,238,175,188,213,0,182,149,255,131,83,68,52,0,78,141,255,255,189,26,92,202,255,178,68,0,84,129,227,31,101,44,0,255,247,108,0,158,255,12,255,255,98,255,174,255,149,0,85,131,255,41,246,107,67,43,148,0,0,255,18,84,255
168,14,189,126,184,72,142,35,170,107,59,55,148,171,13,16,108,121,249,151,95,241,144,86,8,114,124,175,129,0,70,62,132,135,202,193,87,29,182,71,77,83,71,187,150,124,52,185,38,247,220,76,43,85,102,89,144,0,196,181,67,82,40,178,255,166,215,137,212,120,42,115,231,209,140,0,156,78,40,156,19,255,255,158,131,150,147,223,183,43,4,127,118,255,171,88,0,0,255,99,164,24,188,215,24,255,198,145,124,89,124,145,0,111,95,88,112,255,151,50,113,236,0,27,214,234,92,255
168,13,190,141,178,70,111,36,157,122,90,81,150,178,20,46,88,111,204,84,68,255,104,137,12,144,67,157,142,23,114,53,89,121,210,191,169,47,136,96,63,39,113,161,140,132,44,109,24,247,184,34,55,124,101,103,80,1,233,157,81,66,22,190,255,170,255,106,212,79,49,106,203,229,111,0,188,208,8,137,78,217,204,115,209,88,203,247,188,93,53,146,125,239,147,183,8,0,255,151,216,91,121,193,140,201,219,150,202,150,71,133,0,159,0,115,59,255,143,112,17,248,133,0,218,212,128,255
156,11,179,138,205,69,124,55,139,155,148,97,159,145,18,6,103,96,225,122,74,255,109,125,54,121,91,149,139,90,155,44,71,138,151,159,151,64,188,45,16,93,124,113,168,117,76,154,14,228,202,121,71,100,49,93,59,0,216,255,93,0,78,227,255,108,237,71,209,99,98,161,183,255,88,0,92,191,3,86,201,185,184,52,166,50,179,244,211,159,163,85,152,255,49,164,66,0,189,234,196,38,191,129,75,220,160,88,255,167,255,196,0,0,189,168,3,174,64,140,84,163,48,0,255,196,26,255
163,7,193,134,194,80,101,50,160,112,106,81,159,150,5,13,86,115,248,119,93,230,104,122,35,151,89,167,176,66,161,67,63,147,182,180,151,0,188,45,0,75,146,158,186,70,36,128,0,255,160,91,139,126,69,60,49,0,169,249,33,71,43,205,255,146,255,103,242,141,95,118,170,161,85,27,203,255,0,144,137,207,202,28,130,75,179,233,236,204,78,148,129,180,109,120,0,0,255,205,191,158,153,97,72,237,205,130,255,220,136,228,0,0,191,151,0,208,98,94,99,255,56,0,113,152,0,255
169,9,187,137,170,85,114,38,185,133,81,73,123,166,19,54,90,97,213,127,82,247,149,111,29,177,121,118,163,42,94,92,163,125,153,128,97,50,143,80,88,73,32,131,158,168,87,108,58,240,148,52,78,123,68,58,119,51,188,156,72,110,0,165,255,106,232,212,150,184,56,164,239,221,116,31,125,189,52,145,102,247,237,104,143,175,96,225,219,68,93,204,124,224,160,167,11,0,194,120,188,72,142,175,96,215,189,204,193,114,149,137,0,128,101,100,72,255,189,139,75,255,88,88,167,185,70,255
159,8,171,102,183,65,108,74,203,184,82,75,147,146,0,43,100,55,210,138,51,216,162,73,48,192,142,68,149,70,108,106,148,105,94,142,52,72,135,13,60,86,81,187,174,144,73,98,69,255,134,116,54,89,50,52,111,134,47,225,85,61,49,255,242,92,114,91,101,247,76,92,251,255,125,45,14,144,31,187,55,142,255,124,236,99,45,255,0,0,146,255,21,230,68,255,123,0,221,123,91,103,93,228,25,255,216,65,75,170,255,165,54,160,196,0,174,255,0,114,188,202,0,0,255,166,107,255
160,12,181,124,201,79,111,56,176,124,82,77,178,159,0,41,107,99,247,128,94,238,126,127,36,139,99,146,150,30,95,34,82,149,223,183,107,35,184,30,0,92,51,129,190,53,34,165,0,255,169,60,69,84,83,36,91,0,174,242,41,40,39,249,255,195,245,135,216,205,0,126,141,239,93,58,122,127,0,175,110,230,255,99,146,80,170,201,201,93,106,114,51,219,59,150,53,0,255,236,77,52,174,178,47,227,255,19,255,168,255,173,0,12,118,143,93,255,87,68,64,251,0,0,146,143,68,255
163,16,181,127,201,74,126,49,164,127,96,91,172,191,0,25,117,106,225,115,70,251,107,144,43,155,91,129,146,34,88,66,112,148,195,172,108,82,132,66,58,101,73,154,159,108,51,145,28,236,151,81,78,81,85,104,113,8,197,211,112,31,51,199,255,166,229,127,197,121,36,100,165,253,61,19,171,164,0,103,118,197,207,145,162,112,157,227,205,42,88,77,141,222,86,126,57,0,229,200,167,12,114,167,100,205,251,127,255,162,179,150,0,151,58,185,41,255,85,66,86,210,0,7,159,171,161,255
166,13,188,133,178,61,131,40,180,152,33,20,129,181,33,34,99,96,248,144,95,196,164,78,13,133,141,136,104,13,60,101,187,160,163,188,77,102,118,87,120,68,79,194,167,83,88,113,54,216,121,71,51,86,130,27,118,81,255,220,100,68,58,146,255,81,191,203,235,185,50,114,223,255,93,36,135,125,0,233,40,252,251,165,189,155,153,255,177,9,55,189,53,230,125,197,0,0,172,101,88,77,180,140,102,255,204,126,141,154,209,166,42,136,183,42,136,255,105,52,86,255,31,73,255,173,96,255
160,18,181,130,217,76,130,71,164,147,111,81,176,161,2,28,126,109,224,141,56,247,143,131,49,125,97,155,137,35,121,58,85,144,197,171,121,74,151,32,45,94,87,169,165,82,41,161,43,249,167,116,91,88,52,110,92,9,164,238,113,4,79,229,255,176,243,117,182,151,19,107,177,255,95,11,143,107,0,165,112,207,220,142,175,130,146,224,129,70,115,119,88,252,92,204,77,0,202,184,121,0,188,216,36,234,253,92,255,105,226,178,0,123,55,160,57,255,0,9,33,159,0,0,255,101,146,255
161,7,197,134,200,79,156,55,138,156,109,61,116,143,94,0,126,155,209,142,82,255,122,128,6,126,59,154,159,58,148,63,125,146,171,188,158,0,193,40,87,74,117,138,154,85,6,183,18,212,255,141,86,207,99,115,72,20,247,249,55,63,28,173,233,66,255,113,255,77,134,5,198,211,165,0,195,255,133,153,63,255,178,89,155,138,255,197,207,172,69,246,109,255,96,219,0,20,225,122,152,28,250,163,114,237,177,255,231,167,97,196,6,0,255,27,13,225,82,110,46,255,131,70,255,80,177,255
161,11,185,139,193,64,136,42,147,150,115,81,150,149,56,6,108,111,204,120,81,250,123,117,24,157,62,144,147,43,116,75,81,130,187,166,160,41,161,67,53,93,80,138,152,127,72,156,10,224,227,134,74,132,66,75,110,11,222,200,88,73,21,210,252,109,200,127,250,92,45,94,174,255,93,0,92,163,22,179,113,166,207,135,218,172,187,196,191,98,102,103,94,255,132,178,72,0,161,145,211,25,197,137,73,244,216,131,255,170,159,173,0,79,136,120,113,255,65,114,78,144,54,0,233,142,136,255
163,20,189,131,232,94,143,76,158,94,92,92,147,166,30,43,116,136,195,124,62,255,107,149,48,98,101,163,143,68,161,80,88,161,187,202,123,15,184,58,51,110,47,129,108,129,16,193,66,219,191,117,102,152,62,96,142,0,195,236,122,46,57,226,255,184,255,132,223,147,7,114,161,253,160,53,242,166,45,99,131,255,203,173,67,133,122,250,190,67,78,117,192,255,81,125,73,0,204,243,160,0,168,255,131,255,152,222,255,106,255,218,0,33,118,255,0,255,99,121,16,255,0,129,255,75,178,255
163,17,179,138,197,60,126,53,175,123,84,65,184,178,0,4,133,100,223,125,90,255,113,132,33,130,109,121,115,0,85,44,99,160,246,180,93,67,157,58,3,96,38,166,129,108,71,149,20,234,157,89,24,87,50,87,128,0,212,218,94,46,79,191,255,153,255,103,173,158,0,144,238,255,115,3,104,34,0,109,68,255,238,139,175,147,224,252,132,0,44,73,106,255,134,112,71,0,255,140,128,0,208,247,0,255,255,88,191,150,121,162,0,209,20,195,69,255,91,9,146,130,0,0,255,212,131,255
162,5,191,142,176,73,114,50,153,161,65,43,152,156,55,17,98,105,243,92,86,216,131,128,10,177,51,120,113,28,96,69,99,140,211,179,160,51,99,108,52,67,147,159,157,68,22,120,0,193,149,39,62,114,157,58,23,17,255,159,66,23,0,147,255,120,255,185,247,143,26,78,185,203,85,23,137,255,39,255,91,159,255,134,219,123,240,255,255,121,27,218,13,229,103,206,0,0,206,102,105,180,224,118,146,248,255,88,255,230,94,171,26,75,152,63,160,255,171,114,15,255,121,0,224,158,147,255
161,22,186,135,232,80,120,67,164,132,107,72,182,166,0,68,123,103,206,117,67,245,105,152,45,102,80,204,117,52,150,26,68,152,225,193,130,125,118,51,10,115,78,159,131,92,57,109,36,255,138,81,117,83,93,94,89,0,175,216,150,0,128,250,255,237,255,118,155,169,0,167,164,255,94,11,143,134,0,118,160,244,221,175,152,63,191,236,155,53,136,89,131,250,60,195,81,0,216,255,137,0,198,226,71,238,203,56,241,135,255,161,0,152,0,255,25,255,54,86,0,105,0,0,255,109,150,255
164,10,178,142,181,66,106,47,174,176,74,16,167,173,37,72,99,109,238,102,84,229,148,111,32,105,84,211,149,15,95,44,106,133,217,206,134,97,133,87,32,33,109,169,153,52,82,91,25,236,171,71,20,90,189,105,95,0,241,185,63,75,75,191,249,136,230,118,198,195,69,135,181,216,81,55,161,188,7,221,84,221,255,140,187,97,235,161,133,30,32,255,35,147,131,219,0,0,255,209,72,79,202,179,143,117,197,60,214,200,213,90,0,153,81,113,172,255,145,150,0,213,109,0,255,125,92,255
165,18,195,143,208,71,158,47,159,149,104,60,155,158,61,7,115,139,209,148,90,255,115,114,19,120,54,166,132,27,148,39,88,141,195,177,127,51,175,80,47,92,90,126,92,84,58,193,68,255,236,86,76,171,76,65,55,11,237,197,75,110,61,192,255,130,255,150,255,97,41,64,204,202,143,0,146,139,37,124,63,250,205,93,158,104,249,233,138,80,41,158,153,255,125,134,0,0,255,141,214,0,255,215,59,219,203,212,166,172,188,214,0,30,108,140,27,255,18,112,87,148,89,24,255,148,83,255
162,12,188,135,203,88,104,56,140,126,110,84,165,121,36,66,82,127,218,117,67,255,133,147,49,106,83,197,163,77,167,31,50,158,205,175,140,35,173,80,0,97,147,169,219,80,32,121,0,255,138,91,76,122,109,56,37,0,171,255,124,37,33,199,255,143,255,105,185,129,56,165,144,227,107,84,149,255,0,200,152,176,255,87,118,7,233,138,236,167,92,142,102,199,96,202,17,37,255,253,131,37,134,143,120,246,63,100,255,148,245,189,0,0,219,219,0,188,111,203,0,172,74,0,255,97,29,255
162,18,188,124,212,77,121,57,169,166,97,68,168,185,13,69,131,114,222,121,81,230,102,111,26,134,82,213,127,57,124,7,80,100,222,211,160,94,127,69,6,73,81,163,126,72,119,122,7,255,190,23,111,111,121,78,87,0,156,172,75,97,100,200,255,226,214,135,205,130,20,128,169,255,112,38,165,146,10,174,123,205,236,159,197,44,172,222,156,71,99,173,107,234,47,199,11,0,255,220,129,52,245,184,36,129,194,28,255,192,206,144,0,61,50,220,90,255,82,149,33,135,17,0,255,123,41,255
160,12,175,145,189,58,125,30,154,182,129,58,149,167,16,4,96,110,216,136,78,255,148,119,18,130,86,150,130,32,101,63,115,118,156,167,129,79,143,35,69,73,88,144,179,96,94,149,58,236,237,131,41,116,92,107,64,31,209,219,59,24,68,225,217,108,185,139,186,86,70,117,182,255,93,0,82,149,0,100,148,202,168,43,224,89,232,194,140,103,108,87,59,234,121,186,24,0,226,116,181,41,213,101,89,141,215,123,217,157,202,187,0,70,105,150,102,255,47,71,104,154,8,0,222,191,109,255
167,16,210,137,214,87,172,40,141,131,81,80,113,159,68,0,94,164,168,129,94,255,128,122,1,109,54,151,124,26,174,85,114,97,191,179,139,14,194,117,89,92,40,113,167,107,38,213,68,227,252,115,85,195,80,59,76,0,243,248,79,145,63,208,255,114,255,149,255,43,115,64,144,255,219,0,188,220,12,171,47,251,125,176,142,109,159,255,143,150,53,125,235,255,101,184,27,0,255,142,188,14,243,146,107,255,182,255,220,110,152,253,53,0,166,118,2,255,0,52,76,255,125,65,255,169,101,255
163,23,185,131,225,88,143,60,159,123,110,76,160,172,24,48,132,120,193,133,54,255,110,147,53,105,110,183,153,58,140,42,72,142,194,173,130,58,161,37,49,70,31,127,104,97,58,153,63,255,209,109,85,159,61,91,139,0,183,205,120,55,66,243,255,197,235,148,187,142,1,100,152,255,123,62,183,173,10,121,104,253,185,203,117,121,168,254,140,56,103,117,176,255,112,189,68,0,229,253,168,0,151,255,98,247,192,155,241,131,193,196,0,110,65,255,0,255,59,115,29,173,0,0,255,53,181,255
172,14,181,127,184,84,137,46,176,56,53,49,152,177,23,49,117,137,208,143,87,255,125,127,61,105,148,152,183,14,73,94,109,161,182,170,86,28,190,85,102,108,2,151,83,156,0,189,85,168,163,87,65,104,81,67,193,0,220,201,150,146,19,150,255,163,203,146,151,144,29,132,251,111,88,2,174,174,127,75,51,255,255,164,114,112,132,209,251,83,13,27,153,216,229,36,76,0,255,161,204,0,14,138,89,255,241,223,250,97,148,200,0,119,135,213,79,255,255,86,123,239,0,179,91,185,62,255
169,12,195,129,183,72,127,43,154,116,82,73,135,178,36,41,110,112,205,115,74,255,105,120,12,135,94,146,166,15,107,68,117,127,183,203,128,49,142,78,127,52,127,165,131,136,6,120,28,216,155,49,70,152,98,105,118,23,213,190,104,104,32,137,255,136,200,104,193,75,117,83,255,193,105,0,229,207,95,135,75,255,246,119,174,85,176,218,190,98,64,188,160,241,136,169,17,3,248,165,156,88,116,181,80,255,186,225,187,136,94,170,0,98,154,73,7,255,163,141,93,243,110,36,226,225,65,255
167,12,192,130,192,87,125,55,161,118,95,82,148,163,21,34,97,111,220,106,78,249,112,131,24,139,95,140,168,51,119,60,111,151,196,182,98,48,148,61,62,75,80,147,147,135,31,134,41,255,161,24,107,131,69,68,89,0,184,201,105,77,45,185,255,156,246,132,183,169,26,99,222,185,129,4,171,222,58,115,88,255,255,103,180,99,185,249,205,121,61,147,122,246,117,167,7,0,255,189,195,79,180,197,77,240,246,169,240,157,93,152,0,97,69,159,0,255,173,42,50,231,114,14,238,180,45,255
164,12,183,128,201,68,141,54,140,118,104,104,164,153,0,8,117,108,196,124,90,255,95,104,51,103,111,115,122,32,137,73,84,109,190,169,108,26,161,76,14,102,113,139,159,120,2,144,20,181,151,102,138,148,37,85,79,14,181,255,117,50,87,153,255,132,236,83,183,84,91,145,206,255,128,0,113,166,0,89,122,236,189,117,118,52,129,255,219,137,49,76,227,255,120,163,50,0,255,193,223,27,127,163,0,255,200,235,255,148,105,167,0,27,161,120,0,175,108,31,150,205,0,0,209,209,0,255
164,18,174,122,199,71,122,59,181,147,87,57,187,195,0,40,147,68,234,140,63,223,108,107,40,171,131,159,158,57,71,35,133,112,181,175,82,99,139,39,80,51,17,206,150,97,79,117,71,255,129,59,130,62,93,100,80,39,188,198,103,102,116,160,255,151,170,144,132,161,32,130,180,243,131,4,112,114,0,119,134,227,183,183,187,153,126,255,151,37,65,186,100,181,103,114,0,0,255,176,143,0,61,140,0,242,249,95,200,181,153,129,0,184,18,83,46,255,44,88,126,135,51,0,175,113,82,255
168,0,170,139,143,64,137,44,194,137,83,69,111,172,32,30,68,86,179,95,89,255,149,82,38,189,117,73,194,69,81,88,153,138,89,129,83,106,112,55,162,38,88,166,131,229,73,135,104,133,175,156,60,80,107,99,111,93,193,127,34,72,0,167,255,112,195,133,107,195,94,180,246,237,78,0,59,230,192,43,113,169,239,139,156,138,85,255,194,99,128,214,52,181,208,164,108,0,125,119,217,142,79,212,86,196,159,210,198,158,221,136,0,83,208,105,136,255,195,172,143,231,34,175,110,222,255,255
175,11,141,115,207,71,91,131,127,209,192,100,113,124,143,57,145,103,143,156,64,224,112,45,89,172,165,162,230,166,50,95,147,135,157,128,136,83,100,94,175,236,131,173,118,153,27,71,58,101,142,147,99,144,148,82,138,105,103,224,192,126,22,171,141,221,174,93,106,191,128,176,207,149,116,161,100,150,142,122,158,160,212,63,83,164,145,255,130,151,189,79,67,255,52,203,100,136,99,114,176,60,137,73,165,251,97,184,109,186,122,179,102,120,177,65,142,255,0,86,138,207,25,159,196,75,0,255
173,8,147,108,197,67,79,139,142,188,150,63,127,127,118,46,98,184,161,169,0,225,82,110,91,175,151,189,170,118,119,154,136,114,141,128,185,82,154,58,193,196,126,146,136,130,112,90,85,107,176,144,126,143,119,96,124,99,92,211,172,152,61,148,110,194,126,96,126,125,82,131,208,187,100,139,112,148,158,91,66,150,161,140,64,162,169,185,140,103,87,77,17,138,87,153,115,122,58,155,116,144,82,68,92,219,122,141,183,149,164,108,86,165,123,80,128,225,44,191,105,109,85,165,255,87,30,255
175,8,146,96,214,75,77,129,147,174,151,51,120,147,101,35,109,237,196,193,0,208,99,177,69,152,150,185,123,68,192,131,106,82,139,130,139,120,183,135,116,174,32,144,123,163,132,92,123,110,126,93,129,78,85,151,125,106,113,206,131,122,121,98,173,168,81,123,144,134,145,112,127,188,137,155,131,137,94,167,99,192,152,130,91,102,138,202,146,88,63,144,95,112,110,171,89,50,121,209,207,122,119,113,107,182,84,115,172,130,178,135,68,137,71,56,147,183,47,216,101,116,101,84,171,147,69,255
175,8,146,96,214,76,77,129,148,174,151,51,120,147,101,35,109,238,196,193,0,208,99,177,69,152,150,185,123,68,193,131,106,82,139,130,139,120,184,136,115,174,31,144,123,163,132,92,123,110,126,93,129,77,86,150,125,106,113,206,130,121,121,97,174,168,81,124,144,135,146,112,127,188,138,154,132,137,93,168,100,193,152,130,91,102,138,202,146,88,63,145,95,112,110,171,88,50,122,210,207,121,120,114,106,182,84,114,170,130,178,136,67,136,72,55,147,184,48,216,101,116,100,83,170,147,69,255
175,8,146,96,214,76,77,129,148,174,151,51,120,147,101,35,109,238,196,193,0,208,99,177,69,152,150,185,123,68,193,131,106,82,139,130,139,120,184,136,115,174,31,144,123,163,132,92,123,110,126,93,129,77,86,150,125,106,113,206,130,121,121,97,174,168,81,124,144,135,146,112,127,188,138,154,132,137,93,168,100,193,152,130,91,102,138,202,146,88,63,145,95,112,110,171,88,50,122,210,207,121,120,114,106,182,84,114,170,130,178,136,67,136,72,55,147,184,48,216,101,116,100,83,170,147,69,255
175,8,146,96,214,76,77,129,148,174,151,51,120,147,101,35,109,238,196,193,0,208,99,177,69,152,150,185,123,68,193,131,106,82,139,130,139,120,184,136,115,174,31,144,123,163,132,92,123,110,126,93,129,77,86,150,125,106,113,206,130,121,121,97,174,168,81,124,144,135,146,112,127,188,138,154,132,137,93,168,100,193,152,130,91,102,138,202,146,88,63,145,95,112,110,171,88,50,122,210,207,121,120,114,106,182,84,114,170,130,178,136,67,136,72,55,147,184,48,216,101,116,100,83,170,147,69,255
175,8,146,96,214,76,77,129,148,174,151,51,120,147,101,35,109,238,196,193,0,208,99,177,69,152,150,185,123,68,193,131,106,82,139,130,139,120,184,136,115,174,31,144,123,163,132,92,123,110,126,93,129,77,86,150,125,106,113,206,130,121,121,97,174,168,81,124,144,135,146,112,127,188,138,154,132,137,93,168,100,193,152,130,91,102,138,202,146,88,63,145,95,112,110,171,88,50,122,210,207,121,120,114,106,182,84,114,170,130,178,136,67,136,72,55,147,184,48,216,101,116,100,83,170,147,69,255
