163,23,135,109,220,36,109,73,146,185,148,57,141,142,113,39,166,106,174,150,53,176,136,44,95,115,184,218,72,169,88,89,116,47,103,149,108,65,60,65,83,149,82,169,83,126,82,123,72,253,201,151,117,123,174,145,177,64,42,132,156,73,7,164,98,126,98,110,213,10,136,97,255,97,168,184,159,129,171,166,146,239,116,197,65,150,135,114,150,0,65,136,173,140,47,214,82,35,128,149,212,65,28,54,64,255,74,220,170,79,156,90,3,219,160,28,59,51,0,155,119,29,9,153,229,130,41,255
162,12,157,104,148,0,103,53,197,202,96,43,99,205,100,99,202,68,153,166,7,204,199,63,133,105,255,148,238,207,15,89,97,11,173,70,91,102,188,105,75,1,0,220,198,255,95,28,238,255,0,104,117,102,169,37,255,89,54,231,73,216,0,137,86,3,146,96,118,0,222,101,255,255,125,82,96,139,0,109,67,255,255,164,200,186,0,90,171,0,184,209,93,61,180,255,131,0,60,82,104,0,0,255,0,255,0,255,255,255,229,0,11,0,242,0,251,240,106,255,44,0,110,218,0,228,255,255
159,10,150,123,182,7,109,62,166,191,109,105,160,143,100,36,128,106,207,133,67,163,118,35,46,175,117,160,181,146,63,135,108,140,48,149,72,75,73,93,125,208,83,185,160,213,79,77,106,182,86,83,122,107,136,93,183,122,11,184,162,85,76,69,153,54,103,64,148,144,133,94,217,255,112,182,95,173,115,246,105,238,146,149,148,185,104,255,227,0,166,89,109,207,0,255,135,0,110,113,108,129,134,58,0,216,178,160,130,189,224,40,0,111,222,0,121,128,0,170,19,119,0,222,168,107,215,255
159,7,150,95,140,0,120,50,217,211,33,55,67,178,2,18,64,68,176,127,46,97,232,0,142,54,203,255,53,191,79,127,131,35,78,255,174,102,255,139,137,38,140,255,255,255,93,144,123,255,48,31,52,89,60,0,238,52,2,216,71,87,66,31,255,0,161,2,218,57,150,166,255,255,186,119,105,164,51,35,183,255,255,255,115,126,211,133,134,0,255,255,166,76,128,255,236,0,0,59,245,0,30,203,0,255,0,181,239,255,236,0,0,0,255,0,114,51,0,169,29,0,145,255,21,96,255,255
164,7,152,107,124,0,112,62,210,225,33,56,77,174,28,0,33,69,136,153,83,72,255,0,110,40,218,255,50,181,48,53,190,32,91,255,175,58,245,213,203,89,153,252,255,255,36,136,141,255,59,46,65,61,190,38,231,12,22,211,11,144,0,67,255,0,208,0,247,53,111,94,255,255,171,100,95,96,51,47,255,255,255,255,46,144,189,48,81,0,255,255,212,0,173,254,255,0,69,41,168,0,0,243,60,255,0,195,255,221,255,0,44,0,255,0,154,151,0,177,0,0,168,255,0,224,255,255
155,28,155,78,251,55,152,119,174,218,86,120,193,170,0,53,223,125,179,188,27,229,161,82,132,41,218,255,128,66,131,35,96,110,32,215,51,133,195,110,173,173,0,171,60,196,34,122,75,217,212,106,139,162,75,54,201,2,30,255,165,165,119,68,107,17,189,178,255,24,244,156,255,202,255,113,11,61,47,242,45,187,239,255,37,128,140,248,206,0,39,255,119,178,104,134,97,66,194,146,86,39,110,255,0,255,255,255,77,255,99,255,5,190,255,69,115,0,0,253,61,37,0,69,255,100,17,255
152,34,146,54,255,91,168,125,147,186,120,77,232,200,0,54,255,111,176,142,48,255,176,118,134,0,215,238,58,110,199,0,102,199,51,123,5,94,144,220,200,195,12,140,0,211,2,67,54,227,170,139,139,255,81,163,221,0,38,255,166,99,132,101,139,83,222,210,255,51,226,119,255,211,255,44,47,0,70,201,0,255,255,255,0,91,81,240,202,22,60,250,255,168,1,214,87,18,195,255,129,52,83,255,0,255,255,255,153,255,255,255,0,0,255,227,25,190,125,255,6,94,0,45,255,0,24,255
156,26,147,77,255,57,156,115,150,198,136,72,204,181,12,39,237,79,205,174,26,241,167,91,102,0,218,230,100,115,107,6,133,160,45,127,72,130,183,170,164,168,35,128,55,170,25,89,90,189,229,91,149,198,60,113,224,11,58,224,158,255,119,36,90,99,144,171,239,22,200,115,227,228,255,178,35,31,137,160,80,182,224,255,79,118,30,179,126,32,90,205,251,154,42,183,19,39,218,243,145,38,21,255,25,255,255,255,172,255,97,224,0,211,255,107,61,0,35,244,15,0,0,53,255,0,0,255
154,31,155,80,255,89,145,137,175,183,96,85,231,163,0,36,255,154,197,179,34,255,108,110,155,6,177,204,99,80,244,34,111,130,27,124,45,123,154,169,161,253,54,80,0,125,34,149,75,200,124,154,155,255,76,207,216,0,0,255,173,41,117,107,143,181,198,206,141,202,185,211,255,219,255,56,0,0,76,190,96,155,199,200,0,175,153,255,208,89,126,231,205,164,0,190,15,3,255,207,11,0,109,255,0,255,255,255,255,255,255,255,81,1,255,162,25,166,146,255,0,248,0,26,255,0,46,255
161,23,137,108,218,38,122,85,180,204,117,42,138,153,109,25,112,116,168,153,0,177,160,57,181,110,211,255,53,69,105,179,80,55,78,231,89,60,92,76,125,123,88,162,170,205,102,118,74,243,192,84,109,102,95,90,106,52,0,78,154,43,52,137,127,45,82,98,207,101,100,62,255,135,135,144,185,83,172,146,114,255,170,255,145,209,229,67,97,0,96,181,181,76,139,207,140,0,255,86,255,0,72,170,88,255,0,204,180,137,108,83,0,107,255,0,119,0,0,98,169,0,50,180,96,129,255,255
163,16,155,119,176,23,105,49,156,206,93,40,112,150,80,32,133,107,140,134,53,163,171,60,81,153,158,187,166,116,68,126,153,84,122,136,106,100,103,141,153,131,18,179,169,196,86,159,101,255,109,180,138,130,173,129,199,96,83,215,133,119,19,180,126,17,99,132,182,61,174,51,230,211,76,86,152,144,47,131,171,208,213,150,70,164,62,134,184,15,134,185,154,83,149,255,173,0,54,110,182,36,14,99,70,255,121,213,255,152,213,52,86,113,151,63,168,25,0,209,35,70,88,132,100,162,239,255
162,20,190,107,212,43,106,96,179,185,97,68,138,161,88,80,124,117,181,96,68,159,63,99,55,175,106,161,127,150,106,81,85,126,115,171,132,128,120,160,83,169,66,170,196,154,89,42,40,255,161,106,108,118,66,43,179,82,84,193,150,155,26,128,185,208,139,120,161,125,90,107,167,255,80,71,118,154,121,192,136,198,186,218,222,159,68,255,161,7,225,147,180,224,72,255,72,0,199,232,86,11,96,35,41,208,167,98,180,141,201,55,119,0,134,109,166,234,0,185,0,97,24,60,247,143,112,255
161,16,156,114,190,8,85,95,189,216,81,106,127,134,81,9,51,65,187,131,37,134,145,9,72,98,181,221,46,185,118,111,146,190,0,207,41,153,159,149,102,195,184,79,255,249,62,44,38,176,149,104,91,121,76,0,179,27,15,178,106,124,54,39,88,145,137,22,160,241,151,87,93,255,216,122,151,221,123,57,190,255,255,240,120,136,124,140,198,0,255,165,84,203,48,255,149,0,168,149,164,66,26,0,0,184,112,185,218,255,165,0,103,0,255,0,143,85,0,212,0,41,119,255,116,129,201,255
158,15,149,105,171,19,73,54,176,196,80,44,121,161,116,35,129,117,141,108,33,134,158,54,140,112,198,178,121,149,125,135,169,25,124,106,97,81,134,114,122,137,9,188,194,255,219,111,101,255,98,124,159,109,160,57,217,34,110,255,125,104,70,112,143,44,128,100,204,0,246,76,251,249,156,141,197,116,41,219,176,255,222,119,185,97,99,56,148,0,162,255,189,86,135,255,103,0,59,100,104,0,0,64,0,255,59,204,223,113,241,0,0,31,108,0,107,130,0,164,120,128,34,233,48,160,193,255
153,13,148,123,197,32,62,88,184,212,72,103,151,163,47,73,77,89,134,140,0,189,96,94,112,119,237,148,30,242,227,175,96,145,0,176,154,143,79,45,27,198,0,152,190,255,190,67,117,228,102,6,77,74,128,0,146,105,88,255,165,19,0,122,137,8,138,184,182,113,206,125,188,150,238,180,152,200,77,227,0,223,91,122,255,65,174,255,156,0,255,182,36,202,53,255,166,0,255,142,124,89,12,106,26,255,59,193,179,255,152,211,0,126,138,10,201,92,18,255,245,159,0,15,255,183,12,255
150,9,143,96,177,17,97,75,156,227,76,46,171,171,63,6,150,110,147,135,123,157,211,34,119,108,192,232,85,192,85,94,71,57,85,245,103,2,156,128,60,166,0,205,193,160,146,105,106,245,102,31,93,61,123,0,137,0,96,245,1,42,0,144,61,16,153,135,255,20,148,0,255,196,138,147,189,178,69,246,0,190,255,120,130,108,199,209,166,7,136,255,126,16,45,71,211,63,207,111,132,11,154,157,0,255,175,98,255,159,213,76,48,128,168,0,255,24,0,185,135,34,0,187,77,50,0,255
157,14,151,98,150,0,87,60,174,235,46,110,128,165,0,15,133,57,141,130,18,121,216,38,166,87,193,229,63,168,175,156,158,24,45,255,146,89,164,98,163,104,66,198,255,255,91,89,177,255,73,34,106,141,207,22,250,11,29,255,185,167,69,0,197,0,66,20,255,111,181,35,255,213,216,153,37,234,91,139,0,255,255,253,143,131,255,217,106,0,214,169,186,101,219,255,143,0,107,78,96,0,0,231,0,255,96,182,190,255,142,68,0,0,255,0,255,28,0,178,199,3,0,10,103,106,255,255
162,10,146,136,143,0,81,76,211,213,21,61,112,165,48,4,44,164,197,167,40,65,240,0,118,49,161,255,0,187,148,186,179,76,10,255,152,111,136,122,29,174,116,167,255,255,26,58,55,179,38,115,127,0,235,60,140,46,30,221,157,36,147,76,151,35,255,36,198,158,142,115,194,210,143,63,94,197,91,220,88,255,93,232,143,53,213,255,129,0,255,131,205,46,119,213,161,0,140,0,180,65,34,129,0,255,15,255,255,255,255,0,43,0,165,0,214,111,0,171,74,145,0,156,156,121,255,255
159,15,156,119,189,24,78,78,213,204,89,78,122,113,65,62,89,114,194,144,17,146,172,81,76,170,157,184,121,185,116,113,103,146,0,150,102,111,70,178,26,255,67,141,222,251,151,43,105,255,89,152,116,84,151,81,175,99,0,150,63,89,0,175,141,60,94,84,205,127,174,122,220,247,156,106,35,208,115,183,84,228,209,178,205,183,110,203,119,0,168,170,106,129,3,255,152,0,191,84,70,85,0,61,104,255,91,255,189,255,71,42,0,114,180,27,145,14,0,221,43,141,0,183,255,169,206,255
161,9,143,131,150,0,101,64,194,186,65,33,110,167,99,48,90,125,196,157,10,95,236,31,94,70,236,225,146,176,91,152,169,95,100,171,86,128,151,145,75,128,75,214,255,255,57,157,128,255,62,143,88,59,250,93,212,114,32,216,102,130,50,79,167,9,246,60,188,82,176,63,224,225,97,35,114,152,22,135,154,255,255,215,173,131,148,152,126,0,120,209,187,48,135,254,162,0,64,0,139,13,0,233,0,255,0,255,255,186,255,0,73,0,255,0,180,144,0,215,79,7,47,190,112,104,255,255
159,14,145,105,218,29,129,120,192,191,102,115,160,147,21,50,216,46,163,161,31,181,179,56,88,100,227,201,165,177,63,110,66,71,46,255,52,65,194,75,126,91,15,174,172,255,105,0,88,106,41,38,158,7,106,0,84,10,68,104,182,201,125,0,131,0,174,60,184,53,188,79,232,255,211,191,26,152,105,141,58,159,138,210,112,60,30,255,161,0,158,210,88,11,117,139,157,79,128,41,255,44,65,198,0,255,105,193,175,128,110,0,0,247,255,0,179,79,0,170,157,0,0,120,159,66,0,255
160,7,146,120,134,0,92,63,189,235,42,81,96,156,40,0,24,108,156,162,78,62,246,0,129,18,207,255,16,160,98,89,192,39,84,255,194,19,214,165,92,147,182,165,255,255,35,107,102,255,117,84,27,40,190,80,255,4,0,236,48,88,54,113,193,0,229,2,195,67,82,78,255,255,127,47,40,198,27,109,169,255,224,249,62,104,223,154,148,40,255,178,110,98,154,212,255,0,117,0,140,4,0,133,44,255,0,230,255,255,244,0,36,0,255,0,254,170,0,234,0,0,0,217,7,144,255,255
161,20,143,112,176,0,88,62,168,215,98,61,63,176,95,0,50,105,139,130,4,148,170,44,149,40,215,251,0,135,94,163,154,1,82,231,209,59,116,66,87,74,152,128,255,245,77,106,84,255,175,80,21,133,119,114,238,0,0,173,146,66,42,143,138,0,174,52,159,98,142,13,206,164,107,48,160,183,153,42,155,255,206,255,24,63,225,93,97,0,255,134,239,112,197,255,209,0,149,98,244,0,0,132,94,255,1,255,208,177,214,0,142,0,225,0,156,80,0,255,97,0,87,145,34,255,255,255
160,18,142,112,166,0,101,75,157,231,84,55,94,158,50,3,69,113,168,159,22,132,205,0,120,21,193,255,6,147,104,72,174,23,70,246,198,67,112,131,110,186,208,122,251,255,37,129,38,255,217,69,46,97,147,41,248,47,0,146,130,110,11,107,139,20,149,34,234,49,122,76,209,182,154,108,112,211,147,171,166,255,238,255,138,69,255,87,140,0,241,181,224,90,97,255,204,40,140,105,123,0,65,103,19,255,23,233,199,215,213,24,34,0,255,0,113,4,15,221,14,29,64,192,195,108,255,255
160,16,140,94,214,29,103,77,156,201,82,102,186,170,0,30,217,64,168,146,28,142,176,51,114,102,199,234,114,119,107,114,113,57,64,255,123,78,193,71,178,125,26,178,175,208,62,116,155,168,160,93,112,89,142,57,214,41,0,158,250,67,157,0,76,0,0,88,216,51,249,61,255,239,208,232,2,94,233,61,31,237,138,255,126,132,242,255,111,0,217,255,200,70,0,248,104,53,179,0,255,5,0,174,167,255,199,204,132,255,57,87,0,255,255,0,102,0,41,171,61,106,42,100,204,27,68,255
154,23,140,92,235,38,114,79,174,201,98,79,182,170,54,18,115,126,175,125,5,185,123,89,164,114,220,243,41,71,151,126,112,114,19,191,47,96,21,97,115,142,87,160,140,178,90,71,7,233,142,111,27,149,77,150,168,48,24,130,143,82,38,29,123,32,130,125,235,100,133,31,255,178,137,112,157,117,96,140,129,237,178,238,199,211,229,156,78,0,68,234,190,118,113,193,86,0,213,84,201,0,75,66,10,255,162,188,180,186,145,108,0,143,255,0,98,0,0,217,60,63,0,228,255,57,124,255
154,17,148,113,217,10,127,83,136,185,130,97,157,113,165,52,169,75,220,127,22,177,157,54,53,122,165,181,161,179,152,92,108,57,52,148,68,137,54,38,54,247,47,135,183,202,71,142,173,217,159,73,146,128,161,49,164,68,0,176,103,114,84,95,101,83,33,200,255,0,202,51,184,172,159,183,186,150,157,255,31,232,181,142,102,141,71,190,255,14,91,148,199,137,0,186,29,0,151,243,147,32,145,80,0,180,154,106,146,110,224,12,15,136,255,101,164,76,0,178,55,26,0,229,132,165,31,255
156,9,139,119,184,0,99,77,130,181,126,103,176,168,134,46,124,110,244,141,81,157,144,0,59,118,160,205,201,213,110,67,105,83,21,91,63,141,109,111,72,245,116,173,213,240,99,77,149,199,73,64,175,88,154,44,117,76,0,227,169,110,89,1,121,142,116,74,236,116,186,61,214,255,235,206,150,147,84,255,62,255,167,127,130,158,161,255,255,24,38,89,148,142,0,211,95,0,113,148,173,151,223,71,0,226,209,127,44,161,255,0,0,0,255,0,125,137,0,119,27,235,59,255,242,202,160,255
159,12,153,114,165,31,62,34,200,201,88,64,83,150,22,77,114,97,138,123,27,174,215,77,143,118,152,139,100,249,133,201,169,26,41,105,152,74,119,120,0,143,0,110,255,219,155,72,164,255,35,101,93,193,127,92,214,86,62,255,142,38,0,190,150,0,136,174,174,155,192,163,255,205,165,85,98,203,113,128,19,202,214,117,148,47,114,207,104,0,255,202,146,129,112,255,152,0,120,127,162,54,0,172,47,255,104,255,255,255,192,32,5,94,212,0,139,0,14,255,239,217,0,58,255,203,69,255
166,17,154,146,169,22,88,76,186,206,108,83,105,139,40,4,125,88,207,139,31,139,227,1,54,149,144,150,78,172,157,208,207,140,36,222,84,130,124,41,142,119,96,156,205,205,64,121,103,206,122,112,132,107,178,26,211,99,74,231,151,109,91,112,160,66,132,68,174,143,195,89,217,181,160,129,107,202,154,114,151,252,117,204,126,0,114,255,77,0,252,152,216,146,95,255,54,0,56,52,181,98,39,173,30,255,166,225,129,177,255,24,3,50,124,86,115,186,67,124,65,125,24,146,220,147,255,255
155,21,153,76,211,16,149,92,176,230,77,95,207,192,0,22,219,99,162,189,51,231,212,85,119,45,227,255,107,112,58,42,84,67,71,211,76,120,207,159,187,143,0,241,88,210,105,89,83,255,175,56,158,143,68,2,212,85,71,224,100,245,145,26,116,0,186,89,255,0,204,54,234,247,255,184,30,121,54,255,50,255,220,255,102,153,86,238,152,0,0,255,34,147,157,98,118,0,255,166,87,37,91,255,0,255,255,218,135,255,15,204,0,186,255,0,144,0,0,190,195,0,0,149,163,121,1,255
162,13,149,116,159,12,75,62,163,218,71,49,85,153,72,0,68,93,162,141,47,77,239,11,120,69,207,255,89,154,70,140,203,1,136,240,181,106,123,134,132,130,182,211,255,216,87,211,83,255,105,169,90,123,232,65,234,94,23,251,131,89,0,134,200,0,173,36,196,99,146,6,248,225,109,71,135,89,89,108,180,255,255,248,69,146,248,96,80,0,112,215,214,31,146,255,177,0,37,94,100,0,0,128,67,255,57,198,255,129,198,0,113,0,255,58,186,0,0,183,12,28,142,216,22,26,255,255
166,20,150,108,169,3,96,77,186,201,72,22,73,146,87,13,63,138,109,141,51,143,171,4,124,97,212,255,43,153,106,74,109,56,106,182,141,41,166,137,125,128,139,178,215,250,100,110,46,255,142,162,88,56,114,46,173,58,0,148,64,99,0,140,108,53,165,44,144,139,116,92,213,209,103,131,157,142,145,68,211,255,225,255,50,131,174,65,107,0,236,202,154,134,135,255,182,0,116,133,139,101,0,158,91,255,0,224,228,162,170,0,178,0,149,0,143,12,0,187,0,0,51,224,0,223,255,255
155,15,168,139,206,24,112,106,161,242,93,81,157,104,127,55,91,137,209,118,36,189,127,77,60,185,96,181,95,169,175,105,84,166,56,192,74,143,62,88,102,255,80,220,159,196,31,63,93,158,153,10,132,66,138,0,122,146,66,152,159,107,116,211,138,73,255,128,255,174,118,163,235,246,178,187,114,176,32,155,221,148,177,194,226,175,116,210,246,50,247,113,148,131,15,205,37,0,150,121,104,16,142,0,0,106,105,151,124,244,108,35,81,99,89,42,107,132,1,67,188,119,0,200,55,181,68,255
154,13,155,98,220,51,94,89,192,197,75,99,168,155,55,63,107,120,176,151,46,141,102,92,104,173,168,172,95,121,158,196,117,180,0,204,71,105,36,77,29,217,22,120,116,135,56,65,46,229,82,79,163,107,120,85,181,79,29,170,185,30,66,199,116,77,75,119,123,124,156,106,208,199,142,107,110,213,68,247,63,116,138,143,154,149,143,209,175,4,210,228,154,189,46,214,134,0,255,181,222,95,81,0,65,249,164,177,143,255,222,204,53,172,228,0,189,17,0,122,132,162,0,29,247,62,4,255
153,19,141,95,237,35,106,89,155,188,91,90,191,173,38,34,199,112,177,108,50,173,131,46,84,143,179,207,92,145,140,82,114,96,45,196,63,78,66,112,99,200,56,124,104,183,84,88,52,181,112,82,61,87,98,114,157,29,31,200,127,58,97,29,55,79,84,153,209,79,221,50,255,208,255,146,129,97,139,232,24,191,159,163,158,154,181,218,156,4,144,156,190,103,45,210,51,32,225,112,74,54,11,149,0,255,255,181,129,239,193,255,0,228,255,0,163,9,0,255,12,135,0,145,255,116,0,255
