172,19,147,123,202,51,99,102,167,177,103,57,86,123,93,84,136,131,127,130,56,229,107,74,88,192,118,152,138,176,165,175,80,133,82,148,145,42,116,76,168,160,156,126,155,170,81,93,65,143,109,249,148,78,160,107,115,44,23,150,178,156,80,156,74,164,105,69,132,204,68,183,169,158,80,128,62,208,189,0,134,151,139,169,5,118,110,150,141,91,155,106,145,136,143,179,0,151,100,147,167,155,0,88,93,207,34,172,175,212,158,62,120,171,133,0,46,109,0,172,214,112,0,76,207,65,18,255
159,25,169,87,236,62,109,78,204,216,98,63,165,225,63,85,143,146,196,172,31,181,62,67,99,153,191,198,218,111,45,0,143,87,92,65,2,163,194,115,0,84,0,132,220,173,139,175,0,255,194,196,92,184,132,157,54,58,67,218,39,107,0,106,139,212,92,187,206,73,174,63,166,147,116,0,119,80,35,196,0,159,214,255,255,156,68,184,94,0,112,188,36,172,42,184,29,0,213,133,47,75,0,94,42,255,120,224,211,251,139,0,0,0,231,99,186,73,0,255,68,78,45,152,165,113,238,255
157,15,165,70,188,60,130,40,221,223,73,89,132,212,57,96,111,203,242,175,46,118,160,81,137,183,174,246,207,112,0,44,121,0,60,91,31,16,255,152,0,84,0,202,201,138,133,247,0,255,255,155,37,144,255,102,149,87,0,243,56,0,0,213,234,97,210,127,242,20,167,168,222,151,103,0,0,68,151,164,0,153,255,255,219,163,255,171,117,0,0,200,42,210,52,255,127,0,205,53,88,177,45,34,215,255,18,255,168,255,121,84,0,0,238,40,95,41,0,255,47,83,36,127,205,99,255,255
164,14,167,120,190,71,101,45,192,161,87,21,137,180,67,71,101,141,228,121,95,125,180,87,99,161,145,182,159,161,68,103,117,49,144,90,78,86,110,66,0,104,64,196,253,103,163,108,29,255,132,196,48,59,127,94,227,35,108,226,123,20,45,189,210,100,169,110,227,116,109,107,196,161,15,57,54,163,110,174,132,177,229,205,142,160,68,199,184,0,45,205,209,96,153,218,95,55,156,142,125,32,22,0,7,255,144,184,245,72,246,110,0,156,0,45,90,50,0,192,16,162,144,139,189,62,125,255
174,9,146,98,213,75,78,128,146,175,152,51,120,146,103,36,109,231,193,188,0,208,98,173,71,154,149,185,127,72,187,131,107,86,142,132,145,117,179,130,124,174,38,147,121,159,131,97,115,113,129,96,131,80,87,153,130,112,109,208,140,123,116,105,163,171,85,111,143,131,141,115,129,191,127,154,129,137,98,161,101,184,152,127,86,105,135,199,141,90,70,135,92,115,110,173,91,53,116,201,208,125,114,110,115,185,88,123,178,137,171,129,76,142,74,66,146,184,40,211,101,121,95,90,170,145,69,255
175,8,146,96,214,76,77,129,148,174,151,51,120,147,101,35,109,238,196,193,0,208,99,177,69,152,150,185,123,68,193,131,106,82,139,130,139,120,184,136,115,174,31,144,123,163,132,92,123,110,126,93,129,77,86,150,125,106,113,206,130,121,121,97,174,168,81,124,144,135,146,112,127,188,138,154,132,137,93,168,100,193,152,130,91,102,138,202,146,88,63,145,95,112,110,171,88,50,122,210,207,121,120,114,106,182,84,114,170,130,178,136,67,136,72,55,147,184,48,216,101,116,100,83,170,147,69,255
175,8,146,96,214,76,77,129,148,174,151,51,120,147,101,35,109,238,196,193,0,208,99,177,69,152,150,185,123,68,193,131,106,82,139,130,139,120,184,136,115,174,31,144,123,163,132,92,123,110,126,93,129,77,86,150,125,106,113,206,130,121,121,97,174,168,81,124,144,135,146,112,127,188,138,154,132,137,93,168,100,193,152,130,91,102,138,202,146,88,63,145,95,112,110,171,88,50,122,210,207,121,120,114,106,182,84,114,170,130,178,136,67,136,72,55,147,184,48,216,101,116,100,83,170,147,69,255
161,23,183,89,217,66,123,58,216,227,99,25,151,210,70,102,116,133,202,178,65,118,154,91,83,209,151,224,200,144,0,51,147,0,125,74,61,38,249,131,0,111,0,234,95,81,128,109,50,255,240,193,124,137,160,86,20,27,58,208,116,0,0,187,180,151,191,175,162,117,144,206,255,141,45,78,0,243,205,134,88,53,137,255,187,148,149,255,47,0,62,255,227,173,81,195,101,0,131,174,0,0,0,21,194,255,81,146,70,246,54,36,0,63,81,122,0,0,0,255,20,13,85,69,204,100,246,255
163,22,162,115,191,68,111,75,177,214,145,13,115,178,79,48,127,95,185,117,29,186,189,20,77,155,159,163,132,150,65,90,156,0,118,157,134,75,165,1,0,61,59,155,172,125,150,76,120,255,100,114,69,102,173,159,225,68,104,177,128,33,14,113,115,150,117,38,171,139,55,131,255,107,95,25,43,183,167,199,0,160,214,241,51,139,87,255,155,14,124,130,107,155,123,208,0,66,200,96,206,28,140,85,0,198,76,219,229,255,150,60,13,79,55,254,181,142,0,255,113,57,0,0,242,89,164,255
162,13,164,112,176,44,122,31,187,175,98,0,128,185,93,67,90,127,220,136,79,129,221,41,72,132,188,173,191,73,14,96,173,30,118,94,76,65,187,53,0,57,52,222,249,182,109,134,77,255,58,146,58,89,173,91,218,24,87,184,75,0,58,87,255,78,156,78,205,55,159,107,201,192,61,56,17,126,66,191,148,254,255,255,99,186,96,132,197,0,0,247,143,160,169,204,101,39,86,132,151,0,125,85,0,255,110,148,228,108,255,41,0,26,160,88,175,72,22,255,0,39,90,141,122,16,255,255
167,18,144,117,212,69,87,88,157,182,89,48,105,144,78,54,128,129,161,124,77,184,119,91,97,193,139,189,98,167,152,135,112,122,114,114,82,63,127,35,92,195,127,192,171,115,158,116,45,184,104,224,91,71,155,118,139,43,63,155,198,92,132,201,92,129,126,60,166,188,70,140,192,151,122,158,102,167,191,59,209,150,162,182,12,73,142,128,105,58,134,173,115,84,91,210,26,161,102,120,177,104,20,0,101,229,150,182,130,207,159,76,31,147,92,0,0,57,0,182,156,140,67,140,192,44,117,255
175,8,146,96,214,76,77,129,148,174,151,51,120,147,101,35,109,238,196,193,0,208,99,177,69,152,150,185,123,68,193,131,106,82,139,130,139,120,184,136,115,174,31,144,123,163,132,92,123,110,126,93,129,77,86,150,125,106,113,206,130,121,121,97,174,168,81,124,144,135,146,112,127,188,138,154,132,137,93,168,100,193,152,130,91,102,138,202,146,88,63,145,95,112,110,171,88,50,122,210,207,121,120,114,106,182,84,114,170,130,178,136,67,136,72,55,147,184,48,217,101,116,100,83,170,147,69,255
175,8,146,96,214,76,77,129,148,174,151,51,120,147,101,35,109,238,196,193,0,208,99,177,69,152,150,185,123,68,193,131,106,82,139,130,139,120,184,136,115,174,31,144,123,163,132,92,123,110,126,93,129,77,86,150,125,106,113,206,130,121,121,97,174,168,81,124,144,135,146,112,127,188,138,154,132,137,93,168,100,193,152,130,91,102,138,202,146,88,63,145,95,112,110,171,88,50,122,210,207,121,120,114,106,182,84,114,170,130,178,136,67,136,72,55,147,184,48,216,101,116,100,83,170,147,69,255
