154,14,157,70,238,103,125,81,122,215,135,143,120,147,132,100,55,109,167,160,35,239,66,149,115,128,119,142,118,104,175,130,115,195,32,149,81,140,86,56,101,223,130,189,192,121,108,173,188,159,149,72,115,98,68,52,178,40,126,200,250,77,126,244,189,75,125,63,250,91,154,104,122,253,122,77,53,255,160,129,130,10,255,65,48,103,88,126,173,56,103,199,165,163,16,255,56,129,237,233,255,27,159,121,75,238,197,176,182,194,255,122,117,116,240,0,144,151,0,145,26,0,11,101,98,46,56,255
151,19,153,62,226,48,139,86,112,199,184,133,115,176,199,69,44,115,190,104,48,212,110,40,88,141,149,204,114,125,156,127,126,99,34,202,204,76,103,107,111,196,76,80,71,170,117,78,120,190,251,0,102,196,110,2,193,11,146,255,206,88,0,227,185,155,146,61,215,0,110,128,137,201,79,82,176,138,114,187,30,182,253,119,53,79,95,176,156,149,85,125,190,255,30,255,81,51,120,255,194,44,227,0,2,189,190,104,119,175,255,176,94,49,104,0,105,146,0,186,42,0,0,119,175,66,34,255
160,20,172,78,188,38,101,54,121,175,150,75,90,119,152,70,58,110,168,147,8,218,78,118,115,125,167,200,139,96,151,125,80,77,65,164,154,16,119,96,127,179,145,171,170,244,121,127,109,160,166,29,141,177,25,13,212,143,63,118,210,0,0,231,213,158,143,0,202,22,154,44,213,255,30,133,59,177,152,135,232,72,248,109,139,130,109,158,111,99,115,170,102,150,124,255,67,29,85,255,152,0,176,158,167,137,132,28,90,162,255,137,134,94,184,0,203,154,0,76,88,6,0,58,74,33,230,255
165,29,194,62,193,52,118,104,133,255,87,83,138,90,123,56,0,121,136,87,63,255,100,115,147,250,161,95,141,35,225,121,79,81,39,255,134,3,40,197,122,174,30,255,106,255,0,88,178,186,174,109,0,217,0,48,51,44,14,140,255,255,30,255,198,114,27,65,194,50,84,25,255,44,0,171,24,255,222,153,176,149,255,106,255,166,159,156,62,191,116,218,255,255,36,248,15,109,255,255,226,0,197,157,0,255,110,0,6,255,203,206,80,0,255,0,182,164,0,80,245,0,132,148,62,255,143,255
152,18,164,59,247,89,153,69,115,228,144,133,94,182,199,112,22,145,186,160,48,184,90,110,92,148,125,173,91,74,184,124,97,177,20,221,159,102,101,114,66,196,64,156,159,162,114,210,168,181,207,20,122,195,113,14,113,61,152,165,225,16,81,255,193,132,137,150,255,0,124,156,118,255,115,106,102,182,96,173,63,101,255,150,47,94,111,164,231,128,68,202,108,212,36,255,39,0,177,255,240,2,253,175,0,247,184,106,160,176,255,189,147,0,194,3,169,130,0,107,134,0,0,71,72,31,106,255
151,19,157,73,239,44,151,98,116,184,172,155,138,169,172,90,51,109,187,90,33,214,89,48,86,117,146,176,129,120,156,107,159,96,17,153,178,112,115,143,108,197,119,102,42,125,77,67,99,227,228,0,142,255,44,20,147,50,145,237,219,105,41,193,192,161,124,95,200,0,98,148,84,217,193,62,127,162,91,171,95,171,241,168,105,81,117,230,159,82,71,130,165,255,0,255,103,8,169,255,255,40,214,0,20,180,200,74,102,128,255,164,78,97,255,48,66,58,0,246,0,0,0,132,255,37,0,255
154,21,175,61,244,68,142,107,121,198,153,172,119,184,185,127,55,157,155,98,47,191,65,87,61,149,182,169,171,138,136,78,205,126,23,151,171,107,159,156,69,193,89,133,38,120,93,105,101,196,210,28,150,240,56,17,108,64,174,255,233,69,89,208,163,191,178,111,225,0,182,143,172,183,117,73,93,197,78,177,115,158,234,126,85,123,72,255,198,203,53,143,227,255,0,255,0,65,245,255,216,30,255,0,119,155,123,108,113,157,255,206,162,60,203,90,18,145,0,152,0,0,0,116,252,33,0,255
153,21,159,79,230,52,143,83,102,177,191,127,119,170,188,93,58,117,168,112,34,205,95,58,86,154,142,135,151,130,130,115,134,81,70,153,184,49,109,137,74,184,113,110,32,100,89,67,69,216,211,30,178,184,45,29,136,61,195,218,178,31,75,239,230,224,159,44,230,0,132,115,173,199,63,74,112,198,74,145,54,149,191,90,128,144,84,242,206,157,96,126,160,255,0,255,67,31,169,255,255,43,224,23,25,120,174,106,145,210,255,128,64,98,229,56,48,62,0,177,26,0,10,143,255,62,16,255
152,15,157,79,209,27,112,89,117,162,184,150,121,165,184,53,36,99,152,82,51,206,72,47,56,167,186,143,142,142,135,121,177,56,39,122,237,118,94,100,132,225,129,88,18,162,161,68,37,127,208,24,89,192,88,23,150,57,135,254,172,63,26,203,230,207,167,0,222,0,160,120,108,182,73,51,138,162,81,146,101,201,212,59,137,150,70,229,144,172,71,110,163,255,0,255,44,65,132,255,251,86,255,0,135,177,186,95,109,172,255,215,207,107,148,90,37,127,0,221,0,4,0,176,226,104,16,255
149,17,162,54,244,80,160,83,121,221,124,174,109,176,172,145,58,144,172,107,36,194,29,79,115,161,97,186,146,89,202,102,133,176,34,238,145,89,170,104,143,213,45,121,103,159,100,135,150,214,184,26,87,255,68,24,172,55,200,255,221,93,91,235,121,101,111,152,255,0,160,106,66,255,209,67,129,219,107,30,0,127,255,132,92,84,95,192,167,121,204,123,137,255,0,255,0,2,178,255,210,0,140,187,0,149,209,0,159,251,255,223,87,47,255,0,213,123,0,255,54,0,0,118,164,0,0,255
149,18,158,65,247,59,139,81,123,203,149,176,128,181,173,98,47,124,177,91,31,223,49,69,94,167,115,151,94,97,176,116,146,152,3,156,163,150,84,125,125,217,114,56,76,113,98,137,66,226,216,33,118,255,94,51,154,51,169,255,218,71,69,223,190,146,159,121,255,0,161,110,70,185,181,24,109,191,83,114,66,160,255,138,95,96,86,187,193,110,128,117,149,255,26,255,0,0,195,255,218,42,179,3,0,202,255,78,114,191,255,194,90,85,255,26,136,59,0,255,64,2,1,166,255,51,0,255
153,19,156,79,244,30,123,89,122,166,157,162,155,182,126,58,110,135,162,112,55,212,45,83,89,127,138,127,123,121,161,84,136,118,16,97,207,163,124,145,116,255,127,50,0,41,133,103,29,224,224,69,200,255,122,46,237,54,80,202,158,119,115,175,190,250,145,75,202,0,183,152,109,146,251,69,55,117,78,134,126,227,142,153,93,141,83,224,170,115,84,121,149,255,0,255,42,0,255,255,216,123,125,0,97,66,255,189,163,255,255,255,128,204,255,66,35,0,0,255,0,173,45,242,255,93,0,255
151,16,153,65,228,58,105,80,114,186,166,115,122,144,179,56,28,112,176,136,37,158,55,98,128,120,201,156,137,97,145,118,134,120,22,158,216,63,67,110,98,234,94,144,94,175,114,98,111,173,200,7,94,182,70,0,162,51,104,196,191,42,27,243,169,178,143,52,191,0,141,110,126,227,73,93,138,168,104,132,72,165,255,44,80,132,126,201,149,143,89,106,114,255,0,255,57,47,159,255,220,31,228,86,96,231,200,72,113,255,255,245,178,83,181,3,195,160,0,154,35,0,0,64,128,92,57,255
153,20,161,66,241,61,111,93,126,190,161,137,147,155,146,82,44,137,164,124,34,186,26,82,124,133,166,131,151,77,94,121,144,115,43,152,247,124,61,170,130,235,90,100,0,91,71,64,42,218,255,40,134,205,64,24,157,124,179,252,255,82,51,255,149,218,214,36,171,0,199,139,130,160,120,24,77,154,90,173,166,117,178,69,139,109,46,197,147,101,83,123,192,255,0,255,76,0,255,255,239,0,186,0,60,241,198,126,37,255,255,251,173,133,191,29,156,17,0,255,0,22,34,156,229,183,0,255
151,21,155,50,237,77,117,97,121,195,180,143,101,198,221,108,30,160,167,101,68,241,84,94,76,167,227,233,93,100,134,134,163,145,13,144,217,93,33,66,133,191,69,208,22,140,135,114,116,189,245,2,138,171,90,41,157,79,168,255,233,32,30,255,167,182,219,66,251,0,124,141,178,122,74,100,156,157,74,206,6,255,214,14,99,170,182,201,125,218,0,188,168,255,0,255,0,30,227,255,255,32,255,0,0,255,154,196,41,213,255,202,104,38,129,0,126,212,0,144,54,0,0,133,255,0,111,255
154,17,151,73,226,43,142,95,130,179,156,132,123,185,158,86,126,130,162,130,72,200,91,43,58,181,185,199,123,145,119,44,123,58,45,134,204,105,71,109,110,195,85,94,0,128,180,111,82,187,188,46,175,155,162,74,188,72,80,172,149,106,16,225,214,175,128,37,222,0,130,105,164,146,173,130,84,161,79,155,74,204,199,158,81,82,124,197,154,121,48,152,116,255,0,250,47,49,136,255,247,79,242,0,102,255,205,160,106,168,255,128,23,117,157,0,71,0,0,177,37,9,0,121,255,15,0,255
153,22,163,59,253,92,148,85,107,224,148,147,153,131,180,132,43,166,157,144,14,246,58,105,146,109,113,136,120,57,141,121,112,179,69,169,137,80,53,157,97,198,73,159,70,63,51,141,142,246,224,49,162,218,44,89,160,93,190,222,255,132,47,255,168,169,173,123,255,0,129,134,150,241,106,64,83,194,138,196,86,40,246,80,43,108,91,206,211,123,73,160,209,185,50,242,0,38,255,255,255,1,255,51,0,255,148,137,105,177,255,117,106,29,227,0,64,122,0,188,73,0,0,96,208,64,0,255
149,18,146,76,230,30,129,74,115,177,177,153,139,173,159,65,69,111,187,111,34,212,64,17,96,160,152,107,58,97,88,129,129,65,66,128,255,87,32,165,152,236,113,38,0,82,102,63,3,207,255,15,159,216,127,40,160,128,240,255,195,43,32,255,189,250,255,9,255,0,195,92,163,107,220,29,85,95,16,125,128,231,186,93,184,143,25,86,149,82,100,127,229,255,0,204,91,0,184,255,232,64,163,0,0,218,255,90,71,255,255,236,148,208,238,70,63,0,0,255,0,71,77,251,255,162,0,255
151,15,160,64,231,64,126,71,102,198,151,159,125,120,185,96,55,116,177,116,46,163,15,69,112,171,138,141,149,97,109,119,121,119,35,198,193,52,56,141,69,247,122,109,2,115,103,139,73,178,175,8,173,191,97,11,179,117,190,180,233,50,65,255,210,176,184,0,227,0,159,122,173,189,58,32,48,189,142,122,105,89,255,25,62,151,27,201,231,99,118,89,200,228,0,255,97,37,224,255,249,32,227,0,48,169,180,41,98,230,255,193,212,147,245,25,148,38,0,163,12,0,46,129,223,133,0,255
152,21,156,59,248,85,142,88,113,206,168,145,118,187,185,111,25,146,156,116,44,209,57,97,132,141,146,152,102,55,142,131,151,146,57,178,185,88,69,143,110,173,74,108,17,101,89,129,96,218,250,21,89,198,103,97,142,48,223,253,255,65,88,255,189,142,228,73,224,0,159,164,159,170,71,31,104,186,56,142,117,126,227,96,63,95,79,162,174,156,49,170,225,230,3,246,26,36,198,255,255,0,255,61,0,255,157,127,56,230,255,237,101,105,179,0,66,113,0,149,60,0,0,98,230,87,66,255
152,21,154,54,236,78,107,89,110,196,187,91,119,149,211,83,20,144,180,155,42,181,44,103,141,122,233,199,143,54,108,122,128,150,54,178,228,0,60,105,129,210,60,230,13,205,100,83,124,168,255,0,137,147,43,31,169,117,141,233,242,42,0,255,176,205,213,48,165,0,152,169,225,216,25,116,157,146,155,155,74,155,210,0,92,152,128,166,130,164,44,175,194,255,0,255,29,14,153,252,202,0,255,100,56,255,114,98,17,255,255,226,120,46,120,0,176,236,0,124,3,0,0,71,154,72,126,255
153,20,148,64,232,50,131,101,123,186,170,110,145,173,178,82,93,141,156,116,49,223,123,58,78,182,194,174,95,120,112,93,129,91,59,129,189,56,51,168,104,196,75,97,0,116,110,112,63,227,221,33,123,145,104,69,142,62,108,196,167,78,0,245,140,204,162,59,199,0,125,109,237,120,123,134,117,188,137,200,29,200,214,73,93,101,149,202,125,149,7,155,157,240,5,255,31,16,180,248,222,12,248,0,64,255,195,133,76,255,255,167,16,61,144,0,108,61,0,144,39,60,0,149,255,59,55,255
150,15,148,75,215,35,129,94,127,179,170,116,137,186,185,42,107,108,177,114,76,230,135,62,48,187,173,191,64,180,104,60,119,17,32,105,221,109,41,85,100,217,106,105,0,107,231,110,72,210,188,37,142,112,168,76,165,9,86,162,116,78,0,235,236,203,172,22,255,0,86,63,136,106,139,119,134,166,118,240,24,250,224,116,67,118,104,192,161,182,52,135,88,230,0,240,26,104,150,255,225,76,255,0,17,240,255,177,119,157,255,170,63,93,176,0,129,52,0,188,115,55,8,153,255,70,66,255
152,16,156,63,216,46,122,100,118,181,169,126,115,167,201,70,63,137,171,102,75,186,81,53,62,199,189,195,148,153,114,93,155,77,42,142,205,76,78,87,121,222,96,143,43,145,154,64,96,183,178,13,128,119,103,10,146,47,88,255,187,69,0,215,204,190,141,50,155,0,110,88,166,170,63,112,147,164,145,165,65,231,255,67,72,117,159,248,136,212,32,104,160,255,0,255,9,121,143,255,187,21,255,0,97,194,178,122,66,153,255,186,87,27,86,0,88,187,0,159,0,0,0,171,221,45,101,255
152,16,152,79,209,21,134,81,115,167,169,121,140,163,165,46,106,118,171,115,78,206,107,41,80,153,141,183,130,139,135,76,114,9,24,129,227,78,76,104,120,220,69,97,42,117,176,88,103,203,182,31,147,145,126,40,148,0,79,194,132,82,0,156,229,185,114,49,227,0,67,79,108,196,86,108,153,152,90,180,75,216,178,89,56,119,111,255,158,125,71,133,110,255,0,255,120,90,133,255,255,51,250,0,84,173,205,110,158,70,255,150,97,74,133,6,113,49,0,173,8,0,0,110,244,111,24,255
153,19,153,64,239,72,135,98,119,193,164,151,141,164,181,89,60,146,164,128,50,210,79,80,105,129,182,158,113,106,139,104,143,130,33,124,196,114,68,121,96,221,93,114,9,97,101,124,110,210,215,45,114,189,79,42,149,43,136,237,227,108,30,255,154,192,173,108,213,0,112,161,145,183,146,100,108,139,75,164,58,174,255,76,63,95,119,191,149,145,31,127,144,255,0,255,0,35,180,255,245,51,255,0,53,255,189,162,118,230,255,193,109,58,202,0,55,103,0,207,56,10,0,109,255,45,0,255
154,20,155,59,236,69,127,102,130,188,153,126,123,192,170,74,74,143,128,103,46,223,84,100,72,225,185,153,104,131,128,97,167,94,60,102,220,119,59,100,175,198,78,134,0,92,144,103,36,172,223,78,142,114,161,96,135,71,121,242,191,26,28,255,208,186,207,75,177,0,151,138,229,78,115,48,86,156,135,213,73,195,217,121,111,83,107,190,117,127,34,168,156,255,0,242,0,33,149,255,177,57,255,0,86,255,145,167,42,255,255,248,77,95,111,0,72,94,0,159,95,84,0,175,255,103,97,255
153,19,153,59,233,46,115,93,113,175,174,118,145,161,178,64,67,128,171,124,56,199,66,86,87,159,201,162,132,116,101,88,144,114,38,99,203,83,55,124,122,254,116,138,0,114,115,52,71,207,191,15,183,190,79,36,179,77,92,200,181,77,21,219,156,255,127,34,178,0,123,120,150,151,138,88,121,116,154,173,75,255,233,66,77,153,119,209,148,175,0,110,137,255,0,255,2,15,197,255,204,49,195,0,109,204,223,174,54,255,255,209,99,74,139,0,80,104,0,202,29,28,15,180,255,69,0,255
153,19,148,87,222,19,139,75,115,187,153,126,177,100,122,33,108,107,211,148,38,175,118,41,108,84,103,151,117,90,142,125,126,34,0,238,153,34,27,60,82,252,54,45,107,168,0,54,175,205,188,0,168,189,71,49,150,10,35,151,239,128,56,106,157,145,71,82,236,0,52,132,81,191,186,155,139,115,205,166,36,167,116,102,42,57,136,226,255,69,182,110,88,152,0,245,61,33,180,255,201,0,165,39,0,200,205,201,99,185,255,129,0,58,237,0,5,0,15,230,133,29,0,37,176,179,0,255
152,21,146,59,225,40,127,92,108,181,177,116,142,165,196,57,64,112,178,96,87,237,111,52,51,163,202,226,86,164,119,110,121,78,32,145,205,72,69,91,122,213,72,136,0,138,138,41,104,211,234,37,141,161,101,28,190,11,109,230,181,93,0,252,173,225,118,40,176,0,53,119,136,137,100,119,179,116,162,209,0,255,245,79,61,109,153,202,170,167,29,131,103,255,0,255,52,38,119,255,201,20,169,0,0,187,188,133,70,204,255,153,36,62,102,0,96,167,0,239,82,39,24,179,255,0,7,255
151,16,154,57,220,50,102,81,112,182,171,105,127,136,218,74,42,123,179,130,59,180,56,73,100,164,228,199,151,111,107,100,122,106,46,151,209,19,51,83,121,230,101,203,13,189,140,65,114,188,211,17,147,146,68,0,180,87,83,199,189,43,0,255,176,227,124,20,185,0,134,88,176,205,63,136,171,155,164,159,47,220,253,3,83,185,137,198,164,178,66,141,117,255,0,255,25,68,137,255,195,31,237,0,58,218,160,69,8,207,255,186,122,68,120,0,164,192,0,146,2,0,0,132,166,40,95,255
153,21,145,50,230,64,130,89,118,186,159,107,116,194,182,90,101,136,150,107,69,255,115,91,47,229,202,212,48,147,128,87,119,106,62,88,191,98,10,73,158,195,66,186,0,108,152,93,72,198,191,59,192,104,165,82,165,88,122,219,157,42,44,255,191,176,156,51,252,0,105,76,232,70,117,127,113,146,157,242,0,255,235,93,100,118,175,184,140,200,0,187,112,255,21,255,0,17,147,255,241,65,194,0,0,255,188,183,63,255,255,164,17,47,64,0,124,140,0,143,137,44,0,172,255,0,121,255
153,21,158,53,235,56,105,93,129,178,149,100,134,165,194,85,66,168,165,107,58,183,67,73,69,185,230,209,126,115,86,90,175,74,15,129,239,62,25,141,114,213,78,181,0,106,130,75,67,234,220,62,184,152,97,58,140,54,97,245,193,59,0,255,178,255,157,78,147,0,146,128,208,106,125,99,116,116,162,143,71,226,220,38,89,130,183,255,118,211,35,116,133,255,0,255,0,58,221,255,154,12,193,0,39,255,182,193,0,237,255,219,63,73,138,0,136,102,0,203,73,31,0,163,255,68,64,255
154,23,164,52,244,68,120,107,133,187,140,106,134,152,188,105,79,189,152,132,48,211,74,97,66,179,209,181,127,125,98,65,165,114,53,114,211,74,48,145,120,224,79,179,0,89,117,93,93,224,178,71,227,169,98,112,140,98,77,255,231,56,0,255,175,246,170,91,174,0,134,122,230,98,143,102,69,98,192,177,102,218,244,56,63,90,182,255,155,200,4,156,157,249,0,255,0,48,212,255,165,0,255,0,45,255,130,228,0,234,255,150,101,0,97,0,100,117,0,159,72,53,0,163,255,57,106,255
149,21,149,48,247,95,139,91,115,219,162,124,133,171,199,127,43,169,144,143,34,241,54,110,163,122,169,177,92,33,164,144,119,179,64,188,189,58,26,114,140,177,0,179,24,135,77,127,144,247,255,15,104,172,78,84,167,74,200,255,255,81,0,255,146,114,204,132,250,0,144,150,175,184,95,82,155,203,110,180,0,110,207,18,78,133,148,178,153,138,63,202,167,255,31,239,0,0,255,255,255,8,249,112,0,255,137,128,84,255,255,216,66,22,169,0,125,153,0,174,56,0,0,78,203,0,110,255
150,18,143,57,241,64,140,85,114,194,178,106,144,159,187,91,55,143,159,131,42,197,53,75,153,145,167,142,92,52,113,140,115,110,89,183,207,15,20,177,134,160,46,107,0,152,77,100,80,253,248,22,98,142,95,80,136,43,174,210,207,80,0,255,164,151,192,68,177,0,137,122,206,170,89,77,131,156,113,133,58,148,240,57,90,102,123,161,164,123,49,171,200,242,10,246,84,0,172,255,255,0,218,37,1,255,178,60,92,236,255,255,50,104,164,0,94,77,0,194,44,0,0,66,242,95,55,255
153,17,159,56,237,76,129,109,130,198,152,132,119,185,191,107,51,166,129,117,65,176,47,79,77,194,203,172,119,100,107,98,171,95,82,151,218,76,81,114,137,195,60,140,0,144,144,105,88,153,212,40,111,118,110,62,122,123,171,255,244,56,0,255,152,189,228,57,171,0,152,159,204,148,80,106,118,170,136,164,92,171,239,56,92,89,120,202,115,177,31,167,165,247,0,255,0,64,154,255,204,0,255,0,99,255,152,95,59,220,255,229,137,60,71,0,41,127,0,143,60,0,0,152,240,15,14,255
152,16,151,77,209,18,151,93,114,190,152,114,169,167,147,50,113,137,176,135,95,166,117,6,84,159,146,211,114,125,45,62,86,0,72,178,228,0,94,182,107,236,55,116,0,138,144,86,93,220,231,0,188,140,106,59,167,151,97,181,174,76,0,203,201,175,194,0,223,0,90,120,205,220,151,133,128,144,194,243,39,178,173,124,32,85,144,251,182,65,22,163,126,177,0,244,214,81,131,255,209,34,255,0,59,240,233,73,112,185,255,205,71,48,114,0,56,0,0,143,61,54,0,115,255,177,0,255
154,21,166,62,237,57,102,82,115,183,167,136,127,151,198,88,29,132,166,98,47,191,33,111,91,142,220,149,157,103,78,101,185,106,28,133,201,62,94,144,99,201,136,195,0,133,118,86,46,208,212,9,182,233,39,41,157,115,159,199,221,50,53,255,201,255,209,22,160,0,177,139,156,181,126,101,60,154,128,142,140,180,213,8,129,154,108,222,163,155,68,126,195,255,0,255,2,7,227,255,192,29,218,0,89,174,164,134,36,220,255,191,139,96,207,92,81,147,0,211,35,8,8,127,234,87,0,255
150,18,149,54,246,83,125,87,100,204,160,129,133,149,201,111,21,163,139,139,35,199,28,85,153,145,167,134,114,46,119,141,124,148,69,171,213,53,18,166,131,201,47,160,0,107,110,101,123,234,224,27,129,174,89,89,153,86,167,247,255,70,5,255,178,159,206,65,210,0,171,140,189,174,111,70,97,162,117,140,34,109,220,16,81,95,158,208,169,131,25,158,189,227,0,245,68,0,255,241,255,3,255,60,0,255,167,99,20,255,255,210,125,83,134,0,107,81,0,168,0,12,0,126,241,70,58,255
154,19,172,51,243,97,111,104,134,219,116,144,126,128,194,115,38,207,151,110,45,206,41,120,76,189,172,204,161,126,136,94,139,182,26,215,221,86,68,138,133,229,99,183,28,144,127,151,144,184,221,78,77,149,55,76,155,106,99,243,255,114,9,255,133,140,206,83,144,0,133,143,221,183,90,67,42,153,229,136,172,105,255,32,79,89,233,206,156,131,77,140,169,130,0,255,0,80,219,255,135,0,255,62,33,255,126,84,0,198,255,255,188,0,115,0,175,253,0,141,40,0,0,101,158,28,165,255
149,17,151,79,214,18,126,83,115,172,163,132,128,183,156,34,113,89,164,92,61,207,92,22,61,210,142,160,111,146,104,84,129,0,41,97,255,144,50,101,160,255,107,98,0,123,223,60,22,181,160,24,184,165,141,47,170,103,108,202,123,45,43,224,255,180,132,0,255,0,133,78,105,115,244,62,85,115,96,183,7,255,157,146,102,95,67,255,149,133,55,95,95,255,0,223,49,0,170,255,255,114,190,0,61,187,255,187,87,183,255,180,110,80,100,92,0,0,0,255,25,55,62,211,255,152,0,255
152,20,148,78,220,18,141,102,123,180,143,117,184,159,131,51,143,122,190,149,56,196,94,17,67,153,170,192,70,100,94,74,102,3,51,115,199,54,79,133,143,255,42,112,0,119,106,50,87,171,212,0,255,196,93,50,151,134,74,224,229,93,0,122,176,242,144,36,189,0,120,172,204,214,255,188,136,86,229,214,32,224,151,148,68,117,125,234,162,91,58,140,116,241,0,255,93,10,141,255,196,59,226,0,0,255,255,127,24,255,255,177,60,66,177,0,12,0,0,167,91,87,0,228,255,145,0,255
155,20,144,84,207,9,139,89,106,179,193,93,156,137,180,30,123,102,187,126,64,230,151,32,76,140,170,190,115,157,84,98,113,17,85,144,219,32,55,108,140,211,100,139,0,152,126,65,66,180,199,28,152,122,104,79,195,48,75,154,144,135,0,195,196,212,133,17,207,0,34,89,171,159,109,141,156,137,164,195,70,255,218,105,38,84,114,210,176,133,59,116,159,255,12,245,97,61,65,255,247,0,197,0,55,167,177,156,93,136,255,76,14,59,157,0,0,66,0,230,57,0,1,155,255,133,75,255
152,23,168,53,238,55,120,86,123,203,165,133,128,165,218,111,14,159,178,82,37,213,56,102,67,171,164,185,146,89,104,144,197,102,0,179,169,58,37,161,102,198,84,157,45,140,80,102,66,255,229,0,187,255,84,74,128,77,154,249,239,52,0,226,152,234,153,47,204,0,111,160,80,142,135,34,147,193,170,196,63,170,202,77,60,154,125,255,169,164,73,105,178,255,0,255,0,19,255,255,148,8,203,0,17,230,138,168,0,181,255,202,106,32,162,25,82,121,0,172,168,0,0,81,218,76,26,255
155,22,172,65,236,72,167,90,141,213,128,129,168,152,149,98,79,153,175,149,55,179,100,95,76,158,130,166,135,109,96,111,120,96,58,178,147,93,116,157,76,198,34,151,67,105,18,176,54,246,250,54,143,199,96,5,103,107,149,183,255,43,0,209,208,170,142,126,219,9,113,118,180,237,119,88,77,181,220,255,93,98,255,221,41,118,73,255,235,38,47,220,172,202,19,255,71,61,209,255,211,0,255,12,100,255,165,102,131,99,255,243,133,0,185,56,0,0,0,207,77,0,0,52,255,150,24,255
154,24,164,54,249,66,134,108,131,196,144,146,151,173,161,104,52,157,148,113,41,228,62,90,94,143,178,188,131,110,139,91,158,122,18,151,175,116,69,159,124,211,85,120,3,114,59,94,72,246,255,27,158,252,73,65,143,66,105,255,255,36,16,210,152,193,133,85,183,0,158,155,199,138,149,2,125,152,181,219,96,170,245,164,66,115,151,253,173,96,46,204,182,255,0,255,39,48,255,255,199,0,230,0,52,255,135,158,13,228,255,255,89,58,184,17,68,87,0,218,74,71,0,116,255,94,10,255
153,25,174,55,254,65,143,114,134,202,144,145,137,195,189,124,66,188,139,90,35,218,71,98,51,187,171,170,109,135,114,80,213,110,67,153,190,97,97,186,115,203,81,152,0,125,95,109,56,233,220,9,190,234,114,97,113,62,145,255,255,24,16,208,172,225,211,104,200,0,181,167,234,122,140,5,107,149,198,203,127,187,252,168,80,85,150,255,224,152,59,152,214,232,0,255,0,28,195,255,163,0,255,0,22,255,107,173,20,212,255,233,113,12,163,112,27,124,0,225,68,30,0,179,255,79,20,255
150,19,151,67,231,43,132,77,110,193,191,143,136,155,204,86,39,126,176,106,21,235,89,73,129,170,150,138,102,77,105,165,115,122,63,145,192,49,14,158,119,186,130,146,0,114,89,107,42,255,225,0,166,244,65,48,167,100,139,175,202,35,0,255,199,174,162,20,238,0,137,73,166,177,106,55,111,202,100,183,73,178,219,91,124,160,149,199,214,87,13,181,157,255,0,255,101,0,212,255,255,32,248,0,0,152,186,90,97,188,255,128,66,112,221,0,61,11,0,209,0,14,0,186,255,91,47,255
154,21,176,51,243,83,135,90,130,214,142,156,129,157,198,140,37,184,178,108,44,214,63,122,75,169,175,181,170,111,119,108,180,157,35,191,162,65,112,171,61,191,98,224,74,130,70,175,91,255,209,36,115,238,48,46,104,82,151,249,255,63,54,255,171,151,166,104,220,25,160,113,194,223,90,69,49,215,163,165,106,97,255,61,77,141,145,255,176,146,29,165,255,255,0,255,0,60,255,255,207,0,255,0,84,205,101,120,72,130,255,183,116,0,200,35,83,196,0,186,22,0,0,58,239,51,70,255
153,23,161,64,224,27,109,84,100,171,193,101,144,129,206,60,34,111,216,103,54,212,99,51,56,124,206,202,146,131,98,118,139,86,9,148,174,24,74,137,98,223,111,134,61,156,96,9,100,211,227,0,209,231,13,15,199,68,98,211,205,77,0,197,168,255,98,0,163,0,78,101,97,214,69,129,170,121,169,215,62,233,201,27,75,173,109,255,197,175,67,95,140,255,0,255,37,74,124,255,183,45,186,0,52,156,196,125,13,150,255,117,118,45,143,2,135,160,0,155,25,18,2,113,210,73,5,255
154,23,172,67,244,54,142,84,99,212,193,152,145,133,214,92,3,137,198,103,33,215,70,94,58,152,106,148,147,154,108,117,156,168,24,185,180,114,38,167,66,251,140,191,82,99,66,66,171,239,174,4,197,255,20,56,134,74,189,204,255,124,4,207,172,240,147,47,238,0,59,138,120,226,86,48,120,178,152,144,140,114,255,86,111,149,108,209,193,157,122,50,177,255,0,255,0,20,163,255,190,12,189,0,0,96,209,230,112,228,255,107,114,80,230,38,84,49,0,236,91,0,82,113,235,107,0,255
151,18,147,67,238,76,142,77,106,201,189,125,121,160,192,89,18,125,195,174,47,228,97,95,133,101,160,169,91,91,161,119,78,177,44,183,196,92,56,103,93,194,47,197,123,160,141,144,168,210,231,19,106,152,114,24,170,47,155,171,218,57,15,255,212,121,152,84,249,0,102,152,175,255,25,107,159,181,58,181,30,126,251,81,64,133,114,160,190,85,45,231,107,255,5,255,137,8,123,255,255,81,243,55,1,194,170,140,197,164,255,142,87,110,175,0,184,126,0,164,11,0,0,46,200,52,34,255
155,31,153,65,240,38,105,85,94,171,195,85,124,163,184,64,49,120,195,95,32,255,120,74,64,141,219,203,132,116,157,116,122,110,28,122,155,56,92,103,128,195,80,133,47,172,87,0,100,190,238,50,189,226,40,43,237,77,109,254,161,89,21,248,157,254,137,50,197,0,110,111,155,170,104,148,156,78,110,255,12,255,181,58,84,94,137,230,164,166,0,132,171,255,83,255,37,0,123,255,137,80,98,0,4,151,226,204,46,186,255,124,78,12,75,51,122,202,0,168,64,136,0,145,255,60,29,255
152,19,151,60,227,59,117,86,107,181,182,99,146,128,209,73,44,143,187,157,54,229,101,86,96,123,211,188,113,116,90,98,98,131,66,131,233,50,5,85,112,230,86,227,21,132,144,76,138,215,222,45,166,130,60,38,200,123,93,181,229,91,0,255,205,242,155,37,192,0,81,109,175,199,45,140,163,126,181,198,46,212,223,15,72,174,134,194,142,171,0,170,114,255,0,255,0,48,143,255,253,25,241,0,40,240,175,155,41,211,255,155,107,96,123,0,95,139,0,180,4,0,0,146,240,0,110,255
152,25,164,56,250,57,125,98,107,188,164,128,155,153,183,103,39,165,174,104,51,207,61,75,63,121,193,195,134,118,88,93,182,107,5,127,195,85,60,179,106,244,83,167,0,112,75,44,131,255,239,55,193,230,34,74,148,111,127,255,255,85,0,255,143,255,161,88,201,0,134,130,131,148,194,78,116,119,156,209,41,220,211,53,82,105,117,255,138,160,9,72,205,255,0,255,0,21,239,255,173,5,189,0,41,250,192,232,0,202,255,202,141,27,162,10,100,60,0,255,4,41,22,93,255,83,0,255
154,22,161,52,229,52,120,100,130,181,162,116,127,188,223,95,73,160,150,89,65,245,129,69,14,212,220,214,98,176,100,88,165,75,42,103,218,97,38,124,111,189,90,144,0,81,177,94,79,214,188,73,166,133,100,82,131,42,101,255,191,49,0,236,154,241,126,61,238,0,74,73,202,76,93,142,127,140,147,225,30,255,223,56,101,142,164,255,122,240,0,147,128,255,0,255,0,109,208,255,203,18,255,0,24,255,149,176,10,174,255,108,77,50,57,0,98,118,0,101,136,49,0,172,255,0,104,255
151,22,155,62,243,63,131,99,119,190,160,137,131,178,172,84,65,142,145,113,42,203,53,59,92,193,166,160,105,118,101,107,145,67,52,128,239,123,36,131,134,245,98,109,0,96,132,86,39,204,243,51,185,163,143,95,165,139,144,254,246,0,4,255,235,217,186,36,189,0,186,140,217,83,164,0,59,135,171,206,40,172,218,127,110,75,124,235,144,108,9,144,196,255,0,255,15,15,201,255,215,22,191,0,56,255,189,226,0,255,255,252,88,124,98,25,9,0,0,255,29,63,0,168,255,154,15,255
150,18,137,70,213,25,114,75,103,177,193,105,134,176,188,33,104,99,176,105,93,244,105,38,79,201,185,185,71,159,90,102,80,21,81,109,255,42,30,104,145,215,104,93,0,121,208,56,40,199,221,52,129,94,158,69,194,29,138,185,112,34,0,255,194,241,181,0,231,0,82,69,174,76,116,83,136,113,84,197,19,255,211,44,65,133,109,152,181,172,52,138,113,255,0,233,93,0,111,255,243,38,176,0,15,137,242,107,102,212,255,175,56,118,67,0,63,37,0,255,41,78,75,188,255,119,24,255
149,14,144,63,230,63,128,78,107,199,167,149,120,174,202,84,25,128,147,127,49,182,13,41,150,182,170,134,114,68,110,140,112,85,83,156,255,46,20,121,156,173,78,85,0,115,127,76,54,192,255,20,98,134,123,61,165,67,206,210,222,54,5,255,201,186,245,15,198,0,153,145,177,146,102,10,97,179,55,130,71,121,208,68,140,135,117,121,179,89,124,153,161,248,0,202,97,0,169,255,255,33,255,16,27,255,185,0,48,255,255,255,126,169,194,0,66,34,0,204,13,22,27,145,255,125,53,255
153,16,150,83,214,32,129,94,108,170,166,124,141,169,144,49,97,101,153,125,63,175,71,22,76,170,141,147,170,132,93,98,111,25,60,133,245,102,92,132,140,255,61,86,0,122,156,52,46,153,193,27,158,164,133,59,161,107,147,207,154,67,15,188,193,221,144,0,217,0,136,122,163,185,120,44,100,138,109,201,26,184,155,90,108,145,67,255,167,119,18,129,121,230,0,245,103,29,164,255,255,71,209,0,105,190,233,107,132,255,255,212,179,110,130,76,63,0,0,242,0,49,11,168,255,156,0,255
154,20,152,67,215,45,114,89,123,183,166,118,139,181,154,58,102,128,154,118,66,219,91,50,55,209,190,157,113,135,97,69,136,48,62,83,235,83,85,121,170,225,74,83,0,102,192,72,36,157,215,90,132,100,143,75,190,70,126,232,166,71,0,230,173,246,161,0,225,0,137,113,191,131,99,146,80,148,93,170,94,240,185,55,119,127,71,228,135,162,70,144,113,255,0,240,0,69,122,255,201,64,222,0,83,255,237,132,55,241,255,160,126,110,65,0,64,10,0,175,10,79,12,173,255,134,27,255
150,19,161,53,247,76,139,92,111,205,137,156,142,142,168,124,44,152,178,103,31,213,26,84,103,145,123,160,138,95,173,123,152,162,17,188,153,87,81,125,118,252,72,174,72,116,26,76,152,243,199,0,152,255,56,34,161,68,170,255,255,132,44,225,132,154,131,114,223,0,130,114,128,242,194,34,104,168,169,140,0,138,255,61,99,118,170,202,158,87,118,84,160,255,9,255,0,43,224,255,203,54,166,34,0,201,220,136,78,236,255,200,108,0,240,0,191,170,0,255,62,0,0,98,214,9,0,255
153,22,153,62,226,56,116,102,139,181,141,72,130,189,155,86,133,136,154,143,68,218,106,61,6,231,228,216,60,151,68,39,130,25,85,50,185,103,61,96,138,232,49,153,0,107,227,71,66,190,187,111,255,80,181,107,126,121,65,249,162,3,0,255,196,255,142,15,242,0,187,107,214,15,225,151,80,119,217,231,0,243,181,137,115,115,101,208,118,214,33,171,67,188,0,244,0,19,124,255,177,19,180,0,45,255,197,237,0,255,255,141,75,72,66,81,122,0,0,185,86,78,0,212,255,3,93,255
153,22,166,55,255,76,123,117,141,194,111,150,131,204,118,116,106,185,126,116,36,177,42,65,77,202,182,176,138,102,145,49,181,81,34,120,194,158,99,154,137,249,55,79,0,110,119,110,73,197,237,86,156,172,169,65,135,102,83,255,235,10,46,217,120,214,188,115,168,0,255,148,255,88,221,0,25,146,140,219,76,124,211,169,86,71,163,255,118,135,40,144,203,255,0,255,0,34,255,255,139,56,208,0,167,255,226,219,11,255,255,255,123,39,141,113,121,16,0,255,0,164,0,152,255,101,0,255
152,22,157,59,247,73,121,112,127,190,132,121,128,192,149,108,80,169,128,111,38,184,49,58,89,215,167,167,111,111,115,95,147,84,65,140,203,103,56,168,136,228,63,121,0,85,130,79,65,207,210,31,193,159,145,111,123,132,124,255,236,0,13,255,148,225,165,58,165,0,239,118,255,88,199,12,72,144,177,214,28,133,208,117,107,90,194,255,137,142,42,145,181,212,0,255,9,13,240,255,233,26,218,0,76,255,197,210,0,255,255,255,94,44,95,65,159,3,0,216,13,118,0,171,255,127,43,255
151,19,156,58,243,84,120,103,108,200,169,155,107,184,211,115,2,160,156,93,47,204,63,72,99,164,194,185,146,76,139,153,169,162,28,192,219,74,88,134,126,181,67,182,39,131,100,113,124,193,239,0,83,183,33,37,124,78,199,255,255,65,52,255,151,142,218,98,179,0,145,199,196,208,87,89,122,183,53,123,29,160,210,0,94,121,197,251,130,191,33,143,163,255,0,255,0,19,236,200,255,33,255,76,5,255,164,89,48,247,255,209,91,42,176,0,140,230,0,140,6,0,0,151,197,7,50,255
152,18,151,64,229,56,121,96,111,178,175,122,127,154,192,81,53,132,163,111,46,211,84,71,103,150,195,176,133,101,132,115,142,100,54,133,200,53,69,98,124,205,95,161,27,142,115,83,79,196,198,29,128,149,57,18,159,63,116,235,187,62,18,254,187,187,142,64,175,0,103,131,173,180,95,119,137,157,109,190,39,216,234,37,93,124,134,247,142,180,18,141,114,255,0,255,12,44,177,255,246,13,233,1,61,211,159,99,63,165,255,189,106,85,161,0,91,154,0,175,0,0,0,148,232,52,20,255
151,24,170,66,236,81,100,58,121,224,126,146,79,171,170,164,11,141,198,130,11,255,68,107,95,77,185,255,146,96,226,77,114,145,0,135,121,94,126,2,62,178,105,252,255,162,149,99,228,205,255,72,161,238,0,24,198,116,155,250,255,63,79,255,168,173,105,87,248,0,76,124,0,253,211,94,139,255,76,205,16,18,176,55,105,169,162,192,125,119,164,227,0,249,181,255,0,0,255,255,209,81,105,17,0,115,130,82,57,32,255,25,110,17,255,65,231,241,0,255,70,0,0,0,97,0,168,255
151,20,157,84,255,65,82,105,172,192,88,96,140,156,93,80,87,142,164,79,0,212,28,102,177,112,138,177,78,125,251,154,138,131,0,124,126,118,106,124,87,218,166,103,147,175,99,71,0,169,182,105,78,184,0,46,140,0,116,224,163,64,43,148,154,158,145,122,147,103,143,118,106,173,255,34,99,219,157,142,94,72,255,104,79,36,176,247,149,63,214,156,80,174,76,181,0,13,181,255,153,48,163,0,0,221,211,60,151,250,255,255,145,56,255,113,173,125,0,255,52,113,0,86,255,64,8,255
152,15,146,70,228,72,101,107,164,188,133,101,164,202,131,54,92,140,162,109,61,224,97,119,129,147,230,193,76,105,158,125,122,136,52,100,171,113,97,107,129,165,89,113,117,140,145,157,26,189,211,65,37,51,48,76,176,29,110,238,157,87,0,214,113,124,171,105,166,8,150,110,153,183,125,93,135,220,143,203,24,160,227,29,132,146,148,206,105,64,91,184,124,172,59,162,0,17,201,232,255,20,193,30,89,255,217,81,180,211,255,255,73,76,182,0,216,190,0,153,42,38,0,99,137,91,112,255
154,25,164,86,227,68,100,54,139,190,151,113,110,164,144,118,81,141,179,119,0,255,96,177,192,46,208,212,125,24,158,88,103,60,31,79,103,21,135,0,87,54,93,217,211,140,136,98,163,246,255,34,146,184,0,75,138,139,170,180,239,45,15,223,208,154,148,141,240,0,146,104,72,255,132,140,146,171,77,255,72,18,150,91,186,164,138,116,127,116,116,255,52,74,223,255,0,0,179,255,255,0,120,120,53,141,82,183,147,0,255,186,56,219,255,79,177,243,0,135,94,0,0,0,0,98,131,255
152,26,159,64,255,98,146,97,117,225,164,147,136,190,177,138,40,167,141,111,7,255,73,156,152,104,149,185,91,40,175,143,122,175,82,161,139,91,94,129,134,139,41,197,114,130,73,165,128,220,236,24,94,210,0,114,165,115,237,255,255,72,85,255,160,71,224,122,255,0,142,141,175,248,117,95,133,225,95,224,9,92,222,94,99,95,125,206,134,83,57,187,201,236,111,252,0,0,239,255,255,0,255,172,9,250,139,105,154,131,255,158,69,37,230,12,75,190,0,161,84,0,0,53,234,14,75,255
156,24,174,77,251,57,137,106,124,201,155,161,165,129,171,114,52,162,185,96,8,255,111,132,62,94,160,127,138,144,167,102,189,137,22,81,125,134,130,142,78,213,120,185,122,43,61,109,138,233,234,62,178,230,0,74,133,107,137,230,255,142,98,241,176,192,171,138,202,0,123,101,72,201,146,96,0,244,110,227,184,144,237,77,117,124,137,255,169,104,74,173,233,255,0,247,0,57,255,255,255,11,228,0,47,140,195,167,108,72,255,96,123,112,255,104,13,91,0,162,0,20,35,153,255,58,0,255
154,24,170,79,240,62,142,83,121,215,153,156,139,133,162,127,40,136,187,111,16,255,136,100,56,85,166,166,116,173,141,115,147,108,16,152,102,66,129,122,33,178,67,220,166,123,68,86,171,207,255,65,138,178,19,21,124,113,163,201,255,91,118,247,174,169,144,92,221,0,130,111,90,230,130,115,51,255,54,206,35,131,215,126,154,118,111,244,202,94,133,127,126,237,50,255,0,78,234,255,224,28,177,48,0,159,132,165,104,63,255,58,21,166,255,0,61,138,0,249,62,0,0,69,255,0,8,255
149,22,147,51,238,38,117,99,136,191,191,127,126,206,208,78,46,134,207,82,90,255,162,59,0,146,234,255,28,185,156,121,137,145,0,160,193,126,41,100,92,154,57,105,97,158,163,122,117,233,255,22,125,187,131,38,213,0,86,255,146,88,0,210,133,201,122,82,216,0,73,103,105,65,111,116,199,167,89,255,0,255,237,85,53,152,199,198,166,204,32,158,94,255,102,255,0,5,205,255,175,63,185,0,0,218,255,188,95,117,255,131,0,43,156,0,255,245,0,255,109,58,0,109,255,0,80,255
150,20,153,59,230,41,145,93,130,192,171,158,99,190,199,113,52,148,215,77,47,255,154,52,27,173,156,241,72,138,204,147,161,128,0,199,161,99,75,77,101,185,98,74,145,184,108,140,112,212,209,0,116,205,128,13,192,7,84,255,181,52,37,187,174,110,104,98,242,0,62,119,70,124,120,72,149,180,94,198,9,255,255,153,26,78,174,232,171,151,57,131,135,255,60,255,0,41,170,255,203,54,182,0,0,164,201,153,94,52,255,149,48,16,184,0,131,159,0,187,97,0,0,111,255,0,77,255
149,18,151,61,237,0,131,89,148,185,183,158,156,179,208,81,77,136,212,64,41,255,154,60,5,187,173,161,29,179,159,156,180,131,0,165,133,122,0,163,60,181,130,8,70,141,62,139,30,240,184,0,149,255,154,54,154,0,61,207,175,64,23,108,78,170,102,51,255,0,133,4,52,60,188,35,202,188,95,238,70,255,221,145,51,133,109,198,244,139,76,105,227,255,57,255,0,0,255,255,188,57,206,0,0,198,248,189,91,50,255,117,0,135,114,0,122,109,0,222,132,86,0,175,255,38,0,255
150,25,149,48,239,41,130,99,126,201,192,118,123,206,210,91,51,144,190,67,63,255,186,88,14,170,219,251,8,175,177,149,114,134,22,125,154,106,4,106,97,140,49,124,129,164,113,116,91,221,255,24,133,202,124,41,202,18,96,255,144,56,0,228,112,168,147,70,255,0,74,28,113,61,83,54,197,192,76,255,0,255,242,146,108,135,198,195,146,170,0,178,151,255,157,255,0,14,215,255,160,50,148,0,0,192,213,201,156,71,255,158,14,61,58,0,215,255,0,198,144,73,0,101,255,0,113,255
153,24,141,58,228,0,119,80,112,176,200,111,157,180,194,40,137,113,180,85,64,255,174,52,28,201,198,190,0,198,138,122,72,111,16,109,201,84,0,148,156,159,62,3,0,139,145,79,25,143,226,19,209,184,160,45,228,0,65,182,75,68,0,70,89,252,78,12,255,0,74,0,176,37,121,124,236,75,107,255,0,255,214,179,93,129,105,190,242,134,54,176,199,255,61,255,30,0,162,255,155,67,154,0,0,93,255,174,182,32,255,133,10,157,0,0,146,101,37,146,155,214,0,130,255,42,0,255
154,27,139,52,234,20,131,88,118,181,206,77,134,176,188,69,114,118,202,91,46,255,206,61,26,204,167,199,0,175,148,150,56,91,26,138,211,72,0,170,172,151,36,44,4,145,140,123,67,193,255,16,195,153,184,70,227,21,39,226,104,56,0,94,119,183,84,7,253,0,50,95,255,3,117,141,179,91,201,255,0,255,235,195,48,62,141,201,135,57,9,199,249,255,165,255,62,17,121,255,47,20,90,0,0,155,255,186,111,73,255,174,0,125,0,0,213,80,117,131,207,210,0,23,255,60,75,255
152,25,137,53,240,19,129,86,113,188,199,92,128,166,179,68,81,113,212,76,53,255,170,32,28,193,167,197,36,154,170,168,73,102,17,189,166,47,0,169,139,166,42,0,90,214,76,63,92,177,254,1,185,166,180,34,217,0,44,210,106,85,0,89,110,163,91,30,212,0,75,97,173,61,115,87,153,89,158,255,0,255,213,172,23,37,144,184,206,82,30,132,242,255,136,255,38,0,117,255,45,122,91,0,0,110,248,186,170,103,255,133,0,2,6,0,168,170,155,157,205,172,0,21,255,29,2,255
152,26,135,33,255,78,124,87,85,241,203,102,122,166,201,95,39,131,175,89,69,255,84,105,155,153,146,160,36,19,164,242,29,209,65,234,142,19,0,171,215,135,0,103,157,240,107,83,99,179,255,0,156,223,166,74,196,24,181,246,215,188,0,174,102,130,226,46,210,0,95,164,143,161,5,48,145,120,174,255,0,151,178,52,59,51,148,147,180,81,0,232,255,191,166,255,59,0,140,255,115,81,74,0,0,127,173,207,232,235,255,175,35,0,43,0,146,255,0,139,255,58,0,0,186,0,0,255
154,27,142,49,253,70,113,70,83,211,202,61,120,133,160,68,0,93,223,122,80,255,110,45,86,91,140,192,115,94,117,172,1,153,53,255,172,1,34,172,183,182,0,106,175,229,151,0,214,180,255,33,169,215,143,43,220,59,189,228,229,144,0,214,114,255,128,0,176,0,111,199,78,219,60,77,140,0,144,195,0,120,133,75,90,108,108,132,189,162,86,184,169,155,62,255,0,0,70,255,66,72,0,17,0,148,255,224,128,255,255,181,46,74,18,0,185,216,7,255,147,0,59,7,46,0,0,255
157,31,145,58,255,76,126,85,87,209,206,65,140,130,128,62,34,117,190,131,53,255,98,90,149,60,110,133,115,37,134,143,48,154,63,227,134,34,0,177,181,184,0,79,162,173,73,16,150,195,255,27,164,238,90,112,219,57,166,211,229,177,0,164,99,255,149,31,172,0,71,250,97,194,45,87,157,15,140,182,38,116,138,97,64,15,79,124,173,89,19,200,221,154,111,255,34,0,82,255,30,0,0,74,0,224,215,255,174,255,255,158,20,59,80,0,112,171,68,255,163,83,38,0,126,34,0,255
153,29,149,42,255,62,118,80,103,227,202,96,121,171,188,69,9,110,211,85,68,255,96,66,78,134,138,214,84,67,138,178,58,183,25,247,127,94,21,165,146,172,0,52,204,207,130,52,146,219,255,0,166,255,154,64,210,46,189,255,242,185,0,154,91,213,171,30,185,0,108,225,59,170,6,57,190,66,176,227,0,152,141,101,50,86,85,118,187,147,2,198,220,169,187,255,0,0,129,255,28,33,0,0,0,175,221,236,168,255,240,123,41,16,21,30,201,244,0,218,218,22,21,117,25,0,0,255
156,30,147,71,255,57,141,83,103,202,219,85,167,156,155,51,58,102,233,142,41,255,156,90,100,49,143,135,75,127,148,136,68,134,60,161,146,88,34,149,122,199,64,120,137,150,45,25,148,210,255,60,118,201,77,84,181,6,150,228,255,179,58,177,138,224,183,70,198,0,93,225,165,240,104,109,163,39,136,204,31,157,146,106,89,62,56,120,182,63,51,183,255,177,122,230,25,52,85,255,69,0,65,27,0,184,210,255,117,195,255,134,0,135,142,0,8,191,2,255,159,96,14,59,255,130,0,255
154,28,131,47,255,85,128,84,82,200,206,38,140,115,118,52,35,94,207,159,58,255,154,102,162,33,146,94,66,58,171,169,0,210,107,210,167,40,3,181,182,203,0,143,187,200,89,10,186,190,255,73,131,195,130,49,192,24,166,201,177,176,2,214,130,206,217,82,208,0,102,239,127,208,55,67,91,0,79,199,0,187,132,75,54,45,90,129,179,131,0,255,215,189,123,239,16,0,90,255,64,77,0,119,0,178,238,255,255,255,255,237,0,55,37,0,107,255,46,255,181,91,0,30,176,0,0,255
155,29,164,61,250,45,109,73,120,215,215,92,155,110,186,61,8,105,226,96,25,255,92,103,86,97,132,149,126,95,103,160,87,138,47,189,103,52,7,185,105,219,89,130,194,154,89,59,100,246,253,0,205,255,43,47,139,53,145,209,255,146,0,115,129,255,110,0,224,0,93,202,30,202,20,70,140,85,214,153,119,108,203,84,66,115,34,148,186,132,73,186,222,124,136,255,0,0,125,255,34,0,16,0,0,177,197,207,136,196,255,38,79,144,141,33,171,131,0,240,139,0,0,126,71,85,0,255
152,22,141,47,254,46,128,82,87,205,195,70,146,101,204,73,0,94,224,123,58,255,134,17,92,88,171,151,90,91,113,202,24,127,74,255,169,16,0,184,124,144,0,108,182,227,94,0,210,250,255,41,154,234,96,12,176,0,123,192,228,235,0,199,178,251,130,25,133,0,112,157,50,255,72,40,177,70,192,191,0,96,187,114,29,71,141,176,193,187,76,231,185,110,116,255,45,97,57,255,64,94,0,0,0,173,236,238,121,206,255,195,0,112,40,0,94,247,0,255,229,69,13,24,111,0,0,255
154,33,137,39,255,92,123,88,88,213,216,47,134,149,137,71,30,115,204,145,53,255,160,116,157,23,153,157,30,32,177,160,8,220,87,187,128,43,38,149,189,178,0,148,176,223,89,16,158,196,255,61,165,231,107,78,212,41,155,255,239,179,0,234,131,194,237,92,228,0,96,255,117,196,72,87,104,0,168,255,0,163,121,69,57,0,113,115,140,136,0,255,231,170,241,255,10,0,99,255,33,11,0,78,0,204,205,255,217,255,255,137,0,0,0,0,128,255,19,255,173,117,0,3,192,0,11,255
155,28,121,40,255,83,131,95,86,179,213,0,164,108,85,22,43,93,227,195,85,255,199,96,119,0,189,111,69,111,140,129,0,232,111,219,223,38,27,190,162,255,0,179,114,207,53,0,203,186,255,105,89,161,118,39,220,23,135,233,173,199,25,255,107,225,255,103,142,0,3,255,143,177,111,142,63,0,80,240,0,255,140,22,30,26,76,133,96,151,0,255,193,255,78,235,6,0,141,255,0,66,0,188,0,255,255,255,219,255,210,255,0,73,50,0,76,255,96,255,213,65,0,68,255,0,0,255
155,29,131,50,255,95,140,83,92,201,197,42,171,114,87,47,97,107,199,195,71,255,158,140,168,0,166,125,62,79,171,136,0,201,90,172,173,49,13,147,169,237,0,157,123,136,44,73,214,185,250,90,115,170,77,86,200,0,147,206,207,166,47,247,66,213,201,121,255,0,51,253,156,191,66,113,102,0,60,229,0,205,161,27,24,70,90,128,207,117,15,255,173,232,35,173,0,0,102,255,111,0,29,194,0,255,215,255,255,255,255,239,0,78,179,0,108,250,74,243,200,62,0,29,255,0,0,255
156,32,122,35,255,88,129,83,78,185,231,0,142,100,123,18,17,103,203,197,67,255,165,98,181,0,161,121,82,38,155,157,0,219,95,209,183,32,24,154,187,232,0,165,86,199,49,0,183,204,255,78,141,177,111,37,240,57,150,219,158,238,15,255,117,203,237,110,130,0,0,255,162,178,51,174,73,0,134,255,0,255,103,0,18,0,104,132,138,171,0,255,171,255,217,255,43,0,175,255,0,0,0,97,0,202,222,255,255,255,247,222,0,0,0,0,66,255,82,255,160,118,0,69,163,0,0,255
155,32,129,41,255,79,129,93,68,210,242,41,142,177,129,27,58,91,191,128,112,255,184,111,127,43,185,153,15,96,147,147,0,239,83,178,167,51,9,201,168,194,0,144,123,216,80,8,137,144,255,28,131,160,148,67,230,65,188,179,123,166,13,230,78,230,255,69,154,0,65,246,208,130,0,79,102,0,70,255,0,255,98,62,119,50,109,75,161,106,0,244,255,255,140,255,109,0,122,255,22,117,0,29,0,88,248,255,255,255,255,220,0,0,0,0,135,255,71,255,117,119,41,18,255,0,0,255
156,32,141,47,255,99,139,97,89,200,189,67,147,122,102,71,66,138,173,167,44,255,128,126,211,0,131,98,73,7,196,139,34,204,85,149,108,38,19,161,176,222,0,144,126,134,32,48,147,202,255,62,146,255,76,100,206,46,155,233,215,177,80,239,90,239,207,110,194,0,81,245,127,194,113,87,104,0,57,228,0,202,151,61,44,23,93,130,171,134,0,255,211,197,131,253,0,0,158,255,86,0,18,196,0,255,184,255,215,255,255,230,55,0,119,0,43,251,12,255,64,123,0,44,204,0,0,255
153,30,132,38,255,104,129,85,91,218,196,41,153,105,149,73,14,129,197,187,45,255,108,129,216,0,190,146,64,0,178,184,0,205,126,163,135,38,0,109,183,179,0,211,178,204,52,13,228,223,255,116,186,187,43,58,189,44,147,240,241,217,0,255,135,167,237,145,222,0,79,233,85,241,121,95,74,0,116,248,0,143,133,34,28,35,148,132,151,162,0,255,169,238,228,252,0,0,145,255,118,26,0,121,0,243,181,255,255,255,255,171,0,0,61,0,73,255,3,255,242,74,0,0,158,0,46,255
156,28,128,39,255,113,124,73,86,204,210,27,123,99,138,61,0,116,187,240,34,255,120,120,216,0,127,79,117,30,181,129,0,255,107,194,189,82,38,130,218,243,0,218,182,208,113,21,218,207,255,105,100,179,148,27,183,47,156,213,223,186,22,255,140,157,181,149,255,0,44,255,125,253,44,151,59,0,84,191,0,170,149,29,61,9,144,178,189,204,0,255,74,255,107,206,0,0,168,255,121,40,0,183,0,255,197,255,236,255,229,173,0,0,0,0,67,254,13,255,125,0,0,38,109,0,69,255
155,25,123,42,255,94,123,65,70,201,221,28,120,87,144,51,0,97,166,231,29,255,111,94,225,21,129,52,104,33,153,157,0,243,136,200,225,35,0,132,242,216,0,187,147,191,83,1,204,183,255,61,139,164,159,9,192,49,156,160,171,171,0,210,104,184,180,115,255,0,29,253,166,230,0,122,80,0,82,242,0,170,140,28,108,20,172,149,227,152,0,255,100,255,93,216,48,0,148,243,96,28,0,96,0,182,202,255,255,255,237,154,0,78,0,0,136,219,76,255,116,55,0,43,126,0,0,255
156,30,131,63,255,82,124,80,81,193,217,30,146,138,121,36,32,96,191,177,60,255,176,129,129,17,172,120,58,104,158,141,0,170,112,170,182,53,17,143,197,201,0,186,153,194,93,7,166,171,255,68,123,148,96,46,202,77,146,174,166,128,13,240,122,195,206,88,207,0,55,208,198,208,53,109,87,1,75,255,0,239,118,89,150,68,168,127,155,81,0,255,163,255,75,220,69,0,149,255,56,49,0,48,0,93,255,255,255,255,255,191,0,72,78,0,115,255,43,255,142,120,0,21,248,0,19,255
155,30,151,71,255,58,134,106,134,199,169,110,186,187,94,59,151,113,205,133,22,255,165,127,103,73,159,174,51,92,199,93,105,161,28,143,82,93,95,128,110,206,74,59,114,160,61,93,98,177,229,54,99,229,62,167,182,0,115,237,245,149,110,114,103,174,181,71,204,41,104,141,190,169,163,92,110,87,110,214,92,179,181,131,103,122,56,105,133,48,31,197,216,155,73,184,0,19,155,255,125,0,126,118,0,255,216,255,97,255,255,169,0,121,255,25,44,121,0,162,147,17,0,117,255,58,33,255
153,25,147,54,255,80,141,102,122,188,148,110,163,136,77,75,109,121,195,129,40,255,118,118,120,23,112,112,74,78,247,113,103,181,7,163,87,87,83,143,132,255,35,84,178,126,14,76,114,243,208,74,104,255,116,47,146,0,120,255,217,157,134,142,137,168,146,160,164,2,112,202,132,175,224,62,47,36,114,171,0,201,234,92,56,118,104,187,131,146,0,181,189,191,100,255,0,29,255,255,60,4,27,154,0,230,255,255,108,255,255,255,88,67,255,0,42,184,0,255,109,0,0,85,225,0,0,255
150,24,138,53,255,79,158,105,134,204,122,93,196,127,19,68,183,92,182,130,74,255,108,124,157,0,178,180,65,78,196,120,51,108,73,204,68,51,110,135,185,207,0,152,72,160,21,95,127,187,239,68,112,218,24,38,228,0,112,249,152,189,158,147,82,88,174,121,210,0,142,172,118,211,255,115,42,51,15,152,0,255,255,163,14,109,116,201,255,67,78,218,112,255,43,162,0,108,190,255,69,22,111,255,0,255,255,214,186,255,203,255,0,155,255,0,117,221,11,255,241,0,0,79,255,0,0,255
154,29,145,58,255,99,147,85,109,221,158,98,148,159,125,97,74,111,203,155,38,255,122,126,149,49,145,172,47,70,200,141,32,186,64,171,124,96,90,132,133,180,0,173,185,181,86,125,200,193,255,129,105,156,72,79,211,23,186,255,218,186,100,211,175,113,195,140,253,0,106,189,170,255,130,119,70,94,56,137,0,132,213,96,89,74,65,133,146,63,58,249,200,255,104,126,0,23,156,255,149,62,27,131,0,192,155,221,255,255,255,185,0,88,229,35,128,218,0,255,191,0,0,36,255,0,15,255
149,19,125,73,218,16,118,61,97,190,174,101,186,170,118,15,167,97,216,120,67,250,120,52,86,120,162,219,2,101,124,110,110,57,20,154,238,12,7,109,192,209,30,134,31,141,98,91,136,232,255,0,106,143,187,121,230,0,93,216,155,178,0,101,127,140,150,101,219,0,72,83,236,193,170,219,189,96,146,174,13,255,165,42,19,147,164,113,154,93,71,90,172,255,85,230,102,0,109,193,181,149,144,2,0,153,255,87,111,220,255,190,0,104,243,0,157,102,62,228,94,34,60,113,255,73,0,255
152,28,147,55,255,80,152,93,117,211,158,118,167,171,111,98,124,118,196,107,35,255,124,112,130,52,143,198,35,57,177,135,108,156,46,179,98,62,75,150,171,178,23,155,121,193,46,109,120,206,255,77,111,218,82,91,218,11,187,255,241,194,74,150,149,120,208,117,251,0,129,159,167,227,173,97,114,66,103,133,0,166,255,123,65,67,43,144,126,67,51,171,245,254,111,233,0,54,136,255,142,55,51,165,0,255,219,231,135,209,255,217,16,119,255,0,51,161,0,255,146,0,0,58,255,0,0,255
154,33,151,52,255,102,150,98,106,220,168,105,132,162,137,102,45,126,204,140,38,255,152,114,125,38,137,177,37,95,216,126,62,191,34,148,107,120,84,115,124,205,0,204,214,172,61,108,195,202,255,126,109,190,78,76,195,34,182,255,243,209,116,219,185,147,228,155,255,0,91,217,154,219,128,113,72,101,102,221,0,179,190,101,116,8,92,151,115,89,0,242,230,255,184,154,0,29,131,255,61,44,2,119,0,255,167,255,227,255,255,145,0,5,208,44,128,255,0,255,155,40,0,23,255,0,54,255
152,24,147,55,255,99,152,87,103,226,172,107,151,150,166,126,62,157,148,182,19,255,108,121,175,73,124,103,36,30,181,138,69,209,68,164,157,64,0,178,143,195,17,170,68,92,64,145,183,227,241,34,133,187,88,117,142,51,200,205,248,104,15,255,111,161,183,143,255,0,127,144,166,215,109,83,149,168,69,178,26,98,219,53,51,78,90,148,195,78,36,255,188,165,71,146,12,0,219,255,255,12,232,162,0,255,177,216,142,189,255,104,59,67,157,0,112,76,17,187,112,0,0,61,255,24,0,255
153,27,157,66,241,58,114,86,101,188,199,74,130,142,187,89,6,130,200,123,23,255,120,92,100,62,200,191,114,81,143,143,118,95,46,155,164,22,65,133,96,166,74,181,112,176,93,13,165,240,255,50,155,186,0,50,176,69,125,219,231,90,5,255,170,240,158,45,140,0,110,127,109,217,94,142,128,178,118,255,8,147,133,29,127,117,118,224,117,148,43,147,164,255,106,255,13,0,170,255,189,2,151,5,0,150,160,167,47,144,255,101,82,22,187,6,164,209,0,193,14,0,0,32,142,13,88,255
149,22,149,48,255,71,124,90,103,223,182,109,146,168,189,105,42,143,149,105,65,255,95,98,101,142,172,152,52,78,140,149,102,174,46,188,157,58,0,230,119,168,11,119,28,132,130,125,133,231,252,22,127,210,118,132,171,37,158,219,193,78,0,255,104,169,182,44,251,0,166,101,158,119,56,58,136,197,71,210,0,171,184,35,64,130,125,189,199,90,42,185,237,210,31,243,46,0,250,255,208,71,232,0,0,255,207,183,145,196,255,103,41,25,109,0,193,145,15,157,66,52,0,76,255,0,42,255
151,20,164,57,254,97,131,110,131,220,158,132,149,175,173,126,62,175,125,130,40,213,51,152,113,135,192,133,97,79,112,141,167,152,76,152,167,70,89,197,99,197,36,186,0,111,103,164,128,211,201,1,110,149,73,88,98,80,171,255,255,35,38,255,123,142,245,93,210,12,211,161,218,153,90,87,72,218,160,196,88,105,241,19,69,119,105,233,165,76,28,139,255,177,0,255,2,0,255,198,255,0,255,112,58,255,118,114,74,225,255,204,195,7,205,63,112,157,0,137,0,0,0,87,234,79,22,255
148,20,140,45,255,99,135,80,108,229,176,101,143,165,176,126,37,167,150,178,31,207,0,106,203,89,167,137,110,0,142,194,91,186,89,210,209,29,18,203,159,155,0,137,0,133,75,113,187,243,236,11,136,196,75,123,139,0,240,255,255,83,0,255,88,139,206,105,247,0,168,193,150,196,142,60,128,127,18,121,0,71,209,0,17,119,116,168,211,93,101,190,201,244,0,190,44,0,242,219,255,8,255,180,0,255,159,141,79,255,255,169,88,23,183,0,124,78,59,110,115,0,0,58,210,63,2,255
150,22,151,50,254,106,136,102,116,229,161,138,132,218,184,146,58,190,116,119,53,238,48,127,153,142,177,170,84,27,126,152,157,165,88,203,177,48,73,175,132,125,30,185,0,107,110,174,105,240,246,0,87,157,94,151,151,47,234,243,255,52,53,255,90,109,233,97,215,0,196,148,233,154,104,47,105,235,73,182,27,122,204,15,73,105,176,186,170,86,21,201,228,204,3,184,19,0,255,186,255,0,255,80,0,255,129,132,66,237,255,194,56,32,177,0,168,182,0,154,49,0,0,57,243,24,45,255
151,24,163,47,255,117,139,100,120,239,139,150,115,202,193,166,27,207,120,136,29,232,11,137,157,149,155,207,133,27,142,134,144,199,82,213,165,89,85,150,139,154,0,223,0,104,141,176,182,240,202,0,145,221,77,191,167,89,223,255,255,23,53,255,118,93,211,113,255,8,175,211,217,182,121,0,113,195,109,176,0,93,206,69,13,128,168,236,193,100,74,195,205,212,0,227,0,0,255,193,255,0,255,172,36,255,55,174,77,255,255,170,114,0,168,17,184,181,0,168,50,0,0,86,215,56,104,255
151,26,162,45,255,117,159,112,127,245,145,158,129,240,190,173,43,214,113,126,41,255,48,137,155,126,152,217,93,27,150,136,170,185,86,206,141,87,95,148,153,122,0,222,0,111,114,191,145,255,227,0,109,231,103,205,167,71,250,255,255,32,75,255,66,84,245,127,255,0,144,177,233,169,116,0,152,234,77,237,2,147,217,85,9,118,146,222,155,42,45,224,229,229,24,210,0,0,255,207,255,0,255,121,0,255,55,168,59,229,255,164,113,0,215,0,164,177,0,151,118,0,0,44,255,18,73,255
151,26,152,50,255,100,149,106,126,233,158,151,144,216,168,140,63,187,122,119,32,255,80,106,152,143,147,188,93,52,151,145,148,139,65,209,188,67,85,184,154,118,3,148,0,98,98,184,105,255,255,15,72,211,142,168,167,31,227,227,255,60,21,255,65,103,242,105,194,0,163,174,255,150,131,41,96,255,90,244,11,69,199,57,4,67,168,205,132,21,26,209,218,236,90,180,58,0,211,230,255,0,255,21,9,255,144,107,30,255,255,192,36,16,203,0,180,106,15,194,96,64,0,0,255,111,48,255
150,24,167,49,255,108,144,118,138,227,134,166,143,213,155,166,63,209,135,114,39,229,3,137,153,122,154,210,127,48,131,123,177,169,78,187,148,103,106,161,129,182,0,207,0,119,93,168,108,255,204,0,167,255,98,157,158,99,196,255,255,0,40,251,109,103,221,125,217,37,187,202,215,177,166,0,98,172,162,226,0,78,242,98,22,101,156,255,169,7,71,134,249,255,0,255,5,0,255,248,255,0,255,114,67,255,57,208,43,255,255,229,164,0,243,94,210,163,0,255,22,0,0,17,255,100,31,255
149,26,153,49,255,111,154,97,111,235,141,160,117,213,164,150,61,179,123,99,4,255,36,115,188,167,88,161,86,6,228,168,127,194,54,216,113,75,79,190,164,142,4,123,30,102,95,200,135,255,168,0,123,255,111,232,139,1,231,255,255,17,88,246,99,37,195,158,255,47,178,147,255,197,136,0,115,205,59,164,0,83,206,55,0,55,152,239,203,35,50,204,251,181,82,155,42,0,221,207,255,0,255,148,0,255,108,120,159,254,255,112,72,0,250,31,255,186,0,163,103,65,0,71,255,98,24,255
150,26,156,52,255,107,160,107,118,236,136,153,141,218,155,152,70,194,110,102,14,242,56,88,162,139,120,180,93,21,183,172,168,136,61,236,148,75,122,179,163,102,24,123,0,110,60,184,126,244,239,13,107,231,75,176,155,28,234,255,255,28,59,255,89,85,227,168,194,0,182,165,245,189,172,0,113,237,72,238,0,87,216,88,0,28,169,255,198,43,84,189,208,204,111,190,55,0,238,216,255,0,255,122,0,255,153,116,79,172,255,221,65,0,220,0,165,163,10,210,113,91,0,24,255,64,0,255
154,29,168,69,255,73,166,123,169,215,96,138,198,197,62,100,176,168,118,129,33,255,113,131,90,109,139,178,79,102,164,86,185,59,105,232,99,94,112,128,216,183,10,137,16,178,96,151,37,176,173,69,109,203,124,148,169,9,176,205,255,30,83,154,99,146,255,93,108,0,122,163,223,219,162,25,126,218,152,255,166,148,234,179,0,62,10,218,233,0,133,209,112,212,22,154,62,84,96,232,91,0,255,166,0,255,136,108,57,220,255,250,142,56,255,51,71,93,3,255,213,85,0,162,255,79,49,255
152,25,157,51,255,107,150,87,103,238,139,144,93,214,209,169,29,191,113,101,0,247,63,95,143,209,80,159,133,19,170,170,121,179,83,255,150,82,49,188,146,110,13,128,48,107,132,211,138,255,150,0,110,219,79,208,123,67,244,242,229,30,108,255,105,36,182,132,255,0,106,161,236,182,119,0,88,237,85,188,0,117,185,82,21,72,176,255,180,73,64,207,210,147,106,143,15,0,255,188,255,0,226,115,0,255,92,105,152,219,255,107,54,0,163,28,226,147,0,104,190,49,0,93,180,77,118,255
148,23,166,54,255,119,142,122,147,241,118,178,139,201,147,155,44,203,151,128,43,229,0,128,165,105,116,210,105,20,199,147,169,210,18,216,119,150,121,131,152,196,0,124,72,109,104,216,140,228,214,0,155,255,114,162,128,8,177,255,255,0,58,254,138,78,255,201,217,116,174,245,108,161,198,0,99,199,138,194,42,49,255,112,0,54,151,255,232,22,125,133,216,229,61,185,0,9,250,255,255,0,255,184,0,255,129,155,18,190,255,228,188,0,255,106,255,221,0,255,87,14,0,0,255,97,116,255
152,30,169,67,255,112,165,112,135,221,89,167,150,163,110,143,67,216,144,129,0,221,46,159,135,112,67,137,84,64,231,123,166,173,44,255,86,134,91,179,137,224,25,115,87,205,41,211,161,229,136,58,91,232,99,179,85,55,185,255,255,4,165,254,149,51,255,217,241,23,185,194,138,255,222,0,113,119,171,174,126,58,255,154,0,0,108,255,255,62,85,135,176,136,16,169,3,2,102,255,255,0,255,255,0,255,121,164,102,207,255,255,165,0,255,115,71,214,0,255,252,102,0,16,255,170,68,255
155,33,162,74,255,93,173,109,120,233,124,163,159,204,97,162,131,188,151,92,12,255,136,113,101,122,133,232,64,110,163,110,182,139,111,255,100,52,241,199,179,102,87,232,0,191,155,183,150,212,205,98,66,218,58,255,124,88,255,208,255,0,185,255,68,75,255,104,235,0,172,128,255,194,220,0,87,225,5,204,153,159,223,141,0,36,55,161,229,2,105,197,215,209,76,86,156,0,64,116,255,0,255,202,0,154,72,159,89,93,255,163,34,67,255,13,148,166,0,255,103,73,0,74,255,19,0,255
151,33,161,43,255,113,189,108,106,255,124,167,129,255,151,188,106,218,100,77,25,255,97,119,145,143,106,255,52,48,187,132,190,146,89,255,100,53,165,192,184,53,22,220,0,178,134,194,165,255,207,54,92,255,125,255,173,10,255,210,253,28,129,255,54,13,255,177,250,0,158,108,255,172,154,0,130,255,40,255,0,177,239,156,0,0,126,236,232,18,30,235,237,193,116,161,149,0,150,152,255,0,255,157,0,223,53,184,114,114,255,152,26,0,255,0,212,238,0,255,203,63,0,27,255,0,0,255
151,28,156,39,255,115,166,108,113,242,132,137,94,253,208,187,36,224,102,127,20,246,58,69,146,175,113,222,91,18,171,130,163,150,72,244,163,64,79,167,143,85,0,193,0,118,122,203,158,255,230,0,159,239,158,251,147,44,221,255,249,6,43,255,98,85,199,171,227,0,132,201,255,143,147,0,136,255,100,255,0,118,150,108,22,39,208,255,146,81,54,255,195,181,66,152,18,0,255,163,255,0,255,52,0,255,16,173,62,247,255,142,27,0,137,0,255,140,0,167,136,64,0,44,255,69,57,255
147,27,145,35,255,106,168,98,86,244,138,152,92,255,185,171,57,190,84,61,24,255,45,82,174,194,85,198,42,20,235,169,149,173,81,250,151,54,106,202,172,68,0,179,0,170,102,224,117,255,189,0,115,255,139,239,149,0,241,244,181,0,107,255,103,3,245,199,210,0,130,184,255,158,151,0,99,255,36,255,0,148,179,68,19,0,228,255,199,47,73,248,210,255,122,167,162,0,236,125,255,18,217,50,0,173,40,95,235,248,255,155,0,0,189,33,255,255,2,231,119,173,0,78,255,0,0,255
158,38,168,101,255,85,171,100,135,212,102,179,145,204,94,144,129,155,172,45,0,255,155,30,96,167,117,255,121,141,186,102,230,53,52,255,82,121,255,121,192,107,115,169,114,253,168,89,187,159,238,107,92,255,75,223,50,36,255,213,255,0,182,255,204,108,255,153,255,0,173,170,255,252,216,0,107,165,67,187,187,92,99,223,64,0,127,147,242,18,171,147,149,163,119,100,192,54,35,94,221,1,136,254,0,179,6,142,142,59,255,128,0,142,255,112,146,207,0,255,93,215,56,113,255,21,31,255
