156,4,153,99,174,63,68,83,180,193,90,59,96,171,63,64,90,118,182,154,22,211,194,49,69,177,116,131,156,215,102,178,135,124,106,187,81,66,153,0,31,211,29,97,221,225,176,84,48,136,60,80,34,45,114,84,187,0,33,164,120,115,60,179,168,85,166,93,219,80,80,152,201,207,101,89,0,222,157,145,126,98,255,199,117,0,218,189,122,137,205,242,170,179,112,170,31,138,66,141,220,88,46,29,71,166,123,247,203,255,255,133,218,82,255,33,124,173,0,255,138,101,131,175,248,0,255,255
156,0,146,101,180,74,63,87,163,195,137,26,135,213,112,62,83,162,169,152,0,156,114,154,178,142,154,59,124,185,82,201,120,82,153,119,126,171,103,28,119,128,29,123,150,214,235,132,14,138,87,74,67,72,174,214,221,55,94,149,145,135,149,104,117,73,125,102,210,51,193,112,160,255,89,72,42,205,255,124,0,119,254,191,158,82,230,243,220,141,65,213,97,159,230,116,27,1,54,107,229,146,132,142,113,48,222,137,255,228,255,164,181,66,190,109,221,255,0,255,157,114,23,90,148,0,109,255
157,0,165,99,181,81,55,101,167,178,106,50,125,182,89,103,86,150,147,129,0,204,156,130,106,173,132,121,124,207,86,123,152,100,139,166,51,133,119,0,91,216,0,107,148,187,210,125,66,122,89,117,35,134,163,95,244,51,100,168,212,133,135,188,160,53,135,64,189,54,45,165,179,255,135,66,19,255,242,191,0,70,255,182,133,45,236,177,203,235,103,255,157,240,255,63,57,137,105,235,180,125,76,81,82,115,145,223,203,166,255,125,240,161,182,92,168,232,0,255,164,97,212,154,255,0,109,255
162,2,163,105,200,101,85,110,156,197,125,107,114,168,105,74,93,127,147,131,49,163,106,132,80,177,120,159,154,166,118,143,139,155,101,121,117,139,137,26,154,239,6,140,159,160,152,75,61,107,128,130,75,146,125,105,236,101,99,250,249,145,138,201,97,106,175,34,157,170,56,219,163,255,71,121,74,225,236,169,100,122,194,195,116,55,176,189,194,131,227,231,127,154,172,194,90,173,13,221,237,136,153,71,159,148,209,189,209,197,160,134,228,216,115,80,163,118,0,139,165,123,151,143,255,0,19,255
170,10,157,113,202,102,102,119,145,221,150,98,104,137,126,93,97,159,143,137,70,165,101,116,105,192,136,166,175,168,133,136,78,171,118,151,137,104,117,81,192,245,88,212,146,151,111,111,122,140,148,178,102,153,179,129,221,95,63,205,243,183,103,184,118,151,150,45,232,190,36,223,162,255,98,145,71,193,253,70,111,148,158,91,53,196,86,169,136,189,198,226,73,169,99,189,87,172,75,120,179,131,180,32,131,253,158,157,189,228,112,108,89,98,115,102,58,145,0,56,48,100,0,196,255,0,0,255
159,0,163,110,183,95,53,98,150,213,119,43,139,178,99,73,106,147,176,136,32,186,130,123,94,219,120,120,129,186,70,170,173,172,156,107,72,141,132,0,105,209,0,156,117,118,188,81,0,93,120,133,102,106,95,183,247,112,115,214,204,167,145,214,92,124,176,127,173,153,82,187,237,252,129,128,26,255,255,182,33,121,212,218,183,134,210,173,226,164,216,255,127,184,229,83,76,118,0,117,214,114,97,68,124,78,221,241,188,166,255,145,159,172,153,74,118,141,0,244,61,103,152,158,255,0,34,255
159,2,160,98,193,86,61,95,172,177,102,70,124,169,75,74,116,110,144,155,29,208,147,104,111,160,153,111,153,177,113,120,123,121,157,95,106,124,159,12,109,194,33,131,144,149,227,82,57,143,117,140,48,100,150,53,233,87,136,185,199,115,69,156,156,93,143,45,164,110,35,166,197,255,72,133,26,216,147,213,95,126,190,128,56,52,206,204,128,139,154,255,177,130,168,177,0,109,75,223,154,27,29,23,97,221,132,191,204,198,199,106,222,231,68,0,169,243,0,255,212,121,140,115,245,0,108,255
155,3,157,95,189,79,67,86,177,177,95,57,110,191,75,81,109,118,138,166,0,226,163,110,100,146,130,107,143,197,87,147,151,90,128,141,67,143,159,0,70,228,0,127,164,198,228,101,66,125,103,77,37,89,178,118,220,23,140,156,156,128,108,153,186,72,138,30,193,42,97,128,183,255,105,123,11,214,200,150,63,117,255,154,81,0,161,178,147,203,98,255,154,169,158,115,25,90,126,198,206,106,40,72,113,152,134,255,255,255,255,144,255,159,126,130,139,216,0,255,168,89,176,189,199,0,188,255
157,0,152,123,176,77,66,98,130,181,138,48,124,169,120,88,64,143,177,123,16,159,143,127,85,152,169,123,153,169,81,144,141,118,138,157,124,158,67,21,130,188,72,174,145,153,95,168,34,125,147,137,89,165,222,175,211,88,107,228,209,90,69,202,172,120,194,73,253,148,60,130,165,219,38,64,12,226,197,99,40,117,231,182,143,115,226,190,213,213,42,174,110,155,130,101,77,60,75,111,193,154,198,117,135,136,201,145,255,214,255,124,172,136,255,83,213,245,0,255,156,181,152,249,255,0,201,255
161,7,154,109,192,89,96,87,156,193,119,72,100,153,128,101,92,147,145,150,36,193,145,115,33,197,114,129,179,156,98,156,121,160,114,155,73,94,121,24,142,218,63,154,134,151,136,139,95,123,133,156,88,80,187,159,209,51,20,177,183,95,104,203,110,139,141,82,218,158,120,140,194,255,86,105,0,235,195,114,121,76,250,158,90,66,145,130,199,215,136,225,184,137,160,193,24,133,93,175,196,147,102,76,102,153,161,255,198,160,254,123,134,131,144,0,156,243,0,232,149,158,51,183,255,0,207,255
155,0,155,122,164,68,57,76,160,176,98,21,131,192,62,61,104,77,169,108,58,197,195,95,62,180,143,112,145,174,36,162,173,124,169,128,45,128,156,26,45,158,17,124,123,142,149,133,0,124,106,85,90,97,192,169,192,54,172,192,100,91,47,222,171,150,231,124,232,158,122,119,202,197,97,100,0,226,191,210,82,143,255,196,147,68,200,190,179,123,81,241,127,114,179,162,62,69,74,114,125,1,82,104,36,166,156,216,249,155,255,120,161,120,255,54,209,225,0,255,85,144,114,131,209,0,183,255
160,3,153,103,187,74,68,92,175,190,115,48,118,180,94,74,83,145,128,178,10,187,144,130,154,168,139,105,133,178,103,190,144,120,125,107,113,158,125,30,110,186,0,144,141,155,193,93,29,126,88,107,56,108,181,179,203,53,109,131,155,134,112,132,165,74,152,95,159,106,86,176,176,255,79,107,102,215,171,134,80,160,202,184,140,58,200,218,189,161,140,253,80,221,205,113,56,0,43,184,228,100,30,111,95,200,117,230,255,154,236,94,182,165,128,60,140,235,0,255,172,118,73,144,246,0,116,255
