176,11,159,96,204,118,97,110,120,255,113,165,67,122,131,95,124,158,154,136,68,185,148,67,91,211,101,204,152,157,36,181,171,253,75,145,104,49,138,60,181,203,0,175,153,110,109,83,24,93,175,134,140,213,198,143,201,163,96,255,254,65,143,255,130,255,228,186,175,210,155,168,105,154,74,123,10,227,121,140,168,117,181,161,145,128,142,175,191,238,202,255,73,168,14,217,30,180,81,74,163,37,146,69,0,255,173,195,76,255,39,187,75,96,117,0,82,178,0,11,1,140,95,182,248,0,3,255
165,11,169,106,217,123,95,95,83,255,89,155,78,108,113,126,138,135,131,160,71,185,153,57,60,190,131,180,171,132,68,187,187,201,73,187,119,71,81,35,144,196,0,173,178,73,110,208,78,123,181,129,149,178,193,185,255,109,110,255,213,137,110,255,85,154,174,215,199,183,172,137,143,160,83,60,45,217,170,180,97,142,148,174,87,131,117,162,255,193,207,237,198,94,90,231,0,255,110,57,151,0,134,59,71,204,255,171,108,191,20,70,41,119,154,6,151,130,0,81,95,140,80,226,255,0,70,255
157,4,169,157,209,114,33,70,106,204,159,88,121,61,78,127,129,97,156,194,32,255,163,68,58,190,178,222,161,61,120,197,172,165,182,143,154,75,90,127,121,205,7,95,120,30,80,120,34,169,164,113,170,127,85,126,191,44,188,255,114,58,27,225,159,53,174,91,159,100,246,130,148,255,75,143,93,175,158,219,181,255,137,81,153,76,114,129,255,159,163,174,193,143,108,232,72,202,227,74,183,0,201,93,94,142,255,113,170,154,0,236,0,64,118,249,255,72,139,255,123,66,18,255,255,71,0,255
176,27,178,117,211,124,96,80,133,255,102,155,86,139,77,153,156,119,198,168,48,219,125,48,0,164,88,178,146,146,96,154,148,156,91,211,188,67,191,50,165,191,0,72,159,149,138,128,86,147,220,61,122,186,177,193,242,34,117,255,209,167,154,197,154,214,128,202,137,137,131,184,196,253,128,87,1,255,50,130,102,169,187,119,65,86,124,162,180,149,93,220,201,50,125,255,0,176,110,167,126,0,81,112,0,192,122,251,244,198,191,109,48,88,87,63,80,203,0,131,138,74,133,141,249,9,79,255
176,11,154,127,207,137,87,79,124,226,141,137,137,80,70,132,117,103,173,202,61,226,122,94,81,198,177,170,142,134,73,153,186,123,194,91,93,57,161,6,172,239,46,131,197,131,101,134,54,139,115,82,169,207,102,184,183,63,121,255,235,140,55,220,196,209,188,86,206,148,183,64,195,198,82,118,8,255,166,186,95,171,151,121,109,114,88,255,218,166,121,255,112,153,128,243,0,249,209,89,215,45,115,86,13,133,196,255,254,255,111,73,83,115,69,146,71,81,53,102,151,232,33,237,203,0,25,255
175,8,146,96,214,76,77,129,148,174,151,51,120,147,101,35,109,238,196,193,0,208,99,177,69,152,150,185,123,68,193,131,106,82,139,130,139,120,184,136,115,174,31,144,123,163,132,92,123,110,126,93,129,77,86,150,125,106,113,206,130,121,121,97,174,168,81,124,144,135,146,112,127,188,138,154,132,137,93,168,100,193,152,130,91,102,138,202,146,88,63,145,95,112,110,171,88,50,122,210,207,121,120,114,106,182,84,114,170,130,178,136,67,136,72,55,147,184,48,216,101,116,100,83,170,147,69,255
168,19,141,128,210,57,76,92,159,189,126,54,102,122,85,54,117,123,152,157,39,189,101,82,102,188,156,142,114,159,143,173,86,121,119,152,113,58,112,45,113,167,145,167,171,146,118,106,52,210,75,231,133,72,154,125,112,73,40,158,187,127,63,180,63,120,142,74,138,193,87,128,187,181,124,180,61,147,143,18,184,167,105,152,0,97,102,182,147,71,175,126,124,94,105,195,3,65,125,70,193,83,0,33,136,226,81,211,165,199,162,27,58,145,149,33,36,95,0,208,183,127,0,144,196,64,73,255
152,10,157,71,201,64,76,77,172,184,70,108,118,191,43,74,154,35,80,108,31,232,98,103,135,142,168,92,91,122,160,200,169,18,78,163,103,71,113,47,50,162,0,34,166,255,179,79,110,203,58,31,58,179,110,70,203,0,129,255,146,154,7,199,176,39,97,59,120,61,154,107,232,231,153,163,66,248,168,89,0,116,255,21,125,16,63,255,60,56,91,199,130,117,36,255,19,62,226,255,198,0,55,114,0,255,101,109,161,255,172,132,255,97,254,104,77,135,0,204,241,3,20,93,61,16,0,255
164,32,179,92,232,60,99,117,160,207,114,69,149,126,8,64,166,115,147,134,38,241,91,130,46,206,140,121,94,125,178,144,78,146,82,186,75,72,144,94,165,191,58,124,111,255,65,70,34,149,110,227,110,162,79,153,155,40,101,193,223,143,50,196,151,218,81,0,119,114,123,69,231,157,77,143,118,177,159,28,149,155,227,63,88,139,14,175,67,49,163,156,190,85,97,164,0,0,0,238,89,0,138,156,29,255,189,44,0,255,194,63,162,19,180,117,0,207,0,162,134,20,0,62,255,64,120,255
156,16,147,86,206,64,84,84,171,182,73,108,128,182,31,57,137,26,121,116,37,204,98,94,110,115,181,136,86,140,153,156,142,50,74,186,67,97,147,10,37,138,36,69,209,255,182,83,88,213,79,81,54,146,100,74,213,0,94,253,172,94,57,134,210,37,33,26,131,86,129,80,240,186,169,119,54,175,202,59,0,160,255,89,154,65,99,189,45,0,97,235,122,102,0,255,43,101,187,240,208,0,0,54,48,255,126,122,175,255,112,78,69,106,251,66,15,106,0,249,250,8,57,75,177,0,44,255
158,18,167,68,218,86,88,87,156,188,88,92,106,165,68,82,154,75,144,124,23,231,73,107,93,158,124,141,120,120,144,148,133,98,89,155,52,107,172,16,136,181,49,84,165,221,219,92,57,160,86,136,87,159,116,117,255,30,132,202,223,155,78,205,141,172,135,0,181,85,139,82,219,197,114,152,31,191,253,83,42,61,255,57,73,39,10,255,69,92,127,226,138,0,90,255,0,152,92,255,169,0,97,47,58,227,142,118,66,255,204,97,254,109,178,141,22,155,0,185,169,90,26,123,133,0,0,255
175,8,146,96,214,76,77,129,148,174,151,51,120,147,101,35,109,238,196,193,0,208,99,177,69,152,150,185,123,68,193,131,106,82,139,130,139,120,184,136,115,174,31,144,123,163,132,92,123,110,126,93,129,77,86,150,125,106,113,206,130,121,121,97,174,168,81,124,144,135,146,112,127,188,138,154,132,137,93,168,100,193,152,130,91,102,138,202,146,88,63,145,95,112,110,171,88,50,122,210,207,121,120,114,106,182,84,114,170,130,178,136,67,136,72,55,147,184,48,216,101,116,100,83,170,147,69,255
155,13,151,77,211,75,93,81,182,197,68,85,142,195,15,51,177,57,130,141,61,216,125,101,111,122,182,142,77,152,140,140,117,94,92,182,52,89,171,28,25,147,4,51,162,227,222,87,91,185,43,120,69,97,110,114,252,0,98,214,141,133,49,176,140,62,92,45,149,49,140,76,243,216,128,107,69,167,179,85,0,124,255,53,81,72,8,215,96,14,135,255,155,13,7,186,18,89,182,235,203,23,46,54,0,255,146,205,247,255,127,122,173,112,186,2,91,162,0,218,255,58,0,47,125,15,0,255
158,15,157,72,222,81,83,82,166,187,57,68,109,156,65,85,148,74,140,128,20,182,77,90,106,199,137,146,88,133,159,170,134,122,73,164,23,99,129,33,109,194,72,93,153,224,179,79,67,163,95,135,60,90,101,99,214,31,119,168,192,144,136,153,138,125,109,0,138,127,149,28,231,207,159,139,50,254,255,59,84,96,255,74,84,47,76,185,107,58,143,247,151,24,91,219,0,145,58,210,183,30,81,2,58,255,135,96,55,255,211,161,165,90,196,90,38,135,0,190,198,66,102,150,186,0,118,255
175,8,146,96,214,76,77,129,148,174,151,51,120,147,101,35,109,238,196,193,0,208,99,177,69,152,150,185,123,68,193,131,106,82,139,130,139,120,184,136,115,174,31,144,123,163,132,92,123,110,126,93,129,77,86,150,125,106,113,206,130,121,121,97,174,168,81,124,144,135,146,112,127,188,138,154,132,137,93,168,100,193,152,130,91,102,138,202,146,88,63,145,95,112,110,171,88,50,122,210,207,121,120,114,106,182,84,114,170,130,178,136,67,136,72,55,147,184,48,216,101,116,100,83,170,147,69,255
162,8,163,86,204,96,74,121,144,203,130,93,114,164,137,60,115,140,135,147,53,174,77,111,100,212,190,129,166,134,128,134,122,144,93,130,132,130,145,35,215,161,133,183,79,175,152,164,48,99,171,157,96,79,133,84,184,120,82,203,198,149,54,222,123,185,172,35,120,161,142,158,200,233,87,155,64,207,134,129,90,55,171,62,59,128,138,117,113,163,203,161,143,93,96,255,28,116,88,221,122,107,134,0,120,237,157,202,206,238,146,146,159,91,98,0,157,255,0,136,152,140,53,176,179,82,90,255
170,17,154,122,201,74,60,67,176,192,121,30,126,98,101,83,116,101,153,161,69,243,180,105,110,199,147,144,190,126,105,178,167,80,104,90,147,117,71,61,142,194,33,130,137,160,129,95,107,126,65,221,87,48,135,138,189,84,102,148,242,79,50,163,101,80,126,98,78,198,143,185,205,195,127,166,57,126,156,145,196,151,175,84,27,102,64,144,196,74,144,203,113,221,39,215,0,66,88,180,113,0,0,56,114,240,166,226,134,251,160,82,0,255,0,2,84,66,0,232,165,204,0,115,238,49,65,255
174,25,180,106,211,86,55,19,159,148,142,0,141,122,134,72,75,137,121,118,73,171,138,142,79,109,183,162,144,69,179,215,142,74,90,100,168,117,118,124,136,133,0,40,93,163,167,35,119,233,0,123,158,128,138,94,209,73,175,227,222,172,84,156,207,135,159,34,147,156,236,213,231,131,66,178,195,187,34,220,251,100,186,179,112,0,0,110,170,85,140,188,130,180,0,157,9,70,140,180,63,0,159,82,7,234,191,234,255,255,100,219,2,255,117,3,66,129,98,126,117,215,82,0,173,95,60,255
173,23,163,113,193,50,69,70,127,197,156,35,116,140,144,73,134,118,134,140,74,255,112,111,68,196,159,130,250,129,63,146,133,79,149,97,192,58,59,93,179,157,41,122,102,191,111,112,170,160,75,218,172,42,172,116,204,23,57,227,220,128,39,152,130,142,121,54,100,158,96,187,184,213,117,124,144,124,128,142,226,150,171,82,0,64,70,128,161,125,138,99,189,201,100,236,0,125,54,254,115,0,7,109,123,220,113,198,109,146,149,64,39,235,100,0,184,157,90,64,222,170,37,75,126,217,119,255
177,28,156,115,201,47,67,83,83,222,115,53,114,188,139,21,136,138,102,174,89,255,113,101,69,216,184,146,199,155,38,49,143,107,148,79,215,88,94,64,200,146,95,168,109,113,150,141,115,104,115,206,160,117,171,114,178,34,102,176,177,104,28,250,97,174,138,101,100,122,162,82,229,165,99,156,193,146,116,173,126,155,160,100,0,0,212,192,124,88,133,157,105,187,61,212,0,96,39,166,158,71,118,78,174,198,131,232,134,165,142,85,45,250,91,0,205,195,0,4,255,255,111,200,189,255,105,255
170,16,144,107,196,51,99,101,129,208,148,58,106,145,147,26,145,109,128,146,87,235,130,46,87,177,186,189,239,172,42,76,121,74,127,128,167,36,74,72,175,128,95,155,94,169,131,106,96,162,102,184,139,74,191,120,139,0,76,125,164,173,0,190,116,180,154,67,67,131,52,170,228,128,73,97,132,145,165,181,95,122,159,78,0,107,125,166,166,134,140,111,82,157,79,198,49,130,62,144,166,77,75,72,173,208,33,172,181,233,153,23,43,197,130,0,168,198,0,110,222,149,74,154,213,205,4,255
163,15,160,100,204,72,71,59,179,198,112,30,104,133,124,89,129,119,148,129,66,176,192,103,95,166,154,180,163,129,135,202,200,18,78,96,139,98,53,99,78,197,0,90,142,245,214,107,151,179,82,174,169,79,135,100,198,44,69,229,166,113,80,201,103,46,88,151,129,136,225,176,207,160,123,104,86,155,133,141,229,107,211,80,104,11,33,72,167,108,105,202,129,154,0,223,21,92,52,144,90,0,83,54,53,255,183,201,185,250,205,52,0,179,104,0,153,70,0,125,171,122,0,85,148,57,39,255
169,24,171,100,208,81,57,35,168,181,146,10,111,124,148,113,85,150,141,150,69,217,173,160,103,170,168,126,214,96,135,155,203,27,93,34,135,89,81,122,53,185,0,79,108,206,231,73,189,238,16,226,126,102,126,109,175,41,118,228,191,135,52,224,154,70,128,133,200,122,247,255,234,140,38,140,61,81,56,155,255,99,177,83,109,0,62,117,186,181,100,147,153,206,0,246,0,61,94,194,0,0,92,51,24,255,189,255,161,246,140,127,0,179,56,0,84,198,0,113,253,209,0,0,132,77,103,255
171,22,157,104,212,80,61,81,156,236,137,72,90,93,147,69,136,144,173,192,65,246,136,64,114,239,137,155,221,146,39,189,166,163,65,108,167,43,26,142,162,177,0,89,111,181,162,77,117,70,120,220,118,59,170,146,176,74,47,166,191,112,0,201,109,123,205,136,95,170,95,207,170,108,161,158,101,96,123,172,255,163,155,38,24,51,130,126,220,217,170,114,96,253,20,225,0,64,86,194,100,0,0,107,124,255,127,232,106,239,35,123,65,199,0,0,131,136,0,71,225,175,0,48,191,175,99,255
174,26,179,93,201,79,62,39,168,189,133,26,88,123,142,93,106,161,141,133,63,218,137,112,84,205,174,186,201,109,110,141,173,78,29,135,194,100,46,131,108,146,0,24,90,184,207,101,133,152,0,166,155,110,142,153,225,85,143,173,212,174,24,144,185,127,158,77,139,98,146,247,227,131,48,137,123,72,127,103,255,161,175,114,38,39,43,143,198,192,142,153,149,255,25,202,0,110,102,255,31,0,96,86,101,253,180,255,208,255,106,148,0,196,8,0,119,94,55,109,255,160,0,0,229,162,32,255
176,23,153,110,204,69,83,91,108,224,123,80,110,162,124,64,135,138,104,176,79,255,94,73,72,234,157,160,207,158,29,104,164,126,128,99,165,94,115,71,211,140,85,141,95,123,169,115,121,65,120,203,138,103,149,160,148,74,70,132,179,129,0,232,104,165,169,92,109,209,113,128,174,221,138,132,138,170,154,131,118,148,146,94,0,62,190,158,100,149,126,154,70,163,79,241,0,140,61,234,210,47,76,90,142,220,129,255,149,151,101,69,51,165,131,0,118,198,0,107,255,175,65,130,194,137,62,255
171,19,157,121,199,63,82,81,148,189,130,43,119,131,136,77,129,124,123,135,65,224,101,100,91,184,145,133,200,129,81,184,120,124,93,102,214,86,63,104,172,133,46,131,111,174,121,72,113,148,75,201,166,93,140,162,208,73,102,182,217,140,56,146,146,138,118,69,73,168,106,219,196,233,97,139,131,137,154,113,180,129,167,115,10,79,88,145,194,126,124,116,127,173,127,219,12,74,42,196,202,0,56,102,75,209,118,159,174,200,142,87,25,208,72,0,134,131,11,110,227,177,10,46,200,93,55,255
176,17,141,123,198,63,107,89,130,179,166,53,151,127,126,63,145,108,120,178,85,255,76,70,66,201,163,132,255,170,59,140,114,115,146,91,149,84,114,76,219,154,107,218,110,158,128,88,137,93,146,216,138,88,156,151,110,53,81,114,186,144,1,165,152,178,154,79,67,207,83,214,217,222,77,130,150,150,201,106,182,119,170,106,21,130,144,207,126,73,137,114,62,214,115,134,18,119,98,151,190,27,35,63,172,233,67,200,144,205,171,88,143,205,102,0,76,203,100,153,254,138,28,58,255,83,4,255
172,19,151,113,209,77,75,78,146,203,161,53,117,138,145,75,127,131,130,161,85,235,107,87,89,205,154,155,229,131,79,140,134,82,167,76,168,73,48,77,180,176,54,120,103,149,177,99,99,131,92,202,104,104,132,155,184,84,114,151,234,145,6,177,74,128,164,71,100,170,112,212,164,199,116,124,86,151,125,140,206,97,135,73,10,88,110,164,140,88,170,116,96,218,51,244,0,97,63,185,168,0,50,60,140,243,130,211,180,203,125,94,45,174,0,9,109,201,42,78,255,171,0,72,196,94,21,255
175,22,160,111,194,57,78,73,136,196,163,55,116,126,132,74,128,122,124,167,56,255,116,109,76,229,169,130,254,160,53,143,141,91,137,101,191,54,67,97,210,148,47,143,119,186,144,127,140,113,112,216,152,34,167,126,143,52,43,171,203,124,0,169,157,144,181,68,88,190,81,215,199,247,130,123,130,128,160,104,215,153,152,102,0,95,110,116,148,93,179,135,137,223,112,232,0,94,60,236,138,0,25,95,146,210,93,226,139,163,120,73,31,235,112,0,127,176,108,113,255,151,14,69,144,183,79,255
174,18,151,107,187,55,84,107,121,194,96,74,129,123,104,42,94,112,107,139,62,255,141,99,92,157,166,127,163,151,94,135,160,125,61,67,189,82,137,86,251,138,34,142,76,172,132,120,76,50,127,187,149,99,80,104,106,37,66,232,198,83,0,195,48,171,161,110,26,205,83,157,162,185,102,152,122,186,102,85,122,189,255,146,0,42,165,238,75,78,170,141,39,195,112,225,32,119,68,212,141,65,79,138,104,130,145,167,197,153,158,106,100,80,154,0,148,195,0,57,255,255,38,132,180,109,66,255
181,21,141,117,214,78,84,89,169,193,123,48,116,103,112,59,146,159,134,161,48,226,124,64,148,143,174,174,141,157,105,120,139,145,103,168,127,73,108,113,144,131,39,162,108,107,107,100,60,121,148,174,98,144,83,112,202,65,112,175,201,103,44,150,98,192,144,90,163,176,91,147,192,169,102,204,79,121,165,125,184,235,108,93,0,112,193,217,123,119,56,180,76,221,59,166,0,45,194,101,141,2,105,81,121,255,62,233,168,137,99,235,79,140,88,41,0,208,78,151,178,174,18,102,138,42,0,255
179,23,147,120,209,78,76,85,171,207,129,45,104,92,134,63,151,164,162,184,59,255,129,60,123,191,152,148,198,173,74,149,126,126,121,121,149,49,86,126,140,145,63,132,124,130,120,112,74,84,106,229,82,80,90,96,190,24,58,156,222,94,19,158,104,162,169,119,82,185,97,186,161,151,126,204,70,66,156,109,189,177,148,38,0,78,221,175,144,113,97,136,102,255,80,229,0,31,145,185,112,0,59,93,92,215,101,236,119,139,97,172,94,160,0,0,34,178,83,169,255,192,0,47,112,125,0,255
176,31,182,94,216,77,57,55,140,206,143,33,121,110,120,79,98,157,121,150,62,204,130,115,85,195,164,188,186,89,97,170,143,110,76,141,196,61,67,157,147,177,0,56,84,170,155,92,148,118,99,211,163,91,101,106,179,58,129,233,229,166,9,183,124,143,159,72,138,154,133,206,196,163,76,211,139,145,101,150,255,89,194,103,0,0,91,143,156,162,115,164,160,202,66,255,0,76,93,236,75,0,126,92,110,250,152,242,158,255,57,126,77,182,70,22,93,115,40,92,227,136,0,9,81,159,88,255
175,23,153,115,198,63,77,84,114,223,137,54,119,165,140,58,133,143,126,166,81,255,106,74,73,206,155,133,232,172,49,125,135,101,153,107,188,97,96,93,223,110,94,125,122,131,156,110,126,86,115,223,142,67,174,148,171,40,63,194,203,107,10,179,75,180,149,81,78,185,79,163,193,186,154,127,139,138,158,155,174,142,156,88,0,43,164,181,136,137,177,146,96,173,108,214,0,112,58,218,143,0,39,63,123,189,126,210,137,146,134,58,63,200,64,0,158,187,39,77,255,235,70,81,196,187,96,255
177,22,156,109,195,49,104,90,99,201,124,78,140,176,108,29,132,98,87,169,81,212,119,89,52,222,177,158,207,148,22,40,140,113,112,96,190,113,112,48,214,122,99,195,112,154,173,123,82,117,133,170,132,76,137,200,162,63,118,154,165,121,0,154,181,186,114,24,77,126,111,141,248,199,57,105,130,205,141,129,148,155,227,189,0,98,149,195,108,70,129,164,50,175,95,185,10,94,26,151,237,90,115,37,200,197,60,236,193,255,135,157,12,144,136,0,115,170,0,64,255,119,209,183,209,148,111,255
163,21,152,90,213,62,109,111,129,204,144,40,135,154,124,44,142,107,134,148,79,193,110,57,40,255,191,171,164,141,81,64,135,106,103,79,144,98,91,117,172,215,47,186,1,128,176,105,51,135,116,163,239,0,189,130,80,96,127,142,184,141,42,193,156,243,153,24,87,58,86,159,217,131,116,109,98,218,99,212,140,88,188,131,42,103,43,172,130,203,97,140,60,146,20,193,7,61,11,210,184,107,113,0,103,255,152,209,109,255,220,151,0,119,82,0,80,69,0,93,213,40,82,60,242,122,52,255
163,13,179,80,183,71,90,91,116,218,99,77,107,101,120,42,98,77,142,125,87,176,102,90,84,244,147,125,164,144,113,150,152,97,41,189,111,62,103,98,160,164,104,189,61,170,113,109,25,135,90,149,170,147,146,72,152,94,90,179,173,154,0,255,229,199,216,63,217,144,87,87,179,168,88,130,0,206,137,163,134,56,255,43,82,111,0,194,144,236,226,183,119,92,70,255,89,157,92,178,120,31,28,50,43,255,156,205,104,248,159,142,165,4,255,0,196,98,0,32,215,205,146,68,198,59,37,255
171,14,173,93,168,34,117,129,124,201,159,44,130,109,113,45,104,82,130,159,80,196,110,45,109,167,164,155,217,149,78,103,129,111,86,138,165,58,118,128,232,166,81,181,51,213,107,61,68,109,125,89,142,91,109,64,140,146,139,243,233,123,0,150,197,164,180,42,131,164,20,124,224,231,94,171,100,247,127,170,204,129,194,116,82,114,95,220,106,165,218,152,120,154,54,255,54,38,62,124,154,27,103,137,103,157,140,85,145,255,255,79,66,19,130,0,130,153,25,157,80,97,109,87,144,3,110,255
158,5,159,88,165,40,104,96,132,175,147,89,119,128,111,20,62,73,153,162,77,163,90,50,128,180,157,132,214,164,52,114,139,118,62,140,201,116,137,89,177,187,35,173,54,184,149,78,104,100,117,0,131,92,148,17,192,195,108,213,135,80,0,213,255,100,255,15,159,103,152,152,225,213,0,57,35,191,122,139,198,79,211,47,130,99,65,199,84,105,160,232,138,59,0,255,136,22,135,187,126,0,153,165,178,243,151,113,243,255,255,255,138,103,144,0,255,154,0,207,0,106,103,104,73,124,162,255
160,12,168,124,183,60,64,60,168,188,123,32,145,166,76,82,96,81,206,90,77,174,208,145,43,181,107,128,152,102,103,163,156,107,156,122,51,90,86,85,0,156,56,144,202,190,175,127,78,255,46,158,127,40,157,88,135,0,127,201,126,46,25,248,187,128,185,120,255,150,173,115,163,180,0,62,75,192,63,227,201,56,238,38,197,142,2,114,128,37,10,236,163,18,60,255,75,10,61,158,78,4,79,83,51,255,255,153,186,229,247,30,33,201,189,0,249,223,34,94,69,208,129,0,164,68,181,255
175,27,163,120,193,52,53,62,91,225,143,38,117,155,140,51,132,129,116,147,76,255,111,130,77,200,153,122,222,134,45,119,165,53,166,88,223,94,84,104,201,160,63,132,133,141,105,129,164,102,120,194,130,96,202,140,197,69,85,235,227,80,14,164,93,142,146,74,123,195,156,149,182,212,139,159,186,79,134,146,198,137,155,70,0,7,150,147,166,168,141,96,167,185,91,252,0,64,49,255,100,0,72,121,99,169,141,227,128,128,111,67,28,227,49,7,189,201,0,48,255,194,70,134,97,227,147,255
175,25,156,113,207,43,77,81,102,175,120,32,121,182,119,36,117,130,82,166,70,236,126,99,59,190,202,145,182,144,91,61,166,101,126,93,199,109,121,76,179,132,103,165,81,148,155,148,70,136,87,212,172,114,136,142,165,72,113,162,124,101,38,166,124,201,105,49,120,115,174,124,226,152,104,110,176,172,107,143,64,163,164,145,0,60,135,165,85,120,24,139,74,193,70,170,0,53,50,178,179,100,109,90,172,194,115,227,184,188,176,114,0,203,136,0,163,146,0,46,255,214,104,164,189,159,50,255
162,17,151,99,207,49,136,104,147,183,87,39,101,197,116,70,148,106,132,155,56,178,131,36,45,255,190,200,146,93,94,39,169,94,63,117,117,194,1,82,151,154,59,159,22,163,175,116,87,121,20,129,255,18,150,117,110,95,155,65,110,121,107,194,230,83,101,59,175,0,243,62,230,84,65,44,133,235,127,199,73,155,190,255,39,68,78,196,214,153,43,237,52,76,0,160,36,41,36,224,255,163,165,73,86,255,166,237,142,255,255,142,0,205,177,0,186,0,0,61,250,60,150,200,209,57,42,255
166,14,168,115,187,63,40,20,153,170,120,0,121,126,95,94,89,90,117,101,65,183,218,165,93,131,175,103,164,103,108,193,237,0,114,4,133,91,105,118,28,156,0,65,145,224,187,26,138,255,0,235,179,122,128,128,151,21,101,255,98,92,21,234,202,21,154,234,211,175,255,108,219,138,0,26,45,142,25,148,255,109,254,135,204,18,0,77,180,180,46,212,144,98,0,211,127,179,53,160,0,0,79,64,0,231,255,251,255,189,206,78,0,255,159,0,213,167,0,102,211,209,115,16,167,3,0,255
174,26,168,114,191,40,60,64,119,190,151,27,106,129,153,74,121,124,120,149,43,255,109,133,66,209,164,128,221,112,69,137,153,83,136,85,209,44,74,112,179,183,23,118,109,193,118,108,175,156,81,214,174,61,183,138,183,47,54,210,193,125,27,145,152,136,144,69,147,152,134,174,173,216,88,122,150,110,119,135,220,156,158,128,0,31,92,124,159,147,121,62,173,206,99,255,0,89,34,255,74,0,43,157,143,198,84,210,102,151,140,69,40,205,97,0,210,192,67,29,255,179,0,81,113,207,152,255
177,18,155,117,189,67,123,93,113,165,122,71,130,151,108,80,132,112,98,158,73,255,83,118,52,199,135,137,214,131,64,85,110,120,130,71,187,100,88,44,207,187,89,214,119,159,106,139,125,99,138,183,132,104,163,182,143,66,101,165,188,110,10,221,158,182,97,82,112,175,117,209,220,214,31,118,160,195,209,63,157,134,197,156,0,111,121,197,186,90,107,127,78,143,146,157,0,102,89,195,209,115,86,61,99,133,122,229,193,213,151,149,58,183,117,0,86,162,36,85,255,159,50,175,161,48,76,255
175,13,152,109,201,85,133,115,115,180,117,92,108,130,95,94,138,131,122,136,61,228,95,85,82,176,131,168,190,152,125,105,100,139,119,129,113,86,139,50,182,210,120,212,116,137,66,104,122,155,127,209,118,166,176,132,131,70,69,207,209,139,155,216,162,208,105,72,157,192,83,187,195,199,87,96,82,211,220,36,143,158,152,158,30,156,118,229,140,189,136,185,55,135,158,130,70,183,131,112,202,119,92,40,92,170,166,195,72,236,151,149,93,128,160,9,66,110,0,34,87,117,117,166,219,0,0,255
166,10,155,103,198,72,77,126,132,222,139,85,121,153,134,46,109,145,133,146,64,178,84,110,107,216,166,160,152,140,98,169,108,181,87,110,178,101,142,32,231,167,141,214,102,139,104,107,36,99,198,129,112,117,97,110,170,169,132,220,175,163,32,224,97,194,168,71,102,167,114,142,198,250,104,141,132,220,137,97,116,64,160,98,26,131,157,162,124,105,250,103,74,135,102,244,85,158,24,191,113,140,89,13,69,239,156,195,131,245,163,80,124,141,96,0,130,214,0,132,123,137,103,160,255,117,147,255
174,18,147,115,211,79,70,69,142,197,130,59,100,116,112,80,117,127,119,175,58,216,116,73,141,177,165,146,159,149,92,144,134,122,115,131,160,82,93,96,174,133,82,160,115,91,141,84,109,130,118,206,95,138,107,140,187,79,101,145,206,109,21,177,92,159,149,93,127,176,126,146,216,226,125,203,97,134,185,85,157,204,146,97,0,107,167,190,176,137,148,198,79,185,59,229,33,120,114,147,142,0,45,73,61,206,149,233,121,167,116,142,39,201,40,25,112,187,20,156,203,218,39,95,195,56,0,255
170,20,167,130,201,57,58,49,142,142,130,11,106,140,138,79,88,113,68,119,59,199,144,159,50,128,171,68,192,129,139,210,216,65,81,52,194,127,100,114,132,132,0,107,75,183,181,69,169,157,34,227,195,151,146,113,157,18,126,255,126,136,61,181,201,89,79,215,147,153,255,206,246,112,61,95,175,166,70,161,166,121,225,140,97,0,64,160,178,141,91,105,105,229,15,194,83,121,64,171,12,0,98,117,13,172,204,255,179,197,180,148,5,255,125,10,170,193,22,129,255,255,0,25,222,129,0,255
170,18,165,104,194,72,62,70,140,188,136,41,129,124,143,69,120,117,108,128,69,220,150,112,65,185,194,137,203,137,114,188,172,97,79,59,218,96,97,119,197,151,26,98,66,162,197,92,133,119,57,221,192,102,168,133,187,90,104,231,175,147,18,160,157,156,160,68,77,159,159,202,188,165,80,117,134,194,69,144,186,100,243,89,37,0,60,146,116,133,135,162,59,191,26,213,0,118,0,217,66,0,70,128,64,197,149,209,153,255,96,89,16,207,87,0,185,171,61,34,255,255,33,18,238,25,47,255
174,20,148,119,195,58,85,82,133,198,141,51,126,134,138,72,137,121,130,157,73,255,92,88,87,189,159,140,243,169,67,138,114,101,149,94,176,89,97,74,203,150,63,164,113,167,122,95,136,104,114,215,120,86,163,154,152,60,68,159,220,137,27,180,112,149,138,98,92,204,86,204,194,218,109,145,126,129,184,99,206,164,148,89,0,95,160,175,172,87,156,154,116,203,92,197,0,111,80,205,150,1,8,118,131,209,102,185,148,157,139,52,55,202,68,0,92,210,57,111,255,199,51,68,211,182,57,255
167,16,158,94,196,75,75,84,136,212,123,56,107,146,147,92,114,125,106,122,74,226,134,80,89,210,171,154,210,137,95,161,201,102,110,65,158,110,68,117,184,154,29,94,36,159,210,83,127,114,84,236,205,79,153,150,186,84,99,212,163,142,29,207,130,125,169,109,110,185,171,141,169,173,130,63,111,178,108,162,172,113,244,108,46,21,99,152,133,185,135,185,87,172,30,255,0,154,14,255,116,0,53,122,71,221,194,241,125,255,113,72,0,168,94,0,192,124,23,29,255,255,8,83,241,14,20,255
175,18,149,122,203,71,78,85,134,192,162,43,140,135,136,72,146,109,136,164,92,249,91,86,100,206,162,107,255,161,67,158,120,79,177,66,161,101,81,82,191,169,85,157,107,156,153,88,135,121,97,215,154,70,134,109,147,46,87,171,237,117,55,167,106,144,164,84,50,208,96,227,198,255,99,162,136,101,163,112,203,161,159,43,10,116,101,181,147,81,160,174,139,206,98,220,8,128,71,191,158,0,0,54,114,255,140,202,149,161,149,44,74,250,83,0,89,151,78,118,255,212,85,68,255,139,0,255
168,16,154,111,195,72,66,68,157,157,118,63,108,120,118,88,121,113,104,142,37,217,159,149,106,164,198,99,140,186,90,185,186,136,95,54,184,79,115,111,166,121,0,140,41,120,160,77,90,116,78,164,171,130,168,123,178,88,117,235,126,138,27,206,190,118,211,192,96,189,153,158,252,172,113,179,98,153,70,106,161,255,234,135,81,29,112,200,165,153,156,147,74,199,47,247,0,40,95,173,80,0,37,152,90,252,129,255,216,196,178,95,0,205,99,0,95,254,7,120,255,255,0,123,255,49,10,255
171,19,167,107,184,57,58,53,169,164,116,38,99,119,131,96,128,116,89,124,51,242,159,139,104,145,205,140,176,165,100,195,184,59,70,64,238,105,89,157,142,154,0,87,58,199,186,79,152,146,54,179,179,102,137,99,178,93,144,229,188,164,0,170,190,91,143,160,49,176,210,218,255,193,62,104,122,121,132,94,180,207,236,91,115,23,95,155,156,140,98,124,119,216,41,250,0,44,61,250,38,0,9,178,64,228,137,255,181,216,157,65,0,211,123,0,139,194,74,138,255,194,0,58,248,159,0,255
173,23,167,111,206,70,50,54,155,189,122,41,114,127,153,71,128,124,142,126,72,188,116,110,80,215,165,151,205,141,91,197,140,115,63,138,183,59,64,119,140,164,0,54,99,193,192,65,108,108,36,190,165,78,179,76,216,18,130,152,198,172,86,168,166,157,152,79,92,163,135,207,198,197,104,141,119,140,131,146,242,135,193,86,24,0,82,125,171,98,185,120,122,213,47,195,0,135,10,223,70,0,30,72,124,236,161,215,154,235,91,101,0,236,102,0,97,130,40,86,255,255,0,31,255,178,53,255
174,20,148,125,201,61,82,82,145,184,143,26,137,139,150,81,143,133,149,143,82,247,90,79,98,176,153,131,255,160,78,161,99,89,158,92,164,99,84,86,176,145,61,155,110,150,131,84,137,118,95,235,141,67,162,114,145,26,81,162,247,137,69,160,82,162,140,96,76,200,76,236,213,233,100,145,139,104,184,109,216,155,115,74,0,91,121,183,169,65,129,139,154,192,108,195,14,136,85,199,133,0,0,91,110,228,120,183,121,137,163,38,30,250,51,0,88,178,93,131,249,230,60,59,228,169,20,255
170,16,153,100,199,74,84,87,142,217,147,75,107,127,138,60,128,117,139,143,60,232,125,88,94,206,153,137,230,146,91,144,134,113,129,76,155,45,44,102,215,170,60,85,120,196,174,82,108,117,93,205,134,88,170,120,178,61,66,193,203,137,35,146,93,148,149,67,106,204,97,189,161,161,118,130,92,151,100,144,234,97,219,100,29,59,104,166,170,114,246,142,95,206,92,255,0,73,18,211,119,0,58,76,150,200,157,157,153,252,86,64,61,136,75,0,111,115,47,8,255,233,0,50,178,114,41,255
173,21,148,121,204,57,80,85,132,189,138,35,134,149,152,67,148,133,131,145,93,255,97,76,87,178,171,142,255,169,71,138,127,95,153,72,173,99,88,89,195,134,64,160,95,130,142,88,136,111,104,236,161,79,150,120,143,38,92,196,210,140,56,187,75,137,116,130,92,158,109,188,213,187,126,108,157,100,143,143,183,160,147,74,0,45,177,193,157,91,119,132,108,222,59,181,0,158,73,171,151,0,0,97,121,240,129,209,94,155,121,72,14,255,48,0,130,208,26,113,255,247,63,62,245,153,12,255
170,14,145,108,198,63,109,109,134,187,150,27,136,151,123,47,139,105,136,147,98,229,137,65,53,177,181,196,253,164,37,82,151,116,120,72,157,112,72,82,204,165,64,200,66,141,171,92,89,134,103,217,184,67,161,171,147,47,115,194,141,160,68,176,140,163,101,79,87,119,96,166,205,131,104,73,127,162,127,137,167,136,214,152,26,107,82,244,150,110,104,192,54,200,94,129,24,151,46,118,218,77,89,67,175,255,150,211,135,234,164,90,0,255,103,0,209,117,32,111,212,141,68,121,255,84,0,255
176,13,149,112,194,77,134,105,131,186,158,74,128,130,118,76,120,110,116,164,74,213,84,64,65,174,157,166,240,191,55,125,132,124,110,127,148,79,106,91,174,172,106,245,98,170,93,68,117,124,136,203,104,111,165,159,119,72,68,143,191,158,40,191,190,216,137,75,91,197,56,220,225,233,66,94,74,215,248,68,166,136,162,114,38,159,111,248,121,103,165,134,72,186,85,152,72,123,90,72,222,109,57,44,154,193,70,249,142,254,131,158,94,158,169,0,13,151,21,184,181,100,79,48,255,5,0,255
175,8,146,96,214,76,77,129,148,174,151,51,120,147,101,35,109,238,196,193,0,208,99,177,69,152,150,185,123,68,193,131,106,82,139,130,139,120,184,136,115,174,31,144,123,163,132,92,123,110,126,93,129,77,86,150,125,106,113,206,130,121,121,97,174,168,81,124,144,135,146,112,127,188,138,154,132,137,93,168,100,193,152,130,91,102,138,202,146,88,63,145,95,112,110,171,88,50,122,210,207,121,120,114,106,182,84,114,170,130,178,136,67,136,72,55,147,184,48,216,101,116,100,83,170,147,69,255
175,8,146,96,214,76,77,129,148,174,151,51,120,147,101,35,109,238,196,193,0,208,99,177,69,152,150,185,123,68,193,131,106,82,139,130,139,120,184,136,115,174,31,144,123,163,132,92,123,110,126,93,129,77,86,150,125,106,113,206,130,121,121,97,174,168,81,124,144,135,146,112,127,188,138,154,132,137,93,168,100,193,152,130,91,102,138,202,146,88,63,145,95,112,110,171,88,50,122,210,207,121,120,114,106,182,84,114,170,130,178,136,67,136,72,55,147,184,48,216,101,116,100,83,170,147,69,255
175,8,146,96,214,76,77,129,148,174,151,51,120,147,101,35,109,238,196,193,0,208,99,177,69,152,150,185,123,68,193,131,106,82,139,130,139,120,184,136,115,174,31,144,123,163,132,92,123,110,126,93,129,77,86,150,125,106,113,206,130,121,121,97,174,168,81,124,144,135,146,112,127,188,138,154,132,137,93,168,100,193,152,130,91,102,138,202,146,88,63,145,95,112,110,171,88,50,122,210,207,121,120,114,106,182,84,114,170,130,178,136,67,136,72,55,147,184,48,216,101,116,100,83,170,147,69,255
164,6,152,119,182,76,57,120,145,243,127,85,87,128,90,45,57,145,184,147,55,135,155,90,165,185,109,150,139,136,105,190,172,174,76,173,181,78,116,9,136,181,68,163,207,106,106,47,0,114,134,123,125,122,199,123,209,87,13,255,184,135,64,167,86,149,235,212,225,155,45,196,199,141,53,115,57,208,165,98,124,153,136,162,156,167,127,255,251,229,188,221,32,135,76,135,130,142,0,0,233,151,189,16,98,255,187,131,255,255,218,109,6,124,159,61,168,150,0,147,0,117,0,232,255,0,47,255
178,11,161,94,218,124,96,103,117,255,123,194,63,130,128,90,151,177,148,136,61,166,172,72,89,201,88,172,164,121,44,183,174,221,82,157,95,83,116,100,145,215,0,166,152,95,69,124,25,87,118,117,146,249,194,163,188,130,165,255,255,67,138,245,141,254,249,244,145,173,195,196,116,153,88,118,29,181,81,98,178,177,179,119,173,144,145,210,172,202,149,227,107,191,17,255,0,191,82,87,241,77,144,90,32,247,159,170,148,255,62,249,84,97,86,0,137,145,0,0,68,255,109,195,209,0,76,255
179,13,160,95,200,116,98,106,115,255,119,169,78,122,131,92,116,154,151,159,67,202,163,54,98,200,99,179,141,170,29,183,163,243,89,152,117,46,147,71,190,196,0,199,166,134,90,79,34,78,164,142,106,211,150,154,189,158,86,255,255,44,107,245,135,255,243,199,164,208,129,164,119,145,114,139,0,255,145,139,183,129,197,133,166,171,206,207,163,224,250,253,76,192,8,221,33,126,82,55,181,13,146,85,6,222,157,187,180,245,54,221,165,36,95,0,63,234,0,0,89,190,75,124,230,15,2,255
177,14,162,130,218,139,80,69,111,255,138,147,139,47,90,143,103,137,191,251,90,213,162,43,58,240,163,219,156,182,74,193,227,202,134,93,109,19,151,87,182,215,0,133,231,123,86,190,39,101,179,75,177,191,64,189,189,61,97,255,140,148,0,169,139,197,179,163,221,145,231,61,242,223,97,57,66,186,101,255,152,142,170,106,142,141,153,149,208,157,119,255,169,213,148,255,0,255,141,33,183,79,219,156,0,98,255,152,168,255,21,144,84,58,135,89,145,41,95,60,70,134,64,145,220,0,134,255
182,17,159,124,220,133,82,73,110,255,135,146,127,70,104,171,97,121,206,237,102,225,142,65,46,207,150,218,135,221,56,134,223,160,141,137,123,26,166,55,217,203,13,75,207,192,80,177,32,106,207,58,140,232,75,168,231,46,73,255,175,204,10,188,179,255,126,187,211,128,190,61,255,135,118,1,32,255,116,224,132,177,150,132,173,130,205,230,91,152,90,226,155,148,127,255,0,217,82,82,140,126,188,225,0,107,208,188,246,255,64,163,221,81,211,7,62,33,0,69,213,210,64,189,136,0,112,255
181,15,157,119,224,110,89,89,105,255,110,136,130,122,118,120,150,170,191,156,94,168,179,32,38,219,120,186,144,169,0,233,227,251,109,156,126,0,196,50,189,141,24,135,200,122,95,115,0,78,195,31,161,246,143,148,163,82,81,255,211,84,88,255,82,255,246,228,213,109,165,131,235,87,144,49,32,255,23,245,145,167,118,195,160,137,186,105,131,190,105,215,157,156,106,255,0,211,156,0,149,81,183,166,18,236,148,207,197,246,172,134,97,126,83,0,190,97,0,83,107,223,55,121,255,65,117,255
178,12,153,122,210,107,74,88,108,255,118,120,139,77,120,131,130,133,192,188,73,220,155,74,77,236,136,168,153,191,0,199,215,183,174,103,139,0,131,12,184,196,60,167,211,145,110,123,3,104,138,72,100,210,146,150,182,112,60,253,191,88,19,251,108,255,232,180,225,200,148,99,245,143,123,110,88,255,80,203,89,141,169,94,131,164,140,166,137,111,145,255,149,137,154,255,38,181,144,12,212,43,171,112,0,154,145,182,240,255,129,54,148,126,133,0,131,58,0,125,126,223,78,165,241,27,7,255
185,15,156,125,214,132,82,63,121,255,158,129,153,63,125,150,98,162,204,238,87,221,161,53,39,219,142,224,141,208,21,203,194,165,164,123,139,0,181,67,231,173,42,140,207,178,112,113,0,90,144,10,165,208,94,148,167,52,87,255,212,143,0,200,172,251,241,148,198,158,215,69,255,85,151,89,65,255,90,234,94,123,224,110,189,149,189,182,128,102,117,248,148,209,66,255,0,104,183,0,221,70,248,153,0,106,118,214,255,255,82,179,243,151,123,27,121,73,11,103,124,103,84,108,237,0,37,255
186,23,159,129,227,135,84,63,119,255,152,130,144,93,100,158,135,132,203,237,97,210,122,61,13,190,140,219,149,219,66,136,196,122,154,163,155,54,167,63,216,167,46,84,186,172,72,171,36,128,188,59,124,207,63,169,197,15,90,255,198,163,35,151,181,218,103,162,163,124,222,79,255,131,161,52,0,255,84,181,133,144,148,94,138,102,237,255,69,154,33,196,149,163,131,255,0,173,156,64,216,105,142,156,0,132,102,255,255,191,101,229,175,103,127,41,38,175,19,94,243,68,89,111,117,0,120,255
193,20,167,121,216,134,106,84,102,255,111,123,126,167,116,169,103,191,255,248,44,227,132,57,7,181,123,171,167,252,3,207,234,206,160,98,205,0,167,6,198,158,0,188,203,171,95,126,55,126,175,132,176,218,223,193,201,31,69,255,215,104,96,255,74,246,255,255,222,199,134,66,231,69,199,53,74,249,90,218,130,232,52,128,167,74,208,192,127,167,86,255,188,136,243,255,0,133,120,0,226,124,207,154,86,227,113,140,255,192,44,185,235,200,255,20,4,96,0,158,182,124,76,60,255,0,217,255
180,8,154,92,196,110,89,114,88,255,131,190,88,92,129,95,85,164,173,206,92,255,197,84,97,219,77,173,131,185,0,186,214,255,128,70,82,0,140,2,209,228,0,255,192,127,113,129,3,69,200,167,66,178,192,127,127,190,50,255,252,43,99,255,171,255,255,255,208,249,120,123,138,116,153,114,26,255,105,204,229,131,156,186,255,216,255,232,193,129,255,255,79,236,0,106,21,121,64,0,200,0,131,129,27,195,195,85,173,233,43,255,170,33,201,0,102,255,0,0,59,158,43,127,255,0,152,255
181,8,165,96,208,126,96,105,114,255,121,198,58,133,119,104,110,186,177,166,86,195,197,41,66,217,69,182,159,156,0,228,223,255,112,123,66,8,184,48,168,171,0,180,190,126,88,91,15,44,161,136,184,237,213,173,160,153,94,255,255,18,142,255,121,255,255,255,169,225,161,169,125,86,147,73,0,244,83,206,217,159,166,184,255,184,127,145,212,214,215,255,109,204,29,191,2,201,65,8,218,34,123,142,15,255,190,115,167,255,61,255,106,73,123,0,125,184,0,0,11,186,40,144,255,0,19,255
177,14,164,100,209,116,91,104,119,255,122,177,66,138,136,98,125,179,159,156,67,174,162,65,76,212,90,169,152,139,22,201,157,255,79,162,97,54,147,74,174,171,0,192,164,111,89,104,0,94,160,132,158,203,173,156,199,148,100,255,255,44,110,255,125,255,255,219,203,194,156,163,122,125,101,111,0,226,92,141,180,120,173,141,180,155,167,155,164,234,164,218,86,151,10,226,25,161,82,41,215,47,124,104,0,250,135,183,149,245,59,221,113,98,98,0,107,189,0,0,55,196,73,177,255,0,49,255
178,12,158,100,209,127,97,95,132,245,138,174,76,133,120,85,157,153,135,145,56,179,129,65,85,194,141,184,155,148,51,168,127,200,100,160,111,87,131,90,140,221,31,160,150,133,119,118,59,111,139,138,134,222,163,133,193,110,151,255,242,93,79,250,171,255,211,149,186,183,183,177,143,207,24,155,15,209,140,73,189,155,207,105,173,158,161,197,169,172,171,255,83,190,67,255,14,203,130,97,196,94,132,27,15,231,186,221,184,255,45,186,112,56,144,34,93,133,0,12,87,187,95,132,195,0,65,255
174,16,174,94,198,113,97,97,128,249,109,175,56,143,127,85,144,122,137,150,64,205,128,84,88,226,100,151,140,171,36,194,137,255,18,122,115,70,190,83,181,182,3,158,165,152,112,89,36,77,119,71,131,187,182,139,204,183,134,255,242,65,102,255,149,230,255,134,114,176,132,157,162,190,48,161,0,207,91,136,211,109,219,115,124,72,84,216,169,176,255,249,87,125,27,255,0,146,128,102,121,38,107,104,52,228,102,249,126,255,55,179,154,105,57,0,52,151,0,66,130,165,37,104,207,59,24,255
178,13,168,105,204,125,101,99,124,252,120,193,62,131,125,112,149,135,132,144,57,185,148,60,78,220,121,146,147,174,16,197,168,249,86,124,121,80,167,75,172,195,0,170,165,129,97,98,30,110,125,100,116,239,170,164,181,176,152,255,255,65,97,255,163,248,255,171,120,165,168,196,136,228,49,155,0,220,120,117,198,139,176,155,181,105,141,225,185,187,242,255,58,187,43,255,0,189,119,69,134,81,118,60,26,220,175,244,183,255,66,149,127,57,108,26,81,214,0,0,97,180,84,163,255,4,66,255
167,5,155,120,205,126,81,95,117,206,152,202,83,113,123,77,94,121,133,160,66,216,121,130,107,221,201,151,111,153,120,158,158,219,70,88,154,185,83,46,139,252,41,202,155,128,191,184,65,130,102,150,69,163,152,65,156,103,203,254,219,103,34,255,197,163,255,29,168,95,168,157,184,255,77,216,37,88,187,128,162,138,209,156,134,60,183,255,197,133,243,255,169,252,23,255,5,249,204,73,200,61,214,52,45,78,255,255,160,255,112,113,17,107,216,253,193,125,0,50,174,42,9,206,255,1,237,255
169,10,160,101,201,111,99,105,123,243,122,164,53,143,123,100,99,130,155,135,59,175,138,88,116,215,119,174,157,153,54,161,129,252,53,122,166,81,156,81,177,201,3,151,171,117,122,70,39,106,164,103,110,183,231,130,204,153,112,255,233,83,108,235,143,221,238,139,141,230,93,201,122,209,29,117,39,164,105,114,192,180,202,187,119,131,116,180,215,217,236,229,90,205,39,251,23,152,70,101,153,57,168,92,58,228,192,165,56,255,99,115,118,142,143,0,182,97,0,35,0,81,64,168,221,27,72,255
169,10,162,92,204,109,93,107,116,255,121,165,42,141,122,69,118,151,150,142,69,153,141,56,104,198,130,183,175,141,42,160,166,213,41,166,103,111,119,93,165,181,0,107,158,112,91,115,59,76,149,117,139,181,248,144,225,140,104,255,227,123,55,239,85,232,255,181,127,230,124,191,134,189,49,91,85,150,91,117,155,144,193,145,138,103,52,173,215,255,229,222,106,150,74,255,63,170,43,160,189,84,158,81,49,255,216,153,34,255,86,123,98,92,177,0,241,33,0,24,0,164,90,206,168,0,76,255
174,8,146,97,214,75,77,129,147,174,151,51,120,147,101,35,109,236,195,192,0,208,99,176,69,153,149,185,124,69,191,131,107,84,140,131,141,119,183,134,118,174,34,145,122,162,133,94,120,111,127,93,130,78,86,152,126,108,112,206,133,122,120,99,171,169,82,119,143,133,144,113,127,189,134,154,130,138,95,166,100,190,152,130,90,103,137,201,145,89,65,142,93,113,110,172,89,51,119,207,207,124,118,113,110,183,86,117,175,133,176,133,70,138,72,59,147,183,44,214,101,117,100,86,172,146,69,255
