159,4,124,127,151,0,50,31,107,245,173,195,232,173,82,0,91,92,168,57,101,159,35,17,136,191,65,225,0,40,231,29,255,37,0,169,159,0,140,26,255,255,0,126,255,103,0,173,193,81,255,106,81,193,255,202,100,0,140,255,255,241,52,31,11,41,182,124,255,0,89,6,255,255,154,255,0,100,235,152,51,255,153,29,98,130,135,255,185,187,255,0,135,161,0,188,0,126,172,0,255,96,161,154,166,255,98,11,200,191,255,228,0,0,251,255,0,255,0,255,255,255,0,255,255,110,255,255
152,5,118,88,165,2,60,22,125,238,175,164,200,161,54,0,111,96,134,32,73,155,10,0,109,206,65,255,0,11,255,74,255,11,0,218,127,0,97,71,255,201,0,69,218,108,24,187,255,154,255,148,150,141,255,181,224,0,169,255,255,255,0,0,44,123,42,94,173,40,130,0,255,230,227,255,0,130,255,255,40,255,255,0,65,237,133,255,82,255,255,0,232,127,236,255,0,114,255,60,255,8,7,167,70,255,250,0,188,16,255,255,0,0,255,255,99,255,0,255,82,255,0,255,239,19,2,255
145,18,103,61,255,35,78,23,132,197,194,83,132,214,60,10,124,89,200,55,9,225,0,25,131,255,0,255,0,0,233,229,200,5,0,129,86,0,0,149,255,198,0,33,160,222,0,189,255,255,255,79,127,26,255,238,255,0,209,255,180,255,0,0,150,207,106,0,160,42,42,0,255,230,182,255,28,180,255,229,33,112,255,0,37,48,240,202,145,255,61,25,178,230,249,255,0,59,255,0,82,126,0,50,51,215,255,34,255,255,255,255,0,116,211,255,60,182,120,255,106,255,97,255,255,147,0,255
148,25,115,56,255,47,94,32,134,187,178,83,113,228,71,19,140,88,223,53,0,251,11,66,127,255,0,240,0,12,245,252,153,40,0,140,44,3,0,145,249,189,0,0,223,255,0,175,237,237,255,86,85,0,255,190,255,0,205,240,176,255,0,0,213,177,123,0,95,92,41,122,255,220,138,255,45,164,255,174,49,22,255,0,68,0,242,102,179,254,1,57,116,218,254,255,0,0,255,0,0,107,0,65,5,136,255,36,255,255,255,255,0,106,164,253,7,109,145,255,105,223,255,231,148,255,31,255
148,14,113,81,215,21,74,33,131,222,193,113,173,209,97,0,127,110,170,53,78,210,0,19,147,241,33,253,0,17,255,156,207,0,0,181,101,0,24,86,255,200,0,75,177,191,0,153,239,226,255,65,141,32,255,154,255,0,168,212,197,171,0,34,95,92,66,39,124,32,136,0,255,230,216,255,38,171,244,255,22,227,195,0,51,87,196,255,209,242,255,56,156,224,166,255,0,14,255,31,170,110,0,66,7,237,255,95,217,121,255,255,0,54,90,255,66,255,87,255,29,255,0,232,183,255,0,255
149,0,113,115,152,0,32,22,108,255,200,208,193,172,66,0,129,115,81,49,28,95,0,30,165,119,115,255,0,0,255,51,255,0,0,255,255,0,0,0,255,255,0,92,255,111,0,255,255,64,255,41,146,255,255,250,241,0,182,255,255,255,0,0,0,0,177,128,255,0,148,0,255,137,130,241,0,173,255,227,0,255,197,0,136,178,226,255,190,255,255,0,139,166,83,255,0,152,255,0,255,36,172,127,255,255,6,228,255,115,255,255,0,0,255,255,13,255,0,255,229,255,0,255,255,0,179,255
149,0,115,108,157,0,68,18,148,236,176,163,209,227,52,0,94,137,145,80,89,115,0,0,168,162,103,255,0,8,255,36,255,0,0,220,218,32,0,50,255,255,0,85,255,143,0,137,255,126,255,27,108,29,255,168,180,0,214,187,255,176,38,0,62,12,122,81,205,0,175,0,255,255,144,170,0,209,213,222,54,255,148,62,141,209,210,255,198,250,255,0,204,229,161,255,0,77,255,0,255,221,146,91,93,255,112,255,255,175,255,255,0,0,169,255,125,255,0,255,105,153,0,167,255,59,233,255
149,8,113,85,195,5,68,12,144,218,193,168,185,188,46,0,136,88,166,27,46,171,0,0,120,255,53,255,0,20,255,57,255,0,0,173,117,0,0,78,255,255,0,21,208,98,0,170,255,184,255,100,169,124,255,154,240,0,175,212,255,255,0,0,72,113,82,39,200,0,108,0,255,199,255,255,0,95,255,248,0,255,184,0,117,177,136,255,139,255,255,0,248,207,164,255,0,74,255,1,250,142,16,0,65,255,227,44,255,37,255,255,0,3,218,255,0,255,0,255,84,255,0,203,255,135,93,255
150,13,120,86,193,13,82,31,121,250,199,151,182,222,55,0,159,92,159,29,47,198,22,54,129,200,78,251,0,11,255,101,255,0,0,211,200,0,31,71,255,211,30,18,255,141,0,201,167,175,255,67,46,108,255,177,253,0,209,220,223,255,5,2,77,16,148,93,203,0,134,0,255,186,162,218,0,193,255,169,14,255,237,24,121,140,169,220,116,192,255,0,234,184,255,255,0,56,232,130,227,77,16,118,0,201,255,132,255,117,255,255,0,0,255,255,37,255,3,255,213,116,20,182,255,119,0,255
151,19,117,85,220,26,102,53,120,222,183,106,183,215,68,9,182,102,182,67,52,242,89,66,58,228,91,210,0,58,190,166,202,41,0,143,148,0,28,105,255,177,44,64,109,129,0,163,119,200,255,52,102,50,255,214,220,0,119,170,182,130,0,17,72,166,65,116,141,7,125,0,255,117,224,255,82,214,255,233,65,255,194,62,116,111,137,214,103,133,225,48,235,162,168,255,0,21,234,83,163,73,0,84,0,189,255,84,93,55,255,255,0,190,248,107,75,145,83,255,146,157,89,159,255,141,0,255
148,15,117,94,219,21,97,35,126,199,159,113,180,222,35,14,194,96,194,75,28,215,55,45,51,254,79,229,0,62,223,122,202,6,0,101,121,0,11,95,255,255,0,64,165,87,9,173,190,206,255,52,132,72,255,231,222,0,153,194,255,165,0,0,114,152,57,77,199,0,97,0,255,191,218,255,107,179,234,179,63,239,156,0,154,162,177,255,156,242,166,60,220,166,157,255,0,38,255,0,219,190,35,23,0,189,255,47,211,26,255,255,0,164,255,248,0,175,0,255,175,184,137,80,255,127,60,255
154,22,121,89,244,34,118,32,126,174,165,91,175,205,54,35,202,113,253,113,12,207,65,56,59,240,39,185,0,86,202,106,165,3,0,122,105,43,0,122,166,209,28,22,119,99,0,140,252,244,255,96,99,26,255,255,225,0,158,189,236,162,131,0,92,136,74,46,193,0,170,15,255,205,226,255,65,116,154,94,184,149,137,0,41,130,165,136,202,237,133,0,255,187,167,221,0,51,190,30,163,173,0,84,60,255,255,148,150,255,255,255,0,210,167,156,47,33,51,255,131,140,126,75,243,249,91,255
153,37,135,37,255,106,165,87,72,224,144,94,40,255,102,148,96,149,184,84,37,255,47,0,80,251,60,255,47,84,246,102,97,134,108,217,125,82,255,117,156,133,0,253,33,255,220,189,218,210,248,111,158,189,215,250,194,29,255,255,130,76,214,223,218,24,255,119,168,40,15,255,255,152,0,0,0,214,37,255,0,255,79,44,0,0,175,178,172,142,0,255,255,255,255,187,162,0,85,0,116,38,0,0,0,0,0,55,255,255,255,0,0,0,71,255,255,255,0,255,2,236,160,255,255,0,0,255
150,34,112,43,255,93,129,54,74,185,194,19,45,216,41,92,67,127,211,117,0,255,0,0,76,235,12,220,85,119,255,94,78,117,127,188,185,99,255,165,198,126,11,198,0,255,255,188,225,255,161,183,74,168,196,255,182,0,255,200,125,82,158,205,255,82,255,77,194,61,41,255,255,234,47,171,0,124,12,255,0,255,41,0,0,0,229,197,227,255,0,255,253,255,255,196,94,0,0,0,100,59,5,0,0,0,180,90,255,255,255,0,0,0,0,255,255,255,169,255,4,255,29,255,255,0,0,255
154,40,105,36,255,70,102,46,26,196,190,0,72,172,0,3,112,76,183,147,0,246,24,17,24,125,85,255,27,62,186,117,161,155,116,179,200,89,99,178,167,154,21,53,123,255,0,255,181,191,255,240,106,188,162,255,255,29,168,255,51,255,46,82,154,63,255,125,184,99,0,255,255,128,0,255,0,68,152,255,0,255,176,0,0,0,250,163,250,255,0,255,255,255,255,255,6,0,72,0,0,0,0,0,21,0,255,57,255,255,255,0,0,0,0,255,135,255,252,255,75,255,132,255,255,0,0,255
156,34,98,44,255,70,110,63,45,192,255,0,87,197,0,0,83,68,178,201,29,162,56,42,56,46,88,107,49,83,141,77,112,159,90,153,255,123,36,201,199,189,70,0,102,255,10,143,137,212,255,103,0,129,199,255,176,27,78,86,72,194,73,93,54,174,142,149,131,88,0,255,227,30,30,196,28,13,111,255,99,255,78,29,6,0,255,154,220,255,0,255,255,149,255,255,0,0,117,29,0,0,0,0,0,147,255,255,255,255,218,212,0,0,0,188,45,255,255,255,203,231,56,153,255,0,0,255
162,33,126,88,247,36,62,41,15,208,219,0,100,170,68,0,63,54,151,159,5,155,102,42,68,49,72,87,98,121,114,119,176,129,153,255,255,0,93,105,200,147,23,79,161,203,45,117,114,172,255,74,39,255,255,246,255,15,88,221,173,141,0,92,64,159,99,154,255,9,49,158,255,67,17,183,157,29,193,166,139,180,64,58,0,0,227,202,112,250,30,137,255,117,255,224,0,13,131,104,73,20,1,67,0,154,255,92,190,255,128,226,49,132,83,255,163,197,127,249,255,123,113,13,99,78,0,255
159,30,126,104,250,22,127,90,106,165,197,35,100,176,162,62,120,125,215,141,8,208,105,14,85,180,160,153,130,139,204,79,73,57,129,152,112,58,134,115,121,142,67,0,90,154,64,83,174,244,255,35,156,56,198,156,216,28,87,171,63,142,14,235,134,154,193,179,196,34,174,151,255,132,185,190,81,115,149,249,143,182,169,39,0,0,255,120,255,170,88,201,255,252,220,130,90,0,167,122,179,78,19,139,0,137,255,152,182,236,213,170,0,27,171,160,202,124,41,181,136,200,135,132,255,255,27,255
168,34,158,152,231,0,109,72,103,159,152,89,165,156,131,40,118,124,182,115,0,255,143,17,117,170,141,142,165,99,147,118,131,57,62,127,207,98,141,44,190,83,84,53,111,118,82,59,122,194,196,132,139,242,4,133,144,43,151,181,212,143,45,255,205,250,176,169,255,0,75,59,117,175,139,166,224,106,130,255,92,171,0,175,94,105,121,130,255,28,117,37,213,252,145,133,91,30,82,255,254,179,100,119,131,110,155,57,138,63,255,255,163,255,144,89,55,0,0,139,84,255,197,70,236,255,0,255
179,39,167,169,255,40,120,73,132,159,176,82,210,173,75,23,172,106,227,142,0,255,203,0,210,131,180,92,101,41,81,67,166,11,0,37,212,199,105,0,225,32,255,0,190,49,148,50,234,168,251,153,115,255,0,79,48,0,224,115,255,127,30,255,255,255,255,100,255,0,147,122,172,66,67,185,225,0,228,255,167,73,17,71,146,113,173,0,197,62,0,25,251,247,255,206,232,255,92,255,34,158,120,130,0,115,235,171,142,127,255,255,160,255,64,0,45,40,0,255,130,255,255,65,161,44,0,255
176,38,159,168,255,49,100,79,98,183,149,57,181,161,76,14,166,122,218,146,0,255,160,0,170,133,166,85,148,53,62,58,195,76,50,83,207,191,141,34,214,58,227,40,190,84,144,94,223,140,255,171,59,255,0,159,75,0,202,207,242,68,1,255,205,241,165,200,209,0,153,121,225,114,104,191,255,89,162,255,174,74,0,124,5,76,182,0,246,104,69,19,104,213,255,123,169,145,57,240,40,132,144,157,40,152,203,112,127,81,255,255,112,255,129,0,227,177,0,255,72,255,255,27,135,99,20,255
165,36,139,160,255,53,125,142,174,189,171,82,201,149,59,0,211,62,199,154,0,255,165,3,208,20,196,125,49,94,140,123,218,61,0,68,186,223,126,69,255,156,150,0,146,189,0,142,150,186,255,103,120,255,147,144,7,0,67,131,225,196,73,255,195,230,255,255,255,0,146,123,212,119,182,219,228,29,103,255,148,255,0,164,57,74,212,0,255,227,49,0,255,140,255,146,9,219,222,231,59,137,117,255,0,255,255,201,255,66,255,255,108,246,255,0,0,168,41,255,78,255,60,0,255,16,17,255
152,27,125,109,255,33,150,115,126,201,190,98,200,240,83,0,165,79,203,140,0,255,145,45,85,124,217,91,0,121,147,86,198,128,0,52,136,209,0,207,179,146,117,0,46,208,0,89,0,172,255,3,0,116,101,156,79,21,166,109,93,251,116,151,143,146,255,255,255,0,198,0,212,131,255,28,158,233,29,255,185,236,120,255,182,0,49,0,155,45,100,146,255,154,255,16,15,0,139,218,186,126,203,187,0,255,255,230,201,147,255,255,0,43,255,149,48,107,27,255,168,129,170,13,255,199,0,255
150,21,120,127,222,0,63,77,82,230,208,135,186,209,115,0,140,111,164,117,0,255,118,59,124,80,127,119,0,54,139,114,255,77,17,154,178,30,102,91,255,136,35,83,165,167,30,245,63,145,255,34,19,134,247,243,255,0,139,204,172,202,81,71,63,190,227,240,255,0,193,0,255,96,255,255,211,255,176,243,61,255,79,110,125,0,145,70,153,223,255,53,208,179,255,133,0,3,255,0,216,56,134,110,18,228,255,255,191,85,255,135,0,66,255,142,158,214,0,255,72,255,85,126,255,196,0,255
153,39,120,46,255,73,113,112,65,204,199,17,96,230,69,18,143,79,153,70,58,255,122,83,8,145,209,255,0,85,179,99,208,119,84,178,137,38,53,122,240,165,26,161,64,255,52,126,77,157,255,37,139,184,241,243,255,40,113,254,66,192,0,122,105,16,255,115,180,165,0,207,255,38,0,159,21,87,255,255,0,255,165,0,1,0,255,163,107,100,0,255,255,255,255,255,136,0,168,0,0,0,0,5,0,12,199,88,255,255,255,0,0,0,101,255,255,255,149,255,52,210,160,150,255,0,0,255
155,31,146,56,255,60,145,140,113,229,173,98,133,250,102,132,139,148,117,35,89,255,153,84,11,159,194,255,92,173,88,40,202,62,163,255,105,0,228,236,241,73,69,231,0,255,239,82,53,182,208,0,65,137,174,255,213,152,253,103,141,41,75,232,0,29,255,0,216,46,44,141,255,63,160,24,10,244,127,255,120,255,219,45,0,0,217,252,162,4,0,254,228,212,132,242,196,0,148,25,255,0,170,18,0,109,125,92,125,193,84,43,0,0,143,178,255,251,0,255,135,0,12,30,255,0,0,255
155,30,155,37,255,87,164,138,116,255,161,128,114,255,126,179,138,192,94,54,124,255,157,97,27,160,154,255,92,170,69,35,195,58,193,255,103,0,255,230,218,43,19,255,0,255,255,144,82,239,201,14,66,137,224,255,193,111,255,98,163,52,137,255,0,24,255,0,217,0,25,200,255,28,198,0,3,255,70,255,47,255,231,73,0,9,139,231,115,58,0,223,158,233,184,255,173,0,151,73,255,0,240,0,13,58,54,115,116,206,105,26,11,0,143,136,230,255,0,255,200,0,0,0,255,0,0,255
153,34,151,50,255,92,158,137,131,226,165,86,116,255,100,151,146,174,168,56,97,255,133,89,0,179,163,255,101,192,127,15,176,68,111,255,104,59,194,179,249,68,0,255,0,255,255,122,125,216,183,11,114,141,215,255,218,89,228,197,169,43,97,200,28,0,255,0,230,44,13,199,255,87,118,0,29,215,74,255,96,255,175,127,0,0,194,255,156,0,7,255,193,223,174,176,144,0,104,15,226,0,164,40,0,187,111,146,137,86,211,71,0,0,165,255,255,255,10,255,153,11,0,0,255,0,0,255
154,32,156,45,255,89,161,145,126,231,147,116,115,255,132,184,140,185,111,46,52,255,143,83,36,201,152,255,125,152,139,50,216,39,195,255,93,15,255,179,224,85,11,255,0,255,255,128,69,249,117,27,70,182,183,255,180,114,255,171,172,46,114,232,0,2,255,0,234,0,19,199,255,101,158,0,47,255,107,255,0,255,201,26,0,25,121,255,93,22,0,240,176,233,197,212,105,0,112,13,255,0,129,0,0,142,34,127,124,190,162,22,48,0,181,237,255,255,0,255,205,11,0,87,255,0,0,255
150,29,140,80,255,39,110,73,133,202,145,131,145,220,122,60,172,137,185,3,0,255,110,119,85,182,54,255,0,32,252,175,240,59,0,232,78,0,68,78,220,132,17,55,225,255,86,215,104,183,225,86,47,169,255,255,237,0,168,170,255,103,73,80,160,84,201,62,167,17,100,82,255,121,137,177,149,139,255,171,32,176,155,4,120,3,98,131,69,83,230,13,187,59,163,252,0,0,155,71,224,0,0,232,0,171,176,57,111,121,255,201,0,185,255,149,107,174,0,242,121,51,229,230,255,93,20,255
153,35,128,61,255,55,94,46,96,189,180,46,90,198,129,40,107,109,214,85,0,255,81,75,113,218,1,250,60,55,191,210,154,46,5,192,106,35,30,140,222,148,0,49,183,255,51,145,177,254,255,110,94,125,255,238,255,0,185,255,169,247,0,50,181,124,176,89,127,37,56,211,255,179,115,255,199,30,255,181,60,135,200,0,0,0,181,114,156,239,0,45,209,243,255,255,0,0,121,13,0,0,0,74,0,119,255,84,199,255,255,178,0,29,135,205,189,245,25,255,130,198,238,242,114,251,20,255
153,34,112,50,255,53,97,46,53,197,186,0,93,186,38,0,134,64,167,94,9,228,71,52,0,174,121,255,0,100,121,122,178,130,57,195,191,23,0,196,228,171,33,39,74,255,0,212,165,186,255,143,95,109,255,255,255,19,154,204,162,255,0,61,117,151,168,47,139,34,0,115,255,43,24,255,122,73,255,255,102,234,255,0,12,0,255,40,141,255,0,192,255,209,255,255,5,0,140,0,0,0,0,0,0,0,255,66,255,255,255,211,0,0,129,198,141,236,162,255,148,193,255,87,255,0,0,255
152,30,112,58,255,49,84,33,86,160,180,23,89,179,35,0,59,46,226,133,0,186,55,6,24,151,14,188,59,143,173,133,151,116,0,226,158,76,0,208,183,202,0,0,220,255,27,90,255,219,255,164,0,94,255,255,255,0,213,254,113,254,0,0,137,223,140,1,157,83,0,124,255,191,128,255,157,24,100,238,155,158,241,0,41,0,198,0,140,255,0,67,229,241,255,255,0,0,104,14,0,56,0,62,0,208,255,60,255,255,255,255,0,2,76,255,165,130,84,255,90,146,207,242,136,116,45,255
150,27,127,69,255,43,102,72,130,208,147,87,191,210,73,1,217,110,198,48,36,255,87,151,122,107,88,255,0,0,193,203,163,79,0,242,97,0,22,140,238,185,0,26,185,255,84,180,72,153,243,61,55,117,255,255,255,0,139,225,254,144,9,27,169,121,192,61,69,85,70,124,249,136,136,192,166,0,252,134,81,175,202,0,3,81,35,120,62,125,125,9,255,115,71,255,0,0,254,169,170,0,0,233,0,206,234,154,102,247,255,255,0,134,255,20,0,163,13,153,255,0,190,202,244,112,0,255
154,26,119,69,249,57,109,36,85,195,181,24,113,135,45,20,128,78,217,135,17,173,44,38,50,172,93,240,77,71,153,142,154,64,93,243,208,0,28,147,176,205,0,48,76,207,73,189,189,193,255,124,90,112,237,255,255,13,162,155,228,159,34,99,108,118,99,18,121,13,1,207,255,138,28,208,81,81,165,128,157,154,167,0,0,68,134,120,203,251,38,153,212,173,236,255,0,0,93,0,88,0,0,0,0,71,255,20,255,255,251,228,0,110,161,49,131,139,150,255,162,60,126,36,216,53,0,255
154,36,148,35,255,105,160,127,103,224,165,82,79,255,116,162,131,186,148,83,59,255,114,45,19,227,113,255,130,156,179,16,177,65,152,249,134,53,212,130,213,123,0,255,0,255,255,118,131,246,163,82,124,157,255,255,215,71,255,177,158,107,101,226,36,39,255,25,208,0,0,255,255,98,34,0,2,243,99,255,0,235,109,15,0,0,127,255,116,110,0,255,179,238,255,255,99,0,77,0,159,0,34,0,0,48,26,148,255,241,255,0,0,0,30,255,255,255,25,255,108,137,11,132,255,0,0,255
154,34,150,32,255,104,173,145,128,241,162,79,95,255,107,163,165,166,124,88,89,255,134,55,11,228,149,255,115,164,133,1,181,12,191,241,114,63,192,114,245,132,0,255,0,255,255,84,124,237,150,48,120,152,255,255,147,107,255,107,165,137,99,183,0,6,255,0,226,0,0,255,255,64,87,0,32,255,153,255,0,255,103,87,0,0,78,243,56,24,0,255,150,192,255,253,107,0,0,2,188,0,76,0,0,165,0,160,200,203,255,0,0,0,66,255,255,255,9,255,219,4,0,80,255,0,0,255
155,39,111,22,255,72,151,126,55,193,215,0,121,218,16,11,223,78,136,103,113,255,192,60,0,123,212,255,0,133,176,0,133,119,154,72,144,35,18,158,208,231,3,224,0,255,0,107,86,135,255,104,234,134,255,123,255,93,142,101,3,255,77,195,114,85,255,112,136,3,0,255,255,0,22,255,0,44,254,255,0,255,141,0,0,0,255,196,154,206,0,255,255,255,255,255,138,0,175,0,0,0,0,0,0,0,255,105,255,255,255,21,0,0,0,255,206,255,255,255,19,255,106,234,255,0,0,255
155,40,110,40,255,78,120,75,41,193,212,0,65,191,18,0,64,94,186,170,25,229,52,9,64,84,108,224,34,49,192,87,146,166,95,182,230,97,87,148,178,199,7,70,87,255,0,169,147,193,255,149,102,185,205,255,255,41,150,228,105,226,70,154,149,90,255,160,115,56,0,255,255,93,0,165,0,21,125,255,40,255,100,0,0,0,240,148,225,253,0,255,255,255,255,255,49,0,112,0,0,0,0,0,0,10,240,148,255,255,255,73,0,0,0,255,137,255,233,255,37,255,137,255,255,0,0,255
159,35,101,32,255,66,111,69,26,189,226,0,75,156,0,0,113,39,162,151,67,221,110,50,34,41,167,226,4,87,120,123,160,157,143,219,255,66,0,104,206,208,34,93,73,255,0,175,104,181,255,104,101,202,219,232,236,77,125,221,122,188,48,155,46,65,216,132,84,47,0,255,255,0,0,143,21,0,218,255,0,255,125,11,0,0,243,72,166,114,0,255,255,255,255,255,102,0,77,0,0,0,0,0,0,0,200,157,255,255,157,100,0,0,0,150,153,255,226,255,131,220,152,176,255,0,0,255
155,31,101,50,255,58,113,92,43,180,254,0,132,147,26,0,106,68,167,182,40,224,133,61,81,0,160,115,0,83,119,121,166,145,147,185,255,21,49,169,182,191,62,54,0,228,0,163,60,161,255,72,76,169,205,183,255,10,83,142,115,172,11,159,88,212,255,159,86,0,0,255,255,0,0,190,36,0,158,255,86,255,156,32,0,0,204,142,122,236,0,255,255,255,255,255,30,0,212,45,0,0,0,0,0,84,255,255,255,255,196,255,0,38,56,54,0,255,255,255,172,184,51,127,255,0,0,255
153,22,137,130,201,0,66,88,102,238,192,177,210,192,70,0,176,113,173,87,0,177,117,91,89,96,124,142,0,47,154,103,255,59,2,255,151,0,61,0,141,238,0,21,244,242,0,194,26,9,197,0,83,211,250,225,201,0,111,207,255,228,179,24,19,67,255,109,255,0,136,57,232,36,190,198,90,128,171,255,0,243,0,55,222,9,153,223,208,158,255,0,191,146,33,176,0,0,255,15,255,0,198,116,127,255,217,255,242,255,255,119,0,69,255,93,0,145,0,237,246,226,0,145,255,170,0,255
160,34,138,124,255,20,122,113,119,208,209,109,212,169,81,0,239,68,208,134,0,237,190,82,120,23,182,142,9,90,118,90,255,73,10,124,100,81,80,32,147,196,81,0,113,228,0,184,16,47,255,29,116,255,193,255,165,30,69,94,255,225,198,135,55,232,255,184,255,0,119,162,133,38,255,197,187,129,175,255,93,190,0,188,110,0,17,45,216,102,205,0,255,93,119,152,0,0,178,133,246,0,120,204,94,255,195,255,199,231,255,55,0,214,255,0,0,104,16,255,142,215,80,59,255,141,0,255
156,39,121,65,255,54,87,96,83,203,203,4,183,170,44,0,246,57,180,107,0,255,191,165,117,0,226,174,0,38,190,97,187,221,13,149,147,0,76,141,183,210,93,63,63,255,0,223,0,143,215,70,93,255,227,255,255,0,48,55,168,144,130,63,82,160,254,174,210,57,57,101,255,4,175,103,124,0,255,255,14,255,154,68,0,0,66,91,96,76,0,146,255,144,255,171,0,0,208,130,80,0,0,212,0,90,255,235,255,137,255,197,0,0,255,110,0,255,192,255,255,162,68,0,255,0,0,255
154,36,123,83,255,51,120,104,94,211,197,46,189,189,31,0,255,90,187,104,14,255,179,127,52,57,209,193,0,75,169,90,199,163,3,85,131,44,37,135,161,212,81,0,55,202,0,227,0,152,255,73,93,122,228,254,249,30,56,146,143,188,126,55,82,188,233,218,234,55,91,124,255,0,223,131,118,105,203,255,94,255,180,126,32,0,118,83,140,192,0,95,255,119,255,183,0,0,228,93,136,0,7,199,0,134,255,255,255,165,255,255,0,26,255,20,3,194,148,255,173,171,168,0,255,35,0,255
154,25,126,118,255,20,141,118,106,195,177,83,206,151,60,0,209,76,187,151,0,216,212,31,45,60,169,74,0,128,128,66,255,103,37,68,143,85,46,127,201,197,95,33,0,129,0,185,19,83,255,2,78,122,242,209,141,72,64,131,171,201,117,56,78,224,255,255,255,0,144,123,255,43,255,207,152,171,126,255,194,183,134,184,112,0,69,56,119,153,255,113,255,138,236,124,0,24,109,80,159,11,85,122,0,255,255,255,161,156,255,244,0,196,255,68,0,10,79,255,196,183,66,21,255,188,0,255
146,8,120,105,228,0,144,68,117,231,255,179,180,255,192,22,131,169,245,158,0,255,115,133,160,202,193,0,48,89,165,255,149,49,152,45,246,211,0,235,255,80,70,99,62,208,28,172,0,255,147,0,0,0,108,0,255,0,175,42,164,127,182,149,177,220,181,169,216,0,147,0,255,185,255,28,210,255,170,0,148,175,243,255,93,0,78,0,249,0,255,255,255,255,255,255,14,0,33,140,58,255,255,114,5,255,202,255,255,255,0,255,55,0,255,167,121,255,0,21,141,255,7,0,255,67,21,255
153,23,123,116,252,19,147,85,139,207,190,102,178,255,107,24,119,89,225,113,0,248,107,30,112,140,201,131,63,107,119,157,187,21,93,142,167,162,52,177,193,118,156,55,110,221,37,34,72,213,255,0,0,158,84,168,123,0,181,107,136,182,153,192,143,63,255,129,255,0,185,29,255,197,255,25,152,225,52,166,198,255,54,255,206,36,100,0,89,0,105,100,255,217,255,69,91,0,201,176,136,156,151,151,0,255,255,151,201,168,218,227,0,160,255,0,87,70,27,255,187,105,172,44,255,192,0,255
148,21,116,124,237,0,93,100,88,242,208,137,204,208,112,0,210,105,189,116,0,255,144,56,117,40,175,117,0,64,153,105,255,81,27,87,210,99,60,47,231,189,91,34,92,142,0,240,43,146,255,13,0,170,255,249,255,0,123,225,136,255,73,106,1,136,255,255,255,0,182,24,255,14,255,241,228,255,93,234,61,255,132,123,85,0,113,0,96,175,255,0,244,183,255,108,0,75,178,113,61,128,198,176,0,255,255,255,91,125,255,255,0,170,255,43,75,150,24,255,150,248,156,102,255,255,0,255
148,6,118,128,175,0,72,65,113,255,213,163,209,255,111,0,182,149,146,80,32,251,159,104,137,115,129,165,0,56,114,100,255,17,87,146,196,10,67,52,255,163,0,211,249,193,0,255,0,115,235,0,0,0,255,180,255,0,80,82,160,63,127,123,45,66,255,231,255,0,161,0,255,17,143,130,108,255,172,221,88,255,124,127,139,5,228,24,169,122,255,20,185,254,206,238,0,0,255,0,255,124,201,120,139,255,138,255,255,255,214,207,0,0,255,133,163,255,0,255,0,156,15,110,255,93,240,255
154,31,184,58,255,92,177,174,154,227,127,158,125,242,119,240,132,234,127,0,45,255,157,38,31,184,108,255,205,200,125,0,254,18,204,255,107,59,255,255,255,54,23,255,0,255,255,192,92,221,69,30,53,255,137,255,185,169,255,207,235,0,144,214,0,0,255,0,255,0,64,188,222,118,190,0,0,255,0,173,181,181,255,61,0,0,128,255,206,20,255,185,181,158,64,107,0,158,38,51,255,0,255,182,18,255,88,139,40,119,255,108,185,0,255,255,255,229,0,255,123,60,0,0,255,0,31,255
150,33,160,34,255,115,151,150,114,209,158,163,71,255,194,233,0,244,176,0,83,255,120,22,10,193,75,255,61,165,218,102,255,171,23,247,71,91,163,231,167,109,37,174,4,215,106,170,164,222,132,0,117,251,158,255,218,136,255,255,255,0,72,228,19,0,255,113,255,59,0,227,255,123,95,0,121,133,23,255,0,255,254,0,0,0,255,255,59,77,183,158,255,255,189,255,91,87,255,0,255,0,74,27,0,255,183,248,201,178,255,135,159,0,85,255,255,255,0,173,133,207,48,0,255,0,63,255
154,35,166,36,255,113,170,153,119,239,167,146,72,255,154,222,43,224,165,26,96,255,132,36,5,174,113,255,151,145,133,39,255,143,100,255,95,75,255,209,217,87,0,255,0,255,244,158,141,208,165,10,123,252,199,255,245,166,255,255,255,0,117,245,0,0,255,23,255,21,0,255,255,91,61,0,29,187,9,255,93,255,198,84,0,0,168,255,90,21,58,255,244,255,133,255,116,0,182,0,255,0,113,91,0,255,65,201,121,129,226,9,121,0,124,255,255,255,0,255,92,61,60,0,255,0,0,255
155,36,135,45,255,74,121,118,85,148,231,67,9,225,116,121,0,143,237,0,64,255,133,0,0,207,115,255,103,201,255,75,255,145,43,234,134,100,153,255,240,132,50,131,3,255,60,59,251,179,130,0,101,247,255,255,255,105,255,255,209,0,0,246,105,0,255,80,255,67,0,255,255,255,0,179,0,0,234,255,41,235,230,0,0,0,255,255,216,52,33,255,255,255,246,255,255,0,144,0,206,49,0,53,0,255,255,107,255,255,230,0,82,0,0,255,255,255,80,184,0,255,50,0,255,0,0,255
153,34,110,39,255,67,132,90,43,199,218,36,76,151,12,43,101,70,189,95,56,255,118,49,64,63,162,255,8,128,138,127,127,132,135,233,255,57,149,155,187,148,30,192,0,255,39,166,136,200,255,83,102,232,178,175,255,92,239,230,102,220,135,245,122,14,255,87,174,0,0,255,255,0,24,95,0,112,34,255,0,255,148,22,0,0,194,84,186,82,0,255,255,255,255,225,223,0,0,0,11,0,75,0,0,0,167,140,255,255,255,32,0,0,118,221,248,255,121,255,112,255,93,255,255,0,0,255
158,40,134,83,255,40,96,91,84,207,193,40,162,186,75,0,241,70,191,64,0,255,170,121,67,109,137,211,1,117,181,82,210,92,36,181,141,0,52,128,190,188,73,3,130,255,27,183,3,157,245,99,59,177,224,255,231,0,105,120,211,180,18,74,33,180,206,148,192,117,81,137,255,57,23,149,166,25,255,255,8,190,108,26,0,14,84,91,197,76,79,54,255,46,144,233,0,0,83,166,56,0,0,241,0,78,249,174,217,255,246,164,0,33,255,211,35,233,75,255,235,76,255,17,255,130,0,255
153,36,120,73,255,51,81,82,65,208,200,30,113,183,80,0,149,27,176,83,0,253,140,104,93,68,103,167,0,52,176,193,170,169,44,247,137,0,69,132,194,200,47,0,223,255,19,176,17,138,255,80,56,207,255,253,255,0,109,240,177,151,34,0,133,123,171,161,191,146,39,153,255,11,44,156,135,0,255,251,0,240,181,0,0,0,92,146,164,176,0,137,255,91,255,240,0,0,198,110,0,0,0,142,0,21,255,145,255,255,255,106,0,0,249,188,6,255,23,255,255,81,243,124,255,92,0,255
153,22,131,87,218,1,82,64,111,249,175,149,194,202,81,0,214,91,146,30,29,253,129,135,107,96,103,218,0,41,199,165,255,71,0,255,183,0,90,89,255,176,16,8,217,255,8,234,14,64,255,32,26,188,255,206,255,0,111,140,255,181,91,0,53,38,176,60,255,0,146,33,255,31,181,230,126,79,255,166,3,255,151,88,204,44,149,125,137,5,255,36,255,49,73,237,0,0,206,195,255,0,77,176,0,132,225,141,127,114,154,172,0,168,255,16,0,109,5,194,250,43,147,151,255,81,0,255
150,22,133,75,238,18,131,100,112,214,179,148,178,224,143,63,147,115,128,47,36,255,140,98,123,137,175,162,0,87,153,128,167,71,70,182,167,0,161,243,185,79,73,82,0,173,99,163,0,210,255,0,17,174,123,159,198,0,217,105,153,144,103,224,62,89,225,57,217,0,171,75,255,125,247,197,115,255,110,228,59,221,191,50,113,1,165,107,161,43,102,169,235,189,168,134,129,0,185,166,255,48,255,27,0,170,250,9,120,164,210,139,0,85,255,0,124,158,0,154,107,117,8,95,255,162,0,255
148,24,146,68,255,64,143,103,143,202,152,126,183,179,123,94,100,143,137,101,0,248,66,116,162,156,137,115,65,33,199,160,159,106,74,187,130,38,133,183,138,133,22,108,0,115,20,144,51,255,212,51,74,210,96,175,130,0,208,184,255,77,58,245,167,82,186,140,181,0,201,103,255,149,191,107,48,231,151,153,18,134,211,30,75,75,183,196,172,28,65,194,186,173,159,106,0,0,200,232,255,0,255,71,0,255,249,60,70,205,255,145,0,23,255,10,88,73,76,255,54,80,0,103,255,186,0,255
150,12,126,119,197,0,103,67,128,192,207,130,190,227,158,27,151,148,244,94,11,255,112,63,114,205,123,125,94,142,213,152,192,39,56,79,138,107,53,116,255,138,23,195,83,135,55,159,132,255,135,40,82,0,255,34,255,0,139,169,175,114,78,152,132,190,144,199,161,0,189,0,255,144,255,196,151,186,84,166,203,246,206,191,42,87,99,41,174,19,255,103,255,255,167,255,0,0,158,171,169,247,177,89,32,255,255,242,126,125,255,255,0,0,255,170,161,231,0,172,0,255,98,60,255,195,0,255
147,9,114,96,248,24,149,62,117,204,228,153,136,255,194,63,52,156,231,205,0,255,47,100,200,238,160,0,119,0,205,255,119,53,172,105,166,203,0,139,255,71,9,123,120,250,61,130,45,255,64,0,22,9,114,0,255,0,189,40,166,148,152,66,246,123,123,181,230,0,95,0,255,255,196,60,169,255,215,0,51,143,209,255,34,0,116,0,255,0,124,255,219,255,255,255,60,0,0,33,84,255,213,43,0,255,134,255,255,235,60,215,40,0,255,180,204,255,0,29,171,255,0,0,255,0,0,255
153,26,125,117,249,44,77,87,108,197,168,84,125,162,123,46,113,65,190,158,0,255,118,32,106,199,66,97,33,92,180,186,161,139,75,177,25,59,178,125,146,110,35,38,61,179,86,224,137,173,227,96,83,93,162,255,205,18,203,220,114,138,86,99,32,160,145,96,255,131,197,0,255,169,255,255,178,243,55,143,106,118,157,0,0,44,68,43,255,200,162,124,194,160,237,15,0,0,157,0,212,133,137,66,87,150,255,8,244,255,255,0,0,53,240,255,255,106,0,198,40,255,46,195,100,255,0,255
166,45,178,199,255,25,23,214,156,213,163,24,29,255,216,19,171,0,130,166,0,255,104,0,205,172,30,168,145,130,56,104,54,86,105,192,75,72,255,170,46,196,219,0,0,255,9,221,66,197,178,121,94,93,0,170,96,57,255,180,216,55,0,141,0,233,105,94,194,114,243,0,255,195,73,255,255,30,0,201,0,255,199,64,0,198,255,54,255,255,0,129,255,182,0,115,0,183,255,0,23,95,65,255,0,194,255,0,255,255,255,0,11,60,114,255,216,0,0,242,0,255,148,255,101,224,100,255
157,17,142,113,209,25,86,83,134,228,186,124,197,176,154,6,169,117,163,136,22,255,132,151,82,169,149,97,91,136,140,66,214,99,105,185,120,56,102,51,129,249,59,126,130,243,94,254,0,10,141,18,0,37,255,156,220,0,109,0,239,100,185,230,13,192,248,0,233,0,138,187,242,163,94,202,61,255,231,255,130,20,34,14,153,0,4,54,220,31,255,121,175,154,16,83,0,0,166,170,253,17,138,25,244,131,26,229,226,255,174,46,0,158,120,0,10,237,0,216,142,135,0,148,255,212,0,255
146,14,123,105,235,0,131,86,129,203,211,128,160,255,176,34,156,110,224,104,0,255,106,62,140,213,186,69,60,69,193,177,181,29,116,67,135,239,8,148,245,98,72,96,33,203,77,199,0,255,201,0,14,92,197,3,255,0,172,127,102,198,99,173,192,129,207,189,189,0,255,38,255,157,255,99,224,255,98,96,133,197,205,255,43,0,46,0,194,0,190,255,255,235,255,248,52,0,48,205,85,255,152,41,0,255,255,255,195,173,181,255,0,18,255,195,157,156,0,204,53,234,132,67,255,149,0,255
149,16,141,69,255,6,164,107,156,211,191,144,168,243,187,62,84,100,178,97,0,255,158,53,100,234,173,57,20,26,171,200,221,120,91,143,102,218,62,234,238,68,65,26,0,151,72,186,0,255,181,0,38,255,105,120,168,0,189,92,155,255,64,82,97,161,179,148,167,0,185,63,211,186,255,58,207,255,196,90,108,178,216,255,65,0,0,0,79,0,112,255,255,136,255,255,30,0,0,158,149,125,178,0,0,255,233,229,167,255,80,162,0,0,255,161,225,127,0,141,178,120,0,213,240,71,0,255
157,30,138,74,255,43,161,109,112,179,184,62,162,184,139,43,144,100,180,108,0,241,178,29,55,199,188,108,4,107,212,80,201,73,67,46,115,108,145,143,255,136,48,67,0,110,22,58,106,185,255,27,109,110,194,187,131,14,190,185,97,255,0,186,101,255,255,251,170,0,119,211,255,203,159,222,70,190,174,255,90,148,205,0,87,0,156,75,111,175,130,226,255,231,255,208,83,0,0,97,123,137,56,23,0,255,255,151,203,255,255,220,0,0,234,255,126,234,0,199,110,146,60,173,255,210,0,255
150,24,134,98,248,24,156,114,120,195,222,105,170,201,153,33,144,96,217,87,0,255,193,53,70,155,164,87,13,143,165,148,211,75,49,100,166,128,61,179,202,157,104,96,0,141,0,104,25,192,255,0,46,121,153,71,186,51,200,141,163,212,70,255,140,194,255,193,224,0,166,125,244,130,255,170,150,246,131,228,162,153,175,162,86,0,59,10,153,63,153,154,255,218,255,190,27,0,57,233,174,145,243,91,0,255,255,247,111,203,255,251,0,42,248,131,62,141,0,251,68,88,20,91,255,156,0,255
147,13,133,95,233,10,140,96,128,198,221,147,170,205,179,49,82,109,243,128,0,255,123,82,122,178,187,50,71,97,146,235,166,120,89,141,162,159,9,197,200,149,113,101,57,207,28,117,11,255,160,0,85,159,60,0,185,0,198,166,219,208,89,117,209,137,200,111,245,0,202,0,192,236,242,36,198,255,179,45,107,181,236,255,109,0,36,0,199,0,96,215,255,187,213,254,35,0,47,155,180,135,246,68,0,255,225,232,215,137,255,200,0,31,255,38,158,189,0,172,85,93,38,72,255,76,0,255
152,23,126,73,255,22,171,96,121,188,213,92,176,218,159,53,180,98,219,107,0,255,205,33,84,195,161,97,0,87,210,92,178,86,32,1,159,122,65,144,255,133,101,49,0,93,11,120,112,218,255,0,73,32,211,152,166,19,183,120,64,255,50,164,88,255,255,255,255,0,121,159,255,119,255,242,95,242,139,255,139,221,225,85,115,0,118,0,48,129,216,238,255,255,255,214,54,0,0,178,101,224,38,38,0,255,255,235,198,255,255,255,0,0,255,212,215,158,30,241,173,101,121,69,255,144,0,255
152,28,118,57,255,59,161,92,105,182,218,61,182,214,115,28,170,100,167,126,18,255,157,80,107,141,141,92,0,82,191,94,131,107,22,13,170,107,15,180,231,166,74,64,0,95,0,114,72,220,255,6,130,71,210,116,142,0,193,117,75,227,49,172,116,229,255,228,247,0,90,224,255,116,239,255,92,99,152,255,54,255,203,65,97,0,170,0,72,152,31,247,255,255,255,255,123,0,114,210,44,151,53,0,0,241,255,251,255,255,255,255,0,0,135,109,98,199,151,255,240,225,54,33,255,26,0,255
150,17,128,129,208,0,104,81,112,199,181,123,178,173,116,3,201,95,241,71,0,198,135,29,78,134,135,152,23,95,207,134,255,4,17,133,151,106,75,0,236,216,41,129,191,158,0,191,127,166,255,0,91,182,255,108,255,20,69,230,225,233,98,136,127,80,189,233,255,0,198,38,255,81,255,246,156,193,177,185,122,255,106,120,64,0,130,195,211,78,253,43,255,179,157,179,0,53,166,149,236,104,158,117,0,255,255,224,48,23,255,200,0,123,255,159,0,114,0,255,10,209,124,169,255,172,0,255
149,4,126,98,164,0,67,38,139,220,171,174,225,193,102,0,102,117,148,30,109,189,0,0,141,212,84,255,0,38,255,87,230,8,0,162,119,0,103,56,255,215,0,119,168,145,37,146,199,149,240,99,101,99,255,93,189,0,195,233,255,184,0,82,108,132,89,88,145,0,133,0,255,255,172,255,51,124,154,241,78,255,252,0,149,233,152,255,138,229,255,53,169,232,118,255,0,53,253,186,255,109,120,87,33,255,208,0,141,0,255,255,0,0,242,255,24,255,0,255,76,255,0,215,250,45,0,255
153,12,125,98,190,24,85,30,157,217,181,120,179,229,72,0,168,111,200,56,61,175,29,53,126,255,29,222,7,65,255,127,229,0,0,164,113,41,0,72,255,220,7,17,255,157,11,161,183,197,255,86,98,0,255,158,239,0,154,197,219,172,52,36,106,71,70,43,80,52,209,26,255,226,165,224,6,198,186,176,118,130,194,25,84,148,138,255,223,194,255,0,171,239,87,255,0,90,255,136,202,177,0,127,90,255,255,159,193,255,255,255,0,96,218,224,0,223,47,255,164,161,0,147,162,255,255,255
151,32,113,32,255,76,130,17,103,198,176,6,91,255,41,70,138,121,220,110,0,255,2,58,85,255,0,225,0,53,167,246,84,83,0,106,99,116,74,213,240,149,0,83,246,255,0,216,255,255,255,105,165,13,255,164,255,0,255,237,110,255,0,42,255,222,164,58,210,33,45,211,255,255,51,255,73,186,237,255,1,139,248,0,122,0,255,133,255,255,0,227,166,255,255,253,0,0,215,0,0,140,0,0,0,92,255,181,255,255,255,255,0,34,32,192,119,202,236,182,128,255,255,255,255,70,0,255
151,14,115,91,227,59,94,28,148,193,174,73,126,255,32,13,168,83,207,76,55,177,0,78,128,255,13,188,29,82,239,172,197,0,0,83,157,137,0,93,205,249,29,30,255,93,0,107,214,243,255,30,84,0,255,205,230,0,255,229,188,176,47,0,155,79,64,25,64,56,127,0,255,231,105,123,82,255,93,73,200,77,229,0,64,152,182,218,212,201,83,0,194,255,80,222,0,147,226,0,240,255,13,0,105,255,255,172,255,255,255,255,0,110,139,255,46,146,15,255,219,6,195,78,152,255,255,255
159,31,159,85,247,54,133,128,165,212,111,85,141,202,64,94,149,171,140,99,12,255,167,62,56,189,137,255,143,176,149,65,214,0,116,255,89,21,124,87,164,173,18,229,0,255,255,39,43,162,39,74,59,92,192,255,141,31,213,71,255,123,92,159,0,102,255,0,162,31,41,188,173,132,148,54,126,194,93,255,96,106,72,108,0,37,69,205,162,14,70,102,154,93,60,185,0,58,86,87,120,18,141,88,20,205,35,222,70,248,204,100,0,59,152,41,61,108,0,255,255,69,0,118,255,89,0,255
154,37,151,36,255,111,163,125,110,236,153,96,77,255,114,148,124,176,152,97,57,255,109,41,26,215,117,255,139,144,184,44,174,63,135,255,105,51,242,89,203,150,0,255,0,255,255,119,166,227,171,120,96,176,255,255,248,12,255,206,181,121,88,204,65,77,255,5,183,21,0,255,255,139,0,0,31,233,109,255,0,242,116,22,0,0,85,244,89,80,0,255,174,254,214,255,72,0,71,0,63,0,0,0,0,62,0,171,255,255,255,0,0,0,126,224,255,255,0,255,102,105,0,245,255,0,0,255
155,43,118,44,255,76,119,54,43,176,181,0,61,184,35,31,81,97,220,125,4,255,50,0,12,215,82,255,53,94,224,128,188,74,127,197,204,50,113,127,203,153,0,167,57,255,8,142,214,200,255,139,161,133,255,255,255,30,232,255,91,255,2,133,220,77,255,104,123,35,0,255,255,255,0,255,0,55,255,255,62,152,179,0,0,0,255,176,255,212,0,255,224,255,255,232,122,0,52,0,0,4,0,0,0,0,210,0,255,255,255,0,0,0,0,255,226,255,186,255,12,255,134,255,255,0,0,255
159,40,100,33,255,59,129,100,17,176,244,0,60,137,0,0,138,8,161,123,99,255,164,16,1,83,193,255,32,149,125,73,231,98,190,215,255,8,0,97,255,212,34,219,0,255,0,105,70,133,255,4,255,235,229,194,255,120,75,158,129,255,0,255,97,0,255,95,66,132,0,255,255,0,0,227,0,0,255,255,11,255,39,13,0,0,255,177,255,82,0,255,255,255,255,255,213,0,138,0,0,0,0,0,0,0,98,0,255,255,255,0,0,0,0,255,176,255,255,255,0,255,55,0,255,0,0,255
161,35,103,45,255,57,117,82,26,188,221,0,92,150,1,0,146,24,158,145,60,203,139,28,0,93,184,252,0,91,132,90,221,67,183,157,255,36,0,87,204,255,68,74,38,255,0,171,88,163,255,146,142,195,255,225,255,101,119,168,166,255,0,164,58,102,248,93,104,4,0,255,255,0,0,255,0,1,255,255,0,255,105,0,0,0,227,135,94,229,0,255,255,237,255,255,14,0,113,0,0,0,0,0,0,0,255,47,255,255,240,51,32,0,0,139,15,238,255,255,218,255,255,53,255,0,0,255
155,24,115,77,230,46,103,60,88,198,199,19,136,134,114,0,59,88,182,138,30,158,110,30,104,45,160,203,0,110,67,137,177,61,115,255,255,0,28,149,194,129,95,110,0,143,67,129,107,255,255,78,45,129,233,225,255,0,158,181,154,154,0,176,92,148,191,78,194,0,34,133,255,54,57,137,134,35,204,148,178,255,248,91,0,48,208,40,106,134,99,162,255,192,192,248,70,1,127,95,84,0,4,0,0,236,255,155,192,255,194,196,0,157,162,27,150,112,66,255,142,0,153,70,255,47,0,255
154,11,123,121,194,4,94,64,108,209,180,91,199,174,170,30,115,147,193,104,79,255,85,46,112,167,119,168,139,116,133,150,112,59,138,145,158,12,110,138,198,172,43,213,59,137,76,176,101,179,207,111,3,14,183,146,251,0,124,150,165,78,26,255,60,163,196,133,161,55,142,83,255,180,116,195,136,229,136,65,195,98,150,43,0,73,88,138,190,92,255,132,150,166,110,116,0,3,196,74,159,115,190,116,0,228,168,131,70,255,225,164,0,110,227,0,218,255,0,177,39,216,36,163,255,202,22,255
153,21,129,74,244,71,121,65,128,215,140,98,133,255,82,86,196,116,178,111,71,238,54,52,90,255,69,210,51,55,210,162,110,53,0,148,109,49,61,79,206,180,6,79,183,164,17,170,162,144,255,41,162,0,255,62,188,0,153,130,164,67,30,38,110,194,48,126,90,8,134,54,255,219,170,205,60,255,146,169,87,116,205,46,121,51,220,255,241,110,154,239,51,188,8,189,0,110,255,59,187,125,6,67,0,182,255,85,191,179,255,255,0,210,140,39,101,111,119,255,170,108,117,161,254,107,0,255
149,16,113,79,225,41,104,51,131,208,180,93,157,239,83,35,154,110,188,69,77,230,12,25,132,255,43,206,19,24,255,169,141,18,0,110,85,34,10,74,255,203,0,84,186,150,0,115,182,250,255,33,146,0,255,88,230,0,176,204,130,109,0,23,115,86,93,119,81,70,181,24,255,241,135,225,52,244,168,251,63,205,194,0,61,117,177,255,198,150,165,137,167,246,156,255,0,52,255,24,162,200,0,77,0,214,255,87,181,135,255,255,0,153,129,180,156,229,156,255,33,193,146,255,213,255,0,255
147,21,111,75,255,37,78,28,132,183,178,87,131,188,66,31,123,83,215,58,0,217,15,27,107,255,0,244,0,6,255,215,170,29,0,133,24,0,0,134,255,228,0,16,202,198,0,189,255,255,255,141,149,92,255,193,255,0,174,255,224,255,0,0,167,187,60,8,181,43,84,11,255,231,203,255,34,126,255,177,0,88,253,0,33,16,189,255,188,255,24,97,120,162,223,255,0,13,255,0,20,109,0,56,4,139,255,0,255,227,255,255,0,168,221,255,0,111,76,255,70,255,114,255,255,217,0,255
153,30,135,74,255,77,127,51,97,199,123,105,103,164,88,71,74,106,220,117,0,237,68,15,27,235,22,239,73,98,200,177,174,133,0,255,81,46,98,169,173,135,0,70,96,248,60,181,255,197,253,163,60,115,206,255,228,2,253,255,169,162,84,144,158,74,185,51,173,105,68,105,255,255,195,216,95,184,46,90,139,38,200,0,0,0,95,63,217,202,82,124,188,226,226,133,0,0,66,0,90,52,0,32,42,98,253,0,255,255,255,89,0,0,149,167,253,133,0,255,35,167,113,178,198,123,0,255
155,40,146,36,255,98,151,106,96,206,164,80,59,223,102,150,60,183,189,89,24,255,92,2,17,223,103,255,152,151,219,31,220,77,126,255,125,72,247,151,229,104,0,255,0,255,246,117,210,247,196,138,113,191,255,255,255,30,255,255,167,190,31,225,128,23,255,43,227,0,0,255,255,251,0,74,0,144,143,255,44,176,164,0,0,0,228,255,205,115,0,255,211,255,255,244,159,0,2,0,108,1,0,0,0,33,84,94,255,255,255,0,0,0,12,255,255,255,44,255,30,255,0,191,255,0,0,255
156,39,117,35,255,74,145,100,60,188,195,12,53,214,49,53,91,100,193,87,72,255,101,4,0,192,185,255,67,108,234,58,213,59,151,213,230,57,166,76,221,180,0,255,19,255,97,128,190,188,252,100,154,139,255,249,255,73,252,210,120,230,0,255,143,0,255,90,99,80,0,255,255,152,0,144,0,114,218,255,0,234,114,0,0,0,255,182,131,117,0,255,255,255,255,255,203,0,62,0,29,35,0,0,0,0,135,16,255,255,255,0,0,0,0,255,218,255,151,255,0,234,191,255,255,0,0,255
156,36,97,25,255,70,119,82,20,182,215,0,75,144,0,0,125,38,153,158,40,255,88,0,23,70,172,255,26,83,181,94,181,102,202,168,255,37,88,108,167,206,22,137,0,255,0,193,154,130,255,174,143,222,228,201,255,52,160,192,35,255,40,166,81,53,255,76,144,37,0,255,255,16,0,255,0,73,148,255,0,255,111,0,0,0,213,99,100,255,0,255,255,255,255,255,159,0,93,0,0,0,0,0,91,0,129,31,255,255,255,0,0,0,0,255,95,255,255,255,0,255,49,255,255,0,0,255
161,34,101,38,255,51,130,94,43,182,224,0,126,166,0,0,188,31,152,171,73,255,162,34,32,14,205,213,0,114,113,38,149,125,175,106,255,49,4,122,178,255,84,66,0,255,0,163,73,162,255,102,81,178,198,198,212,90,127,136,115,248,56,112,0,203,250,140,88,0,0,255,255,0,0,181,57,0,209,255,62,255,164,53,0,0,186,0,119,81,0,255,255,255,255,255,61,0,60,0,0,0,0,0,0,82,255,162,255,255,186,180,0,0,30,130,50,255,255,255,179,234,160,153,255,0,0,255
152,31,120,61,255,77,124,84,77,204,198,28,105,192,111,12,62,72,146,102,12,204,98,92,101,106,145,209,20,67,180,192,137,117,87,220,191,41,63,106,203,167,26,127,96,202,36,132,133,209,255,52,76,151,185,192,217,0,152,211,166,80,18,130,140,70,156,173,164,36,0,204,255,90,26,94,135,57,227,255,0,255,240,57,3,0,255,196,138,150,0,255,228,242,255,255,49,0,204,78,97,0,0,80,0,93,255,156,255,239,222,188,0,0,162,29,121,255,63,255,255,41,128,81,255,0,0,255
149,23,136,74,252,39,133,104,121,213,208,121,167,209,195,66,95,140,169,49,0,255,153,126,112,169,154,138,0,87,176,197,161,129,77,133,135,45,84,218,177,106,79,122,62,157,41,207,0,255,255,0,12,114,127,98,211,0,200,170,189,89,21,255,139,144,233,157,179,46,146,94,255,127,111,151,157,255,177,222,79,160,255,81,57,4,141,118,135,157,107,169,242,202,255,255,0,0,204,158,242,38,194,115,0,241,255,169,116,161,248,255,0,102,255,10,137,228,0,133,122,28,18,119,255,134,0,255
154,11,129,122,206,18,100,80,107,219,199,111,148,170,158,27,100,83,222,143,27,219,144,78,80,135,161,86,97,146,127,198,178,95,155,162,154,117,26,109,194,194,162,160,199,196,14,219,115,243,170,51,1,34,197,51,218,1,80,222,174,82,76,175,85,105,148,121,255,80,167,50,245,156,199,91,187,255,118,51,134,159,255,160,0,32,81,0,214,36,255,117,230,198,140,223,29,39,27,124,152,88,98,130,3,255,193,255,160,242,242,127,38,42,255,2,177,167,0,184,91,94,120,50,255,144,107,255
152,19,131,104,246,37,121,112,123,193,189,41,218,116,96,0,180,86,236,174,2,255,211,137,102,0,196,130,60,97,154,174,164,138,150,189,159,66,82,97,194,240,86,153,83,173,2,191,113,199,199,53,56,117,99,62,255,25,0,121,176,66,69,184,84,175,98,215,168,53,60,118,248,92,167,135,144,96,219,58,191,248,245,197,0,78,19,109,167,96,255,231,198,182,40,255,0,14,255,156,166,0,56,234,0,255,187,255,142,255,146,255,76,129,255,0,103,149,145,157,49,0,69,127,255,0,0,255
156,33,130,87,255,20,125,130,118,194,251,43,213,187,169,32,246,110,228,95,23,255,255,143,119,8,234,141,0,106,189,140,121,170,117,110,87,30,118,129,63,182,147,57,17,212,0,157,9,179,255,0,72,73,88,136,255,13,45,114,178,121,158,237,45,213,240,124,109,85,182,166,255,46,158,185,132,108,221,255,99,255,192,40,19,67,63,118,199,152,69,147,255,215,116,220,20,0,255,162,255,5,95,183,0,122,222,255,73,255,162,255,0,116,255,0,0,255,28,142,59,5,0,135,255,194,106,255
152,30,119,67,255,58,117,120,92,199,251,28,209,154,132,2,208,81,186,118,37,255,206,147,138,0,243,156,0,114,154,143,134,178,114,107,191,0,53,129,174,179,115,154,0,164,0,131,67,204,255,0,77,134,133,187,255,0,68,182,142,139,28,198,59,182,243,164,243,65,48,115,255,22,182,177,120,51,203,255,16,255,255,17,0,57,221,94,147,178,0,181,255,255,195,232,4,0,251,144,232,0,129,150,0,178,255,255,216,255,215,255,0,0,255,100,51,255,115,255,87,8,0,0,255,0,0,255
157,34,109,41,255,92,111,115,57,195,255,0,168,133,123,0,88,65,144,154,98,255,180,152,129,0,255,173,0,79,113,185,125,242,121,168,252,0,74,120,138,196,78,196,0,225,0,101,58,194,255,22,131,109,102,113,215,47,108,219,119,73,94,222,90,122,223,135,114,32,0,255,255,0,121,151,50,0,239,255,0,255,246,0,0,0,252,152,90,183,0,255,255,255,255,255,176,0,255,96,140,0,0,26,0,6,150,255,255,255,95,158,0,0,14,0,8,255,128,255,128,58,0,0,255,0,0,255
159,33,99,47,255,63,113,127,33,181,234,0,144,164,0,0,244,22,109,115,93,255,251,120,44,0,255,255,0,152,116,58,191,176,190,103,228,0,0,137,205,219,80,163,0,255,0,177,10,145,255,57,142,242,230,225,255,20,88,157,63,226,89,178,8,142,255,132,97,44,0,90,255,0,92,255,43,0,200,255,29,255,214,41,0,0,255,138,168,76,0,255,255,255,255,255,85,0,255,0,0,0,39,0,19,0,255,111,255,255,255,201,43,0,93,206,177,255,255,255,84,255,38,0,255,0,0,255
165,29,109,67,255,65,97,105,57,170,209,0,53,131,0,0,99,39,139,175,79,197,235,24,51,0,184,202,0,172,175,119,235,113,156,226,255,45,0,14,132,255,84,111,53,179,4,87,26,162,239,116,86,248,255,141,201,44,190,189,166,154,101,215,0,128,241,107,154,78,0,236,255,0,0,117,60,42,255,255,19,255,52,65,0,0,189,146,108,0,0,255,255,240,191,255,75,0,178,0,0,0,0,0,0,0,159,140,255,255,157,100,234,62,0,63,163,115,113,255,98,255,76,107,255,0,0,255
160,39,146,152,255,12,77,124,87,179,215,58,128,177,119,24,66,73,169,91,0,226,115,47,110,101,120,69,151,140,187,130,153,61,146,201,18,71,157,45,0,185,120,32,140,228,0,66,91,173,189,7,60,231,55,150,133,93,152,255,207,137,63,141,65,191,187,203,255,0,168,147,255,88,194,120,237,43,178,229,96,104,132,88,49,0,114,109,225,83,82,100,255,117,175,96,19,46,195,228,130,18,61,161,0,255,223,255,155,215,255,8,0,120,165,107,0,51,0,255,255,255,70,194,255,255,0,255
154,31,117,89,254,32,92,53,100,211,177,38,111,192,91,35,180,69,222,96,0,255,80,64,107,164,54,187,53,87,170,195,123,46,46,195,123,54,51,80,191,183,63,20,175,255,0,206,130,235,255,58,28,115,242,175,255,0,83,235,207,193,17,71,55,108,96,135,169,15,158,168,255,51,217,213,204,138,255,183,61,169,175,53,12,0,145,39,240,48,81,83,255,181,177,153,0,0,160,64,0,9,0,31,0,119,255,133,65,255,255,216,0,142,230,52,19,171,83,255,203,172,255,205,255,255,46,255
155,42,117,58,255,54,88,58,75,208,207,0,146,162,41,0,170,92,196,109,0,255,111,173,127,63,114,195,0,8,178,193,119,156,19,168,141,36,0,157,252,215,50,11,199,255,0,238,14,184,255,102,37,209,156,255,255,63,83,222,163,242,0,91,103,129,218,176,175,112,35,221,255,20,41,113,121,0,255,255,0,255,169,0,3,0,145,79,171,131,0,100,255,207,255,200,0,0,110,2,0,0,0,63,0,73,255,255,255,255,255,200,0,0,229,104,0,255,130,255,215,175,208,194,255,67,0,255
156,39,104,40,255,49,100,51,33,211,240,0,96,143,26,0,98,66,181,174,0,198,68,48,101,14,97,163,0,17,91,152,137,171,70,213,255,71,0,198,230,188,75,0,81,255,0,203,91,191,255,94,59,212,143,255,255,95,90,204,110,255,0,106,86,179,218,174,153,0,0,255,232,0,14,208,104,0,255,255,67,255,180,24,0,0,187,38,236,252,0,216,255,208,255,245,0,0,40,9,0,0,0,0,0,100,255,255,255,255,255,183,0,0,43,146,0,255,255,255,255,210,128,229,255,0,0,255
155,20,122,99,197,15,69,36,81,234,181,134,172,143,57,0,154,87,189,60,32,184,72,39,41,178,91,231,0,64,202,108,255,40,0,216,190,0,66,54,255,217,27,48,235,132,17,179,185,184,255,114,60,216,255,255,255,0,99,255,255,255,0,1,22,119,56,126,253,21,65,0,255,131,155,255,56,136,255,147,52,255,177,17,15,93,125,255,112,255,255,0,255,80,179,255,0,71,157,10,182,0,0,158,66,136,255,0,112,121,255,255,0,76,255,255,17,255,0,255,195,255,87,209,255,53,0,255
151,25,119,80,244,42,99,46,110,182,177,61,145,183,105,23,135,87,213,119,0,212,45,23,65,216,55,194,0,78,164,162,175,34,0,152,152,31,0,144,247,151,11,57,68,179,27,152,196,241,255,100,116,68,255,220,255,0,202,255,125,226,0,22,133,228,96,55,137,0,83,53,255,195,218,255,146,120,215,135,190,167,255,0,46,50,168,83,172,217,79,68,189,255,245,241,0,12,130,40,24,102,0,18,26,221,255,0,204,255,255,255,0,143,172,255,142,60,78,255,58,170,137,178,195,165,0,255
154,8,122,110,168,0,79,13,133,212,162,146,204,196,81,0,144,117,188,70,96,152,69,2,78,177,83,227,0,108,202,41,255,0,0,147,114,1,75,47,255,213,12,86,220,113,0,176,148,190,255,122,52,126,255,204,142,0,106,188,218,129,30,31,31,93,93,135,255,0,175,0,255,208,183,255,58,72,157,255,109,255,128,70,133,188,169,255,236,152,251,0,255,173,100,246,0,31,210,92,255,158,144,0,88,255,213,55,210,0,255,230,0,0,147,255,0,255,0,255,66,255,0,205,226,53,224,255
153,38,153,46,255,102,145,120,110,222,159,108,91,255,154,161,123,170,149,49,40,255,139,70,37,204,107,255,70,154,212,49,161,95,122,212,102,41,255,121,185,74,8,225,0,248,255,179,126,219,201,103,126,169,180,255,252,11,255,255,161,0,140,189,44,48,255,48,251,12,0,221,255,97,64,0,52,223,78,255,0,255,160,30,0,10,137,255,84,81,73,255,183,255,242,204,51,0,164,0,185,0,0,0,0,49,15,78,255,204,255,0,0,0,108,255,255,255,0,255,105,153,30,106,255,0,0,255
154,39,142,36,255,120,162,90,71,217,159,103,22,255,144,135,69,173,188,124,59,255,56,0,65,255,28,255,79,73,255,81,102,139,46,176,129,86,238,29,132,168,0,194,81,220,179,136,226,220,255,103,186,118,255,198,231,41,255,255,157,101,219,159,220,54,255,175,166,106,0,255,255,161,0,0,0,241,70,255,0,255,28,27,0,0,218,255,139,251,0,255,210,255,255,235,12,0,255,0,100,36,0,0,0,0,80,72,255,255,255,68,0,0,0,255,255,255,0,255,1,125,210,255,255,0,0,255
159,43,118,36,255,80,102,56,28,205,200,0,56,168,25,0,77,83,176,192,7,193,37,23,49,107,105,226,110,39,155,103,176,142,115,234,238,54,70,146,171,191,0,73,120,255,0,203,119,178,255,182,132,219,199,255,255,57,158,192,101,255,49,150,93,126,201,91,83,86,0,255,255,118,0,213,0,39,209,255,27,255,108,0,0,0,200,190,255,255,0,255,231,255,255,255,0,0,112,0,0,0,0,0,9,0,187,85,255,255,255,36,0,0,0,255,99,255,251,255,131,255,100,193,255,0,0,255
157,38,108,40,255,65,110,70,28,197,217,0,47,151,16,0,62,63,178,160,20,225,75,0,32,88,101,213,60,88,149,105,151,138,119,232,255,69,58,171,171,198,1,58,90,255,5,186,161,171,255,149,83,203,229,255,255,71,167,190,82,255,20,150,91,127,255,69,104,36,0,255,255,29,0,216,0,60,136,255,15,255,99,0,0,0,190,78,179,247,0,255,255,255,255,255,38,0,70,0,0,0,0,0,0,0,196,103,255,255,255,26,0,0,0,255,124,255,228,255,67,255,156,255,255,0,0,255
158,37,118,62,255,58,77,46,27,208,224,0,105,159,56,0,82,76,188,183,0,187,62,54,90,35,111,138,114,85,105,127,119,181,120,255,255,14,71,174,160,116,37,42,102,255,19,131,104,198,255,124,59,228,177,255,255,16,121,184,83,177,0,150,84,182,139,145,182,26,30,197,255,56,49,124,92,24,124,255,78,238,132,14,0,0,165,196,171,255,0,201,255,160,255,200,0,0,135,80,27,0,0,0,0,108,255,203,241,255,185,216,0,24,83,250,153,255,233,229,255,122,60,94,255,3,0,255
152,24,97,67,255,69,90,24,22,211,240,0,112,90,44,0,27,42,201,242,0,88,0,32,158,0,90,15,60,32,80,211,170,99,206,251,255,15,42,118,252,87,103,39,0,130,0,190,209,251,255,110,3,255,165,255,255,0,97,249,194,211,9,84,36,125,78,196,255,0,21,173,227,90,149,209,63,39,81,176,97,242,181,44,0,0,255,131,255,255,38,255,255,182,255,126,0,17,1,36,89,0,94,0,0,203,255,112,255,255,255,138,0,0,116,150,93,213,255,255,255,231,0,0,255,0,0,255
155,24,130,96,239,32,113,69,129,158,134,41,154,188,67,15,150,77,200,129,10,155,107,61,28,161,233,198,90,135,155,50,172,65,48,100,56,135,38,111,136,189,28,94,169,211,32,96,101,210,158,107,87,46,197,127,99,45,90,165,166,80,147,38,139,111,60,148,167,0,181,13,255,151,240,129,199,61,84,188,122,255,205,136,156,149,152,144,131,125,87,97,179,187,173,255,0,0,123,102,252,48,0,102,9,255,255,183,125,154,240,255,0,108,239,114,111,104,0,220,138,2,255,42,247,173,148,255
161,26,133,101,238,36,111,73,79,157,186,28,108,182,114,0,61,106,116,154,30,142,80,1,73,158,149,128,122,154,74,118,130,94,131,149,222,78,77,105,184,131,100,61,0,77,70,78,32,206,255,151,144,89,152,177,170,84,85,178,123,134,55,137,194,219,150,133,127,1,73,32,241,112,101,19,169,100,136,155,147,255,111,203,70,64,197,167,160,156,51,155,182,222,177,147,38,69,158,122,177,63,26,23,0,240,255,222,150,223,248,255,51,178,98,76,100,19,0,255,177,144,228,56,255,232,68,255
181,36,196,141,227,15,107,105,83,176,124,78,181,120,36,46,145,184,123,130,55,187,174,56,90,205,123,133,120,129,172,181,89,172,27,157,187,115,166,96,255,158,143,67,88,204,32,64,30,170,134,196,215,227,97,169,232,93,116,255,121,159,0,242,193,253,89,101,159,16,0,149,40,255,151,89,235,72,55,216,41,84,156,82,0,120,40,201,79,97,191,98,210,128,255,190,54,0,0,182,255,66,219,17,0,255,86,51,73,145,240,255,235,163,255,154,98,149,0,141,57,103,114,83,254,104,5,255
155,23,132,129,247,11,125,111,123,168,176,83,183,156,134,16,170,40,244,127,0,205,148,39,73,97,200,138,73,150,129,86,152,49,45,33,153,222,99,59,148,254,97,108,113,75,51,108,162,202,255,0,173,255,119,84,99,115,39,199,187,166,75,181,148,187,220,235,255,0,131,163,174,96,255,249,234,106,182,205,200,255,109,168,30,42,110,98,181,26,68,110,233,212,108,125,147,3,109,255,232,132,230,76,0,255,255,152,49,176,255,136,59,112,255,176,44,0,0,226,151,191,252,185,255,209,0,255
157,14,127,123,214,8,121,113,112,193,222,62,175,136,183,41,91,108,217,208,11,255,206,111,91,47,182,87,128,124,111,201,119,126,160,173,197,113,73,159,235,207,117,233,55,206,15,154,138,207,162,31,19,11,123,62,255,0,13,73,156,71,51,231,93,242,27,137,152,19,69,109,255,158,165,145,199,185,221,38,255,247,255,255,0,0,84,0,211,18,194,255,193,229,125,255,52,21,56,121,116,40,112,151,29,255,86,255,85,197,48,121,65,22,196,0,154,198,19,82,24,60,0,9,255,55,62,255
155,23,123,99,245,37,123,134,116,192,224,29,213,162,130,27,219,76,203,173,33,255,255,154,121,0,215,95,5,100,161,159,98,170,151,123,122,50,117,126,162,198,141,134,3,187,10,162,53,161,218,20,38,71,82,114,255,0,0,97,92,92,115,217,26,177,160,147,171,43,109,129,255,80,239,194,129,110,147,249,101,255,255,122,0,94,55,100,151,85,129,255,255,217,83,184,66,2,255,213,226,21,120,179,0,207,255,255,118,247,135,231,0,96,255,0,0,190,122,131,112,0,0,77,255,4,30,255
155,28,129,53,255,61,131,118,122,196,255,15,204,153,184,42,130,79,215,171,65,255,255,171,71,0,255,101,0,183,182,167,54,255,151,97,177,111,104,178,32,214,95,234,73,200,0,137,68,255,235,38,17,102,53,0,140,0,80,178,222,116,145,255,101,147,142,106,170,26,120,206,255,127,212,188,146,82,222,255,0,255,255,35,6,82,109,171,126,245,0,255,255,255,178,232,49,0,255,174,255,0,48,113,0,192,219,255,127,255,174,255,0,103,34,0,0,255,9,255,77,0,0,64,255,0,159,255
153,30,115,54,255,79,108,94,56,196,255,5,110,138,157,39,0,83,193,140,37,255,99,63,136,0,137,128,64,102,95,181,79,237,133,255,214,9,144,232,142,144,56,167,2,255,67,57,98,205,255,20,147,151,108,123,177,18,202,255,180,96,30,226,187,126,255,100,147,0,24,255,255,121,122,149,55,0,172,255,0,255,200,0,8,0,158,201,182,200,0,244,255,255,236,235,159,0,199,160,97,0,0,0,0,47,160,255,219,255,255,54,0,0,0,83,101,255,52,255,157,82,0,84,255,5,0,255
158,40,100,50,255,74,105,94,28,177,255,0,112,154,27,0,32,31,154,150,94,218,196,68,0,0,255,225,0,138,135,134,214,174,90,247,255,53,0,124,158,206,69,59,17,255,0,115,143,196,255,89,51,184,180,214,255,48,93,193,94,115,1,255,0,56,218,148,101,52,0,255,255,0,0,163,50,0,194,255,0,255,141,0,0,0,255,77,127,166,0,255,255,255,255,255,177,0,255,0,0,0,0,28,0,0,255,187,255,255,199,149,0,0,0,37,155,255,255,255,112,255,96,0,255,0,0,255
159,35,102,48,255,68,128,115,44,160,234,0,113,145,0,0,144,28,159,131,98,255,213,66,0,22,239,254,0,162,150,64,162,123,153,137,255,43,0,98,178,255,56,145,0,255,0,112,74,172,255,54,153,208,197,111,216,48,115,196,107,178,62,255,100,105,255,138,86,0,0,255,255,0,0,196,0,0,236,255,0,255,138,40,0,0,255,158,156,78,0,255,255,255,255,255,154,0,207,0,0,0,0,0,0,12,255,144,255,255,255,136,4,0,0,126,215,255,255,255,122,255,83,30,255,0,0,255
156,30,127,117,254,11,95,96,65,188,246,40,91,161,181,39,23,65,208,92,0,183,167,18,97,74,90,47,103,149,116,196,181,109,147,255,159,15,131,115,50,140,170,78,46,238,0,87,110,215,236,0,45,183,140,183,186,94,128,204,187,64,58,234,33,141,188,154,255,0,151,218,251,34,192,158,208,60,163,237,114,206,153,48,35,0,175,121,233,86,122,48,255,217,149,154,109,24,159,164,121,58,56,130,0,217,255,255,0,255,229,119,0,140,151,89,123,109,0,255,254,108,76,128,233,255,0,255
172,47,163,160,255,22,44,111,74,179,191,31,85,194,95,16,119,64,136,167,0,255,77,55,108,108,48,80,116,192,153,103,133,123,110,240,90,66,152,49,67,186,92,44,171,255,16,176,47,226,222,80,69,217,161,207,165,0,79,255,175,142,42,89,49,182,68,152,255,108,180,88,235,97,126,103,243,27,171,132,44,106,81,125,0,0,110,114,255,52,0,74,255,25,161,1,0,82,157,99,125,127,107,190,0,255,123,149,181,219,255,88,9,255,255,210,156,6,0,255,153,235,7,219,206,255,0,255
156,39,122,71,255,35,78,24,71,205,185,0,67,164,55,15,96,75,209,117,0,255,61,40,109,160,0,154,55,82,120,198,114,68,15,192,145,88,33,219,217,144,0,15,225,255,1,241,189,255,255,153,50,201,224,255,255,13,177,255,142,255,0,58,86,251,108,57,212,0,110,209,255,108,169,255,188,86,237,255,13,97,191,0,62,0,181,0,255,211,0,58,255,169,255,131,0,0,73,0,0,0,0,0,0,86,255,153,255,255,255,179,0,116,129,255,77,106,68,255,107,255,255,255,188,255,25,255
158,43,115,42,255,55,104,63,51,213,213,0,116,152,16,0,169,85,172,128,34,255,117,138,85,12,172,252,0,26,112,149,140,168,75,211,244,53,0,155,237,191,96,29,77,255,0,255,0,172,246,72,124,245,74,255,255,108,87,207,180,237,0,191,43,113,232,168,112,43,0,255,243,0,0,88,126,0,255,255,0,255,189,64,0,0,135,0,183,52,0,167,255,219,255,255,68,0,19,25,0,0,0,6,0,59,173,255,255,255,253,163,0,0,158,73,19,255,188,255,255,109,163,150,255,0,0,255
159,37,119,53,255,68,86,37,62,205,233,0,141,121,82,0,111,91,179,174,30,255,94,178,97,42,166,177,2,66,112,133,84,145,99,174,230,41,0,154,255,196,121,114,87,255,29,182,54,192,219,72,43,192,96,255,242,152,85,183,176,172,0,209,33,164,103,100,209,39,0,209,246,36,78,126,125,1,255,255,74,255,242,0,37,0,239,56,144,176,0,144,254,224,255,235,11,0,42,103,0,0,0,0,0,136,255,255,214,255,197,225,0,0,75,62,57,255,120,255,255,18,48,0,255,11,80,255
160,18,128,147,179,0,57,47,116,224,180,77,138,135,113,0,82,129,255,138,68,107,190,54,45,109,114,157,157,248,143,163,230,49,150,255,92,0,0,1,0,156,120,186,255,255,0,165,227,255,45,85,32,0,255,156,131,0,0,217,255,35,85,161,26,2,156,124,255,52,107,103,255,0,125,155,114,58,112,253,255,94,115,46,0,0,235,128,255,125,245,0,255,43,13,174,0,0,159,0,169,0,20,74,159,255,77,159,113,255,255,42,0,61,247,51,39,231,0,255,191,166,10,0,194,255,255,255
165,10,146,113,204,69,93,122,124,175,160,75,136,127,127,58,99,156,173,159,29,205,91,121,85,155,138,156,177,121,132,137,99,126,129,120,134,112,125,55,174,213,104,183,141,141,97,117,106,135,138,153,116,108,127,123,146,91,73,220,177,115,98,187,110,130,144,51,138,121,87,169,218,204,111,133,149,192,143,73,117,119,172,110,27,116,120,212,135,116,143,121,41,145,112,176,157,130,67,138,212,86,104,66,149,181,156,175,133,179,211,73,71,160,134,24,164,182,0,86,56,106,86,171,233,76,140,255
175,8,146,96,214,76,77,129,148,174,151,51,120,147,101,35,109,238,196,193,0,208,99,177,69,152,150,185,123,68,193,131,106,82,139,130,139,120,184,136,115,174,31,144,123,163,132,92,123,110,126,93,129,77,86,150,125,106,113,206,130,121,121,97,174,168,81,124,144,135,146,112,127,188,138,154,132,137,93,168,100,193,152,130,91,102,138,202,146,88,63,145,95,112,110,171,88,50,122,210,207,121,120,114,106,182,84,114,170,130,178,136,67,136,72,55,147,184,48,216,101,116,100,83,170,147,69,255
