168,21,151,104,204,41,122,107,151,203,120,31,122,147,139,72,111,113,134,118,57,255,131,66,55,219,185,141,131,165,152,108,134,101,111,112,127,113,107,110,196,171,139,182,103,149,120,92,108,97,103,181,118,41,132,55,80,44,52,165,192,112,55,181,107,113,91,90,146,123,117,172,234,97,80,158,130,252,235,81,193,157,237,158,46,34,89,191,122,2,130,189,170,247,27,134,60,144,47,218,159,95,119,75,6,233,65,121,18,193,171,25,95,211,124,0,133,35,21,53,201,0,96,201,255,227,0,255
162,21,146,57,235,77,139,121,141,225,107,5,43,219,124,99,194,135,120,120,86,255,170,55,0,255,190,255,32,183,96,0,80,62,161,34,147,177,60,55,162,179,37,157,0,113,255,163,43,63,27,145,255,0,255,149,81,142,30,143,157,113,141,255,158,113,201,76,222,24,49,105,195,0,189,149,0,183,254,207,63,181,192,255,0,0,67,195,156,255,0,254,0,64,128,87,0,93,70,254,170,125,186,2,0,240,167,206,165,255,192,0,0,104,0,0,255,36,0,0,255,34,0,236,255,0,0,255
164,23,146,61,234,66,147,110,150,200,115,0,29,199,97,78,170,118,129,128,52,255,148,20,0,255,161,250,119,132,81,0,147,74,180,70,122,163,45,57,193,197,44,145,28,159,234,178,33,135,0,155,255,0,245,155,75,138,89,113,155,181,113,255,184,10,160,30,176,8,97,121,151,0,112,105,0,148,195,162,84,142,169,255,0,0,27,142,150,249,0,192,60,82,105,167,0,65,40,255,103,142,54,38,0,255,134,247,182,255,217,0,0,83,0,0,225,30,0,56,255,0,65,180,162,16,24,255
167,23,193,55,194,36,39,97,150,255,108,41,129,102,114,25,33,88,166,41,86,255,87,73,108,255,228,155,158,60,171,200,113,163,0,212,96,92,129,191,171,225,58,111,144,198,56,106,22,130,28,13,255,212,27,32,110,65,88,255,255,137,31,72,87,218,165,0,255,205,194,154,163,32,129,95,0,231,176,0,251,57,223,167,40,166,123,255,92,187,225,120,231,246,125,184,0,199,132,255,11,0,103,37,43,220,223,16,84,255,74,156,66,107,159,0,255,0,0,0,223,75,0,102,128,178,47,255
161,15,171,76,217,0,141,77,189,214,136,99,163,97,206,68,87,97,229,68,0,255,185,96,59,255,111,101,175,80,126,173,132,155,103,176,12,132,0,213,134,193,114,27,246,183,43,233,111,254,23,0,149,255,87,0,44,58,0,208,180,70,35,0,50,0,78,68,255,144,68,133,61,67,32,2,163,205,156,0,255,218,255,255,0,98,27,246,219,34,255,144,153,160,82,255,0,0,161,157,90,0,35,0,53,255,56,94,110,255,95,79,45,223,206,0,243,38,50,0,255,0,29,255,0,181,255,255
159,18,151,110,201,0,91,86,196,207,149,83,131,174,156,66,55,168,255,80,24,255,219,98,43,203,115,149,127,213,213,213,143,152,97,198,52,159,49,80,11,164,156,135,255,196,76,120,72,255,0,14,111,171,185,27,153,0,0,187,197,49,51,111,0,77,172,97,255,89,106,158,84,0,214,81,142,117,108,129,255,206,252,191,0,79,166,168,154,0,245,80,255,194,13,238,0,0,205,164,168,38,74,0,72,222,224,187,95,255,217,34,61,86,255,0,116,27,0,182,248,171,0,242,160,247,218,255
155,14,137,83,210,0,116,69,162,195,152,79,56,203,150,61,71,128,255,22,51,253,248,73,0,223,110,193,83,210,255,228,128,118,70,225,51,96,18,177,103,150,168,29,255,225,91,170,114,255,0,27,0,102,255,21,164,0,0,219,80,0,113,142,35,0,84,39,188,182,105,74,129,0,255,38,188,90,90,119,221,255,255,179,0,2,155,139,112,57,147,31,255,163,170,255,114,0,143,255,141,27,47,96,0,136,255,141,78,94,255,215,189,0,240,0,125,122,0,116,174,73,26,113,73,255,255,255
161,29,159,101,225,0,103,92,140,183,189,114,140,140,145,69,108,129,206,104,0,255,209,103,57,137,174,124,124,160,184,86,219,100,15,133,47,77,80,147,40,208,157,2,190,225,14,114,56,194,176,48,159,126,133,59,114,0,34,154,220,122,90,134,105,210,136,80,251,41,205,89,42,115,222,146,127,182,129,255,205,111,153,146,146,0,81,85,230,103,126,30,255,254,11,255,0,0,197,255,172,90,77,89,140,172,140,255,32,138,255,29,0,205,209,0,16,61,0,160,90,61,0,147,216,255,0,255
152,25,130,105,231,16,116,100,119,167,202,90,167,138,141,6,135,79,237,150,7,204,182,15,70,19,206,171,61,181,142,80,173,48,3,153,110,88,12,79,45,228,98,20,73,203,10,85,131,223,255,11,55,146,172,86,171,0,54,212,189,173,63,113,98,206,169,115,255,0,138,121,191,90,255,196,255,68,107,255,34,255,167,89,33,57,87,66,187,161,93,8,255,200,173,255,11,52,146,253,144,28,169,92,0,255,255,255,34,152,255,155,0,58,255,46,30,124,0,255,93,93,0,36,255,233,16,255
164,38,151,68,248,40,145,116,141,217,224,42,137,151,124,30,155,104,195,104,0,255,255,58,63,170,169,179,8,137,187,123,172,183,37,82,146,103,144,112,160,147,114,18,23,102,0,168,37,201,194,124,188,89,107,141,176,0,109,191,212,247,17,212,98,208,218,148,142,57,67,192,255,38,93,185,123,160,191,255,164,164,240,193,0,7,3,15,112,154,0,74,255,254,255,169,0,101,54,255,27,24,94,178,0,178,243,219,137,190,255,162,0,151,222,0,145,148,137,156,130,94,0,33,255,255,8,255
176,43,182,106,236,17,116,146,125,206,224,26,126,109,34,84,113,122,230,184,0,255,240,10,166,158,245,130,115,74,136,51,244,169,0,49,28,186,174,86,139,198,85,0,0,182,0,143,0,176,249,166,254,39,7,106,37,58,191,235,243,255,0,240,183,92,212,255,235,10,62,176,27,178,87,255,105,151,24,255,147,58,170,218,107,174,177,30,228,0,81,177,255,255,126,174,0,226,125,255,28,255,72,226,0,219,252,255,108,255,187,192,78,204,255,251,164,128,0,255,48,122,207,0,45,255,0,255
157,37,155,109,255,57,117,133,111,203,209,80,151,161,129,60,96,124,160,100,0,255,122,83,136,0,237,123,78,138,171,10,179,95,48,38,61,169,38,155,93,124,86,100,176,142,26,123,46,191,255,62,98,177,34,170,104,16,184,141,137,255,16,155,209,160,168,196,238,0,212,118,186,171,177,176,81,203,0,255,72,112,214,204,160,0,117,133,119,213,108,189,255,114,245,50,0,99,187,255,147,0,170,202,0,255,255,255,214,72,255,123,0,198,255,255,178,139,0,180,0,114,32,0,255,255,0,255
159,39,148,87,255,42,127,117,103,169,232,50,135,144,162,69,61,98,171,91,0,255,129,42,147,27,217,121,112,89,174,13,188,106,65,54,37,122,120,173,113,112,130,54,89,152,0,10,59,252,255,20,187,174,0,155,121,14,200,255,187,255,25,135,141,213,198,179,255,28,151,178,176,250,138,216,95,71,138,255,107,65,208,39,211,0,201,198,224,199,0,255,255,187,255,254,59,109,182,190,130,69,0,135,0,255,233,255,210,46,224,97,0,53,169,255,122,194,0,224,9,98,1,0,250,255,0,255
168,35,169,91,246,13,116,142,137,208,219,77,139,131,85,109,95,137,202,91,0,255,186,34,147,242,235,108,154,89,126,167,202,146,68,99,56,148,140,164,164,204,113,0,91,195,0,87,0,126,209,57,240,137,24,48,58,127,203,255,211,188,0,191,171,41,182,194,255,40,87,174,119,176,121,162,74,165,97,189,104,135,255,150,96,102,211,221,210,87,0,71,255,255,191,187,0,226,171,231,120,164,114,139,36,228,253,224,39,255,210,145,98,159,214,89,89,154,0,160,183,149,108,101,174,255,0,255
156,29,161,48,255,42,118,120,106,185,222,136,108,218,210,157,0,138,170,0,20,255,82,55,51,193,191,171,103,74,151,127,219,183,86,166,71,77,100,255,122,88,134,13,154,221,32,74,0,175,195,0,169,255,0,139,85,127,255,255,217,51,54,83,83,100,184,0,255,163,114,255,126,200,56,33,151,137,149,234,7,146,228,14,134,7,156,255,214,246,29,230,255,205,233,255,82,27,165,101,209,9,30,0,0,237,121,201,163,152,227,130,62,0,0,158,186,255,0,33,100,131,0,0,255,95,0,255
165,45,166,103,255,18,122,121,121,193,200,77,96,199,144,102,114,111,230,26,0,255,162,17,114,197,150,155,120,43,205,128,176,81,95,187,10,138,212,84,112,144,154,0,223,236,67,86,75,196,153,0,182,248,0,198,142,70,216,255,255,129,0,220,79,178,232,130,255,0,148,221,160,134,29,116,109,53,184,255,92,125,128,97,155,0,196,159,243,12,23,159,255,174,235,251,40,120,50,225,66,190,0,174,0,255,227,255,175,179,255,93,71,106,196,197,153,119,0,255,172,184,136,96,195,255,0,255
163,40,142,61,255,35,123,133,112,200,227,39,74,180,143,66,33,99,177,47,0,255,144,32,80,255,188,178,82,79,151,166,145,178,91,140,85,109,124,203,133,211,66,0,102,255,0,105,0,158,237,0,255,255,25,16,103,43,162,255,234,251,29,149,73,5,251,38,255,118,112,251,114,118,0,94,90,76,204,141,0,255,173,208,0,0,146,160,241,105,0,145,255,255,255,255,0,51,166,113,0,229,0,35,0,158,170,255,255,172,255,65,0,14,0,0,151,255,70,163,255,216,49,39,255,175,0,255
169,47,154,86,255,26,126,130,129,202,228,24,48,203,128,76,63,114,188,39,0,255,215,13,62,255,157,157,93,91,196,153,147,128,102,185,96,156,204,84,99,178,112,30,172,253,44,128,53,210,115,0,255,219,47,88,99,34,142,255,221,239,20,211,90,66,223,117,255,8,112,253,173,84,0,165,56,66,237,208,13,251,123,240,0,0,183,78,226,1,0,105,255,255,236,196,0,134,122,220,0,255,0,195,0,167,210,255,255,199,255,0,25,19,30,0,222,168,79,161,255,212,102,42,204,236,0,255
164,50,138,60,255,55,129,112,87,200,239,0,33,188,79,37,43,80,206,76,14,255,176,0,14,205,225,219,68,34,156,53,162,192,8,105,118,139,170,178,135,255,3,16,4,255,0,79,36,215,255,0,255,172,69,0,111,76,193,255,255,255,73,166,117,21,255,112,243,0,61,255,132,178,0,255,0,26,255,255,0,195,20,158,47,0,155,78,255,0,0,255,255,255,255,255,255,0,187,44,0,255,0,90,0,0,228,232,255,148,255,0,0,0,0,29,156,255,82,215,195,255,255,0,255,70,0,255
154,20,146,3,255,4,116,114,151,162,242,94,99,255,255,128,43,135,152,0,47,255,149,15,52,255,137,183,1,35,157,226,138,181,104,90,139,95,35,170,210,7,12,0,97,226,124,198,0,192,12,0,241,255,123,107,111,155,146,255,63,0,105,0,7,0,100,0,255,61,0,144,189,0,0,0,255,34,92,255,0,255,190,226,22,74,149,255,134,146,0,255,215,255,255,255,0,45,255,0,140,0,23,0,0,255,149,14,255,0,119,114,72,0,0,126,255,255,0,0,255,255,0,0,255,0,132,255
157,30,146,10,255,41,124,109,109,200,211,110,40,255,190,155,143,188,167,31,110,255,169,64,0,255,123,255,0,154,218,81,122,203,50,35,158,92,71,138,179,116,4,11,123,168,214,167,0,25,174,0,255,177,255,99,246,105,72,255,50,0,148,0,44,24,126,48,255,0,0,115,255,0,0,101,57,97,62,255,25,255,172,216,58,0,160,255,153,147,0,194,209,255,255,255,0,0,228,187,39,92,162,0,0,79,104,128,228,0,255,0,74,0,0,20,255,255,85,0,170,192,0,0,255,0,0,255
159,41,151,18,255,87,141,102,82,244,196,126,16,255,168,137,82,161,209,29,104,255,191,74,14,244,96,255,19,151,236,150,98,231,0,179,89,84,180,132,141,125,0,57,162,172,144,151,135,105,255,37,251,205,255,160,255,31,170,255,128,99,184,104,87,37,242,84,236,79,0,223,255,0,0,63,15,107,102,255,0,255,176,172,0,0,166,190,126,138,0,189,255,255,255,255,0,0,170,195,0,4,35,0,0,0,72,216,255,167,243,0,0,0,0,26,255,255,0,37,201,223,0,68,255,0,3,255
153,39,146,26,255,119,156,112,75,240,167,133,43,255,170,168,37,183,198,36,116,255,110,13,7,194,112,255,34,147,234,75,137,186,39,243,111,63,248,131,139,84,0,250,12,231,215,207,233,194,255,96,170,200,234,252,255,32,255,255,172,63,188,255,94,9,255,81,210,0,0,255,255,50,0,34,0,212,0,255,0,255,103,22,0,0,216,233,60,134,11,255,255,255,255,255,85,0,201,0,57,5,0,0,0,0,40,102,255,255,255,0,0,0,66,255,255,255,0,255,6,255,127,38,255,0,0,255
153,29,141,45,248,62,139,93,98,205,161,113,77,234,177,122,99,163,177,39,54,255,151,65,30,234,112,255,53,151,217,145,139,125,26,192,120,15,103,159,125,99,30,91,74,211,132,168,118,216,226,60,105,113,206,161,250,0,158,255,47,63,89,203,90,80,159,68,154,24,0,82,255,28,116,71,58,211,29,255,0,255,255,78,6,46,220,214,119,206,0,98,200,255,173,255,0,0,255,165,136,60,52,0,41,5,154,64,251,181,255,185,0,0,83,42,255,255,1,129,110,71,23,61,255,0,41,255
151,35,137,39,255,94,141,95,89,223,158,143,56,255,140,124,63,120,206,20,82,255,83,34,64,200,107,255,0,98,245,138,108,165,0,222,100,81,212,106,165,109,0,164,66,255,171,181,175,197,255,59,94,196,195,220,233,22,255,255,153,84,165,158,161,0,255,98,173,19,4,234,255,68,48,0,47,181,24,255,0,255,164,58,31,11,170,75,48,6,0,231,255,255,255,214,150,0,108,51,76,54,0,0,0,22,81,41,255,195,255,29,0,0,189,251,255,255,0,255,71,128,228,175,255,0,0,255
155,38,150,31,255,105,153,119,93,246,172,131,67,255,163,152,106,162,167,27,101,255,117,55,57,206,113,255,38,109,188,88,134,170,58,221,72,63,194,140,192,71,0,206,3,255,251,200,110,177,255,30,140,223,214,255,246,70,255,255,150,76,176,122,33,17,255,36,207,8,0,239,255,7,12,0,58,207,46,255,0,255,110,107,21,38,112,176,27,0,0,237,255,255,255,221,117,0,150,49,97,0,9,0,0,89,0,119,255,159,211,0,0,0,115,250,255,255,0,237,86,110,121,38,255,0,0,255
152,34,132,33,255,55,112,114,105,212,177,82,119,255,161,87,173,132,135,6,70,255,156,106,54,218,177,255,0,106,204,136,126,171,26,200,59,6,75,178,195,81,7,84,35,255,176,189,0,174,196,6,105,144,191,238,228,7,131,219,49,51,10,72,49,46,209,61,108,121,0,86,255,0,47,69,178,142,236,255,0,255,206,13,72,74,172,182,50,45,0,211,255,255,255,255,116,0,255,53,139,0,0,0,0,35,77,81,238,97,138,87,0,0,89,154,255,255,22,115,134,76,83,134,255,0,0,255
149,35,135,21,255,103,137,102,88,211,145,120,52,255,167,112,90,144,152,13,36,255,71,47,134,255,33,255,29,62,255,187,136,143,0,187,63,53,102,42,213,119,0,155,116,255,82,151,136,227,255,26,144,148,255,169,255,0,240,255,104,107,101,72,172,7,255,167,139,106,0,186,255,87,0,12,77,227,147,255,0,255,194,0,19,0,255,250,97,136,0,255,255,255,255,255,37,0,255,0,8,16,0,0,0,46,60,50,255,255,255,175,0,0,101,255,255,255,0,255,100,175,182,226,255,0,17,255
152,30,148,24,255,62,128,112,117,187,154,147,58,252,213,159,70,174,168,0,21,255,153,61,57,255,81,255,51,115,255,181,209,138,0,168,76,103,46,113,155,97,0,6,155,193,88,185,65,192,167,0,154,241,197,179,186,34,169,255,111,2,98,40,85,0,221,139,255,111,0,88,201,0,54,0,171,154,78,255,0,255,251,43,0,16,238,255,43,196,0,122,255,255,255,255,0,44,255,115,125,0,8,0,0,198,108,132,187,65,228,172,67,0,0,169,255,255,0,0,255,123,0,3,255,0,121,255
156,34,152,21,255,76,139,119,114,209,156,131,80,255,199,157,110,176,133,0,28,255,170,94,65,255,109,255,45,138,232,135,175,172,51,155,62,61,125,157,183,64,24,70,71,173,111,170,5,171,168,0,184,244,162,214,203,23,166,255,124,0,116,36,34,0,212,106,255,108,0,82,255,9,17,0,134,138,129,255,0,255,255,143,35,10,240,255,63,89,0,183,255,255,255,255,1,14,247,46,118,0,51,0,0,175,10,123,210,131,131,61,0,0,0,122,255,255,0,0,255,136,0,66,255,0,151,255
157,38,153,20,255,85,149,118,109,218,155,143,56,255,221,144,82,177,139,0,31,255,186,86,22,255,107,255,33,184,255,125,161,201,0,147,58,122,131,123,142,72,2,28,94,151,85,162,118,148,240,25,219,222,208,184,225,0,173,255,108,22,143,70,47,0,206,147,255,113,0,69,255,0,30,52,105,155,78,255,0,255,255,185,0,0,255,255,90,200,0,164,255,255,255,255,0,57,255,101,31,83,133,0,0,127,45,196,255,205,177,34,0,0,0,151,255,255,0,0,255,202,0,39,255,0,159,255
154,26,151,46,244,57,131,105,118,199,170,151,70,246,195,149,103,173,170,25,30,255,172,75,66,230,102,255,73,100,225,157,207,120,20,201,108,68,99,115,128,100,16,38,127,199,157,204,24,175,159,0,109,218,206,154,186,35,159,255,133,7,131,92,71,27,192,75,220,49,0,158,175,16,80,12,173,165,55,255,0,255,181,113,33,71,144,255,75,152,22,124,211,255,177,255,0,0,255,171,215,0,68,0,63,157,82,150,140,77,181,164,43,14,57,39,255,255,0,16,181,46,0,53,255,0,56,255
155,32,146,15,255,51,133,117,123,192,178,137,99,255,220,144,112,181,162,0,27,255,174,64,6,255,144,255,0,184,255,103,159,191,1,100,56,92,107,178,185,33,12,0,41,129,127,184,17,181,185,0,203,255,212,209,211,0,134,255,104,5,96,0,0,0,161,91,255,160,0,42,255,0,43,84,133,131,72,255,0,255,255,143,0,56,255,255,83,255,0,169,255,255,255,255,0,99,255,21,92,75,48,0,37,171,205,157,255,62,163,134,0,0,0,189,255,255,0,0,255,255,0,0,255,0,120,255
156,30,144,0,255,47,136,107,112,203,184,145,72,255,229,140,78,161,132,0,27,255,163,72,34,255,120,255,0,145,255,156,149,219,17,132,61,106,62,206,197,28,3,0,97,150,84,164,0,155,156,0,197,255,230,148,150,0,125,255,121,50,132,0,0,0,120,79,255,213,0,103,255,0,19,38,156,105,119,255,0,255,255,211,0,0,255,255,93,255,0,157,255,255,255,255,0,48,226,63,4,42,20,0,42,143,156,131,255,125,91,141,0,0,0,30,255,255,0,0,255,255,0,0,255,0,87,255
156,22,139,0,255,6,101,103,121,190,226,145,91,242,225,157,100,145,188,0,79,255,167,40,13,255,112,255,0,117,249,193,170,255,18,142,27,122,0,255,176,25,0,0,180,232,109,255,0,171,63,0,93,255,255,185,71,0,134,255,120,104,55,0,0,0,148,0,255,255,0,146,171,0,0,0,255,50,146,255,0,255,255,79,0,48,178,255,61,255,0,124,255,221,255,255,22,41,176,0,0,0,0,0,133,255,255,106,212,89,0,255,41,0,0,146,255,255,0,0,255,255,0,0,255,0,82,255
154,35,143,51,255,64,96,113,121,203,191,107,79,255,174,104,137,127,186,28,49,255,120,82,82,231,85,255,54,132,207,165,140,128,0,107,62,88,107,92,150,139,5,21,166,227,125,151,7,120,255,0,160,152,219,141,255,18,202,255,100,37,71,0,65,73,204,36,242,119,0,116,253,0,35,81,167,155,93,255,12,255,203,55,51,3,127,243,121,112,0,164,232,255,211,217,0,22,255,69,47,1,28,0,0,168,135,112,214,200,255,55,13,0,0,198,255,255,0,71,151,139,54,152,255,9,57,255
150,33,141,29,255,81,135,101,111,203,153,122,57,255,199,107,79,143,161,13,0,255,112,70,125,255,50,255,28,54,255,208,135,143,0,198,61,88,90,49,191,80,0,79,135,235,113,179,105,250,239,7,135,183,215,172,213,0,179,255,119,87,136,36,168,0,229,168,166,118,0,146,255,39,0,31,122,194,162,255,0,255,250,66,0,11,255,255,57,178,0,167,255,255,255,255,0,0,255,3,75,0,0,0,0,135,100,66,234,255,255,202,0,0,121,233,255,255,0,98,255,91,68,143,223,0,202,255
154,24,141,0,255,9,134,98,133,166,185,154,117,211,223,126,85,116,170,0,1,255,182,10,12,255,84,255,0,166,255,181,121,184,1,136,22,103,0,255,207,3,9,0,54,160,38,186,0,250,79,0,113,255,232,163,48,0,85,255,162,52,75,0,0,0,87,0,255,255,0,96,255,0,37,29,224,68,170,255,0,255,255,159,0,75,255,255,7,255,0,155,255,247,255,255,46,186,165,0,0,0,0,0,134,255,255,23,245,215,71,255,0,0,0,255,255,255,0,0,255,255,0,0,255,0,201,255
150,30,140,40,255,65,133,101,109,201,161,126,79,255,179,122,108,155,148,11,15,255,110,85,80,255,108,255,29,83,248,173,166,132,31,197,89,55,111,126,204,87,8,106,64,233,169,181,56,210,151,12,134,194,199,204,227,0,178,255,91,23,84,80,122,0,176,105,189,65,11,106,255,72,89,30,144,149,97,255,0,255,255,85,0,35,206,255,87,110,0,138,234,255,255,255,29,0,207,100,173,38,36,0,0,76,133,100,231,83,255,107,0,0,103,100,255,255,0,120,165,84,0,137,255,0,0,255
153,27,144,5,255,31,122,101,101,201,161,140,59,191,190,127,45,117,186,0,8,255,102,25,114,255,47,228,47,0,255,255,136,155,5,237,8,89,0,184,153,108,0,0,255,255,0,139,0,205,129,0,120,255,166,73,131,13,151,255,128,239,66,0,84,0,170,49,166,191,0,196,139,22,19,0,193,112,204,216,0,255,255,97,0,0,188,255,86,255,0,74,255,254,255,255,0,19,157,133,0,0,0,0,0,207,205,73,206,255,185,255,52,0,0,97,255,255,0,43,255,216,0,39,147,0,76,255
152,37,152,39,255,97,142,111,105,218,166,136,59,255,173,140,65,168,198,14,64,255,130,64,28,212,99,255,47,125,231,141,175,167,0,221,91,92,158,125,169,124,0,132,97,233,163,180,139,195,221,32,150,232,198,234,237,33,233,255,189,1,92,156,142,0,255,113,255,83,0,201,255,62,25,0,117,104,96,255,0,255,199,63,0,0,180,255,69,62,0,185,255,255,240,255,45,0,199,90,121,0,27,14,0,165,89,142,233,126,255,50,73,0,119,248,255,255,0,154,132,95,82,81,255,0,31,255
151,26,139,51,249,65,138,117,119,206,165,118,118,246,150,117,130,152,126,29,56,255,124,63,68,197,142,255,85,133,166,77,180,49,100,238,116,15,135,118,203,87,6,201,0,255,237,131,33,225,176,2,53,131,204,198,180,49,220,157,104,26,115,153,13,3,255,17,172,0,0,158,255,60,108,0,103,250,46,255,0,255,138,55,23,89,159,248,55,45,55,149,151,255,223,255,114,0,225,64,247,20,66,0,0,99,74,74,193,144,210,129,0,0,144,116,255,255,0,255,127,20,17,42,255,0,0,255
154,27,134,0,255,34,122,98,100,207,186,138,89,233,194,121,137,130,142,0,61,255,156,96,43,255,116,255,0,111,255,204,126,208,0,191,63,73,0,230,209,59,19,0,132,236,81,210,0,189,160,0,102,255,235,115,121,0,120,255,78,102,82,0,0,0,108,38,205,238,0,131,236,0,66,17,215,151,209,255,0,255,255,126,0,0,228,247,72,235,0,120,255,255,255,255,117,0,210,129,0,0,0,0,0,40,178,94,214,114,69,255,0,0,0,1,255,255,0,0,255,240,0,0,255,0,17,255
153,23,141,44,239,18,133,83,122,184,180,144,72,210,214,108,118,160,202,0,24,255,179,57,54,255,111,254,59,133,255,194,131,123,37,185,122,19,75,126,138,81,51,0,145,197,111,202,0,196,166,3,106,221,247,70,198,0,57,255,92,30,132,96,73,5,127,94,223,103,8,121,185,0,90,14,116,114,52,239,0,255,255,167,0,12,194,255,154,235,39,45,227,255,255,255,0,0,215,171,141,1,23,0,48,79,145,62,124,58,255,254,8,60,19,0,226,255,0,19,227,109,0,72,255,28,117,255
151,16,139,22,240,0,116,81,146,177,184,145,124,201,207,114,127,146,224,0,33,255,166,82,0,255,111,218,0,133,234,229,164,162,23,186,73,39,0,245,157,54,67,0,165,219,127,254,0,255,50,0,109,255,232,107,131,0,45,255,139,57,94,0,0,0,53,0,229,215,19,51,96,0,170,51,194,111,155,165,18,255,255,113,0,91,179,255,141,255,57,40,255,182,255,255,0,0,243,95,150,0,0,0,106,111,255,0,125,51,194,255,42,89,0,32,255,255,0,0,255,176,0,0,207,0,122,255
150,25,137,34,247,42,115,93,113,194,188,133,95,227,175,111,113,138,187,0,60,255,106,70,41,255,128,255,13,95,237,180,152,153,0,193,105,57,43,181,183,102,14,7,116,236,166,197,0,200,177,0,91,235,210,154,201,0,170,255,117,61,51,63,63,23,143,14,179,129,18,125,208,23,68,78,166,160,101,255,0,255,253,18,3,111,170,248,95,171,0,87,255,255,255,255,15,0,206,169,177,10,22,0,0,103,235,37,172,96,238,214,80,0,51,108,255,255,0,71,110,60,0,6,255,0,17,255
152,28,135,23,250,22,104,110,125,195,225,111,105,248,203,112,130,147,204,0,73,255,191,98,6,255,184,255,0,151,235,187,145,185,0,140,99,93,19,215,144,52,3,0,111,190,184,228,0,183,203,0,121,254,233,182,194,0,112,255,94,76,36,10,0,31,132,1,232,179,26,68,202,0,54,94,235,161,129,255,0,255,255,62,0,101,208,255,95,242,0,136,255,255,255,255,0,0,221,121,132,0,56,0,21,165,255,159,149,0,181,211,14,0,0,91,255,255,0,0,235,173,0,0,255,0,88,255
151,26,127,40,238,23,108,90,113,195,189,102,139,231,154,79,179,129,168,0,63,255,159,104,32,250,180,255,0,141,195,151,117,169,0,157,83,0,41,207,195,43,44,31,30,249,137,166,0,202,205,0,107,177,210,148,219,0,75,222,42,68,5,37,47,51,79,27,197,97,71,0,255,0,134,154,156,146,143,255,0,255,245,126,105,99,229,188,103,118,0,133,255,255,255,255,61,0,255,142,154,55,78,0,13,27,252,38,183,0,221,156,0,26,0,8,255,255,84,71,104,167,0,0,255,0,0,255
151,16,135,15,242,0,113,99,136,172,201,141,139,226,203,119,123,144,210,0,34,255,174,61,26,255,115,164,0,139,203,206,150,191,42,129,76,45,0,255,155,44,94,0,89,189,81,199,0,255,81,0,97,255,217,87,86,0,90,255,81,101,45,0,0,30,157,0,255,169,0,32,132,0,153,0,205,120,102,225,0,255,255,145,0,117,226,255,71,255,0,80,255,199,255,255,34,65,255,34,47,0,0,0,73,189,255,13,182,105,154,255,19,75,0,101,255,255,0,46,255,255,0,0,255,0,74,255
151,21,137,37,237,3,111,83,118,179,191,140,90,192,192,102,135,136,219,0,22,255,171,69,80,255,80,206,45,88,249,246,138,155,35,219,72,22,0,131,119,94,28,0,171,249,73,180,0,227,60,0,100,255,232,67,129,0,79,255,113,49,121,9,21,0,140,54,227,129,0,126,155,0,49,0,187,103,128,250,0,255,229,84,0,51,135,255,144,200,0,8,255,242,255,255,26,0,206,93,122,0,0,0,37,101,156,35,119,155,221,255,33,24,0,11,255,255,0,51,219,134,0,34,194,0,111,255
157,22,156,0,255,2,117,93,127,205,196,153,79,213,217,134,95,148,201,0,42,255,163,65,10,255,111,233,63,110,234,230,152,224,54,204,83,142,0,255,139,81,29,0,234,196,120,212,0,164,60,0,195,255,184,55,118,0,72,255,133,120,96,0,0,0,29,0,219,255,0,150,36,0,50,0,213,59,145,143,4,255,255,251,0,29,155,255,223,255,0,122,224,217,255,255,0,0,194,128,0,0,0,0,133,77,213,133,203,161,41,255,71,57,0,16,255,255,0,0,255,227,0,40,144,0,45,255
154,28,140,6,255,35,135,100,96,207,190,132,73,241,214,135,101,148,156,0,36,255,178,85,47,255,117,255,0,118,255,235,116,193,47,184,89,45,45,215,176,30,13,0,97,190,93,178,0,180,132,0,176,255,190,125,147,0,118,255,86,52,140,19,11,0,114,57,228,205,0,79,255,0,60,0,139,146,136,255,0,255,255,181,0,0,255,255,126,255,0,154,255,255,255,255,21,0,241,79,73,0,0,0,14,0,162,85,247,91,169,241,0,0,0,0,255,255,0,0,255,255,0,0,255,0,17,255
156,27,152,0,255,13,110,104,127,209,191,130,96,226,212,131,94,144,175,0,37,255,166,97,6,255,118,255,16,134,254,204,171,228,46,194,51,135,0,255,133,73,25,0,194,218,85,216,0,178,51,0,175,255,166,157,112,0,91,255,125,92,31,0,0,0,98,0,249,255,0,152,128,0,17,0,255,56,217,217,0,255,255,185,0,0,182,255,172,255,0,104,253,244,255,255,0,0,182,69,0,0,0,0,87,133,189,140,237,202,20,238,0,0,0,48,255,255,0,0,255,255,0,3,255,0,60,255
154,33,148,7,255,70,134,106,101,221,184,138,51,255,220,142,68,151,160,0,49,255,149,82,91,255,89,255,25,68,245,228,154,208,3,212,66,115,85,145,172,66,0,17,146,234,118,199,0,185,189,0,154,255,183,157,153,19,178,255,147,30,142,2,72,0,212,105,217,190,0,174,224,2,0,0,209,115,182,255,0,255,224,151,0,0,195,255,97,138,0,228,255,255,255,255,91,0,240,53,78,0,0,0,0,147,34,137,210,110,80,152,35,0,0,124,255,255,0,0,255,128,0,40,255,0,119,255
155,23,138,0,255,27,132,104,116,185,197,142,114,242,207,132,98,140,190,0,60,255,158,39,19,255,116,208,0,104,239,192,163,215,59,174,38,123,0,255,182,34,0,0,152,253,79,238,0,241,111,0,54,255,255,112,73,0,177,255,154,147,91,0,0,0,219,0,255,247,0,188,210,60,0,0,255,106,162,236,0,255,255,142,0,33,195,255,76,242,0,247,255,130,255,255,204,49,126,0,0,0,0,0,22,247,231,69,255,143,46,255,10,0,0,204,255,255,0,15,255,255,0,0,255,0,53,255
153,14,144,0,255,0,113,96,147,155,213,162,157,197,254,135,78,106,220,0,50,255,145,0,0,255,129,209,0,159,255,229,157,226,62,150,25,172,0,255,176,0,46,0,141,239,52,244,0,238,8,0,87,255,158,77,0,0,90,255,175,121,63,0,0,0,37,0,255,255,0,80,82,46,71,0,255,71,164,125,0,255,255,175,0,139,223,255,166,255,49,232,255,71,255,255,98,180,198,0,0,0,0,0,196,255,255,0,255,108,0,255,46,124,0,255,255,255,0,0,255,255,0,0,255,0,81,255
154,28,141,62,241,28,117,93,111,178,174,133,85,220,194,108,108,168,167,5,48,255,124,70,39,239,123,255,70,142,255,175,163,127,15,209,94,46,97,117,123,110,25,35,115,231,106,173,65,159,200,0,119,185,218,119,229,14,112,255,108,23,108,143,89,35,132,80,211,94,41,96,177,35,137,86,177,147,50,255,17,255,208,52,0,11,218,255,168,191,48,62,218,255,185,255,0,0,255,144,254,75,55,0,61,121,136,148,135,92,255,210,9,31,0,56,237,255,0,48,138,76,0,92,255,39,26,255
153,28,140,1,255,44,118,90,104,189,150,132,56,212,155,127,121,132,185,0,23,255,118,75,90,255,41,255,61,83,255,233,170,184,0,179,62,48,0,179,209,114,0,0,167,229,36,143,12,205,87,0,178,255,255,119,160,0,158,255,115,138,6,0,86,0,165,62,255,219,0,122,255,0,12,0,144,74,140,255,0,255,255,55,0,0,202,255,0,255,0,69,255,255,255,255,0,35,205,83,0,4,0,0,0,192,169,37,183,226,230,175,43,0,0,174,255,255,0,16,255,211,0,27,245,0,0,255
153,26,127,25,243,6,102,84,109,193,210,118,106,224,174,86,165,122,198,0,55,255,151,83,22,255,184,235,0,149,237,187,74,190,24,120,83,54,0,227,182,61,42,0,129,225,118,156,0,181,169,0,137,255,246,95,176,0,93,255,39,120,31,0,0,43,88,0,249,201,85,16,255,0,126,72,197,94,111,255,0,255,255,148,0,67,179,153,168,219,0,103,255,255,255,255,52,0,140,154,10,83,11,0,82,0,255,69,238,24,238,196,0,0,0,39,255,255,58,4,241,255,0,0,255,0,0,255
159,29,144,99,230,0,89,82,120,149,170,115,128,167,193,101,154,178,172,8,39,255,104,81,28,240,159,198,150,184,232,142,117,139,110,184,50,5,133,107,83,138,53,41,87,191,78,134,8,148,192,4,139,205,178,101,250,70,58,245,102,49,86,131,54,121,87,99,255,85,106,78,126,48,202,144,152,115,82,219,129,255,122,29,46,30,209,255,255,124,120,48,221,255,52,220,0,0,255,111,255,108,35,0,112,99,122,143,123,56,234,140,0,162,0,78,165,204,0,50,100,158,0,233,255,187,0,255
154,30,151,54,252,53,130,86,105,179,148,133,61,223,179,139,60,171,180,31,0,255,109,63,79,239,81,252,131,74,255,189,164,107,21,177,79,53,89,73,161,118,41,74,195,218,52,110,79,202,170,28,165,225,147,102,222,60,151,255,135,39,117,117,164,23,160,118,229,54,0,78,161,141,117,12,114,138,68,255,12,255,221,102,40,7,219,255,117,130,0,150,198,255,211,255,0,22,255,170,171,46,0,0,0,124,132,95,147,61,255,169,83,0,46,111,207,248,0,74,155,107,0,131,255,7,46,255
152,28,138,32,255,54,116,110,126,193,163,134,75,255,185,126,107,157,162,0,62,255,140,91,19,248,119,255,0,140,255,143,183,170,0,150,63,110,49,119,178,79,14,4,181,250,135,202,60,160,215,0,118,140,252,165,242,0,116,255,56,26,81,20,61,0,121,83,225,125,0,48,211,0,99,130,143,207,69,255,0,255,255,59,17,4,255,255,71,155,0,126,212,255,255,255,0,26,255,133,123,98,65,0,3,159,192,116,213,68,237,149,1,0,0,116,255,255,0,0,221,102,0,0,255,0,138,255
155,20,149,10,255,22,94,126,147,200,205,153,109,235,235,167,48,149,189,0,66,255,135,73,0,255,120,255,22,149,195,187,196,227,48,133,6,140,0,255,116,114,69,0,204,177,90,240,0,175,54,0,116,255,154,152,65,53,137,255,186,6,28,0,0,0,144,0,255,255,0,117,87,0,139,0,255,83,115,166,8,255,255,100,0,86,204,255,73,255,8,45,255,255,255,255,0,140,255,113,112,0,0,0,113,255,255,169,120,155,0,209,81,0,0,91,255,255,0,0,255,189,0,0,255,0,87,255
160,26,145,84,241,4,74,73,115,129,160,106,76,172,177,148,129,159,128,0,1,255,99,90,119,226,116,190,171,110,252,159,151,119,135,156,0,0,38,93,118,114,85,33,204,207,4,132,0,178,236,0,92,200,129,110,163,169,123,255,64,68,65,64,85,21,129,75,234,148,35,98,85,114,230,77,255,96,123,252,74,241,115,0,51,8,188,182,186,136,19,197,218,255,244,195,57,0,255,66,216,50,0,0,73,170,45,130,138,71,207,247,2,168,0,143,230,255,0,21,72,210,0,135,138,143,158,255
168,41,154,50,255,43,112,98,116,211,218,69,13,217,135,116,88,104,247,93,12,255,175,0,86,247,147,241,125,41,201,144,202,130,40,184,112,119,237,81,158,225,58,0,165,255,83,115,0,148,228,0,225,255,133,40,201,32,185,255,237,214,81,128,58,89,217,15,217,90,128,255,45,143,0,131,26,102,253,141,21,255,85,116,0,0,106,107,234,0,0,236,255,255,175,255,41,37,22,174,0,167,0,128,0,99,152,200,255,205,172,5,156,0,0,17,255,233,42,55,126,97,109,76,117,162,0,255
159,34,165,48,255,39,117,87,106,196,178,137,47,235,166,146,37,147,224,36,32,255,121,38,26,199,122,255,119,45,241,178,199,168,0,234,36,103,140,151,95,169,55,0,255,255,62,157,23,158,217,0,145,255,122,87,155,113,194,255,208,118,105,104,98,82,149,4,243,164,84,208,0,171,62,0,147,111,136,186,16,255,201,121,0,0,84,234,128,156,0,226,255,221,255,255,105,13,127,172,122,0,0,38,0,246,204,201,118,153,181,198,184,42,0,143,255,137,0,0,173,92,0,55,187,20,0,255
154,20,149,0,255,0,85,109,130,190,221,144,126,195,210,134,62,104,202,0,46,255,127,30,44,255,96,189,0,67,229,255,153,234,81,197,0,121,0,255,102,55,22,0,208,255,50,206,0,196,0,0,75,255,124,153,4,0,134,255,167,150,0,0,0,0,90,0,255,255,13,162,63,0,52,0,255,11,180,101,0,255,255,113,0,82,149,255,144,255,0,55,255,45,255,255,0,62,117,36,0,0,0,0,148,255,255,65,150,239,0,255,76,73,0,181,255,255,0,0,255,255,0,0,175,0,29,255
162,27,156,88,222,0,99,92,140,185,217,76,106,173,255,101,155,136,255,67,15,255,95,11,41,255,215,145,198,110,190,237,134,77,184,127,50,129,53,88,109,200,121,0,229,255,55,142,24,209,112,0,250,255,109,0,243,57,42,255,255,142,55,91,0,133,83,0,247,139,250,148,0,71,159,84,230,15,169,107,131,255,179,99,0,80,31,250,255,119,122,42,255,255,98,255,0,29,99,228,126,73,0,13,92,202,173,178,0,144,255,137,228,114,0,73,0,119,0,55,193,171,0,185,107,255,85,255
161,40,160,75,255,39,95,91,84,197,181,107,80,190,179,114,81,157,156,21,0,255,115,58,73,217,142,212,156,107,236,137,95,160,81,215,43,74,97,159,96,130,67,13,137,229,96,83,43,170,199,45,96,253,11,159,154,149,177,255,99,76,12,194,101,105,148,111,245,109,112,126,162,90,96,24,98,110,73,255,42,237,174,80,67,0,173,255,161,212,0,210,255,192,214,239,105,0,178,157,138,0,0,63,0,93,114,180,234,155,232,184,122,0,0,241,254,241,0,0,139,199,0,199,214,183,55,255
196,56,213,93,246,53,67,103,92,251,209,78,47,220,68,169,156,226,255,175,0,235,197,0,181,157,189,168,132,140,95,109,255,101,0,109,101,159,235,85,49,255,54,1,21,175,44,86,9,80,255,34,96,178,55,35,81,0,255,213,205,174,0,180,125,175,253,166,255,0,255,160,88,252,67,150,0,150,122,0,96,255,66,255,37,108,236,72,0,141,20,255,255,176,0,244,0,77,100,125,90,255,135,255,0,255,244,255,255,255,128,210,181,242,255,0,255,255,91,0,56,80,151,203,0,170,0,255
185,56,209,82,255,55,84,120,110,225,234,75,38,209,106,170,139,189,255,106,0,255,189,0,97,188,187,215,160,79,120,126,255,105,8,149,45,174,254,104,97,239,38,19,35,166,68,160,22,153,255,0,166,197,0,110,0,18,255,255,255,232,0,178,68,206,255,186,255,0,153,237,61,167,0,245,0,46,184,111,152,159,70,194,99,147,232,134,148,101,16,255,255,198,0,215,82,210,155,140,0,230,0,255,0,255,228,245,255,255,113,128,235,165,133,90,255,201,27,0,203,143,164,0,42,77,0,255
169,47,158,70,255,68,117,97,88,209,232,27,35,216,85,113,9,129,255,71,13,241,105,0,0,161,169,255,183,144,135,52,255,123,22,193,122,120,229,191,157,192,73,114,97,255,76,98,102,169,237,0,219,243,91,201,166,86,255,255,255,193,0,251,86,134,255,51,255,78,123,255,86,255,0,232,0,40,234,255,71,144,57,0,31,0,255,195,255,97,0,255,255,255,117,255,176,45,57,110,56,141,0,196,0,189,191,255,255,233,171,0,136,0,0,255,255,253,99,0,77,183,201,0,255,46,0,255
153,32,182,63,255,102,145,118,127,220,113,201,72,235,181,230,0,232,210,0,39,255,44,59,0,129,62,255,145,162,228,98,255,193,0,255,52,139,132,194,84,186,37,201,212,169,131,231,187,252,165,13,98,255,96,249,78,122,255,255,255,0,115,219,172,0,228,98,255,97,35,219,112,170,183,0,0,199,0,126,34,230,255,111,0,9,127,255,88,220,199,144,255,255,46,198,0,48,248,124,255,0,132,32,0,255,150,151,175,194,255,157,239,0,255,255,255,151,0,94,25,64,63,0,255,0,169,255
153,27,150,10,255,28,116,114,124,205,193,159,94,255,222,142,64,149,175,0,47,255,122,50,38,255,141,255,16,108,255,185,177,201,14,138,62,146,40,217,133,75,8,0,146,182,75,174,0,165,151,0,140,255,177,139,140,0,160,255,166,87,50,0,0,0,159,67,255,210,2,130,178,0,37,0,242,108,85,255,0,255,255,142,0,30,205,255,120,255,0,132,255,255,255,255,0,51,217,131,75,0,10,0,16,255,249,113,163,98,135,206,24,0,0,103,255,255,0,0,255,231,0,0,255,0,0,255
152,28,147,17,255,56,133,120,106,202,172,148,91,255,222,167,76,179,141,0,27,255,136,57,61,255,133,255,18,112,251,161,199,200,63,177,74,81,85,235,141,39,27,7,42,189,81,197,0,215,147,0,115,255,128,200,139,27,186,255,133,12,131,83,9,0,217,98,245,170,22,94,255,48,71,0,186,190,82,255,0,255,255,98,0,38,255,255,127,255,0,148,255,255,255,255,25,0,255,7,205,0,61,0,0,198,145,89,191,150,181,241,0,0,0,132,255,255,0,0,244,225,0,0,255,0,115,255
154,35,137,29,255,57,120,105,79,212,193,129,73,240,162,96,87,106,173,0,68,255,143,45,69,241,114,255,0,118,239,146,81,234,0,196,56,90,67,227,163,101,0,0,123,255,115,160,8,142,255,0,118,255,198,152,218,20,211,255,50,148,125,23,45,46,255,30,222,86,29,160,255,6,13,43,130,159,70,255,0,255,186,98,54,0,148,133,152,115,0,187,255,255,255,255,152,0,147,111,0,63,0,0,0,0,163,99,255,227,255,121,0,0,0,215,255,255,0,158,153,255,56,53,255,0,0,255
152,24,130,13,255,28,116,101,111,191,206,147,118,251,192,113,122,135,161,0,63,255,141,63,44,255,143,227,0,134,246,140,133,210,0,115,70,108,0,255,194,24,10,0,76,200,113,225,0,205,217,0,88,255,252,125,149,0,141,255,64,106,84,0,0,0,174,6,255,144,26,106,255,0,79,92,206,176,71,255,0,255,255,137,21,57,255,231,94,206,0,165,255,255,255,255,134,0,213,43,13,106,0,0,44,127,255,66,255,89,138,255,0,0,0,153,255,255,9,12,246,255,0,0,255,0,38,255
151,34,135,23,255,64,135,96,82,211,187,119,72,255,184,91,100,118,151,0,34,255,143,77,87,255,91,255,9,99,255,204,81,163,7,184,100,47,108,93,190,76,3,48,87,210,70,132,17,210,240,0,146,194,173,112,180,0,162,255,75,35,156,92,121,0,218,177,171,134,0,162,255,0,0,1,48,192,174,255,0,255,188,93,22,0,255,255,105,176,0,196,255,255,255,255,83,0,255,61,41,1,0,0,0,0,133,14,255,203,226,197,0,0,0,110,255,255,0,89,255,222,53,80,255,0,5,255
154,26,153,18,255,55,152,124,128,181,164,152,64,255,249,167,18,183,149,0,0,255,163,59,43,255,119,255,65,116,255,178,212,157,36,157,93,108,77,149,160,51,24,16,118,125,42,165,32,217,122,0,177,255,131,174,135,37,176,255,121,0,135,52,75,0,199,150,255,125,0,135,255,30,32,0,154,140,54,255,0,255,255,150,0,29,255,255,83,255,0,173,255,255,255,255,0,115,255,78,163,71,83,0,29,255,128,169,224,111,227,226,0,0,0,65,255,255,0,0,255,197,0,34,255,0,156,255
155,23,144,0,255,0,105,102,120,185,201,138,130,216,179,134,122,121,178,0,36,255,165,60,1,255,97,221,0,150,246,211,155,237,36,179,32,61,0,255,192,79,80,0,106,248,52,186,0,199,7,0,108,255,169,172,64,0,104,255,141,57,13,0,0,0,101,0,255,255,0,94,192,0,125,0,255,13,231,203,0,255,255,108,0,15,198,255,111,255,0,83,255,138,255,255,75,13,157,38,0,0,0,0,94,185,255,62,180,200,57,255,6,0,0,153,255,255,0,0,255,255,0,0,255,0,36,255
154,29,150,11,255,37,108,104,113,198,201,153,91,232,177,136,66,124,214,0,57,255,111,28,18,255,107,255,29,91,237,200,160,230,21,197,28,135,55,255,139,119,17,0,181,247,81,169,0,177,130,0,137,255,150,111,123,21,201,255,217,105,79,0,0,0,190,0,255,255,41,209,149,82,17,0,234,59,173,178,0,255,251,85,0,23,150,255,172,255,0,162,255,191,255,255,66,0,126,30,28,0,0,0,0,220,255,85,218,226,154,206,80,0,0,217,255,255,0,44,251,255,0,9,255,0,0,255
152,33,134,28,255,86,152,109,95,198,140,118,75,255,168,108,128,140,132,10,53,255,104,65,106,255,62,255,0,111,251,137,130,131,0,106,78,102,25,91,214,91,0,183,69,216,59,154,88,188,255,0,189,128,255,151,171,33,214,255,67,74,157,0,145,0,255,184,142,0,0,84,255,40,16,50,119,203,118,255,0,255,201,122,149,3,255,154,58,20,0,229,255,255,255,255,122,0,252,0,37,127,44,0,0,137,113,16,255,250,255,208,0,0,37,255,255,255,0,139,184,155,155,128,255,0,124,255
151,27,129,21,255,86,147,92,85,209,170,136,57,255,178,124,100,167,127,0,48,255,81,82,113,255,52,255,13,80,255,174,148,153,0,126,100,67,55,65,244,50,0,126,109,179,73,133,76,217,241,0,163,91,255,133,205,0,161,255,61,34,195,50,118,0,218,208,134,64,0,97,255,48,13,49,26,255,67,255,0,255,196,91,73,14,255,255,92,159,0,158,255,255,255,255,20,0,255,49,142,171,28,0,0,0,211,48,255,197,255,241,0,0,35,89,255,255,23,71,191,172,76,0,255,0,71,255
152,29,148,20,255,60,116,125,106,213,207,148,94,255,203,172,91,167,194,0,116,255,133,55,24,249,145,255,0,114,196,175,174,229,33,212,72,83,100,255,152,48,3,29,67,233,182,249,0,166,180,0,115,255,141,215,162,76,214,255,182,0,117,49,0,0,241,0,255,199,6,162,210,0,47,0,207,156,78,255,0,255,207,39,14,109,201,255,111,139,18,189,255,255,255,255,117,0,246,18,225,0,12,0,0,231,170,117,165,73,122,215,120,0,0,240,255,255,0,34,113,169,0,0,255,0,98,255
155,32,150,0,255,52,118,102,108,213,186,157,61,255,203,142,96,158,171,0,62,255,122,53,52,255,94,255,23,102,255,174,168,236,0,150,39,127,6,214,181,91,0,0,188,241,92,189,0,132,161,0,172,255,242,171,185,0,172,255,146,102,66,0,0,0,202,42,255,250,0,160,222,0,0,0,230,58,138,255,0,255,255,98,0,0,168,255,128,255,0,121,255,255,255,255,0,0,160,76,0,0,0,0,3,206,129,126,250,164,139,150,61,0,0,180,255,255,0,0,255,255,0,0,255,0,76,255
157,16,157,0,255,7,135,109,141,183,190,163,138,223,255,200,51,196,224,0,25,255,167,30,0,255,87,220,30,152,193,211,241,230,110,125,14,136,0,255,108,52,48,0,127,133,32,255,0,255,0,0,149,255,162,173,34,7,144,255,211,87,58,0,0,0,209,0,255,255,0,71,83,64,94,0,255,36,114,118,0,255,255,153,0,122,255,255,124,255,43,137,255,200,255,255,0,200,255,0,87,0,0,0,195,255,255,140,255,167,0,255,79,32,0,226,255,255,0,0,255,255,0,0,255,0,172,255
153,19,139,0,255,0,103,94,121,179,214,131,100,214,211,132,121,144,212,0,34,255,171,61,34,255,88,202,8,98,202,252,160,226,48,171,65,73,0,255,157,90,22,0,180,226,81,223,0,248,33,0,106,255,235,125,59,0,132,255,111,93,54,0,0,0,148,0,255,255,0,105,99,0,82,0,255,48,179,208,0,255,255,85,0,88,117,255,83,255,0,51,255,140,255,255,22,0,235,14,15,0,0,0,118,183,255,110,136,166,41,255,108,52,0,112,255,255,0,0,255,229,0,0,248,0,58,255
150,28,120,64,248,43,114,91,105,196,178,76,148,245,98,52,204,102,174,72,61,255,106,74,28,184,159,255,0,127,174,89,160,48,42,154,162,14,54,111,208,130,57,128,0,255,156,168,45,155,255,4,96,71,244,255,231,33,126,190,84,86,75,43,90,62,195,52,189,14,8,80,255,37,165,175,88,194,161,255,42,255,127,32,110,62,233,128,88,77,1,185,255,255,253,194,26,0,244,30,138,24,16,0,0,68,255,31,250,124,255,122,0,0,123,128,255,255,99,255,118,60,70,41,255,0,0,255
152,26,136,61,240,20,114,80,108,175,179,126,81,197,171,89,114,118,215,16,21,255,118,39,62,255,94,246,94,104,255,203,127,93,14,210,108,39,64,61,153,135,22,21,136,255,106,112,80,182,150,13,103,176,220,89,237,0,123,255,124,66,101,98,102,28,112,66,183,29,20,139,237,21,106,122,146,114,77,255,21,255,194,28,0,32,120,244,144,141,0,62,255,255,224,255,2,0,190,177,153,43,0,0,24,44,186,4,113,122,255,145,43,7,71,60,193,238,0,144,70,121,26,152,231,106,0,255
154,34,152,21,255,70,143,107,96,215,172,137,63,255,220,142,83,182,142,0,16,255,168,75,69,255,103,255,54,114,254,173,161,190,34,200,110,77,107,161,144,62,0,38,67,170,100,183,18,197,169,0,166,255,152,171,179,14,170,255,113,12,144,109,77,0,209,162,223,111,0,130,255,4,0,0,132,144,92,255,0,255,235,158,0,3,235,255,123,251,0,146,255,255,255,255,0,0,255,84,116,0,59,0,0,71,67,136,231,153,205,175,0,0,0,78,255,255,0,0,255,171,0,66,255,0,99,255
154,24,141,0,255,17,105,107,128,198,198,143,122,249,215,133,133,150,165,0,68,255,145,68,7,255,162,255,0,134,227,147,154,244,17,149,10,100,0,255,162,15,36,0,124,253,134,255,0,186,107,0,92,255,194,177,116,0,105,255,108,69,44,0,0,0,85,0,255,255,2,65,202,0,74,31,255,113,134,255,0,255,255,147,0,83,213,255,130,255,0,100,255,209,255,255,51,27,186,25,64,0,0,0,127,247,250,102,199,83,51,255,0,0,0,134,255,255,0,0,255,255,0,0,255,0,156,255
153,30,141,0,255,37,118,101,116,205,202,147,90,255,227,120,110,141,177,0,64,255,141,57,25,255,161,255,0,131,255,163,127,216,0,136,63,134,41,167,174,31,0,0,116,218,143,214,0,167,211,0,155,255,228,133,166,0,121,255,129,87,82,0,0,0,135,44,255,255,0,125,255,0,0,43,231,129,140,255,0,255,255,153,0,53,242,255,133,255,0,205,255,255,255,255,26,0,202,33,20,0,0,0,5,117,185,91,255,44,118,202,0,0,0,162,255,255,0,0,255,255,0,0,255,0,82,255
154,21,139,0,255,0,92,103,125,185,219,125,109,222,228,125,108,123,184,0,56,255,146,59,25,255,143,242,6,122,231,230,144,203,67,147,56,105,0,255,156,51,35,0,170,238,91,209,0,171,73,0,119,255,169,92,96,0,104,255,97,66,37,0,0,0,78,0,255,255,0,99,118,0,60,0,255,69,166,250,0,255,255,124,0,53,167,255,161,255,0,130,255,226,255,255,16,6,228,49,26,0,0,0,93,174,255,51,179,54,30,255,55,50,0,84,255,255,0,0,255,255,0,0,255,0,25,255
154,29,141,0,255,37,109,110,101,213,217,138,80,255,211,141,111,149,159,0,91,255,155,86,38,255,158,255,0,113,243,188,160,255,15,160,64,100,24,244,173,40,6,0,118,255,112,205,0,144,165,0,150,255,195,159,148,0,148,255,89,55,73,0,0,0,181,23,255,255,0,156,219,0,0,0,255,95,173,255,0,255,255,122,0,7,219,255,156,255,0,209,255,255,255,255,82,0,209,26,24,0,0,0,0,84,149,151,255,57,90,209,0,0,0,66,255,255,0,0,255,255,0,0,255,0,0,255
152,31,121,40,254,43,99,80,95,187,199,86,83,238,145,55,166,107,186,15,56,255,147,98,44,248,113,255,0,149,247,164,101,159,0,145,124,42,0,110,203,128,0,27,124,232,122,141,55,166,255,3,145,97,255,131,246,0,137,255,38,84,45,10,87,45,170,86,166,71,0,74,255,0,26,178,142,124,162,255,0,255,192,4,40,17,192,97,85,118,0,106,255,255,255,255,19,0,224,129,0,104,32,0,0,0,229,60,250,145,255,71,0,0,0,112,255,255,55,99,133,162,75,94,255,0,0,255
149,21,136,49,245,0,111,86,123,181,182,145,129,203,201,96,117,117,212,0,15,255,128,76,37,255,151,198,5,120,249,236,136,150,52,199,113,67,46,175,129,76,81,0,72,220,93,149,0,232,117,0,109,255,146,94,129,0,120,255,124,64,89,56,22,14,98,74,214,102,96,27,158,0,221,7,196,122,80,199,20,255,255,134,0,104,159,227,166,209,28,76,255,255,255,255,22,0,243,156,210,21,8,0,43,16,255,0,121,58,255,251,0,99,13,65,204,255,0,126,242,143,0,144,255,6,0,255
153,21,136,18,247,0,114,97,117,187,205,119,129,212,217,111,137,124,205,0,42,255,182,69,14,255,165,184,0,142,220,231,122,182,98,153,74,75,0,255,126,52,76,0,121,212,62,187,0,221,123,0,120,255,174,66,129,0,91,255,75,110,44,0,0,7,92,0,241,234,87,31,159,4,134,0,252,108,134,219,0,255,255,194,0,64,172,255,196,255,0,136,255,192,255,255,60,6,195,81,52,12,0,0,91,60,255,101,208,68,183,255,0,97,0,31,217,255,0,3,255,255,0,42,255,0,0,255
150,30,141,37,255,41,121,93,98,194,182,128,76,211,190,104,17,109,175,0,0,255,93,21,92,255,71,218,54,30,255,232,122,153,11,231,53,73,84,161,156,105,44,0,129,255,30,106,33,225,172,0,112,255,105,110,180,21,184,255,146,116,58,91,124,0,160,91,250,109,28,203,245,98,84,96,124,109,159,255,0,255,255,43,0,0,221,255,135,255,0,141,255,255,255,255,47,0,197,150,36,5,0,0,0,138,255,34,211,248,255,191,0,0,0,129,253,255,0,139,255,250,0,116,205,58,0,255
153,23,135,0,255,0,105,99,105,197,229,143,98,224,210,122,100,98,192,0,105,255,138,42,7,255,141,255,0,83,255,255,114,250,22,191,9,100,0,255,194,43,0,0,217,255,71,230,0,145,88,0,108,255,200,113,71,0,138,255,137,122,45,0,0,0,117,0,255,255,0,179,138,0,0,0,255,61,232,255,0,255,255,69,0,0,192,255,151,255,0,175,255,141,255,255,154,0,83,0,0,0,0,0,48,134,254,68,255,113,56,255,2,0,0,125,255,255,0,0,255,255,0,0,255,0,0,255
154,28,138,0,255,5,97,102,113,204,239,123,108,250,210,115,133,125,207,0,79,255,177,74,0,255,154,255,0,132,220,215,115,255,23,157,33,89,0,255,170,45,26,0,152,255,123,225,0,164,109,0,129,255,202,173,102,0,132,255,123,107,36,0,0,0,147,0,255,255,0,124,173,0,20,0,255,41,233,255,0,255,255,100,0,39,160,255,138,255,0,149,255,123,255,255,70,0,146,0,0,0,0,0,48,117,255,129,251,117,39,255,10,0,0,160,255,255,0,0,255,255,0,0,255,0,24,255
155,39,142,51,255,47,97,90,100,216,212,86,98,255,166,72,169,118,205,14,51,255,138,106,73,243,109,255,38,114,205,178,109,148,0,149,62,64,74,136,162,138,39,0,165,255,109,125,1,135,255,0,151,147,180,190,255,37,163,255,104,95,24,46,69,107,165,56,183,137,28,132,208,27,25,105,182,76,225,255,0,255,175,26,38,0,116,185,222,111,0,119,255,255,255,255,0,0,169,188,32,0,0,0,0,31,165,178,208,192,255,86,0,0,0,149,255,255,0,105,192,135,70,106,255,116,66,255
153,36,143,0,255,78,150,100,79,223,170,151,49,251,217,127,29,152,164,0,42,255,110,26,82,255,80,255,0,55,255,207,107,225,0,204,0,112,68,103,185,50,0,44,138,230,46,143,75,247,225,0,168,255,221,160,131,0,181,255,171,153,163,16,79,0,255,180,234,198,0,207,255,27,0,0,114,134,193,255,0,255,199,106,0,0,255,255,85,255,0,239,255,255,255,255,86,0,198,0,0,2,0,0,0,81,132,116,255,209,190,203,0,0,0,240,255,255,0,71,255,255,0,1,255,0,85,255
154,13,156,0,255,0,118,118,166,154,211,163,146,208,250,186,43,141,224,0,41,255,157,4,0,255,68,219,3,139,224,229,246,209,118,149,16,151,0,255,171,35,59,0,137,161,5,255,0,255,0,0,137,255,133,164,0,0,136,255,238,22,42,0,0,0,178,0,255,255,0,203,82,66,23,0,255,0,198,0,0,255,255,112,0,100,236,255,131,255,110,182,255,129,255,255,0,255,165,0,0,0,0,0,148,255,255,83,237,205,12,255,32,67,0,255,255,255,0,0,255,255,0,0,255,0,185,255
154,24,160,0,255,41,132,107,112,208,180,179,73,242,208,181,32,157,208,0,76,255,102,19,23,255,71,255,68,28,240,251,216,233,29,238,0,132,3,247,121,102,12,0,243,255,0,188,0,227,48,0,138,255,130,89,67,71,194,255,243,110,84,0,0,0,192,0,255,255,0,255,61,67,0,0,255,52,214,163,0,255,255,114,0,12,176,255,148,255,0,152,255,170,255,255,49,33,166,32,7,0,0,0,0,255,189,136,201,254,86,255,123,0,0,115,255,255,0,0,255,244,0,0,206,0,34,255
151,32,153,27,255,78,146,103,98,221,169,148,75,255,213,142,49,157,163,0,12,255,113,78,121,255,82,255,36,1,226,225,165,190,42,246,59,101,104,137,166,54,0,62,134,253,79,187,0,255,185,0,121,255,99,180,125,60,236,255,202,43,136,83,132,0,255,150,229,122,28,225,229,112,2,0,215,111,175,255,0,255,191,167,0,15,167,255,111,132,0,219,255,206,255,255,133,0,189,69,140,0,0,0,0,185,64,154,207,165,204,251,12,0,40,160,255,255,0,104,255,117,0,92,232,0,117,255
154,30,157,16,255,77,140,119,117,200,144,150,38,255,207,162,6,161,144,0,9,255,117,58,87,255,24,255,87,49,255,219,211,174,0,228,33,134,37,158,173,109,0,3,244,255,44,176,42,188,114,0,136,255,164,165,152,31,208,255,171,20,108,0,101,0,232,87,255,172,0,208,174,85,19,0,211,107,122,250,0,255,255,116,0,0,195,255,68,182,0,178,217,255,255,255,0,85,252,52,25,0,0,0,0,255,48,154,225,230,236,202,91,0,0,171,255,255,0,8,255,161,0,104,255,0,148,255
154,29,148,27,255,45,113,111,112,186,188,144,72,231,199,148,53,143,186,0,35,255,149,38,27,255,140,255,58,135,255,165,174,177,22,159,70,119,76,199,125,119,36,0,155,207,89,156,1,164,152,0,128,255,128,141,158,73,170,255,144,5,77,42,53,0,207,51,255,222,0,115,208,64,38,0,190,114,86,255,0,255,250,50,0,46,218,255,115,237,0,155,255,255,255,255,11,0,213,99,152,0,0,0,1,181,193,106,194,110,187,122,69,0,0,189,255,255,0,0,209,205,0,33,255,0,72,255
154,34,158,24,255,101,144,135,107,224,184,154,58,255,183,209,25,193,199,0,118,255,140,46,8,216,114,255,56,114,191,140,229,224,33,246,48,102,189,200,171,94,5,128,89,235,147,197,60,173,156,0,154,255,142,255,196,146,250,255,233,0,133,105,26,0,255,51,255,120,0,255,239,59,15,0,143,88,108,255,0,255,173,51,0,28,211,255,64,0,18,255,255,255,226,255,151,0,207,15,210,0,0,0,0,255,73,218,190,86,129,35,138,0,0,228,255,255,0,72,137,143,33,0,255,0,65,255
152,29,142,25,255,51,122,123,124,202,174,128,126,255,184,137,109,143,147,0,56,255,140,74,40,255,160,255,0,104,213,159,172,194,35,193,34,68,83,231,200,48,46,28,66,255,117,210,0,211,158,0,57,255,120,208,153,14,158,255,149,5,69,0,0,0,181,29,223,162,20,80,255,48,68,0,235,169,196,255,0,255,255,87,80,93,222,255,44,45,4,231,255,226,255,255,130,0,235,0,190,0,0,0,0,255,157,47,132,44,95,185,10,0,1,146,255,255,0,56,189,147,0,29,255,0,93,255
156,30,139,0,255,23,99,93,113,199,221,143,58,241,197,105,73,104,199,0,77,255,134,30,10,255,168,255,6,131,255,160,109,240,0,120,46,155,36,213,173,95,0,0,224,243,112,148,0,99,194,0,167,255,255,82,162,0,123,255,129,116,57,0,0,0,153,0,255,255,0,203,236,0,0,45,218,17,142,255,0,255,255,132,0,0,181,255,161,255,0,206,255,255,255,255,33,0,79,64,0,0,0,0,18,115,216,76,255,99,85,57,0,0,0,133,255,255,0,0,255,255,0,0,255,0,0,255
156,32,138,0,255,41,115,108,103,213,206,143,83,255,194,122,106,140,171,0,77,255,143,62,25,255,158,255,0,128,255,139,128,255,0,137,40,129,21,238,182,55,0,0,147,239,108,194,0,136,220,0,154,255,244,149,178,0,152,255,106,140,88,0,0,0,208,15,255,246,0,166,255,0,0,28,201,116,126,255,0,255,255,142,0,0,222,246,118,255,0,178,255,255,255,255,74,0,144,18,0,20,0,0,9,114,199,141,255,140,109,161,0,0,0,124,255,255,0,0,255,255,0,0,255,0,20,255
153,36,133,29,255,87,138,121,71,233,185,122,71,255,161,129,112,148,146,0,96,255,139,54,70,207,120,255,0,141,231,94,102,192,28,177,86,52,138,162,174,71,0,155,5,234,179,204,77,175,255,8,116,163,227,228,244,35,224,255,36,109,174,124,23,58,255,94,162,0,0,206,255,0,15,28,52,255,28,255,0,255,108,54,109,24,216,124,34,46,0,210,255,255,255,245,134,0,221,39,9,59,0,0,0,0,84,123,255,207,223,95,0,0,117,214,255,255,0,232,105,255,162,50,255,0,0,255
153,37,136,30,255,58,116,96,93,210,198,102,89,246,155,89,112,117,210,0,84,255,144,73,36,220,141,255,0,103,215,166,109,193,0,208,86,42,101,180,200,111,0,48,94,255,150,149,60,164,255,2,129,202,224,197,255,15,198,255,110,129,39,65,96,63,255,34,178,77,0,184,255,8,0,88,113,91,185,255,0,255,189,11,44,3,153,119,88,51,0,214,255,255,255,255,125,0,132,92,0,3,0,0,0,16,159,112,255,148,243,89,0,0,19,192,255,255,0,169,114,157,145,83,255,0,0,255
154,35,141,13,255,64,132,106,99,201,181,134,69,255,192,122,113,153,157,0,28,255,170,75,50,255,96,255,0,149,255,149,121,205,0,142,73,63,91,144,194,74,0,29,64,157,101,151,28,186,206,0,199,254,237,166,192,0,170,255,101,36,134,2,34,0,223,118,255,142,0,111,255,0,0,44,97,124,121,255,0,255,255,113,0,12,255,255,41,214,0,134,255,255,255,255,0,0,255,37,2,43,0,0,0,47,136,111,255,199,183,125,0,0,0,161,255,255,0,0,255,254,0,26,255,0,66,255
152,28,140,29,255,58,137,111,103,190,162,137,90,255,199,148,102,170,141,0,34,255,140,70,71,250,120,255,17,109,245,145,182,160,26,173,100,62,88,149,192,48,26,86,38,196,115,182,0,217,193,0,117,238,173,170,191,23,183,255,78,7,122,80,43,0,206,114,210,41,0,80,255,18,76,0,143,199,52,255,0,255,255,105,54,52,255,255,44,108,0,179,255,255,255,255,93,0,255,48,170,40,16,0,0,115,112,78,209,51,191,215,0,0,0,110,255,255,0,43,167,129,0,17,255,0,53,255
150,28,132,19,253,37,122,96,102,204,203,119,110,251,195,99,143,136,144,0,56,255,152,112,47,255,162,255,0,131,253,190,122,181,1,147,124,60,0,185,188,56,46,5,52,195,104,175,0,186,206,0,124,213,186,141,174,0,139,255,58,67,63,63,20,0,121,76,195,126,0,28,255,0,43,48,173,210,123,255,0,255,255,89,4,43,238,247,114,194,0,124,255,255,255,255,45,0,248,142,122,65,85,0,0,1,199,85,244,45,250,197,0,0,0,0,255,255,50,0,255,154,0,0,255,0,0,255
155,23,145,0,255,25,112,120,127,197,217,142,117,255,231,164,98,162,182,0,88,255,178,57,15,255,136,255,0,142,216,178,188,240,71,138,26,109,0,255,136,11,9,0,121,211,100,255,0,183,97,0,105,255,196,179,94,0,133,255,150,35,62,0,0,0,192,0,255,255,0,141,191,0,0,0,255,101,137,255,0,255,255,126,0,46,245,255,128,255,0,175,255,216,255,255,65,114,188,0,53,0,0,0,86,255,229,121,246,100,13,255,0,0,0,153,255,255,0,0,255,255,0,0,255,0,169,255
153,32,138,12,255,40,118,105,98,206,213,152,92,255,194,103,110,117,191,0,53,255,149,24,49,255,143,255,0,117,255,124,106,255,0,143,50,133,39,212,165,88,0,0,118,250,116,181,0,169,255,0,92,255,220,146,170,0,193,255,110,143,107,0,0,9,255,40,255,203,23,154,255,0,0,7,213,139,93,255,0,255,216,112,0,64,138,191,105,248,0,172,255,255,255,255,113,0,153,45,0,38,0,0,0,115,233,130,255,199,163,206,0,0,0,255,255,255,0,53,209,255,0,0,255,0,42,255
154,21,153,12,255,43,135,112,121,214,204,176,88,255,220,170,41,145,213,0,94,255,148,58,35,255,103,254,10,40,174,247,228,225,41,234,55,158,41,255,93,87,11,0,215,255,71,255,0,218,130,0,42,255,157,115,59,82,249,255,216,58,114,0,0,0,255,0,255,241,8,255,19,71,19,0,255,99,128,128,0,255,250,163,0,53,77,255,105,189,0,211,255,155,255,255,170,0,184,34,145,0,0,0,0,255,183,172,204,142,9,255,113,50,0,92,255,255,0,12,255,121,0,0,255,0,5,255
150,26,140,42,254,34,128,80,99,189,180,148,91,232,173,106,92,121,200,0,12,255,142,63,103,240,70,224,12,11,230,243,144,157,3,235,63,57,41,107,159,85,22,23,164,255,78,150,0,232,171,0,81,255,162,101,137,59,177,255,171,81,156,33,116,0,196,76,193,29,32,130,167,47,65,1,187,120,127,255,0,255,153,125,74,52,103,210,52,82,0,105,255,244,255,255,133,0,183,141,158,18,0,0,0,105,164,82,147,103,255,249,0,0,67,81,189,255,0,144,156,73,58,87,184,0,53,255
153,32,140,12,255,55,122,107,89,219,184,137,73,252,197,118,86,125,182,0,63,255,130,46,89,255,94,255,0,55,249,202,116,231,0,202,32,123,15,191,156,83,0,0,190,255,93,196,0,181,255,0,107,255,218,129,190,11,192,255,100,209,115,0,45,3,255,49,190,142,0,177,213,9,5,2,192,183,140,255,0,255,207,104,0,0,151,203,114,192,0,189,255,255,255,255,102,0,201,93,0,40,0,0,0,108,153,154,255,221,201,251,0,0,0,213,255,255,0,108,255,255,0,0,255,0,91,255
151,31,136,21,255,50,126,94,89,209,185,137,65,236,204,105,86,126,175,0,20,255,115,42,111,255,89,255,12,51,255,219,125,175,0,184,59,95,31,116,165,97,0,0,134,250,51,154,23,219,248,0,124,255,206,99,202,2,177,255,94,168,103,35,92,0,242,133,181,105,1,173,255,16,20,37,165,157,144,255,0,255,229,74,0,0,202,219,95,222,0,113,255,255,255,255,63,0,218,115,0,57,0,0,0,49,188,104,253,234,234,234,0,0,0,150,255,255,0,103,250,207,11,88,246,0,39,255
150,24,143,47,255,42,123,106,109,186,168,140,100,215,207,135,71,158,141,0,23,255,96,57,84,255,129,195,63,91,226,171,179,160,68,200,88,63,30,244,143,89,46,13,83,215,95,195,0,222,129,0,57,255,129,178,158,63,204,255,89,24,45,136,36,8,182,58,229,89,74,81,215,102,123,8,217,173,18,244,0,255,255,20,21,72,191,255,165,165,16,93,249,255,223,255,57,0,227,141,248,52,116,0,24,220,182,60,188,141,255,243,95,0,32,140,255,255,0,65,120,126,0,74,255,7,63,255
155,30,142,39,248,30,102,108,97,205,203,112,90,201,216,111,91,129,150,0,39,255,135,83,79,255,185,255,67,133,238,178,106,173,89,154,94,56,60,191,136,106,55,0,104,208,92,118,0,136,190,0,132,230,99,113,194,86,126,255,79,25,31,125,23,2,119,53,184,188,48,86,255,15,44,48,184,141,119,255,0,255,255,74,44,69,233,255,200,222,0,137,255,255,255,255,13,0,228,198,162,0,61,0,30,36,134,80,158,138,115,133,14,0,0,50,255,255,0,0,192,140,0,105,255,13,64,255
153,22,139,13,255,0,110,94,113,189,199,132,105,213,214,124,89,133,204,0,31,255,138,44,18,255,140,202,24,110,213,238,113,200,89,165,56,55,5,255,141,51,70,0,140,241,65,168,0,221,79,0,145,255,125,89,96,0,120,255,98,91,93,0,0,0,109,0,255,255,29,62,146,0,148,0,179,86,134,220,0,255,255,156,0,43,183,255,173,255,0,104,255,192,255,255,19,0,226,58,51,0,0,0,93,51,255,9,225,117,168,255,32,0,0,87,255,255,0,0,255,255,0,13,255,0,3,255
156,19,150,0,255,0,103,104,136,199,215,151,127,227,243,146,85,130,198,0,67,255,166,56,0,255,122,255,0,131,208,223,176,248,75,164,7,137,0,255,96,30,44,0,179,210,72,255,0,203,28,0,132,255,157,139,31,0,111,255,140,99,27,0,0,0,92,0,255,255,0,132,52,0,55,0,255,42,186,158,0,255,255,181,0,83,193,255,175,255,0,120,255,125,255,255,2,51,214,0,9,0,0,0,189,238,255,95,255,203,0,255,9,77,0,139,255,255,0,0,255,255,0,0,227,0,41,255
155,27,144,0,255,14,114,113,112,205,212,136,104,255,230,144,105,149,167,0,70,255,174,67,4,255,154,255,0,131,243,186,158,255,44,162,32,121,0,255,140,25,15,0,136,247,95,244,0,158,105,0,124,255,180,172,102,0,129,255,106,77,67,0,0,0,124,0,255,255,0,122,179,0,7,0,255,93,148,255,0,255,255,179,0,0,218,255,151,255,0,162,255,237,255,255,60,14,191,0,3,0,0,0,120,177,209,174,255,93,27,255,0,0,0,76,255,255,0,0,255,255,0,0,255,0,52,255
155,27,133,0,255,14,110,105,110,199,212,135,104,223,205,104,116,109,167,0,83,255,162,45,19,255,161,255,0,142,255,168,76,230,0,141,20,113,0,255,185,20,0,0,161,231,124,227,0,156,196,0,113,255,240,140,130,0,104,255,54,139,69,0,0,0,119,0,255,255,0,93,255,0,0,55,250,154,125,255,0,255,255,132,0,88,222,255,99,255,0,179,255,238,255,255,74,0,178,52,0,0,0,0,85,110,255,81,255,88,37,255,0,0,0,183,255,255,0,0,255,255,0,0,255,0,83,255
154,23,152,11,255,37,139,104,111,200,182,148,92,248,239,160,71,157,135,0,20,255,180,77,57,255,92,208,12,120,247,210,175,193,104,201,99,73,83,255,120,0,43,0,59,157,89,246,0,207,92,0,98,255,118,165,87,0,163,255,125,0,170,47,0,0,114,36,255,200,4,122,252,28,77,0,205,155,80,215,0,255,255,192,0,6,230,255,174,255,6,154,236,229,255,255,12,3,237,43,179,0,76,0,80,173,150,11,218,168,117,255,0,16,0,64,255,255,0,0,255,251,0,0,255,0,147,255
151,29,152,49,255,70,141,115,117,196,146,121,92,245,229,152,39,204,115,11,0,255,126,110,114,222,142,222,69,82,222,166,200,134,84,191,136,31,118,145,145,23,44,147,32,133,85,142,39,255,188,0,137,204,71,228,177,57,200,255,136,0,88,255,129,34,192,182,190,0,51,80,255,89,122,15,125,214,81,255,0,255,235,76,98,30,255,255,140,195,27,173,191,255,160,218,0,0,255,125,255,19,211,18,0,237,63,88,111,161,255,220,0,0,83,41,255,255,0,36,216,75,0,109,255,14,200,255
155,32,149,19,255,70,152,108,100,221,162,134,57,255,227,145,66,183,122,0,0,255,179,91,72,255,105,255,42,104,255,184,160,184,51,197,94,72,128,158,148,38,25,30,96,162,68,185,27,205,175,0,174,241,159,135,186,0,119,255,107,37,175,142,92,0,163,180,190,112,0,130,255,29,33,5,72,194,132,255,0,255,255,208,0,0,255,255,132,255,0,160,220,255,255,255,0,0,255,92,109,0,93,0,0,49,76,128,236,179,196,140,0,0,0,0,255,255,0,0,255,210,0,82,255,0,134,255
156,31,157,30,255,65,143,120,128,212,166,136,97,255,212,164,90,196,156,8,63,255,189,94,5,247,173,255,30,162,208,95,199,198,40,173,84,92,137,204,121,17,42,47,74,170,127,237,0,207,189,0,129,255,134,236,203,1,150,255,106,0,88,118,39,0,188,93,255,101,0,118,255,17,46,0,183,165,82,255,0,255,255,180,1,67,224,255,151,163,47,253,255,255,208,255,0,25,255,81,180,0,160,0,15,233,69,141,214,49,148,146,0,0,0,88,255,255,0,0,255,181,0,0,255,0,175,255
159,28,161,0,255,47,139,120,128,194,187,153,86,255,237,195,40,190,178,0,36,255,169,18,15,255,91,255,70,129,235,152,215,224,69,153,30,152,48,255,146,34,1,0,135,154,44,209,0,183,81,0,180,255,154,173,118,18,150,255,184,40,117,0,0,0,170,10,255,250,0,193,206,66,0,0,245,49,105,221,0,255,255,221,0,0,239,255,154,255,0,241,255,255,255,255,0,222,218,0,1,0,0,0,76,255,175,199,247,113,61,240,0,0,0,117,255,255,0,0,255,255,0,0,255,0,139,255
156,19,140,0,255,0,113,98,136,176,249,148,143,248,243,132,89,106,205,0,101,255,190,10,0,255,127,252,0,157,249,168,156,255,61,144,0,186,0,255,158,0,4,0,165,255,82,255,0,199,78,0,45,255,225,116,58,0,121,255,167,105,73,0,0,0,144,0,255,255,0,233,217,60,0,53,255,71,190,196,0,255,255,124,0,31,238,255,178,255,33,255,255,66,255,255,255,141,83,0,0,0,0,0,138,255,255,10,255,202,0,255,0,45,0,255,255,255,0,0,255,255,0,0,255,0,214,255
157,28,151,0,255,24,118,100,114,206,215,132,68,239,234,133,86,147,164,0,44,255,184,79,27,255,123,255,39,102,254,231,136,225,45,182,96,115,6,246,184,61,35,0,191,231,111,208,0,113,87,0,188,255,141,94,146,0,87,255,113,50,98,0,0,0,59,0,255,255,0,166,146,0,0,0,191,58,178,255,0,255,255,178,0,0,198,255,179,255,0,182,229,255,255,255,0,0,191,107,0,0,0,0,50,74,127,156,254,55,114,143,0,0,0,0,255,255,0,0,255,255,0,0,255,0,94,255
155,34,155,22,255,71,143,107,85,214,181,127,40,241,218,143,21,170,153,3,25,255,150,47,79,255,98,255,102,81,243,227,139,187,66,255,115,59,128,158,127,81,1,41,90,205,73,125,32,187,174,0,187,255,95,133,164,74,173,255,142,27,155,150,124,0,208,134,181,118,0,198,255,44,0,0,102,113,130,255,0,255,177,149,0,0,233,255,171,246,0,195,255,255,255,255,0,0,249,104,101,0,18,0,0,61,26,136,217,191,247,153,3,0,0,38,255,255,0,48,255,193,0,110,255,0,73,255
151,27,138,31,255,45,146,90,98,221,189,113,78,237,237,99,37,131,170,28,0,255,139,66,122,255,114,169,40,28,253,255,94,153,93,228,100,79,53,153,139,23,30,0,157,254,40,156,0,251,211,0,121,255,113,71,162,0,110,255,113,149,139,138,144,0,182,138,137,77,71,161,209,108,37,0,95,199,185,255,0,255,236,205,0,0,226,255,226,205,0,204,239,217,255,255,88,0,191,132,86,5,28,0,0,31,144,56,255,210,255,231,0,0,3,0,199,255,0,82,255,255,0,70,144,39,170,255
155,25,138,16,255,13,112,97,118,204,219,124,117,230,217,107,102,123,221,15,44,255,188,44,45,255,146,212,0,118,189,210,96,203,45,140,55,80,3,255,121,36,13,0,138,224,104,198,0,213,216,0,103,255,206,124,129,0,115,255,108,168,38,0,0,56,188,0,255,218,59,90,187,0,84,14,230,85,156,255,0,255,255,187,0,88,154,227,148,255,0,171,255,123,255,255,29,16,164,101,4,0,0,0,57,176,255,105,238,139,98,255,0,9,0,184,255,255,0,0,255,255,0,0,255,0,109,255
154,19,146,6,252,0,106,89,134,189,213,139,146,199,225,114,106,117,255,0,35,255,167,45,0,255,144,197,1,114,195,255,151,194,78,176,57,127,0,255,97,64,44,0,187,246,55,195,0,235,80,0,136,255,146,54,65,0,111,255,177,182,10,0,0,7,135,0,255,255,46,90,11,69,101,0,255,29,228,127,0,255,255,194,0,132,109,255,210,255,7,150,255,57,255,255,26,19,169,42,50,0,0,0,114,139,255,73,241,162,49,255,67,114,0,184,191,255,0,0,255,255,0,0,227,0,2,255
156,19,162,0,255,1,120,113,136,210,199,171,129,210,251,187,13,157,240,0,54,255,107,23,7,255,95,234,33,70,219,255,196,233,109,198,0,171,0,255,92,63,8,0,236,246,13,250,0,245,0,0,140,255,93,133,0,4,145,255,255,157,22,0,0,0,193,0,255,255,0,209,0,73,31,0,255,21,204,43,0,255,255,173,0,66,215,255,181,255,27,160,255,79,255,255,6,156,153,0,14,0,0,0,140,255,255,114,247,238,0,255,110,15,0,227,255,255,0,0,255,255,0,0,255,0,117,255
152,11,149,0,255,0,114,107,139,169,222,163,165,222,255,163,70,130,237,0,64,255,168,4,0,255,99,177,0,135,180,255,217,239,139,156,0,120,0,255,121,20,88,0,126,229,0,239,0,255,0,0,107,255,122,111,0,0,135,255,202,80,36,0,0,0,183,0,255,255,0,77,10,79,112,0,255,11,203,71,0,255,255,138,0,152,220,255,174,255,46,162,255,9,255,255,102,136,221,0,55,0,0,0,138,255,255,51,255,205,0,255,72,87,0,255,255,255,0,0,255,255,0,0,255,0,55,255
158,31,154,81,242,15,82,98,121,159,189,111,105,194,191,125,118,173,130,0,31,255,82,101,49,255,128,173,148,146,232,173,142,145,105,172,50,20,66,175,145,131,65,0,120,205,110,136,0,127,117,0,142,255,96,142,149,131,119,255,98,0,34,51,32,50,71,52,255,134,79,82,106,57,163,89,227,44,78,212,50,255,186,46,35,34,143,255,193,127,93,50,255,255,153,241,0,0,242,208,242,46,91,0,51,243,144,159,91,51,206,177,138,77,0,141,253,176,0,0,208,151,0,58,255,138,32,255
156,22,147,0,255,0,114,109,129,192,207,161,94,243,248,153,81,140,160,0,49,255,158,31,19,255,141,255,0,136,255,174,171,231,32,121,45,148,0,255,158,24,21,0,146,198,95,212,0,127,93,0,140,255,193,131,105,0,90,255,108,71,75,0,0,0,51,0,255,255,0,89,144,0,31,0,255,81,83,255,0,255,255,222,0,34,214,255,139,255,0,133,255,255,255,255,0,122,205,66,22,0,0,0,198,255,244,114,204,54,0,255,0,5,0,56,255,255,0,0,255,255,0,0,255,0,79,255
158,25,170,0,255,36,143,108,128,213,168,179,65,248,254,191,42,199,168,0,21,255,154,47,31,255,77,255,100,76,243,217,236,210,35,205,56,172,1,241,111,60,17,0,186,144,37,217,0,204,33,0,200,255,119,151,89,41,139,255,170,86,104,0,0,0,111,100,255,218,0,172,99,12,53,0,254,59,90,203,0,255,255,232,0,43,195,255,135,255,0,98,255,255,255,255,0,87,255,161,53,0,0,0,131,255,166,255,181,154,72,255,51,0,0,25,255,255,0,0,255,181,0,0,213,0,105,255
155,31,154,48,255,46,120,104,99,191,183,128,65,216,207,132,48,158,152,0,13,255,144,62,71,255,110,243,116,104,255,188,145,165,66,224,99,95,79,153,115,99,52,26,134,217,87,149,30,186,121,0,122,255,81,117,165,84,145,255,101,7,76,132,100,0,158,118,243,123,2,157,224,67,53,0,179,108,60,255,0,255,241,102,0,13,225,255,161,224,0,150,219,255,255,255,35,0,241,166,157,0,34,0,0,119,131,147,193,147,222,207,70,0,0,136,255,255,0,28,237,153,0,84,252,0,82,255
153,28,137,39,248,52,139,101,115,211,173,111,108,255,174,125,141,171,151,20,47,255,155,94,41,249,144,255,22,129,212,121,168,96,71,191,131,0,146,162,170,65,41,114,0,185,202,184,46,214,193,24,82,108,228,255,228,0,144,206,89,24,98,168,47,32,169,64,114,55,0,124,255,7,100,74,49,221,106,255,0,255,219,54,43,104,233,238,34,149,0,135,245,255,231,255,0,0,255,107,187,7,37,0,2,41,147,67,139,117,122,161,0,1,96,0,255,255,28,56,180,4,0,60,255,0,0,255
154,33,151,46,255,49,131,103,100,190,173,120,59,232,193,114,54,168,138,0,2,255,135,57,72,255,73,255,104,88,255,228,124,150,64,235,86,29,110,122,106,98,13,39,105,210,64,142,62,219,125,14,170,239,141,108,194,28,131,255,107,53,76,127,154,0,192,147,227,108,0,159,255,9,18,0,108,123,101,255,0,255,248,98,0,0,234,255,67,255,0,58,232,255,255,255,0,0,255,99,137,0,2,14,0,142,137,120,192,255,255,233,46,0,51,104,255,255,0,47,255,113,0,165,255,4,18,255
152,28,145,51,255,68,151,113,118,222,146,111,120,239,156,135,129,161,115,48,31,255,160,105,97,196,148,255,53,120,177,117,164,71,124,246,121,0,190,176,174,53,37,215,0,198,209,154,71,251,189,30,64,129,155,254,205,31,216,128,109,55,101,255,63,12,255,73,166,0,49,98,255,83,142,40,51,255,106,255,0,255,224,53,26,55,208,249,110,67,0,240,194,244,167,156,83,0,233,79,255,0,159,27,0,92,90,36,138,172,142,121,0,1,237,65,255,247,0,188,167,0,0,137,255,0,0,255
151,34,133,34,255,53,122,93,94,205,186,103,89,255,173,96,132,145,163,15,15,255,158,96,77,255,90,255,0,120,241,186,103,173,0,162,94,36,52,176,192,52,4,55,46,229,115,179,56,221,228,28,159,144,208,206,251,0,144,255,24,83,81,49,95,33,199,102,210,70,0,59,255,0,94,98,99,171,131,255,0,255,253,71,18,0,252,219,108,167,0,147,255,255,255,255,32,0,255,41,28,35,0,0,0,0,210,86,255,177,255,184,0,0,46,179,255,255,51,135,201,255,31,35,255,0,51,255
150,29,129,37,255,54,138,83,85,210,181,117,72,224,213,96,65,131,157,22,0,255,116,59,135,249,96,223,22,44,255,233,87,144,37,206,95,46,62,97,208,44,13,34,73,225,69,118,80,247,227,11,154,193,172,107,210,0,139,255,65,131,106,106,144,0,209,191,182,0,47,114,255,78,102,64,98,148,140,255,0,255,225,137,0,0,250,215,136,156,0,180,255,255,255,255,96,0,233,168,57,87,5,0,0,0,202,73,255,115,255,165,0,0,96,49,255,255,0,119,255,255,10,92,239,19,0,255
149,26,142,2,255,68,141,89,94,200,140,153,48,255,198,165,83,182,167,0,15,255,100,63,153,245,40,255,19,0,238,234,194,210,0,224,48,67,0,83,230,68,0,136,201,255,85,187,16,255,179,0,105,255,236,173,151,86,219,255,176,88,128,9,102,0,255,157,127,98,0,115,211,37,17,0,216,138,129,255,0,255,220,74,0,44,146,239,0,64,0,148,255,255,255,255,133,0,255,7,112,0,0,0,0,219,9,151,68,89,255,255,79,0,23,136,255,255,0,120,95,0,97,150,193,0,158,255
153,32,150,34,255,76,135,119,107,211,165,137,84,255,182,160,87,161,146,0,54,255,143,84,70,228,112,255,37,99,212,164,190,147,47,218,84,52,134,170,189,81,18,114,60,228,146,185,28,197,178,0,104,232,139,226,183,90,226,255,152,0,98,111,52,0,255,81,198,82,0,140,255,40,51,0,165,160,131,255,0,255,225,54,58,72,195,255,30,13,0,203,255,255,238,255,111,0,243,76,229,0,3,0,0,162,65,86,154,93,117,137,80,0,102,178,255,255,0,74,172,40,65,70,255,0,38,255
157,30,163,7,255,80,152,125,106,217,160,167,38,255,232,211,43,236,142,0,36,255,175,68,38,255,69,255,95,109,225,168,255,213,16,168,62,116,53,215,128,95,0,17,156,147,32,200,19,184,79,0,182,255,179,209,158,116,191,255,130,0,126,44,18,0,255,167,255,116,0,135,220,6,49,0,196,95,40,255,0,255,255,160,0,0,221,255,54,255,0,86,255,255,255,255,0,68,255,137,112,0,71,0,18,255,98,255,194,102,153,173,73,0,0,4,255,255,0,0,255,160,0,0,255,0,72,255
154,31,155,45,255,73,160,116,103,207,151,125,64,255,215,159,47,187,114,17,4,255,162,72,71,254,102,255,83,99,255,161,182,126,102,238,113,32,196,144,110,53,33,114,41,175,120,196,105,238,170,22,116,202,125,220,201,26,174,255,101,12,138,255,140,0,224,167,181,64,0,169,255,81,52,0,67,249,86,255,0,255,225,85,0,0,255,255,89,212,31,216,194,255,215,255,0,0,255,66,255,0,71,33,0,120,30,93,218,219,208,181,0,0,117,90,255,255,0,50,248,66,0,165,255,0,53,255
154,26,148,48,255,59,133,125,106,158,135,127,66,214,214,177,10,200,68,0,0,255,80,54,107,255,94,151,165,88,255,171,206,178,111,198,61,19,61,206,186,115,101,68,85,190,0,105,0,229,122,0,111,255,45,165,136,190,179,255,63,12,104,144,81,0,217,174,255,59,4,83,240,141,184,0,148,179,85,235,0,255,244,0,65,0,255,255,105,153,0,136,236,255,214,249,0,49,255,83,241,108,102,0,0,255,56,128,135,206,252,238,41,0,0,57,255,255,0,20,255,162,0,167,255,34,123,255
158,27,158,28,255,24,104,117,140,199,194,121,91,220,227,129,77,128,158,0,13,255,169,46,34,255,130,199,119,139,229,199,112,168,101,192,69,110,95,250,146,71,100,0,169,162,85,167,0,120,108,0,167,255,57,59,131,0,68,255,144,3,89,0,0,0,0,10,255,249,65,153,218,38,96,37,183,51,142,146,29,255,255,217,0,0,226,255,233,255,8,198,208,216,255,255,0,137,243,164,26,0,52,0,16,228,201,120,113,135,123,119,0,18,0,12,255,255,0,0,255,255,0,88,175,14,129,255
162,26,162,0,255,12,119,105,144,213,208,149,92,247,233,164,75,161,189,0,55,255,193,57,0,255,128,255,45,168,237,147,168,245,56,154,70,184,80,255,142,26,54,0,177,140,137,236,0,101,100,0,236,255,163,116,172,0,45,255,148,96,100,0,0,0,0,0,255,255,0,174,97,11,60,22,201,38,117,143,78,255,255,255,0,0,204,255,240,255,9,234,192,255,255,255,0,153,200,113,0,0,0,0,164,187,250,185,243,59,0,105,0,68,0,0,255,255,66,0,255,255,0,0,255,0,37,255
156,27,144,0,255,28,99,104,117,205,195,139,65,237,210,139,66,140,154,0,60,255,110,44,49,255,132,255,45,80,255,186,146,219,16,175,47,132,11,248,199,58,5,0,232,255,99,189,0,103,129,0,152,255,185,100,161,0,92,255,99,102,47,0,0,0,69,17,255,255,0,205,151,29,21,23,231,38,151,252,0,255,255,158,0,0,233,255,203,255,0,207,200,255,255,255,0,21,172,123,0,0,0,0,6,175,193,110,232,14,115,141,0,0,0,0,255,255,0,0,255,255,0,0,255,0,0,255
154,29,151,14,255,45,131,101,109,203,180,145,79,255,203,137,73,140,143,0,26,255,133,67,68,255,114,255,36,80,252,193,140,204,51,198,74,78,86,194,188,35,27,0,105,226,105,157,0,182,126,0,137,255,116,165,129,5,169,255,140,22,132,0,42,0,120,56,255,175,0,138,255,27,35,0,206,99,135,255,0,255,248,181,0,34,173,255,140,220,0,212,255,253,255,255,29,0,186,100,107,0,19,0,0,144,97,34,188,100,172,187,12,0,0,102,255,255,0,0,255,217,0,42,255,0,65,255
154,27,157,38,255,66,143,126,108,185,158,159,65,239,226,187,17,200,131,0,10,255,133,72,57,255,117,243,114,108,245,172,225,181,66,181,110,78,71,178,156,126,69,88,110,161,27,146,21,196,109,0,127,255,73,159,131,168,205,255,133,0,121,154,86,0,241,146,255,104,0,127,212,96,99,0,149,161,38,255,0,255,255,83,10,51,255,255,91,216,0,131,255,255,183,255,0,33,255,150,255,63,115,0,0,219,99,189,161,126,244,225,67,0,0,46,255,255,0,0,255,100,0,92,255,0,93,255
155,25,149,0,255,11,108,107,129,195,207,160,114,242,221,131,95,126,179,0,50,255,131,44,23,255,129,255,0,124,253,178,160,223,23,140,44,156,0,255,148,51,19,0,141,213,91,207,0,145,111,0,135,255,170,128,117,0,149,255,151,98,44,0,0,0,113,0,255,255,0,137,163,0,14,0,255,71,103,228,0,255,255,171,0,49,167,255,148,255,0,117,255,255,255,255,0,82,155,64,14,0,0,0,127,255,255,90,237,156,54,255,22,0,0,171,255,255,0,0,255,255,0,0,255,0,52,255
154,29,144,49,253,39,123,105,109,213,176,127,108,239,199,118,111,140,134,15,19,255,147,77,84,255,120,218,45,100,203,187,154,154,73,206,50,21,104,201,94,79,62,0,53,226,56,160,0,166,176,0,109,222,141,153,204,10,151,252,113,71,81,127,12,63,127,48,218,78,72,86,255,35,124,99,171,188,126,255,0,255,251,88,53,0,170,231,182,192,0,96,236,255,193,255,1,0,254,130,192,0,119,0,46,161,127,82,166,255,189,124,0,0,0,0,201,255,0,25,236,144,0,140,254,43,3,255
153,24,145,20,255,41,120,112,120,204,182,149,119,255,205,148,84,141,150,0,54,255,121,53,39,255,142,221,0,112,209,134,155,230,91,188,30,80,113,255,135,9,62,0,66,235,133,245,0,214,145,0,64,255,118,183,104,0,179,255,137,38,135,0,0,0,151,0,255,245,80,140,253,77,108,17,215,176,96,197,0,255,255,149,0,55,209,255,189,255,54,206,255,138,255,255,113,0,195,0,157,0,53,0,34,219,194,0,240,186,111,235,0,0,0,171,255,255,0,18,242,255,0,0,255,0,108,255
150,26,146,31,255,60,140,100,103,208,158,139,97,226,214,140,69,146,136,0,6,255,121,66,95,255,110,229,34,75,250,208,122,164,89,228,99,24,125,201,141,44,40,52,32,194,113,200,0,249,150,0,84,255,87,171,114,0,188,255,154,8,151,166,74,0,151,93,203,141,44,86,255,82,67,0,115,231,107,251,0,255,252,95,0,46,221,255,149,209,0,190,239,204,255,255,46,0,252,49,254,0,99,0,0,110,88,0,177,158,255,187,0,0,5,79,255,255,0,62,211,137,0,100,255,0,89,255
152,25,144,7,255,0,92,94,132,162,202,116,126,194,199,113,111,133,216,0,14,255,136,60,7,255,140,237,33,134,253,226,165,168,56,140,63,98,0,255,161,78,23,0,142,206,63,161,0,215,4,0,171,255,159,137,105,0,130,255,150,61,0,0,0,0,110,0,255,255,0,59,192,22,53,0,255,10,175,224,0,255,255,51,0,96,178,255,120,255,0,83,255,255,255,255,0,19,146,20,28,0,0,0,110,229,255,51,175,79,187,255,73,0,0,221,255,255,0,0,255,255,0,0,255,0,25,255
163,27,169,0,255,27,129,112,128,228,207,168,47,255,249,204,59,185,189,0,71,255,215,49,0,255,98,255,69,130,227,208,200,251,55,174,74,152,71,255,117,62,30,0,216,126,96,237,0,78,64,0,241,255,170,143,121,18,103,255,186,47,122,0,0,0,67,0,255,255,0,202,77,0,16,0,201,0,105,168,0,255,255,255,0,0,188,255,148,255,0,157,255,255,255,255,0,141,225,136,0,0,0,0,167,247,176,255,163,83,0,126,2,5,0,0,255,255,0,0,255,237,0,0,255,0,12,255
155,26,144,22,251,33,115,105,106,199,179,121,77,209,212,143,75,154,140,0,32,255,116,49,68,255,108,239,95,110,236,184,162,169,61,189,68,62,35,228,170,100,52,0,119,207,59,128,0,158,121,0,139,255,161,95,193,20,98,255,89,48,47,20,0,0,48,47,218,158,14,107,183,28,124,18,220,96,114,255,0,255,255,156,0,0,205,255,182,255,0,98,203,255,255,255,0,35,255,223,53,0,30,0,12,166,171,116,86,74,149,181,38,0,0,0,255,255,1,0,255,189,0,43,230,0,0,255
154,26,148,24,254,30,117,100,109,175,178,144,65,214,204,154,79,155,176,0,27,255,109,20,60,255,118,255,108,87,255,188,178,158,51,172,75,101,52,172,161,99,27,0,159,211,61,150,0,175,132,0,149,255,142,85,185,68,149,255,95,61,92,0,49,0,127,68,255,165,13,144,169,71,64,0,215,90,73,241,0,255,241,95,0,32,182,255,178,255,0,148,248,255,255,255,0,8,224,133,103,28,0,0,30,163,167,102,158,49,213,208,88,0,0,87,255,255,0,0,200,221,0,54,255,0,1,255
156,30,151,0,255,69,169,121,123,189,170,161,92,255,255,179,51,194,153,0,6,255,197,29,23,255,90,255,0,185,255,135,207,176,11,99,35,137,91,161,187,0,0,32,0,47,38,178,85,241,176,0,188,255,224,224,128,0,167,255,186,21,164,0,0,0,243,165,255,138,0,61,255,37,15,29,160,137,93,255,0,255,255,157,0,52,255,255,13,255,11,238,255,255,255,255,0,244,255,0,93,58,24,0,0,255,208,177,255,115,72,224,0,0,0,255,255,255,0,0,255,255,0,0,255,0,212,255
156,25,144,0,255,17,119,98,96,212,220,146,35,233,227,139,41,104,193,0,58,255,166,41,85,255,76,255,33,38,255,255,122,210,62,214,53,72,0,233,152,79,0,0,255,255,5,140,0,140,65,0,167,255,177,47,56,2,130,255,153,96,96,0,0,0,186,8,235,255,0,255,108,0,0,0,201,10,255,255,0,255,255,135,0,0,200,255,110,255,0,155,255,250,255,255,57,0,137,43,0,0,0,0,0,106,124,50,232,242,0,255,46,0,0,10,255,255,0,0,255,242,0,0,206,0,13,255
154,18,151,0,255,0,121,107,137,178,204,152,122,208,252,149,55,126,201,0,39,255,157,35,8,255,91,221,0,111,249,255,175,190,89,180,44,127,0,255,138,31,31,0,155,191,36,216,0,222,6,0,147,255,132,96,15,0,119,255,185,73,68,0,0,0,84,0,255,255,0,135,58,3,28,0,255,56,182,133,0,255,255,183,0,63,226,255,141,255,0,153,255,168,255,255,0,139,214,0,22,0,0,0,127,255,255,45,227,149,12,255,37,72,0,138,255,255,0,0,255,255,0,0,247,0,66,255
158,35,151,96,250,6,84,91,95,155,191,85,115,178,181,87,114,144,111,0,12,255,111,89,82,255,113,168,161,141,237,178,88,125,168,215,65,0,108,144,99,99,72,53,35,212,68,78,6,148,88,13,148,208,29,139,231,103,86,255,80,8,36,167,114,58,123,124,255,64,87,99,255,63,132,117,184,73,94,235,100,254,134,14,77,0,212,255,216,140,71,23,218,255,148,198,35,0,223,160,255,32,49,77,43,130,121,107,138,170,255,170,16,85,0,193,252,253,0,34,208,207,0,223,255,244,0,255
149,27,136,59,246,27,128,82,102,190,176,128,102,201,212,100,84,137,177,23,0,255,122,70,123,247,121,205,49,55,255,241,111,101,64,205,122,29,62,79,152,50,39,57,68,223,79,132,35,245,168,0,105,209,108,104,172,0,134,255,126,54,114,158,131,0,146,145,187,5,63,61,248,68,127,38,153,175,88,255,0,255,204,119,42,56,202,255,154,157,29,149,247,255,255,255,47,0,255,133,242,0,29,0,0,21,164,0,147,37,255,233,0,49,115,41,192,255,0,139,189,141,0,130,233,89,15,255
149,27,130,44,255,45,123,83,96,196,184,116,91,220,192,88,109,127,179,10,13,255,107,67,125,239,85,241,26,56,253,226,116,106,6,195,137,38,20,92,194,86,0,31,98,239,84,144,42,218,255,0,125,163,208,96,238,0,151,255,85,104,82,95,140,1,197,123,133,0,22,132,255,44,70,53,131,184,111,255,0,255,185,67,0,3,186,233,130,145,0,112,254,255,255,255,38,0,255,169,91,80,0,0,0,0,185,57,217,129,255,248,0,0,74,35,255,255,8,162,195,145,63,67,252,17,4,255
149,27,132,23,255,55,132,87,95,195,190,137,61,254,187,99,71,119,178,0,11,255,112,57,109,255,65,255,16,35,255,233,147,161,0,189,110,101,32,95,191,110,0,0,164,239,57,143,28,221,219,0,119,222,227,81,192,0,190,255,106,116,115,40,160,0,237,146,179,102,0,190,255,64,0,11,115,168,126,255,0,255,229,55,0,0,222,255,83,211,0,121,255,255,255,255,65,0,217,99,70,112,0,0,0,41,228,86,255,242,255,240,0,0,8,77,255,255,0,92,255,126,39,88,240,0,19,255
155,29,146,34,254,36,119,110,123,207,183,120,91,231,210,115,77,138,153,0,20,255,180,65,33,255,121,255,31,153,239,171,137,159,15,182,49,58,84,205,115,80,63,0,104,170,78,151,60,169,158,0,132,237,168,142,196,0,85,255,109,39,31,57,7,39,71,66,255,171,27,71,255,0,112,116,187,120,123,255,0,255,255,153,0,9,240,255,123,255,0,79,253,255,255,255,0,78,255,219,89,0,113,0,13,210,251,133,117,168,166,158,0,0,0,0,255,255,7,0,255,162,0,54,255,11,66,255
154,33,145,28,255,79,150,111,107,219,170,145,82,255,199,143,142,174,146,0,57,255,168,86,36,252,103,255,0,191,236,70,155,183,0,87,102,94,122,159,195,31,5,105,0,131,131,203,56,147,255,12,235,207,245,181,254,0,159,255,72,67,154,68,62,0,255,146,255,0,0,75,255,0,121,171,57,183,12,255,0,255,238,203,53,0,255,255,86,137,0,142,255,255,255,255,0,0,255,130,66,145,224,0,0,89,147,69,255,96,248,30,0,0,0,212,255,255,10,0,253,255,0,0,255,0,51,255
153,26,151,22,255,48,135,104,103,205,176,139,76,233,224,146,35,154,132,0,10,255,151,76,86,255,92,218,45,87,251,222,159,189,84,237,98,50,87,239,114,30,41,0,65,183,72,174,0,217,94,0,113,255,95,172,100,8,168,255,128,4,117,126,66,0,133,93,237,161,8,139,255,30,67,0,172,135,98,255,0,255,255,146,0,0,248,255,173,255,0,137,233,255,255,255,7,0,228,114,180,0,101,0,5,167,130,35,187,215,195,255,0,0,0,31,255,255,0,0,255,182,0,18,222,0,115,255
156,18,153,18,244,0,113,106,148,183,195,151,136,196,250,161,93,176,237,0,23,255,161,71,0,255,154,213,47,154,186,200,177,204,107,135,64,100,4,255,108,53,73,0,135,164,110,226,0,230,44,0,174,255,113,144,85,1,92,255,154,60,83,0,0,11,102,0,255,255,0,40,30,23,153,0,217,109,110,152,45,255,255,168,0,188,220,255,211,255,100,136,255,210,255,255,0,64,255,0,215,0,0,0,231,182,255,98,189,120,20,255,77,98,0,157,255,255,0,0,255,217,0,0,255,0,160,255
155,18,147,0,255,2,126,103,127,192,189,150,104,218,254,168,51,155,185,0,35,255,154,57,16,255,86,230,6,99,244,255,195,201,86,191,46,119,0,255,141,18,13,0,179,194,14,237,0,244,0,0,130,255,165,129,0,0,133,255,167,111,77,0,0,0,134,0,255,255,0,137,66,4,80,0,255,63,200,162,0,255,255,170,0,8,240,255,100,255,0,130,255,163,255,255,0,92,243,0,8,0,0,0,121,246,253,60,229,155,0,255,27,35,0,70,255,255,0,0,255,255,0,0,245,0,52,255
158,22,152,0,255,0,113,96,130,205,215,160,79,214,238,152,47,128,217,0,73,255,146,25,0,255,111,255,6,103,255,245,155,233,43,169,29,175,0,255,144,44,0,0,255,209,89,237,0,148,74,0,173,255,215,114,78,0,96,255,179,168,75,0,0,0,84,0,255,255,0,208,51,0,0,0,255,20,176,163,0,255,255,203,0,16,175,255,174,255,0,167,255,216,255,255,0,59,120,50,0,0,0,0,162,229,255,96,255,130,0,255,36,15,0,106,255,255,0,0,255,255,0,0,197,0,47,255
153,22,150,20,249,5,117,95,132,182,177,152,108,195,220,126,88,150,200,0,8,255,140,70,23,255,112,234,60,131,251,215,156,171,51,175,86,103,0,210,135,82,44,0,147,183,93,174,0,221,46,0,173,255,148,99,98,0,98,255,148,45,93,0,0,0,89,27,255,212,0,67,114,0,99,0,196,99,100,208,0,255,255,176,0,97,184,255,149,255,0,58,255,255,255,255,0,0,249,111,116,0,0,0,135,112,203,50,178,126,165,255,54,9,0,99,255,255,0,0,255,188,0,20,255,0,90,255
150,25,135,31,255,60,135,104,90,212,183,119,81,226,199,116,71,141,119,17,31,255,121,60,132,254,107,233,25,63,224,206,156,123,78,219,116,0,73,185,164,80,9,65,17,206,107,150,18,211,203,0,101,201,194,153,207,0,174,208,71,81,51,157,92,28,213,87,101,40,38,150,255,66,44,4,144,212,114,255,0,255,222,51,33,16,235,241,128,186,0,151,226,255,255,255,62,0,232,131,158,0,59,0,0,64,142,57,237,193,250,201,0,0,73,0,255,255,7,149,160,129,0,129,247,0,0,255
148,29,124,41,250,38,104,89,106,194,185,120,123,233,170,77,165,140,159,0,37,255,121,104,54,230,133,255,0,102,231,176,162,134,0,151,119,11,10,124,228,82,3,50,51,250,107,205,0,181,255,8,133,140,255,160,255,0,133,255,71,92,21,32,85,32,191,100,208,0,0,69,255,0,101,213,159,171,173,255,0,255,209,0,74,28,229,196,49,120,0,74,255,255,255,255,0,0,255,107,89,60,13,0,0,0,255,36,247,26,255,154,0,0,85,34,255,255,76,114,171,188,66,25,255,0,0,255
147,28,133,2,255,58,133,92,88,211,168,146,78,243,215,114,92,141,134,0,34,255,98,82,104,255,126,255,0,44,255,255,123,193,0,216,73,70,0,117,189,50,0,29,101,241,53,167,0,255,170,0,126,255,194,125,99,0,185,255,128,93,82,85,76,0,202,168,162,212,0,91,255,21,0,0,192,195,199,255,0,255,247,33,0,9,255,255,112,216,0,185,255,255,255,255,147,0,237,26,97,1,0,0,0,25,109,34,255,134,248,252,0,0,0,93,255,255,0,45,255,200,0,45,255,0,5,255
156,24,157,1,255,0,85,113,140,180,230,130,120,213,205,134,84,113,216,0,53,255,148,43,0,255,125,232,57,124,204,212,164,216,83,151,40,132,23,255,133,104,41,0,179,209,104,169,0,123,34,0,206,255,108,89,106,18,109,255,167,33,31,0,0,0,63,0,255,255,0,169,47,0,0,0,255,5,164,112,22,255,255,151,0,61,114,255,219,255,0,148,255,226,255,255,0,66,189,22,3,0,0,0,129,249,255,109,193,159,20,206,94,91,0,143,255,255,0,0,255,255,0,0,255,0,0,255
157,35,152,64,252,23,101,96,115,188,203,103,105,209,197,93,99,146,164,9,0,255,150,88,68,255,132,202,110,124,255,214,60,132,112,162,78,47,110,124,123,81,68,4,131,181,75,115,0,173,154,14,184,255,71,101,180,29,63,255,183,43,64,83,85,44,104,98,255,144,87,114,255,56,78,91,155,76,182,255,0,255,169,107,32,0,226,255,172,174,0,146,255,246,255,255,0,0,203,132,148,0,41,0,0,142,165,105,101,135,249,95,0,25,0,132,217,255,0,22,255,255,0,141,255,147,77,255
156,34,156,64,255,22,111,106,115,180,181,118,98,213,196,118,91,169,135,0,0,255,109,42,85,255,106,159,133,87,255,210,109,158,96,228,60,40,118,188,120,85,66,0,88,204,64,152,0,192,162,0,128,255,62,143,158,79,116,255,114,96,52,78,78,56,101,118,255,115,90,133,215,68,116,20,112,110,131,191,0,255,225,67,24,0,227,255,157,209,29,131,255,245,255,211,0,0,248,90,208,0,0,15,0,255,191,132,114,255,214,255,63,10,0,195,255,196,0,47,255,202,0,129,255,189,88,255
147,22,126,67,238,6,115,77,116,179,197,120,133,208,211,75,148,130,198,25,0,255,133,60,106,255,140,181,20,121,234,209,120,86,64,145,131,17,29,114,129,61,63,9,21,204,65,160,0,230,208,0,75,154,189,99,213,0,103,219,67,42,97,119,66,30,142,114,222,0,121,3,255,38,158,86,192,186,25,255,0,255,192,86,16,71,178,231,242,170,97,80,244,255,255,255,0,0,255,106,231,83,97,0,3,35,241,2,174,10,255,225,0,124,42,0,190,255,32,186,114,213,0,106,255,139,0,255
151,29,137,47,255,20,116,98,110,186,204,109,103,236,216,98,92,126,159,0,14,255,153,78,46,255,175,234,28,146,255,203,87,138,90,125,116,41,132,159,153,48,75,29,64,171,93,140,4,198,205,0,147,219,111,112,210,0,90,255,102,0,92,156,87,0,102,93,223,159,91,43,255,49,104,131,98,191,136,255,0,255,241,60,28,33,255,255,176,204,0,197,255,255,255,255,0,0,255,94,238,29,91,0,0,3,224,0,177,98,255,105,0,0,0,124,255,255,0,7,164,255,0,137,255,66,54,255
150,24,130,25,255,26,129,87,95,204,200,110,98,219,207,98,88,127,152,0,14,255,127,95,98,255,132,161,2,75,250,255,85,147,73,185,122,38,0,217,190,48,45,0,92,216,50,142,0,232,151,0,119,244,140,114,125,0,114,255,75,84,84,86,53,0,95,66,152,132,77,38,240,40,121,0,145,196,154,255,0,255,255,120,0,0,255,255,180,193,0,141,255,255,255,255,67,0,219,147,123,18,24,0,0,0,219,52,238,100,255,255,0,0,0,0,232,255,28,77,255,252,0,17,255,54,41,255
149,26,122,67,250,33,115,84,93,205,198,101,122,243,194,66,159,110,167,34,23,255,122,93,115,210,110,206,0,82,217,192,144,97,62,186,130,36,69,85,164,72,53,99,15,239,105,201,37,219,255,0,51,115,242,166,251,0,135,180,81,90,95,147,83,49,189,144,160,0,104,123,255,25,139,161,195,206,140,255,0,255,191,52,32,1,203,129,166,136,80,129,255,255,255,252,84,0,249,86,181,57,34,0,0,16,248,73,184,150,255,224,0,82,129,37,202,255,4,255,166,130,92,141,255,74,0,255
151,24,121,91,223,5,84,46,95,199,173,107,133,174,148,32,168,110,188,30,18,246,59,53,78,197,121,206,49,107,251,158,155,24,38,148,95,0,92,39,213,154,18,134,126,186,67,188,103,246,255,93,70,158,255,133,255,0,33,255,135,89,19,86,55,30,60,191,244,12,249,60,255,64,233,255,181,63,151,233,24,255,111,0,0,8,224,217,255,150,157,38,255,255,223,255,0,0,219,157,115,98,83,0,0,26,255,0,91,0,255,68,0,69,136,96,85,255,26,255,0,255,33,218,189,250,0,255
150,33,141,24,255,73,133,94,85,220,159,120,44,233,204,110,49,145,152,17,0,255,102,60,168,255,28,255,58,0,255,255,109,168,0,255,79,45,47,64,173,81,0,39,154,255,77,132,98,252,198,0,143,206,204,140,196,0,170,255,114,147,85,97,185,0,232,210,131,88,0,189,255,11,0,0,102,169,185,255,0,255,216,56,0,0,222,255,84,235,0,155,255,255,255,255,0,0,255,108,45,0,0,0,0,71,103,60,207,255,255,255,23,0,135,133,255,255,0,117,255,93,66,134,133,23,74,255
155,32,145,0,255,21,127,96,117,204,219,110,84,255,240,110,100,137,165,0,36,255,234,97,0,255,162,255,0,175,255,237,102,200,58,141,122,71,78,231,156,0,25,0,82,151,117,185,0,142,140,0,213,255,167,144,161,0,83,255,133,29,113,1,12,0,52,31,255,255,0,51,255,0,0,75,140,90,199,255,0,255,255,163,0,0,255,255,142,255,0,211,255,255,255,255,0,0,201,42,51,0,32,0,39,19,154,37,245,49,180,64,0,0,0,16,255,255,2,0,255,255,0,21,255,0,91,255
155,12,147,0,255,0,106,93,158,163,215,138,130,194,251,145,73,144,254,0,36,255,178,47,0,255,118,196,27,164,200,255,179,192,132,131,83,117,0,255,131,25,57,0,187,154,68,222,0,252,0,0,205,255,177,75,29,0,63,255,143,88,37,0,0,0,79,0,255,255,0,69,0,0,110,0,255,0,166,65,32,255,255,204,0,109,193,255,180,255,0,145,255,156,255,255,0,106,242,0,8,0,0,0,237,176,255,0,250,88,0,255,90,192,0,127,255,255,0,0,255,255,0,0,250,0,28,255
151,29,151,25,255,45,130,97,103,196,161,138,77,229,199,138,52,153,151,0,0,255,109,66,118,255,81,241,70,14,255,250,146,162,60,227,50,43,62,134,185,57,23,36,133,245,70,116,0,235,79,0,137,255,76,156,103,66,160,255,174,21,114,37,102,0,119,113,207,130,0,101,206,54,48,0,171,95,163,255,0,255,246,149,23,27,211,255,86,179,0,154,255,239,255,255,25,0,209,100,167,0,0,0,0,187,95,41,105,87,235,228,57,0,0,77,255,255,0,44,253,114,0,101,191,0,114,255
153,32,146,60,255,53,135,109,101,204,179,124,105,231,202,131,58,154,152,8,0,255,152,98,79,224,156,235,37,99,225,163,156,149,95,200,125,39,169,190,131,69,84,86,28,179,92,145,40,204,215,0,106,209,50,199,189,92,212,255,157,2,115,255,100,19,217,112,201,39,84,111,255,109,106,48,84,201,97,255,0,255,237,74,110,5,255,255,136,138,36,178,255,255,214,252,62,0,234,108,255,0,95,28,0,87,141,68,164,178,211,135,0,0,83,67,255,255,0,56,179,91,0,150,255,37,57,255
150,33,148,40,255,75,156,107,104,225,172,129,101,245,234,100,8,125,120,36,0,255,114,63,194,228,86,157,19,6,255,250,124,163,58,219,59,79,155,110,144,37,56,65,68,210,25,117,8,255,243,0,86,255,39,148,97,0,162,255,213,118,157,167,222,0,199,243,173,45,89,148,255,155,38,1,123,229,255,255,0,255,210,157,117,0,255,255,166,172,0,255,255,154,255,218,41,0,240,100,179,0,115,16,0,243,95,34,132,204,255,189,0,0,178,98,203,255,0,220,255,149,0,165,170,99,178,255
154,36,133,46,255,56,134,133,108,214,196,78,168,255,150,77,168,126,126,55,61,255,206,149,67,117,254,255,0,116,194,134,121,220,75,163,55,16,164,217,159,57,103,106,0,222,90,190,0,194,248,0,60,164,67,253,217,0,117,172,92,27,94,184,3,118,171,99,134,157,82,28,255,21,115,102,134,177,212,255,0,255,255,68,123,118,255,154,105,63,0,255,255,205,236,255,157,0,255,15,255,0,95,43,0,127,174,161,199,133,69,173,0,0,184,87,236,255,18,102,116,74,0,133,255,0,17,255
155,29,138,62,255,35,124,122,122,206,145,108,143,232,141,114,149,135,118,18,41,255,169,104,55,161,221,250,0,138,211,112,186,116,104,226,83,0,197,232,150,63,106,59,0,215,148,159,14,163,203,0,11,133,124,255,221,33,189,143,96,33,90,219,0,121,162,29,153,118,86,45,255,48,181,146,72,245,173,255,46,255,255,0,131,88,255,185,129,63,62,231,255,217,118,203,68,0,229,62,255,0,101,34,15,133,155,7,140,255,0,127,16,0,237,115,234,196,0,58,111,16,0,144,255,36,0,255
152,28,137,55,255,43,139,117,135,215,148,122,147,234,117,85,141,116,131,40,45,255,140,117,116,148,194,233,0,75,210,157,149,92,52,219,97,39,142,191,207,101,39,115,16,236,136,139,2,187,229,0,27,207,146,191,177,0,178,178,154,113,102,160,71,58,199,52,153,25,154,122,231,94,227,49,136,182,160,249,0,255,245,114,102,25,178,129,89,0,6,247,255,193,172,184,117,0,167,170,255,0,88,98,0,242,166,99,89,126,141,197,0,75,253,0,141,202,0,239,178,23,0,175,255,61,0,255
148,22,124,76,238,16,130,81,117,216,184,140,151,243,180,65,168,111,165,12,6,255,163,123,119,185,130,158,0,74,222,196,159,84,68,184,121,27,128,175,171,56,84,72,47,219,82,255,0,255,255,0,0,149,230,120,231,0,148,116,102,102,100,190,102,41,217,149,190,0,229,122,255,80,218,173,185,240,154,182,18,248,255,115,58,1,185,32,147,67,208,131,255,213,255,248,128,0,189,137,250,82,105,66,0,65,255,43,166,125,233,255,0,169,255,0,120,250,0,240,182,119,94,169,255,145,0,255
146,21,131,63,255,41,154,90,112,220,183,145,144,255,196,90,122,133,145,16,0,255,167,114,132,213,126,183,0,58,198,190,171,97,82,171,144,44,151,205,168,19,71,110,0,193,90,255,0,255,255,0,0,148,153,123,221,0,209,96,88,104,135,245,163,10,255,198,170,0,123,81,255,96,142,84,120,255,120,195,0,255,252,216,70,0,171,84,117,76,102,199,203,255,255,232,71,0,203,111,233,105,177,20,0,109,218,51,241,138,211,255,0,53,255,0,213,255,0,184,216,94,76,109,255,0,0,255
145,20,124,59,255,39,143,92,113,223,185,149,163,255,168,77,124,105,98,19,25,255,122,111,164,185,138,149,0,59,187,170,152,97,53,175,160,19,109,229,216,19,124,77,0,205,84,207,0,255,255,0,0,133,147,153,185,0,191,54,70,97,85,217,107,31,239,131,183,0,181,63,255,106,229,84,126,255,104,230,0,254,255,139,151,0,244,58,134,13,151,207,214,245,255,162,200,0,221,174,255,80,204,0,0,116,255,0,203,118,255,255,0,95,255,0,209,255,60,255,196,134,62,51,255,53,0,255
