154,23,139,42,255,40,110,86,134,195,149,94,81,210,145,69,59,96,110,96,0,211,98,28,66,255,147,112,79,8,232,120,151,200,43,181,11,131,47,204,228,124,0,0,222,255,182,116,20,220,98,91,0,228,249,137,69,0,124,226,94,205,43,0,52,91,72,81,117,94,211,134,255,158,127,206,221,167,151,247,0,247,207,74,114,71,0,87,8,159,0,142,183,113,255,255,22,0,16,196,73,42,36,40,2,255,249,12,50,255,113,52,101,0,155,159,255,169,0,62,81,87,0,255,0,182,87,255
150,17,136,42,255,72,139,65,127,217,113,111,87,249,105,124,85,86,85,79,0,169,0,76,206,255,57,95,140,0,232,224,123,144,99,255,67,88,130,64,247,85,0,162,255,255,165,60,87,252,16,13,58,237,149,69,59,0,247,195,119,105,58,46,146,21,19,195,234,0,151,141,229,252,118,89,214,177,108,131,0,190,255,104,245,97,153,161,69,21,48,228,75,252,153,255,125,0,37,163,255,87,0,186,0,255,228,0,186,255,3,217,0,77,255,1,193,131,0,195,255,0,0,253,6,0,0,255
149,18,130,28,255,67,118,56,113,208,132,98,60,242,110,99,84,84,95,61,0,170,0,88,184,255,56,102,115,0,248,235,121,133,45,207,65,64,29,99,255,133,0,91,255,255,142,70,90,255,57,26,48,190,242,65,58,0,241,234,100,174,47,0,113,25,92,166,190,0,143,172,221,213,39,119,178,166,125,200,0,174,227,0,196,57,104,132,47,64,0,199,157,204,245,255,84,0,44,112,142,93,0,135,0,243,224,0,203,255,54,189,6,0,255,105,238,195,0,114,255,0,70,255,0,36,0,255
152,23,135,40,255,57,112,64,123,204,120,104,78,227,117,95,73,98,95,73,0,167,6,53,162,255,98,119,112,0,222,195,122,154,29,223,11,109,25,167,223,118,0,24,236,255,126,109,44,255,85,19,47,231,148,125,65,0,150,202,96,167,74,0,123,1,0,134,125,25,224,120,255,224,162,136,174,155,198,201,0,224,240,85,194,66,166,118,57,42,0,168,185,182,255,255,127,0,75,160,142,90,0,82,0,255,255,42,105,255,65,161,0,0,232,122,208,136,0,116,216,58,27,254,0,150,77,255
149,18,154,46,255,72,159,92,147,222,108,97,99,242,123,178,107,147,86,133,4,153,1,114,185,207,136,133,176,0,170,120,176,48,141,255,88,72,255,48,230,102,0,236,180,255,207,53,142,255,101,131,12,176,153,1,0,0,255,255,128,57,37,118,78,104,192,214,255,0,225,85,89,202,94,93,240,255,36,32,0,223,255,134,200,106,104,235,77,105,156,255,0,255,55,255,79,28,75,62,181,0,0,255,0,226,183,62,152,255,0,222,0,151,255,0,193,64,0,255,244,0,18,255,175,0,0,255
154,22,139,25,255,60,116,66,112,213,133,132,41,216,124,99,91,79,101,65,0,210,36,42,117,255,102,151,134,0,255,131,113,152,12,212,18,79,66,112,248,142,0,0,255,255,161,127,32,171,41,65,48,252,255,55,129,0,149,166,105,210,113,0,56,73,56,60,183,51,114,213,255,166,87,179,119,188,159,219,0,164,251,15,69,19,87,143,52,141,0,173,155,164,255,255,55,0,8,234,26,63,0,31,0,168,228,0,191,255,56,78,83,0,244,126,255,255,0,84,255,143,0,161,0,76,0,255
152,23,150,37,255,63,146,82,123,217,121,115,72,214,98,116,92,99,84,68,0,203,59,60,144,255,7,75,136,0,255,161,128,159,82,255,18,26,100,127,252,144,0,42,224,255,140,62,56,250,0,78,23,255,192,151,121,0,201,191,152,186,30,18,109,78,47,136,228,0,135,153,255,201,86,141,168,167,226,121,0,131,255,34,146,0,63,155,18,51,0,240,231,41,236,255,43,0,0,222,64,0,0,221,0,248,248,0,153,255,111,71,7,0,255,63,125,120,0,255,187,84,0,255,81,41,0,255
154,24,136,33,255,71,149,42,111,220,109,92,90,252,74,111,79,102,120,89,0,177,0,57,170,255,36,114,153,0,228,181,95,155,9,250,38,102,89,189,255,109,0,79,255,255,87,120,98,255,91,80,0,224,189,202,77,0,178,135,105,126,95,4,139,18,0,157,157,6,196,112,255,255,182,26,127,155,167,158,0,223,207,145,166,60,170,192,97,19,0,225,166,158,255,230,96,0,90,208,147,60,0,200,0,255,242,68,111,255,88,253,0,0,218,12,137,90,44,220,218,13,124,201,54,191,50,255
151,19,142,37,255,80,164,80,112,226,128,142,66,255,129,133,68,124,80,78,0,198,0,70,166,255,15,77,148,0,255,166,140,120,85,255,81,83,95,101,255,86,0,60,216,247,116,125,55,237,8,56,31,250,240,122,113,0,249,157,156,145,80,58,133,28,133,158,214,0,105,182,255,253,74,102,125,255,104,153,0,90,226,75,103,0,141,248,67,47,75,255,174,176,196,255,71,0,79,201,164,0,39,124,0,165,236,0,255,255,123,117,0,0,255,26,139,181,7,189,255,127,0,224,128,0,0,255
154,22,145,34,254,43,109,78,118,220,149,119,89,219,120,67,142,73,112,58,8,238,94,49,84,255,149,140,101,8,247,146,127,162,22,206,64,82,46,192,217,168,0,0,248,255,156,149,6,139,124,55,0,236,255,56,104,0,179,171,110,216,16,0,5,172,85,42,123,115,191,164,248,154,31,113,193,210,102,168,0,132,238,1,87,108,0,110,47,182,0,150,188,75,255,255,18,0,19,229,65,48,0,57,0,226,237,31,133,255,109,171,93,15,190,89,165,178,0,93,140,0,0,255,0,136,0,255
157,29,141,21,255,70,97,60,95,214,139,95,45,213,108,81,126,101,156,87,1,226,66,9,66,247,102,228,148,24,206,86,117,244,0,213,14,128,74,141,222,181,0,0,250,255,176,125,64,170,154,150,59,220,255,106,187,0,190,252,85,255,59,0,61,178,170,61,160,76,135,185,255,152,37,170,143,105,136,255,0,215,194,0,72,54,0,69,43,207,0,158,255,170,255,255,35,0,12,192,0,113,0,0,0,168,203,216,125,255,54,86,50,0,103,255,232,255,0,63,119,108,114,255,62,0,3,255
159,29,146,38,255,60,124,59,97,192,119,77,56,201,84,95,118,115,143,108,0,222,127,27,114,255,14,82,168,10,232,141,121,219,30,255,27,62,78,165,200,176,0,51,232,255,145,63,72,255,24,94,34,255,255,184,96,0,177,136,95,220,131,0,78,111,13,124,168,19,143,72,255,198,57,66,155,39,128,214,0,255,178,103,99,44,0,111,76,122,0,191,255,92,240,255,36,0,52,158,56,141,0,127,0,176,173,161,110,255,187,116,13,0,73,124,105,146,0,183,151,36,76,255,0,96,0,255
164,39,164,79,255,46,92,122,119,217,142,75,56,206,76,87,62,103,107,87,0,231,135,50,34,255,106,97,188,53,240,113,149,173,62,237,0,83,168,187,68,235,35,0,181,255,109,95,33,161,0,110,83,242,113,150,45,0,145,250,172,182,17,91,0,150,72,71,223,154,171,204,255,24,105,174,90,85,102,159,81,128,198,110,52,0,0,119,79,136,0,70,255,104,115,255,0,0,79,255,0,77,66,194,103,255,194,142,115,255,189,0,128,0,130,104,40,9,0,104,246,156,3,230,101,255,0,255
143,17,111,21,255,88,101,44,97,207,142,72,50,237,49,73,160,53,179,67,81,214,0,80,207,255,62,255,128,0,198,255,73,91,0,169,121,75,0,15,178,210,0,100,209,241,8,166,174,168,255,0,159,66,255,56,248,0,255,236,138,163,0,88,210,115,198,10,100,127,27,63,108,148,0,0,175,255,16,255,0,69,255,0,22,69,171,99,245,101,0,255,171,255,135,244,93,119,147,23,214,199,126,0,0,205,167,175,255,255,255,255,0,69,149,45,255,255,16,42,241,0,185,255,244,10,0,255
152,25,142,29,255,99,102,70,99,236,137,154,34,236,138,85,132,115,129,59,70,208,31,43,140,246,55,252,126,0,221,226,136,184,0,234,107,52,42,71,245,179,0,45,255,255,139,176,59,96,247,6,137,181,255,6,216,0,255,255,122,176,23,83,71,196,167,127,65,110,50,255,218,166,31,146,132,165,95,255,0,72,255,0,84,11,141,96,121,161,0,159,98,252,208,255,1,0,128,188,27,39,0,118,0,146,205,51,205,255,159,213,89,0,187,142,238,217,0,166,120,26,25,230,24,22,0,255
153,27,140,29,255,67,118,61,104,201,106,121,43,215,85,101,120,99,131,57,0,217,38,32,143,255,0,192,133,0,255,180,126,180,0,198,0,41,26,154,213,210,0,3,255,255,66,144,74,238,137,62,68,238,255,115,229,0,207,249,54,206,95,0,103,103,46,96,159,103,67,156,255,167,120,124,138,179,157,255,0,186,255,0,89,30,95,132,63,151,0,155,191,209,255,255,0,0,173,125,8,34,0,144,0,200,254,13,172,255,143,255,48,0,243,208,164,102,0,197,88,94,139,255,110,146,0,255
146,24,130,29,255,70,80,58,101,211,118,91,29,226,123,77,118,73,152,71,19,227,0,66,208,238,0,255,104,0,218,255,113,158,0,208,53,0,1,134,199,196,0,30,255,255,51,208,96,125,255,0,146,164,255,49,255,0,255,255,57,212,0,17,167,225,119,0,87,163,0,119,185,166,70,190,218,255,114,241,0,66,255,0,54,0,121,132,208,245,0,168,15,249,153,255,0,82,255,39,31,13,0,146,0,194,215,0,200,255,255,255,87,108,223,249,255,137,0,131,146,0,155,255,39,213,0,255
146,23,124,1,255,95,109,33,76,212,120,87,0,255,89,94,125,92,200,88,42,221,0,77,250,255,0,255,133,0,222,255,133,162,0,181,108,40,0,71,165,212,0,179,255,255,0,217,214,159,255,0,166,139,255,86,255,0,255,255,91,216,38,22,216,168,255,27,43,191,0,72,194,180,0,1,179,255,0,255,0,74,255,0,0,0,150,89,188,167,0,212,197,255,143,221,2,104,244,0,70,195,12,0,0,232,117,61,255,255,255,255,0,37,72,255,255,218,0,52,111,0,227,255,119,136,0,255
144,20,117,0,255,92,100,46,82,197,109,117,0,255,100,97,113,88,173,80,43,251,0,55,255,255,0,255,72,0,255,255,130,149,0,159,91,34,0,18,204,203,0,149,255,255,0,181,206,180,255,0,126,92,255,58,255,0,255,255,47,217,19,0,228,146,255,76,39,234,0,70,210,166,0,32,169,255,0,255,0,110,255,0,37,0,222,88,176,199,0,247,127,255,145,208,0,120,255,0,55,172,0,0,0,229,133,0,255,255,255,255,0,79,96,255,255,218,0,178,0,0,255,255,64,128,0,255
141,18,110,0,255,95,104,45,88,217,118,88,0,255,82,115,106,110,183,81,43,218,0,54,255,255,0,255,100,0,206,255,103,130,0,188,110,68,0,19,189,169,0,150,255,255,0,211,255,218,255,0,134,83,255,105,255,0,255,255,106,227,0,18,236,136,252,83,63,231,0,87,84,153,0,12,200,255,0,255,0,102,255,0,31,0,246,91,239,189,0,255,180,255,123,209,0,152,253,0,163,155,122,0,0,255,70,160,163,255,255,255,0,39,105,212,255,255,0,27,122,0,179,255,139,40,0,255
149,25,127,0,255,100,118,54,76,199,106,134,0,255,113,125,92,114,178,72,27,255,0,32,227,255,0,255,85,0,255,255,152,187,0,176,35,31,18,31,220,194,0,141,255,255,0,144,190,203,255,0,129,168,255,71,255,0,255,255,87,232,143,0,183,104,243,99,75,211,0,116,255,153,0,76,97,255,62,255,0,169,255,0,8,0,246,106,97,226,0,214,230,255,255,255,0,81,255,0,0,142,0,0,0,197,159,0,205,255,255,255,15,0,68,255,255,255,0,179,0,0,211,255,48,33,0,255
145,24,114,0,255,95,93,27,71,197,121,87,0,255,94,85,102,90,216,99,51,244,0,56,255,255,0,255,93,0,240,255,125,169,0,155,123,47,0,1,167,215,0,222,255,255,0,176,228,178,255,0,180,136,255,79,255,0,255,255,87,222,20,5,239,167,255,54,8,184,0,68,233,166,0,0,187,255,0,255,0,157,255,0,0,0,213,0,149,137,0,249,255,255,255,230,45,66,194,0,0,255,0,0,0,236,86,52,250,255,255,255,0,0,0,255,255,255,0,96,69,0,189,255,175,60,0,255
151,29,137,0,255,103,116,37,67,204,112,80,0,255,101,115,111,126,234,97,29,243,0,77,210,255,0,255,165,0,242,255,186,187,0,189,82,62,0,49,129,235,0,208,255,255,0,161,167,204,255,0,119,143,255,139,253,20,255,255,115,211,248,35,203,127,244,55,0,160,0,66,164,131,0,0,130,255,26,255,45,182,255,0,0,0,166,96,95,185,0,88,255,255,255,217,0,17,253,0,0,198,0,0,0,232,70,119,123,255,255,255,26,0,0,255,206,255,0,207,112,0,244,240,36,136,255,255
156,35,163,30,255,103,146,85,81,227,105,142,0,255,137,159,84,164,167,77,4,255,84,46,132,255,0,255,151,0,255,207,184,201,0,232,20,36,148,65,115,186,0,157,255,255,55,154,164,196,188,31,169,238,255,132,255,0,255,255,149,188,223,102,164,114,203,135,163,86,0,210,255,114,12,9,53,236,68,220,36,147,255,14,0,0,123,248,67,255,0,148,200,255,177,255,0,43,255,0,37,17,0,177,0,197,107,65,192,255,255,255,134,0,173,255,177,198,0,222,100,0,145,255,138,39,0,255
156,40,172,64,255,73,150,110,117,209,139,103,55,248,129,117,55,181,99,64,0,255,98,99,87,255,24,201,160,61,255,145,119,151,113,255,63,33,228,111,133,121,0,78,171,241,160,118,104,201,21,147,156,255,122,245,196,0,168,255,184,75,62,159,253,76,162,169,249,45,46,178,255,115,18,0,99,122,137,113,5,151,216,143,0,0,114,255,54,185,0,153,168,213,195,172,0,0,100,178,105,0,43,255,0,205,96,91,200,255,255,32,16,0,191,115,180,171,0,233,255,98,0,255,255,78,0,255
169,42,194,121,247,34,70,98,175,169,94,92,86,162,60,106,100,169,102,20,14,210,103,133,8,223,93,200,147,202,251,221,89,183,34,255,53,0,147,152,9,233,13,46,189,255,124,0,90,153,145,158,162,176,51,105,199,34,115,210,121,153,76,121,187,153,29,86,255,195,106,87,166,160,61,57,78,99,139,68,182,221,255,168,13,0,78,194,115,104,98,47,246,251,79,163,0,62,29,96,220,42,140,241,61,255,143,111,131,255,235,116,136,87,159,169,122,21,0,0,255,126,0,123,255,191,0,255
154,30,169,3,255,81,128,78,109,244,128,184,22,255,185,164,94,176,188,0,47,255,53,86,118,255,0,255,111,0,254,238,221,197,0,243,14,104,0,96,172,153,0,14,255,255,74,252,61,194,161,0,178,255,255,139,240,23,219,255,215,169,120,0,87,16,220,80,138,170,0,252,121,18,0,11,171,161,184,252,2,223,255,16,0,20,45,255,11,181,0,34,255,255,255,255,0,0,255,194,0,0,0,0,0,241,90,51,95,255,75,255,255,0,210,239,255,236,0,0,255,0,63,78,9,0,142,255
152,24,154,0,255,64,124,94,117,221,102,191,58,220,178,165,53,144,150,0,42,255,7,18,110,255,0,255,72,0,255,201,182,202,0,255,0,125,0,123,204,102,0,0,255,255,53,197,43,254,139,0,78,255,255,105,143,0,132,255,192,248,84,0,25,0,92,94,183,225,0,244,115,31,121,50,176,201,206,185,0,172,255,54,0,0,225,255,69,255,0,115,247,213,255,255,0,81,255,167,0,0,0,0,0,255,178,0,102,255,107,255,144,0,54,229,255,255,0,118,255,143,0,0,23,0,91,255
152,19,154,0,255,0,45,84,146,207,195,160,98,206,223,102,87,90,238,0,72,255,38,52,91,255,142,255,66,23,254,211,152,255,0,189,41,146,0,240,86,143,0,0,255,255,135,255,0,168,102,0,137,255,235,63,50,0,98,255,114,127,0,0,0,1,70,0,222,255,0,180,0,0,0,0,255,147,171,190,0,255,255,68,0,200,29,255,118,255,0,99,213,198,255,255,0,0,239,164,0,0,0,0,98,255,255,0,17,192,0,255,158,87,0,238,255,255,0,0,255,102,0,0,107,0,11,255
151,18,149,0,255,11,99,80,124,189,163,162,65,224,223,132,77,98,224,0,57,255,69,38,103,255,62,255,43,0,255,255,205,215,0,230,55,162,0,198,142,131,0,0,255,255,67,255,0,250,99,0,89,255,255,46,54,0,191,255,157,184,109,0,0,0,174,0,130,255,0,211,24,24,0,0,255,195,206,157,0,255,255,6,0,140,89,255,26,255,0,208,255,218,255,255,135,4,212,0,0,0,0,0,49,255,185,0,95,255,0,255,167,34,0,255,255,255,0,70,255,84,0,9,93,0,17,255
154,16,159,0,255,0,96,93,139,197,221,176,107,208,221,147,52,88,249,0,96,255,113,23,43,255,9,241,0,37,255,255,191,255,15,255,10,213,0,255,117,65,0,0,255,255,76,255,0,249,0,0,72,255,253,111,0,0,160,255,255,200,23,0,0,0,175,0,255,255,0,255,0,0,0,0,255,48,255,31,0,255,255,29,0,117,99,255,96,255,0,185,255,0,255,255,120,57,90,0,0,0,0,0,42,255,255,0,208,255,0,255,195,95,0,255,255,255,0,0,255,255,0,0,52,0,79,255
152,21,148,0,255,20,89,74,122,217,180,147,80,231,204,113,104,97,193,0,83,255,68,99,100,255,97,255,36,0,229,255,178,194,0,226,46,135,0,255,175,111,0,0,255,255,124,255,0,215,87,0,94,255,255,112,80,11,161,255,122,137,38,0,0,0,153,0,128,255,0,210,34,10,35,0,255,129,255,239,0,255,234,32,0,142,59,255,40,112,0,126,255,200,255,255,136,0,173,199,0,0,0,0,31,230,203,7,128,127,0,255,166,0,0,255,255,255,0,0,255,75,0,0,91,0,9,255
185,47,201,98,189,20,49,44,95,203,60,62,57,191,93,0,166,137,102,165,96,202,56,46,118,197,183,161,181,133,221,94,174,190,0,255,96,95,177,81,144,215,87,91,194,255,92,255,0,45,109,83,201,212,120,0,155,0,184,0,195,138,235,196,177,218,206,34,219,0,165,0,233,238,61,119,98,175,121,75,35,133,13,104,0,17,163,253,71,0,255,164,255,173,255,130,21,163,160,241,175,255,91,148,88,255,147,98,199,255,117,255,27,235,201,109,235,63,25,98,255,255,0,0,209,247,0,255
163,39,177,55,255,40,57,53,132,208,160,110,60,234,140,66,134,119,238,69,31,255,76,87,63,255,43,239,188,89,193,208,140,222,0,201,27,44,77,151,62,229,0,0,255,255,128,155,0,97,155,0,255,255,167,117,189,56,208,234,193,84,174,0,27,198,35,0,241,144,69,125,154,92,32,73,113,58,158,162,168,225,135,72,0,78,0,191,147,126,0,96,255,205,246,227,0,0,138,151,16,0,0,0,122,255,255,46,120,255,124,119,67,78,0,255,255,51,0,0,255,176,0,29,152,162,0,255
157,26,153,20,253,27,50,68,148,208,137,123,110,195,181,93,147,99,204,20,61,255,85,137,54,255,108,255,36,114,225,179,171,179,0,214,14,118,0,208,91,120,29,0,231,255,147,255,0,136,103,0,172,255,236,147,187,0,110,249,134,143,88,0,2,97,96,0,198,245,1,76,79,0,144,124,255,167,255,163,80,248,255,0,0,72,74,201,149,235,78,64,219,172,255,255,0,31,222,226,0,0,0,0,118,213,243,10,92,255,0,205,42,52,0,255,255,255,0,0,255,199,0,0,137,0,130,255
151,24,142,0,255,25,57,53,120,224,155,99,47,206,161,70,157,40,233,0,79,255,23,145,130,255,34,255,50,0,246,255,98,197,0,255,67,87,0,222,142,168,0,0,255,255,95,255,0,143,173,0,169,255,255,66,164,0,208,255,57,215,26,0,26,66,129,0,58,255,0,173,0,0,0,0,255,236,255,174,0,206,255,0,0,34,0,149,142,184,0,89,217,156,255,255,29,0,174,167,0,0,0,0,6,130,143,0,131,255,11,255,139,34,0,255,255,255,0,0,255,0,0,87,0,51,18,255
149,16,158,0,255,0,90,95,160,187,180,170,150,189,233,130,87,125,209,0,46,255,69,42,18,255,81,252,17,80,244,210,199,244,0,203,13,197,0,255,167,104,34,0,203,247,93,255,0,255,0,0,132,255,166,175,4,0,74,255,173,94,0,0,0,0,76,0,255,255,0,142,0,0,102,0,255,106,242,110,0,255,255,74,0,190,134,255,132,255,46,67,255,114,255,255,0,0,255,53,0,0,0,0,93,255,255,84,133,220,1,255,117,0,0,255,255,255,0,43,255,255,0,0,184,0,129,255
155,5,169,0,255,0,74,86,183,194,243,189,158,216,255,135,34,63,255,0,93,255,100,25,0,255,93,227,0,81,229,254,235,255,4,188,15,255,0,255,70,46,21,0,255,214,77,255,0,233,0,0,140,255,201,51,0,0,117,255,240,143,76,0,0,0,123,0,255,255,0,255,0,51,0,0,255,130,224,0,101,255,255,109,0,255,70,255,195,255,214,222,255,0,255,255,82,172,219,0,0,0,0,0,215,255,255,0,239,255,0,255,134,255,0,255,255,255,0,0,255,255,0,0,0,0,100,255
158,21,166,0,255,13,43,80,161,232,193,158,85,230,234,102,122,85,247,0,101,255,89,88,66,255,109,255,79,35,163,253,156,230,0,231,47,228,0,255,67,119,0,0,255,255,178,255,0,109,141,0,207,255,209,60,110,0,152,255,149,188,17,0,0,84,151,0,190,255,0,234,0,0,5,0,255,103,191,0,105,240,255,0,0,129,47,255,180,255,0,123,207,124,255,255,0,37,210,130,0,0,0,0,172,255,255,105,216,255,0,255,152,104,0,255,255,255,0,0,255,160,0,0,0,0,180,255
154,1,165,0,255,0,102,91,197,171,242,197,205,197,255,145,44,77,255,0,88,255,157,0,0,255,50,181,0,150,207,224,255,255,105,162,0,255,0,255,65,8,54,0,213,185,72,255,0,255,0,0,58,255,199,133,0,0,73,255,249,149,0,0,0,0,121,0,255,255,0,255,0,95,0,0,255,62,255,0,59,255,255,115,0,255,149,255,229,255,255,255,255,0,255,255,153,157,172,0,0,0,0,0,255,255,255,0,255,255,0,255,71,219,0,255,255,255,0,0,255,255,0,0,34,0,191,255
157,4,174,0,255,5,146,88,206,215,115,247,119,241,255,220,0,123,218,0,127,255,40,0,0,255,29,255,33,24,243,173,255,255,0,255,0,255,0,255,145,0,18,0,255,210,36,255,0,255,132,0,82,255,208,112,0,0,96,255,255,255,100,0,0,0,72,0,255,255,0,255,0,49,101,0,255,191,255,0,115,255,255,220,0,213,164,255,150,255,200,255,253,13,255,255,0,214,255,0,0,0,0,0,83,255,155,0,218,255,0,255,17,0,0,255,255,255,0,0,255,219,0,0,0,0,222,255
159,17,163,0,255,9,114,85,180,204,177,165,159,231,219,140,96,121,242,17,65,255,152,57,0,255,43,234,37,133,161,146,238,195,13,174,0,214,12,255,85,86,17,0,191,154,127,255,0,255,93,0,111,255,255,165,80,0,118,255,214,184,85,0,0,40,154,0,255,250,0,212,9,73,93,0,255,134,239,54,193,255,243,135,0,204,63,255,110,228,168,233,255,96,255,255,0,66,255,0,0,0,0,0,114,255,255,38,252,255,0,233,29,137,0,255,255,255,0,0,255,241,0,0,91,0,76,255
150,9,148,0,255,0,126,78,150,176,184,202,175,190,245,109,83,83,170,0,54,255,98,26,7,255,94,200,0,91,255,249,213,244,28,226,0,255,0,255,191,1,0,0,183,255,27,255,0,255,0,0,0,255,235,161,0,0,101,255,204,171,0,0,0,0,81,0,227,255,12,196,89,124,56,0,255,63,255,42,0,255,255,159,0,150,237,255,169,255,68,198,255,0,255,255,255,0,23,0,0,0,0,0,218,255,255,0,255,255,0,255,0,73,0,255,255,255,0,48,255,255,0,0,175,0,172,255
155,14,160,0,255,0,57,76,154,209,212,176,69,234,255,126,89,67,255,0,102,255,89,45,91,255,40,255,21,20,242,255,180,255,0,235,63,232,0,255,98,110,0,0,255,255,146,255,0,161,132,0,114,255,255,45,27,0,189,255,204,204,83,0,0,7,163,0,187,255,0,255,0,0,0,0,255,129,214,0,96,255,255,0,0,182,16,255,119,255,0,198,255,60,255,255,26,83,213,0,0,0,0,0,124,255,255,0,105,255,0,255,238,213,0,255,255,255,0,0,255,102,0,0,0,0,146,255
154,17,167,0,255,0,95,87,176,201,182,175,148,196,228,132,60,111,223,0,69,255,87,35,0,255,81,255,44,111,238,169,181,255,11,192,0,201,0,255,129,85,59,0,255,198,94,255,0,254,7,0,158,255,153,129,58,0,65,255,240,149,5,0,0,0,47,0,255,255,0,205,0,9,14,0,255,86,255,48,86,255,255,103,0,128,102,255,197,255,91,104,255,86,255,255,0,43,190,109,0,0,0,0,56,255,255,0,183,255,0,246,121,0,0,255,255,255,0,0,255,255,0,0,64,0,146,255
154,2,168,0,255,0,127,105,199,187,210,203,193,210,255,153,68,87,221,0,93,255,136,6,0,255,28,153,0,131,235,215,247,182,134,196,0,254,0,255,106,16,64,0,199,204,151,255,0,255,0,0,16,255,224,141,0,0,97,255,255,137,15,0,0,0,96,0,255,255,0,255,0,81,8,0,255,120,245,0,46,204,255,139,0,200,108,255,178,255,255,234,255,0,255,255,103,235,106,0,0,0,0,0,202,255,255,0,255,255,0,255,130,157,0,255,255,255,0,0,255,255,0,0,42,0,162,255
158,3,175,0,255,0,110,99,219,205,201,200,191,199,255,169,42,120,255,0,109,255,139,5,0,255,41,219,29,139,153,151,227,225,92,165,0,255,0,255,25,14,52,0,255,129,164,255,0,255,11,0,80,255,194,116,0,0,34,255,255,155,8,0,0,0,72,0,255,255,0,255,0,46,11,0,255,124,212,0,211,240,255,223,0,255,103,255,235,255,255,238,162,0,255,255,0,255,255,0,0,0,0,0,208,255,255,0,255,255,0,255,149,234,0,255,255,255,0,0,255,255,0,0,0,0,255,255
157,2,182,0,255,0,94,114,224,201,251,215,200,220,255,165,19,96,255,0,142,255,132,0,0,255,78,227,6,141,150,150,241,255,130,148,0,255,0,255,42,12,71,0,255,221,138,255,0,255,0,0,67,255,117,147,0,0,36,255,255,106,0,0,0,0,156,0,255,255,0,255,0,83,0,0,255,59,219,0,156,255,255,189,0,255,66,255,255,255,255,255,199,0,255,255,7,255,136,0,0,0,0,0,216,255,255,11,255,255,0,255,160,188,0,255,255,255,0,0,255,255,0,0,14,0,255,255
156,18,169,0,255,28,93,104,181,219,189,184,136,235,223,144,90,125,220,0,95,255,92,46,0,255,106,255,67,97,192,148,186,228,1,205,12,197,3,255,121,66,36,0,255,191,153,255,0,223,109,0,124,255,158,102,64,0,116,255,255,113,41,0,0,45,127,0,255,255,17,255,45,47,9,0,255,135,232,20,101,193,255,81,0,193,115,255,186,255,232,183,255,0,255,255,0,118,195,78,4,0,0,0,24,255,255,0,168,255,0,255,152,0,0,255,255,255,0,0,255,255,0,0,20,0,251,255
154,15,159,1,255,6,118,112,169,201,177,186,185,242,228,129,109,135,179,0,70,255,117,35,0,255,121,201,0,172,191,70,212,244,69,149,0,209,2,255,105,34,78,0,118,196,145,255,0,255,74,0,49,255,203,170,45,0,102,255,180,123,20,0,0,95,144,0,255,255,45,146,96,103,91,0,255,157,135,108,104,255,255,209,0,220,189,255,223,255,255,193,255,3,255,255,115,110,180,0,42,0,0,0,112,255,255,45,255,255,0,255,23,39,0,255,255,255,0,41,255,255,0,0,192,0,181,255
156,16,163,0,255,0,99,96,172,208,206,174,177,202,225,124,99,126,238,0,74,255,143,52,0,255,69,224,0,155,184,150,207,255,44,184,0,215,0,255,73,66,36,0,200,185,137,255,0,255,10,0,108,255,223,223,13,0,83,255,218,181,0,0,0,51,145,0,255,255,10,214,0,13,74,0,255,58,243,46,99,255,255,127,0,199,113,255,219,255,194,106,255,0,255,255,0,0,161,0,0,0,0,0,144,255,255,105,255,255,0,255,31,50,0,255,255,255,0,0,255,255,0,0,94,0,135,255
157,0,193,0,255,0,123,115,235,180,245,215,225,208,255,206,0,137,255,0,115,255,173,0,0,255,14,163,21,138,98,230,255,255,194,161,0,255,0,255,0,0,40,0,255,102,74,255,0,255,0,0,102,255,96,128,0,0,82,255,255,88,26,0,0,0,146,0,255,255,0,255,0,132,0,0,255,30,149,0,227,255,255,255,0,255,80,255,255,255,255,255,233,0,255,255,0,255,204,0,7,0,0,0,255,255,255,58,255,255,0,255,235,255,0,255,255,255,0,0,255,255,0,0,0,0,255,255
150,2,160,0,255,0,111,98,185,177,255,204,202,225,255,136,34,57,255,0,147,255,143,0,0,255,86,245,0,104,255,255,216,255,104,208,0,255,0,255,130,0,29,0,255,255,56,255,0,255,0,0,16,255,156,118,0,0,69,255,255,131,0,0,0,0,122,0,255,255,0,255,0,76,0,0,255,27,255,0,0,255,255,145,0,122,166,255,255,255,195,255,255,0,255,255,255,192,8,0,0,0,0,0,161,255,255,0,255,255,0,255,52,169,0,255,255,255,0,0,255,255,0,0,121,0,255,191
155,0,183,0,255,0,96,110,234,189,255,221,213,228,255,167,2,96,255,0,130,255,131,0,0,255,48,218,1,112,131,212,252,255,124,159,0,255,0,255,27,0,53,0,255,183,106,255,0,255,0,0,113,255,117,110,0,0,55,255,255,95,0,0,0,0,147,0,255,255,0,255,0,56,0,0,255,44,222,0,156,255,255,187,0,255,71,255,255,255,255,255,229,0,255,255,42,255,213,0,0,0,0,0,240,255,255,27,255,255,0,255,186,255,0,255,255,255,0,0,255,255,0,0,0,0,255,255
156,0,187,0,255,0,127,100,240,153,255,232,233,179,255,210,0,67,255,0,150,255,224,0,0,255,0,163,0,159,191,255,255,244,223,161,0,255,0,255,8,0,55,0,255,165,28,255,0,255,0,0,0,255,147,115,0,0,17,255,255,90,7,0,0,0,108,0,255,255,0,255,0,169,0,0,255,0,246,0,117,255,255,237,0,255,144,255,255,255,255,255,255,0,255,255,122,255,0,0,0,0,0,0,255,255,255,0,255,255,0,255,176,255,0,255,255,255,0,0,255,255,0,0,18,0,255,176
153,16,174,0,255,13,140,109,175,214,185,181,150,255,255,165,0,148,198,0,80,255,88,67,1,255,73,191,24,32,200,230,223,255,101,255,0,214,0,255,143,0,49,0,232,246,46,255,0,255,0,0,122,255,70,170,8,0,139,255,255,107,59,0,0,0,131,0,255,255,0,255,7,100,0,0,255,104,255,0,31,241,255,187,0,70,167,255,238,255,129,255,255,0,255,255,51,68,176,0,1,0,0,0,0,255,167,23,255,255,7,255,53,0,0,253,255,255,0,49,255,255,0,0,70,0,247,255
157,36,179,47,255,92,119,121,100,203,128,162,0,255,170,179,18,223,122,41,31,225,78,42,50,255,119,255,193,37,245,141,255,190,0,200,37,96,165,110,85,213,49,113,198,255,35,146,80,84,98,34,227,255,154,74,223,99,155,255,147,10,151,129,195,77,255,167,255,62,111,156,219,169,48,0,81,139,0,148,0,255,231,82,6,0,218,255,75,212,0,96,179,255,63,255,0,159,255,101,107,130,86,203,0,255,143,255,147,255,255,118,142,0,128,180,255,255,0,84,227,141,0,230,255,0,0,255
149,29,157,51,255,64,126,117,123,180,142,131,77,240,187,143,25,191,118,8,0,255,87,62,72,251,105,229,102,76,252,157,220,145,50,204,78,54,71,185,139,128,17,76,131,255,97,151,46,250,104,30,70,255,105,210,146,49,180,255,137,10,39,150,157,13,232,136,239,93,69,99,231,143,97,0,204,178,55,222,0,255,235,21,29,24,198,255,81,216,0,101,176,255,193,255,0,0,255,84,219,0,107,112,0,255,133,97,136,171,255,218,92,0,147,173,255,255,0,164,127,106,0,199,255,0,105,255
149,30,148,28,255,118,170,111,88,232,137,168,11,255,232,161,0,208,120,55,0,237,40,34,163,255,51,255,96,0,255,169,196,152,25,191,96,129,151,0,185,93,0,167,134,201,114,150,148,255,205,7,140,221,255,159,149,0,225,255,190,49,250,192,201,0,255,255,172,45,42,238,255,153,0,0,28,255,27,255,0,255,145,134,1,0,255,255,80,237,0,227,206,255,255,255,0,0,255,25,208,67,47,83,0,185,90,149,231,255,255,202,0,0,170,167,255,255,0,181,223,119,32,185,226,0,59,255
149,28,158,51,255,60,133,99,107,175,118,145,21,243,197,156,0,210,114,11,0,244,81,66,99,255,76,233,140,14,255,206,250,150,0,242,87,58,50,71,115,118,32,122,170,255,32,144,101,248,52,18,164,254,100,159,192,59,134,255,32,29,141,185,255,0,191,255,230,0,47,104,216,123,164,0,159,192,0,244,0,255,250,92,0,0,233,255,80,255,0,37,118,255,254,255,0,4,255,194,183,184,105,113,22,221,141,213,143,96,255,255,10,0,171,18,255,255,0,131,255,120,0,150,255,43,23,255
149,28,148,30,255,77,155,90,92,179,135,106,37,237,210,132,0,178,105,11,0,213,71,24,188,255,12,97,175,0,255,255,201,168,89,242,49,34,7,105,209,93,20,118,128,255,0,38,0,255,28,0,158,255,40,148,133,35,134,255,98,53,255,134,211,0,176,255,114,17,77,83,255,255,75,0,74,223,179,255,0,255,190,101,5,0,255,255,153,142,0,164,254,255,255,255,82,0,238,0,178,50,0,84,0,235,154,102,169,255,255,255,0,0,71,113,255,255,0,237,255,255,0,144,161,92,255,255
152,25,153,39,255,90,128,94,92,213,117,149,11,250,217,137,15,177,105,63,8,191,60,65,117,255,139,232,105,0,231,148,185,152,2,209,107,146,32,49,121,159,20,102,175,220,100,188,74,176,92,34,203,181,183,66,147,70,168,238,112,18,164,255,255,13,255,216,197,0,142,150,254,119,68,0,77,173,76,255,0,255,253,92,7,0,253,255,139,255,0,190,83,255,188,255,0,0,255,241,177,61,80,121,0,209,184,255,171,255,255,210,46,0,161,41,255,255,0,70,255,139,20,228,226,2,65,255
148,22,150,38,255,94,120,103,127,215,109,167,49,255,184,137,78,137,89,23,34,232,3,72,100,255,172,255,58,16,255,112,182,71,42,170,138,149,96,29,199,158,0,94,121,233,207,194,55,148,150,63,152,176,206,68,120,0,186,255,216,19,136,220,213,29,254,155,197,0,175,255,255,105,109,57,67,199,125,149,0,137,237,38,61,0,205,255,99,212,119,160,51,255,159,255,0,0,129,243,189,40,93,75,0,255,126,91,126,255,255,161,43,0,255,134,255,255,0,170,255,93,0,202,255,0,68,255
149,24,141,28,255,82,123,82,94,217,115,147,26,241,186,119,20,116,104,37,0,226,5,66,164,255,108,193,108,0,255,189,147,114,18,214,80,83,109,0,195,102,4,81,166,255,85,128,14,203,100,42,141,222,200,16,151,0,147,241,125,94,203,221,239,0,238,190,157,0,96,214,255,133,59,34,0,255,152,255,0,183,238,59,36,0,254,255,99,167,15,200,113,255,255,255,91,0,174,195,104,55,3,26,0,128,145,0,170,255,202,182,4,0,255,95,255,255,0,117,255,214,0,165,165,0,4,255
155,27,173,63,255,35,119,137,158,199,102,106,101,192,83,130,97,89,68,0,0,255,85,35,23,255,132,144,201,92,255,47,183,101,187,238,32,75,139,168,133,236,30,0,154,255,144,104,0,131,0,83,0,255,52,169,85,0,181,239,255,148,0,41,21,93,64,0,206,0,23,149,206,108,100,0,133,210,178,43,0,127,255,78,94,52,20,255,44,36,125,126,105,74,103,255,0,32,0,255,21,0,42,0,0,255,139,0,171,255,248,50,122,0,213,76,99,153,52,255,255,98,0,99,255,40,58,255
150,21,154,52,255,62,108,118,122,208,123,148,79,223,149,135,78,109,75,17,5,237,19,43,104,255,115,136,162,15,255,110,178,90,85,232,70,70,172,113,176,151,32,0,136,255,150,120,0,138,37,63,31,255,103,72,102,0,204,255,141,92,101,95,82,21,144,40,218,0,101,186,255,132,171,87,55,245,77,71,0,137,255,17,153,0,189,255,48,143,151,177,0,180,197,255,10,0,143,255,92,0,33,0,0,173,239,0,175,255,170,110,34,0,189,113,182,210,0,180,248,172,0,108,204,0,0,255
150,20,146,33,255,87,131,80,115,223,117,147,53,238,174,133,43,101,84,46,6,208,0,66,153,250,100,168,127,0,255,147,161,66,59,218,101,65,173,90,250,100,0,61,116,255,197,163,40,201,131,95,22,251,205,90,93,0,207,236,174,96,175,149,150,17,204,101,178,0,127,255,230,187,90,107,55,255,106,133,0,128,193,35,98,0,108,242,66,82,163,234,126,221,202,255,87,0,96,209,135,0,58,57,0,175,82,0,154,255,85,111,56,0,255,147,255,255,0,121,255,103,3,201,104,0,0,255
156,28,183,90,255,27,94,160,142,194,140,130,118,206,106,116,64,153,33,7,0,222,52,66,36,255,166,58,251,123,255,67,211,169,191,232,20,66,194,232,0,218,74,0,136,252,41,27,0,116,0,54,61,255,0,92,5,0,207,231,194,109,11,69,49,82,133,30,193,77,176,73,255,56,125,0,62,203,0,47,81,155,255,96,183,22,162,255,96,199,72,70,22,89,60,255,0,24,86,210,170,0,255,11,76,255,255,135,147,255,255,97,98,0,199,171,82,51,82,72,213,140,0,190,255,129,0,255
151,26,166,89,255,39,83,130,133,187,141,127,114,197,159,99,51,139,70,12,0,228,57,73,85,255,164,81,192,64,255,127,198,123,144,214,114,71,142,176,22,160,63,0,79,253,114,77,0,170,16,36,59,255,0,138,38,0,195,255,122,60,45,158,114,25,120,122,192,24,148,139,255,94,163,11,76,156,0,125,28,185,246,48,168,35,187,255,163,183,75,86,0,157,71,174,0,0,136,251,194,40,255,0,68,255,201,61,157,253,255,87,25,0,178,175,118,155,7,114,213,176,0,197,212,163,0,255
150,28,161,57,255,72,136,123,109,207,154,114,101,222,171,112,47,139,63,41,0,236,67,93,180,255,78,60,132,0,255,188,176,97,165,236,105,32,192,158,122,96,21,80,23,202,95,76,29,214,15,26,88,255,27,195,40,0,228,254,190,48,118,198,147,14,195,131,174,20,113,160,255,135,79,40,50,188,78,157,0,151,194,42,134,0,208,255,113,142,0,174,114,110,184,198,27,0,120,179,199,0,244,77,0,217,122,10,193,255,255,55,9,0,154,145,134,248,0,130,187,149,0,212,128,81,0,255
153,27,176,83,255,47,105,159,127,194,129,115,120,189,95,114,89,144,31,42,0,213,58,78,104,255,142,30,225,52,255,71,207,138,203,255,35,52,227,188,20,201,71,0,78,255,49,22,0,130,0,76,14,255,0,142,0,0,242,197,205,103,77,126,54,69,173,18,139,67,127,86,255,79,181,0,50,174,16,83,16,150,255,42,215,30,212,255,121,151,23,126,0,0,111,255,23,0,36,255,154,0,255,46,73,255,231,141,146,255,255,106,91,0,185,221,0,112,54,165,158,134,0,134,225,89,0,255
154,29,163,105,255,32,114,155,139,202,123,94,103,190,79,103,82,119,100,55,0,225,63,71,47,255,126,82,169,88,255,84,150,127,164,211,28,52,190,209,67,224,38,0,157,254,37,65,45,188,0,99,67,255,59,213,116,0,182,240,210,113,0,199,83,138,158,88,176,16,217,93,255,106,222,63,132,187,43,93,44,99,255,66,130,54,145,160,87,145,114,109,204,54,94,255,0,0,66,255,115,0,147,151,30,255,255,46,193,252,255,119,64,0,255,146,16,60,0,237,180,200,12,186,255,157,0,255
155,29,169,89,255,36,126,165,136,202,130,95,133,189,47,102,99,109,59,46,0,245,91,81,86,255,136,49,188,86,255,55,172,139,249,246,10,41,255,205,37,229,71,4,83,255,79,0,5,117,0,110,25,255,0,235,68,0,247,167,156,104,66,176,38,57,185,0,222,0,109,107,255,17,231,0,75,124,9,56,44,244,255,102,177,13,108,151,69,64,0,111,11,72,96,202,23,0,0,255,107,0,224,92,149,255,255,124,220,255,255,36,30,0,236,91,0,52,112,255,245,164,0,174,255,60,0,255
151,29,153,51,255,83,152,106,105,207,150,122,82,255,152,105,63,141,98,76,0,228,60,77,164,255,67,90,110,0,255,154,165,94,130,166,106,65,220,114,191,135,0,132,34,212,117,71,81,245,94,90,76,255,179,175,63,0,240,255,166,70,169,129,170,43,255,189,233,0,128,221,255,167,93,42,13,140,70,198,0,227,156,99,148,2,213,255,64,119,0,242,184,201,215,255,46,0,128,93,113,0,41,146,0,139,190,37,255,255,255,133,0,0,204,255,87,240,0,255,138,210,0,255,235,43,0,255
151,28,156,73,255,69,127,120,133,222,156,127,94,250,166,106,49,103,103,58,0,215,50,72,119,247,124,128,128,6,246,147,163,57,132,201,75,92,222,132,151,135,30,34,81,255,164,98,57,185,95,50,64,255,67,146,83,0,226,252,201,106,87,136,126,63,223,97,253,0,167,234,255,171,183,129,71,185,90,110,0,124,199,98,144,0,126,213,45,101,102,149,134,181,194,254,0,0,88,255,147,0,153,116,0,229,220,8,218,255,232,0,0,0,255,199,115,173,0,190,255,124,0,242,161,75,0,255
157,34,177,102,255,39,99,166,176,214,157,94,131,216,112,73,115,98,122,82,12,255,118,102,50,229,162,149,160,126,252,142,92,94,119,211,117,115,205,149,90,177,105,5,131,200,77,14,0,168,76,110,99,255,77,125,157,0,130,255,248,116,0,180,79,231,166,63,198,98,192,202,243,115,38,72,152,219,79,165,138,71,146,105,62,62,51,255,123,164,109,151,208,34,169,205,0,27,11,255,122,0,203,16,6,255,208,32,73,255,255,0,107,10,207,208,118,145,0,174,163,121,0,255,248,81,0,255
152,26,159,45,255,56,137,114,136,213,158,114,108,239,170,102,78,108,80,27,0,255,96,117,103,255,115,108,76,29,255,165,184,82,121,208,91,81,142,156,174,106,17,18,94,248,129,112,9,184,56,33,48,255,106,144,72,0,170,249,188,108,84,89,101,19,143,66,200,9,103,190,255,113,61,103,121,205,170,127,0,180,248,107,115,0,117,238,56,78,51,172,146,150,218,255,33,0,25,242,93,0,182,20,0,250,134,0,176,255,197,51,16,0,156,97,152,254,20,61,255,84,0,181,126,13,8,255
153,28,177,62,255,43,149,150,148,212,141,109,155,201,78,100,131,125,77,56,0,255,133,124,74,255,103,54,166,112,255,100,186,121,171,249,57,55,165,192,93,183,70,0,57,192,0,21,0,175,0,38,76,255,21,151,83,0,204,203,255,123,12,173,52,105,174,25,189,30,112,89,255,66,102,0,110,232,149,105,81,63,255,131,69,0,100,255,129,127,9,183,155,12,110,239,0,31,0,255,108,0,255,66,22,249,231,31,110,255,255,127,44,0,191,60,0,115,70,197,255,149,0,178,255,0,0,255
154,28,163,83,255,41,130,152,134,205,134,107,157,181,67,73,124,120,84,90,0,248,109,98,94,234,126,48,132,83,255,71,174,200,137,225,28,72,207,185,76,184,73,0,50,230,0,37,0,147,0,109,40,255,11,210,75,0,229,193,175,130,20,177,63,125,203,92,167,29,143,44,255,62,222,25,131,169,49,137,66,142,255,95,94,26,80,134,116,141,78,137,84,40,160,204,26,0,0,255,136,0,255,89,94,241,255,123,171,255,255,119,0,0,225,85,0,74,86,203,219,174,0,165,255,118,0,255
154,26,170,78,255,31,137,149,163,207,134,138,163,203,71,80,80,89,104,54,0,251,124,102,38,252,139,81,147,115,249,122,186,140,124,244,66,121,192,213,108,184,101,0,76,204,15,49,0,173,14,27,65,255,38,122,77,0,195,216,253,100,3,152,73,104,174,41,186,51,148,143,241,87,197,0,105,201,89,83,159,102,255,171,60,12,64,205,88,58,64,153,135,115,78,252,31,0,16,255,150,0,255,44,60,255,255,0,102,255,239,119,24,6,255,70,0,16,44,198,255,128,0,246,255,68,0,255
167,33,204,137,255,0,105,193,158,172,165,80,146,153,0,100,101,201,141,108,44,161,189,140,0,255,252,68,154,138,255,218,37,255,40,239,117,131,255,127,193,138,57,0,128,212,0,0,5,127,23,211,214,180,135,194,179,87,210,255,175,124,0,255,255,141,0,255,72,2,66,0,76,91,3,229,78,255,0,255,236,0,215,0,88,207,177,156,111,236,71,146,255,251,240,0,12,0,0,238,180,0,235,78,122,255,255,0,0,255,56,76,255,0,193,255,92,126,0,0,0,0,0,190,212,232,0,255
153,28,169,64,255,53,173,139,166,220,122,107,163,212,67,117,144,113,113,76,14,235,106,96,99,208,161,180,165,80,181,81,199,49,159,255,60,55,255,136,232,138,0,178,28,255,98,0,31,214,82,78,58,255,43,100,87,31,255,252,222,136,29,200,92,73,255,121,255,0,172,120,208,158,180,87,111,235,120,37,48,154,255,160,63,9,56,255,32,73,87,179,170,230,132,218,20,60,9,206,179,0,113,255,0,255,247,0,60,255,145,160,0,16,255,52,17,54,0,255,217,0,0,248,255,0,0,255
152,27,150,62,255,53,108,91,134,202,151,83,84,200,113,64,35,95,152,81,0,188,80,99,79,169,149,162,116,46,225,142,174,179,0,222,24,77,129,222,147,211,38,0,200,255,114,94,33,194,79,36,91,255,172,94,136,0,128,214,154,91,73,95,118,148,102,94,137,51,131,204,189,133,178,153,157,85,111,126,63,213,255,28,66,53,68,152,61,123,0,45,181,178,221,255,0,0,158,255,101,0,124,158,0,206,222,104,104,255,200,109,133,0,255,125,255,182,50,104,245,72,45,229,99,180,0,255
149,22,151,67,249,40,93,99,147,202,157,105,95,234,143,67,43,86,104,66,0,181,66,129,71,221,173,107,71,38,255,162,189,106,2,190,94,117,96,160,140,161,0,21,196,255,151,116,28,176,76,22,37,226,159,39,105,0,126,180,134,75,34,104,127,111,86,46,168,0,210,167,230,105,175,250,165,237,127,152,0,168,255,55,187,42,120,175,43,58,96,62,38,235,158,255,44,0,94,255,140,81,234,116,0,255,255,0,99,255,194,109,138,0,255,143,248,79,64,64,234,41,0,129,22,141,9,255
169,32,206,123,223,0,102,182,156,198,128,57,111,135,15,126,84,141,173,99,0,209,193,83,0,255,203,7,126,41,245,245,193,212,134,246,49,138,255,123,146,109,36,139,81,188,0,0,12,210,31,124,203,54,121,142,77,133,78,255,150,255,0,255,143,242,44,222,111,56,163,83,69,87,0,217,54,250,0,202,169,0,237,0,217,193,112,208,17,153,149,98,255,230,145,111,60,66,7,122,195,151,128,115,166,255,212,18,0,255,177,157,251,0,235,156,255,151,0,0,121,113,0,73,171,255,0,255
154,28,176,102,255,26,139,180,177,175,158,74,174,203,15,96,149,154,92,122,44,221,142,152,68,158,243,113,185,156,229,113,124,123,150,233,100,51,223,178,118,196,19,84,7,186,0,0,9,225,64,106,143,231,91,100,159,64,201,225,255,68,0,255,195,142,167,129,142,0,163,0,236,110,85,132,144,255,7,160,97,92,227,0,64,138,146,255,60,135,0,203,252,204,124,142,0,63,147,181,255,0,255,223,55,255,255,45,57,255,208,164,61,0,255,133,8,55,0,177,93,56,0,190,255,0,33,255
152,30,168,91,255,33,124,157,160,192,159,96,150,201,58,66,86,126,120,82,8,229,122,127,69,220,190,86,121,111,255,145,137,154,83,213,104,93,193,154,124,179,33,0,110,175,8,39,0,156,52,68,117,255,86,165,147,0,167,255,235,22,0,255,231,174,122,162,135,36,168,101,239,82,101,130,123,198,105,180,69,15,255,0,79,20,174,252,101,119,47,198,229,204,81,150,0,0,49,255,185,0,255,179,21,255,255,0,118,255,255,130,42,0,255,130,22,68,0,218,129,167,0,216,255,196,55,255
151,30,152,70,255,75,140,135,148,211,179,85,157,232,104,70,112,119,128,120,0,255,127,126,142,152,154,85,98,82,196,170,167,155,69,128,85,115,191,200,121,163,24,107,8,56,51,107,38,255,162,0,178,255,121,208,77,0,135,255,233,9,42,255,169,211,170,188,149,94,223,153,255,36,255,80,59,198,201,255,0,113,159,43,97,57,172,255,106,110,0,210,255,160,141,117,0,0,255,245,239,0,221,87,0,255,253,223,106,255,255,178,0,0,255,139,72,87,20,255,60,183,0,100,255,248,95,255
150,29,148,62,255,71,130,112,143,208,170,87,138,249,144,77,101,126,112,95,0,255,154,148,121,209,191,138,66,58,219,178,137,102,102,102,106,70,178,138,122,95,0,126,15,77,92,146,58,255,173,57,131,162,116,186,138,0,127,241,175,1,46,255,147,132,136,171,183,18,206,136,255,65,146,176,53,212,146,255,0,148,178,26,117,82,202,255,94,107,0,227,195,216,154,156,0,0,217,191,255,7,226,81,13,255,209,109,147,255,255,118,0,0,255,105,152,147,0,115,139,167,0,166,234,186,149,255
153,31,166,64,255,66,158,156,164,215,148,103,177,209,77,98,163,150,114,96,24,255,144,137,100,185,185,120,118,98,221,132,191,108,147,204,87,43,181,163,165,123,28,94,0,133,46,57,0,200,83,37,111,255,91,211,125,0,222,243,255,89,0,255,80,181,255,116,131,42,180,82,255,91,102,75,92,255,146,255,76,61,241,1,0,26,84,248,140,78,0,197,255,104,129,131,0,32,10,227,255,0,255,137,1,255,212,20,33,255,255,126,79,0,255,86,17,153,0,209,124,85,0,164,255,60,69,255
170,37,193,117,252,32,132,135,167,215,139,48,101,135,69,74,139,137,213,91,0,220,255,0,90,255,152,55,82,60,184,255,202,152,54,239,106,220,239,103,212,158,123,40,85,148,28,81,44,234,62,51,150,111,122,112,21,84,154,219,215,165,0,255,119,255,145,255,117,28,125,208,218,152,55,147,39,165,164,247,66,0,166,10,79,217,163,214,132,65,62,68,255,89,255,29,15,43,55,226,120,92,125,180,41,226,167,169,74,255,221,209,220,24,255,69,62,0,0,73,120,255,0,56,214,255,108,255
150,28,153,62,255,76,167,121,151,215,145,104,180,231,80,96,154,112,110,89,0,255,131,118,152,137,160,154,76,47,184,143,166,90,159,221,61,51,185,164,212,109,16,175,0,200,121,56,50,231,97,51,82,255,91,208,106,0,240,188,255,88,71,245,95,84,255,124,229,0,174,123,255,187,206,78,141,132,112,201,0,148,200,75,28,73,39,187,80,25,0,181,217,95,188,170,35,0,72,215,255,0,255,218,0,255,180,77,103,255,255,129,21,0,255,109,52,154,0,255,194,47,0,194,255,0,0,255
158,38,178,121,255,10,112,146,155,181,150,68,120,178,55,36,61,141,148,80,0,204,167,125,9,255,153,82,119,134,255,166,113,204,11,255,90,155,174,168,204,157,47,0,176,255,16,26,22,177,0,121,141,244,154,247,156,0,134,255,141,117,0,255,255,189,85,255,178,64,145,107,136,173,21,125,153,110,67,250,154,38,237,8,92,24,166,218,183,131,116,148,255,141,105,48,37,0,0,227,84,0,84,246,0,255,255,81,177,239,255,97,123,0,255,255,136,66,0,182,88,150,0,255,255,255,9,255
155,30,166,58,255,52,167,107,145,231,132,120,107,231,111,99,132,116,188,105,0,255,152,80,85,227,27,153,99,39,149,167,182,130,49,255,14,118,139,160,212,166,0,98,163,239,141,123,97,234,139,33,80,255,197,191,154,38,255,255,181,255,68,0,94,162,255,62,241,0,123,140,146,163,173,68,195,181,135,47,93,167,255,174,14,25,0,68,8,84,0,138,255,120,221,202,0,8,12,187,0,0,0,223,0,255,255,184,108,255,155,170,57,43,255,170,44,0,0,255,255,0,49,255,166,109,22,255
151,25,159,52,255,50,142,133,174,223,147,116,197,229,79,63,157,117,108,102,23,255,156,117,73,217,191,127,84,116,197,125,166,146,81,145,73,98,134,229,152,135,47,59,0,76,39,128,0,246,140,18,124,255,124,195,97,0,77,188,210,65,0,193,34,170,151,111,106,165,217,103,255,67,222,85,53,255,157,255,31,62,208,111,53,100,152,202,82,43,0,250,255,135,143,168,8,0,191,227,179,0,255,0,91,255,243,50,65,255,226,121,0,0,255,113,115,80,141,195,89,228,0,223,255,64,30,255
149,28,163,80,255,50,98,140,167,205,141,78,141,234,128,95,80,135,123,113,7,193,63,195,113,194,255,122,129,0,224,130,188,99,65,138,101,52,201,172,40,145,0,102,99,165,52,93,22,255,109,30,139,235,80,137,94,0,131,255,148,43,0,255,173,157,181,197,198,18,255,105,234,76,69,189,50,255,38,180,12,112,172,0,169,122,189,255,92,153,0,196,208,246,13,139,0,0,255,175,244,0,255,125,90,255,251,1,139,255,185,76,8,0,255,132,220,108,0,22,130,31,0,224,211,105,66,255
156,32,169,100,255,52,139,171,164,215,149,55,170,190,39,65,173,133,126,143,55,252,111,120,83,164,191,128,152,101,233,107,114,166,151,229,27,74,218,136,118,182,6,70,71,198,11,39,21,166,34,145,108,235,75,216,135,16,173,254,222,136,0,255,108,177,205,142,92,35,167,92,255,85,128,127,177,198,8,174,81,126,202,3,25,153,36,145,75,128,24,136,255,59,186,87,0,29,47,255,155,0,255,181,48,255,255,124,83,255,255,125,91,0,255,131,17,120,31,204,74,85,0,199,255,65,48,255
156,35,173,113,255,32,120,191,170,192,163,83,151,215,50,88,127,141,118,115,27,241,145,147,48,185,219,121,133,115,252,156,94,145,94,203,97,88,246,158,104,161,49,63,69,193,0,21,15,222,85,94,147,216,119,167,181,14,131,242,212,95,0,255,206,167,146,178,186,75,220,93,228,98,82,150,80,255,29,255,103,86,195,0,55,103,196,255,116,192,0,204,255,131,149,92,0,52,153,190,255,0,255,202,46,255,255,61,36,255,242,122,94,0,255,237,63,67,0,137,47,92,0,244,255,143,0,255
149,28,153,71,255,69,135,152,156,211,165,81,148,233,109,71,115,114,99,105,33,255,132,157,99,167,239,145,79,86,245,157,161,108,114,169,101,63,185,142,123,129,0,105,42,143,103,83,35,175,118,30,104,188,113,146,115,0,192,224,216,34,0,255,120,165,209,145,124,57,192,93,255,70,77,149,115,255,71,255,0,130,220,0,78,69,132,252,106,117,0,228,206,157,81,161,0,0,151,197,255,0,255,157,0,255,196,13,150,255,255,95,48,0,255,121,147,195,0,128,128,63,0,225,255,60,24,255
149,27,149,65,255,80,138,134,139,221,181,82,161,243,125,77,150,117,117,109,43,255,131,140,137,155,198,135,69,67,185,158,147,116,109,119,93,37,178,167,133,107,19,115,0,87,80,124,14,211,195,9,120,183,88,192,111,0,171,238,205,53,55,255,93,165,215,142,142,92,212,105,255,77,159,127,91,255,112,255,0,110,151,2,65,61,103,241,146,103,0,232,251,105,116,87,0,0,199,202,255,0,255,96,0,255,183,86,95,255,255,111,0,0,255,58,130,217,0,165,85,89,0,118,255,124,48,255
151,21,167,48,252,83,123,118,166,200,148,110,154,214,140,119,117,163,110,109,36,237,83,147,102,165,224,127,133,55,149,144,234,53,75,131,117,46,131,187,112,118,0,157,2,89,64,141,35,255,201,27,136,255,113,110,58,0,125,255,246,28,22,251,105,172,181,85,118,116,246,141,255,111,99,133,67,255,121,211,18,89,145,26,76,117,150,255,129,119,12,234,240,146,22,255,0,0,255,180,255,0,255,0,94,255,99,104,70,255,255,153,85,0,255,80,107,212,0,134,84,82,0,134,186,19,82,255
150,22,150,58,255,65,148,135,164,218,146,109,196,226,90,67,166,92,106,94,35,255,117,102,121,148,191,166,82,90,182,114,143,108,111,180,56,64,158,173,175,127,41,75,0,173,88,105,0,191,145,15,75,244,74,145,123,0,145,193,198,92,29,154,65,97,186,85,167,69,168,95,255,155,184,73,120,229,137,249,0,135,229,106,64,112,73,230,116,50,65,220,192,124,131,163,20,17,181,240,241,0,255,90,0,255,207,22,113,255,214,170,9,20,255,54,138,192,38,199,175,21,0,134,255,0,0,255
151,14,158,49,242,78,116,125,171,201,147,95,160,222,119,85,140,131,115,127,78,175,62,164,131,133,255,178,133,53,109,97,193,78,73,136,127,27,191,136,160,123,0,167,14,199,90,116,35,234,235,38,59,105,89,41,87,0,168,255,156,73,19,195,102,155,203,96,176,0,255,108,224,125,124,158,152,181,140,190,0,160,191,2,128,172,69,153,74,125,77,186,213,164,1,255,0,17,230,225,188,0,252,148,120,255,141,51,159,255,216,255,36,35,255,21,147,255,0,185,47,0,0,82,174,3,50,255
151,24,161,59,255,63,169,152,171,226,138,120,196,224,75,76,182,130,97,95,52,255,136,112,91,148,192,158,111,119,165,94,209,61,163,207,82,53,166,189,201,150,43,146,0,167,98,87,0,191,96,0,72,255,93,168,115,0,228,175,245,113,37,255,32,129,255,42,135,60,171,83,239,168,171,25,117,255,103,243,66,114,220,56,0,79,26,214,116,39,17,198,215,105,88,175,28,35,101,195,255,0,255,122,0,255,179,22,92,255,255,122,63,0,255,66,42,185,0,255,135,20,0,250,255,0,0,255
153,29,171,88,255,42,148,180,178,219,124,109,199,203,2,61,195,125,84,103,43,255,145,122,94,139,215,170,118,139,184,77,137,66,148,241,78,50,201,165,243,165,49,179,0,255,63,0,0,162,63,79,70,218,124,184,164,0,158,112,226,134,9,232,114,83,245,75,145,0,166,87,247,179,152,32,107,240,14,255,136,134,200,66,6,106,72,229,149,49,66,187,189,73,92,73,44,66,36,169,252,0,255,228,0,255,153,0,10,255,255,111,45,0,255,154,53,240,0,255,71,21,0,255,255,32,0,255
159,33,181,134,255,6,110,190,167,172,159,93,154,180,13,46,94,140,129,87,5,186,147,110,7,217,220,104,134,153,235,163,92,195,61,230,123,108,222,145,190,202,91,0,109,255,0,0,0,119,50,165,168,214,154,173,197,20,137,214,207,63,0,255,255,152,97,201,147,0,120,95,130,185,0,124,145,160,0,201,194,65,170,0,97,105,137,183,130,143,127,126,240,226,107,92,12,16,0,180,167,0,130,237,67,255,253,9,86,255,255,26,85,0,250,182,86,130,0,128,5,108,0,255,255,164,0,255
158,29,183,93,249,28,166,163,180,218,127,88,179,189,8,74,136,149,94,128,56,224,162,116,52,172,193,163,181,150,132,128,142,106,157,255,93,63,255,167,255,126,0,240,13,223,0,0,17,206,121,140,170,174,149,52,158,117,223,222,255,204,0,255,155,92,244,138,182,0,178,84,175,221,127,151,127,246,0,138,136,122,219,68,45,109,101,255,72,129,50,151,165,158,254,114,0,160,16,147,255,0,222,255,22,255,232,54,0,255,176,182,18,74,255,106,53,58,0,248,150,14,0,255,255,21,0,255
151,23,155,57,254,52,167,145,174,237,134,120,190,234,51,66,175,85,91,83,62,255,142,88,97,158,212,205,103,115,124,91,183,38,184,234,71,54,222,170,255,131,25,221,0,255,154,27,0,163,122,0,53,254,105,104,107,0,238,155,217,159,49,190,39,36,255,3,204,0,167,110,238,188,212,35,107,249,106,205,42,182,236,123,22,63,26,174,82,0,0,224,147,126,157,158,105,34,24,190,255,0,255,130,0,255,161,0,72,255,191,60,9,0,255,57,61,186,0,255,183,0,0,255,255,0,0,255
152,26,164,92,254,46,148,155,177,206,138,106,195,210,47,50,157,121,100,120,40,255,163,132,73,146,206,116,101,127,189,150,161,114,116,219,100,70,178,138,178,168,37,115,9,175,10,58,0,185,105,82,75,183,98,113,114,15,184,225,227,89,0,255,126,143,255,151,137,0,166,82,189,170,138,65,170,255,35,230,35,110,190,12,69,123,15,190,79,3,56,154,170,143,141,57,9,58,68,205,255,0,255,186,0,255,194,47,51,255,255,176,72,44,255,43,96,98,0,238,157,46,0,255,255,76,0,255
153,30,162,90,255,44,124,165,168,216,160,103,162,218,89,56,123,98,134,87,0,255,119,96,84,227,183,127,102,73,213,176,142,143,104,158,82,114,205,137,196,160,64,49,42,205,16,55,0,160,102,61,125,255,122,184,137,0,148,255,223,103,0,218,145,151,201,152,138,63,167,193,230,116,145,59,134,206,82,235,65,112,171,74,52,56,35,193,69,85,66,161,244,147,206,128,0,0,34,225,162,0,172,56,21,255,199,25,52,255,255,32,17,0,255,128,72,178,0,237,108,140,0,255,255,148,0,255
154,32,155,66,255,77,170,133,172,209,137,105,223,218,32,67,242,137,158,61,0,255,155,96,115,139,197,204,27,128,155,121,202,113,127,188,62,67,204,202,255,148,89,192,7,255,144,84,0,172,142,98,70,255,168,255,132,0,155,196,255,66,30,252,193,120,255,82,178,74,173,141,255,190,165,0,162,67,200,212,139,249,198,152,0,86,14,97,158,0,0,124,255,104,141,134,122,19,0,122,104,0,255,255,0,255,129,60,62,187,255,202,129,2,255,72,32,255,33,255,6,101,0,175,255,0,71,255
151,26,147,58,255,65,153,120,152,219,162,117,144,239,122,58,109,88,126,83,8,255,142,82,91,224,160,142,46,67,234,149,156,138,79,160,75,99,154,154,195,114,15,44,51,156,98,145,0,192,135,52,56,255,162,209,104,0,209,234,183,121,0,189,117,114,255,136,193,58,145,161,255,141,121,111,126,225,130,255,0,110,200,40,57,22,34,114,27,8,2,247,255,140,255,153,47,0,0,217,168,0,201,49,0,255,222,0,207,255,255,9,0,0,255,126,152,160,3,199,167,141,0,255,255,91,0,255
149,23,145,66,255,73,130,125,150,215,168,90,155,234,123,52,108,98,117,83,19,241,113,122,116,196,177,130,68,45,192,194,166,112,101,150,86,51,150,150,171,118,9,83,23,149,88,100,0,186,155,12,89,196,126,135,97,0,178,232,207,72,0,216,125,124,233,119,106,79,175,135,255,116,128,142,114,224,118,242,0,95,183,38,97,80,74,175,37,55,21,145,223,158,155,210,4,0,128,244,253,0,255,44,0,255,215,6,130,255,255,115,20,0,255,71,119,196,20,96,164,35,0,197,170,45,36,255
150,23,146,59,255,52,133,114,147,214,157,141,160,253,110,58,96,90,123,37,4,255,86,98,74,255,140,107,29,41,235,187,201,137,48,149,81,117,114,174,222,140,51,25,72,182,38,118,0,188,155,3,45,255,152,150,82,0,187,255,212,101,8,89,114,85,235,126,130,82,195,174,255,159,162,73,128,228,139,173,0,116,214,93,117,47,83,129,9,0,82,143,255,231,218,255,63,0,61,235,122,81,152,0,0,255,255,11,136,255,255,153,0,0,255,56,118,162,50,182,210,139,0,248,255,83,0,255
149,24,142,49,255,83,148,104,137,223,146,141,131,255,125,87,98,104,114,75,0,250,65,93,151,226,113,118,50,0,231,189,171,132,80,162,79,114,138,133,228,125,0,108,42,172,107,141,7,255,150,12,65,255,204,200,70,0,238,255,218,123,55,120,123,57,236,175,169,3,182,216,255,176,202,34,118,179,142,190,0,115,166,74,68,48,70,108,0,0,0,193,255,208,255,204,72,0,40,240,210,97,118,3,0,255,203,61,161,255,255,80,0,0,255,127,111,179,0,255,200,83,0,229,230,60,0,255
151,22,155,76,255,49,131,111,174,207,125,106,169,211,71,59,103,89,140,99,8,223,110,100,86,184,178,142,105,42,180,145,172,126,89,191,48,101,186,132,180,140,0,87,129,216,86,84,0,221,98,91,53,232,118,116,78,0,154,236,223,74,0,147,114,121,172,138,142,0,177,160,174,179,172,110,161,167,111,133,32,93,189,86,136,128,2,145,24,0,90,174,130,121,160,211,41,0,37,225,203,0,104,86,30,255,206,0,108,255,234,113,39,49,255,77,126,57,0,255,100,45,0,255,160,51,9,255
147,18,144,62,255,73,137,126,177,203,130,110,202,229,47,50,196,97,132,92,35,253,92,158,153,126,183,163,72,64,174,116,137,111,91,134,61,72,180,134,204,155,26,105,47,170,95,143,0,229,160,29,63,211,140,123,157,0,104,205,212,71,0,115,117,88,189,139,171,11,242,80,248,139,225,44,119,127,219,176,0,126,255,124,87,124,87,150,58,0,45,192,222,101,67,205,16,0,144,255,239,0,229,178,12,255,255,19,148,255,255,255,15,70,255,71,128,172,22,255,85,0,0,121,255,0,0,255
149,18,148,47,255,41,122,104,181,231,149,160,162,255,141,80,101,116,137,62,5,232,30,114,142,238,135,144,63,0,147,163,162,142,24,139,53,153,53,209,165,136,0,0,152,157,135,214,0,255,178,0,45,255,216,195,77,0,156,246,217,147,0,0,22,118,121,91,190,92,225,168,165,78,192,0,190,230,198,134,0,132,225,139,149,213,87,87,0,0,0,122,238,110,213,255,0,0,211,255,196,0,77,0,50,255,255,64,42,255,45,186,0,60,255,98,209,0,0,230,232,0,0,242,112,194,9,255
151,25,164,59,255,62,135,131,188,209,131,144,217,204,73,65,151,146,162,112,8,255,106,144,104,122,169,127,66,50,182,153,205,141,30,98,84,152,134,187,202,178,57,81,1,55,7,177,0,255,215,44,147,255,98,173,138,0,61,255,255,73,44,151,72,203,204,145,114,132,255,147,187,103,255,23,105,142,173,254,89,103,209,143,28,124,35,167,81,0,125,171,254,181,107,230,0,0,237,255,176,0,220,40,16,255,251,157,14,255,255,241,84,0,255,118,124,87,49,255,96,208,0,197,255,151,27,255
151,28,155,55,255,66,146,145,172,218,155,116,214,255,91,69,200,132,127,85,31,255,188,147,70,126,214,159,1,127,165,111,188,149,98,96,63,63,160,255,167,132,87,104,0,119,72,172,0,247,194,12,72,255,124,226,140,0,105,197,253,53,53,185,26,199,255,84,130,140,251,65,255,75,245,41,109,211,179,255,50,210,213,125,69,149,67,149,68,0,5,194,255,61,85,184,0,0,181,181,255,0,255,62,0,255,207,90,2,255,255,150,7,0,255,169,88,206,76,223,40,128,0,235,255,0,92,255
152,29,151,46,255,96,137,145,162,217,156,114,196,236,108,112,137,191,125,154,41,255,138,174,154,56,206,142,21,48,185,130,164,200,63,55,59,68,178,230,129,146,39,150,0,25,30,205,33,255,243,26,142,255,118,245,134,0,54,255,255,0,107,255,22,201,180,164,160,159,247,94,255,6,255,107,13,182,150,255,6,232,218,56,24,155,233,222,71,52,0,255,255,197,84,190,0,0,255,204,255,0,255,60,57,255,218,253,0,255,255,187,21,0,255,113,77,152,64,176,0,192,0,54,255,65,170,255
151,29,150,54,255,76,151,148,170,219,162,107,219,255,85,81,202,140,139,117,41,255,190,171,121,58,235,178,0,73,145,119,168,162,76,63,62,71,176,249,147,125,52,147,0,121,33,179,0,255,255,12,87,255,114,189,150,0,84,195,255,79,85,221,53,142,255,135,182,114,255,74,255,49,255,70,64,174,140,255,36,255,219,183,44,135,108,175,45,0,0,243,255,105,84,197,0,0,255,205,255,0,255,126,2,255,239,201,0,255,255,205,0,0,255,141,0,139,75,217,41,77,0,142,255,0,58,255
154,28,156,78,255,65,150,144,188,221,137,130,212,209,70,63,181,131,153,147,4,255,176,162,115,82,183,147,46,56,129,152,166,150,16,79,66,110,201,197,211,163,67,123,0,84,0,161,0,255,255,73,138,255,156,206,132,29,73,180,255,95,63,217,58,200,239,181,160,25,248,137,221,84,255,92,46,188,163,255,83,208,150,166,44,133,64,96,72,0,0,220,255,131,168,135,0,0,199,255,255,0,231,64,90,255,232,199,0,216,255,133,0,0,255,82,0,3,3,255,24,144,0,174,255,136,35,255
149,17,154,62,250,84,133,115,170,210,126,116,183,218,54,73,155,125,136,131,64,201,25,181,173,143,154,139,124,77,162,149,107,119,63,174,113,129,167,87,149,165,0,127,51,112,89,108,52,218,133,0,103,164,85,79,173,13,122,242,233,59,42,159,111,64,111,136,162,17,229,90,159,187,195,60,88,172,217,182,0,100,242,124,68,114,139,255,139,0,86,193,202,159,20,236,20,21,255,255,248,0,197,143,97,255,255,115,226,255,255,255,74,52,245,0,176,147,0,255,112,5,0,1,160,83,0,255
149,17,160,61,255,65,136,139,190,210,125,139,197,214,66,62,157,121,124,133,53,223,49,119,133,132,163,153,153,87,152,94,162,76,36,112,128,151,149,179,177,234,24,71,0,99,34,149,0,255,228,0,186,255,151,76,118,0,18,236,220,0,0,118,81,134,162,105,91,114,228,230,213,115,255,0,27,231,183,246,11,48,167,221,37,129,175,245,126,0,126,239,210,255,0,254,126,0,255,255,171,0,210,0,222,255,183,118,121,255,229,255,49,0,255,197,117,31,118,255,0,162,0,96,255,15,19,255
154,30,171,89,255,54,125,147,181,200,133,116,220,190,21,59,184,126,150,112,0,255,156,120,55,143,190,87,83,110,167,111,204,115,28,96,69,131,170,253,209,255,105,41,0,144,0,90,11,237,176,116,124,255,130,185,81,0,42,242,233,17,17,170,105,245,248,115,144,120,255,185,255,147,255,50,75,214,125,221,102,78,90,113,79,159,13,126,90,16,155,118,255,147,47,193,90,0,188,193,0,0,179,114,7,255,244,170,35,255,255,180,80,14,255,128,101,100,83,255,0,255,0,244,255,135,51,255
151,19,155,84,255,74,130,143,184,191,115,130,199,162,1,38,211,80,155,147,29,255,116,170,138,51,167,128,72,81,202,166,113,150,20,116,87,91,171,117,172,255,84,40,41,117,0,127,73,149,116,67,130,245,105,145,173,0,56,255,255,55,52,180,105,155,218,132,110,76,151,134,156,183,255,43,106,100,105,234,58,106,194,27,0,135,0,118,115,12,66,179,255,82,65,226,44,0,193,255,102,0,215,121,28,255,197,124,211,237,255,255,220,50,255,0,89,210,0,255,0,90,0,61,255,80,0,255
