153,31,145,57,255,87,163,90,108,220,134,103,106,234,170,112,34,165,137,91,0,247,73,69,175,214,87,163,76,33,255,192,104,129,73,190,136,68,148,157,167,83,40,105,54,127,38,98,115,255,241,73,81,195,85,203,135,0,166,221,189,57,164,255,192,22,157,251,142,32,136,134,255,198,141,0,44,209,129,231,0,221,187,194,48,0,255,255,193,127,6,255,219,205,213,121,0,0,255,157,252,0,123,151,0,211,156,17,130,200,255,217,0,0,166,0,139,246,0,221,200,144,0,154,250,196,73,255
148,22,139,59,255,45,140,106,146,191,152,97,128,233,226,101,4,183,138,68,0,255,120,68,144,215,179,134,7,57,216,230,158,74,94,158,207,42,66,217,129,41,76,100,0,121,52,125,19,255,239,0,29,172,60,150,113,0,143,187,191,55,64,255,178,77,164,203,98,0,156,32,255,147,198,57,104,248,148,201,18,255,248,161,125,6,255,255,96,158,0,221,214,207,254,187,0,0,255,111,255,0,255,33,0,255,218,0,29,151,255,255,0,0,153,0,153,225,0,142,206,104,0,167,255,131,169,255
157,20,142,97,203,0,129,81,141,151,159,87,162,164,203,81,88,160,158,76,40,255,159,68,48,152,198,193,86,154,213,153,109,47,105,155,210,43,154,163,93,122,46,76,12,133,73,139,44,128,255,35,65,134,131,108,210,0,100,116,160,61,52,255,156,234,88,100,147,36,150,89,252,130,72,133,119,179,217,149,195,178,220,118,102,41,233,163,238,111,89,238,179,175,125,159,0,0,135,207,255,0,255,61,44,255,86,30,35,188,243,172,27,111,92,21,134,244,0,85,73,76,0,189,255,146,160,255
153,26,153,56,255,42,129,117,167,185,122,118,134,209,176,121,53,193,139,50,0,232,114,83,116,193,228,189,45,83,236,158,180,90,48,153,189,96,120,201,121,88,69,77,38,72,75,104,13,255,255,28,89,227,85,129,149,25,160,246,194,70,35,227,110,126,159,181,149,28,199,94,255,102,171,90,66,188,117,210,112,245,255,114,87,63,255,255,145,143,0,252,228,255,139,226,0,0,255,178,255,46,244,0,0,255,240,57,15,182,255,219,5,22,172,42,71,97,0,124,168,104,0,219,255,140,66,255
147,19,139,52,243,19,125,103,147,186,156,110,118,220,240,72,12,148,118,21,0,255,142,67,115,217,218,186,0,89,238,220,171,60,52,163,214,46,50,191,134,62,98,76,18,170,96,128,10,240,241,0,10,174,91,79,102,0,106,208,120,32,13,231,165,54,172,138,130,8,136,25,248,106,148,78,173,231,99,246,10,255,255,111,110,42,255,252,97,208,37,195,198,255,224,255,0,0,253,161,255,6,255,0,0,255,215,0,82,67,255,255,0,18,93,0,155,255,0,98,197,39,0,212,239,99,178,255
150,24,136,104,228,0,89,109,169,179,139,95,136,195,188,47,64,172,168,73,3,236,119,33,106,148,223,203,0,124,246,155,136,39,8,166,230,96,88,186,81,155,69,31,123,188,143,128,0,147,255,2,39,109,137,80,173,0,144,179,149,63,18,181,143,156,190,122,230,0,222,72,197,147,211,171,201,193,75,185,149,255,163,77,136,6,255,251,183,167,183,190,178,239,164,140,0,0,255,141,255,81,201,23,0,255,255,118,97,23,255,138,0,131,36,16,121,48,0,187,99,85,0,254,255,255,0,255
153,26,153,99,243,21,107,116,150,181,150,102,127,190,170,82,51,169,120,72,3,215,71,58,81,190,198,172,116,120,233,132,129,81,113,167,162,56,154,177,74,174,42,75,70,166,87,86,44,184,219,47,92,160,68,72,179,57,148,201,188,50,30,237,165,130,130,124,201,31,186,107,255,131,169,143,108,196,93,167,148,218,197,105,122,43,231,255,167,157,110,177,130,255,109,195,0,0,240,203,255,49,255,70,12,255,207,85,52,217,251,134,60,57,132,105,93,26,0,77,85,55,0,235,255,227,0,255
155,26,139,109,227,0,97,89,136,159,141,115,162,150,193,68,89,156,185,64,16,244,69,43,82,175,191,197,94,145,240,143,116,70,13,180,151,103,105,94,91,177,40,48,77,200,104,63,82,155,250,12,110,203,140,113,164,53,80,175,152,84,28,159,108,171,115,150,236,0,170,103,128,120,234,130,209,126,148,211,132,255,116,88,78,55,243,251,255,85,168,146,195,255,58,161,30,0,252,186,255,108,90,0,37,169,204,97,35,93,255,159,0,148,73,50,69,67,0,218,153,182,0,240,255,255,0,255
153,19,135,106,205,0,126,77,137,161,167,114,162,168,220,56,90,147,195,60,42,252,87,26,98,139,183,205,66,130,227,177,127,4,46,152,220,85,127,110,145,152,48,77,38,179,105,113,74,132,255,2,69,159,156,89,217,0,123,184,150,93,10,244,170,197,173,125,211,0,159,133,186,168,143,144,194,127,150,135,165,226,214,62,85,74,245,175,233,76,207,158,237,255,125,193,57,0,149,238,255,97,192,47,0,226,206,43,89,111,255,236,97,95,179,85,78,165,0,203,98,78,0,165,255,254,78,255
155,20,147,88,213,0,129,84,168,162,152,95,132,171,209,91,86,176,197,76,19,244,127,66,71,187,185,179,78,137,229,194,126,65,81,166,143,74,112,123,94,131,82,77,115,156,90,120,31,206,218,23,107,218,150,70,175,0,40,219,167,84,29,154,141,143,91,103,198,36,221,42,133,128,167,107,177,154,198,74,161,255,255,155,77,77,255,217,187,50,82,172,255,255,127,228,0,0,146,202,255,15,174,9,33,255,200,78,2,71,255,132,25,98,131,0,26,91,0,170,121,24,0,255,232,178,239,255
153,17,135,79,207,0,145,73,156,175,158,83,137,204,187,62,105,130,170,106,59,250,131,47,67,161,170,222,15,134,174,146,99,16,80,167,185,60,75,115,159,124,71,74,46,214,97,123,44,160,214,43,101,105,187,51,183,0,69,143,107,23,0,140,160,138,94,65,187,0,170,36,246,102,169,101,200,105,171,116,148,255,255,237,108,67,202,100,129,32,147,196,204,255,98,255,96,0,113,255,222,0,137,25,0,231,254,39,100,40,255,151,0,136,140,0,61,81,42,239,155,0,0,206,255,112,169,255
153,19,135,88,195,0,126,59,134,164,147,128,149,176,189,53,120,143,156,80,40,255,105,39,69,170,161,214,41,122,208,161,110,20,60,155,173,40,88,79,164,127,31,84,22,209,73,133,61,117,220,35,131,132,203,61,195,0,53,146,154,40,82,125,178,123,96,88,221,0,202,12,255,146,184,152,185,79,133,195,139,255,206,148,95,88,208,153,228,81,152,144,234,255,113,244,39,0,179,244,255,38,223,0,23,180,179,0,79,0,255,112,0,91,96,0,60,224,0,182,74,120,0,228,252,201,108,255
149,19,122,71,232,30,134,58,124,182,163,122,137,225,142,62,148,109,187,88,8,251,54,61,124,227,100,189,11,49,210,220,109,34,2,155,133,16,0,78,230,100,32,33,75,240,42,105,93,191,247,10,130,27,231,74,236,0,118,121,110,78,38,7,185,107,83,89,154,0,133,4,255,176,151,149,135,161,135,189,64,255,245,130,124,94,223,97,223,22,131,150,194,255,112,255,34,0,175,171,255,134,88,12,0,96,255,0,224,106,255,232,0,95,255,0,126,143,141,185,119,54,132,105,241,122,0,255
149,21,120,44,255,75,137,38,113,223,156,61,73,255,71,82,190,71,208,105,40,242,0,88,189,255,0,210,128,17,157,255,66,91,0,172,92,119,0,110,229,115,0,117,255,255,13,149,215,232,255,0,108,43,254,90,238,0,232,214,51,218,29,15,170,62,70,55,176,109,83,34,146,206,106,97,162,255,66,207,15,133,244,2,103,10,154,113,255,17,0,214,148,216,77,76,27,53,214,62,185,123,40,117,0,230,223,78,255,255,255,255,0,152,202,106,184,59,103,152,121,0,241,255,21,186,22,255
159,24,142,93,209,0,111,51,132,151,156,119,108,129,192,98,136,178,203,70,6,255,98,41,44,211,140,217,122,151,248,151,88,89,66,145,95,8,67,64,135,145,86,11,97,252,79,111,73,116,168,116,185,157,184,88,183,24,0,184,171,69,122,102,76,124,44,77,255,27,162,2,122,83,215,161,123,33,122,167,138,255,152,152,50,62,171,159,255,111,101,21,249,255,130,255,0,0,158,255,255,109,86,18,133,33,116,33,46,0,255,57,14,79,49,0,38,179,0,126,98,143,0,124,246,167,85,255
160,14,141,106,175,0,141,41,137,121,153,113,124,148,225,131,150,177,199,72,47,255,116,28,3,166,149,210,186,162,255,209,90,60,84,109,139,51,147,58,149,100,88,68,0,225,65,115,118,16,177,142,186,187,211,110,218,0,0,162,74,58,133,112,103,181,0,103,251,21,248,0,146,63,212,23,77,13,132,131,163,255,255,147,60,142,255,245,255,117,49,129,255,255,137,255,0,0,134,255,255,116,129,25,119,0,172,19,49,0,255,169,152,58,169,116,10,255,6,255,91,138,0,120,255,108,249,255
156,19,149,51,221,4,152,82,139,143,153,108,78,205,212,148,76,178,127,43,0,255,178,61,8,255,160,195,124,155,247,212,126,112,118,146,145,23,23,128,163,55,97,21,71,153,18,108,41,176,95,46,198,208,117,57,174,0,0,246,70,21,107,58,142,46,0,95,230,31,67,0,255,53,190,0,160,125,122,232,3,255,255,255,0,96,228,255,162,208,0,149,202,255,206,255,0,80,236,254,216,52,251,0,103,119,114,25,85,0,255,213,80,0,57,0,100,255,82,0,255,176,0,98,255,20,255,255
161,17,147,99,184,0,138,52,139,116,149,100,133,145,204,116,110,196,138,80,55,255,118,65,0,173,185,222,168,164,221,151,103,77,98,138,206,3,142,114,162,111,49,116,0,177,89,114,105,38,211,113,184,133,177,146,216,0,40,105,99,52,55,182,182,242,0,83,219,24,149,6,213,100,108,90,68,50,200,145,196,255,252,113,130,143,255,175,255,117,5,196,198,255,78,217,0,0,133,255,255,100,230,62,175,90,58,36,74,67,255,149,102,50,107,74,60,255,11,111,74,41,0,139,255,61,193,255
154,19,135,88,189,0,130,47,134,158,164,137,170,152,197,38,121,163,177,103,55,255,91,6,46,157,139,232,24,165,187,132,98,21,30,125,224,3,80,114,168,161,32,87,0,195,87,122,103,100,255,76,149,153,245,88,187,0,49,141,187,87,41,94,154,214,139,64,255,0,162,24,255,133,210,174,194,20,104,143,218,255,188,131,80,127,191,92,190,155,194,68,255,255,137,255,0,0,156,253,255,49,230,0,71,191,235,0,72,5,255,140,0,104,51,0,19,190,41,247,76,103,0,164,255,167,40,255
156,20,147,94,206,0,140,60,149,168,127,124,150,180,165,77,126,149,140,98,57,250,63,55,66,144,128,242,112,117,181,137,112,15,43,194,143,57,170,84,174,148,0,135,69,251,98,135,99,146,255,90,139,199,185,48,158,0,70,154,166,88,38,110,207,148,88,96,207,0,193,61,178,183,232,170,188,109,197,49,154,255,214,203,109,59,192,132,155,22,136,168,133,255,80,221,88,0,167,251,255,0,122,105,51,166,183,0,78,68,255,132,0,151,194,11,0,47,0,255,126,33,0,241,254,88,117,255
