149,3,173,131,194,82,75,96,88,250,148,77,145,146,84,82,164,108,163,116,62,255,106,103,9,212,89,138,139,130,189,115,105,134,70,98,122,64,174,35,209,178,26,169,148,158,98,120,50,126,250,111,134,102,36,93,163,24,140,255,154,33,70,238,134,84,60,120,168,176,77,124,178,220,127,124,28,255,111,179,166,119,156,174,202,255,78,188,255,105,212,140,68,125,74,142,150,97,2,28,175,116,169,0,158,59,255,0,122,40,76,157,97,0,103,0,51,177,72,255,255,77,90,95,79,102,93,255
149,0,181,140,199,88,97,117,77,241,129,34,112,110,121,99,183,171,168,124,21,239,212,76,15,180,125,164,174,150,97,123,138,81,112,127,86,72,139,0,159,147,0,194,153,133,43,165,44,174,226,114,103,220,130,133,197,0,116,243,157,56,12,232,138,82,208,151,250,238,131,86,227,183,147,165,83,226,145,203,91,230,210,154,169,204,121,167,219,155,50,162,80,101,75,137,51,119,6,98,129,0,217,0,77,158,255,77,182,160,31,0,62,32,181,106,182,140,0,195,255,147,34,175,75,59,0,255
146,0,159,140,171,56,48,114,68,212,200,20,152,155,91,100,170,163,169,63,6,255,231,96,58,121,146,176,88,145,41,138,140,157,127,93,57,27,88,64,185,148,0,193,101,165,69,205,7,128,200,0,162,197,121,156,239,19,112,255,122,0,33,247,80,96,111,100,144,195,168,18,255,124,161,49,158,210,219,189,89,255,237,57,249,193,236,142,197,193,0,127,132,144,16,109,141,118,72,0,244,2,255,0,55,68,255,29,207,224,125,82,121,0,255,31,234,137,7,255,255,138,0,94,208,158,0,255
146,0,150,156,162,47,38,114,75,207,217,32,169,187,136,115,158,87,155,52,34,255,185,121,57,114,127,191,96,132,84,98,143,147,91,144,66,48,110,160,237,193,15,254,106,188,83,161,59,112,158,0,137,155,91,75,220,49,77,255,146,17,59,255,0,191,135,80,212,255,140,84,255,126,134,134,20,220,220,191,67,255,247,198,192,102,213,175,220,95,0,153,199,134,0,116,114,124,101,91,255,0,255,82,44,104,255,53,255,233,116,147,116,0,255,88,255,255,3,255,255,115,0,215,255,74,68,255
151,0,182,135,181,80,97,111,84,244,139,14,128,130,108,73,177,171,183,75,51,231,234,104,10,189,139,138,164,130,28,123,162,98,132,71,64,48,140,33,171,175,0,221,77,220,82,131,0,128,239,101,140,255,125,149,182,0,111,255,129,90,70,206,116,61,172,196,241,215,97,85,209,156,203,162,34,255,142,220,113,246,238,92,209,179,138,155,255,210,92,166,134,123,126,70,122,157,72,20,134,73,255,74,111,120,214,100,162,191,130,28,78,0,216,123,244,154,0,101,129,193,116,193,158,143,0,255
149,11,165,113,219,76,100,100,123,223,127,57,159,182,82,83,200,115,109,159,66,223,107,141,63,203,107,105,144,159,137,138,45,161,92,194,111,62,88,103,99,195,0,86,68,70,81,132,82,159,102,0,144,54,102,104,227,1,143,196,135,53,0,222,141,75,101,80,210,185,125,136,255,255,95,174,132,255,75,255,67,89,201,197,123,207,115,232,255,92,159,223,218,162,76,105,181,16,190,158,125,65,147,122,65,214,255,171,227,53,186,190,167,131,131,0,148,135,190,120,255,187,45,0,128,1,0,255
148,0,166,116,175,80,36,114,77,211,173,5,157,165,119,141,210,142,140,103,0,255,255,86,53,128,177,116,105,136,98,133,174,98,161,104,18,51,81,135,239,147,0,249,45,255,130,197,78,135,174,117,182,179,158,96,218,0,74,243,127,0,52,202,116,147,115,141,179,176,116,25,181,164,94,127,86,255,139,212,89,241,123,135,189,217,178,115,152,149,81,219,251,93,107,37,122,0,133,66,255,33,255,29,86,0,255,209,255,255,131,168,0,65,198,0,255,216,0,255,255,0,0,231,255,255,0,255
149,0,174,105,185,92,15,112,68,246,152,26,117,161,69,182,216,156,103,194,4,255,231,3,57,143,197,162,127,158,125,156,248,0,220,128,0,93,101,52,117,212,0,83,86,158,68,149,59,166,152,80,143,230,219,162,255,0,198,194,140,0,0,148,232,65,163,87,168,182,61,73,131,230,5,44,255,207,208,255,99,255,64,141,172,255,203,63,228,90,111,105,255,173,238,0,57,0,113,171,255,0,255,119,236,47,255,232,255,232,11,80,0,164,255,7,255,253,0,217,175,98,5,255,229,255,0,255
156,0,162,133,188,78,70,101,90,216,104,29,141,113,111,106,160,163,161,115,37,199,198,65,38,174,116,142,157,130,43,146,135,123,166,131,48,53,81,2,139,150,38,157,159,63,41,162,4,155,181,116,120,210,165,157,255,10,109,254,136,21,56,224,53,139,172,167,226,189,141,124,249,214,86,120,93,255,188,169,35,153,213,153,90,114,110,124,255,150,86,177,144,105,96,120,136,188,22,24,199,20,186,0,40,121,205,88,142,222,147,14,36,91,189,0,220,99,0,174,128,255,118,226,223,97,0,255
182,20,130,113,232,51,58,123,30,202,79,102,178,113,144,73,161,131,201,127,33,175,128,132,119,168,157,153,195,171,98,89,248,153,136,187,104,57,45,106,115,143,12,0,126,167,128,190,49,242,139,81,78,185,95,143,171,128,104,141,204,110,0,123,139,206,101,64,205,51,220,177,214,251,94,185,155,215,109,159,40,255,57,101,172,83,255,192,111,218,34,86,70,156,9,71,58,47,255,24,255,49,235,151,76,174,95,255,165,188,142,90,19,43,155,31,120,255,0,151,244,255,24,58,198,98,184,255
179,31,147,125,232,17,42,91,28,158,95,66,147,124,157,59,167,134,140,83,63,170,103,100,99,181,208,132,216,186,145,63,138,129,167,207,119,108,59,105,114,158,16,0,123,126,131,144,99,206,156,97,79,174,81,146,250,102,63,180,114,186,45,162,103,213,98,111,184,96,175,136,227,164,121,213,171,168,153,135,98,255,68,48,58,0,254,208,136,179,35,56,187,143,12,99,118,89,182,107,253,44,141,174,130,187,105,255,55,237,115,172,48,211,182,106,178,190,0,44,255,255,173,184,255,255,168,255
179,25,138,123,239,39,62,103,30,182,92,110,159,129,135,80,160,129,150,112,71,184,77,93,98,192,127,129,177,179,146,104,174,173,145,235,101,81,55,89,126,135,27,57,75,173,84,155,45,220,122,96,66,190,64,140,194,105,87,207,179,116,78,136,152,164,84,76,185,37,185,195,205,182,179,139,132,255,168,113,74,204,41,99,97,0,250,252,56,235,37,75,101,143,11,109,102,119,226,69,255,92,143,146,31,151,80,214,114,189,165,169,22,85,140,118,147,255,0,80,255,255,176,154,200,240,207,255
173,36,152,147,255,33,53,129,104,146,126,92,150,128,123,88,160,148,104,122,36,223,68,94,104,156,112,97,171,175,176,99,57,139,132,255,44,78,105,122,76,194,49,132,76,238,76,78,32,217,68,119,69,181,102,177,218,0,52,208,140,76,66,163,207,223,111,119,219,65,171,190,210,178,255,138,180,176,152,123,109,217,51,20,40,0,255,255,185,165,23,46,141,83,29,100,112,89,132,41,255,71,32,170,0,255,15,214,198,71,255,255,38,95,174,183,205,255,0,52,187,255,54,255,255,255,179,255
178,29,149,109,228,44,67,107,35,211,97,114,141,147,131,92,132,139,124,148,79,213,99,77,107,229,72,143,171,202,121,70,183,168,113,218,86,70,96,129,94,178,44,66,93,215,67,108,46,192,110,121,99,167,138,126,203,83,39,187,127,116,45,148,154,178,83,79,168,56,126,191,235,145,201,160,191,226,190,163,93,221,109,127,101,0,239,235,72,255,0,67,59,113,0,168,84,78,145,112,255,29,165,104,26,243,40,126,149,189,68,183,6,128,215,0,156,255,0,26,255,255,160,151,167,187,160,255
183,19,133,105,210,48,69,99,15,221,92,87,147,128,129,81,165,111,183,125,62,232,131,154,96,209,150,194,200,220,117,66,194,105,207,140,207,33,61,81,141,222,85,50,148,151,125,178,121,241,165,139,35,155,173,186,202,90,95,205,134,123,13,188,141,143,27,76,222,189,148,123,186,178,91,123,137,189,172,100,117,255,213,106,64,49,255,197,144,156,47,122,132,214,56,33,0,54,222,94,255,0,227,123,99,73,127,154,79,202,89,150,97,136,244,0,144,196,0,190,255,255,31,33,255,78,140,255
176,17,127,119,238,45,62,105,50,196,82,131,140,103,132,58,196,79,184,130,25,195,120,107,109,138,154,127,162,182,169,57,157,144,125,215,68,93,38,105,117,154,7,29,157,179,103,218,55,236,143,163,29,173,154,181,206,67,118,127,145,141,45,73,163,106,72,73,255,73,244,126,201,180,115,165,93,255,109,96,97,186,45,77,139,48,172,119,125,211,19,122,107,96,0,41,91,113,255,87,255,97,159,97,40,79,70,200,118,194,147,69,38,145,133,156,100,255,0,60,248,255,74,105,235,53,132,255
180,18,129,122,231,35,53,117,24,182,85,100,192,112,153,65,160,120,204,107,53,197,126,131,114,166,161,139,205,195,130,72,217,154,152,202,149,74,33,89,138,178,0,12,125,174,148,181,91,234,146,71,38,184,127,119,198,137,131,147,208,95,41,140,143,193,96,69,176,54,188,198,218,236,99,199,151,238,104,129,53,229,35,89,140,51,201,205,113,145,81,112,126,173,0,94,101,47,230,54,255,112,222,160,92,168,81,233,137,233,175,102,0,129,156,49,76,255,0,59,255,255,157,76,255,158,170,255
176,12,128,122,233,63,66,117,69,167,91,123,144,102,105,36,181,98,192,123,65,158,106,120,111,152,214,114,164,136,130,102,178,119,159,148,82,142,42,36,110,190,0,81,161,67,142,198,25,175,90,123,86,146,148,113,179,35,162,175,180,116,41,147,146,226,166,55,228,101,189,194,189,171,34,126,97,249,105,152,42,253,12,64,59,91,188,190,100,172,1,141,138,134,0,45,97,239,249,67,255,57,135,45,104,148,114,255,98,247,209,66,75,118,176,94,110,162,0,138,144,255,113,167,214,69,156,255
172,19,119,130,237,29,66,76,30,170,93,109,176,129,120,66,216,87,198,81,80,216,84,121,77,175,156,158,156,236,179,82,194,146,153,219,102,48,50,79,96,112,33,10,124,152,61,238,85,255,164,122,32,153,150,186,169,64,94,162,125,59,132,127,140,50,80,101,255,94,220,85,240,139,119,134,106,255,139,94,78,182,7,21,80,20,189,160,142,185,122,36,185,164,4,7,158,113,255,12,255,191,181,87,54,20,85,167,98,212,162,25,0,235,108,105,158,242,0,129,220,255,196,54,207,212,127,255
173,22,130,129,233,37,53,102,31,211,107,131,175,138,149,62,176,130,181,135,70,220,114,135,91,195,162,134,132,180,56,118,195,230,122,198,110,56,0,44,121,109,0,102,132,150,83,198,14,175,123,75,38,135,121,185,153,68,61,154,165,80,57,114,70,195,146,136,233,52,133,102,210,95,131,182,146,255,143,215,30,178,30,120,134,20,220,226,105,166,106,32,101,105,0,52,132,128,192,0,255,109,234,98,138,72,104,196,117,167,166,38,0,151,191,28,129,255,0,70,228,255,222,112,240,255,228,255
176,28,130,117,240,49,53,85,54,202,110,121,151,122,114,58,175,113,182,136,54,216,86,89,76,203,135,187,132,209,108,84,193,179,69,253,52,64,24,81,56,148,35,7,124,245,70,172,45,168,149,136,51,129,102,163,176,54,68,174,143,52,61,106,132,152,81,43,255,87,201,88,226,80,149,190,89,218,185,119,106,150,69,39,137,0,239,152,72,255,0,48,94,112,27,108,32,50,244,12,255,77,155,50,72,116,64,208,201,181,110,52,0,139,176,66,122,255,0,130,239,255,164,125,123,205,169,255
181,8,131,123,215,56,63,111,39,197,116,124,169,92,144,65,162,95,177,126,58,212,99,127,129,206,130,163,238,164,96,92,194,133,201,109,156,111,31,0,157,255,61,115,168,108,146,164,141,189,126,136,17,255,196,70,158,137,168,205,244,132,77,209,109,190,148,88,212,103,191,222,255,255,72,248,178,163,99,64,102,148,74,122,64,91,147,255,181,72,123,188,117,185,0,74,120,138,148,28,235,64,206,107,141,178,132,92,112,255,209,136,0,97,212,59,67,232,0,49,180,255,156,215,242,144,141,255
153,15,156,135,218,20,86,113,94,206,136,37,127,163,105,63,163,83,134,83,65,207,165,70,55,239,187,137,185,215,210,130,65,60,123,98,69,91,181,112,48,197,95,140,97,54,106,99,115,207,119,68,160,34,101,33,164,75,75,255,62,16,56,232,185,144,93,78,242,110,206,81,235,0,196,51,166,186,39,171,30,193,204,186,65,127,84,255,232,108,70,124,144,169,12,116,56,76,183,114,129,166,92,0,25,190,255,124,49,84,233,73,21,60,202,60,37,31,80,106,255,157,184,114,199,149,103,255
150,0,175,144,218,84,108,132,71,252,135,59,117,118,110,102,164,195,119,163,7,237,200,19,66,226,171,223,168,193,154,120,84,122,24,109,50,94,177,0,163,177,5,118,141,76,78,115,33,190,234,53,59,174,40,92,185,53,182,190,126,123,13,206,234,183,255,49,212,241,239,118,172,184,190,117,212,152,123,193,45,253,234,167,125,186,56,255,180,57,95,118,96,155,77,98,0,95,144,47,189,24,104,0,35,117,220,20,94,189,20,0,0,12,208,211,124,139,82,63,255,54,4,68,0,0,0,255
145,0,169,119,183,81,17,108,83,250,170,27,144,104,117,148,198,132,132,219,8,255,193,17,52,215,177,148,189,157,139,175,200,31,164,77,0,116,103,85,143,232,19,167,103,137,37,120,0,77,155,97,98,159,130,113,250,64,97,239,104,0,0,145,132,55,255,27,202,210,148,153,172,255,9,80,220,175,222,150,96,255,156,85,191,232,208,79,255,91,73,29,255,210,150,0,57,0,127,167,255,43,255,150,108,116,255,175,214,197,0,89,0,72,255,78,192,157,0,207,142,39,62,255,245,255,0,255
146,0,167,105,185,82,15,106,87,235,156,14,156,146,108,177,217,116,111,211,0,255,194,30,59,196,216,155,143,161,123,136,169,11,133,116,0,26,63,192,117,255,0,119,67,134,99,133,44,155,156,39,129,160,110,56,255,0,144,190,84,66,0,124,138,33,209,39,255,200,103,89,107,255,0,85,219,195,155,220,83,255,81,136,202,191,242,97,255,95,45,115,255,193,156,0,144,0,233,209,255,18,255,255,147,64,255,251,255,185,52,107,0,155,255,0,255,255,0,78,52,70,131,224,255,255,0,255
150,0,186,133,204,87,146,128,81,221,121,24,101,93,155,118,186,215,186,172,6,195,199,12,65,206,112,189,192,121,93,129,77,115,72,136,66,111,89,0,179,186,0,183,132,70,12,128,142,230,230,43,153,216,102,114,220,0,185,161,178,78,10,215,210,41,255,111,228,160,162,72,255,197,47,60,71,229,34,198,12,201,255,118,38,177,123,208,255,133,42,143,63,96,63,134,37,117,85,83,224,4,223,6,62,219,139,102,172,255,118,25,0,53,202,56,226,122,6,81,156,57,0,135,0,59,0,255
151,0,183,136,200,92,93,133,94,236,160,27,107,147,111,90,197,221,185,115,37,229,189,87,44,200,142,169,142,227,103,130,103,127,90,150,53,85,186,23,163,148,0,174,127,139,74,173,0,178,218,62,114,198,122,110,222,0,139,200,180,115,38,230,155,53,229,71,203,222,111,114,252,186,235,155,89,153,177,156,97,235,212,119,223,173,168,175,186,133,73,173,37,101,94,58,46,95,82,126,123,68,233,0,69,141,255,82,121,139,27,3,25,31,138,145,123,149,16,138,172,87,32,154,85,0,0,255
151,2,194,168,208,86,128,117,88,206,131,28,111,93,120,37,149,163,193,155,53,234,186,67,0,192,96,182,166,133,128,152,90,187,55,100,129,108,190,0,159,124,0,183,195,94,77,118,70,155,255,153,144,232,18,162,179,35,206,255,177,4,53,209,201,49,220,141,180,176,231,99,246,200,195,87,38,239,71,255,55,231,229,118,118,142,131,160,245,211,103,123,93,205,112,227,18,143,86,18,188,0,244,6,38,248,152,0,119,180,24,116,45,0,179,175,182,0,48,136,255,166,89,32,145,0,0,255
149,0,177,134,192,91,62,127,75,216,163,48,133,99,122,136,191,183,172,112,0,255,207,61,43,169,150,179,147,141,104,152,108,127,88,119,112,86,100,63,240,151,34,221,99,183,48,187,54,138,247,67,134,195,102,96,226,6,127,245,156,34,46,216,135,36,146,105,160,203,143,73,211,255,142,139,40,219,137,114,111,255,169,133,233,245,207,149,194,169,50,93,139,154,42,125,83,63,52,57,209,0,255,0,69,91,255,86,215,246,23,146,0,0,169,14,245,155,0,255,255,55,0,170,229,221,0,255
149,0,173,119,172,87,18,117,96,216,182,14,165,177,92,116,203,134,151,110,31,255,255,42,62,184,160,135,126,183,53,162,179,102,137,85,0,43,108,176,193,138,0,166,14,203,130,166,0,83,145,94,255,188,108,146,226,30,128,233,83,19,18,230,117,134,140,140,174,202,125,114,174,224,128,115,95,222,144,255,135,255,103,125,232,176,226,28,218,174,68,204,228,108,162,0,153,0,122,108,255,0,255,144,87,15,255,109,255,162,44,142,0,81,221,0,255,143,0,240,209,42,64,255,255,231,0,255
148,0,168,122,175,79,27,132,81,211,195,19,173,172,130,131,235,168,151,92,8,255,255,64,78,152,163,121,94,176,80,172,159,110,94,116,33,33,88,153,255,134,4,227,8,211,136,244,65,111,155,49,222,151,103,90,199,10,97,255,111,0,73,205,68,132,104,112,107,230,155,84,241,216,119,100,94,237,115,194,69,255,161,60,255,197,255,76,184,143,0,229,206,91,60,0,109,3,68,50,255,0,255,52,81,0,255,136,237,230,69,123,0,10,185,0,255,198,0,255,255,77,64,255,255,235,0,255
149,0,179,127,195,106,61,127,92,245,143,44,127,108,94,103,211,172,154,126,30,243,232,41,15,199,160,140,164,146,57,157,139,132,96,111,43,82,112,16,226,159,0,188,92,133,87,198,33,118,187,97,183,180,122,131,210,0,116,255,127,65,37,255,112,82,197,115,177,219,144,99,216,245,124,111,26,240,145,124,108,201,158,110,210,174,168,78,204,203,74,238,105,83,94,43,83,194,0,8,195,0,245,0,74,83,255,147,202,139,30,0,0,63,217,37,181,39,0,191,255,119,57,233,201,79,0,255
149,0,158,133,180,57,45,121,87,226,178,18,162,164,118,98,178,156,137,108,35,236,188,60,84,163,144,153,131,161,95,159,117,164,116,121,44,84,124,85,222,152,40,174,62,140,90,172,12,103,169,0,188,123,110,101,255,50,114,255,126,54,45,219,91,138,177,39,162,206,227,90,255,172,170,146,155,192,204,185,53,255,238,128,203,159,148,190,253,144,46,118,157,149,51,74,103,35,51,64,255,0,226,4,8,90,249,96,160,203,150,84,95,40,204,107,213,168,54,235,255,181,0,108,116,109,0,255
143,0,170,123,162,67,26,113,94,228,192,0,165,167,103,133,219,163,150,123,0,255,255,96,60,187,170,153,100,205,50,104,115,108,135,118,0,0,102,138,204,213,0,213,45,155,103,238,14,131,158,0,101,181,114,74,226,0,56,213,182,21,40,218,130,108,180,0,192,187,59,155,211,218,58,65,122,221,176,189,136,255,255,110,255,115,255,107,250,239,0,152,255,240,79,0,99,0,149,147,255,46,255,84,51,0,255,108,255,209,125,114,0,67,255,76,146,244,0,176,255,119,118,77,255,88,0,255
151,0,169,143,168,63,74,105,90,216,146,5,158,131,107,121,181,148,172,110,19,229,234,85,52,164,112,158,176,151,47,143,107,161,140,114,59,95,99,53,197,166,0,210,106,120,22,173,22,115,199,44,192,214,146,132,241,32,139,255,148,72,42,200,131,56,160,146,210,245,113,82,238,255,100,84,80,255,152,225,86,186,248,160,183,143,166,121,255,217,9,156,170,162,151,46,89,84,83,80,214,2,221,151,43,167,255,39,174,160,229,47,14,23,255,80,217,212,44,155,163,255,71,165,207,52,0,255
145,0,162,128,169,61,26,108,82,219,172,12,160,160,115,141,206,132,141,101,17,255,209,62,67,158,166,166,143,158,109,122,148,65,167,87,0,45,106,89,191,185,13,229,71,163,94,192,27,131,165,45,138,175,164,71,255,0,102,246,153,11,0,232,134,108,151,73,193,188,86,110,198,173,78,106,158,215,173,221,115,255,178,130,197,181,187,117,200,108,0,110,255,101,73,36,109,0,136,158,250,0,255,11,73,45,255,76,217,183,81,160,0,29,255,0,159,255,0,255,255,62,0,201,255,255,0,255
146,0,176,122,185,95,21,109,78,243,167,26,137,96,84,160,191,154,148,203,6,255,206,9,44,209,168,175,182,159,113,185,199,38,151,93,0,130,89,92,137,210,0,128,92,136,0,96,0,62,172,81,140,243,124,143,255,18,116,222,131,17,0,129,206,0,242,68,208,215,105,90,174,255,24,107,207,147,230,153,98,255,136,132,245,230,204,73,255,141,64,96,250,196,159,0,62,0,98,220,255,13,255,165,95,75,255,182,246,255,0,130,0,166,255,106,255,140,0,221,131,34,88,253,255,255,0,255
150,0,174,124,178,74,46,127,64,226,183,17,148,160,94,125,227,198,139,128,26,255,255,59,43,169,151,160,99,186,64,139,145,83,128,106,25,40,119,59,195,198,0,168,74,180,94,183,27,162,162,17,121,215,114,160,251,0,125,221,127,11,42,204,149,111,165,54,126,193,164,69,255,167,128,111,144,156,187,177,86,255,206,63,249,225,191,135,234,122,46,178,193,181,104,0,77,9,73,81,255,0,255,0,125,0,255,150,194,255,62,62,64,83,180,28,255,126,0,177,255,160,81,167,196,240,0,255
148,0,181,129,189,87,87,114,62,234,156,45,131,100,111,96,187,174,171,118,16,253,221,70,7,167,119,179,127,159,88,135,112,146,90,117,74,48,143,0,176,176,0,174,133,188,92,180,20,154,244,79,113,231,89,159,208,0,136,255,120,25,45,233,125,61,118,110,211,222,148,32,255,171,126,129,38,228,211,149,110,255,255,124,247,228,210,188,237,135,81,183,117,180,36,86,19,117,27,32,209,0,255,0,67,116,255,62,231,255,43,75,99,0,251,0,141,47,2,212,255,232,27,111,162,134,0,255
148,0,178,137,184,87,59,133,67,226,176,26,144,143,95,114,194,188,158,104,5,255,230,79,13,170,146,171,119,157,67,121,166,96,71,86,71,58,138,48,219,166,0,214,99,206,68,154,16,117,219,74,127,253,77,147,204,0,107,255,160,49,50,218,136,123,201,117,148,230,174,112,225,154,184,134,60,156,161,142,99,255,209,116,255,216,203,142,200,135,13,179,138,142,73,23,64,101,32,2,238,0,255,0,99,31,255,82,197,252,0,37,98,31,135,51,255,129,0,249,255,57,17,119,154,137,0,255
148,0,174,109,213,97,95,149,82,255,140,52,109,142,138,112,206,198,127,145,12,226,176,59,53,183,147,154,154,148,129,147,126,98,59,136,47,106,139,13,252,198,0,182,47,148,93,161,113,183,188,0,155,150,93,83,201,12,121,254,182,90,102,255,183,85,241,76,179,217,160,80,226,134,171,135,122,192,121,150,39,254,211,133,154,212,125,210,163,169,88,180,117,85,100,59,29,97,71,72,224,0,135,12,88,121,255,192,111,158,79,9,22,110,153,111,142,196,1,91,255,30,2,118,0,58,0,255
151,0,192,135,214,105,113,138,76,255,141,31,109,94,141,68,212,210,175,193,22,243,231,18,23,216,134,183,197,164,104,149,183,161,45,107,60,125,209,0,196,158,0,192,142,51,31,150,115,158,251,98,128,211,51,146,181,5,224,255,189,88,15,208,217,31,255,117,153,255,143,74,255,121,136,78,96,137,109,199,40,255,247,126,178,177,233,179,216,48,157,160,0,12,138,37,0,112,39,73,168,0,255,38,71,115,255,144,137,179,0,31,0,81,148,236,145,31,29,23,255,58,0,89,17,29,0,255
150,0,167,138,195,74,83,109,92,216,127,39,131,101,113,124,148,162,145,129,6,206,184,27,74,183,125,170,167,117,131,154,89,126,94,126,105,91,88,42,193,180,69,174,127,103,64,108,53,161,201,45,126,130,83,91,222,58,135,239,148,36,45,206,121,133,209,52,170,200,188,141,224,252,93,68,73,241,97,131,65,174,221,146,146,177,104,169,239,161,66,121,126,145,91,162,76,80,26,20,236,33,112,0,52,136,199,2,159,192,171,72,59,68,169,61,208,126,68,237,255,93,19,111,86,9,0,255
147,1,159,157,179,41,40,117,99,219,195,43,160,227,108,81,168,82,131,58,54,255,161,121,55,177,117,152,141,151,119,104,132,118,113,108,66,69,126,155,196,232,0,189,137,179,100,155,49,151,125,0,119,139,74,47,209,0,123,249,162,37,44,255,63,135,134,91,211,202,166,139,255,138,202,153,133,212,55,255,113,185,229,154,168,130,125,179,220,103,28,218,202,122,27,81,225,50,60,149,232,60,235,1,58,71,243,115,212,172,138,84,138,41,190,81,198,215,46,255,255,142,0,41,163,107,75,255
147,0,170,155,186,62,78,123,75,207,180,18,142,148,100,74,169,170,196,73,31,252,223,89,37,184,137,168,145,190,87,119,143,144,80,105,64,52,148,34,152,160,0,191,138,171,83,123,7,182,184,27,126,193,57,86,230,7,142,255,170,64,67,236,175,103,176,80,173,255,185,109,255,100,240,140,109,168,170,219,113,255,255,121,215,137,171,156,212,56,22,150,28,103,33,115,69,113,65,78,156,46,255,0,32,168,255,15,103,195,93,74,89,24,168,139,239,138,78,182,255,111,91,69,128,40,0,255
151,0,174,112,181,92,38,128,86,230,174,3,137,162,92,121,231,197,158,102,16,255,255,60,68,160,190,113,102,216,75,138,165,78,160,121,36,79,117,72,200,130,0,181,33,191,117,237,41,158,168,72,171,202,217,143,251,0,156,191,135,35,77,216,145,61,157,78,131,194,55,51,248,157,179,90,108,226,164,188,55,255,138,69,255,219,228,44,183,150,93,226,57,68,109,0,79,18,64,112,190,0,255,19,38,5,255,170,252,198,54,70,0,105,175,48,241,99,0,207,228,59,47,239,254,246,0,255
149,0,161,130,181,71,71,128,81,234,167,25,153,128,107,138,183,177,142,112,6,255,208,68,48,163,147,158,138,153,114,138,110,125,87,117,53,85,102,45,255,175,49,212,67,157,46,163,48,107,184,0,122,177,124,101,233,29,144,238,144,22,46,234,119,115,211,4,180,255,158,38,242,146,114,131,91,226,179,100,56,235,255,155,234,235,95,204,200,146,26,141,144,174,55,44,59,41,33,74,255,0,168,0,59,0,230,123,172,250,161,33,25,121,232,114,216,187,94,224,255,95,0,92,91,77,0,255
149,0,171,111,214,97,103,152,83,244,155,83,109,157,122,112,199,237,153,87,29,227,188,63,74,196,142,170,161,156,82,124,99,185,57,125,61,86,137,0,228,201,31,165,70,187,149,197,66,167,165,0,152,147,88,87,219,18,154,217,171,114,137,255,151,78,193,36,169,235,255,44,254,143,243,148,98,224,134,146,58,206,255,73,196,202,140,184,81,143,84,204,101,76,0,148,43,176,32,62,150,0,154,0,97,92,242,221,71,228,96,36,89,39,96,27,171,197,0,174,255,44,62,139,0,56,0,255
148,0,166,126,172,78,27,118,70,226,192,28,160,151,120,112,223,132,165,110,14,255,235,74,57,163,157,152,121,180,60,118,167,81,127,91,29,14,95,150,213,194,0,229,82,165,97,186,35,135,172,47,160,209,94,89,229,40,31,255,130,54,43,216,75,97,164,102,189,239,108,109,235,210,80,131,116,208,206,132,88,255,149,125,213,154,255,130,254,134,0,174,241,141,33,0,114,67,49,16,255,0,255,98,112,0,255,95,255,255,23,89,42,45,255,0,251,168,0,242,255,96,101,255,255,224,0,255
148,0,182,134,200,93,79,130,68,234,164,23,127,119,112,94,205,199,158,132,17,255,246,42,7,195,147,174,137,170,91,124,152,108,75,134,73,61,163,0,167,194,0,176,151,140,73,164,61,206,200,74,81,215,97,140,186,0,170,226,152,52,11,214,174,93,226,90,155,214,178,106,255,146,174,103,69,152,115,160,107,255,255,82,205,176,250,173,203,7,75,143,34,52,58,13,28,99,76,29,182,8,255,0,97,140,255,93,227,196,0,44,27,22,149,96,191,53,0,169,255,155,0,121,96,104,0,255
149,0,185,125,193,78,93,135,81,232,145,21,145,115,134,74,218,199,173,147,9,207,248,23,54,176,133,139,167,188,76,162,113,160,68,109,35,103,182,21,233,137,0,182,91,85,72,218,106,153,228,6,177,176,93,98,169,2,231,247,116,51,22,204,183,3,250,87,162,232,117,0,255,194,68,58,83,220,92,201,0,189,223,100,231,170,211,187,198,153,64,188,78,37,95,2,0,93,28,41,147,0,224,79,97,76,201,118,191,165,159,1,0,26,255,92,154,116,55,65,255,187,71,81,11,97,0,255
147,0,169,107,167,76,23,118,90,204,193,0,176,193,104,121,215,182,161,118,0,255,255,84,79,160,153,101,54,230,68,139,90,160,156,170,0,11,106,113,216,77,27,185,25,203,151,255,26,185,144,36,192,153,158,132,253,0,133,220,98,0,110,255,141,133,45,58,153,96,133,94,211,187,108,50,94,235,168,255,63,255,226,104,210,117,255,43,234,179,0,139,229,185,84,2,54,0,172,120,255,0,255,54,0,40,235,126,255,255,127,143,0,88,255,0,217,150,0,152,217,181,56,192,255,145,0,255
154,0,191,124,200,102,117,144,98,240,138,0,89,146,122,72,224,210,178,146,56,211,208,57,40,190,141,158,171,200,108,137,179,79,111,140,26,114,227,0,193,141,0,158,83,146,76,150,40,166,248,100,132,255,140,155,179,0,189,218,196,113,33,186,171,66,255,165,158,246,75,68,255,104,233,115,58,173,85,190,54,198,196,114,187,157,82,179,204,152,107,249,2,64,188,2,13,55,72,120,135,17,255,87,108,153,246,161,145,180,21,8,0,94,203,152,219,130,29,58,75,150,0,158,100,14,0,255
148,0,169,121,176,78,54,127,91,231,165,25,151,157,94,103,211,165,164,93,37,248,249,45,38,185,140,146,146,192,63,120,121,120,119,138,0,49,146,33,193,144,31,176,61,191,80,217,2,131,163,28,151,189,143,91,220,0,95,231,99,64,59,255,142,90,186,76,174,224,135,105,251,139,131,123,26,198,168,161,110,253,247,153,247,143,253,118,217,125,49,180,111,114,83,6,59,92,15,94,220,0,255,8,72,67,255,125,198,224,129,56,21,68,255,74,182,145,0,180,255,146,18,178,131,84,0,255
148,0,176,121,182,92,59,124,98,231,156,12,139,137,98,121,201,195,139,118,7,244,255,59,34,161,162,144,123,149,86,157,165,103,121,80,14,49,88,51,223,187,0,212,52,212,125,185,38,175,183,55,170,192,112,130,227,0,111,255,128,14,85,255,145,90,170,96,148,186,158,80,211,183,107,101,56,255,104,180,134,211,202,114,249,179,108,79,193,205,72,220,235,189,138,43,68,22,49,0,249,5,239,0,117,37,255,172,231,233,81,135,58,47,196,0,232,139,0,251,255,106,35,144,195,188,0,255
146,0,166,135,171,65,1,112,77,199,202,7,189,193,142,133,226,92,140,97,36,255,234,67,56,150,121,149,99,161,88,161,202,129,129,98,3,23,127,210,217,145,0,236,28,195,136,164,28,86,153,96,232,184,91,92,226,42,120,255,77,11,17,217,13,154,101,153,144,229,169,132,246,224,122,115,114,202,136,255,105,255,117,148,215,129,255,105,255,88,0,183,255,39,57,0,129,0,151,120,255,0,255,135,75,18,255,86,224,185,15,193,3,3,191,0,255,185,0,255,255,93,19,255,255,255,0,255
148,0,168,124,174,82,34,108,94,238,150,27,147,124,111,136,205,124,126,164,33,255,212,26,33,197,149,145,178,164,118,133,148,35,144,103,0,70,102,90,176,222,3,177,100,168,88,137,12,127,142,87,127,180,127,97,255,0,77,236,101,35,0,223,143,94,170,78,222,173,140,151,185,253,37,126,98,192,217,187,122,255,177,154,144,194,121,94,255,108,44,139,255,174,136,0,104,19,135,129,255,0,255,62,73,63,255,142,249,214,19,103,0,90,208,26,208,197,0,255,190,109,32,255,255,255,0,255
150,0,172,127,184,94,21,121,78,206,171,14,161,149,130,136,213,124,149,105,0,255,245,88,49,144,146,117,111,121,73,132,139,123,124,141,56,38,112,149,255,135,0,227,74,226,117,158,43,130,176,185,178,186,152,99,199,0,44,255,141,5,34,204,117,163,116,187,111,165,162,94,203,255,88,127,31,201,151,159,106,255,74,125,190,174,208,99,200,164,95,254,255,74,77,38,126,86,157,80,255,75,255,0,52,3,255,124,255,224,0,169,27,27,54,0,249,119,0,231,255,19,16,255,255,255,0,255
148,6,180,151,219,84,129,114,93,233,126,38,127,116,122,77,136,172,171,155,26,233,146,74,28,213,117,161,161,133,143,127,72,174,38,110,99,82,156,5,160,160,0,155,144,30,75,136,125,155,247,42,100,112,28,86,165,66,247,255,169,31,46,243,253,74,254,104,255,213,242,66,172,177,143,101,148,244,108,232,26,158,228,169,110,228,35,231,226,133,101,132,146,230,90,185,6,116,108,3,156,0,98,0,58,161,229,22,106,71,113,55,67,0,122,166,115,130,134,181,255,82,87,91,0,0,16,255
148,0,179,123,193,102,53,142,99,238,177,5,127,171,111,94,228,199,167,82,13,238,234,91,41,180,171,119,112,176,40,113,140,92,87,138,21,33,141,94,227,92,0,190,29,189,87,231,4,144,192,56,159,220,143,132,195,0,62,248,152,77,80,255,113,106,242,137,123,208,64,104,213,139,240,126,23,164,138,123,67,255,146,113,255,201,205,69,209,231,0,224,46,106,151,0,106,71,49,11,239,36,255,0,65,59,255,169,248,93,41,13,19,61,172,108,205,88,0,162,222,54,12,213,190,121,0,255
144,0,167,127,183,67,74,124,84,235,167,0,150,150,121,100,199,201,163,117,0,243,223,93,55,174,141,143,141,175,71,116,91,141,100,126,20,59,154,36,210,144,0,209,74,131,83,239,41,163,202,0,109,162,112,96,219,7,100,249,140,42,51,229,131,81,228,57,197,181,177,62,255,160,136,82,119,202,161,176,69,255,255,102,219,118,204,176,220,184,0,115,196,122,37,25,51,41,117,39,215,20,204,22,55,91,185,103,231,173,168,54,21,58,255,108,188,237,42,147,255,179,21,13,49,107,0,255
144,0,163,138,171,62,30,127,84,214,205,0,163,178,114,124,203,148,164,84,1,255,228,83,40,142,148,161,82,168,52,124,156,121,77,102,9,17,122,147,229,153,0,224,69,179,51,208,45,131,192,25,173,201,129,106,204,0,73,255,91,16,38,255,64,73,163,85,167,218,142,88,234,148,94,91,78,204,141,186,79,255,205,174,255,135,239,141,234,143,0,127,203,102,32,0,140,26,86,38,255,0,255,72,58,32,255,99,223,209,72,135,59,14,255,74,255,255,0,255,255,108,0,202,238,143,0,255
145,0,173,116,183,85,33,103,85,218,146,0,148,145,107,130,210,162,128,161,0,255,222,68,21,163,171,89,115,181,71,137,152,96,154,120,0,51,109,42,207,152,0,179,60,123,101,210,51,189,193,50,117,199,186,142,223,0,131,255,116,4,38,252,121,90,199,47,194,201,87,103,234,236,13,112,89,255,146,193,117,255,182,172,206,76,255,110,223,139,44,171,229,139,116,0,42,0,87,132,209,0,178,54,86,5,187,220,215,143,178,79,5,136,255,50,157,140,0,160,248,142,84,86,173,184,0,255
151,0,180,128,191,72,130,137,97,232,151,23,122,132,144,60,216,170,184,148,29,180,231,30,63,174,111,159,199,188,66,154,107,146,72,116,23,89,199,4,209,134,0,161,95,114,55,174,103,185,231,0,232,190,100,98,188,11,180,231,126,96,46,191,218,6,239,114,229,255,145,0,255,160,78,83,72,255,70,242,0,141,249,113,170,150,134,216,233,197,69,194,54,15,121,34,29,123,21,110,190,0,221,111,39,120,136,104,204,190,195,0,0,83,255,132,229,165,52,25,182,113,25,63,4,4,0,255
148,0,182,124,178,78,87,121,84,221,162,17,144,141,134,96,196,219,202,118,1,205,244,69,60,167,129,131,117,201,62,116,96,170,130,123,6,48,144,0,183,161,29,169,123,152,73,253,55,199,217,28,137,198,113,105,255,8,119,246,165,19,83,231,153,21,171,67,189,186,135,45,255,183,96,41,53,225,172,208,28,244,255,93,217,172,217,91,255,151,16,168,119,158,63,60,27,83,67,35,185,39,242,50,150,82,203,90,207,255,166,50,45,0,255,0,201,167,17,105,181,213,86,99,104,87,0,255
148,0,168,127,191,85,42,132,68,234,173,39,141,146,107,101,196,175,142,112,1,251,236,51,40,151,156,152,122,139,75,137,173,110,96,123,78,49,108,15,221,163,1,201,107,178,108,194,52,179,168,31,125,187,114,126,208,8,99,255,145,32,64,238,142,157,177,115,94,224,183,99,234,159,143,105,123,186,160,122,95,255,179,109,246,179,245,133,182,133,36,157,142,140,96,21,34,100,0,0,255,0,255,0,140,61,255,122,208,240,44,78,100,19,184,10,255,60,0,255,255,139,26,161,148,199,0,255
148,0,182,131,198,95,67,137,82,243,149,25,135,103,127,85,231,200,157,143,11,249,243,36,0,179,141,144,168,158,74,156,147,152,73,107,80,108,156,1,244,146,0,214,101,119,73,207,46,133,226,51,136,187,87,139,184,5,167,255,139,45,33,234,119,63,255,101,112,228,125,61,255,196,141,88,30,173,114,107,70,255,205,83,255,189,252,113,198,140,46,148,27,35,110,34,0,104,0,0,212,0,255,0,101,107,255,167,215,157,12,19,0,13,178,100,107,7,57,163,255,184,2,107,97,112,0,255
149,0,176,122,174,85,50,121,88,219,188,0,142,174,111,121,199,211,162,75,0,234,252,79,49,152,166,99,82,198,36,109,106,121,137,141,0,17,98,82,236,115,5,178,44,212,92,255,25,154,189,33,151,199,149,101,255,0,40,239,144,0,147,255,135,94,128,94,146,190,117,72,215,160,146,76,45,215,204,134,89,255,220,125,255,192,209,49,234,224,10,217,173,251,130,0,93,65,107,25,249,29,255,8,64,0,255,149,255,255,145,59,32,15,251,48,206,168,0,218,233,127,1,227,223,204,0,255
150,0,174,121,184,91,59,118,86,226,147,18,138,136,94,97,196,196,165,120,35,220,254,25,41,180,154,147,142,174,51,165,144,136,110,126,22,73,110,51,216,106,19,189,76,121,64,211,3,148,214,68,194,195,146,139,228,0,116,247,91,36,31,255,124,84,218,124,182,192,152,61,240,203,117,117,50,208,117,141,106,209,181,139,174,126,187,113,221,172,60,169,110,107,69,41,84,107,15,8,229,0,255,0,34,81,255,173,179,216,66,77,29,86,239,0,253,85,0,180,211,151,46,173,143,138,0,255
148,0,177,95,199,116,90,125,106,236,145,52,98,176,126,120,192,193,146,137,24,211,155,91,71,173,180,119,122,160,103,135,181,81,85,124,41,122,95,29,197,152,0,200,17,209,187,184,94,164,195,36,185,222,170,123,225,0,159,186,184,130,54,254,179,31,229,88,246,169,80,73,195,175,119,119,0,255,42,187,37,133,175,148,196,155,115,144,200,184,36,255,133,92,69,64,32,48,112,75,244,53,243,92,123,149,237,255,182,172,52,61,73,107,211,0,224,244,0,240,239,15,83,140,138,50,0,255
149,0,162,111,169,77,40,125,126,202,184,0,157,243,127,71,129,199,150,64,0,204,178,176,167,144,188,57,52,245,101,131,80,82,100,188,8,86,85,76,199,73,34,134,0,248,167,255,53,140,133,0,85,82,224,164,229,20,8,207,167,74,159,245,183,138,184,96,150,150,206,91,147,113,251,38,117,190,255,189,0,188,251,142,255,192,178,128,208,255,0,255,148,255,231,3,79,0,161,44,235,100,178,47,7,0,155,114,255,10,255,107,233,163,244,149,255,253,0,159,144,119,133,172,178,0,0,255
151,0,179,111,185,97,105,128,91,239,161,14,119,169,99,112,130,255,176,86,7,183,235,80,83,169,155,128,92,193,31,118,98,144,92,153,2,56,103,16,199,112,3,163,38,194,66,229,16,194,206,14,151,225,172,176,255,0,92,199,179,57,123,255,226,77,225,75,181,186,140,57,186,121,229,72,58,212,183,123,33,196,255,102,200,217,118,110,202,255,49,204,76,255,135,28,73,96,108,0,214,101,173,19,81,114,173,183,129,240,173,0,130,23,182,83,245,182,0,110,100,72,63,143,29,8,0,255
146,0,161,106,182,88,54,116,110,231,164,27,153,174,144,87,185,133,117,142,0,223,153,129,100,178,195,69,114,167,119,136,173,75,124,111,22,74,58,75,251,169,0,242,39,217,174,247,87,185,155,21,145,153,191,100,194,30,80,253,152,104,45,231,151,54,195,42,255,186,115,85,153,194,63,102,70,255,63,200,11,143,205,159,223,111,175,134,243,174,11,255,191,180,106,0,33,0,107,97,255,76,245,65,48,73,191,191,255,128,188,102,87,130,255,27,209,251,0,193,255,46,130,115,243,22,0,255
147,0,167,105,185,102,37,117,125,210,158,35,142,194,119,105,156,133,149,117,9,215,153,107,123,173,191,100,103,178,113,174,177,95,96,107,31,105,79,69,211,136,0,166,40,216,145,198,81,139,164,57,198,110,157,110,224,43,102,255,190,73,77,254,193,82,180,136,153,165,165,139,111,248,118,96,70,255,120,222,17,168,173,169,211,172,150,90,217,158,86,239,150,227,154,124,59,0,69,91,250,7,211,49,81,87,255,205,242,117,144,223,142,99,188,0,255,255,0,255,255,0,100,165,214,109,0,255
148,0,169,127,172,77,21,106,82,211,179,21,159,141,127,127,220,99,138,132,16,255,226,67,31,165,139,123,139,160,104,162,199,64,159,80,16,58,111,122,201,174,6,241,61,203,109,152,14,99,149,162,168,183,132,111,229,51,73,255,88,0,1,208,56,149,128,111,168,191,164,140,218,217,59,114,87,230,171,213,126,255,118,112,184,154,250,87,241,98,66,165,255,75,101,48,97,4,121,86,255,0,255,60,95,9,255,104,252,203,0,135,49,32,181,0,223,129,0,255,255,16,21,255,255,238,0,255
145,0,167,114,189,80,0,113,80,232,166,1,150,179,117,148,225,98,70,182,9,255,206,33,17,157,194,94,110,173,154,179,255,0,177,78,0,47,123,199,194,185,0,151,10,221,161,148,45,109,181,103,180,166,121,123,218,2,148,248,41,0,0,168,87,123,169,108,220,220,136,112,146,206,41,142,219,240,124,255,128,255,45,184,185,200,158,66,210,5,79,138,255,101,152,0,82,0,136,142,255,0,255,123,142,0,255,255,254,147,0,145,0,152,234,0,255,255,0,250,255,49,0,236,238,255,0,255
148,0,169,132,177,87,18,124,88,222,206,45,144,138,128,120,206,128,165,111,8,255,206,73,59,194,157,150,131,145,91,145,184,66,131,63,37,42,90,129,216,231,0,254,90,214,123,145,15,94,169,83,133,201,49,78,204,60,21,255,146,32,14,200,44,110,178,112,157,228,121,146,243,239,133,150,82,187,207,127,90,255,111,83,223,204,243,85,199,156,15,168,255,202,51,43,95,75,19,54,255,0,255,31,97,0,255,123,211,229,0,131,83,21,177,0,216,148,0,255,255,0,9,255,255,244,0,255
145,0,168,120,174,75,62,108,114,224,150,10,140,198,134,104,190,141,141,71,5,230,165,117,56,175,190,117,114,191,124,109,158,21,78,141,8,27,84,74,172,192,0,176,80,227,129,194,0,178,200,26,76,190,129,18,227,0,26,255,172,69,50,226,121,80,182,158,176,161,99,192,160,113,110,125,103,235,110,198,119,225,246,192,207,83,166,109,255,134,39,204,241,255,130,17,214,0,169,162,196,158,255,113,103,23,254,42,215,109,155,149,46,121,255,50,198,255,0,207,162,36,117,128,204,64,47,255
148,0,172,116,183,101,57,128,101,234,161,32,120,159,103,118,195,174,153,96,2,248,210,67,55,161,188,124,126,162,79,141,156,82,131,93,13,67,109,35,212,147,0,183,36,255,157,214,36,136,196,37,180,206,169,139,232,0,125,229,168,59,84,255,142,89,168,102,184,221,112,67,189,133,176,111,32,255,172,171,77,217,187,109,239,252,174,99,142,200,42,255,122,157,138,74,39,76,33,37,210,0,244,0,26,56,255,210,233,207,130,20,7,50,251,6,186,178,0,255,255,0,0,188,199,155,0,255
145,0,163,133,176,65,33,111,85,237,193,9,151,163,106,85,186,123,153,86,36,255,207,103,40,164,154,135,119,188,97,127,175,85,157,93,22,58,109,69,179,149,23,216,95,169,79,198,0,122,191,36,132,167,162,110,205,16,101,255,99,0,24,255,102,60,199,76,214,201,154,92,241,91,137,84,115,203,177,188,136,255,221,102,253,157,228,112,229,95,59,83,141,106,37,91,137,42,111,62,200,31,255,41,42,107,255,60,214,133,33,93,61,29,255,127,103,136,0,239,255,93,0,177,163,98,0,255
149,0,165,127,166,68,33,95,113,182,188,0,153,226,94,72,168,133,140,67,27,255,206,125,91,158,129,88,99,234,48,119,95,120,165,167,0,72,111,106,147,57,0,139,40,188,136,238,0,152,126,17,160,177,198,161,231,10,109,189,97,71,68,255,147,168,187,116,189,129,175,143,223,166,228,126,58,168,212,255,42,248,189,186,227,83,255,132,255,212,0,202,162,245,193,28,88,49,140,54,250,0,242,137,1,105,144,138,221,94,177,85,129,101,255,147,244,120,0,255,255,143,1,220,217,0,0,255
151,0,190,139,199,93,103,132,89,245,131,0,118,97,125,103,184,201,159,141,20,242,231,64,24,211,129,174,153,173,131,142,98,101,78,109,57,115,165,0,185,151,0,190,124,110,69,104,53,158,249,98,82,211,97,138,207,0,225,203,170,54,15,188,221,82,255,85,166,231,151,79,237,139,164,93,80,208,151,201,32,244,250,120,201,245,79,156,241,95,126,129,64,119,150,85,4,73,115,27,145,14,221,0,66,163,209,88,177,179,0,9,0,59,177,159,161,64,54,59,183,208,0,89,31,82,0,255
150,0,172,139,166,73,46,126,83,227,194,8,160,160,108,90,194,167,171,61,14,247,253,105,55,150,137,127,101,164,16,132,140,140,120,109,46,48,109,64,217,112,0,198,55,229,83,206,0,103,173,38,172,196,116,175,232,2,47,255,118,3,106,251,51,130,164,130,109,225,171,103,255,117,170,60,31,205,235,161,61,255,238,75,255,201,205,22,248,239,14,202,124,226,124,41,112,136,6,0,255,20,255,0,65,66,255,17,247,255,122,46,101,9,202,89,255,66,7,218,255,160,29,246,242,108,0,255
150,0,184,110,215,105,115,141,67,242,136,68,95,119,118,115,201,255,156,104,2,207,222,1,65,199,171,179,146,163,112,160,165,135,41,162,84,92,147,0,191,156,0,185,75,129,27,182,76,195,201,49,110,205,126,77,151,0,236,177,142,113,62,221,148,65,246,62,175,237,112,25,255,164,202,64,77,163,51,141,96,237,209,146,248,212,241,255,110,74,88,206,0,17,22,72,0,123,64,93,123,31,230,0,79,99,255,240,115,215,78,36,23,20,165,73,163,95,70,118,239,0,0,107,0,74,0,255
148,0,184,111,175,93,37,127,73,213,190,22,147,145,103,136,228,197,168,140,0,255,255,39,42,170,160,149,76,205,63,150,164,116,122,133,0,36,104,105,245,178,0,179,71,166,45,229,42,149,182,65,157,210,127,101,231,0,119,227,146,0,32,219,169,65,159,62,94,204,54,65,204,255,72,64,84,182,166,140,97,255,147,118,255,203,255,102,233,121,97,173,165,178,146,0,52,0,67,107,255,19,255,68,192,0,255,161,255,255,57,157,18,35,255,0,255,84,0,172,255,100,28,240,255,253,0,255
148,0,173,112,168,87,48,134,98,218,170,2,155,170,103,124,192,190,157,99,1,246,232,61,69,152,181,132,104,212,67,127,124,93,129,114,0,70,72,76,255,176,0,187,0,248,126,241,36,133,192,7,203,224,196,150,255,0,169,189,172,61,96,255,219,49,154,25,206,209,67,75,189,166,125,79,38,236,149,226,68,193,231,163,255,220,194,68,187,223,0,247,156,206,154,0,24,0,92,122,255,0,223,72,78,0,255,183,182,229,137,73,3,79,255,14,200,255,0,217,244,50,102,188,244,142,0,255
149,0,167,119,168,81,47,141,93,224,194,25,150,197,103,124,194,191,167,59,23,255,215,73,92,157,170,168,95,185,43,142,149,82,109,73,0,77,82,92,220,167,0,191,4,254,103,206,18,96,168,18,222,223,151,169,255,0,120,208,146,59,92,255,156,45,148,103,147,211,138,82,212,89,201,58,109,200,190,211,43,214,209,98,200,255,203,71,159,220,21,232,155,190,145,0,125,85,88,84,255,0,255,68,42,0,255,149,128,244,89,28,62,63,236,27,255,255,0,255,255,0,56,255,233,124,0,255
149,0,171,114,188,99,44,116,96,251,130,26,118,129,103,130,205,137,113,162,21,255,210,37,12,194,179,106,170,162,118,149,223,5,167,84,4,92,113,40,178,171,0,187,65,195,117,159,36,151,160,118,117,205,174,161,226,27,111,229,110,57,0,237,153,119,255,145,178,199,95,90,164,182,106,132,113,242,169,204,109,255,117,158,136,219,89,104,187,108,97,175,207,152,185,44,28,41,35,85,241,0,217,0,108,30,255,255,250,125,62,43,0,160,237,45,194,163,0,255,163,61,0,225,178,239,0,255
150,4,176,156,213,77,98,129,104,245,167,0,108,173,95,29,184,135,167,101,78,244,141,122,26,157,135,86,139,185,128,152,174,113,101,123,56,47,173,69,168,109,0,157,136,144,103,86,14,170,185,68,133,124,56,145,146,0,170,255,155,0,114,216,104,144,152,125,134,208,242,124,241,64,191,114,166,203,132,233,145,255,193,87,222,131,89,202,197,145,148,166,125,127,132,185,102,144,59,67,85,83,137,0,102,92,255,31,160,113,78,58,0,27,100,183,147,113,209,161,212,82,25,83,98,0,0,255
149,0,166,114,175,89,26,130,100,240,180,14,145,176,119,106,221,133,145,108,45,255,234,65,64,191,173,126,138,213,57,134,185,56,154,83,0,66,108,151,209,161,0,199,0,224,118,190,0,95,142,52,174,182,156,146,228,45,69,210,96,65,55,255,98,96,245,85,204,255,122,107,217,152,185,147,84,195,206,211,92,255,143,140,220,189,218,77,216,186,52,216,196,138,143,0,101,14,72,136,255,0,255,98,40,0,255,220,209,170,32,46,0,140,225,70,249,164,0,208,184,0,79,255,255,188,0,255
150,0,167,110,201,92,68,140,89,240,150,29,138,149,89,102,224,200,124,132,20,229,253,49,64,164,178,94,151,158,107,146,132,130,109,142,68,67,133,20,235,155,0,207,44,160,153,238,91,171,156,22,150,168,187,105,157,8,159,252,103,73,77,212,101,162,196,77,152,208,162,30,249,127,149,110,83,255,64,143,28,237,168,79,242,184,162,165,99,138,33,255,115,68,84,0,0,53,17,0,166,0,146,0,113,40,236,220,247,162,181,57,43,130,178,57,223,59,70,197,255,94,0,117,70,98,0,255
152,0,171,129,185,81,96,129,87,245,154,41,140,138,81,95,164,231,186,91,50,196,252,38,58,175,123,171,129,175,61,146,111,204,45,128,40,68,173,22,197,109,0,176,113,102,34,193,26,117,209,42,185,188,121,113,196,0,160,254,90,57,49,255,118,69,209,121,158,254,160,53,255,146,174,86,69,215,146,117,70,186,255,112,196,167,155,166,196,154,110,208,0,68,14,51,112,213,11,0,132,32,238,0,13,111,255,52,128,210,126,0,62,0,222,99,177,81,63,132,255,161,0,140,44,0,0,255
147,0,162,139,165,56,39,125,91,211,208,14,165,175,98,90,173,137,193,59,32,250,241,86,84,178,134,159,112,178,8,110,99,175,137,89,0,32,106,88,193,168,11,211,91,162,68,211,0,130,133,0,177,168,141,116,235,27,77,238,123,49,66,255,129,47,179,61,212,233,167,92,250,152,166,81,59,209,179,167,82,255,255,94,223,149,255,123,227,210,0,146,109,126,13,46,155,134,55,52,255,0,255,31,9,120,255,45,201,244,138,24,94,0,255,83,173,130,0,251,255,125,34,175,236,81,0,255
147,0,168,115,167,77,6,111,102,183,190,0,187,232,83,117,210,110,150,91,27,255,255,68,98,175,144,86,67,243,88,175,145,169,147,127,0,43,105,206,202,95,0,159,0,243,168,174,58,149,108,0,255,112,127,131,255,17,204,206,100,41,95,255,172,124,60,146,130,153,154,99,235,201,230,154,87,210,111,255,48,255,137,182,164,222,255,91,212,107,114,251,208,178,153,6,73,0,142,118,255,0,246,142,0,0,255,206,167,171,155,203,8,88,154,0,255,198,0,255,255,0,73,160,255,245,0,255
146,0,162,137,157,55,33,121,93,227,216,0,167,203,106,122,184,193,159,45,0,255,252,121,82,141,152,145,60,208,20,97,59,166,130,116,0,0,112,129,226,151,0,186,43,180,87,255,20,121,169,0,119,157,135,112,255,0,54,231,171,0,129,255,107,107,143,57,154,185,153,54,249,113,181,45,119,156,255,186,84,255,255,94,255,212,187,125,239,255,0,156,253,255,54,0,143,51,158,45,255,26,230,10,0,0,226,62,255,225,196,71,37,42,255,167,195,255,0,255,255,200,0,101,255,152,0,255
147,0,169,142,186,68,31,112,81,222,179,39,147,120,91,111,193,148,160,146,25,255,215,38,68,216,168,191,178,168,75,147,158,140,116,82,15,61,141,143,142,191,0,148,102,100,14,159,0,110,177,50,143,163,101,81,218,45,126,242,73,91,0,202,142,37,236,72,183,217,173,109,200,255,148,122,192,119,175,166,131,255,122,124,240,186,208,174,255,140,55,76,161,153,76,4,128,2,91,96,246,9,255,91,38,129,255,77,140,127,28,110,41,0,237,148,246,142,0,205,255,97,103,255,213,180,0,255
148,0,170,134,197,80,87,129,106,254,168,13,130,170,110,68,168,192,158,97,53,222,138,133,100,197,142,111,145,178,103,122,79,88,99,162,36,64,134,29,178,109,0,159,120,132,60,197,0,170,191,2,100,142,168,123,170,0,98,255,128,89,18,255,159,124,255,139,217,199,228,112,191,119,190,139,144,194,168,92,34,191,210,105,187,202,86,158,214,170,47,151,114,233,125,57,88,138,78,10,120,77,168,0,86,135,255,13,205,38,80,0,76,32,159,193,165,157,52,140,192,55,0,191,0,0,0,255
148,0,184,126,190,104,29,116,72,232,170,11,130,111,121,119,212,176,143,136,0,255,238,47,0,158,182,107,120,166,95,157,233,76,117,108,72,92,136,47,230,135,6,236,100,189,95,224,36,105,229,140,104,205,121,141,184,30,100,255,144,0,25,176,84,105,219,129,136,222,103,96,240,192,123,91,2,181,140,108,126,255,149,131,255,178,249,39,186,109,9,142,156,104,105,56,0,44,56,0,208,0,255,4,110,30,255,159,255,190,0,131,0,0,146,27,160,88,0,255,255,100,0,227,255,183,0,255
147,0,176,137,192,89,69,120,85,244,163,16,121,127,112,70,193,188,183,77,24,248,204,104,40,169,161,133,148,136,60,131,160,88,121,141,113,63,156,0,137,78,0,168,126,185,52,206,0,162,208,63,109,209,185,162,196,0,103,255,139,55,24,194,87,82,235,147,170,225,134,113,238,150,255,128,72,175,210,135,119,255,206,98,255,218,199,89,215,189,0,103,0,165,80,95,98,100,0,57,146,42,255,0,8,229,255,54,255,157,37,37,22,0,188,176,198,44,18,186,198,177,16,185,145,84,0,255
148,0,168,158,158,51,46,104,86,213,171,0,169,163,71,112,151,154,164,57,33,248,255,108,15,161,111,181,101,130,4,118,90,173,118,125,42,35,136,78,150,153,0,164,110,134,62,185,0,119,159,0,102,184,128,145,210,0,144,255,113,0,38,255,120,147,183,162,157,186,185,105,242,167,133,42,70,174,238,212,142,255,255,62,239,160,166,131,255,255,0,98,253,196,41,49,176,163,124,6,204,11,238,0,24,189,246,0,255,255,181,47,34,0,255,148,248,101,53,255,255,255,0,63,253,179,0,255
147,0,157,158,170,48,24,111,73,203,201,27,158,182,97,95,140,85,162,74,28,231,224,71,33,122,121,185,114,118,38,115,190,142,127,110,48,18,143,119,173,158,0,189,162,147,47,163,35,115,171,33,151,200,80,134,216,46,69,255,110,0,15,255,6,153,159,157,193,237,183,92,255,149,131,80,70,194,172,199,97,255,212,170,193,95,232,145,231,166,0,125,162,69,25,125,168,172,7,0,255,0,255,38,78,116,255,34,251,253,92,64,123,0,255,84,255,153,0,255,255,198,0,132,255,33,0,255
147,0,169,131,179,71,0,102,88,214,175,30,150,166,85,150,159,94,135,164,17,255,210,15,60,191,135,149,154,115,162,152,238,83,155,128,0,52,175,220,85,208,0,127,84,186,75,60,40,83,111,169,214,171,43,78,233,19,129,255,124,15,0,163,151,141,168,181,192,125,111,122,233,253,59,125,177,111,119,255,196,255,41,149,207,237,129,131,238,97,100,176,255,47,138,0,197,0,140,202,255,62,255,66,138,32,255,209,255,192,0,255,28,102,150,0,255,218,0,255,255,4,4,255,255,255,0,255
147,0,175,132,171,81,12,108,81,192,183,16,171,141,119,132,206,110,160,124,1,255,249,45,26,148,141,131,144,137,106,187,215,100,116,87,30,76,98,158,222,153,0,219,60,248,108,132,33,76,186,179,253,229,80,105,220,51,94,255,113,0,1,165,75,146,105,155,147,194,135,113,213,255,24,110,49,210,131,236,138,255,86,139,236,165,255,60,218,126,15,196,255,68,99,33,102,11,52,111,255,0,255,106,100,0,255,106,255,255,45,213,0,65,199,0,255,117,0,255,255,0,18,255,255,255,0,255
151,0,187,131,209,104,82,139,91,241,148,17,107,114,130,82,227,170,150,155,19,241,199,77,8,158,173,119,158,145,128,164,181,67,100,117,84,104,192,0,196,153,0,209,100,175,76,164,68,161,221,121,124,203,91,151,173,0,117,255,180,66,54,188,89,93,231,138,169,203,102,139,255,139,176,153,0,179,67,170,93,255,182,107,196,207,129,147,186,140,74,185,47,35,160,117,27,60,88,36,130,21,255,0,120,145,255,168,209,121,0,23,0,15,123,131,118,119,19,174,225,56,0,160,151,47,0,255
150,0,173,131,175,83,42,127,66,228,189,25,153,140,99,114,209,157,159,103,3,255,239,81,31,149,150,148,111,145,72,158,187,107,99,93,72,65,90,103,240,160,0,236,51,234,84,161,59,102,202,79,198,234,79,137,217,16,92,255,123,44,45,204,81,111,131,153,152,238,124,51,249,145,118,122,77,209,164,173,111,255,135,117,251,231,226,118,211,153,56,223,196,135,106,0,82,96,8,0,255,0,255,42,113,0,255,116,234,252,73,88,65,85,177,0,255,114,1,255,255,48,0,202,229,227,0,255
152,0,185,129,224,97,110,146,80,241,144,26,111,102,111,57,227,192,147,174,27,227,212,25,54,169,166,144,161,171,134,155,133,120,73,100,65,97,205,0,180,183,0,164,116,60,100,142,98,155,220,60,105,212,62,140,180,0,218,233,139,84,77,195,148,112,255,73,125,232,149,114,255,81,141,78,85,145,58,203,19,255,187,147,143,203,106,234,187,73,114,212,49,61,124,57,0,113,109,5,131,0,203,0,165,101,243,121,98,148,8,0,48,15,181,244,53,76,113,104,254,109,46,144,1,0,0,255
149,0,174,123,162,71,16,115,71,207,184,4,165,175,104,140,223,144,143,114,17,255,255,70,58,137,148,146,89,194,62,135,180,47,186,105,0,28,104,111,186,208,0,183,54,192,88,195,28,132,145,73,152,233,149,155,255,0,123,248,152,0,37,203,117,114,111,76,147,198,67,115,235,220,52,77,120,196,224,224,90,255,156,111,255,190,255,83,254,157,16,208,255,151,160,0,105,0,76,129,255,0,255,82,200,0,255,109,252,255,48,130,54,51,255,0,255,190,0,255,255,163,143,255,255,255,0,255
145,0,165,126,177,63,67,114,85,209,194,2,130,183,89,132,168,208,182,66,0,226,255,86,98,152,161,134,102,175,12,115,56,166,144,127,0,11,62,52,149,171,14,162,86,152,70,242,42,221,128,0,129,177,167,89,255,0,45,183,152,0,108,255,183,71,101,47,204,153,170,62,228,111,122,86,147,241,122,139,95,243,255,90,202,156,234,135,255,241,0,187,198,252,60,23,178,51,141,0,240,106,250,33,8,62,235,83,184,222,255,17,133,17,255,2,230,194,0,216,255,127,75,119,120,94,22,255
175,8,146,96,214,76,77,129,148,174,151,51,120,147,101,35,109,238,196,193,0,208,99,177,69,152,150,185,123,68,193,131,106,82,139,130,139,120,184,136,115,174,31,144,123,163,132,92,123,110,126,93,129,77,86,150,125,106,113,206,130,121,121,97,174,168,81,124,144,135,146,112,127,188,138,154,132,137,93,168,100,193,152,130,91,102,138,202,146,88,63,145,95,112,110,171,88,50,122,210,207,121,120,114,106,182,84,114,170,130,178,136,67,136,72,55,147,184,48,216,101,116,100,83,170,147,69,255
175,8,146,96,214,76,77,129,148,174,151,51,120,147,101,35,109,238,196,193,0,208,99,177,69,152,150,185,123,68,193,131,106,82,139,130,139,120,184,136,115,174,31,144,123,163,132,92,123,110,126,93,129,77,86,150,125,106,113,206,130,121,121,97,174,168,81,124,144,135,146,112,127,188,138,154,132,137,93,168,100,193,152,130,91,102,138,202,146,88,63,145,95,112,110,171,88,50,122,210,207,121,120,114,106,182,84,114,170,130,178,136,67,136,72,55,147,184,48,216,101,116,100,83,170,147,69,255
181,11,148,107,204,95,96,120,98,238,107,133,114,134,124,97,143,150,153,142,68,200,162,87,92,190,104,163,137,179,10,184,183,247,95,97,138,28,135,63,164,177,38,192,123,83,74,49,3,130,124,132,90,219,144,137,176,154,98,255,246,51,123,255,109,255,229,178,156,180,95,160,163,162,98,142,45,252,125,127,132,176,180,178,111,155,217,255,171,168,205,206,60,191,0,210,94,120,102,0,193,64,166,79,77,194,150,141,156,252,116,231,141,32,110,0,122,221,0,0,74,255,106,154,255,35,31,255
187,9,156,93,191,85,71,119,19,255,141,170,144,136,132,82,30,242,232,255,148,255,245,147,100,255,54,168,94,229,0,201,255,255,208,0,166,0,174,0,233,182,58,255,243,91,120,164,6,51,141,211,65,87,255,142,37,179,0,255,135,23,32,255,32,255,255,255,255,255,0,46,183,20,255,154,81,223,7,255,117,150,225,201,245,255,255,255,109,59,221,255,214,109,0,39,5,0,0,0,255,0,255,165,140,242,208,0,238,181,0,255,205,0,255,0,58,175,0,0,31,60,0,0,255,0,255,255
186,6,156,89,179,69,64,133,14,255,125,162,138,139,112,63,32,227,209,255,155,255,247,146,120,249,48,181,98,215,0,201,245,255,172,0,182,0,173,0,240,171,41,255,204,92,97,122,16,47,125,168,62,81,255,122,39,153,0,255,142,34,45,255,34,255,255,255,221,255,0,51,170,50,255,142,119,184,48,255,62,200,218,158,230,255,252,255,130,100,255,255,220,112,61,0,73,0,3,0,255,0,255,141,107,254,238,0,203,161,9,255,145,0,255,0,153,205,0,4,0,41,32,45,255,46,255,255
181,10,163,81,173,75,80,115,45,255,108,181,85,141,94,67,68,199,162,255,159,255,253,121,128,221,87,170,111,230,0,162,189,255,112,30,195,0,177,51,254,115,0,255,187,111,91,124,71,0,130,161,93,47,255,147,80,110,0,224,185,95,32,255,77,229,255,255,187,255,0,20,177,65,255,89,12,193,26,255,161,255,218,193,195,175,255,255,134,228,255,255,201,126,30,0,0,33,126,40,255,0,196,170,74,188,164,87,183,151,0,230,161,0,255,0,157,225,0,59,0,113,2,37,255,53,241,255
184,7,164,79,179,86,75,120,29,255,122,189,100,144,116,69,24,223,186,255,164,255,241,124,106,255,66,165,112,219,0,204,233,255,180,0,177,0,204,3,255,155,49,255,211,36,104,152,30,0,123,226,100,55,255,117,53,196,0,255,153,37,31,255,61,255,255,255,255,255,0,46,172,60,255,98,0,225,0,255,143,192,255,205,212,233,243,251,113,189,255,255,198,150,0,52,29,43,5,3,255,0,203,204,83,239,220,35,169,200,0,238,226,0,255,0,67,207,0,0,0,33,0,41,255,59,255,255
183,7,149,96,192,83,71,124,45,255,122,160,121,114,123,72,77,180,193,212,110,255,207,99,100,243,72,175,142,196,0,172,244,255,167,38,105,0,174,0,232,221,68,226,229,101,91,129,0,76,150,176,65,163,255,130,83,168,0,255,175,48,102,255,120,255,255,255,216,255,53,59,181,60,234,135,123,202,94,201,121,192,158,157,223,233,231,255,205,126,207,255,147,151,48,29,107,29,59,0,255,0,213,152,88,255,244,31,144,251,64,255,193,48,255,0,153,180,0,0,26,183,108,136,255,26,214,255
185,15,172,90,199,98,99,116,41,255,112,193,96,177,105,117,50,217,196,255,143,255,248,89,95,255,12,121,118,201,0,207,255,255,165,9,139,0,235,23,212,136,0,255,233,82,59,121,0,35,132,195,127,134,255,130,77,139,0,255,152,5,61,255,31,255,255,255,255,255,0,103,195,43,223,60,33,255,0,255,209,190,215,255,233,220,216,225,68,137,255,255,214,107,10,90,0,15,26,0,255,0,190,120,82,254,143,0,255,213,0,255,255,46,255,0,88,189,0,14,0,139,0,4,255,0,255,255
184,16,177,89,189,106,90,109,24,255,151,196,123,148,150,118,36,200,176,255,153,255,215,153,131,255,56,116,99,216,0,160,199,255,157,0,123,28,209,56,224,215,79,255,192,91,79,151,20,57,79,143,96,48,209,143,90,226,0,255,196,6,0,255,106,200,255,184,255,255,0,72,173,180,193,209,12,164,54,209,136,151,255,119,198,197,212,255,86,138,255,255,194,160,8,197,0,0,73,0,255,0,255,105,17,217,150,123,213,203,0,195,204,63,255,0,79,95,0,57,9,133,0,36,255,0,255,255
185,10,149,96,188,82,69,111,55,255,139,167,122,89,125,88,69,173,197,239,107,255,208,124,126,255,77,146,117,233,0,156,213,255,184,12,120,0,136,21,204,242,60,255,219,145,83,110,0,53,134,165,56,94,244,111,95,154,0,251,170,40,57,255,168,243,255,232,255,255,57,14,173,79,215,120,81,186,88,220,153,227,183,138,233,227,255,255,130,101,216,255,177,169,2,40,0,0,97,0,255,0,202,125,81,202,196,34,184,178,0,255,189,91,255,0,112,195,0,14,65,181,82,77,255,0,255,255
191,13,171,94,185,89,75,114,18,255,127,184,154,156,119,95,2,255,233,255,179,255,255,152,115,255,28,137,99,218,0,183,255,255,192,0,133,0,215,0,215,158,46,255,197,115,60,150,2,0,61,198,122,15,255,113,40,138,0,255,155,1,0,255,51,244,255,255,255,255,0,37,180,67,255,143,86,146,0,255,133,159,241,138,202,213,252,255,4,131,255,255,253,99,73,64,0,0,4,0,255,0,255,103,110,255,245,0,255,157,0,255,178,45,255,17,65,73,0,55,24,78,0,25,255,0,255,255
178,12,166,94,208,118,91,105,71,255,143,213,100,136,153,124,65,177,163,226,133,255,199,91,95,255,92,119,142,175,0,161,201,255,121,0,36,44,201,0,210,202,82,255,189,91,137,130,0,30,107,146,127,116,161,146,130,242,58,255,237,0,90,255,127,249,255,145,255,255,128,85,153,112,160,133,0,189,17,218,166,115,255,183,218,161,141,185,137,128,212,255,145,175,0,255,0,85,132,0,255,0,216,151,0,190,152,207,73,255,0,254,175,106,237,0,52,88,0,0,33,211,158,162,255,0,253,255
185,12,167,95,193,107,98,93,73,255,128,204,109,131,125,121,62,195,180,239,131,255,223,92,124,255,51,88,116,218,0,166,220,255,140,0,70,0,226,14,189,184,38,255,194,151,54,111,0,26,76,130,98,100,218,110,86,175,27,255,184,0,54,255,130,232,255,242,255,255,17,56,168,91,158,105,0,174,5,255,227,157,230,151,228,156,213,244,67,116,255,255,173,145,0,215,0,0,152,0,255,0,228,114,14,246,142,96,167,255,0,255,218,137,255,0,45,70,0,87,37,192,13,60,255,0,255,255
190,5,155,93,202,92,81,125,23,255,132,184,152,149,149,114,23,255,250,255,149,255,231,167,98,255,41,168,103,211,0,223,255,255,191,0,140,0,170,0,208,129,82,255,255,113,136,161,23,81,113,217,77,92,255,125,0,135,0,255,144,10,25,255,17,255,255,255,255,255,0,49,197,0,248,152,61,219,0,255,91,85,249,251,243,255,255,252,113,3,171,255,211,91,25,26,35,0,20,0,255,0,255,160,112,255,183,0,217,178,0,255,175,14,255,0,12,123,0,24,54,0,0,0,255,0,255,255
191,7,156,98,189,74,65,124,7,255,138,178,181,126,130,90,27,238,222,255,152,255,249,167,134,255,40,160,90,223,0,183,255,255,196,0,168,0,190,0,221,224,107,255,251,134,90,133,7,51,68,163,39,89,255,126,0,161,0,255,120,34,0,255,77,255,255,255,255,255,0,34,185,52,255,206,144,164,8,255,87,150,225,154,219,237,255,255,67,23,219,255,212,127,74,51,29,0,22,0,255,0,255,139,162,255,228,0,239,199,0,255,186,16,255,0,87,100,0,0,117,91,15,0,255,0,255,255
188,19,173,92,182,62,65,99,9,255,102,180,149,182,103,53,35,251,206,255,173,255,255,129,124,255,52,122,103,204,0,136,249,255,125,0,173,0,197,0,166,139,0,255,216,142,51,170,0,0,32,168,98,40,255,120,29,92,0,189,60,5,25,255,14,234,255,255,255,255,0,0,224,40,255,101,77,206,0,255,165,198,244,125,158,173,255,255,0,111,255,255,255,58,65,16,0,0,62,0,255,0,255,75,178,255,180,0,232,131,0,255,167,16,255,39,110,194,0,112,96,170,0,0,255,72,255,255
182,4,158,87,181,78,63,125,25,255,123,188,109,122,105,59,29,209,207,255,162,255,251,122,130,254,42,162,110,190,0,213,245,255,183,0,133,0,175,0,255,189,25,255,248,57,84,160,0,25,134,216,51,76,255,132,21,201,0,255,164,38,57,255,78,255,255,255,255,255,0,52,131,10,255,81,58,227,28,255,111,197,208,176,255,255,246,245,150,158,254,255,193,127,7,0,33,8,0,0,255,0,189,176,94,255,238,0,161,206,0,255,193,0,255,5,137,231,0,0,0,61,34,81,255,14,255,255
184,9,164,80,188,79,65,119,11,255,114,206,109,169,115,62,52,223,167,255,188,255,255,105,119,255,74,183,113,185,0,188,238,255,154,0,185,0,188,10,255,164,51,255,232,49,113,188,20,0,98,210,79,54,255,128,25,137,0,255,128,87,43,255,62,255,255,255,204,255,0,23,168,55,255,129,58,168,0,255,119,198,255,162,186,193,255,255,93,150,255,255,219,88,0,30,36,8,11,0,255,0,255,164,145,240,251,94,168,230,0,250,238,0,255,0,122,186,0,0,63,225,82,34,255,59,255,255
183,17,169,92,200,76,61,100,32,255,94,177,123,165,112,55,79,205,186,253,143,255,237,120,99,255,64,132,114,179,0,178,255,255,74,77,137,0,168,0,187,139,19,255,200,129,57,202,0,0,68,130,132,111,255,135,96,114,0,213,137,10,138,255,49,255,255,255,233,221,0,0,217,46,255,124,54,218,0,255,130,155,191,100,152,129,217,255,47,137,253,255,244,77,28,53,20,28,72,0,255,0,198,96,152,255,200,96,190,242,0,255,91,85,255,86,125,170,0,12,159,192,28,47,255,34,255,255
179,13,152,100,210,86,85,110,69,255,102,158,98,141,129,86,124,165,168,163,100,211,190,68,83,227,77,164,162,167,0,156,224,255,116,108,113,21,120,34,169,168,5,201,177,64,98,113,18,89,159,153,94,170,237,161,148,136,50,255,216,54,111,255,81,255,255,255,192,207,109,93,185,74,141,107,92,232,49,221,169,194,125,183,122,121,229,243,182,164,182,163,103,129,0,83,51,131,70,0,205,0,138,96,109,244,140,168,107,248,62,255,116,104,170,0,118,225,0,0,36,255,115,174,255,3,124,255
183,6,163,91,199,104,79,121,38,255,148,191,114,134,132,103,17,211,217,255,153,255,241,126,100,255,50,136,132,189,0,206,241,255,206,0,77,0,191,0,220,188,70,255,241,76,115,154,0,24,128,211,109,98,255,136,48,247,0,255,180,7,44,255,76,255,255,255,255,255,0,66,158,26,207,112,21,195,0,255,160,143,255,215,255,255,197,190,152,110,216,255,184,174,0,72,0,5,0,0,255,0,242,174,87,242,254,0,168,255,0,255,231,57,255,26,73,91,0,3,0,106,12,63,255,0,255,255
183,10,160,90,205,92,96,122,29,255,119,201,132,139,135,120,60,207,179,223,112,255,209,121,112,255,53,148,124,182,0,162,255,255,142,5,63,0,191,0,179,200,80,255,197,100,75,139,6,89,83,151,66,151,241,152,21,204,28,255,196,46,65,255,104,255,255,255,255,255,0,55,189,100,191,137,140,191,41,252,145,160,171,214,222,152,254,255,138,100,213,244,129,157,0,97,25,18,124,0,255,0,236,127,137,242,191,72,139,255,4,255,185,6,255,0,82,127,0,0,64,156,57,68,255,0,255,255
183,12,166,97,194,99,86,117,45,255,136,187,134,148,132,99,37,212,206,255,142,255,226,119,94,255,48,126,127,194,0,198,231,255,167,0,119,0,226,0,246,186,63,255,209,85,84,136,0,37,102,181,133,85,240,105,63,188,0,255,157,7,25,255,86,255,255,255,255,255,0,98,169,107,207,148,40,190,0,255,159,123,255,179,209,213,193,236,82,102,250,255,173,131,2,153,26,0,4,0,255,0,255,127,75,255,204,11,191,255,0,255,241,74,255,0,67,107,0,0,10,145,12,50,255,0,255,255
184,9,157,97,207,102,81,109,57,255,132,189,116,116,125,117,71,197,207,225,110,255,219,85,95,255,59,155,143,187,0,204,255,255,180,28,49,0,200,0,189,197,76,255,253,121,83,142,0,43,130,177,76,188,245,159,55,207,11,255,229,11,67,255,107,255,255,255,255,255,67,71,200,11,233,107,70,198,53,244,199,156,142,198,255,233,241,244,179,141,153,238,170,178,35,96,0,23,107,0,255,0,173,190,70,255,207,58,201,255,17,255,242,55,255,0,86,131,0,0,53,120,29,88,255,0,244,255
183,14,161,97,202,89,85,115,41,255,135,193,141,134,128,113,65,185,186,240,118,255,212,100,106,255,47,138,126,191,0,168,255,255,154,12,78,0,213,17,191,210,74,255,208,115,48,113,0,60,102,150,68,131,210,168,40,216,10,255,210,27,25,255,117,240,255,255,255,255,6,86,183,86,206,157,104,223,54,255,186,166,177,172,222,194,255,255,119,133,232,187,130,177,0,129,8,0,81,0,255,0,207,135,113,255,154,77,182,255,0,255,226,34,255,0,83,188,0,0,87,193,47,25,255,0,255,255
179,14,166,90,210,110,104,103,64,255,111,204,81,150,137,125,81,178,180,205,132,253,201,85,91,255,44,111,155,167,0,148,235,255,122,31,22,32,177,13,150,156,17,255,175,74,91,151,0,77,121,179,117,126,255,129,126,158,46,255,229,18,103,255,129,199,255,221,255,249,111,91,175,63,126,79,44,193,24,255,194,158,194,205,188,112,196,217,149,122,219,239,133,115,0,144,0,98,86,33,255,0,144,92,23,218,126,139,114,255,0,255,187,157,255,0,77,158,0,30,13,255,49,163,255,0,226,255
179,5,150,103,205,85,75,134,55,255,117,166,100,95,132,68,81,150,190,185,88,250,180,105,87,250,73,157,165,166,0,216,252,255,182,13,103,1,145,0,243,213,44,255,255,27,120,139,10,72,179,201,96,221,255,152,89,250,0,255,226,64,110,255,132,255,255,255,239,255,70,126,190,56,153,137,107,248,51,187,139,180,151,237,204,204,201,241,255,148,170,183,97,220,0,9,64,172,0,0,182,0,126,148,128,255,215,59,84,255,97,255,170,58,237,0,102,250,0,0,0,142,72,159,255,0,203,255
177,14,148,110,210,69,105,124,101,233,111,121,102,117,144,56,162,129,136,137,65,223,133,83,83,225,122,146,208,171,50,132,183,157,137,93,129,74,143,12,201,177,31,213,193,71,116,151,68,106,154,165,44,229,255,147,137,134,81,222,177,136,46,255,102,212,198,200,135,176,111,211,173,111,105,180,128,203,62,144,130,116,134,181,10,39,168,255,215,87,155,118,63,218,3,141,14,128,88,120,118,68,131,99,109,234,56,155,139,236,137,194,140,25,96,0,42,255,0,0,189,124,22,203,222,96,82,255
154,3,171,137,189,62,99,112,86,240,133,18,139,140,102,68,150,181,167,86,67,179,213,94,48,206,102,130,143,194,91,138,65,159,122,119,82,56,109,48,151,148,50,225,146,104,45,174,27,193,190,63,106,136,141,106,198,73,44,253,136,61,43,230,133,108,216,162,217,226,113,90,231,146,151,98,139,255,126,143,92,173,231,117,135,182,88,180,241,201,76,122,111,154,45,120,120,153,15,0,177,86,148,0,45,215,192,22,173,214,149,57,132,2,223,51,150,90,56,103,208,225,108,31,70,28,0,255
148,0,171,127,186,81,24,120,78,238,166,36,155,143,100,103,213,128,145,123,42,255,246,32,27,186,157,158,164,163,61,156,173,147,111,65,0,59,132,145,198,156,0,170,55,166,111,134,0,92,178,89,227,175,65,111,218,63,100,255,83,45,4,217,107,133,162,160,153,228,144,95,191,218,121,140,159,223,132,253,158,255,119,104,234,169,213,90,239,132,95,131,182,50,94,34,147,32,68,36,255,13,255,99,107,106,255,77,237,163,14,106,0,54,236,0,215,107,0,191,255,168,47,229,255,255,0,255
149,0,164,153,177,62,62,124,113,199,200,0,136,206,118,57,172,168,153,33,59,229,184,160,68,167,124,91,102,255,83,105,51,119,71,172,38,50,158,151,210,54,12,171,63,207,53,232,0,160,202,33,140,187,171,82,187,20,67,239,112,83,30,255,153,191,255,154,196,211,218,68,238,111,255,167,119,128,109,165,65,255,178,134,210,139,162,208,231,163,0,215,125,208,103,31,172,66,146,0,209,11,235,85,0,127,171,103,225,61,88,0,103,139,218,148,255,147,79,156,255,148,0,154,64,0,0,255
146,0,164,129,171,71,13,102,91,213,180,26,149,167,111,126,200,90,134,111,22,255,209,53,54,165,141,140,125,136,104,153,221,63,206,76,0,25,109,97,163,200,0,213,78,194,146,157,8,122,143,91,195,182,114,105,255,17,93,255,123,19,17,235,86,114,114,123,199,188,104,141,207,169,84,86,100,246,185,255,112,255,139,128,162,178,237,49,212,93,40,162,255,75,131,62,114,47,84,83,255,0,255,40,115,46,255,114,234,199,35,146,22,14,255,0,184,218,0,255,255,10,0,255,255,253,0,255
148,0,160,131,167,67,36,127,109,202,184,0,159,195,121,121,187,173,158,43,11,234,239,76,116,132,178,150,98,199,76,146,83,134,91,138,0,39,69,140,254,106,34,188,18,201,91,234,25,129,182,0,192,143,169,93,255,0,70,218,141,56,120,255,118,159,146,89,145,245,149,92,192,127,187,131,80,224,175,163,49,232,221,191,226,202,189,140,197,186,0,186,132,194,156,31,143,4,91,34,246,7,255,40,0,0,255,85,196,143,215,92,41,67,255,28,255,255,0,255,255,43,0,223,247,98,22,255
149,0,178,126,180,81,61,118,79,225,155,22,146,112,122,120,203,139,146,147,4,255,219,58,22,151,135,153,146,174,124,152,143,103,124,99,45,89,126,51,221,182,4,238,105,187,94,141,57,140,214,72,160,188,101,120,221,0,139,255,148,26,23,188,138,79,152,92,215,206,111,101,250,235,67,105,47,238,137,211,84,207,181,152,235,190,137,126,234,154,61,144,191,114,108,73,27,35,78,82,255,0,255,44,104,76,255,86,192,229,10,97,7,40,233,1,184,140,0,242,255,87,33,155,238,187,0,255
150,0,167,129,177,70,54,113,71,228,169,19,164,141,86,125,207,183,144,109,20,255,255,83,47,163,140,164,105,148,56,136,89,142,140,106,40,21,91,25,180,198,0,185,99,132,88,204,48,193,167,25,135,172,138,133,241,0,161,246,105,0,30,242,148,122,106,107,131,183,179,33,255,182,91,118,160,237,179,205,116,255,215,51,204,207,176,133,250,120,124,186,197,164,87,0,125,79,92,15,204,0,255,0,104,35,255,95,231,186,152,67,84,42,207,0,255,95,22,182,255,219,21,146,172,255,0,255
150,0,184,131,206,98,111,144,78,255,156,28,115,133,122,83,209,212,172,151,29,247,223,43,45,231,145,175,178,195,99,132,117,134,70,126,41,96,205,0,191,183,0,174,112,98,71,124,63,188,215,34,128,214,82,123,187,28,238,240,208,98,36,209,213,119,255,50,171,254,169,112,255,143,176,126,126,164,109,188,87,255,255,125,197,171,167,221,196,77,124,176,37,86,101,14,0,85,87,67,168,21,211,27,107,110,255,101,114,207,21,0,0,81,177,189,159,97,68,0,216,92,59,89,0,19,0,255
148,0,167,126,169,66,22,128,85,224,194,22,165,182,119,108,224,116,160,83,43,255,219,68,67,170,161,154,131,180,65,131,180,71,140,62,0,46,110,199,195,172,0,218,25,255,85,133,0,93,153,50,197,229,99,93,244,56,79,255,80,73,14,221,65,90,164,122,216,255,91,93,202,155,174,147,128,195,146,255,94,255,100,153,216,219,244,93,249,153,34,164,255,107,132,0,147,0,114,128,255,0,255,166,90,2,255,110,195,194,79,74,3,66,200,9,255,202,0,251,201,0,59,255,255,255,0,255
149,0,183,122,192,91,82,122,57,242,152,31,131,99,95,92,184,226,168,101,5,235,238,53,32,160,166,163,130,146,60,134,169,121,85,120,94,68,134,0,185,126,0,202,112,172,18,192,25,180,234,78,119,222,130,156,174,0,129,255,141,56,24,194,154,57,206,114,174,233,113,21,252,148,171,97,47,208,142,105,117,242,231,113,255,210,255,180,174,162,75,146,8,113,58,38,47,117,0,7,146,13,255,0,86,127,255,104,231,230,57,73,58,0,186,52,215,53,0,183,255,137,33,78,93,98,0,255
147,0,170,134,168,67,35,119,85,217,179,27,166,148,90,103,196,149,156,106,32,255,255,48,31,165,122,169,115,159,75,146,156,124,74,109,28,44,142,91,219,159,0,202,94,165,52,170,14,111,170,77,183,178,108,98,190,0,109,255,69,12,5,255,119,105,153,112,127,192,177,106,242,206,101,110,57,183,137,187,137,255,188,135,251,143,246,143,221,123,51,144,178,79,67,0,132,57,51,58,239,0,255,30,99,61,255,73,216,193,39,136,98,0,214,20,255,151,0,255,255,137,0,216,201,176,0,255
148,0,173,128,172,81,19,106,80,230,179,23,146,130,94,124,199,121,140,150,6,255,221,52,21,169,145,133,142,155,91,193,236,32,146,57,13,51,107,126,191,212,0,204,80,175,62,105,5,63,180,109,184,242,55,139,242,43,70,255,129,0,0,175,78,89,158,131,196,205,88,134,190,230,40,98,151,170,225,196,145,255,100,139,241,206,202,88,254,157,52,173,255,165,174,0,121,18,41,90,255,6,255,130,136,0,255,104,216,201,13,105,22,149,235,39,255,173,0,255,241,25,47,255,255,198,0,255
148,0,180,139,213,97,83,134,85,229,150,38,131,108,114,73,193,185,153,115,20,235,210,70,7,158,167,130,146,120,100,155,156,117,82,137,127,81,155,0,166,133,0,201,151,133,61,215,43,148,195,71,98,192,120,147,163,0,154,255,131,31,41,201,79,78,215,93,155,187,172,124,255,163,187,92,13,181,72,145,55,255,236,111,218,196,218,140,187,129,25,129,57,104,58,120,40,124,30,3,140,7,255,0,69,189,254,127,241,135,51,51,67,0,161,168,140,56,50,224,255,130,33,125,140,0,0,255
151,0,192,124,198,112,39,112,62,230,173,4,108,91,102,94,239,173,143,121,0,255,217,72,0,103,208,104,114,130,123,147,255,14,184,85,152,103,121,0,155,128,0,215,131,251,59,212,42,160,245,202,108,255,167,198,226,0,104,255,154,18,65,112,64,30,145,168,142,186,28,55,255,138,161,98,3,210,175,145,179,255,81,153,255,241,249,48,170,127,65,144,83,83,130,57,61,84,0,25,143,0,255,0,167,3,255,184,255,227,0,191,0,46,144,62,215,0,0,255,255,39,0,168,255,242,0,255
148,0,170,148,188,74,62,118,78,220,159,18,146,91,131,98,188,127,155,160,0,255,208,45,20,179,134,148,169,122,96,175,154,125,82,100,74,93,112,38,232,167,29,220,126,87,18,155,86,105,219,69,111,178,90,129,187,28,142,255,113,13,0,188,105,44,212,91,182,215,188,93,255,197,46,75,76,198,143,151,30,243,222,134,178,162,186,188,255,115,30,78,125,108,99,78,51,64,45,0,248,0,255,44,64,91,255,59,159,178,34,79,46,63,255,143,227,126,8,230,255,133,0,178,134,64,0,255
149,0,181,133,201,98,65,133,79,238,167,22,124,107,102,70,226,188,165,122,26,240,241,37,1,156,167,132,142,159,68,174,200,135,104,105,89,83,193,0,184,123,0,194,99,167,63,202,3,124,217,69,133,223,100,164,178,0,154,255,118,35,36,193,85,68,229,123,116,249,103,82,255,136,208,111,4,133,136,139,111,255,187,110,255,167,244,112,191,123,56,169,0,42,118,45,0,124,0,2,171,0,255,0,94,94,255,120,202,167,0,44,8,0,169,144,146,13,94,239,255,106,0,130,128,86,0,255
161,7,164,140,191,75,82,89,94,255,117,106,116,67,84,71,164,46,164,177,70,216,209,65,77,186,91,144,175,151,10,219,172,195,80,132,105,2,144,45,80,166,0,154,212,56,32,105,24,95,166,123,223,149,177,203,199,60,44,255,132,77,48,153,140,72,117,255,203,213,137,158,236,215,0,35,116,255,184,254,67,187,164,44,97,166,101,150,255,212,223,140,165,54,127,101,125,255,60,0,229,12,186,63,0,244,203,0,174,137,61,0,0,170,255,27,255,91,0,16,68,253,42,122,255,0,0,255
193,10,172,93,189,83,62,117,6,255,137,188,158,156,129,88,5,251,221,255,197,255,255,167,126,255,1,139,67,244,0,219,255,255,192,0,136,0,221,0,244,170,65,255,202,116,79,152,16,0,52,195,95,0,255,131,36,174,0,255,113,0,4,255,22,255,255,255,255,255,0,15,181,50,255,220,68,174,0,255,144,112,255,125,222,206,233,255,20,92,255,255,244,89,11,62,10,0,7,0,255,0,255,124,129,255,212,0,248,197,0,255,148,37,255,15,18,57,0,55,23,66,0,0,255,0,255,255
190,15,167,92,179,59,58,110,0,255,115,181,150,171,103,46,44,244,192,255,173,255,255,131,135,255,41,144,100,222,0,150,255,255,166,0,205,0,181,4,218,175,11,255,222,97,80,157,0,14,58,176,66,24,255,112,35,73,0,228,62,28,29,255,29,230,255,255,255,255,0,2,200,70,255,136,135,139,0,255,104,201,203,124,187,180,255,255,24,110,255,255,247,44,23,7,44,0,20,0,255,0,255,103,164,255,209,0,255,136,0,255,151,31,255,6,133,160,0,49,34,191,21,30,255,79,255,255
184,12,166,90,178,73,73,100,26,255,114,191,125,165,103,65,33,236,205,255,178,255,255,119,122,255,49,113,110,231,0,174,231,255,160,0,152,0,188,2,228,103,0,255,224,123,60,157,0,0,73,208,88,4,255,111,30,104,0,228,92,34,15,255,17,227,255,255,255,255,0,5,182,26,255,82,24,222,0,255,173,188,245,184,221,201,219,201,38,144,255,255,219,43,0,18,46,0,44,0,255,0,242,152,111,226,181,0,221,183,0,255,211,26,255,75,51,158,0,109,0,151,0,0,255,6,255,255
186,10,163,99,194,86,77,119,24,255,132,180,135,134,133,84,49,204,176,255,124,255,227,143,108,255,48,111,110,217,0,209,243,255,165,0,193,0,179,0,255,199,59,255,224,68,119,128,13,43,79,177,92,102,255,143,64,197,0,255,132,26,67,255,88,255,255,255,254,255,0,65,185,137,229,192,68,199,4,255,106,173,248,183,188,190,177,255,123,82,255,255,194,127,9,119,56,0,46,0,255,0,255,139,88,231,184,26,167,241,0,255,219,61,255,0,86,130,0,4,14,150,79,25,255,8,255,255
184,10,152,96,178,66,61,117,22,255,134,166,133,122,127,66,76,187,173,255,133,255,247,168,134,244,79,142,70,240,0,157,214,255,159,0,233,0,146,43,245,230,39,255,202,101,102,158,4,88,108,152,42,48,255,174,65,164,0,220,117,78,5,255,115,225,255,254,193,255,0,0,158,145,213,173,149,178,46,247,75,255,200,118,152,214,255,255,109,38,255,255,182,116,15,45,3,0,62,0,255,0,255,128,155,173,174,57,210,145,0,249,220,29,255,0,190,201,0,12,96,240,91,17,255,48,255,255
183,14,149,100,213,77,85,117,65,255,114,162,100,108,131,104,103,163,199,177,76,227,181,90,89,237,52,137,159,189,0,169,222,255,133,81,85,0,117,73,142,181,13,197,209,96,80,93,0,116,140,158,113,158,255,152,127,162,27,255,224,43,75,255,100,255,255,179,248,201,125,89,202,92,115,82,110,187,33,228,145,227,100,182,155,164,205,223,135,149,130,112,131,88,0,45,23,65,85,0,203,0,89,108,98,233,98,113,116,245,0,255,198,83,255,0,92,229,0,18,0,255,139,137,255,0,152,255
189,19,175,101,193,91,86,95,67,255,134,191,140,131,126,99,31,229,238,255,153,255,228,122,122,255,42,87,99,230,0,198,231,255,146,0,66,0,215,4,189,177,3,255,205,205,21,125,0,0,48,148,171,0,255,81,21,94,21,250,169,0,37,255,98,231,255,217,255,255,0,39,198,56,235,81,0,156,0,255,255,125,179,113,255,177,203,202,0,122,255,255,255,122,87,126,0,0,136,0,255,0,188,32,129,255,107,38,255,129,0,255,158,203,255,4,34,90,0,117,35,96,0,0,255,0,255,255
183,16,165,89,190,89,87,111,43,255,118,191,105,128,126,98,61,188,165,255,115,255,201,138,121,255,68,120,99,210,0,136,179,255,128,13,105,21,174,35,213,207,36,255,173,99,86,128,27,48,97,153,80,54,244,124,110,175,0,231,183,26,77,255,120,207,255,168,255,255,12,23,159,131,171,144,14,190,39,231,152,204,240,181,178,123,255,255,85,153,255,255,161,121,0,110,0,15,142,38,255,0,204,88,61,184,137,129,101,200,0,255,120,54,255,0,56,181,0,64,20,181,59,99,255,0,255,255
185,9,153,95,198,98,68,107,65,255,156,182,111,109,135,103,49,193,226,255,137,255,226,138,104,255,54,140,101,233,0,167,226,255,188,0,81,0,172,0,197,216,49,255,201,134,125,135,0,23,151,175,104,54,255,111,113,155,0,255,176,0,73,255,125,255,255,255,255,255,33,29,174,15,177,89,30,205,0,255,205,153,183,180,255,238,255,194,90,86,153,255,175,130,0,84,0,0,49,0,255,0,202,173,62,220,202,6,171,230,0,255,168,137,255,39,50,108,0,10,32,81,0,81,255,0,255,255
187,15,170,103,198,103,78,97,61,255,140,196,125,135,137,96,86,184,181,255,151,255,223,87,114,255,85,112,108,200,0,185,193,255,120,0,84,39,210,17,220,183,56,255,207,135,99,140,0,7,89,123,122,16,160,108,94,112,31,255,180,2,5,255,124,246,255,172,255,255,41,34,185,114,199,152,0,156,0,252,204,97,253,103,195,149,218,236,53,119,239,255,163,121,0,189,0,0,136,0,255,0,255,77,37,189,138,121,190,235,0,255,163,141,255,24,130,41,0,59,55,241,38,125,255,0,255,255
182,10,159,95,206,112,89,93,89,255,135,217,84,146,142,115,93,180,180,215,131,255,212,91,118,255,95,115,117,196,0,155,195,255,115,8,33,16,196,0,152,163,32,255,145,107,102,134,0,23,86,150,139,63,224,112,124,155,54,255,208,0,83,255,149,255,255,180,255,255,112,32,124,81,87,92,0,135,0,254,219,143,186,150,199,99,217,206,74,120,206,255,101,106,0,174,0,17,140,0,255,0,197,80,22,203,167,183,47,255,0,255,124,171,255,0,63,95,0,37,47,255,96,155,255,0,243,255
185,9,156,89,193,90,84,105,45,255,124,190,119,125,119,102,43,205,209,255,145,255,228,117,123,255,44,135,129,206,0,158,237,255,175,0,120,0,172,0,201,192,50,255,254,151,123,137,0,45,146,178,94,65,255,83,43,67,0,254,133,52,34,255,118,230,255,255,255,255,0,13,202,47,196,60,76,182,0,255,205,181,197,214,254,207,255,222,114,47,219,255,195,100,20,15,0,0,111,0,255,0,225,129,86,221,165,0,238,246,0,255,255,83,255,0,78,85,0,81,1,134,0,6,255,0,255,255
183,15,157,108,206,78,78,125,39,255,116,176,149,129,127,106,90,180,164,210,90,255,189,149,90,255,72,128,107,199,0,158,226,255,114,27,142,0,136,0,175,176,39,254,185,118,101,106,13,103,86,116,67,177,224,155,122,167,27,255,168,53,82,255,102,238,255,226,220,228,7,100,200,110,175,217,103,238,33,219,61,167,184,218,179,129,208,255,147,61,198,209,157,126,0,174,57,0,87,0,255,0,241,96,104,247,142,56,189,230,45,255,84,77,255,0,112,219,0,0,128,135,122,52,255,0,255,255
189,19,170,90,184,69,79,109,0,255,113,193,145,158,125,85,49,232,168,255,154,255,244,135,143,252,42,143,106,221,0,90,242,255,121,0,180,0,164,53,164,199,1,255,203,131,87,140,71,69,77,155,21,55,254,161,48,126,0,190,136,88,0,255,73,181,255,255,255,255,0,42,204,142,234,183,166,166,34,255,133,236,227,130,151,130,255,255,48,104,255,255,195,115,2,74,0,0,87,0,255,0,255,98,166,223,115,76,229,152,0,255,156,0,255,0,101,196,0,78,80,226,24,2,255,43,255,255
187,16,177,97,181,85,69,111,21,255,129,199,134,156,134,98,60,198,171,255,160,255,251,166,138,255,34,130,70,229,0,189,227,255,130,0,176,23,232,41,232,208,18,255,194,97,61,145,63,35,62,132,67,24,232,185,80,220,0,248,189,49,0,255,109,187,255,252,252,255,0,58,163,224,248,255,93,165,28,241,143,220,244,87,138,162,241,255,66,106,255,255,167,142,19,125,0,0,57,0,255,0,255,106,109,255,130,122,221,199,0,196,196,0,255,0,98,160,0,49,74,240,0,12,255,2,255,255
187,11,164,89,188,74,63,108,18,255,130,192,134,174,119,82,48,255,211,255,194,255,255,143,114,255,53,168,84,234,0,194,242,255,166,0,156,0,191,16,204,125,14,255,231,105,105,186,9,6,55,222,75,0,255,164,11,117,0,226,84,60,0,255,22,255,255,255,255,255,0,0,182,16,255,146,84,156,0,255,142,202,222,160,207,218,255,255,59,90,255,255,255,35,0,10,1,0,43,0,255,0,255,178,163,230,218,4,213,163,0,255,213,0,255,28,93,143,0,31,78,191,9,0,255,39,255,255
187,21,170,105,187,62,70,112,9,255,112,167,161,134,116,71,63,204,165,255,120,255,206,134,120,255,56,115,110,207,0,131,241,255,124,14,208,20,143,43,193,199,11,255,200,105,82,104,64,69,54,110,45,109,210,155,111,153,0,231,145,63,6,255,82,179,255,212,245,255,0,86,219,152,199,223,129,168,52,231,60,197,222,115,117,125,222,255,61,124,238,225,213,114,20,172,34,0,55,0,255,0,255,80,136,255,122,66,221,199,0,255,108,55,255,0,111,188,0,75,89,170,116,41,255,62,255,255
180,18,160,102,206,67,57,92,62,255,80,151,103,137,121,66,129,157,174,169,104,249,191,88,105,255,88,131,159,162,0,162,196,254,74,136,146,7,116,42,150,166,16,183,207,103,72,148,0,50,78,119,97,160,233,109,155,89,42,219,152,68,122,255,93,255,255,215,150,174,63,59,214,97,181,147,79,171,55,169,128,212,165,93,61,68,221,255,106,146,178,154,184,47,16,111,43,110,61,51,185,0,116,93,137,255,174,150,93,229,56,255,92,142,255,0,134,209,0,41,173,255,139,157,252,123,249,255
185,15,189,85,195,115,99,113,51,255,143,211,89,172,137,137,9,236,219,255,193,255,255,127,106,255,15,115,107,192,0,216,202,255,170,0,45,0,255,52,233,142,10,255,210,73,43,146,0,0,83,170,148,1,255,165,65,235,0,255,229,0,0,255,26,255,255,255,255,255,0,95,147,38,229,95,0,133,0,255,232,134,255,205,236,235,135,146,15,218,255,255,205,160,0,177,0,0,28,55,255,0,255,179,41,255,151,46,148,253,0,255,235,54,255,0,52,39,0,53,0,81,0,63,255,0,255,255
183,9,155,97,203,95,78,118,45,255,124,178,132,125,130,104,50,208,206,232,119,255,201,125,101,255,75,137,126,190,0,185,255,255,145,0,82,0,174,0,210,166,78,255,209,108,120,134,0,39,119,169,117,111,255,130,71,171,0,255,190,18,94,255,100,255,255,249,255,255,11,40,188,50,216,116,84,179,37,248,93,168,177,194,231,195,193,242,147,113,174,255,175,129,13,86,39,3,90,0,255,0,220,123,64,245,214,34,133,255,0,255,136,115,255,0,100,93,0,20,8,121,103,85,255,0,255,255
186,18,173,102,183,91,82,97,54,255,136,194,148,136,128,95,3,250,231,255,164,255,217,146,126,255,34,98,108,223,0,143,209,255,175,0,110,0,208,1,186,209,30,255,221,186,47,137,0,0,80,134,113,2,243,59,74,88,0,255,176,0,37,255,66,193,255,245,255,255,0,71,203,91,190,112,22,129,0,255,196,95,217,137,254,167,255,219,8,112,243,255,255,116,0,204,0,0,79,0,255,0,255,104,93,255,170,0,255,222,0,255,109,108,255,71,0,30,0,117,61,45,0,24,255,0,255,255
183,10,152,97,198,84,76,121,45,255,130,184,126,115,127,96,79,171,179,220,100,255,219,114,110,255,61,151,121,194,0,165,250,255,164,7,95,0,176,10,188,231,69,255,211,98,78,122,0,78,122,163,60,161,241,168,70,229,0,255,199,32,56,255,144,253,255,255,255,255,56,55,168,81,184,149,115,216,73,220,153,216,169,167,218,208,255,255,161,120,206,206,111,185,0,59,19,24,68,0,255,0,195,129,122,249,180,89,161,255,0,255,205,33,255,0,119,224,0,0,60,218,89,101,255,0,255,255
191,13,180,92,204,105,94,110,18,255,144,226,136,145,143,143,7,242,209,255,185,255,243,119,127,255,25,135,102,218,0,183,255,255,187,0,49,0,255,0,206,187,85,255,234,131,34,142,0,0,55,182,81,21,243,156,1,187,0,255,201,0,0,255,47,255,255,255,255,255,0,60,192,42,238,139,28,161,0,255,217,85,239,213,255,201,243,255,28,148,255,255,221,159,0,157,0,0,91,0,255,0,255,131,109,255,156,0,147,255,0,255,208,75,255,0,2,4,0,37,13,104,0,0,255,0,255,255
180,18,166,94,206,103,101,94,86,255,125,195,89,153,128,116,95,177,184,190,118,255,193,89,95,255,42,116,127,187,0,152,208,255,116,79,20,23,193,67,140,168,0,234,184,128,52,131,0,55,125,110,135,118,225,139,163,127,73,255,219,0,80,255,108,214,255,192,255,240,107,87,156,78,122,81,18,189,9,255,221,135,157,169,187,115,190,183,101,156,181,207,130,116,0,183,0,10,106,67,255,0,186,120,46,242,113,120,180,255,0,255,152,129,255,0,54,154,0,0,66,206,18,146,228,0,192,255
181,9,145,109,210,78,83,119,69,236,101,155,100,116,145,78,142,126,149,144,64,222,155,94,108,238,105,140,170,168,0,139,215,236,158,74,137,55,99,14,184,239,32,210,199,32,127,115,40,126,130,155,30,223,254,153,147,173,101,240,209,73,112,255,167,240,228,201,194,168,144,145,164,140,47,150,131,248,118,156,125,214,113,164,103,99,239,255,214,112,155,146,48,224,0,88,74,166,75,0,164,0,150,60,139,213,138,201,34,255,98,232,149,111,114,0,104,255,0,0,91,255,141,225,255,54,115,255
172,15,146,125,204,43,103,102,108,202,153,91,131,110,147,23,180,118,137,154,80,222,136,66,56,199,126,119,236,178,56,158,151,122,155,90,132,72,154,21,187,183,36,200,149,103,85,149,78,82,136,173,92,187,227,154,146,98,72,192,141,118,7,249,74,212,174,167,112,157,98,234,185,165,94,173,162,176,100,144,146,122,90,107,0,60,69,242,225,89,149,116,65,195,59,193,15,123,63,160,165,51,114,53,153,179,77,152,112,218,238,99,86,59,28,0,7,226,0,65,138,143,0,187,167,168,147,255
152,0,173,113,177,67,27,106,62,248,111,35,155,137,89,43,170,78,140,152,76,250,219,46,31,209,166,101,166,159,92,140,157,140,121,137,14,52,148,75,154,173,28,204,122,105,159,171,0,163,155,90,200,133,104,124,170,58,102,255,104,116,0,215,126,158,246,162,255,138,147,116,205,119,32,101,53,235,95,185,169,255,163,119,162,60,243,169,229,168,58,105,173,51,55,99,140,112,92,0,204,0,252,131,106,255,255,122,190,198,73,144,0,47,255,0,137,82,0,18,122,255,239,120,255,108,0,255
152,6,195,146,224,97,163,132,96,228,113,48,93,113,141,64,155,183,180,174,47,215,169,59,31,194,116,176,164,162,162,124,87,139,53,165,98,96,199,0,161,181,0,153,170,63,87,137,143,202,255,115,103,187,74,122,210,0,193,216,213,57,58,222,235,96,255,113,246,153,226,134,252,188,134,82,68,226,6,241,0,194,255,136,26,192,39,208,247,106,124,172,105,157,41,223,0,163,93,63,143,0,166,0,104,218,72,56,161,165,46,20,85,0,176,154,173,142,94,121,213,124,45,111,81,0,0,255
146,0,177,144,197,87,76,118,73,227,142,25,112,128,119,94,188,160,157,126,20,255,212,64,3,179,153,165,162,181,112,127,155,49,91,124,92,69,185,30,170,138,7,182,162,144,72,139,0,188,235,105,100,204,123,108,235,0,92,232,172,44,0,184,170,131,212,116,222,205,149,169,184,209,215,201,93,160,119,227,139,255,219,159,141,172,148,176,217,65,2,75,101,61,45,115,99,43,115,85,158,9,255,0,53,190,255,21,191,154,0,48,0,21,140,51,218,255,0,255,212,123,19,148,118,98,0,255
145,0,160,135,168,60,28,131,82,229,208,5,171,201,119,99,224,141,152,46,32,254,219,94,75,155,148,169,77,176,0,61,128,102,122,85,0,0,112,171,218,172,0,205,54,171,90,195,0,121,165,0,148,250,97,123,250,0,69,255,118,86,72,255,32,69,209,55,208,255,73,61,251,125,196,78,77,163,238,197,15,255,211,139,255,183,255,133,255,209,0,192,178,100,61,0,163,110,94,62,255,12,255,63,65,0,255,114,248,221,115,0,22,33,255,129,229,197,0,234,255,114,49,206,255,162,0,255
152,0,172,138,174,71,66,141,93,222,198,11,144,199,111,92,215,165,164,42,44,252,208,127,54,176,127,135,116,227,41,104,96,120,122,128,27,68,119,98,232,147,0,185,29,226,71,184,0,113,163,17,168,231,143,111,255,0,84,218,160,92,114,255,129,92,160,110,145,234,140,119,255,113,255,152,106,185,180,200,81,252,217,126,233,202,160,114,254,226,59,244,145,210,129,0,168,113,88,88,217,45,255,75,62,41,255,46,134,185,71,0,91,115,179,132,234,184,1,165,227,129,62,233,195,23,0,255
147,0,169,92,189,96,16,126,89,229,141,2,125,179,119,140,208,136,120,196,12,255,162,36,87,184,224,141,117,206,143,153,203,0,148,167,0,124,102,139,170,152,0,99,5,175,106,153,25,167,172,13,133,153,213,166,233,0,152,167,130,87,0,202,207,86,245,77,183,122,46,129,120,172,120,118,193,145,217,232,18,255,93,224,173,205,255,150,244,123,73,94,138,200,250,0,45,0,179,211,255,0,255,191,55,91,255,205,155,101,57,155,0,217,255,72,255,245,0,118,77,34,61,255,255,141,0,255
147,0,174,120,181,87,53,117,86,232,163,18,132,146,123,102,211,175,154,103,8,246,212,74,31,162,170,119,132,178,70,112,153,74,140,116,33,79,132,31,212,139,20,199,70,182,106,238,18,135,204,66,110,217,156,102,231,3,86,236,154,25,40,221,103,81,213,72,171,181,92,75,255,203,131,102,48,195,174,142,97,255,204,108,255,115,200,108,224,168,0,176,148,103,42,48,52,61,53,92,225,3,255,0,112,48,255,171,255,206,52,78,31,56,255,32,183,175,0,245,255,181,17,131,147,206,0,255
145,0,171,116,175,83,47,115,93,231,166,6,151,146,80,142,197,185,141,137,0,255,255,68,49,186,172,135,109,169,54,127,117,102,149,97,0,12,83,77,189,220,0,164,42,143,110,220,41,169,151,26,144,169,162,122,242,0,114,175,132,2,36,250,193,81,165,31,206,172,96,70,189,224,36,72,144,255,184,173,105,255,213,79,227,199,182,91,220,201,39,228,230,224,87,0,109,0,69,62,255,11,219,0,82,0,255,173,255,196,165,52,35,79,255,0,203,163,0,165,255,119,52,103,207,214,0,255
151,0,180,123,199,105,75,137,75,250,141,20,115,116,87,88,213,247,160,101,13,231,246,5,20,168,202,163,150,157,79,162,179,102,73,137,97,104,181,0,197,93,0,166,107,150,31,226,0,189,221,56,114,213,209,147,192,5,186,255,126,81,43,171,166,119,255,116,88,233,140,52,223,148,242,78,98,138,131,89,133,255,147,169,255,212,219,185,124,127,32,105,15,120,116,0,0,90,0,0,153,0,255,0,49,109,255,138,255,217,46,84,0,48,194,135,255,42,14,183,255,129,0,115,43,126,0,255
148,0,171,116,183,98,33,143,102,226,195,21,152,192,135,121,232,168,157,99,15,255,227,80,88,193,171,129,109,200,91,129,126,97,105,133,0,79,91,158,255,124,0,242,4,215,144,253,53,126,148,38,205,167,172,84,217,0,131,180,130,88,64,255,126,85,191,79,170,182,117,99,219,197,196,149,53,184,107,224,74,255,137,142,221,196,255,97,190,132,8,244,153,103,88,0,75,0,130,123,255,0,255,49,12,8,255,228,255,141,62,93,0,101,178,30,224,180,0,212,255,0,0,255,252,222,0,255
146,0,174,111,190,93,68,108,91,227,123,26,109,157,89,133,173,167,142,130,32,255,179,66,43,183,170,169,123,149,120,115,157,27,123,152,0,93,131,2,143,167,0,138,97,120,104,131,16,180,193,48,89,164,176,81,224,0,160,186,154,46,3,244,241,98,250,83,244,177,113,126,135,171,114,118,85,213,148,188,75,220,174,155,150,170,127,139,223,84,84,142,120,117,93,65,98,65,139,137,189,44,196,0,109,172,255,154,155,132,48,44,33,91,255,2,222,211,0,232,172,89,30,181,86,149,0,255
149,0,181,117,195,97,65,114,89,249,125,28,124,134,90,141,184,180,130,216,41,255,185,11,27,240,147,174,189,176,139,117,134,90,124,152,0,115,142,45,114,210,0,69,129,93,48,104,22,159,182,32,110,148,89,130,255,0,196,174,139,83,0,213,245,98,255,88,237,194,163,109,194,255,95,124,155,162,185,213,97,255,187,180,118,255,81,126,255,79,107,110,192,255,177,9,44,29,133,128,255,2,202,64,112,153,255,254,177,152,28,20,0,123,246,66,208,117,32,93,43,155,52,180,123,230,0,255
155,4,170,69,200,93,63,102,159,193,135,99,109,174,124,71,144,123,111,192,22,192,69,148,121,190,205,69,115,137,91,156,207,82,110,71,137,117,114,31,144,195,0,149,71,122,162,101,83,203,132,76,67,154,122,131,164,108,120,255,229,167,41,255,167,81,220,0,159,103,184,102,255,255,0,204,41,215,43,169,34,77,144,19,197,26,174,162,160,255,156,231,255,126,120,221,0,0,126,245,230,41,129,79,99,241,40,247,187,192,214,79,255,108,184,47,191,255,0,206,174,183,229,142,190,0,84,255
177,16,127,115,226,43,71,116,52,189,61,85,168,114,137,85,186,129,197,92,60,163,115,118,113,188,169,152,171,167,112,94,221,172,159,160,107,62,27,62,132,137,22,43,133,92,112,149,66,216,146,49,64,163,170,118,181,117,108,181,201,83,6,184,75,228,129,99,216,109,184,147,221,217,88,158,114,242,91,227,66,253,74,145,93,76,229,211,137,161,89,117,123,139,33,56,109,175,239,59,255,95,162,94,56,190,106,219,101,255,160,106,43,30,108,20,61,229,0,122,103,255,154,137,204,169,147,255
180,22,133,119,230,35,55,107,4,200,72,87,178,119,155,70,164,102,205,110,57,175,104,119,109,157,176,139,221,195,143,17,187,141,182,176,122,112,39,91,122,156,9,0,175,157,121,211,103,255,169,121,49,166,113,176,228,136,110,166,165,159,30,127,120,139,37,104,194,102,196,196,247,233,86,218,193,255,140,154,93,255,90,88,93,32,214,169,205,165,70,92,143,158,0,44,128,51,248,95,255,49,205,149,67,107,108,226,47,239,142,111,68,157,162,98,105,231,0,163,255,255,111,26,255,142,191,255
184,24,131,131,245,42,60,112,20,162,99,90,185,148,113,51,187,128,156,105,79,163,104,95,95,150,186,104,205,195,143,78,197,159,148,229,121,104,80,103,96,127,24,9,118,160,120,188,64,216,146,73,87,201,49,121,162,96,78,180,166,108,83,119,136,199,47,33,206,56,191,188,240,196,122,127,116,240,103,125,83,255,12,80,152,35,243,208,60,237,0,41,126,169,34,124,67,119,255,32,255,82,228,159,121,169,125,255,158,242,188,108,49,179,222,104,110,243,0,156,255,255,140,45,255,130,186,255
179,50,180,162,255,10,44,115,121,122,148,69,135,153,100,57,188,190,57,65,46,194,56,82,103,196,157,146,239,204,222,154,0,173,170,255,57,36,149,70,14,188,94,80,0,151,51,6,8,151,100,195,140,194,26,137,236,3,3,255,98,118,0,152,255,255,101,192,255,109,186,139,242,171,144,50,123,6,116,68,105,255,37,123,0,42,255,255,162,204,90,24,255,142,115,55,73,34,80,51,255,86,34,223,12,255,33,255,255,227,255,255,155,185,199,255,234,255,58,14,178,246,0,255,255,255,193,255
179,25,139,121,241,47,63,122,51,193,88,97,168,120,149,97,161,119,167,139,46,189,116,96,110,167,141,127,170,184,135,63,173,159,129,205,72,95,44,125,74,176,35,51,120,206,104,141,46,205,101,104,69,118,86,141,162,96,100,130,180,117,26,107,145,204,93,66,205,87,171,177,222,215,173,183,146,253,164,189,87,216,98,62,123,53,234,216,97,240,37,93,111,117,0,113,57,66,239,95,255,75,150,99,66,186,47,255,151,155,134,105,27,78,152,115,87,238,0,97,253,255,81,143,245,182,136,255
179,19,121,107,237,53,81,101,23,207,87,78,162,118,86,61,221,66,196,109,64,196,90,113,99,162,193,191,146,204,158,61,213,109,188,171,115,75,45,91,112,167,70,17,148,188,72,200,80,247,156,140,60,163,101,196,161,99,116,186,102,93,62,145,143,87,4,51,228,156,196,135,229,131,79,99,80,255,189,151,117,255,100,114,89,46,211,161,114,245,0,111,132,185,105,38,37,68,255,72,255,26,172,38,63,32,116,190,120,215,113,107,106,107,190,78,128,239,13,236,236,255,88,0,254,10,82,255
177,18,128,118,236,40,65,115,46,184,62,100,147,114,128,67,191,85,182,108,50,169,99,111,127,143,176,142,147,188,174,67,160,129,141,185,109,82,47,100,135,141,31,28,143,159,132,201,50,246,152,126,73,159,131,145,200,65,116,173,127,138,46,75,142,164,39,27,234,91,196,164,220,183,103,167,97,255,128,120,96,244,99,111,134,35,220,117,89,219,0,116,99,123,0,54,94,132,255,63,255,88,183,87,63,107,73,191,106,218,150,56,99,140,183,170,114,228,0,148,213,255,54,90,245,76,168,255
178,18,125,118,233,42,65,100,35,194,94,111,169,105,152,79,179,96,203,114,49,199,107,107,116,175,153,141,203,197,129,45,179,155,172,191,96,66,17,75,104,177,14,43,137,182,123,174,72,252,128,114,30,173,155,153,184,100,121,143,188,109,60,146,158,134,117,64,255,80,240,133,221,182,87,152,90,252,120,124,77,184,53,49,103,64,194,202,110,182,69,105,157,123,0,39,80,80,255,54,255,129,178,89,58,103,58,228,122,194,139,74,7,154,127,54,69,251,0,97,219,255,184,145,212,191,100,255
177,15,128,112,222,61,55,106,63,200,95,125,143,103,131,52,190,122,189,144,53,183,124,97,128,193,179,153,169,161,90,75,182,137,155,162,54,90,14,54,81,220,0,60,143,111,128,188,22,206,82,134,75,169,172,135,202,107,134,178,178,98,18,127,147,227,181,58,255,89,247,129,184,140,10,117,123,231,126,140,38,234,46,68,92,104,158,168,67,194,0,142,70,65,0,113,45,145,206,58,255,25,207,54,80,183,108,235,54,244,153,77,30,132,192,0,126,210,0,89,201,255,240,221,156,95,117,255
174,16,120,133,238,40,69,105,48,165,71,112,163,102,121,58,193,99,207,69,53,190,83,117,109,165,204,134,158,179,180,87,189,118,154,206,91,83,54,69,107,141,0,34,151,136,76,225,75,238,142,61,46,178,125,145,142,80,124,187,164,73,107,126,135,98,78,66,250,36,248,149,220,216,105,139,88,196,105,127,87,250,2,105,120,7,194,166,130,181,100,74,188,171,41,82,78,158,255,63,255,122,210,82,99,90,187,214,30,235,202,22,0,170,181,189,97,245,0,177,193,255,127,85,216,133,198,255
178,15,130,121,225,47,46,103,51,246,120,162,157,104,146,66,179,150,202,146,101,254,158,133,103,225,157,139,105,221,0,117,193,255,117,157,32,0,7,64,80,118,38,137,150,180,44,198,0,138,58,116,61,62,140,157,126,72,9,152,153,32,26,129,63,210,204,141,255,104,170,19,215,21,124,109,92,239,85,244,32,162,19,112,198,69,255,207,39,185,39,88,120,0,0,101,74,37,219,0,255,2,204,92,94,86,97,174,117,128,55,85,0,170,255,31,109,255,0,27,233,255,207,92,236,108,239,255
175,27,135,126,233,38,55,77,48,210,131,119,167,129,124,63,178,120,172,136,98,219,100,122,70,231,109,152,149,214,81,125,182,234,110,217,58,32,11,76,69,130,23,75,126,202,58,177,17,160,126,113,62,116,115,166,178,63,49,174,159,50,47,131,107,159,109,81,255,116,162,107,211,67,139,164,121,247,171,165,106,112,57,53,116,16,184,197,79,193,71,19,102,118,0,62,62,94,148,18,255,110,156,104,92,112,50,165,225,182,81,61,0,180,175,8,134,238,0,29,252,255,228,145,135,255,158,255
178,12,127,123,217,32,53,106,17,196,99,122,171,104,170,73,173,108,201,95,66,231,114,140,126,189,123,178,215,206,112,62,187,160,172,130,141,67,21,41,124,218,51,79,167,131,141,192,122,255,165,119,0,228,201,121,188,160,120,193,227,130,89,181,108,158,121,130,216,68,231,183,255,222,88,239,216,198,85,77,95,174,63,132,96,65,179,255,207,82,138,122,149,174,0,29,155,87,173,29,255,97,223,148,75,127,133,105,29,255,162,107,0,122,159,52,102,255,0,33,201,255,255,160,255,236,162,255
176,15,155,124,198,54,110,101,125,230,136,113,107,104,133,62,164,122,166,173,49,237,145,46,45,255,107,82,229,183,29,209,201,200,132,84,115,58,156,37,223,132,80,202,192,114,71,117,64,52,85,205,100,129,245,115,106,126,40,211,187,108,0,249,125,189,203,175,108,197,85,215,183,148,144,144,109,203,105,185,165,103,134,136,12,59,51,202,206,116,197,23,60,255,102,179,0,79,20,156,139,76,17,85,110,184,51,175,112,200,231,131,188,43,106,0,37,241,14,83,106,7,0,156,217,175,83,255
173,14,146,114,196,38,105,118,110,203,119,91,105,124,141,52,145,126,128,137,72,216,134,74,64,179,135,161,206,160,78,131,151,139,124,124,166,65,137,39,229,184,68,175,130,116,76,115,56,98,142,157,89,177,208,135,163,108,69,213,135,147,21,231,79,217,171,144,139,140,123,173,146,148,88,144,119,204,106,85,142,118,166,138,0,46,180,225,159,94,156,147,117,184,38,169,64,121,59,139,137,36,112,98,135,190,110,183,105,239,160,98,135,55,114,0,47,220,0,97,135,157,0,208,232,116,129,255
