155,14,161,98,227,77,62,99,176,202,110,66,121,180,128,79,93,117,143,108,72,151,60,113,127,154,209,188,68,156,146,203,171,143,49,170,139,160,59,75,86,148,88,171,122,156,195,31,0,131,156,103,125,66,61,13,151,14,194,235,189,111,68,151,150,159,171,95,85,170,173,155,198,232,161,203,147,234,159,155,152,100,205,74,169,116,128,205,201,57,182,171,174,146,93,238,9,9,141,243,219,31,167,0,44,194,143,231,69,217,236,120,169,52,210,84,140,129,0,214,33,107,71,151,123,49,42,255
155,20,170,102,226,26,63,94,206,191,134,52,139,180,133,35,29,143,204,79,18,144,131,122,44,141,229,194,69,167,176,186,153,178,0,214,96,159,83,144,0,195,84,85,255,230,150,42,35,255,67,94,58,191,56,35,126,44,110,162,173,65,41,37,112,160,129,20,206,182,204,75,114,163,98,137,252,235,124,159,204,159,140,163,184,167,45,189,148,50,108,80,212,141,72,225,0,0,224,133,255,0,192,74,71,170,176,138,164,226,188,41,183,9,255,59,255,53,0,143,56,78,118,250,0,57,147,255
154,24,159,93,228,7,68,96,199,209,116,63,146,211,131,41,33,147,188,64,32,148,106,94,72,115,255,230,53,120,171,149,193,154,0,180,60,172,162,158,8,178,45,74,255,219,114,0,0,238,136,51,67,192,83,0,167,0,150,203,116,73,52,65,11,192,167,75,255,95,255,85,47,144,185,128,255,207,83,120,155,241,176,159,168,150,130,213,213,16,155,86,91,216,38,237,0,0,224,144,255,92,184,71,0,233,211,173,145,255,121,19,119,22,255,53,238,22,0,192,59,72,23,255,21,168,57,255
158,26,167,92,225,23,75,101,194,222,133,46,136,211,150,43,46,136,173,41,40,204,161,46,33,154,250,216,66,122,155,117,164,153,16,155,44,151,190,170,0,146,72,0,255,218,141,87,0,255,86,120,33,201,70,29,149,0,113,208,92,51,12,24,1,224,153,18,255,203,205,133,104,127,115,125,255,220,75,168,185,157,156,244,153,141,47,207,190,32,195,136,111,53,42,215,15,0,174,159,165,12,186,50,0,218,173,90,255,255,81,13,151,31,253,107,243,23,0,115,27,189,0,255,0,96,172,255
160,30,155,90,233,20,78,110,175,213,135,43,140,211,114,41,67,117,146,53,31,244,155,50,68,136,255,239,53,92,126,80,143,140,69,156,42,127,220,117,57,144,41,22,207,255,123,18,0,223,91,103,73,120,82,54,185,68,156,214,104,74,0,82,27,187,148,29,255,61,236,58,154,119,139,75,232,129,39,201,96,213,240,236,210,124,115,122,149,10,63,89,138,188,28,174,23,38,100,166,255,88,110,139,51,255,194,217,183,255,55,38,46,69,229,51,246,30,0,140,47,100,56,255,121,135,145,255
162,33,165,110,240,22,73,117,164,204,145,39,154,173,93,29,59,116,167,53,11,190,173,57,37,113,255,196,78,102,144,94,178,143,17,163,42,131,219,116,51,166,16,0,206,255,88,0,36,170,103,136,91,132,75,85,156,81,133,201,105,40,31,41,68,229,205,55,255,114,221,49,104,115,135,120,204,125,0,238,200,173,137,253,195,72,80,205,194,30,161,96,207,169,0,194,58,0,104,168,254,115,148,215,69,229,219,242,232,255,86,51,99,48,236,145,171,0,0,85,6,163,69,255,87,97,96,255
159,33,167,94,255,26,89,129,186,192,127,31,146,193,105,74,66,143,163,73,15,226,122,78,101,114,255,239,76,132,186,57,163,97,64,121,42,133,151,179,17,124,30,80,183,233,142,9,0,205,150,126,109,187,37,82,171,0,121,195,109,97,16,47,61,223,142,48,235,89,215,90,151,116,54,90,223,164,8,166,179,203,202,229,194,135,123,254,239,0,74,161,181,163,0,172,0,44,98,135,194,61,193,110,99,255,78,139,178,202,205,66,116,85,255,202,205,73,0,181,0,120,0,236,198,105,75,255
156,27,146,86,236,14,79,118,177,214,146,53,134,237,158,35,71,101,132,53,30,255,155,55,68,142,255,216,46,130,153,104,120,136,83,178,89,177,166,156,48,137,13,39,255,255,140,76,0,200,157,56,1,119,103,0,195,0,153,177,70,55,0,78,16,142,105,39,209,2,255,41,218,170,161,87,255,159,19,176,5,255,255,231,186,124,153,138,177,0,61,114,92,255,50,181,33,36,119,191,255,138,148,179,21,255,220,212,163,255,57,61,0,116,185,60,255,85,0,157,128,84,0,255,118,196,197,255
156,30,149,77,254,29,102,124,169,213,168,57,133,239,176,42,42,94,150,68,23,255,174,69,16,165,255,216,36,155,161,87,111,172,65,136,100,210,141,167,17,147,1,27,249,255,93,100,35,223,213,59,0,162,96,36,168,0,120,191,86,70,8,121,57,153,90,65,189,19,255,40,196,171,124,0,255,193,0,205,0,255,255,255,212,93,168,77,192,34,0,142,78,255,47,161,0,56,74,170,218,59,154,210,6,255,192,211,191,239,118,80,0,168,165,4,255,177,0,175,143,111,0,255,212,124,255,255
159,37,166,141,255,40,98,177,183,219,155,8,149,188,186,22,66,108,108,48,8,255,185,79,83,92,255,216,9,173,255,92,74,118,0,79,152,230,158,151,0,194,38,0,201,183,51,22,86,237,152,98,24,86,128,197,255,53,90,98,0,30,45,112,80,255,224,154,228,68,238,90,252,83,194,44,242,209,0,255,0,255,223,255,139,184,151,194,255,150,95,10,255,174,42,54,0,78,255,255,255,0,255,255,0,178,102,255,255,255,23,255,39,0,246,255,255,89,0,31,111,255,116,255,255,156,167,255
165,38,183,140,255,32,73,153,170,190,114,23,144,136,87,114,70,163,142,39,22,219,118,122,86,109,255,172,83,154,213,29,99,119,107,107,64,203,118,182,0,215,44,68,215,165,26,0,83,197,123,87,130,133,95,76,193,50,132,213,82,72,90,71,62,255,255,138,255,158,242,119,218,141,137,41,136,161,0,255,234,174,193,255,78,75,191,255,255,65,121,31,255,209,4,163,54,20,193,255,155,55,255,212,62,199,148,255,190,238,223,107,141,0,144,255,255,104,0,78,0,255,28,201,255,165,101,255
160,31,191,150,255,44,97,142,184,206,139,0,122,163,177,61,98,111,163,37,41,250,149,82,54,111,249,174,10,185,209,107,151,24,10,75,144,153,161,139,15,215,127,126,196,177,118,0,66,247,145,45,91,138,98,126,218,0,174,163,115,26,60,0,168,255,248,91,251,87,255,144,255,158,169,38,225,182,0,255,44,62,95,240,141,173,20,221,255,80,108,73,255,83,0,194,0,30,246,127,255,0,255,104,0,0,0,255,255,234,142,152,126,17,235,255,255,50,0,230,0,255,175,255,185,13,0,255
163,40,173,138,255,45,82,153,184,201,142,0,123,156,156,74,84,112,128,51,0,255,159,63,90,99,255,222,37,146,253,66,114,51,47,63,142,165,230,103,38,234,30,21,119,193,96,0,115,255,67,68,68,78,142,195,222,28,118,180,78,44,49,76,69,255,204,126,255,137,198,89,211,149,206,7,204,138,0,255,76,109,226,207,80,104,175,220,255,104,71,39,255,108,0,63,0,148,244,216,255,0,255,255,0,105,40,255,255,194,130,234,111,0,140,255,255,42,0,141,0,241,5,255,232,154,177,255
160,37,164,119,255,47,104,153,196,204,136,8,177,193,110,65,153,126,139,27,11,255,203,74,93,109,255,255,45,243,193,83,115,24,105,171,32,110,223,132,83,155,25,111,152,249,252,0,26,167,104,96,40,116,111,181,155,137,206,58,113,0,85,107,0,255,255,0,255,165,218,51,255,72,138,10,255,215,107,255,10,244,117,138,184,187,115,255,255,0,117,78,239,8,26,83,0,54,107,34,255,0,255,225,0,208,43,249,181,255,89,118,148,0,255,255,255,157,0,255,0,255,80,255,255,107,172,255
161,35,183,124,241,21,83,118,180,201,131,4,147,171,154,46,82,109,157,40,6,254,174,74,35,147,255,211,40,106,182,105,151,32,54,120,103,145,209,92,0,224,0,61,210,195,138,0,129,255,90,55,42,104,86,58,161,0,164,139,113,38,64,0,112,255,228,84,255,75,228,87,206,98,130,30,184,213,10,255,100,150,137,220,202,160,83,235,209,111,136,43,246,144,58,184,0,51,247,112,255,0,204,170,0,97,94,236,222,255,79,176,31,52,255,204,255,32,0,170,26,186,143,255,154,136,63,255
155,35,159,138,255,57,100,163,183,198,139,0,153,157,162,39,74,140,141,38,28,253,216,103,69,81,255,225,0,198,255,141,116,74,0,141,130,136,181,123,0,201,10,72,191,215,138,0,112,235,129,75,0,41,133,254,248,5,89,100,54,0,88,178,141,255,203,152,181,157,240,60,250,91,213,25,224,200,0,255,0,250,171,185,114,159,231,255,255,99,63,96,255,63,11,83,0,72,255,99,255,0,255,255,0,146,79,255,255,209,143,255,47,0,251,255,255,97,0,142,52,255,112,235,255,84,171,255
160,27,152,85,236,12,99,120,184,210,152,38,142,209,124,40,68,89,132,66,21,250,188,49,58,144,255,255,59,173,68,92,87,150,112,226,59,140,175,220,21,70,2,101,209,255,191,19,0,205,121,65,45,99,82,0,189,78,145,77,44,66,14,0,27,144,42,0,133,11,255,29,255,156,90,59,255,128,0,130,84,255,255,255,240,228,167,121,137,0,0,83,94,217,90,245,89,49,24,103,255,41,160,135,228,250,123,230,201,255,0,23,0,192,252,79,255,64,1,132,119,53,28,255,183,78,188,255
161,31,161,76,239,17,105,118,172,203,184,18,141,195,204,50,59,94,148,44,17,255,207,54,0,218,255,170,25,160,189,129,60,123,80,140,128,190,121,186,0,125,0,0,221,209,102,159,56,239,90,71,33,159,67,46,149,19,62,152,72,0,81,0,64,136,0,0,220,166,248,0,255,105,31,3,255,255,0,238,138,255,255,255,110,144,98,255,252,101,23,171,153,181,24,111,17,152,126,112,255,0,255,66,63,255,188,89,248,89,57,135,0,220,35,44,255,101,0,0,119,156,0,189,124,138,255,255
162,37,164,78,255,37,124,129,177,206,141,20,126,218,161,56,58,121,129,87,7,255,190,45,37,133,255,255,0,128,191,58,109,110,24,83,161,210,118,143,31,157,7,29,148,227,84,106,122,190,204,125,113,106,35,108,115,76,111,165,151,38,63,45,87,213,102,61,169,54,195,2,231,132,105,10,255,206,0,255,154,255,246,255,186,98,127,87,175,0,0,176,203,255,0,101,0,135,74,189,218,12,255,221,56,255,101,171,238,98,195,120,0,132,155,118,255,29,0,49,105,54,0,214,255,99,255,255
159,30,152,72,236,23,110,127,177,207,144,13,132,201,158,41,77,94,116,79,23,255,192,48,38,150,255,255,0,157,132,102,114,115,35,172,154,152,134,159,57,115,0,122,127,255,143,80,57,197,146,68,88,43,67,33,122,31,129,109,31,50,66,0,71,148,43,4,137,14,161,0,255,85,176,33,255,237,24,249,75,255,255,255,176,162,125,144,89,24,0,131,110,255,70,115,40,77,135,149,255,5,171,162,125,255,102,163,173,138,18,136,0,177,176,24,255,34,0,65,166,0,0,204,205,98,218,255
165,39,170,110,255,42,110,115,139,167,131,0,120,183,50,42,0,102,177,97,0,246,176,97,3,102,255,246,111,166,230,77,148,52,0,184,74,136,141,113,23,244,38,127,108,226,148,0,134,209,85,141,172,112,81,104,162,34,143,156,138,0,0,255,154,139,92,144,149,111,168,15,135,80,5,122,133,0,0,208,229,255,137,152,169,146,236,145,169,61,0,185,225,212,0,251,157,255,209,255,148,0,255,255,229,151,40,231,243,169,195,189,119,132,163,255,253,134,0,0,52,179,246,187,246,216,45,255
173,35,160,61,207,48,92,136,115,237,166,0,119,81,102,0,42,72,95,91,86,255,103,0,20,154,255,246,132,124,101,68,175,134,40,244,205,70,210,57,138,170,0,94,0,255,50,125,46,210,80,132,189,80,162,81,193,53,148,122,205,176,0,177,121,219,108,0,80,142,13,153,255,131,145,113,99,212,52,255,165,91,213,255,11,23,198,109,201,140,8,150,255,212,0,166,39,237,149,189,85,37,79,113,32,130,167,25,255,255,51,187,0,110,24,0,227,147,68,189,47,173,17,0,68,0,0,255
178,33,189,66,196,25,95,100,120,192,206,0,109,130,130,29,75,119,116,126,84,255,69,28,10,222,237,233,153,112,104,120,206,93,61,210,179,41,159,130,111,158,17,149,0,202,135,143,130,233,98,210,171,68,190,43,123,56,125,199,253,190,22,138,233,199,98,5,169,151,98,105,218,175,95,24,174,140,74,201,231,92,132,255,76,51,120,152,159,147,0,122,255,250,25,214,21,177,124,99,203,71,68,125,37,179,133,199,145,202,173,207,8,213,0,11,226,104,97,140,158,6,0,0,45,68,0,255
160,30,132,73,252,68,61,90,110,190,194,0,37,135,156,0,0,47,129,125,0,134,53,0,36,167,255,173,179,77,43,116,195,91,21,238,222,142,147,0,168,183,34,109,0,255,112,62,116,238,65,112,201,97,222,181,213,79,143,74,147,70,4,255,224,174,156,0,122,46,155,78,158,148,139,55,154,111,86,249,74,190,197,203,0,0,213,124,192,213,0,159,127,249,90,142,41,235,118,189,51,55,62,137,0,234,255,255,196,210,111,116,0,95,0,14,255,111,0,170,255,242,61,91,81,208,174,255
157,37,148,76,255,11,85,107,158,184,164,13,124,223,156,51,92,102,151,29,0,255,177,52,11,202,255,251,82,113,222,56,87,176,74,155,87,224,93,75,34,134,5,0,255,255,92,33,87,255,46,111,35,77,66,125,218,83,103,250,10,22,0,57,89,72,34,123,214,16,216,3,255,106,98,0,255,120,67,255,56,255,255,223,173,60,114,196,155,33,0,152,121,255,176,95,69,0,57,139,255,31,0,228,0,255,187,229,143,219,48,31,0,51,136,129,255,99,0,123,61,71,0,255,144,255,255,255
160,31,154,69,253,21,101,109,181,205,125,9,176,191,80,68,185,77,135,79,0,255,213,1,56,150,255,255,209,93,76,0,70,148,196,245,3,150,242,103,163,136,0,53,229,255,219,0,0,255,0,150,36,92,131,20,227,207,227,102,17,244,0,0,0,38,157,23,255,0,235,6,255,236,157,0,199,82,112,255,0,206,239,223,144,207,0,241,135,0,0,110,35,129,162,72,81,0,0,54,255,179,0,195,26,255,199,233,190,255,0,0,17,0,255,255,255,70,0,249,83,0,127,255,97,8,246,255
165,33,166,100,234,19,91,115,143,178,176,22,129,166,87,64,30,108,176,78,0,245,146,19,0,196,255,163,156,126,125,60,186,141,37,149,41,110,121,148,5,172,69,8,170,241,85,34,0,218,47,129,208,34,34,66,111,35,112,255,135,97,0,9,113,175,141,49,178,87,199,67,152,57,0,77,114,120,0,184,239,146,113,183,229,72,43,215,203,108,53,42,209,255,86,206,89,159,62,167,104,84,127,73,204,236,106,235,189,161,225,71,79,144,198,125,255,87,0,46,0,107,149,29,180,255,179,255
169,33,164,76,215,47,106,110,141,225,211,11,101,132,181,24,72,104,147,108,18,255,139,12,44,240,212,152,148,129,75,45,167,157,80,147,169,64,145,125,107,171,35,76,29,195,99,132,65,222,75,173,126,14,147,62,104,0,144,173,206,166,0,135,113,177,107,0,130,128,91,212,207,78,0,71,153,179,104,223,163,70,242,255,6,50,75,123,229,172,0,41,205,255,1,206,0,164,90,218,73,70,107,107,82,140,78,197,186,255,73,114,33,186,10,0,186,74,0,124,79,0,0,61,72,255,114,255
174,39,176,73,222,42,89,106,114,222,191,3,64,120,135,21,44,110,97,106,19,255,95,22,58,255,203,143,167,78,71,53,188,164,37,158,145,22,200,139,184,182,0,77,0,213,84,108,61,156,119,195,239,75,134,67,56,17,133,242,196,183,9,156,105,205,183,21,195,166,129,158,134,101,15,83,81,153,41,145,157,84,171,255,3,0,104,126,223,178,0,58,255,255,0,255,0,220,127,222,0,186,103,205,92,123,92,232,194,255,97,139,85,210,0,0,225,88,0,75,141,92,1,28,16,255,0,255
168,37,159,66,240,58,102,119,122,232,194,0,72,132,158,34,61,116,124,74,30,255,80,0,36,247,231,186,159,81,47,43,181,178,49,163,167,72,164,140,103,169,0,97,0,232,78,91,19,231,38,131,255,60,175,123,82,57,216,187,236,215,0,133,145,187,126,0,120,160,109,174,227,72,50,105,130,121,97,249,142,38,211,255,19,0,86,132,247,231,0,0,255,243,0,191,0,140,135,195,42,128,102,169,3,92,109,201,233,181,84,108,0,142,0,0,218,89,0,131,102,44,23,0,67,255,0,255
162,31,144,85,255,55,101,81,112,216,161,0,98,151,135,11,37,70,137,135,5,213,126,0,45,111,229,147,68,28,130,105,157,111,64,173,132,123,193,35,170,171,10,19,110,229,36,135,107,224,142,141,153,118,174,120,151,134,143,159,131,79,0,191,73,203,125,143,161,55,184,124,205,195,152,147,196,143,33,255,45,136,172,188,3,63,83,49,196,97,49,152,183,180,126,139,30,125,83,236,105,82,112,118,0,139,255,199,248,208,174,100,64,21,154,133,255,72,0,89,113,204,92,157,12,185,30,255
177,41,197,118,210,0,61,113,143,156,165,0,69,131,117,80,146,125,170,73,0,160,118,55,63,157,255,148,94,84,220,122,150,90,37,150,121,85,255,92,125,213,73,0,175,232,62,36,125,244,64,119,223,53,116,115,217,162,167,238,143,91,0,150,133,255,104,84,254,121,170,54,73,207,123,130,120,150,6,247,219,105,132,182,83,136,225,210,255,63,53,135,255,255,68,200,34,108,59,221,214,255,101,230,92,137,160,150,189,255,48,78,255,31,151,216,187,0,0,0,10,150,0,114,32,255,0,255
176,34,176,90,206,28,77,96,118,207,140,0,105,112,121,2,93,97,112,116,10,214,138,23,66,211,254,147,75,88,123,86,222,124,69,115,157,87,197,103,233,182,25,99,30,161,82,178,70,159,93,211,255,30,147,62,93,129,156,255,195,85,31,174,135,240,200,42,137,186,160,95,155,136,175,87,125,165,53,234,155,49,192,255,18,11,107,96,155,94,84,188,244,237,70,214,0,100,37,217,52,175,78,138,109,145,106,160,255,219,144,172,76,229,107,0,216,0,0,0,146,243,3,98,64,198,3,255
161,29,161,56,238,70,114,102,128,213,177,60,73,189,193,73,71,134,126,67,41,255,123,87,8,233,255,205,103,123,97,48,214,130,10,104,142,146,100,105,90,157,44,86,39,182,139,129,50,211,102,134,225,53,204,109,138,0,123,204,107,118,105,199,231,151,189,17,240,30,164,109,180,60,99,74,92,195,44,233,98,162,255,255,40,0,89,163,200,255,0,73,175,255,0,213,0,182,142,255,83,129,228,42,35,157,123,255,218,139,153,128,0,80,59,0,191,175,0,7,222,103,0,20,240,83,178,255
166,39,170,72,243,57,115,115,125,225,180,24,125,181,136,76,131,131,147,111,21,255,173,85,8,183,255,187,61,111,95,8,168,153,9,53,143,149,157,140,65,162,9,82,24,141,86,115,94,211,158,167,243,31,110,124,75,35,130,237,141,120,86,100,129,255,141,96,243,0,171,113,206,30,158,74,119,216,29,255,144,123,203,255,128,4,43,155,153,201,32,76,221,255,32,116,0,177,123,253,55,99,102,148,81,170,163,255,150,158,115,188,0,235,90,9,255,40,0,77,181,83,12,0,255,172,56,255
159,37,138,77,255,65,140,116,126,187,152,3,165,191,0,9,163,82,183,152,48,255,161,45,37,96,255,206,20,79,173,9,145,197,63,73,55,161,109,147,169,232,26,50,41,206,0,88,58,157,215,130,155,105,79,196,116,83,129,225,176,151,49,150,85,185,255,196,93,6,130,126,217,169,134,43,129,18,36,255,93,246,167,146,67,105,48,9,175,0,0,255,255,184,176,165,122,0,27,146,73,102,4,148,0,255,253,255,255,225,255,240,1,0,223,156,157,176,95,255,45,157,120,58,255,52,47,255
154,25,152,77,249,45,105,132,179,195,152,83,169,190,130,47,144,94,123,95,15,255,113,72,53,171,255,213,110,147,137,30,92,129,117,157,128,177,146,116,137,200,4,100,183,255,208,91,0,156,93,34,52,146,67,21,80,67,189,187,133,40,0,7,101,149,91,60,212,17,191,56,211,255,130,28,251,108,91,175,0,204,255,126,255,181,167,157,141,0,0,230,27,214,42,161,44,0,3,108,255,0,123,194,52,255,117,108,253,205,71,0,0,47,204,250,255,156,0,255,62,0,0,255,255,17,101,255
160,38,174,82,255,34,85,87,151,186,168,71,168,134,104,39,100,117,191,65,0,255,130,152,49,95,253,188,57,81,190,75,183,159,11,73,90,139,72,145,177,248,132,17,245,195,41,28,50,206,150,81,158,253,19,169,133,95,113,255,255,53,0,39,96,255,210,92,255,181,166,116,83,175,108,0,169,98,156,210,255,12,143,117,191,48,20,96,149,8,82,131,226,155,84,195,0,0,19,187,93,0,57,121,17,139,99,214,132,143,255,0,26,86,255,140,234,126,0,198,0,132,0,255,255,184,78,255
159,22,155,107,214,21,130,58,127,159,83,27,120,156,80,70,103,78,208,130,0,142,197,67,0,171,222,190,133,119,153,102,120,36,56,255,24,76,40,107,24,207,40,151,255,240,106,182,71,255,12,23,131,181,137,59,154,145,135,128,88,55,0,105,136,31,51,156,255,0,197,0,216,116,136,69,147,24,50,152,114,250,170,184,227,104,125,179,201,32,0,222,39,69,61,232,216,4,72,104,208,0,82,184,100,255,184,110,171,130,72,109,62,217,255,93,223,0,0,76,89,0,160,204,126,117,140,255
178,32,215,94,183,8,93,128,128,181,211,17,135,68,111,57,110,82,163,159,57,255,91,56,78,193,197,123,130,57,149,151,146,113,91,218,118,42,133,172,100,192,5,133,103,163,88,154,125,237,186,145,179,32,78,0,131,96,105,255,255,204,0,126,255,255,135,62,255,142,119,137,186,152,117,59,124,129,75,255,177,68,187,249,185,88,134,127,136,166,148,92,255,255,96,255,29,88,119,82,186,119,54,160,107,155,212,211,99,255,255,210,16,164,182,90,176,131,37,168,184,204,0,0,112,58,26,255
166,36,164,72,242,52,117,119,136,233,138,23,123,164,98,48,95,114,125,120,33,255,189,54,8,239,252,183,94,100,123,55,172,210,47,98,70,121,192,151,111,173,3,65,36,179,22,165,29,175,134,237,202,29,94,111,37,38,111,255,156,137,13,182,94,206,172,163,146,38,124,144,233,15,122,116,104,188,52,255,124,172,239,255,70,18,0,100,128,122,5,159,229,233,56,138,0,22,87,238,0,91,62,128,25,255,124,210,157,210,191,138,6,128,129,0,164,39,0,100,193,110,69,80,225,233,9,255
171,32,190,86,211,28,118,132,127,208,174,24,134,126,124,61,124,111,108,108,57,255,143,94,34,237,220,129,137,101,165,118,149,107,79,167,101,61,166,172,143,163,27,83,49,202,129,145,46,176,121,148,192,66,116,146,52,47,168,255,175,137,0,95,207,255,190,62,191,47,55,114,198,127,183,97,90,255,7,245,180,59,204,255,142,63,17,138,101,184,113,124,255,195,49,220,0,73,90,185,82,37,127,67,130,255,107,171,124,219,96,192,10,191,121,0,166,116,44,95,187,94,21,55,78,74,0,255
162,23,161,81,216,32,130,91,138,193,171,44,119,152,154,36,98,99,146,98,66,240,175,49,0,220,212,174,121,164,111,95,140,103,87,132,119,98,95,143,142,146,57,96,98,179,127,123,52,183,103,118,197,64,147,40,104,53,104,202,104,96,0,117,209,161,117,38,197,66,92,88,212,130,137,84,151,182,60,231,161,148,255,255,103,47,55,159,155,139,80,139,130,221,45,227,67,86,42,213,156,27,154,12,93,223,152,182,184,119,184,117,4,165,133,0,155,60,0,65,105,69,0,126,173,116,110,255
179,32,204,75,196,17,110,152,132,207,173,4,130,89,104,62,100,137,90,142,72,255,95,72,36,245,238,148,139,82,127,149,172,172,75,176,85,48,210,184,196,185,0,100,30,176,92,146,94,183,117,175,214,12,141,76,35,101,130,255,170,88,0,134,194,239,222,137,196,104,70,47,215,133,226,102,108,255,0,173,255,112,189,255,100,19,79,138,15,201,193,119,255,255,27,185,0,95,74,103,26,83,131,164,168,165,183,169,95,242,210,173,0,205,0,0,179,94,24,56,219,108,0,24,110,20,0,255
185,29,215,78,180,16,94,153,118,200,187,0,129,48,123,13,94,111,88,149,95,255,40,52,65,208,214,179,151,125,91,141,195,205,50,207,84,43,150,231,224,177,0,118,41,174,129,168,143,211,112,183,184,0,145,19,72,71,121,255,207,184,0,190,219,230,202,146,170,175,48,59,183,148,178,113,83,206,0,255,221,26,165,168,154,60,67,136,95,227,198,87,255,254,37,176,0,48,142,107,69,76,70,226,76,123,127,188,149,255,228,219,0,125,37,1,214,97,0,26,229,45,0,0,147,88,0,255
163,32,152,102,255,29,137,107,129,169,138,11,139,116,40,37,161,128,157,163,52,254,205,86,0,183,255,130,9,99,214,84,137,182,37,22,11,101,167,188,210,201,0,8,22,61,18,171,58,43,236,140,255,25,199,63,81,139,53,255,86,250,0,194,184,255,248,255,88,0,140,163,223,2,255,193,75,158,19,255,186,142,249,106,129,29,55,61,86,204,176,166,233,227,240,89,32,0,44,168,64,97,143,0,0,255,255,255,187,110,255,255,125,123,255,107,138,117,0,77,158,179,74,11,255,243,0,255
161,32,171,123,255,25,122,128,175,185,135,66,156,149,72,40,60,127,212,146,6,195,187,99,0,167,255,159,102,155,221,106,154,172,0,175,53,165,208,144,145,219,51,11,163,200,30,27,42,129,82,118,136,134,165,160,116,74,99,235,177,94,0,255,216,200,109,210,138,147,127,169,116,208,54,148,82,138,0,255,234,70,209,1,187,156,125,164,198,58,141,162,235,173,8,54,36,0,16,101,165,0,175,53,0,255,158,171,109,241,190,60,141,1,255,211,121,74,0,5,0,56,0,255,255,255,69,255
152,19,146,75,237,62,101,119,158,189,149,67,150,191,127,46,85,100,146,152,47,184,73,93,57,143,255,187,91,124,120,69,164,121,70,101,93,133,125,113,75,214,41,128,115,224,133,109,71,203,168,103,51,33,100,70,74,37,123,245,138,70,0,159,147,180,160,71,133,54,219,71,214,151,127,106,183,209,135,254,15,207,255,37,189,171,50,89,48,102,4,162,152,237,46,240,14,0,150,175,226,0,160,68,125,255,150,151,145,255,246,120,62,6,255,71,231,151,0,190,12,0,18,247,187,96,65,255
152,24,134,78,255,54,100,132,156,192,124,90,176,219,84,28,140,60,119,126,42,255,70,90,68,142,255,241,35,104,150,47,112,180,64,144,14,166,83,112,113,189,58,51,174,255,118,102,0,124,138,71,60,49,62,101,76,6,116,186,111,55,4,52,132,95,123,103,112,85,221,10,240,159,164,0,216,144,176,255,0,255,255,120,201,152,35,67,99,0,12,194,100,182,65,167,82,0,110,172,255,9,68,122,45,255,131,151,133,250,203,66,0,38,255,110,255,192,0,231,103,0,104,255,255,80,0,255
158,29,165,122,252,32,83,147,186,181,117,69,146,147,115,51,60,155,159,103,14,138,83,86,61,126,255,200,111,155,255,120,164,153,1,136,116,185,133,144,121,201,47,46,220,182,123,10,7,161,156,101,168,165,58,129,184,27,142,203,110,100,0,201,149,246,190,155,132,212,200,104,49,191,100,123,131,196,100,255,189,109,185,0,137,125,152,255,255,84,211,195,198,226,34,190,4,0,154,192,255,109,170,99,0,236,185,141,165,255,179,84,255,0,255,255,160,32,0,130,0,38,0,255,165,219,0,255
153,21,152,91,234,61,103,130,172,193,139,93,154,177,144,37,79,120,156,136,22,183,78,106,55,157,255,181,112,143,155,76,158,126,51,102,88,176,128,107,76,222,50,132,175,208,184,119,56,175,141,79,40,81,69,69,81,58,132,186,140,93,0,172,153,178,225,109,140,133,197,65,159,217,73,107,130,244,133,255,67,171,242,20,200,203,100,170,72,52,72,195,155,214,25,255,0,0,188,175,255,33,190,58,102,255,172,143,247,220,217,74,154,0,255,215,191,134,0,184,0,0,18,255,167,114,40,255
151,14,152,95,220,40,68,96,158,184,156,68,131,152,159,31,37,86,186,123,45,100,42,86,82,135,255,166,122,177,119,131,183,130,13,124,115,137,58,121,46,236,134,163,140,220,174,52,39,152,119,27,138,131,85,0,150,129,110,183,155,28,0,163,148,185,172,9,158,132,216,29,135,202,109,133,180,243,122,198,111,189,249,6,158,192,65,207,136,36,151,98,174,246,7,255,85,0,210,239,237,89,196,0,83,208,196,177,174,207,255,70,202,8,250,156,253,98,0,188,17,0,50,150,154,145,0,255
156,9,147,84,205,53,68,109,157,194,145,85,133,161,154,37,108,108,146,148,31,145,85,113,139,159,255,185,127,126,112,128,123,137,65,126,192,98,61,67,149,192,114,205,137,209,157,92,35,121,154,37,64,69,60,0,156,118,95,185,134,103,0,125,115,153,161,28,130,69,199,71,255,239,47,146,159,213,121,132,69,182,210,56,145,184,161,184,101,71,114,125,178,205,19,255,59,0,82,191,218,101,173,36,155,255,89,114,178,221,231,77,161,148,215,43,207,221,0,156,10,0,51,201,216,22,183,255
157,11,152,88,214,62,71,95,155,202,122,82,153,137,136,49,69,89,198,135,60,152,46,118,93,205,231,162,155,168,129,130,151,142,24,65,119,96,130,61,127,255,146,255,141,166,147,47,51,174,149,123,78,80,85,32,108,92,39,181,184,89,102,166,96,108,140,52,133,178,167,87,184,237,148,95,63,255,200,89,88,161,253,51,123,192,125,186,48,0,226,139,114,210,6,255,83,127,105,169,178,95,69,0,172,168,152,126,44,227,210,139,60,81,209,5,188,201,0,164,123,39,141,128,224,105,10,255
175,8,146,96,214,76,77,129,148,174,151,51,120,147,101,35,109,238,196,193,0,208,99,177,69,152,150,185,123,68,193,131,106,82,139,130,139,120,184,136,115,174,31,144,123,163,132,92,123,110,126,93,129,77,86,150,125,106,113,206,130,121,121,97,174,168,81,124,144,135,146,112,127,188,138,154,132,137,93,168,100,193,152,130,91,102,138,202,146,88,63,145,95,112,110,171,88,50,122,210,207,121,120,114,106,182,84,114,170,130,178,136,67,136,72,55,147,184,48,216,101,116,100,83,170,147,69,255
