174,9,146,98,212,74,78,129,146,175,153,52,121,146,106,37,108,228,190,186,0,209,98,170,72,155,148,185,130,74,184,132,107,87,144,132,147,115,175,127,129,175,43,149,121,158,128,98,112,116,130,97,130,82,87,150,133,114,108,209,142,124,110,109,155,171,88,106,141,129,136,117,133,193,124,155,130,135,102,159,101,179,153,125,81,107,136,199,137,88,75,131,91,116,108,178,94,57,114,200,203,126,111,107,117,189,88,125,177,138,169,130,82,142,74,69,148,186,40,210,100,122,92,91,170,144,71,255
172,11,156,112,204,99,96,110,137,229,126,121,87,137,117,76,138,116,166,134,74,169,128,91,110,195,114,174,186,146,86,168,118,169,108,118,135,93,125,62,163,215,65,166,165,115,104,66,42,132,150,144,114,152,196,115,217,82,56,251,247,116,112,229,126,198,173,103,146,197,153,204,129,206,52,117,88,170,164,112,180,157,169,149,68,122,101,168,191,176,206,196,68,182,94,199,70,152,90,103,187,71,122,29,33,206,202,175,116,255,48,116,86,103,128,12,114,162,0,75,22,151,57,231,173,6,0,255
156,1,156,151,197,66,90,85,84,203,142,70,131,108,129,66,128,111,155,136,36,164,172,79,57,183,104,147,214,86,49,175,143,165,155,124,142,95,68,0,156,198,0,178,189,83,47,139,31,159,188,104,111,204,184,208,225,53,97,255,186,49,64,212,51,144,162,183,183,99,172,173,211,255,34,85,146,216,107,166,91,128,180,76,36,80,74,124,255,144,106,129,109,107,78,187,122,227,29,0,233,47,241,0,75,167,159,53,172,255,197,59,58,118,187,50,245,44,31,145,163,255,107,187,255,150,0,255
150,3,184,149,218,79,132,104,73,212,120,33,131,98,83,119,88,203,141,122,0,195,227,51,54,206,117,179,143,61,96,157,123,107,95,148,113,60,107,0,141,136,0,144,161,80,66,71,56,232,230,46,116,237,65,230,214,0,175,255,190,48,27,180,165,184,255,106,171,53,248,165,203,255,140,11,55,245,0,176,0,122,255,75,84,176,9,60,206,162,72,63,138,101,102,233,57,240,61,36,198,0,167,0,38,192,0,64,201,255,221,107,58,18,151,105,255,34,119,139,255,194,122,0,103,0,0,255
158,0,165,92,191,98,76,120,131,221,123,97,123,154,133,62,72,164,159,153,14,143,108,140,67,208,120,109,120,159,85,149,201,174,100,120,113,117,132,0,153,220,23,201,120,146,119,125,65,115,138,128,59,184,86,154,183,169,82,255,221,138,95,231,100,89,188,89,204,162,41,152,234,233,90,78,19,208,170,144,49,76,255,154,146,69,255,160,193,255,153,181,161,186,127,181,56,166,0,187,198,178,139,69,127,174,174,241,196,218,167,105,255,193,154,58,157,175,0,180,122,192,255,156,255,0,136,255
172,8,155,92,195,94,97,125,111,254,126,138,70,129,87,78,102,105,190,139,101,143,148,90,108,180,81,177,195,112,51,142,124,201,69,133,76,10,162,45,107,167,4,118,155,132,59,33,25,137,185,74,155,176,197,95,212,96,71,255,255,92,76,250,181,246,158,119,167,217,145,195,150,120,12,89,50,102,94,113,226,157,131,144,83,161,153,211,255,231,205,133,83,110,42,106,55,177,59,129,160,40,110,22,0,255,169,94,164,255,28,194,192,177,189,0,223,141,0,90,0,182,122,238,255,0,0,255
157,6,165,146,191,87,113,74,115,219,136,27,126,135,94,88,112,129,169,134,25,227,158,75,73,158,136,153,191,37,96,124,183,83,166,109,102,61,89,0,169,180,30,118,174,137,109,66,54,175,255,107,103,159,97,137,246,0,85,255,233,58,67,182,113,191,140,189,149,156,175,238,154,255,111,89,87,255,127,160,96,82,255,63,110,171,40,65,245,140,119,131,63,187,228,255,114,246,39,83,217,65,186,0,83,70,151,64,182,236,243,111,0,142,121,108,255,163,200,196,161,210,19,150,227,89,0,255
150,8,168,158,197,62,94,69,92,168,133,25,128,101,51,165,114,164,141,137,0,209,190,36,69,171,130,255,139,0,96,126,132,100,185,123,191,75,23,0,106,160,10,120,191,102,122,51,46,190,212,0,179,170,11,198,255,0,207,226,201,0,59,163,187,104,188,59,141,81,255,160,205,255,117,9,36,255,42,225,107,14,255,139,81,168,16,0,225,200,87,29,163,177,203,255,133,138,63,71,255,0,123,0,52,104,33,0,174,255,255,153,0,107,149,226,255,80,186,255,178,54,0,0,151,0,0,255
149,0,164,134,175,70,93,100,67,208,158,17,113,119,86,146,119,205,147,101,0,197,192,85,89,91,184,208,151,49,38,139,146,79,111,123,132,94,6,0,194,189,0,158,94,191,53,117,91,174,252,8,174,204,118,205,255,0,86,228,224,36,62,174,163,152,135,90,182,157,206,56,197,164,35,36,90,255,165,106,67,98,255,65,144,209,91,116,178,247,5,144,116,248,123,237,125,151,47,0,224,37,116,0,105,131,236,57,216,255,255,56,136,31,230,0,255,255,57,255,255,36,0,94,62,75,68,255
175,14,176,95,208,117,88,107,116,255,100,151,75,139,109,118,113,125,180,168,89,180,141,63,67,255,78,161,196,149,7,202,195,254,43,135,128,71,182,61,178,165,12,201,157,100,65,54,22,70,142,152,152,206,200,183,193,199,73,255,255,114,121,255,155,253,236,215,121,229,96,217,158,171,116,119,44,221,130,175,224,170,168,167,128,163,91,167,184,255,255,168,79,179,116,243,83,233,59,89,168,56,0,120,9,255,238,172,111,255,72,175,132,35,113,0,121,196,0,0,125,138,37,106,255,0,37,255
180,19,179,108,210,108,101,103,99,255,104,181,74,172,115,108,126,171,163,174,95,215,187,75,102,255,43,110,122,177,3,226,199,255,54,103,110,65,197,105,144,117,0,218,172,96,56,80,24,84,89,120,146,159,185,188,167,164,97,255,210,22,88,255,78,211,255,219,161,200,42,165,153,150,78,121,24,175,34,225,196,144,159,180,148,69,121,222,100,241,209,185,105,108,0,255,0,81,61,60,227,46,147,52,41,255,156,142,134,255,0,255,102,100,255,0,75,168,0,36,71,168,44,91,231,0,171,255
176,14,178,101,219,112,102,103,93,255,104,212,55,186,122,119,113,229,170,197,120,210,242,65,91,255,36,99,132,158,0,255,245,255,87,70,102,20,205,73,152,95,0,255,187,69,93,143,0,82,65,166,194,159,245,214,97,149,100,255,171,40,103,255,18,229,255,255,178,216,0,176,167,72,140,20,15,165,0,255,255,159,152,240,209,70,89,150,67,236,174,199,153,84,0,254,0,146,48,0,245,18,122,106,92,244,185,96,68,255,0,255,129,106,255,0,92,110,0,0,64,238,0,86,255,0,255,255
176,18,171,109,221,111,101,108,115,253,94,189,53,161,125,119,163,179,134,148,68,167,177,53,91,233,82,128,143,146,27,232,191,255,33,182,140,90,176,108,169,128,0,187,151,53,77,125,26,117,111,149,136,221,181,163,171,159,129,255,240,84,124,255,90,255,245,235,140,117,113,204,153,195,81,104,7,188,52,161,191,151,85,189,131,47,171,225,107,255,146,154,84,94,6,255,39,180,101,48,158,20,65,90,7,255,157,255,83,232,70,189,120,61,106,0,95,220,0,0,98,207,47,151,202,0,114,255
180,21,184,97,207,100,86,104,89,255,100,191,78,171,102,98,113,183,167,186,136,249,221,71,89,255,7,108,124,144,0,232,221,255,58,124,109,43,198,110,164,135,0,242,180,100,53,133,1,42,73,128,161,115,193,191,144,180,69,255,205,41,74,255,73,210,255,235,157,242,44,135,152,80,156,120,10,116,0,234,218,140,224,91,151,76,124,163,29,255,221,157,188,68,18,255,0,40,39,87,255,0,113,83,50,255,162,217,158,246,0,255,118,66,255,0,100,155,0,62,116,193,0,130,172,0,211,255
178,22,183,93,203,107,110,104,71,255,104,190,93,192,94,123,96,196,175,215,130,255,220,81,96,255,0,117,128,166,16,187,246,255,81,105,78,42,254,73,142,130,0,255,184,117,32,131,5,68,122,132,119,102,247,175,97,136,45,255,183,30,71,255,62,197,255,255,251,255,0,125,184,79,129,85,73,164,0,255,255,151,184,204,209,109,151,189,79,236,255,210,144,121,1,186,0,36,111,59,255,11,170,69,51,255,151,71,151,255,0,255,148,75,255,0,94,112,0,97,30,141,0,24,243,0,237,255
178,18,173,111,221,117,97,98,141,255,101,193,43,162,133,84,179,173,149,150,62,157,167,43,57,220,79,149,148,139,27,234,170,255,27,172,107,84,163,110,138,141,0,117,152,90,112,125,33,98,135,155,194,195,167,146,208,111,174,255,232,78,137,255,108,237,226,230,168,123,181,201,147,194,24,93,1,202,36,202,198,118,98,157,150,35,98,148,127,226,172,223,86,60,20,255,7,194,84,88,169,30,35,70,0,246,122,255,112,255,21,202,57,49,141,6,54,180,0,9,120,215,41,168,145,0,139,255
179,18,179,104,217,113,94,103,109,255,106,204,55,163,125,108,136,183,162,193,91,218,199,74,81,255,45,126,125,172,4,249,196,255,50,98,105,77,193,101,164,133,0,219,171,88,79,124,0,71,88,149,190,142,213,178,177,154,125,255,184,48,99,255,79,225,255,218,137,184,85,175,144,152,99,121,21,171,0,235,241,123,182,189,160,23,60,166,83,222,184,232,98,91,0,255,0,126,67,66,205,30,98,87,59,232,132,176,110,255,0,229,106,93,255,14,76,162,0,0,77,179,24,158,213,0,255,255
179,21,185,100,213,121,114,114,125,255,108,185,46,197,117,130,122,177,194,189,98,205,222,61,91,255,2,170,173,165,46,207,209,255,33,111,86,42,255,81,106,124,0,231,169,90,68,63,26,40,186,144,204,165,253,148,173,118,105,255,255,33,129,255,94,231,255,255,218,255,75,213,203,110,66,76,64,161,0,255,255,173,126,248,213,121,83,132,154,255,248,197,105,188,5,191,0,105,78,75,236,37,113,130,0,255,111,114,131,255,0,255,118,79,197,0,122,159,0,0,33,100,0,128,211,0,23,255
180,20,193,95,209,114,100,111,89,255,107,209,63,213,101,128,101,198,185,234,165,255,228,65,78,255,0,111,120,162,0,255,255,255,81,64,68,62,255,73,159,90,0,255,162,74,42,119,6,47,81,146,209,97,225,208,137,169,86,255,212,27,47,255,75,216,255,255,166,255,13,151,178,69,169,68,11,149,0,255,255,140,186,175,206,105,69,153,32,255,255,211,153,122,0,237,0,87,34,58,255,46,124,107,72,255,174,166,199,248,0,255,183,61,255,0,139,152,0,0,98,203,0,108,255,0,191,255
184,19,193,91,201,97,100,117,64,255,100,202,68,191,105,136,71,211,176,251,165,255,255,98,137,255,0,97,86,179,0,213,244,255,105,41,89,13,255,128,162,120,0,255,171,70,0,102,0,24,63,155,104,62,255,194,104,201,19,255,188,1,13,255,31,198,255,255,255,255,0,104,174,16,167,63,68,145,0,255,255,208,222,189,221,127,143,198,3,255,255,191,174,145,2,199,0,0,81,58,255,5,155,95,82,255,86,94,174,250,0,255,225,66,255,0,128,112,0,69,0,113,0,102,255,0,225,255
180,21,184,113,215,116,108,109,136,255,97,177,44,184,121,105,151,161,193,150,87,154,201,20,86,227,27,183,155,162,19,234,191,255,15,148,101,43,255,99,94,100,0,161,157,68,86,28,56,76,162,116,201,214,212,166,193,125,138,255,255,47,135,255,95,226,255,255,150,180,116,243,188,105,13,106,58,187,12,255,232,164,52,216,146,67,107,188,146,255,204,177,102,76,22,255,0,114,48,59,174,25,80,101,3,255,100,195,125,255,0,249,110,96,180,10,82,234,0,24,38,140,0,146,143,0,28,255
176,20,181,97,211,118,105,103,137,255,112,182,36,188,117,96,139,165,181,152,82,165,206,42,70,217,12,202,177,140,47,204,197,255,20,142,104,46,242,102,114,137,0,136,147,90,124,54,23,41,196,84,244,181,221,131,228,90,143,255,255,75,158,255,122,199,234,255,148,225,142,221,166,128,39,99,64,201,0,255,255,171,153,207,153,69,59,130,190,231,190,209,82,146,0,247,0,150,35,127,240,22,126,160,5,255,104,178,97,255,0,228,74,73,141,21,89,147,0,56,8,122,0,169,128,0,41,255
182,20,180,106,217,119,120,113,105,255,99,201,63,197,117,132,114,207,177,190,89,191,223,39,78,255,22,139,146,181,17,215,242,255,64,108,103,39,255,58,117,94,0,255,150,68,62,64,29,65,140,138,210,175,240,173,137,131,102,255,232,0,137,255,49,244,255,255,204,180,56,199,189,122,64,55,19,209,0,255,255,166,91,255,170,73,150,189,74,245,205,216,104,136,0,215,0,115,74,0,204,47,132,52,57,255,114,160,96,225,0,255,102,109,255,0,46,214,0,43,0,179,0,82,243,0,119,255
183,21,187,101,215,116,102,106,91,255,99,210,57,189,117,129,113,200,176,224,118,223,226,57,77,255,8,120,138,171,0,236,241,255,70,108,103,66,240,79,148,99,0,255,170,88,37,117,21,66,98,149,180,139,240,193,154,138,79,255,232,18,77,255,70,219,255,255,168,184,50,171,173,114,146,88,0,175,0,255,255,147,143,188,171,92,143,182,54,255,198,217,141,92,0,237,0,72,47,25,244,4,114,87,49,255,112,172,206,203,0,255,152,102,255,10,79,210,0,10,53,203,0,107,234,0,194,255
180,22,191,100,213,108,89,101,120,255,101,200,67,180,105,120,124,172,184,204,114,216,211,55,82,255,0,142,119,175,19,255,228,255,43,89,89,39,255,72,116,137,0,244,177,95,73,62,0,34,106,136,201,154,175,180,168,160,117,255,214,42,101,255,92,182,255,255,201,255,60,190,205,84,108,126,52,183,0,255,255,124,188,203,208,27,61,153,58,228,255,203,110,142,0,255,0,144,68,81,255,65,60,135,41,255,102,153,181,255,0,214,115,18,255,0,70,195,0,0,218,160,0,97,238,9,176,255
169,17,173,133,226,117,131,82,92,255,84,178,102,101,97,122,140,118,166,191,23,191,153,29,32,201,132,190,131,146,77,245,210,252,75,178,124,26,188,57,127,179,0,145,174,92,108,186,79,175,191,153,225,215,175,240,174,126,133,255,161,92,160,255,65,90,117,245,255,101,162,123,196,202,60,62,51,255,61,255,88,114,106,199,115,114,59,165,242,230,206,255,152,78,114,224,0,255,171,69,213,0,131,12,28,29,70,208,146,255,74,107,39,77,161,39,149,187,17,10,78,223,202,154,255,0,135,255
147,12,175,149,239,59,105,91,57,197,137,77,134,118,28,102,60,209,157,87,0,207,156,0,82,198,142,217,147,94,170,98,103,101,45,113,132,66,84,41,92,107,85,129,134,108,71,74,82,255,194,0,0,220,1,217,186,73,255,255,134,0,13,255,187,168,252,0,164,19,255,31,179,223,151,0,106,144,0,177,71,14,192,248,148,255,0,224,186,175,104,57,100,255,21,178,44,25,87,110,255,0,26,0,125,115,92,0,112,186,255,180,64,44,120,192,193,0,158,255,255,96,141,0,103,0,0,255
147,15,174,189,255,40,96,155,80,204,155,101,125,101,66,59,14,220,155,100,16,217,169,0,2,151,229,198,141,216,219,139,33,100,0,115,61,134,83,83,137,209,0,151,220,240,179,173,206,255,201,0,0,161,34,172,247,64,116,211,62,48,17,255,255,226,240,27,253,129,255,40,184,177,115,92,119,108,15,255,0,210,198,242,91,212,0,187,201,172,0,195,172,255,0,66,0,155,41,151,255,0,0,0,11,183,196,103,90,177,118,70,145,0,242,255,255,115,98,255,255,8,109,0,137,0,0,255
153,12,185,127,244,91,163,130,128,230,116,79,107,198,107,71,33,157,137,115,28,180,110,134,0,185,135,98,169,255,233,122,124,131,0,183,68,134,164,129,56,252,0,132,190,135,221,146,202,116,139,22,24,94,37,59,142,134,196,245,165,27,62,213,239,89,255,120,221,135,255,44,135,255,39,91,156,205,21,164,0,129,98,241,255,134,9,255,99,106,169,152,255,255,0,255,83,255,172,135,50,2,255,185,220,42,215,204,255,133,95,243,210,0,179,230,99,247,28,174,255,201,30,14,20,78,241,255
149,2,180,91,211,104,80,124,144,211,110,110,112,148,150,106,144,117,137,154,23,203,86,127,42,168,178,121,136,212,178,111,123,130,8,168,139,138,197,50,144,219,60,164,122,195,212,159,154,117,134,69,45,50,55,0,208,106,99,255,202,141,29,254,195,86,176,101,239,83,175,119,135,255,90,140,16,217,165,228,0,125,217,144,199,126,76,183,131,57,97,219,255,61,41,255,0,85,254,118,114,1,194,100,255,147,238,106,255,0,181,216,223,6,82,0,134,255,0,255,201,73,0,136,129,0,0,255
144,8,167,138,242,67,149,118,71,219,129,61,154,136,86,87,143,229,149,121,6,219,155,10,77,188,186,180,119,157,164,110,124,123,0,123,79,73,85,97,191,199,0,86,88,128,86,102,88,255,196,0,60,105,0,149,193,42,141,184,115,30,46,255,244,210,224,128,222,150,231,43,170,153,191,56,207,177,2,189,66,221,255,199,49,195,0,249,193,107,7,187,144,212,0,112,4,163,84,76,168,10,67,0,0,139,119,68,108,153,234,140,91,0,132,133,209,232,179,255,255,0,80,0,121,0,0,255
145,11,174,130,255,72,169,125,69,207,121,99,150,110,111,105,97,243,146,83,0,228,170,0,119,161,185,197,112,136,182,127,128,98,0,113,79,69,62,87,190,179,4,119,108,116,38,119,153,255,197,0,72,167,0,181,221,52,173,152,150,36,17,255,249,220,255,120,230,98,213,59,154,220,178,0,189,165,0,255,20,166,255,182,33,194,0,255,154,143,73,208,173,255,0,190,0,179,70,157,219,2,4,0,0,172,61,147,121,155,255,197,125,2,212,138,200,240,68,255,255,0,120,0,186,14,0,255
147,16,185,150,255,25,119,174,132,163,167,59,109,179,42,87,41,222,196,108,9,142,154,46,0,145,255,144,162,252,252,78,145,137,0,169,67,167,239,108,139,255,0,26,155,255,116,38,138,144,66,52,0,120,177,127,197,69,173,191,88,0,0,255,255,171,115,171,243,155,151,0,21,249,41,175,255,198,0,235,97,118,144,0,227,255,128,255,21,166,57,255,255,217,0,209,20,162,159,118,140,0,99,178,61,162,229,183,180,164,189,116,255,0,203,255,153,85,0,223,9,94,22,255,246,114,0,255
153,9,170,81,216,73,62,126,174,169,129,127,123,159,128,63,89,108,107,161,38,173,96,110,73,172,255,82,179,177,154,132,189,110,16,105,205,143,135,111,113,243,25,95,88,213,134,91,103,161,143,136,0,90,90,0,91,141,93,255,191,121,0,251,155,150,244,78,104,55,250,68,207,255,16,206,147,240,20,255,38,248,147,0,231,160,46,181,63,193,28,224,255,170,20,255,0,0,217,245,171,0,255,69,178,255,164,62,217,137,255,232,255,0,145,100,179,255,0,151,0,72,0,214,87,3,0,255
157,9,186,70,225,99,89,126,166,189,104,170,113,117,151,120,104,143,151,140,43,189,31,124,58,197,166,101,192,177,137,103,130,192,16,149,222,125,173,95,146,255,118,183,81,180,88,105,90,138,185,98,67,139,28,6,199,185,54,250,255,189,111,255,149,138,114,70,166,74,206,78,255,255,56,174,14,146,132,213,152,162,255,61,245,116,102,158,118,194,156,218,255,126,0,255,28,97,255,240,154,0,167,18,135,90,161,103,224,118,255,255,245,0,120,33,136,255,0,182,70,88,0,130,71,0,0,255
147,9,189,106,239,103,144,132,99,250,132,121,114,150,157,96,114,228,126,111,0,196,94,106,58,204,125,139,203,191,152,87,116,173,6,126,109,111,165,99,136,228,0,128,132,187,145,174,180,148,159,0,49,75,0,52,173,121,162,211,181,104,96,255,134,36,255,83,255,143,255,38,211,255,105,116,136,210,139,206,82,119,255,216,254,245,56,255,54,113,72,158,255,221,0,255,35,173,70,132,81,0,188,56,214,98,155,158,255,205,195,212,140,0,8,197,66,255,19,218,255,10,0,26,0,0,0,255
147,12,171,118,237,64,129,99,95,215,120,82,125,163,70,143,77,209,174,77,9,169,137,14,24,198,139,154,117,133,146,110,119,133,8,125,71,58,90,151,80,207,46,58,92,129,70,87,171,224,165,0,34,74,2,148,165,123,228,249,133,0,45,255,219,123,244,82,213,106,201,61,77,229,137,0,128,185,3,151,136,81,223,150,148,227,0,224,182,120,89,125,221,255,0,219,93,126,46,84,168,105,0,0,19,185,255,111,166,122,255,165,154,0,152,82,51,72,115,255,255,0,29,0,47,111,21,255
151,12,181,95,238,70,113,116,157,231,110,103,146,179,77,59,200,152,137,163,72,209,29,98,17,160,81,142,159,169,155,73,137,127,38,211,75,135,119,72,74,255,11,59,153,122,123,119,54,169,104,33,157,113,73,159,115,0,119,186,126,148,46,174,188,128,129,49,50,195,114,131,207,255,109,54,59,164,73,255,23,144,245,202,163,151,110,157,254,190,216,179,124,146,91,123,40,0,136,255,93,26,166,38,0,49,237,221,227,53,195,117,228,2,235,158,139,184,19,77,255,20,0,52,52,0,0,255
143,7,136,146,235,46,89,43,53,206,189,102,114,133,39,120,59,133,178,128,0,220,43,0,190,115,150,223,125,0,199,92,143,88,103,176,218,0,139,163,102,193,45,0,41,36,124,115,160,255,255,56,95,215,0,209,255,114,255,250,193,82,93,255,121,120,130,97,255,0,188,6,255,242,167,10,100,198,0,0,181,70,126,118,62,153,0,255,252,255,84,216,0,121,110,72,45,0,131,40,255,57,0,0,154,0,138,7,241,39,255,181,0,255,255,217,255,147,125,255,185,126,11,0,246,0,0,255
151,17,162,169,236,59,88,72,54,222,141,158,100,111,43,92,128,168,192,154,0,255,97,31,77,136,207,242,125,96,190,147,165,114,44,187,183,63,116,58,41,160,0,91,152,157,135,205,114,255,204,72,34,219,44,186,230,112,246,255,151,119,134,255,124,110,96,125,255,0,234,50,199,255,97,80,147,130,75,154,182,87,31,255,105,150,0,199,246,219,46,195,92,198,79,98,0,80,146,162,253,0,92,0,148,0,166,56,94,138,222,0,0,80,255,245,255,111,193,144,242,50,78,3,255,0,0,255
148,11,173,76,249,87,107,116,122,236,74,101,155,159,89,125,205,207,114,173,50,195,58,36,50,196,129,213,137,95,129,53,40,128,2,255,108,91,10,119,73,255,16,11,45,81,56,162,192,167,141,0,151,47,51,127,174,32,78,174,147,100,0,233,76,165,105,40,144,137,200,96,255,224,71,1,103,110,62,255,50,100,255,203,160,156,255,137,255,213,133,229,208,52,57,133,111,88,213,196,124,49,91,97,2,165,189,255,126,0,255,197,210,36,183,87,255,157,138,107,255,32,64,89,0,0,0,255
159,12,181,65,218,103,56,126,166,177,85,138,103,142,98,126,176,126,151,187,77,213,13,45,70,207,148,205,155,140,140,84,131,142,16,245,93,171,152,3,90,227,6,61,40,52,80,53,72,192,210,171,51,87,153,139,255,0,40,171,246,255,84,255,181,117,25,0,194,168,165,57,255,130,36,246,1,0,83,255,84,156,255,181,255,0,214,0,116,255,255,255,202,16,186,255,223,191,255,255,245,65,67,22,33,180,225,255,115,117,232,235,158,0,255,0,255,255,0,115,255,255,164,95,134,0,0,255
162,16,188,66,232,107,65,143,155,180,94,139,78,132,160,133,161,145,124,188,88,185,0,54,52,201,155,216,144,136,59,98,118,179,38,252,194,167,115,115,151,226,48,94,0,112,97,50,102,234,219,168,77,51,151,235,255,64,52,168,255,255,65,255,159,169,98,0,150,88,197,13,255,177,26,150,28,0,78,255,109,154,255,61,255,57,218,0,146,255,255,203,137,0,148,255,251,254,255,231,205,14,30,21,10,255,154,255,101,106,237,154,42,0,159,0,255,255,0,151,214,255,0,99,221,0,0,255
145,2,165,89,222,91,124,111,67,230,121,126,112,125,130,140,141,213,150,125,0,206,83,40,95,188,109,174,180,121,146,100,55,171,21,194,140,58,126,40,150,233,61,94,92,125,132,212,176,177,168,0,82,62,29,21,214,85,122,195,199,87,78,255,127,90,144,25,255,151,221,98,207,235,104,72,119,247,161,151,35,162,255,111,134,242,160,255,120,117,23,165,189,157,0,250,84,176,43,88,221,0,143,0,157,120,134,126,146,213,234,157,133,79,145,0,167,214,51,167,255,7,76,116,16,0,0,255
144,7,159,145,232,52,103,113,51,209,163,100,171,168,97,120,99,232,154,81,0,217,144,0,80,163,161,237,135,82,147,67,103,88,0,65,147,54,124,105,213,198,41,29,81,124,143,79,108,255,255,0,31,157,0,164,255,33,250,201,162,62,66,255,231,214,226,71,141,107,214,30,204,215,232,99,164,200,16,101,0,146,200,194,60,198,0,193,140,165,0,103,63,255,0,133,25,119,0,0,255,15,0,0,83,68,45,41,29,170,180,99,75,37,117,138,255,217,37,255,255,104,171,0,98,0,0,255
154,7,172,63,210,82,75,116,156,190,121,122,126,147,167,71,94,142,135,148,61,144,72,102,66,207,255,110,178,117,101,92,168,77,53,133,240,41,148,104,127,215,78,171,38,198,125,153,82,140,225,79,5,100,94,0,66,140,56,250,232,124,0,255,138,216,247,68,107,8,190,127,254,252,0,240,31,184,102,171,131,93,182,0,207,99,141,142,58,174,54,195,239,106,0,255,13,63,167,164,62,0,255,0,164,255,94,0,173,172,255,213,245,0,123,13,202,255,0,127,10,75,0,180,84,0,115,255
158,12,190,87,203,80,75,90,167,196,74,140,99,146,92,51,135,116,120,140,78,219,69,123,0,185,86,120,156,169,154,165,140,173,36,205,120,110,195,33,78,243,55,76,176,149,76,184,5,194,176,162,130,192,136,36,244,8,0,207,179,223,75,255,255,109,72,65,129,74,104,75,189,254,66,147,0,187,215,196,117,135,251,112,172,0,120,116,133,143,176,254,179,54,125,118,25,94,198,255,175,0,213,21,57,195,168,36,126,176,177,201,255,100,160,67,247,255,0,108,205,135,38,128,92,0,47,255
155,21,161,160,220,40,106,90,117,249,111,136,142,139,10,40,77,118,192,164,52,208,128,63,0,132,129,159,69,147,165,125,100,137,20,255,119,55,73,117,0,240,0,50,213,196,94,191,121,251,203,42,85,122,157,203,162,58,88,236,87,108,133,255,195,66,178,139,255,36,169,142,165,209,51,49,81,143,0,133,146,83,24,139,205,122,95,132,255,143,116,108,179,138,51,8,0,168,95,85,95,76,113,0,0,76,255,89,239,255,164,90,0,143,255,13,234,64,122,116,255,126,0,14,238,99,0,255
152,10,161,157,211,51,104,68,103,217,113,129,147,94,127,86,117,134,198,125,60,227,63,66,31,208,79,194,112,60,179,125,91,161,45,189,232,48,62,71,123,255,0,94,135,180,151,144,94,188,226,69,99,100,69,129,172,76,201,235,206,98,141,255,183,25,98,160,181,62,70,212,228,255,142,225,76,195,78,154,130,147,174,159,42,232,12,195,255,134,198,97,64,222,48,67,118,79,0,130,184,0,152,0,17,4,57,0,76,188,255,176,0,177,128,120,199,145,77,173,255,155,0,61,255,68,0,255
153,14,154,160,236,62,95,71,60,185,123,105,107,74,56,148,89,164,131,166,0,235,110,20,145,166,185,222,130,26,159,127,123,149,121,166,187,51,80,137,67,152,8,66,75,89,66,156,111,238,235,65,48,215,10,225,227,96,255,252,147,87,92,217,114,117,192,70,242,0,245,81,186,255,176,0,119,186,0,179,116,29,104,197,46,96,0,84,255,255,156,214,65,178,191,132,54,8,255,122,255,0,82,0,79,0,140,0,141,81,255,107,0,159,134,132,255,87,195,173,133,14,102,0,255,0,0,255
145,13,158,143,247,44,112,144,64,203,139,100,133,164,65,111,49,255,176,82,0,182,144,0,47,157,240,166,102,135,176,124,148,140,0,155,59,134,86,131,164,186,0,65,63,185,47,155,154,255,172,0,0,128,98,154,192,57,241,226,91,1,0,255,255,180,148,137,188,54,163,7,134,188,192,30,247,137,76,205,45,126,181,183,118,109,53,255,138,181,26,234,99,255,0,132,0,154,157,69,184,73,0,0,45,182,235,195,0,162,157,152,128,0,255,197,226,139,121,235,255,12,136,0,170,154,0,255
145,6,164,145,217,61,115,93,79,226,161,62,111,173,83,105,66,197,170,50,24,188,87,18,70,121,184,254,109,159,151,136,176,72,0,99,127,53,126,152,135,251,10,113,131,133,134,11,61,205,255,25,99,143,0,110,219,73,254,236,235,121,136,251,217,180,156,19,251,106,255,190,167,225,147,84,108,142,23,95,144,162,253,181,182,120,13,255,114,169,47,100,140,148,0,253,0,188,195,69,220,107,0,0,80,0,255,0,99,137,238,102,44,75,236,173,78,255,170,255,255,0,138,0,129,0,68,255
148,16,164,128,255,73,157,129,113,235,112,79,161,156,32,66,181,153,165,144,45,237,80,11,65,189,162,146,131,140,195,45,101,96,42,127,24,91,109,129,153,227,14,76,104,133,93,114,80,169,161,17,76,81,70,169,109,77,128,244,122,8,92,212,228,190,202,123,145,171,251,104,255,199,165,21,135,181,0,211,39,109,174,230,134,239,13,255,226,151,69,168,205,210,34,118,0,202,24,185,79,14,41,0,5,122,221,117,219,189,255,253,45,0,255,221,140,164,224,255,255,46,0,0,212,34,63,255
147,15,168,136,255,62,145,116,50,209,94,113,154,87,90,108,108,214,116,84,0,218,126,0,130,169,170,189,132,78,206,85,134,98,15,120,120,73,55,123,183,124,61,70,85,117,11,128,88,255,206,6,0,211,0,233,213,124,217,236,72,95,64,255,145,189,255,117,201,66,255,25,164,245,222,0,144,183,0,173,0,84,226,255,42,187,0,255,202,207,108,135,161,255,47,121,0,88,8,125,255,0,0,0,72,79,65,38,129,180,255,189,65,43,185,180,246,134,128,255,255,6,168,0,186,0,0,255
153,8,160,131,225,77,138,87,79,222,96,149,70,124,120,122,155,169,139,127,22,174,154,49,105,210,138,180,140,82,106,188,171,183,93,205,101,52,8,33,44,202,0,119,168,85,43,212,113,255,134,38,132,192,201,162,207,80,164,247,135,100,139,255,97,56,163,200,255,5,242,104,188,232,53,0,192,213,0,230,88,172,135,184,24,47,58,217,255,152,102,153,198,107,12,233,33,234,209,62,225,48,166,0,36,167,150,165,90,255,242,154,4,71,255,62,255,75,90,33,171,39,78,134,248,74,152,255
175,11,149,105,201,85,85,116,119,237,114,117,78,113,127,75,137,124,189,135,57,162,137,86,111,210,93,159,197,152,22,174,159,169,117,106,118,43,107,67,138,203,18,123,212,102,131,71,17,166,163,155,133,175,255,141,210,108,52,255,238,97,60,255,115,243,214,138,171,174,165,181,216,174,18,110,139,135,87,115,167,208,119,126,88,175,75,153,255,180,167,145,74,140,78,83,98,143,39,29,146,37,81,21,51,255,151,153,145,255,58,149,137,88,137,0,140,133,0,68,0,223,71,253,206,19,0,255
180,4,156,90,204,105,98,143,96,255,132,152,94,146,119,84,94,158,187,129,85,192,166,94,63,222,37,182,218,123,16,169,193,246,109,83,35,15,195,29,164,188,0,195,134,138,56,31,12,68,206,62,162,198,224,153,120,189,80,255,255,54,187,255,131,255,216,248,181,239,159,174,182,104,148,98,120,141,53,191,239,196,128,188,192,184,131,218,255,217,237,155,85,255,50,103,65,182,104,37,236,92,106,90,0,255,155,67,85,255,56,255,60,113,56,0,183,128,0,46,0,176,79,255,255,0,32,255
176,9,156,90,204,106,99,132,91,255,122,168,85,143,126,98,93,145,172,137,93,200,143,105,86,225,65,176,181,139,15,160,188,246,104,93,65,35,154,17,168,196,9,192,139,123,76,65,12,111,179,114,136,198,205,142,173,172,65,255,255,57,143,255,159,250,222,208,181,204,148,151,145,124,117,91,59,186,98,160,180,164,171,188,195,175,173,226,236,210,227,183,86,220,5,124,89,198,79,47,235,57,135,81,15,255,198,107,129,255,60,255,114,86,129,0,147,202,0,0,14,184,102,202,255,0,21,255
176,10,161,99,207,103,88,118,101,255,111,163,82,115,122,101,108,155,183,157,89,179,160,63,94,239,61,171,184,155,7,205,200,255,102,116,113,28,138,37,173,194,0,198,179,92,97,61,11,116,157,158,117,211,218,160,158,182,56,255,255,86,116,255,120,245,237,221,175,191,120,181,174,106,91,98,72,192,85,172,209,143,134,181,189,143,140,185,203,235,190,199,87,162,2,181,77,218,64,11,210,38,68,102,8,255,172,132,146,255,58,193,122,97,123,0,118,200,0,0,36,176,88,192,255,5,62,255
176,17,176,88,205,111,103,114,86,255,113,185,73,179,112,115,62,210,171,198,111,246,227,86,95,255,7,117,128,149,25,174,230,255,104,69,63,15,236,70,151,154,0,255,165,91,77,119,0,30,154,146,179,105,254,166,134,183,48,255,192,13,131,255,40,233,255,255,255,255,27,111,154,51,120,49,46,180,0,255,255,168,255,219,226,119,96,104,71,246,239,235,141,169,0,162,0,64,81,45,255,11,168,90,44,247,152,111,51,255,0,255,107,75,255,0,77,65,0,122,0,158,0,145,255,0,147,255
180,18,186,100,214,116,103,110,105,255,97,209,53,194,107,125,113,179,178,192,131,195,209,53,70,255,2,122,136,152,0,236,228,255,51,101,65,51,240,91,148,100,0,228,174,92,41,101,0,46,108,166,183,146,229,174,161,176,103,255,247,45,114,255,49,236,255,255,197,255,62,185,156,100,105,104,27,187,0,255,255,106,157,202,199,73,68,149,93,240,255,197,123,71,0,255,15,81,35,43,233,17,67,95,41,255,140,153,157,255,0,255,195,44,255,25,61,149,0,11,14,192,0,118,215,0,146,255
180,13,172,102,217,123,97,107,97,255,124,223,73,155,136,138,115,190,178,226,108,226,215,56,85,255,65,132,149,163,0,241,223,255,103,60,72,52,200,66,178,157,0,255,199,103,53,129,0,67,96,198,162,140,193,174,96,192,82,255,244,25,80,255,103,243,255,255,238,255,107,136,135,142,163,96,0,182,26,255,240,138,175,180,241,159,165,168,118,212,252,222,135,129,0,232,0,120,92,0,255,0,106,98,11,230,165,158,142,215,0,241,197,62,255,0,102,191,0,0,67,255,16,64,255,0,203,255
181,21,176,87,201,99,93,87,66,255,102,178,85,176,103,112,93,221,178,221,154,255,237,80,92,255,39,145,80,194,0,179,238,255,119,107,106,27,198,90,174,140,25,255,170,75,38,145,0,27,82,187,114,66,223,182,153,129,34,255,155,15,76,255,55,211,255,255,255,255,42,0,141,17,211,49,5,192,0,255,184,188,194,165,142,128,255,255,18,238,207,245,239,48,0,207,0,0,93,108,255,0,182,70,53,219,160,195,209,159,0,255,221,74,255,0,47,96,0,59,86,193,0,62,220,0,255,255
182,12,181,92,193,117,84,97,66,255,127,201,81,192,110,135,31,250,244,255,204,255,255,110,121,255,35,145,113,199,0,235,220,255,145,0,70,0,249,37,148,86,0,255,202,113,33,149,0,0,80,232,179,26,255,181,86,177,0,255,218,2,11,255,0,255,255,255,255,255,0,106,112,26,241,68,0,136,33,255,205,197,226,148,244,252,133,98,67,255,255,255,246,44,38,141,0,0,0,9,255,0,218,135,36,255,255,11,204,192,0,170,219,120,255,64,107,50,0,82,0,155,0,21,255,0,255,255
177,14,162,92,207,109,96,105,101,255,109,173,64,156,139,110,127,172,143,160,81,207,202,68,90,236,68,145,140,174,0,192,208,255,104,122,126,33,160,107,188,178,26,214,140,80,52,118,0,88,113,166,122,162,227,177,162,197,86,255,213,19,105,255,72,240,255,237,170,253,113,104,121,138,150,91,10,199,63,166,174,174,211,114,114,128,195,217,120,228,236,191,122,105,0,243,0,67,58,40,211,0,116,79,35,255,137,255,133,205,0,175,176,94,141,0,75,186,0,0,69,252,17,177,192,0,60,255
175,14,163,97,209,103,95,106,88,255,109,191,69,161,129,91,134,161,140,160,89,229,177,74,100,253,78,120,134,145,0,200,214,255,91,110,111,56,163,82,197,173,5,213,181,81,99,142,4,84,102,140,134,176,221,177,127,170,93,255,201,36,124,255,121,229,255,216,192,196,105,100,139,103,98,88,27,175,66,207,176,173,184,143,146,85,194,216,132,233,188,173,102,120,0,207,12,130,85,50,200,0,134,73,77,242,182,214,62,255,0,236,161,97,221,0,92,185,0,0,95,255,95,136,219,0,171,255
183,23,177,103,212,97,95,102,81,255,99,185,70,175,104,105,168,175,133,164,83,213,187,65,82,251,49,136,118,170,12,205,244,255,68,181,134,97,184,129,154,150,0,201,179,88,53,125,45,105,85,117,101,216,171,211,161,161,106,255,213,55,85,255,110,213,244,255,176,156,94,138,173,115,114,106,43,186,63,183,198,179,110,155,136,78,217,255,42,255,143,102,114,113,28,245,0,88,89,69,228,22,141,102,78,255,138,229,154,223,0,255,164,52,234,0,114,226,0,0,174,239,48,84,163,0,123,255
183,22,187,98,211,113,96,95,92,255,102,193,70,189,113,120,109,216,188,220,140,234,223,63,75,255,20,144,127,172,0,233,211,255,59,107,103,47,209,104,160,113,0,251,201,118,58,120,19,49,78,176,164,114,201,199,150,143,68,255,214,36,72,255,29,235,255,255,186,255,24,158,146,85,190,109,0,167,0,255,249,114,203,156,150,111,117,155,32,255,218,201,203,47,28,255,0,19,35,75,255,0,133,104,47,255,148,169,189,215,0,255,179,67,255,15,42,142,0,25,84,173,0,55,227,0,226,255
177,21,171,96,209,100,85,98,91,255,104,171,88,179,111,90,128,181,163,169,106,238,186,81,100,255,42,132,126,140,0,194,201,255,40,159,106,67,160,107,146,138,0,185,159,100,88,133,20,57,88,126,156,104,179,174,154,141,79,255,203,49,105,255,87,225,255,197,183,226,78,100,137,120,121,147,42,135,56,198,175,140,193,75,113,61,161,197,72,255,197,176,142,48,0,200,2,40,69,91,255,0,151,63,42,255,182,255,111,229,0,228,64,80,255,0,86,142,0,83,118,243,65,111,126,25,157,255
