156,30,164,53,255,83,147,130,153,217,157,88,189,188,67,99,149,154,135,169,58,255,140,171,115,77,224,155,113,54,146,126,177,130,64,144,108,50,172,197,158,145,0,179,0,90,12,104,64,228,211,109,165,211,69,145,125,0,119,255,255,60,56,255,89,183,192,101,110,63,224,140,255,71,208,175,36,197,142,255,61,92,224,73,0,47,47,247,86,29,0,233,240,203,54,174,71,5,187,255,229,0,255,173,80,255,189,219,0,255,255,153,59,0,255,0,1,0,70,130,67,90,0,8,255,136,39,255
142,13,160,61,255,92,147,102,117,251,121,82,156,187,117,142,157,182,107,173,70,184,27,121,160,142,155,185,97,12,164,131,120,116,0,205,64,47,55,138,122,156,0,110,1,81,74,130,133,232,154,0,216,77,106,86,109,26,140,255,158,0,0,255,179,106,126,191,244,53,248,88,98,82,133,27,212,199,122,173,0,70,255,134,7,209,173,243,255,0,73,141,215,115,29,207,144,69,255,91,233,0,255,227,74,255,217,119,142,12,255,175,21,0,166,18,101,65,130,156,157,0,0,3,152,0,41,255
143,16,161,99,255,99,121,118,104,237,144,84,150,153,128,101,125,145,95,155,11,252,62,142,171,79,163,109,108,54,231,180,109,89,14,216,50,114,109,159,92,113,0,147,59,46,151,158,119,179,98,0,200,87,37,86,131,0,183,255,123,0,87,255,255,113,162,135,208,80,214,242,163,96,102,80,163,100,0,151,0,136,223,172,14,248,206,255,255,0,129,45,231,162,99,134,143,55,255,0,208,61,255,248,159,255,255,124,255,0,246,116,25,0,255,247,6,220,92,139,255,129,0,62,132,0,128,255
138,6,148,56,255,96,114,101,70,233,101,88,139,121,127,173,155,186,51,145,20,234,12,57,185,132,122,138,86,0,207,140,94,144,1,254,51,9,0,176,146,151,11,93,0,79,71,144,173,219,58,0,200,56,53,119,151,14,178,255,87,0,0,255,132,143,131,109,255,97,206,75,104,32,104,0,205,198,42,181,0,156,255,84,0,233,202,220,255,44,105,114,212,10,27,194,205,53,255,0,255,30,248,247,33,255,255,176,96,0,222,224,48,0,116,0,154,121,85,235,255,0,0,244,224,0,0,255
138,5,144,63,250,82,89,110,95,240,108,76,131,164,129,161,172,175,52,151,36,199,0,37,168,134,194,200,81,0,185,128,83,97,0,245,73,32,0,101,117,145,0,47,0,141,131,127,145,181,148,0,161,33,31,53,131,0,187,246,72,0,0,238,103,202,140,111,207,68,206,107,89,32,110,0,255,228,26,254,0,153,250,83,49,234,214,173,255,89,94,128,173,109,67,183,144,14,255,13,255,92,251,112,10,255,228,191,81,0,244,155,0,0,209,0,178,192,104,177,255,0,0,171,133,0,0,255
134,3,147,45,255,81,109,95,66,255,114,86,136,152,177,189,139,196,30,135,42,180,0,61,192,137,175,196,64,0,174,157,125,127,0,255,49,0,0,173,110,134,0,49,0,106,102,102,224,220,96,0,193,4,33,133,137,19,249,255,58,0,0,255,85,135,157,128,255,40,255,48,0,0,90,0,255,252,15,187,0,152,255,0,0,255,179,177,255,115,124,0,200,94,107,255,172,25,255,0,255,107,217,255,4,255,255,143,34,0,252,96,9,0,174,0,134,138,102,119,252,0,0,197,78,0,0,255
135,0,150,58,246,87,66,108,89,239,96,77,130,147,179,176,175,173,32,141,44,194,0,6,137,114,254,214,57,0,213,135,150,40,0,233,91,23,0,125,147,112,3,78,0,177,97,108,137,146,255,0,161,0,0,0,66,0,164,255,49,0,0,217,118,201,154,165,96,53,154,194,19,21,93,37,232,234,29,181,0,215,225,138,77,245,255,128,255,25,152,4,173,159,130,227,181,0,255,0,229,140,255,133,68,255,255,133,54,0,138,255,0,0,175,0,114,255,2,212,255,0,0,183,82,0,0,255
138,4,163,59,255,93,110,103,63,248,128,112,119,171,214,174,135,204,40,112,17,198,0,71,143,142,157,146,97,0,185,154,193,103,0,223,70,34,4,171,109,121,0,112,0,88,93,117,134,190,125,0,198,47,42,66,110,44,255,255,113,3,22,255,143,126,186,82,217,16,207,137,58,16,101,0,203,175,53,143,0,228,255,130,76,255,241,208,231,78,119,0,199,117,106,255,146,0,255,0,249,131,255,255,100,255,255,149,87,0,87,184,55,0,80,0,0,152,0,145,255,0,40,223,68,0,49,255
145,11,158,53,237,92,145,121,176,238,114,111,168,255,53,114,172,192,138,178,110,188,24,125,153,174,150,229,147,91,117,91,131,4,70,178,102,46,195,134,72,255,0,105,15,99,82,188,63,255,227,0,140,135,193,129,90,47,70,255,244,0,0,232,109,49,154,83,158,114,255,152,255,189,166,0,61,255,211,255,0,0,216,132,37,91,255,253,147,10,22,255,255,204,13,172,114,61,255,255,255,0,255,41,255,214,129,221,130,203,255,255,43,0,140,48,159,88,36,198,58,82,0,0,255,0,58,255
137,6,154,43,255,87,101,92,68,255,107,76,139,141,197,181,126,196,34,147,19,183,0,84,158,169,179,155,63,0,172,164,174,116,0,255,33,6,0,189,99,146,0,75,0,109,103,80,224,214,86,0,219,0,45,154,119,43,238,255,63,43,0,255,84,114,139,116,255,6,246,73,0,0,88,0,255,237,84,179,0,156,255,11,0,255,222,140,255,57,178,0,154,0,180,255,193,0,255,0,196,171,255,255,10,255,255,206,19,0,247,152,51,0,105,0,120,146,2,71,210,0,52,238,76,0,0,255
142,0,151,66,217,96,51,93,113,192,126,62,141,182,146,110,125,106,86,167,45,203,47,95,152,143,215,109,108,64,170,203,204,48,63,174,93,51,39,75,143,146,0,119,0,148,127,125,125,180,220,0,176,62,145,58,164,0,178,255,140,40,0,215,188,167,132,51,183,71,161,140,99,165,14,113,120,250,72,191,0,187,170,90,115,124,255,152,255,67,54,172,181,136,36,146,44,0,255,97,223,22,255,104,38,255,209,91,159,65,233,255,156,115,162,0,225,255,0,236,255,0,116,168,163,0,38,255
151,19,160,53,248,83,114,125,173,197,147,112,160,198,145,65,114,146,109,125,52,215,115,118,93,147,255,160,136,106,157,115,200,100,45,123,150,65,130,149,102,126,2,106,5,77,57,156,21,220,252,77,80,174,102,54,69,0,127,232,224,72,7,255,108,214,214,131,61,53,221,97,255,89,79,188,86,233,70,255,48,102,184,0,105,132,143,186,107,158,0,201,222,195,62,202,0,0,238,236,255,0,255,0,81,255,119,0,69,255,255,144,80,0,255,88,139,255,0,95,57,86,0,149,199,18,161,255
143,10,156,80,255,104,124,104,84,228,128,78,154,116,151,113,150,174,79,164,5,251,39,137,168,129,123,82,77,49,214,160,115,158,59,204,71,63,0,165,157,120,0,174,34,68,97,202,114,173,40,0,211,53,64,123,140,17,194,255,108,0,8,255,169,106,144,120,249,81,157,118,126,138,95,49,212,155,112,176,20,121,255,158,0,183,152,255,255,33,158,106,201,84,70,153,154,0,255,0,249,28,255,248,94,255,255,118,255,1,248,232,97,0,114,13,99,192,38,203,255,0,0,140,165,28,76,255
137,5,153,55,255,91,105,112,72,249,76,111,106,162,182,196,143,251,35,94,15,171,0,0,179,165,165,212,87,0,182,127,147,110,0,255,112,32,0,133,136,126,23,74,0,139,103,128,154,206,142,0,136,42,25,85,88,36,233,255,104,0,0,255,89,161,240,173,147,41,255,36,97,47,161,0,255,201,11,149,0,182,255,85,75,237,255,219,239,106,106,35,179,109,56,255,145,94,255,0,255,72,191,153,0,255,228,255,0,0,255,197,0,0,118,0,168,218,37,249,255,0,0,221,118,0,0,255
180,34,207,108,193,44,33,21,128,142,154,31,118,96,146,59,139,107,110,96,76,186,64,129,35,170,224,181,179,69,65,197,93,101,81,178,183,42,138,119,187,221,18,103,94,204,77,99,67,234,68,106,98,76,128,40,181,86,124,200,246,124,27,95,255,224,238,11,219,77,145,83,195,255,62,182,137,124,54,130,239,211,92,168,111,126,73,153,168,50,109,162,213,200,159,255,33,121,152,255,76,22,95,116,59,248,78,180,202,162,170,175,70,248,149,167,83,116,101,221,33,137,0,97,159,104,74,255
177,40,202,72,223,67,74,11,127,143,168,44,44,168,167,89,116,125,163,115,67,213,65,109,0,169,209,243,189,58,94,150,108,111,0,154,76,116,141,68,212,203,14,24,168,223,184,131,80,233,77,59,137,152,36,107,226,153,147,168,255,80,140,133,200,175,100,0,255,42,139,24,213,252,40,140,35,130,85,101,221,238,57,212,145,136,45,241,122,55,123,146,179,243,87,255,0,201,172,255,80,103,84,47,96,222,195,248,107,101,184,124,61,165,142,80,102,120,30,115,98,109,38,0,154,104,99,255
158,31,161,76,223,39,80,47,109,176,159,71,51,190,172,82,77,102,209,101,41,251,89,70,19,198,193,255,170,109,157,107,134,95,24,166,93,116,106,71,116,180,92,70,172,255,130,145,79,180,110,117,149,132,90,37,255,36,103,209,94,0,137,241,200,111,100,0,231,0,179,30,208,167,142,185,110,116,42,176,119,255,212,112,0,105,26,225,238,142,98,84,144,255,88,255,22,26,189,255,76,79,70,56,94,82,233,137,86,101,255,67,148,25,131,143,225,117,0,97,27,156,60,110,173,191,186,255
164,29,152,82,209,23,31,44,91,195,152,0,58,132,168,0,26,95,139,128,41,137,39,40,84,98,255,215,138,71,23,99,189,56,56,229,170,11,120,85,130,132,134,90,28,251,150,157,0,211,99,111,173,183,143,148,255,84,102,133,112,6,25,255,116,230,128,0,187,14,248,0,233,130,185,103,179,99,66,122,180,255,222,141,0,54,139,122,221,164,145,46,200,210,88,181,101,171,196,255,75,0,53,89,89,238,255,231,40,173,191,139,172,107,44,55,255,84,0,164,76,140,63,25,63,255,161,255
169,37,171,84,210,12,73,34,112,168,218,13,97,136,150,15,81,113,157,132,60,145,61,65,41,147,213,161,193,105,123,156,136,37,7,213,112,0,160,167,211,203,28,8,45,244,116,75,42,130,163,69,160,135,127,83,255,110,145,227,189,72,29,224,107,255,81,0,227,2,200,54,248,255,199,187,151,99,109,165,191,198,66,133,99,18,149,210,255,96,255,2,238,255,0,255,89,0,139,205,212,169,228,0,44,196,255,172,66,255,255,58,153,74,0,71,126,220,117,233,0,125,0,56,0,255,0,255
172,42,173,78,236,17,56,48,114,173,186,40,76,113,113,38,107,118,135,82,61,203,82,91,76,194,211,220,183,89,160,143,75,69,0,240,42,0,119,189,119,185,0,0,133,255,150,107,39,78,124,146,205,170,101,121,255,111,105,225,128,132,4,189,193,255,131,0,175,44,170,129,237,164,151,125,85,51,159,135,127,196,94,111,122,0,191,182,219,127,112,25,254,232,35,255,16,0,111,253,121,28,16,44,76,179,205,255,181,255,152,109,128,106,66,137,207,255,26,151,124,191,20,120,0,255,0,255
154,34,139,43,255,60,70,68,78,221,162,25,48,140,139,33,38,95,171,103,64,194,19,65,136,180,157,255,139,0,108,185,71,127,0,255,36,0,0,230,149,186,0,18,189,255,116,110,99,133,251,0,189,172,180,115,255,30,176,165,27,252,0,191,146,255,160,0,40,17,134,138,148,83,53,119,158,155,158,255,0,186,221,0,33,0,99,84,216,222,0,89,174,153,207,247,67,0,161,255,0,0,0,38,0,185,195,227,187,255,255,213,80,0,112,65,255,255,0,136,186,84,169,89,2,255,63,255
169,41,157,57,250,33,49,50,86,213,206,15,88,94,138,6,45,134,139,104,106,161,61,73,89,169,210,225,157,6,64,167,56,78,0,255,28,0,0,255,128,201,0,0,108,255,139,109,32,118,179,107,168,165,109,139,255,101,147,181,60,212,0,176,142,255,187,0,124,0,207,181,205,101,100,138,119,72,182,189,26,210,78,0,115,0,162,93,156,244,0,0,255,138,113,255,51,0,111,255,0,0,0,13,42,190,244,255,255,255,196,181,122,0,27,46,255,255,92,48,183,135,160,102,0,255,0,255
154,33,146,48,245,57,64,63,85,217,158,41,60,156,142,37,51,110,182,100,65,188,25,71,116,189,160,255,144,0,102,165,109,107,0,255,43,0,9,216,125,190,0,28,195,255,136,120,64,151,223,36,180,160,183,124,255,27,169,180,50,165,0,194,169,255,154,0,58,17,154,114,141,107,56,121,152,128,156,208,7,196,218,0,34,29,87,134,194,251,0,64,142,154,183,255,22,0,187,255,0,0,0,105,0,197,224,198,147,255,241,238,150,0,110,85,255,218,0,120,152,54,180,65,0,255,114,255
167,36,152,69,239,33,63,65,107,200,192,27,101,126,107,0,98,95,120,72,75,195,112,103,74,111,255,241,126,63,96,148,91,79,2,255,119,0,68,164,108,176,0,6,148,255,91,128,55,113,129,88,148,165,151,121,254,77,111,145,96,51,2,159,138,255,157,0,156,41,121,115,255,75,150,79,150,42,111,188,126,252,173,145,69,0,192,98,98,165,12,0,196,178,82,255,44,0,147,255,151,0,26,218,92,217,205,255,231,255,75,153,51,120,118,16,255,255,59,88,215,75,52,138,0,144,4,255
161,11,141,126,203,56,84,71,139,211,125,62,92,110,80,105,164,95,170,136,24,218,120,82,125,175,210,126,125,145,153,174,141,57,136,118,113,13,100,79,88,129,108,100,234,89,78,116,176,214,139,92,140,120,203,96,236,101,34,250,170,13,0,133,97,84,79,60,147,127,206,121,232,151,151,109,51,197,114,156,11,87,203,150,26,82,147,193,223,24,183,126,138,96,141,255,68,116,196,92,129,61,128,33,18,97,92,201,153,129,193,88,62,146,169,62,238,148,19,253,134,194,0,62,147,133,102,255
152,21,143,86,207,28,64,55,130,194,154,90,108,157,119,18,79,108,169,93,38,161,56,40,108,143,185,214,128,112,144,126,146,97,9,171,117,13,91,99,148,180,19,62,174,246,137,46,54,125,197,43,107,144,149,66,239,24,97,240,150,0,24,131,83,162,88,11,213,44,203,50,166,171,147,160,199,120,68,203,83,202,130,27,123,115,102,190,228,134,235,58,109,221,94,255,8,0,180,243,217,49,84,61,74,219,206,139,113,188,255,123,105,31,49,4,215,158,0,248,0,61,0,79,36,255,115,255
163,37,154,58,245,33,61,61,89,205,189,38,71,106,141,21,36,125,159,97,85,170,36,47,95,171,171,241,175,24,88,174,70,96,0,255,16,0,0,252,119,192,0,0,175,255,139,96,55,103,203,69,198,171,155,136,255,105,131,181,70,185,0,154,159,255,126,0,78,0,157,142,151,121,107,151,165,81,162,213,16,208,124,4,95,0,132,101,221,232,0,0,181,175,109,255,0,0,112,255,0,0,0,66,95,218,200,225,185,255,255,165,136,0,66,71,255,255,46,132,93,113,90,111,0,248,51,255
162,35,153,76,230,37,72,57,94,185,215,23,63,157,153,15,37,94,159,104,41,216,73,31,55,163,201,207,157,89,120,142,125,85,33,188,119,35,132,101,151,189,57,65,80,255,82,84,82,171,163,81,201,148,121,63,255,124,130,195,134,58,21,230,164,220,157,0,131,37,205,93,255,229,102,165,177,93,105,209,90,255,140,89,30,46,138,131,225,151,65,31,218,255,140,255,86,0,139,255,85,86,42,98,0,106,255,232,160,255,255,100,129,23,45,128,255,231,55,212,0,175,88,112,0,225,66,255
157,31,148,66,218,24,57,60,83,208,176,43,61,147,130,0,48,71,156,116,51,192,82,25,85,136,200,233,140,94,106,113,170,68,0,236,150,0,80,160,149,206,41,45,127,255,79,85,53,99,211,19,159,173,173,65,255,25,115,165,56,81,0,219,120,241,154,0,127,10,180,56,203,141,135,141,182,111,94,220,91,255,215,15,18,30,123,90,202,216,92,15,191,255,138,255,79,34,149,255,22,2,30,133,68,195,255,182,98,255,254,146,158,0,53,130,255,202,19,170,44,84,65,70,0,255,102,255
160,35,146,57,248,56,77,51,76,199,220,0,52,108,137,22,13,89,169,107,44,183,32,23,83,150,172,192,161,32,72,187,88,97,28,255,110,15,53,166,174,181,0,51,94,255,85,70,157,195,185,33,231,189,136,106,255,137,145,182,121,235,0,179,177,225,166,0,185,13,190,155,211,206,78,176,126,97,148,192,4,156,113,31,46,0,168,113,255,202,0,52,249,206,201,255,80,0,58,200,9,0,59,38,0,143,255,255,246,255,245,85,34,0,75,111,255,255,69,193,37,233,56,87,0,101,76,255
156,34,145,50,252,48,59,59,75,194,192,0,61,106,163,21,0,95,159,130,46,177,0,13,137,132,204,213,143,7,71,158,88,70,5,255,97,0,46,194,168,155,0,57,51,255,125,39,118,159,225,26,250,172,86,105,255,73,163,125,73,171,0,226,135,255,131,0,82,0,222,110,177,189,63,172,156,86,95,244,0,218,144,0,84,19,161,120,255,253,37,78,155,255,176,255,47,2,99,255,0,0,0,0,25,197,255,252,172,255,255,169,32,0,30,73,255,255,36,198,64,234,51,32,0,195,62,255
151,30,133,41,255,58,76,84,74,214,151,47,56,150,142,57,29,96,142,98,50,207,0,24,176,179,153,240,119,0,93,197,100,139,0,255,5,32,0,207,134,168,0,20,100,255,61,89,119,136,255,0,200,154,115,139,255,52,178,163,16,255,0,186,153,255,192,0,64,0,163,27,139,126,136,95,211,187,110,255,0,233,255,0,63,0,158,67,255,216,0,135,214,226,187,255,102,1,178,252,0,23,41,0,0,251,204,255,190,255,255,209,0,0,105,71,255,255,0,204,151,195,136,175,129,162,97,255
153,32,133,40,255,43,63,66,72,221,193,20,63,102,165,14,0,100,150,118,68,162,0,0,204,123,151,235,132,0,65,208,23,100,0,255,39,0,0,255,180,137,0,0,155,255,127,32,168,121,255,0,234,170,103,164,255,88,193,174,31,255,0,143,88,255,101,0,0,0,155,163,150,174,81,167,217,83,104,255,0,174,193,0,55,0,159,30,255,255,0,41,160,225,255,255,29,0,87,255,0,0,0,0,71,255,236,255,226,255,255,131,44,0,18,55,255,255,65,250,36,173,53,67,0,255,98,255
154,30,139,71,247,45,60,41,92,192,189,0,79,139,149,23,27,87,184,113,25,171,27,44,90,144,191,209,146,14,73,139,118,59,39,216,94,35,57,158,162,153,6,70,118,255,125,103,105,232,177,74,144,146,83,111,255,86,146,182,54,158,0,234,124,191,101,0,147,0,255,107,220,189,118,168,160,140,65,192,53,190,187,0,82,8,122,104,242,241,91,34,115,242,176,237,82,0,102,152,15,0,0,31,1,176,255,224,149,255,255,168,0,60,144,128,255,216,0,225,0,143,167,108,0,215,153,255
154,31,133,81,255,48,81,64,86,199,204,0,77,181,149,30,45,85,188,75,4,214,45,30,76,199,135,164,159,62,105,145,113,111,97,201,85,123,27,129,154,156,67,87,144,255,50,116,122,255,157,86,77,78,102,141,255,77,131,150,79,115,52,220,131,118,165,1,131,50,222,112,241,217,130,176,165,149,82,251,54,215,176,67,0,0,147,148,255,176,35,69,219,233,212,255,65,0,158,202,24,61,0,143,0,97,255,255,211,255,255,178,0,0,90,187,255,215,67,255,14,249,229,212,40,250,204,255
155,30,135,107,250,33,70,75,86,171,228,0,69,176,177,28,0,97,180,95,0,161,66,0,40,132,168,96,174,75,134,156,202,58,128,229,156,99,112,101,126,167,98,85,98,255,44,92,165,255,150,44,63,92,118,139,255,104,104,174,86,0,50,233,115,135,55,38,158,59,221,81,238,244,178,204,202,142,65,175,195,219,169,100,0,0,239,181,255,145,43,112,184,255,117,255,72,48,211,150,98,135,47,197,0,132,255,254,210,207,255,149,81,0,32,199,255,110,79,255,0,255,91,66,0,255,147,255
157,30,148,58,236,50,78,38,114,213,163,18,66,129,137,32,73,107,185,107,58,166,65,28,108,168,128,225,154,25,80,175,78,108,0,237,58,0,43,216,142,188,0,7,173,255,159,92,88,231,176,47,180,160,109,94,255,39,146,199,24,233,0,177,99,212,35,0,114,18,215,147,213,169,117,161,140,123,146,198,34,169,223,0,69,20,50,52,255,191,24,12,167,175,161,238,60,0,71,226,0,0,0,75,16,200,255,208,164,255,221,176,69,0,154,84,255,149,0,214,0,80,83,78,0,255,195,255
182,45,188,70,231,9,40,49,114,178,221,33,97,78,85,4,107,132,106,92,123,140,67,97,49,168,255,254,221,70,105,172,67,47,0,255,30,0,86,255,89,255,0,0,102,255,113,125,64,0,142,204,185,146,66,74,207,139,122,203,172,157,0,158,170,255,225,0,175,36,133,166,234,187,188,83,114,2,137,45,196,255,46,147,86,7,183,148,129,163,110,0,255,227,39,255,0,7,112,255,196,0,98,64,156,255,209,255,143,255,113,152,165,112,41,40,176,255,143,143,213,138,19,125,0,130,0,255
165,33,153,75,235,41,45,22,99,169,194,5,68,145,132,17,62,108,129,132,36,165,43,95,119,112,205,177,131,31,91,120,124,64,26,202,135,0,110,131,176,127,34,28,70,248,136,84,14,167,131,91,199,234,104,114,255,120,143,170,113,119,67,231,124,255,106,0,157,43,255,110,190,147,127,96,142,80,126,111,145,193,80,51,77,38,92,109,169,217,92,25,154,195,144,220,50,9,145,219,94,0,0,92,54,197,255,255,113,239,178,205,148,131,50,94,255,229,0,97,119,101,46,0,0,255,67,255
156,28,151,78,233,50,91,56,124,184,167,60,85,167,150,60,64,96,185,94,14,229,77,51,80,199,161,206,156,56,118,124,108,112,71,182,45,125,40,106,129,161,45,50,194,255,120,120,77,255,132,92,105,117,57,86,255,65,116,197,119,114,69,185,191,92,63,0,161,29,227,62,204,247,97,181,154,135,106,149,88,215,217,106,82,87,91,131,255,117,38,76,117,245,124,255,46,0,107,255,131,34,27,105,29,206,255,170,164,255,255,102,37,2,196,124,231,136,0,227,0,124,109,169,0,202,255,255
150,28,131,67,247,61,96,75,95,200,198,42,92,186,154,33,54,110,182,98,30,229,53,40,76,216,151,182,123,65,132,183,103,153,53,191,63,119,45,91,194,139,15,125,145,255,97,102,85,211,158,85,157,32,127,76,255,52,131,183,45,114,30,219,204,138,157,4,114,0,200,114,239,227,108,192,129,172,111,255,0,237,205,0,62,1,189,242,255,213,63,146,63,255,216,255,47,0,179,151,143,78,0,65,0,71,255,255,255,255,255,171,0,0,118,76,255,242,44,255,0,255,140,225,82,134,156,255
154,33,141,79,242,39,74,63,97,192,192,23,72,186,164,12,55,99,168,104,0,200,52,27,89,175,143,154,150,40,144,154,140,101,7,220,81,89,54,144,136,171,39,30,163,255,84,126,33,219,131,30,152,131,104,74,255,53,139,118,14,146,76,186,180,169,81,0,101,0,237,79,248,255,166,207,184,166,113,221,45,230,205,19,15,0,131,192,255,207,32,34,104,255,207,242,67,0,213,232,82,106,10,137,0,108,255,217,251,255,255,193,56,0,110,186,255,177,69,255,21,242,111,102,0,255,177,255
153,32,136,101,245,31,82,86,105,173,224,31,97,203,189,42,67,107,180,63,8,244,77,33,58,176,186,167,150,114,180,122,127,98,127,160,88,144,75,94,116,151,95,65,133,255,99,103,99,255,189,50,63,72,79,117,255,88,111,217,62,15,42,240,107,91,109,46,145,56,255,98,255,216,113,177,220,153,52,255,129,255,181,13,53,54,195,213,255,131,80,123,183,255,151,255,119,0,227,156,216,109,22,113,0,99,255,219,189,221,255,149,47,15,88,237,255,179,32,255,0,209,122,221,60,255,222,255
160,37,147,88,248,44,77,55,94,168,217,0,71,167,164,49,56,111,190,90,21,219,63,53,61,162,170,154,147,46,139,144,129,100,90,203,104,90,114,97,141,162,54,64,81,255,106,122,107,255,149,57,151,106,113,137,255,91,152,186,126,106,86,247,164,173,129,0,136,54,213,143,227,255,112,243,118,109,124,207,143,209,132,40,0,0,176,145,255,116,22,86,255,255,159,240,129,0,155,193,94,107,0,107,0,53,255,241,233,246,255,148,78,0,68,237,255,184,65,255,0,249,120,73,0,255,183,255
158,33,142,95,249,44,90,68,104,172,200,11,76,191,158,38,48,119,169,96,15,221,80,26,48,177,149,150,147,99,172,137,145,106,88,210,127,131,92,98,121,157,61,71,110,255,79,146,89,255,143,83,103,85,114,110,255,56,138,143,100,96,98,253,157,132,76,31,114,57,226,90,255,255,125,167,177,184,84,186,101,212,159,111,0,0,201,172,255,141,67,70,169,255,123,204,45,14,194,151,151,164,31,149,0,105,255,229,255,255,255,230,37,15,98,185,255,169,81,255,0,228,114,86,53,253,184,255
155,28,138,103,233,16,83,75,116,174,209,30,68,189,188,38,36,107,186,83,0,246,120,20,43,152,178,128,141,109,188,117,144,96,101,180,110,149,103,80,90,132,124,58,186,255,91,179,64,255,75,66,70,138,125,89,255,44,73,131,79,0,80,242,120,80,43,19,161,37,255,44,254,218,194,213,245,137,14,250,151,255,214,150,0,47,168,183,255,101,28,94,176,255,140,255,81,1,211,255,193,154,124,165,0,88,255,159,172,48,255,100,91,61,108,147,237,97,46,220,0,255,10,157,0,255,226,255
160,34,150,68,243,51,70,44,104,182,188,14,62,90,151,61,41,114,173,107,25,217,27,48,104,157,163,188,183,44,104,156,64,97,48,208,86,39,69,168,160,165,0,31,105,255,174,105,118,239,146,75,224,176,63,141,255,113,152,207,122,164,0,255,174,203,84,0,151,2,220,158,232,228,134,216,110,80,117,241,47,131,161,14,75,0,143,127,255,166,50,102,189,227,141,243,71,0,64,244,57,14,47,0,29,133,255,236,172,255,236,99,23,38,77,145,255,192,4,189,0,255,0,112,7,230,117,255
156,32,149,46,242,41,59,50,88,225,179,16,73,113,146,14,33,107,159,89,86,190,34,52,145,157,178,218,124,0,53,197,74,70,0,255,56,0,8,255,127,193,0,1,197,255,121,90,87,169,202,1,194,163,161,104,255,75,167,175,11,231,0,152,129,255,163,0,78,0,174,139,139,153,71,132,182,85,147,207,0,195,184,0,84,13,87,85,239,241,0,0,166,150,189,255,11,0,123,255,0,0,0,101,0,223,245,242,236,255,255,196,154,0,124,55,255,253,0,221,74,79,114,31,0,255,115,255
173,43,156,64,255,43,68,58,103,189,199,29,83,98,106,11,85,127,106,83,94,222,76,86,90,152,208,251,159,61,128,174,22,84,0,255,49,0,33,225,153,170,0,0,132,255,123,118,51,90,183,118,193,192,116,131,255,108,117,162,111,189,0,168,207,255,177,0,58,60,137,203,255,122,150,55,117,56,217,156,77,193,84,112,86,0,239,49,89,158,0,0,233,156,158,255,56,0,84,255,35,0,0,106,26,200,171,255,255,255,167,196,51,69,75,16,255,255,153,87,255,146,94,138,0,182,0,255
159,34,141,55,249,50,72,66,81,209,179,17,61,110,130,24,19,89,140,121,65,181,44,49,122,144,201,255,160,28,77,154,73,98,0,255,52,0,0,231,153,164,0,17,131,255,115,74,118,122,245,21,211,181,149,142,255,74,147,129,65,235,0,194,159,255,134,0,64,0,140,106,176,118,108,85,187,129,157,221,3,164,187,9,55,0,161,57,194,200,0,94,151,145,173,255,112,0,116,255,0,0,2,15,0,226,203,255,233,255,235,168,76,7,87,0,255,255,73,149,180,103,116,25,0,239,73,255
151,25,133,90,235,27,82,73,92,188,203,50,86,224,157,25,68,97,178,85,16,199,71,45,65,200,156,134,142,109,173,165,179,66,82,192,105,139,45,143,137,169,106,72,148,255,45,115,38,222,140,13,54,104,143,53,255,19,105,170,36,21,96,221,134,88,92,43,140,23,255,57,255,196,210,141,215,167,90,174,42,255,216,82,0,0,184,217,255,183,117,52,148,255,199,255,83,0,219,239,132,164,33,109,0,159,255,255,160,255,255,237,41,0,74,129,240,196,58,255,28,223,99,116,101,255,109,255
163,34,146,86,236,30,65,49,97,178,194,13,55,151,124,37,77,108,151,112,26,205,61,66,90,162,189,195,171,101,151,138,137,66,67,186,137,29,152,103,137,172,46,65,75,206,108,139,63,148,181,95,195,162,164,142,255,95,119,165,160,82,51,233,156,217,128,0,172,53,207,92,211,164,153,151,158,124,118,183,94,198,109,51,36,15,203,174,255,155,107,86,235,255,93,235,19,15,151,189,175,101,38,47,1,123,255,255,150,242,195,163,95,136,47,144,233,205,5,159,92,163,38,62,61,255,70,255
168,32,167,98,202,21,73,50,142,155,169,15,86,128,141,74,101,109,198,84,18,212,86,55,48,162,228,190,170,111,112,93,114,108,99,182,121,98,100,73,132,183,62,60,198,222,123,122,76,255,87,104,68,66,98,110,255,154,134,198,206,64,75,179,154,124,102,0,217,99,143,75,202,255,113,157,131,106,93,127,252,229,151,191,38,155,131,158,255,0,110,98,254,247,96,229,39,69,133,255,208,97,34,120,77,167,162,150,143,191,230,76,126,70,134,99,182,56,45,224,0,155,58,126,32,255,255,255
154,32,143,80,238,36,101,90,108,184,186,53,84,212,162,38,78,106,172,75,8,222,105,25,42,202,195,229,155,125,172,100,137,112,31,175,67,159,44,103,115,178,94,40,155,255,77,62,66,195,140,68,110,85,87,46,255,68,101,162,22,74,68,192,155,111,101,2,152,13,198,35,246,193,125,129,185,161,60,255,36,255,236,142,66,32,157,240,255,180,19,71,115,255,118,255,79,0,227,249,159,137,38,111,0,108,255,255,215,255,255,147,30,0,106,128,208,164,39,216,0,151,128,229,124,175,185,255
158,32,146,73,241,45,98,68,94,184,194,41,64,156,138,33,50,86,175,90,6,224,82,22,59,214,136,187,158,90,147,157,146,99,22,202,104,92,64,119,147,173,73,50,104,255,58,107,99,189,171,102,177,114,107,90,255,81,130,174,93,140,61,224,227,138,138,0,136,22,159,72,212,253,126,200,118,154,91,174,77,199,205,109,5,0,171,176,255,196,7,73,162,255,129,255,45,13,140,239,100,133,34,97,0,63,255,178,255,255,255,144,26,22,81,139,220,179,66,240,0,221,114,161,10,136,112,255
153,27,133,101,244,27,98,78,110,174,202,37,98,235,175,34,96,117,160,84,0,233,111,54,52,208,182,129,170,136,182,140,129,105,154,171,73,204,14,94,120,143,80,60,193,255,74,113,56,255,96,94,6,13,129,45,255,8,76,112,0,64,105,198,160,87,71,96,130,15,228,24,255,203,137,142,231,188,122,249,62,255,200,155,40,0,143,191,255,85,60,125,121,255,170,255,65,0,206,176,154,136,34,133,0,149,255,255,241,255,236,162,36,0,156,180,227,184,47,255,0,252,122,255,113,243,239,255
152,25,131,90,237,29,100,93,112,181,208,50,94,221,197,41,84,113,175,60,33,255,126,55,37,217,201,168,138,173,169,144,102,100,145,128,78,139,55,76,120,137,99,96,156,246,101,96,66,235,134,82,74,15,132,50,255,31,49,172,0,0,84,250,124,74,106,73,165,0,219,31,255,121,158,100,163,154,41,255,5,255,255,120,61,45,224,241,255,168,87,105,113,255,115,255,28,0,255,199,208,114,6,93,0,83,255,255,207,221,255,184,0,45,117,75,218,226,1,255,17,221,101,255,186,199,223,255
153,23,126,82,243,51,92,67,89,174,194,32,60,185,141,24,26,90,172,104,25,178,39,15,49,221,135,162,155,104,133,163,170,86,104,211,132,126,57,61,202,133,113,117,38,244,95,111,109,227,167,115,116,52,165,126,255,32,89,194,98,81,85,255,202,57,145,27,104,15,192,81,213,161,150,146,95,155,83,133,80,229,199,51,0,0,212,179,240,219,73,126,138,255,197,255,53,3,173,168,117,116,0,25,0,142,255,243,150,255,255,208,0,42,64,68,255,192,24,255,42,213,180,139,115,149,137,255
152,26,131,101,242,30,76,87,92,176,227,28,67,213,189,16,38,101,145,79,18,200,78,36,46,164,173,119,130,111,144,175,183,92,111,190,128,145,48,66,126,158,131,71,89,255,92,125,60,241,135,52,101,73,137,80,255,50,45,157,35,7,82,255,172,84,68,36,147,20,255,25,255,151,172,162,219,160,73,221,98,255,220,134,0,0,217,203,255,175,20,83,128,255,88,255,68,26,255,211,159,142,107,116,0,91,255,255,199,190,255,175,34,20,76,68,208,144,62,255,0,255,87,182,131,209,136,255
160,30,141,96,234,25,69,79,104,164,211,11,55,166,180,32,22,96,152,85,9,181,66,42,43,163,216,134,149,99,126,156,149,74,101,189,157,81,109,47,117,159,141,53,47,234,121,96,73,211,138,75,190,110,121,114,255,100,74,200,119,0,59,255,189,150,79,0,196,32,255,30,198,182,195,132,178,93,93,141,151,255,214,169,0,0,228,177,255,144,35,79,186,255,65,224,28,133,204,255,190,122,69,150,0,126,255,255,104,171,255,147,88,115,27,45,228,98,29,223,79,208,35,183,94,255,97,255
158,28,147,68,235,22,92,77,116,159,204,39,48,163,202,51,16,108,180,77,27,235,89,10,24,207,216,192,122,101,157,152,127,105,73,180,144,109,101,55,128,182,116,66,75,249,113,89,74,232,98,74,202,126,127,48,254,90,55,229,145,0,83,232,220,106,60,0,172,20,206,53,205,127,106,127,147,54,115,176,121,255,228,159,0,20,154,231,255,179,0,144,197,255,93,255,23,56,170,255,165,70,83,59,0,134,246,199,63,69,255,90,93,72,0,0,200,93,0,144,0,176,0,211,126,201,162,255
162,34,149,77,242,29,72,79,87,162,205,29,34,160,169,29,0,100,122,88,11,182,81,42,50,181,222,169,165,91,143,139,152,104,38,215,148,35,146,99,114,180,113,15,9,246,127,68,52,152,162,110,231,150,132,89,255,78,80,178,78,16,69,255,235,196,121,0,190,4,219,17,177,162,121,91,136,76,68,166,81,255,187,177,14,0,203,175,245,185,0,78,165,255,55,255,45,81,192,255,124,122,70,152,0,85,255,255,132,205,255,120,83,99,2,15,255,143,30,146,101,208,16,215,126,170,0,255
155,26,123,89,255,34,64,92,77,157,222,2,23,161,177,0,0,79,101,94,8,141,44,0,54,115,192,126,109,81,88,178,203,106,109,255,203,92,91,26,170,139,149,66,0,255,101,78,80,226,158,47,200,149,164,158,255,125,46,196,124,40,0,255,231,87,88,0,201,11,182,16,133,133,198,158,163,44,138,181,36,255,199,121,0,0,255,206,255,205,0,141,121,255,98,222,39,106,255,194,161,74,58,120,0,151,255,255,207,165,255,107,49,17,0,25,255,79,0,255,44,255,14,129,136,112,74,255
168,34,160,111,219,8,75,61,122,132,202,2,52,122,169,67,50,109,179,94,20,193,67,50,37,141,255,153,196,102,137,139,125,74,115,193,152,65,184,34,130,161,98,67,97,189,150,117,101,251,130,54,160,103,98,165,255,173,128,225,178,9,14,255,200,191,75,0,228,77,169,58,129,255,189,215,121,43,62,116,205,255,167,136,3,105,234,165,255,15,86,114,255,255,20,200,4,121,186,255,255,200,86,180,28,131,222,216,104,123,246,110,189,158,69,196,193,37,19,226,0,118,6,162,0,255,39,255
166,31,172,89,207,28,74,40,133,150,186,36,73,128,134,63,102,114,163,91,37,194,85,94,63,140,235,171,164,126,116,176,109,80,67,146,94,19,126,89,114,182,32,50,152,214,132,93,109,207,126,71,150,162,102,103,255,125,106,204,190,24,42,201,234,159,107,0,205,55,138,63,232,252,144,176,130,81,119,95,197,206,133,96,66,75,121,201,230,42,162,94,195,254,62,255,51,21,140,255,207,62,129,92,51,209,150,201,114,245,255,36,148,82,130,66,103,172,8,239,0,149,0,124,10,218,115,255
153,32,132,44,255,59,84,70,76,224,192,18,62,103,140,38,0,110,160,96,68,193,5,40,170,163,134,217,110,0,82,236,22,96,6,255,29,0,0,255,181,140,0,0,166,255,136,86,179,169,253,0,237,145,143,152,255,49,170,195,47,255,0,149,128,253,140,0,51,0,180,197,169,110,0,160,155,103,149,255,0,169,161,0,55,0,149,73,255,206,0,102,224,131,218,255,50,0,91,255,0,0,15,0,0,157,219,255,255,255,255,114,11,0,117,0,255,255,59,178,87,201,139,113,0,231,30,255
175,38,168,70,231,33,53,58,126,184,180,66,63,127,99,28,144,163,114,91,74,206,88,84,87,153,206,223,186,101,117,178,77,78,0,247,79,0,104,213,50,186,0,0,142,228,137,126,80,43,193,130,182,154,145,104,247,82,143,231,113,138,0,151,201,255,216,0,122,107,78,161,202,154,175,142,84,42,121,29,182,255,137,78,91,0,177,160,96,156,32,23,246,177,97,255,0,43,212,255,173,0,0,184,70,255,72,255,149,255,164,180,143,106,0,24,237,218,35,137,204,132,19,152,0,171,1,255
168,42,158,77,255,44,72,65,91,165,212,21,74,113,111,32,21,139,112,112,89,190,50,87,93,144,156,204,173,63,156,209,25,94,45,255,9,0,50,239,134,157,0,0,103,250,143,30,89,90,198,122,251,206,68,131,255,127,120,244,92,221,0,164,208,255,96,0,127,86,146,185,142,129,88,153,150,0,191,193,51,188,83,38,112,0,174,120,212,188,0,39,205,209,101,255,37,0,70,255,43,0,49,11,60,216,221,255,255,255,255,157,206,12,56,151,223,249,63,73,133,177,0,104,0,180,0,255
156,33,139,40,255,61,89,84,76,236,192,50,58,135,155,55,0,110,155,97,113,206,44,39,126,151,164,255,99,13,113,203,59,133,0,255,45,0,0,245,159,167,0,0,152,255,130,60,184,107,255,0,192,145,175,144,255,42,149,185,57,203,0,156,76,244,119,0,41,0,123,183,143,49,21,109,181,125,145,255,0,249,172,0,40,0,134,65,240,160,0,102,234,221,140,255,82,0,127,255,0,0,21,0,0,160,157,255,238,232,255,110,69,0,67,0,255,255,90,126,124,93,104,12,0,193,0,255
156,37,148,32,255,74,73,57,72,229,131,11,38,159,119,70,92,97,157,108,68,244,34,96,85,230,161,255,149,51,98,160,125,131,0,255,42,47,0,233,102,194,0,45,127,255,85,134,165,109,255,117,222,105,164,131,255,9,161,161,52,255,0,225,197,247,164,0,47,0,89,77,134,82,126,178,183,133,196,243,0,161,255,0,35,0,67,100,255,255,0,152,143,188,110,229,75,0,163,251,0,0,0,0,0,113,124,255,202,255,140,235,41,0,31,101,255,216,0,88,255,132,166,87,98,108,132,255
159,37,143,37,255,73,77,45,72,210,187,15,43,154,113,44,47,107,160,110,74,249,57,94,119,163,121,255,125,23,140,195,90,98,0,255,109,12,43,192,166,177,0,44,147,255,83,84,130,156,199,66,199,175,183,111,255,33,186,170,75,197,0,211,211,220,188,0,76,49,123,202,154,122,60,82,147,85,175,255,6,178,133,0,42,0,124,111,189,221,0,128,169,203,168,210,95,0,106,243,0,0,0,74,0,94,193,255,225,255,212,200,32,11,18,61,255,255,9,69,176,137,99,148,48,140,0,255
155,32,148,60,242,51,81,48,102,192,154,31,50,181,105,69,104,69,206,115,10,203,68,67,65,228,165,255,172,80,104,150,166,90,0,192,38,49,72,157,99,191,15,69,114,255,58,88,160,137,215,77,206,132,113,90,255,28,134,200,142,172,63,154,161,182,91,0,134,0,171,6,137,173,147,229,170,114,118,98,74,207,237,7,57,4,56,107,255,181,0,65,165,255,79,255,36,0,99,206,15,80,13,63,27,184,216,213,140,255,255,132,47,5,103,134,235,150,0,125,121,27,133,62,45,143,231,255
158,33,154,57,228,31,64,42,78,191,214,38,71,138,174,13,25,95,148,140,60,185,51,47,125,117,188,239,135,49,93,148,128,51,11,236,119,0,49,175,219,188,21,43,30,255,130,37,67,119,215,0,203,182,95,61,255,59,153,191,143,112,0,226,75,255,107,0,159,0,167,77,193,183,96,193,203,51,134,255,0,227,138,0,128,83,153,95,243,224,121,0,179,255,111,255,108,0,122,255,37,29,93,0,50,186,255,192,98,255,255,135,153,0,32,112,255,255,24,190,0,47,0,0,0,220,59,255
152,32,141,61,249,47,84,72,96,200,201,39,70,191,191,34,28,98,163,102,42,239,84,54,83,147,203,255,102,95,137,141,117,99,0,209,116,97,35,110,129,162,34,82,73,255,116,58,162,187,250,49,125,76,89,59,255,25,123,206,55,119,0,255,132,195,124,0,105,0,150,85,166,127,143,180,206,152,71,255,0,255,224,30,82,0,161,83,237,215,0,34,105,255,131,255,101,0,175,255,39,75,75,33,0,123,216,255,162,255,255,159,8,0,74,116,255,255,0,234,18,70,40,111,56,162,241,255
161,35,159,90,217,0,67,63,92,180,223,30,72,178,179,12,38,97,133,137,19,213,95,30,84,96,254,194,146,96,132,69,146,46,50,156,186,42,153,116,133,179,108,27,44,255,133,87,38,131,206,9,173,171,41,77,238,88,125,176,103,0,4,247,69,255,71,0,225,5,210,0,177,218,133,118,214,150,0,255,125,255,152,182,112,128,187,149,255,180,148,46,164,255,16,255,101,28,204,255,212,204,196,71,108,127,255,215,133,179,255,104,171,61,0,189,253,183,57,183,0,37,0,27,0,255,74,255
155,33,149,42,253,65,83,50,72,211,167,69,41,182,144,72,52,104,161,132,58,220,43,49,130,158,139,255,129,14,130,150,115,115,0,238,45,50,50,145,154,161,0,22,103,255,113,69,136,128,252,34,216,177,133,61,255,24,176,232,75,209,9,208,153,245,146,0,134,4,168,81,166,142,84,165,159,155,103,255,0,198,183,0,100,0,89,71,255,230,0,130,174,255,134,255,167,0,141,243,0,0,77,0,0,121,180,250,155,255,255,112,93,0,82,162,255,255,0,118,0,116,81,118,13,110,91,255
161,37,144,31,255,68,77,35,64,226,211,0,48,69,177,37,0,121,161,139,120,143,0,25,145,153,130,241,152,0,56,255,18,91,0,255,64,0,0,255,182,158,0,0,92,255,124,61,235,148,232,19,248,212,159,188,255,126,220,156,71,255,0,189,101,255,101,0,10,0,145,255,169,140,0,132,190,58,168,255,0,151,108,0,0,0,106,37,255,216,0,34,240,213,142,221,74,0,0,255,0,0,2,0,0,199,212,255,255,255,255,140,105,0,0,0,255,255,113,96,140,139,62,0,0,255,0,255
154,27,153,55,238,76,89,26,111,209,148,53,51,156,142,105,51,132,220,125,33,197,50,110,101,186,112,222,159,32,139,184,84,104,0,202,68,37,98,115,113,157,0,138,204,255,174,176,132,254,164,90,170,188,99,86,255,44,97,224,124,110,81,255,213,126,59,10,199,11,207,152,128,208,117,186,62,188,160,187,0,160,203,24,28,16,115,200,238,132,60,131,120,205,187,252,21,0,94,255,30,21,36,11,0,149,230,236,90,201,255,143,50,0,150,78,254,213,0,159,124,102,0,20,52,123,200,255
161,13,171,166,244,69,72,115,112,207,127,82,96,70,89,117,119,68,142,183,42,255,133,0,43,148,180,111,135,153,190,236,109,14,125,201,39,95,152,151,87,149,0,211,255,33,86,152,192,85,216,64,137,86,82,59,255,126,143,255,102,14,27,148,255,177,167,0,36,28,255,255,132,118,187,118,0,181,0,84,0,170,141,212,0,211,162,99,255,0,163,0,255,175,231,95,3,132,234,0,119,96,194,51,125,224,254,71,255,61,252,169,96,58,83,255,255,232,106,132,127,142,114,255,183,0,173,255
