169,14,131,127,200,44,110,99,122,167,173,67,144,124,146,86,116,109,116,157,69,224,73,75,76,139,146,165,228,166,101,143,112,102,144,146,149,88,79,64,174,203,118,196,119,168,46,92,133,142,129,210,134,121,201,155,106,20,77,137,166,139,26,193,102,168,132,50,139,110,127,148,255,202,66,104,130,167,189,58,150,129,176,103,8,119,97,255,136,15,156,102,131,198,84,149,146,143,143,64,224,49,71,81,192,221,28,213,136,181,152,56,105,247,194,0,144,199,0,196,223,215,0,101,255,82,29,255
168,14,131,111,186,21,118,104,141,179,144,36,160,148,125,80,118,129,119,192,56,255,111,88,70,120,184,215,223,125,62,112,95,113,164,130,166,61,100,114,214,202,62,195,50,212,58,71,46,115,112,226,113,50,172,199,101,0,88,139,101,105,1,89,74,180,92,51,58,118,137,70,255,148,133,9,39,120,187,118,129,217,255,227,91,215,138,229,3,0,72,160,197,255,107,153,72,43,197,124,132,0,0,135,255,142,64,231,108,197,78,66,24,138,201,0,85,131,78,223,224,109,0,187,255,174,195,255
165,12,131,108,190,12,129,102,139,172,167,39,177,116,164,84,97,142,146,210,55,250,119,55,68,103,165,205,228,115,50,99,81,94,163,155,190,31,60,135,202,244,48,193,0,219,41,68,101,107,160,185,139,30,211,169,144,38,59,90,139,88,0,159,80,254,145,38,66,36,97,147,255,147,96,47,56,113,228,99,199,113,255,184,29,153,92,113,10,14,78,182,197,250,74,232,100,39,138,166,59,0,30,86,255,208,50,255,51,255,113,58,0,107,170,0,83,123,149,192,149,72,0,185,255,114,179,255
166,17,130,115,196,22,111,96,148,170,157,9,156,120,161,79,92,147,147,197,55,243,116,78,87,96,197,220,188,131,74,107,67,102,166,131,178,29,54,122,161,196,68,211,14,176,55,80,98,126,173,200,150,45,194,148,154,50,37,80,166,64,0,192,22,205,110,49,105,78,106,171,255,121,91,103,127,81,209,121,173,140,255,173,6,156,154,114,68,0,35,157,167,195,3,233,94,29,141,146,156,0,69,102,255,175,27,182,51,221,167,26,0,192,146,0,51,115,157,199,139,118,0,206,255,147,135,255
162,20,133,104,207,28,115,111,162,207,139,34,162,141,130,58,117,133,140,202,44,253,137,93,90,122,252,217,71,154,100,95,68,115,149,140,157,28,43,157,129,226,128,165,26,198,94,79,4,127,162,162,92,0,172,140,133,47,25,32,144,60,5,182,44,184,124,20,139,89,86,91,255,107,140,107,91,198,172,200,154,226,255,164,123,208,148,67,69,0,55,203,210,150,24,158,39,0,214,138,233,0,118,9,194,179,0,168,103,205,102,2,0,123,182,0,20,30,100,137,119,12,0,237,255,179,113,255
160,22,137,105,211,26,125,120,169,208,154,36,167,149,171,64,134,140,165,180,9,255,205,118,94,133,255,195,21,162,135,115,71,115,137,89,150,44,70,149,107,222,136,174,21,161,106,83,11,151,166,127,94,0,167,142,131,86,52,21,140,62,34,255,42,237,160,74,146,24,93,91,255,84,110,141,100,219,175,255,143,231,255,97,163,216,123,56,71,40,28,187,226,87,90,131,0,0,170,127,255,0,201,33,126,198,0,183,77,255,117,16,5,67,214,0,71,120,0,75,123,1,0,255,255,180,185,255
161,26,141,85,229,31,125,122,175,228,147,42,176,178,144,28,146,124,137,149,5,255,225,136,113,116,255,233,0,182,164,103,62,148,115,114,143,49,118,131,101,212,137,118,32,201,160,29,19,146,131,120,4,0,105,151,172,31,49,2,112,96,119,189,41,205,101,38,209,65,107,0,255,79,217,71,156,193,129,255,84,255,255,194,208,207,155,70,59,17,57,193,241,130,39,78,0,0,227,133,255,0,208,150,170,157,0,223,154,255,26,80,0,91,199,0,41,75,0,59,182,0,0,255,255,223,163,255
159,23,137,97,218,27,115,118,180,225,129,35,177,196,104,33,158,145,157,167,8,255,195,135,133,111,255,215,0,185,183,125,60,126,107,116,164,74,77,149,126,234,159,119,54,180,160,0,0,110,106,130,27,0,91,130,177,20,81,45,103,141,159,151,20,173,161,40,217,47,135,0,255,133,242,52,120,212,152,249,47,255,223,180,216,204,108,120,43,0,77,171,255,63,74,34,0,0,255,122,255,0,195,128,118,104,0,236,192,255,117,134,33,78,210,0,91,113,4,114,196,75,0,255,255,241,58,255
160,20,132,97,211,33,117,108,177,207,154,25,158,205,134,53,109,146,187,178,6,255,166,111,106,160,255,215,82,180,129,120,48,84,125,74,169,99,39,143,86,212,158,128,83,184,171,26,40,177,126,153,21,0,116,141,161,42,36,0,94,94,77,133,52,135,133,0,215,81,144,0,255,83,178,0,61,225,197,203,112,255,255,247,164,198,147,122,0,0,0,183,255,105,11,93,0,0,231,154,255,0,166,77,255,150,79,197,158,249,151,77,0,68,238,0,43,33,84,166,175,38,67,244,255,248,169,255
160,20,137,115,207,17,128,116,194,200,139,17,150,227,92,45,104,157,212,203,1,224,190,57,83,136,222,210,128,180,165,106,92,41,97,114,161,150,85,169,75,232,122,98,133,188,122,10,27,176,123,160,0,0,105,141,158,27,63,39,105,116,121,123,41,133,165,25,143,99,177,45,255,145,191,19,63,255,184,183,110,222,129,255,115,159,75,155,0,0,15,193,255,105,106,101,0,0,219,142,171,44,147,92,251,226,124,246,168,255,170,67,5,0,227,0,41,0,94,199,89,102,0,217,255,255,194,255
159,21,139,91,218,36,122,113,166,206,132,60,176,192,96,31,136,126,180,184,19,235,158,72,138,122,225,211,150,127,125,78,67,86,110,77,136,64,153,138,112,219,59,125,93,147,88,51,12,215,209,136,14,74,109,115,169,18,38,87,170,131,81,139,27,172,123,70,142,85,147,103,255,144,153,72,73,205,185,196,51,202,132,207,140,214,112,127,18,0,1,204,212,110,31,154,0,0,213,130,237,0,111,115,244,255,94,99,81,255,98,83,0,58,255,0,21,53,16,174,0,56,29,252,255,205,133,255
163,17,137,93,206,44,121,104,173,212,119,49,174,147,114,50,138,137,154,179,31,255,147,128,116,137,255,213,97,141,115,112,100,135,142,122,86,44,124,84,142,172,106,189,100,181,153,80,0,128,70,207,61,0,149,186,143,49,69,54,144,99,82,137,78,145,135,23,152,126,112,0,255,136,106,84,67,207,187,158,140,207,255,155,166,205,106,114,14,0,42,251,240,84,31,105,0,0,153,65,255,0,105,39,255,137,0,130,196,170,55,0,0,120,226,0,8,99,0,113,108,33,0,255,255,90,150,255
160,21,136,85,218,39,124,111,168,220,131,49,187,177,105,37,162,113,131,161,28,255,189,150,113,112,255,219,22,150,127,124,94,122,149,120,121,13,130,112,135,173,117,167,18,175,150,76,0,131,144,128,4,32,122,205,174,20,44,42,142,79,98,192,35,164,88,42,127,109,95,16,255,102,139,96,93,202,142,218,87,255,255,138,192,249,163,111,58,0,45,247,208,96,51,105,0,0,232,86,255,0,174,56,158,185,0,150,141,251,55,54,0,136,228,0,40,127,33,97,158,2,0,255,255,123,130,255
161,21,136,97,222,49,118,114,163,224,123,70,188,158,69,49,193,108,141,175,28,255,213,129,114,98,250,203,8,153,125,86,108,174,130,150,60,0,118,92,156,210,153,171,77,222,96,91,0,151,113,173,25,41,133,180,132,0,64,55,151,92,115,125,0,195,102,63,217,68,143,0,210,136,155,119,129,198,162,189,35,254,200,165,218,215,67,104,165,0,203,241,184,55,31,40,0,0,135,0,255,0,97,102,82,206,0,179,181,178,162,0,0,178,255,0,114,114,12,211,90,98,0,255,255,60,16,255
163,24,141,105,225,45,126,126,184,215,109,47,174,151,87,45,160,103,150,189,0,255,203,103,96,125,255,208,100,155,133,92,97,157,120,100,63,76,174,126,146,197,89,171,96,190,80,80,0,148,125,232,33,50,154,168,123,35,47,74,105,104,73,129,0,168,92,111,197,120,126,99,253,143,168,94,104,191,82,211,45,230,213,220,169,225,51,101,80,0,74,227,136,116,67,70,0,0,101,86,241,0,53,86,216,255,0,156,152,223,69,0,0,126,255,0,16,27,4,163,46,34,0,255,255,127,46,255
163,21,142,117,215,38,126,105,167,205,128,8,141,145,145,87,124,132,139,189,31,255,204,110,99,120,215,196,55,141,152,106,86,130,141,103,84,53,140,152,135,215,103,197,38,125,118,135,46,129,130,142,117,0,211,120,123,56,71,51,163,52,24,208,2,198,81,113,200,132,98,155,255,111,124,196,128,208,121,255,96,157,255,105,103,205,166,89,145,15,85,223,204,102,81,168,11,0,198,115,253,0,193,0,68,117,0,220,165,154,168,15,57,91,182,0,81,101,54,86,99,35,0,189,255,205,69,255
162,25,140,96,232,54,122,87,169,202,124,34,171,160,115,59,143,127,143,174,12,255,185,157,141,123,255,216,24,112,148,91,82,109,161,116,10,45,115,107,172,156,121,198,76,164,201,129,0,201,80,139,64,46,159,179,148,104,59,43,162,42,50,168,44,147,41,75,206,139,113,54,255,135,119,133,164,152,128,206,138,255,255,135,187,255,149,17,54,0,51,247,190,55,35,136,0,0,127,55,255,0,146,0,172,227,0,210,117,122,111,0,0,143,255,0,40,78,0,63,49,0,49,255,255,130,101,255
162,23,138,95,210,38,114,98,171,212,126,25,164,150,146,78,122,157,141,162,26,255,174,136,143,126,255,254,22,146,126,109,51,126,145,107,133,12,50,148,125,185,132,200,30,153,149,62,0,138,152,153,81,0,132,141,157,63,73,0,165,53,10,236,0,206,121,30,194,112,79,58,255,95,76,121,119,200,175,215,137,204,255,156,187,241,182,54,77,0,47,212,209,72,8,168,0,0,205,133,255,0,175,17,172,132,0,140,114,216,126,0,0,148,175,0,45,74,54,90,82,0,0,255,255,134,121,255
161,18,133,105,199,11,119,106,184,222,131,22,166,202,122,66,139,172,171,202,27,255,202,91,96,131,254,209,14,173,138,117,74,99,154,120,144,55,38,173,128,212,151,160,51,196,181,35,0,107,71,161,70,0,131,154,142,42,63,3,103,82,140,154,0,189,188,0,174,72,93,6,255,110,184,109,59,255,177,224,98,255,199,187,197,244,89,119,28,0,67,212,249,41,69,69,0,0,255,64,238,0,165,51,97,89,0,216,154,255,45,29,60,38,245,0,81,58,42,98,184,117,0,255,255,162,174,255
163,19,140,111,203,27,124,120,168,221,160,42,159,136,169,63,163,136,155,193,12,255,194,121,104,151,218,179,62,184,128,94,81,132,157,113,90,42,112,108,123,245,157,194,40,237,160,118,0,127,93,158,100,0,206,136,106,90,24,0,124,95,82,170,42,215,142,47,171,64,94,104,255,100,133,136,102,236,208,244,85,201,255,100,156,231,67,63,47,29,92,133,255,74,99,150,0,0,191,109,255,0,113,33,251,30,0,249,165,219,109,10,0,47,209,0,7,151,0,154,145,20,0,255,255,199,150,255
166,18,133,110,207,31,110,112,143,219,172,54,127,112,134,45,122,101,171,184,38,209,185,46,97,124,225,215,133,213,89,43,155,143,145,160,67,23,75,122,97,211,167,148,157,248,88,106,44,201,109,170,81,0,214,114,100,13,78,92,118,153,0,117,76,170,105,53,131,178,128,71,251,83,176,173,138,166,157,216,168,193,255,182,96,138,88,130,171,0,220,108,248,225,71,187,0,0,118,89,157,10,44,99,255,187,0,255,157,128,104,0,0,145,246,0,68,22,0,158,118,28,0,156,255,255,18,255
164,18,131,97,205,5,122,120,164,216,158,70,148,173,144,71,186,110,153,179,9,255,247,90,97,108,255,204,61,201,120,30,105,160,164,89,4,40,151,134,95,178,177,147,137,255,150,116,0,180,55,146,23,0,184,110,98,0,6,11,11,134,141,56,0,197,43,53,201,75,168,51,255,61,255,130,113,188,119,255,52,255,255,179,202,223,116,22,108,0,172,128,228,212,155,168,0,0,158,86,255,34,0,93,255,129,0,255,158,193,54,0,0,24,255,0,86,148,18,172,100,0,0,200,255,255,138,255
164,19,138,91,204,36,121,113,175,215,129,47,174,177,134,74,159,116,125,176,25,255,208,119,86,135,249,208,96,174,99,87,57,129,157,80,101,36,160,110,117,180,87,169,70,202,151,73,0,134,79,206,26,0,136,177,113,0,84,29,97,85,87,150,0,208,106,31,169,88,101,40,255,121,143,107,64,228,136,238,23,242,255,163,184,249,79,137,40,0,80,219,131,119,83,98,0,0,212,135,246,0,82,66,185,156,0,155,168,255,47,0,0,93,208,0,74,136,18,131,191,30,0,255,255,127,141,255
162,21,135,93,218,38,111,114,164,221,130,54,194,162,86,41,183,119,126,168,38,255,198,127,117,119,255,218,50,188,127,87,107,119,151,167,68,0,107,136,153,178,152,155,29,236,190,77,0,121,99,173,48,0,179,187,158,2,45,0,116,53,119,84,4,177,99,0,180,145,93,11,255,73,150,91,88,225,157,255,99,255,233,148,160,208,99,153,123,0,139,239,174,68,11,93,0,0,202,32,255,0,130,22,201,125,0,167,166,186,109,0,0,142,243,0,46,92,91,124,167,94,0,227,255,111,0,255
165,18,139,100,219,45,112,103,169,207,91,47,175,137,102,61,153,114,171,145,19,224,181,139,118,125,232,243,103,172,139,121,101,152,143,182,72,32,119,107,154,179,129,185,134,243,183,69,5,156,70,221,49,46,208,180,161,32,66,68,190,91,84,73,131,149,94,28,167,186,145,53,252,140,132,94,75,112,235,157,162,185,244,235,176,185,97,177,64,0,199,255,255,35,12,118,0,0,136,72,239,0,39,23,241,156,0,140,180,138,62,0,0,183,208,0,0,7,0,59,156,81,20,243,255,119,54,255
162,15,133,100,203,25,109,109,167,195,135,47,174,139,154,61,116,131,177,172,22,243,137,110,105,136,241,220,147,159,123,115,69,130,131,124,139,74,70,93,138,197,109,170,111,216,109,65,74,125,125,158,71,0,150,142,168,57,12,45,155,128,42,122,25,122,123,34,181,73,128,42,255,137,106,50,99,196,222,162,155,199,245,163,124,157,132,119,51,0,52,197,221,117,0,138,0,0,149,91,255,0,98,74,255,196,28,78,117,215,115,0,0,149,208,0,116,164,23,121,130,10,0,251,255,124,173,255
160,17,135,95,199,35,105,114,158,197,138,60,169,163,113,46,141,125,166,164,15,255,163,129,119,143,230,189,122,144,129,112,85,131,118,79,145,48,125,99,153,184,89,167,116,162,108,68,5,123,171,107,35,31,125,155,159,65,48,103,134,107,71,152,38,147,137,51,160,125,151,26,255,120,104,66,71,236,175,209,108,200,198,138,176,176,153,133,45,22,2,186,187,102,36,118,0,0,160,101,255,0,143,109,231,223,84,54,103,255,159,42,0,138,208,0,113,197,0,144,29,18,0,249,255,127,212,255
160,21,138,109,212,24,109,112,155,215,148,73,175,132,135,38,129,113,181,166,16,255,174,104,112,129,255,190,90,161,129,85,108,161,131,147,55,32,103,115,127,243,131,142,135,221,101,88,3,150,150,88,69,49,137,131,137,73,53,115,189,86,45,146,42,173,147,53,213,116,115,54,221,160,122,127,156,184,138,183,108,221,255,91,171,211,135,70,156,0,127,178,212,129,8,158,0,0,143,46,255,0,116,111,106,181,0,199,131,227,118,0,0,84,255,0,42,135,0,123,133,50,0,255,255,208,200,255
165,15,129,115,206,31,123,94,160,189,149,24,158,112,140,65,97,125,190,190,47,206,134,105,95,119,238,233,150,193,113,122,83,136,131,156,109,62,28,109,135,202,116,219,121,204,84,27,76,107,99,194,100,0,200,118,130,57,32,43,151,67,54,139,70,115,72,47,166,148,92,81,255,136,85,113,84,129,146,82,232,200,255,199,111,172,163,172,102,0,98,181,223,156,0,164,47,41,162,53,255,0,89,80,255,113,0,199,135,152,98,0,0,199,185,0,9,73,68,123,127,45,19,234,255,159,121,255
161,25,137,94,212,27,123,102,170,213,142,38,175,203,120,52,132,148,169,183,7,255,183,89,105,138,255,210,76,157,137,88,52,96,102,73,140,87,87,172,83,213,94,100,64,166,113,71,8,204,176,153,29,0,99,141,149,26,48,36,115,70,90,144,22,178,87,53,193,71,159,23,255,97,170,62,80,223,170,221,65,255,224,229,182,246,156,105,50,0,0,199,242,129,52,85,0,0,255,160,255,0,169,112,182,191,78,195,121,255,87,74,0,22,253,0,62,17,100,128,127,93,15,226,255,255,213,255
164,30,157,124,237,30,139,117,197,207,83,13,141,197,105,33,107,120,170,202,18,188,229,52,74,171,232,229,62,136,156,78,81,74,89,137,21,152,225,149,93,192,58,104,124,167,115,164,0,255,118,161,84,40,161,181,52,179,70,126,128,0,0,221,77,151,107,194,137,174,161,133,255,130,123,118,134,176,95,255,40,203,185,240,164,255,131,84,81,0,62,255,231,58,56,60,85,0,152,90,168,10,99,18,136,255,60,176,165,215,49,55,7,42,255,174,41,0,0,40,59,79,69,255,255,255,151,255
168,20,146,118,209,35,127,115,188,220,97,31,134,157,113,64,121,126,149,191,40,200,178,61,90,149,223,230,119,157,119,89,110,121,141,120,55,78,180,138,102,196,137,191,127,199,111,121,0,200,100,246,66,1,240,170,115,86,53,73,115,89,17,148,30,153,86,95,118,212,114,186,249,168,105,124,105,191,85,204,112,180,248,199,79,250,115,88,106,0,92,214,190,147,105,177,0,0,114,102,179,59,31,0,236,241,0,219,187,186,54,0,31,66,173,0,14,0,24,79,90,19,0,255,255,225,17,255
165,25,143,133,223,34,119,143,180,226,104,12,139,182,142,56,164,112,124,196,38,255,190,68,105,130,234,209,65,147,146,61,76,102,118,94,68,85,173,158,95,217,148,128,58,170,120,105,0,181,100,214,50,19,192,146,98,48,95,35,86,92,18,188,0,183,81,138,139,129,131,144,255,98,137,153,203,240,77,255,0,254,211,158,46,255,53,84,125,0,46,157,194,54,90,138,3,10,213,120,206,11,171,0,148,133,0,199,160,173,71,0,34,65,173,48,65,85,0,110,131,110,0,255,255,230,0,255
163,19,138,106,197,24,126,101,187,223,114,29,173,169,143,64,141,140,148,178,16,255,195,107,114,148,247,222,74,168,124,124,64,115,147,101,81,49,137,115,106,204,98,188,71,208,148,45,0,107,82,216,31,0,183,155,101,22,69,0,106,67,122,136,0,189,124,49,224,101,112,47,255,125,113,100,89,224,158,192,52,222,241,165,217,255,132,90,48,0,45,203,221,25,73,84,0,0,214,89,255,0,133,33,217,44,0,139,206,255,54,0,0,22,216,0,0,126,31,148,155,92,0,255,255,158,176,255
162,21,134,99,204,31,117,103,160,206,135,60,179,158,113,56,161,119,151,189,15,255,185,128,114,117,239,193,104,159,108,99,58,120,128,114,111,15,115,126,124,187,93,161,81,199,112,69,6,129,138,159,36,0,153,187,141,7,36,4,110,56,87,122,0,179,95,27,210,83,115,19,255,116,98,56,53,200,164,233,72,248,217,149,219,241,132,108,81,0,40,245,196,73,0,110,0,0,212,66,255,0,56,86,221,151,0,145,167,252,49,0,0,133,236,0,40,126,13,166,84,14,0,254,255,147,154,255
166,18,139,104,222,45,120,84,166,194,103,27,170,150,107,81,132,116,155,151,50,242,200,132,126,101,246,255,75,151,131,89,114,114,192,158,40,30,108,80,153,185,140,218,95,210,192,85,0,152,41,194,74,6,225,117,154,29,91,47,220,40,133,132,143,167,55,40,135,231,82,123,255,120,139,152,65,118,178,202,172,210,255,227,190,218,173,171,88,0,213,255,228,98,0,170,0,0,196,60,239,0,46,0,240,121,0,203,146,120,137,5,0,238,255,0,0,20,58,64,112,115,66,245,255,137,49,255
164,27,137,94,239,43,104,100,158,208,118,33,163,149,100,35,138,108,140,117,12,250,156,131,100,125,255,255,32,145,161,113,137,135,120,192,48,51,111,91,179,182,113,198,156,255,192,98,0,164,28,180,20,84,189,198,185,82,109,77,159,74,83,20,90,123,40,25,173,240,124,51,255,115,90,61,204,131,197,154,143,255,255,203,175,185,159,165,88,0,99,239,244,131,28,128,0,0,99,0,255,0,17,47,175,116,0,178,200,74,20,0,0,183,255,0,41,44,0,120,113,60,132,255,255,121,0,255
164,17,138,96,195,39,115,90,183,217,91,44,182,141,98,43,135,129,151,146,30,245,187,121,143,113,234,246,55,144,131,150,109,102,133,183,89,2,128,108,171,178,109,236,87,212,192,50,0,139,71,201,56,52,199,164,164,37,100,59,192,109,112,95,97,129,142,0,165,137,82,76,255,164,122,134,84,136,190,109,144,228,226,197,192,206,104,157,17,0,143,255,227,29,31,124,0,0,163,36,241,0,70,20,158,170,0,134,184,192,45,0,0,169,208,0,0,47,0,72,201,77,0,255,255,36,68,255
164,18,137,91,204,31,125,116,173,209,120,57,166,143,123,53,136,130,142,190,35,244,177,97,103,118,255,224,71,155,111,97,105,101,151,152,103,7,114,131,137,181,140,180,39,228,154,80,0,135,95,179,101,0,181,150,143,11,40,39,151,103,93,150,119,191,134,0,83,92,96,104,255,97,166,130,39,192,200,216,169,229,255,169,176,167,118,96,31,0,112,255,218,146,48,138,6,0,157,85,239,0,77,0,226,219,0,146,111,206,35,0,0,125,235,0,0,20,0,62,130,8,0,255,255,143,110,255
161,19,140,90,218,51,126,118,178,213,123,57,183,140,119,45,138,132,153,195,12,255,161,146,126,136,255,211,74,144,130,109,78,135,162,119,100,23,111,103,141,224,130,202,44,195,166,109,0,141,101,193,44,19,138,176,154,70,34,55,186,83,66,152,105,155,146,12,158,105,102,45,255,128,106,92,85,191,202,178,129,238,255,159,167,230,101,81,2,0,33,255,246,119,18,131,0,0,154,69,250,0,154,29,255,194,0,103,175,184,100,0,0,129,252,0,0,62,0,92,118,8,0,255,255,90,130,255
167,17,137,95,218,41,134,103,170,199,114,30,159,143,115,69,141,141,129,190,70,242,166,97,91,110,232,255,63,152,119,94,114,124,161,176,54,9,137,99,168,178,108,196,28,247,199,100,0,102,41,225,135,0,220,140,103,35,53,22,165,76,90,139,112,211,92,23,72,165,85,132,255,86,145,153,62,131,226,139,148,189,255,187,144,211,106,145,14,0,199,234,222,111,21,160,0,0,188,53,255,0,70,0,255,106,0,217,143,194,29,0,12,149,238,0,0,10,15,74,149,42,0,243,255,74,14,255
163,21,135,97,212,25,124,115,170,211,143,41,173,147,147,56,141,150,156,203,24,255,181,114,95,121,255,197,52,162,104,111,65,138,160,112,125,9,65,163,138,187,145,162,2,210,142,72,0,110,113,183,84,0,146,165,145,44,23,0,129,101,67,204,39,233,176,2,121,83,60,76,255,87,158,126,45,188,188,250,166,246,255,136,168,222,95,39,33,0,64,223,255,108,38,131,0,0,203,120,255,0,114,18,202,141,0,180,107,246,14,0,27,98,243,0,0,48,18,61,135,5,0,255,255,186,127,255
159,23,135,93,216,28,116,120,176,208,139,48,184,165,126,47,168,158,167,180,13,255,197,132,122,106,255,201,0,143,138,107,74,125,130,120,134,5,50,171,116,201,152,144,15,203,140,80,0,152,135,102,38,0,123,168,182,52,41,0,143,118,85,191,14,217,199,0,169,12,101,46,255,91,169,124,118,210,206,255,146,255,186,104,190,193,97,10,38,0,68,210,255,71,68,122,0,0,184,76,255,0,165,29,141,255,8,166,117,245,100,42,10,73,234,0,48,89,0,98,62,0,0,255,255,137,123,255
162,24,137,111,215,22,136,120,173,210,157,6,148,200,143,52,138,151,178,204,5,255,220,69,91,117,250,200,50,209,164,114,74,91,142,81,130,88,71,144,50,197,150,94,73,168,120,42,9,123,131,166,88,0,101,118,94,3,76,10,65,92,111,163,0,228,200,89,156,108,109,40,255,54,187,45,104,244,134,255,93,255,241,212,107,215,72,116,50,19,65,153,255,108,109,97,0,0,244,174,255,0,195,108,156,79,48,240,183,255,191,53,50,0,255,4,0,49,90,155,235,36,0,253,255,255,124,255
162,28,145,106,228,37,120,148,184,221,125,44,153,194,141,53,161,109,124,173,6,255,204,92,94,131,255,222,84,173,145,49,65,102,137,92,78,84,179,164,65,204,133,124,94,193,119,104,0,224,130,197,9,10,118,186,133,6,87,36,72,116,38,194,0,199,119,75,181,85,133,71,255,135,122,95,136,255,89,255,0,255,197,138,149,255,49,86,75,37,35,211,199,117,98,107,0,0,202,150,255,0,86,31,137,255,5,190,167,226,15,0,0,21,255,0,48,59,0,114,75,0,0,255,255,228,78,255
171,20,143,125,202,40,115,101,169,200,102,31,133,125,118,77,94,126,127,193,59,198,142,63,81,146,203,246,170,145,107,96,82,97,116,139,122,73,158,120,136,227,78,180,107,162,61,90,55,170,137,240,70,75,233,158,132,54,88,98,150,116,0,171,38,162,59,105,132,213,121,194,255,176,82,125,71,159,167,163,79,151,247,208,43,206,149,195,147,0,137,198,175,174,49,167,42,31,159,91,159,44,40,0,255,226,0,202,156,195,78,0,53,123,114,0,53,12,21,161,116,118,0,234,255,229,0,255
164,21,140,104,202,36,117,96,164,214,120,54,167,160,124,77,137,121,138,174,21,255,168,129,96,174,228,210,143,154,104,99,50,112,140,83,105,49,138,114,156,199,69,196,77,166,129,73,6,127,149,194,61,4,205,193,114,33,39,27,127,21,37,172,32,177,72,64,214,165,117,69,255,129,114,61,15,203,152,224,74,173,248,186,189,242,175,124,79,0,23,255,162,73,4,103,0,0,200,153,255,0,58,66,255,128,0,158,118,227,73,0,0,119,168,0,10,85,50,147,117,95,0,255,255,214,168,255
161,24,135,89,215,27,109,114,147,208,158,60,171,175,125,41,159,123,148,175,5,255,202,115,117,138,255,199,117,183,109,31,47,132,126,75,145,8,111,167,113,201,87,114,73,185,146,70,12,180,193,107,19,47,126,155,157,18,0,28,75,92,43,109,0,189,74,35,237,72,109,27,255,45,195,65,101,191,167,255,56,255,228,219,194,183,144,104,50,4,0,178,165,137,0,89,0,0,219,120,255,0,158,164,255,185,22,112,80,255,67,28,0,118,231,0,45,84,58,145,87,74,0,255,255,243,160,255
166,21,142,115,199,35,123,113,190,211,93,46,165,160,105,63,129,125,163,203,6,234,153,99,99,153,219,220,171,103,124,107,60,109,121,86,86,101,176,130,146,209,93,177,134,209,47,93,0,171,138,255,16,17,177,208,136,59,34,31,126,92,57,127,0,125,63,70,166,139,172,112,255,202,59,45,29,200,131,201,114,194,198,213,162,255,148,110,83,0,14,255,198,102,76,138,0,0,128,74,255,3,0,1,255,255,7,106,199,239,27,0,0,38,197,0,0,76,0,134,12,22,0,255,245,164,228,255
162,22,143,100,217,44,122,105,179,216,129,50,182,144,112,59,149,118,151,154,0,255,196,154,119,152,255,220,56,159,149,101,59,161,125,113,97,40,108,85,178,228,125,199,83,203,148,9,4,122,101,166,20,4,129,174,158,75,66,27,155,80,83,146,65,182,95,50,218,107,112,13,233,199,123,92,120,198,126,181,111,210,255,182,253,243,132,107,87,0,115,215,166,84,52,83,0,0,124,77,255,0,137,149,161,115,0,178,163,208,130,0,0,154,220,0,100,121,30,124,111,54,0,255,255,130,186,255
161,24,139,104,226,42,112,108,189,217,99,37,192,171,75,14,179,134,168,150,0,245,179,125,157,144,255,248,45,185,176,115,64,130,97,136,105,59,134,106,136,189,110,164,107,180,141,18,0,104,126,182,7,0,76,174,155,38,57,18,123,105,144,33,0,117,112,86,255,121,127,0,255,178,148,42,124,163,199,206,23,255,143,249,236,225,121,200,106,0,160,225,254,19,0,51,0,0,194,0,255,0,53,159,222,157,0,139,255,195,87,88,0,160,181,0,43,110,0,201,109,40,0,255,255,144,40,255
161,20,140,110,220,60,125,123,154,220,135,49,167,140,112,59,168,95,151,191,34,254,195,102,102,123,222,177,83,139,122,94,93,139,161,121,36,26,137,106,112,240,138,192,71,146,114,145,35,173,106,169,86,34,175,163,128,42,82,95,133,42,52,147,41,197,108,72,210,154,111,94,255,141,98,134,128,220,106,255,50,191,252,92,84,252,64,160,178,0,134,255,150,76,61,134,15,0,146,44,227,0,142,7,64,200,0,236,228,180,153,0,37,99,255,0,86,78,0,115,111,64,0,255,255,111,24,255
163,21,137,96,215,28,133,119,179,207,148,36,163,163,151,67,131,145,155,184,16,255,224,140,92,115,255,208,25,192,139,134,90,122,154,109,119,18,101,149,107,179,157,209,4,176,190,77,0,102,90,163,83,0,154,177,129,19,20,0,142,45,121,221,46,209,133,0,134,113,56,83,255,50,142,145,25,209,200,255,116,255,255,113,193,240,157,94,7,0,7,230,255,110,2,121,0,0,224,106,255,0,177,28,212,80,0,180,109,255,22,0,12,100,255,0,0,43,24,45,149,0,0,255,255,173,146,255
157,25,134,102,227,28,121,126,166,205,165,42,165,161,166,53,153,124,177,169,2,255,209,115,106,132,255,185,5,174,172,110,63,113,122,88,140,58,43,136,92,222,134,110,37,140,89,65,53,187,195,74,76,0,154,107,155,50,44,63,131,96,30,255,19,208,158,107,187,3,130,68,255,67,191,136,167,213,127,255,94,255,255,85,112,185,117,50,98,52,60,157,250,120,84,113,0,0,182,146,255,0,229,67,84,255,34,213,35,255,174,73,0,100,230,0,91,102,19,82,151,29,0,255,255,255,124,255
158,26,141,90,231,45,126,124,168,232,137,29,174,211,141,46,164,132,114,154,44,255,241,126,119,114,255,234,0,200,152,65,40,120,133,62,97,12,132,203,61,190,150,156,20,116,182,120,0,213,159,138,2,21,107,161,124,11,62,8,67,36,8,241,0,227,125,98,219,132,89,7,255,53,150,133,186,255,110,255,17,255,255,127,151,255,132,57,37,0,0,208,203,33,41,95,0,0,255,169,255,0,255,61,56,190,13,129,143,239,139,0,14,12,255,0,93,80,47,73,113,7,0,255,255,170,46,255
163,22,140,116,209,32,124,128,178,220,122,18,151,170,151,77,139,131,141,191,31,255,183,87,102,142,233,226,77,149,136,107,60,117,134,105,120,66,126,151,118,217,115,166,31,159,103,84,0,156,133,192,82,0,168,148,116,48,83,24,122,97,9,224,0,205,119,92,123,123,103,109,255,131,95,141,126,255,131,255,43,224,233,156,97,255,89,106,88,0,34,187,216,60,68,134,2,0,198,132,235,0,176,14,161,135,0,136,140,221,105,0,43,57,228,0,56,95,43,102,115,65,0,255,255,193,73,255
160,23,136,122,229,37,96,131,157,193,126,19,139,147,153,33,97,102,136,194,1,211,144,72,124,118,255,207,125,126,116,74,91,127,114,108,132,82,87,125,100,206,77,120,95,161,79,103,47,220,177,140,41,93,116,150,141,42,66,120,137,108,0,180,5,150,96,136,140,105,123,70,255,107,107,139,236,196,98,255,0,252,242,147,42,216,153,103,170,54,0,134,140,163,45,158,0,0,190,79,226,0,230,73,142,255,50,99,110,227,174,44,44,77,243,43,165,125,0,139,95,67,37,255,255,213,119,255
160,23,139,105,236,42,128,73,171,199,117,18,168,165,104,64,124,112,165,164,11,248,195,140,136,112,246,236,6,90,162,109,90,121,149,134,15,86,94,112,203,166,83,200,117,155,149,144,52,204,114,98,75,56,187,115,165,142,60,87,195,39,47,148,60,96,19,143,223,149,114,99,255,172,179,210,202,123,101,185,167,255,255,191,173,254,175,12,54,0,90,231,207,63,88,176,18,0,146,96,255,0,118,90,118,255,34,197,86,91,168,42,0,197,255,30,79,0,113,49,43,20,122,255,255,200,94,255
165,23,142,111,221,50,119,90,163,205,104,20,161,120,128,64,91,136,148,191,32,241,141,114,142,118,234,252,62,113,134,73,68,127,115,108,91,60,85,112,173,222,109,201,83,149,138,72,9,123,140,186,70,51,141,140,116,152,72,57,213,70,0,178,26,162,55,113,187,171,41,137,255,157,50,134,169,164,156,156,145,165,255,190,139,226,202,105,98,0,91,206,114,99,0,184,21,35,113,62,255,0,152,0,188,145,0,163,125,160,127,4,0,139,181,0,0,90,0,106,100,40,44,255,255,119,101,255
166,20,136,106,214,45,118,104,168,200,110,32,147,129,111,57,103,121,146,181,40,180,140,101,95,123,240,255,85,162,117,103,80,132,103,162,97,52,81,138,117,195,122,170,129,217,117,76,25,156,108,220,69,5,177,161,111,72,73,52,147,74,34,114,81,162,51,38,130,173,92,89,255,122,84,109,123,155,159,141,197,219,255,224,144,207,148,139,90,0,127,233,180,128,52,180,20,0,142,57,255,0,55,0,244,221,0,169,191,138,46,0,11,144,181,0,20,0,0,67,135,0,32,187,255,125,57,255
162,21,140,99,210,41,107,108,179,214,101,49,168,140,140,62,123,130,158,149,11,230,120,131,136,159,255,250,102,121,136,126,58,123,120,125,125,67,74,120,147,200,110,197,109,197,133,60,14,185,128,178,47,35,168,166,181,83,44,48,183,139,41,141,72,115,101,30,188,136,111,72,255,167,91,77,110,203,182,157,155,218,237,191,159,210,168,93,69,0,3,215,209,64,28,128,0,0,122,108,255,0,117,30,199,255,0,51,108,193,56,0,0,105,224,0,39,91,0,63,99,0,9,255,255,102,173,255
162,19,137,94,202,38,109,108,170,199,121,51,161,170,97,59,131,135,151,183,14,255,146,122,131,139,240,221,124,131,114,82,55,107,121,91,156,29,109,129,146,179,87,191,123,195,128,62,11,188,150,147,31,31,113,178,141,52,40,39,125,77,17,113,36,142,101,17,166,123,127,42,255,155,99,35,84,214,191,193,97,220,188,198,189,255,162,113,23,0,0,255,181,70,0,150,5,0,178,75,255,0,82,97,255,204,20,54,163,218,115,21,0,104,213,0,48,102,8,169,4,2,0,228,255,128,180,255
161,18,128,97,205,22,115,108,145,184,154,42,155,185,111,57,126,135,177,196,33,234,126,80,116,136,236,222,186,129,99,81,70,82,109,97,184,80,42,131,154,194,48,141,87,172,121,21,46,167,171,127,75,42,123,159,156,21,40,100,104,104,43,121,75,161,100,32,96,113,145,31,255,70,158,8,76,204,177,129,128,239,217,255,108,152,152,159,14,0,0,197,172,187,0,118,43,0,170,132,218,0,115,169,255,232,127,166,8,255,90,78,0,107,255,0,75,34,68,165,83,73,49,200,255,182,231,255
165,20,142,106,196,30,112,96,183,197,104,28,145,179,122,87,118,147,151,158,35,243,158,93,111,153,218,236,106,155,140,118,58,79,134,113,145,76,80,126,124,173,117,176,114,172,133,50,11,172,121,185,76,7,166,133,165,39,76,38,157,119,64,148,44,152,141,1,194,143,110,112,255,175,105,90,82,234,179,163,127,180,169,210,133,191,154,121,66,0,69,238,202,54,54,126,0,0,156,146,249,0,82,33,164,227,0,114,146,239,141,0,0,96,186,0,37,42,61,115,130,73,0,228,255,150,158,255
157,23,142,100,224,41,128,116,196,217,131,32,163,235,97,46,129,161,208,193,0,250,201,90,113,143,254,200,74,178,170,116,54,50,128,70,139,102,81,178,35,217,151,99,138,139,143,62,0,255,149,160,0,0,76,122,162,17,41,70,100,78,98,141,60,135,180,55,211,122,149,31,255,116,194,0,63,255,188,253,38,239,147,248,134,218,90,154,0,0,15,240,255,68,101,52,0,0,243,140,230,12,197,35,173,255,85,195,181,255,178,80,75,0,255,0,34,0,52,165,89,65,0,221,255,255,171,255
165,20,148,97,199,35,144,104,199,226,76,40,154,184,94,71,117,128,131,203,27,224,176,73,107,132,246,255,145,123,66,58,76,84,144,147,68,70,223,162,136,190,35,222,92,224,157,62,0,233,94,239,30,57,178,163,123,21,118,68,98,144,21,129,57,140,82,46,166,76,125,120,255,247,109,121,63,169,103,151,13,226,255,251,212,255,141,107,19,0,19,255,147,94,128,150,10,0,166,89,161,0,19,44,251,246,0,155,240,255,0,0,0,26,251,0,27,0,2,148,82,8,0,255,255,152,150,255
164,20,142,113,219,42,130,103,182,210,112,7,161,170,127,80,142,127,149,164,33,255,198,128,125,133,241,248,42,181,151,103,84,93,175,120,71,67,109,102,111,237,147,244,32,171,228,45,0,118,60,188,42,0,208,156,112,67,102,0,173,51,145,163,43,191,94,50,187,178,51,141,255,130,108,147,119,185,159,201,86,218,255,166,177,255,153,147,67,0,96,222,243,20,69,149,0,11,213,92,255,0,138,0,179,36,0,238,195,218,103,0,4,105,201,14,0,66,40,126,178,90,0,255,255,144,36,255
163,23,141,90,218,36,126,122,179,214,125,56,170,152,126,53,156,127,136,176,19,255,199,132,97,142,255,200,37,157,140,99,88,134,140,108,86,17,138,148,140,175,139,155,8,169,168,105,0,141,111,176,65,0,159,197,144,26,20,15,141,80,82,225,64,206,117,17,91,136,79,82,255,90,144,180,28,220,174,255,114,246,255,97,175,252,123,64,36,0,35,246,244,100,55,125,0,0,185,135,255,0,145,0,208,182,0,136,92,245,3,0,1,82,255,0,0,56,0,15,92,13,0,255,255,180,158,255
163,22,140,97,205,27,123,112,169,211,135,46,164,143,148,72,133,156,158,194,25,255,179,102,84,129,247,201,58,153,101,111,69,133,146,131,143,6,80,174,126,192,124,155,16,205,125,79,0,123,137,155,89,0,165,161,163,52,41,7,154,115,32,223,46,244,178,2,126,88,68,120,255,123,119,140,40,205,202,240,166,194,236,128,151,195,111,50,75,11,80,213,240,87,56,158,0,0,175,133,250,0,120,12,159,190,0,168,102,255,59,0,51,69,201,0,0,66,24,71,99,0,0,236,255,176,144,255
157,24,139,97,229,35,127,129,178,214,140,30,180,179,123,42,170,142,161,184,11,255,234,120,107,106,255,195,0,190,172,102,65,120,124,112,142,47,67,161,70,235,141,126,31,179,148,67,14,137,140,87,53,0,116,112,128,77,58,0,120,68,98,201,1,218,202,69,224,10,113,40,255,78,191,102,168,238,183,255,71,255,199,107,156,189,70,76,66,2,73,198,247,13,77,81,0,0,205,106,255,0,255,95,88,209,0,186,159,255,215,79,37,35,225,0,102,77,31,133,132,3,0,255,255,181,42,255
157,27,142,110,234,36,121,139,188,208,133,19,160,215,122,39,157,133,172,167,0,255,236,99,100,114,255,192,16,189,191,104,62,91,114,79,114,102,111,171,34,207,151,77,114,153,105,89,0,224,157,140,0,0,97,139,147,21,51,58,58,49,70,211,11,191,187,122,197,82,164,49,255,82,182,51,158,255,125,255,41,255,174,153,120,207,82,139,77,0,71,217,254,48,116,49,0,0,231,150,255,0,199,89,67,255,88,191,160,252,214,52,70,0,255,52,98,34,15,158,81,45,0,255,255,255,140,255
164,25,144,111,224,28,129,131,185,214,100,36,165,196,89,47,156,107,124,201,36,255,213,90,111,94,255,234,98,108,132,46,50,83,89,76,71,107,217,203,88,235,106,105,48,160,97,148,0,249,167,213,21,80,144,183,142,51,0,79,39,44,13,186,0,150,32,104,145,128,154,186,255,117,207,127,88,167,77,255,0,255,254,230,95,255,135,83,33,0,0,248,158,153,62,150,102,0,255,200,148,31,73,44,255,252,36,255,160,255,0,33,2,28,255,0,0,0,50,88,71,133,0,255,255,255,90,255
169,21,143,121,204,38,124,96,163,207,104,31,143,134,138,68,100,131,151,187,45,212,148,81,78,160,205,251,160,139,94,92,71,108,144,132,101,70,138,103,156,223,80,197,107,168,89,89,38,155,134,231,77,30,227,155,121,72,63,69,158,123,5,179,37,164,73,112,178,174,70,169,255,181,69,117,89,151,148,168,128,166,246,216,71,219,161,129,123,0,108,171,159,118,48,154,3,43,113,90,196,0,60,5,255,197,0,178,145,196,84,0,11,104,158,0,7,72,0,98,141,73,6,255,255,212,100,255
163,21,136,104,199,26,114,108,158,207,146,53,169,162,147,64,148,127,161,161,0,255,206,113,98,162,220,195,134,186,123,88,80,120,113,76,118,42,115,107,134,175,75,154,107,169,133,60,0,103,167,153,47,26,155,186,119,34,53,29,108,108,81,137,0,177,129,68,223,107,96,21,255,76,90,91,55,255,165,231,88,209,195,175,210,169,119,186,69,2,37,192,156,74,24,44,0,0,195,88,255,0,143,108,194,135,0,95,85,243,90,0,0,136,218,0,63,173,0,141,178,77,0,255,255,167,199,255
162,21,135,101,202,19,118,116,165,211,122,46,170,182,107,61,147,126,138,195,26,255,173,93,94,116,255,212,93,137,127,83,70,110,115,110,133,64,126,174,132,208,96,132,71,214,105,66,0,138,153,158,45,0,144,186,125,5,38,36,80,87,65,144,0,186,68,47,126,81,144,74,255,131,153,68,55,218,146,255,59,253,240,157,198,255,153,113,70,0,0,220,182,110,46,92,18,0,213,127,255,0,82,78,198,192,23,147,109,255,37,3,0,40,253,0,76,83,56,139,88,23,0,255,255,229,171,255
164,19,141,106,207,33,127,106,176,209,113,52,169,159,91,60,148,115,160,208,1,255,175,119,115,144,230,199,132,131,122,107,54,139,125,98,115,70,155,102,170,215,80,168,107,191,90,59,2,139,121,206,44,0,160,201,128,61,38,59,120,62,70,119,16,155,73,85,172,132,133,43,255,200,67,47,33,201,122,194,56,211,230,196,202,255,135,124,85,0,45,255,200,87,51,112,0,0,158,63,250,0,12,112,255,147,0,149,215,255,64,9,0,100,228,0,73,86,23,139,46,45,0,255,255,179,214,255
162,21,143,104,211,37,119,109,188,213,119,52,177,141,123,53,152,123,161,154,0,255,182,156,130,174,255,201,67,171,158,112,58,148,123,99,123,53,145,62,172,214,106,211,134,201,146,23,0,133,104,177,8,23,118,208,139,100,90,57,153,99,64,107,74,163,130,73,231,114,141,0,244,203,71,58,109,226,198,155,91,227,239,194,255,236,146,148,70,0,104,255,233,85,53,52,0,0,88,9,255,0,78,165,182,127,0,114,219,184,68,0,0,130,209,0,64,130,0,173,125,1,0,255,255,117,255,255
163,23,140,96,217,41,113,109,164,215,137,60,176,128,117,47,164,109,155,152,0,255,188,117,105,140,253,208,62,164,126,112,78,160,99,145,110,16,91,105,132,203,110,118,95,228,102,33,13,122,127,156,41,38,135,194,155,54,94,46,163,130,67,140,42,221,116,28,175,125,141,28,222,135,101,110,100,195,194,205,108,182,203,148,202,175,74,166,165,0,197,195,210,63,59,97,0,0,126,54,255,0,84,107,151,199,0,181,165,255,99,0,0,142,194,0,66,101,0,123,133,20,0,251,255,171,114,255
164,17,135,103,207,38,123,105,174,207,127,37,158,131,128,81,137,124,130,178,49,255,185,125,91,144,229,227,49,161,123,87,94,133,139,113,74,26,133,135,168,229,106,231,6,180,159,124,0,101,70,171,127,0,248,137,93,31,58,11,179,37,64,202,33,188,48,39,143,133,85,134,255,85,136,209,46,168,172,202,102,190,255,110,162,247,155,118,84,0,89,193,183,105,9,171,0,1,227,80,255,0,132,0,216,87,0,196,138,179,94,0,0,156,184,0,29,114,41,95,102,63,0,244,255,155,48,255
161,24,138,97,221,27,119,125,176,214,147,54,177,169,145,53,181,135,162,164,14,255,232,137,96,125,255,185,0,185,147,95,81,134,134,109,96,19,99,152,112,197,172,161,25,202,168,102,0,159,113,125,29,0,171,187,157,34,19,0,122,78,119,179,19,224,166,6,197,54,91,68,255,73,189,147,108,225,183,255,105,255,228,98,197,212,111,36,56,0,98,204,255,82,64,101,0,0,176,82,255,0,126,19,108,192,0,207,106,227,37,6,0,84,255,0,18,96,0,103,102,5,0,255,255,158,177,255
159,24,138,101,219,30,128,126,172,218,145,20,158,179,164,66,149,137,150,175,23,255,225,88,93,127,251,204,0,191,157,97,54,99,138,84,142,35,71,182,50,219,143,109,8,125,109,104,12,164,192,112,75,0,168,125,130,50,68,13,109,54,10,255,0,244,175,93,204,27,101,75,255,39,127,146,164,255,136,255,108,251,239,90,117,222,104,53,88,28,41,214,255,35,107,114,0,0,237,165,255,0,255,0,21,215,19,135,126,255,176,0,59,35,198,0,111,68,75,64,161,27,0,255,255,220,62,255
162,20,142,99,198,31,125,107,177,233,101,8,154,204,123,89,146,158,131,181,50,255,210,94,116,127,241,247,9,175,129,119,67,109,183,137,128,29,113,196,100,187,135,219,29,144,207,77,0,139,85,157,81,0,156,130,154,0,117,12,93,96,77,153,0,204,148,4,180,167,65,59,255,143,152,134,95,255,151,255,54,255,255,188,153,255,126,107,53,0,32,241,240,22,57,106,0,0,254,133,224,0,207,5,79,67,0,137,208,242,118,0,89,35,248,0,64,25,113,87,129,26,0,255,255,159,44,255
161,21,140,99,221,40,120,122,170,211,121,37,168,197,103,39,146,130,155,196,38,255,209,78,87,140,242,207,87,172,128,39,65,111,120,44,107,84,157,175,64,218,103,124,94,113,117,140,27,241,148,185,23,23,146,159,131,34,2,101,79,59,26,171,0,151,99,104,185,90,131,96,255,117,196,147,117,204,102,255,0,243,225,162,49,251,109,110,41,0,0,169,161,119,74,138,0,14,217,136,209,35,196,54,255,255,99,145,159,255,146,54,20,20,186,0,143,27,66,90,64,146,0,243,255,233,97,255
158,24,143,100,226,45,120,107,169,218,136,52,181,158,122,58,143,116,144,176,28,255,201,148,134,101,255,203,53,147,142,101,73,116,151,134,67,45,110,129,137,217,92,221,96,180,132,108,39,221,140,126,32,11,133,92,127,32,85,94,151,32,28,197,2,141,121,89,238,62,104,78,255,175,136,125,183,200,79,255,31,255,255,77,126,255,93,65,122,0,73,224,144,132,30,126,42,6,175,94,255,0,158,104,66,231,0,221,126,188,149,11,0,116,255,0,92,81,7,138,94,0,0,255,255,214,89,255
164,23,137,105,215,26,112,76,172,204,124,5,145,144,146,70,115,149,163,149,12,255,167,131,150,122,246,255,34,148,167,114,63,101,129,118,84,36,46,120,146,192,142,210,107,196,155,76,0,117,107,151,76,4,156,122,178,123,62,0,191,58,46,179,0,163,69,40,197,133,102,78,255,97,84,125,188,160,180,136,196,190,255,170,183,228,190,61,70,0,114,175,228,80,4,207,0,0,177,64,255,0,119,18,133,76,0,172,111,162,81,24,3,201,227,0,0,65,13,92,115,0,98,235,255,210,135,255
164,21,141,102,216,49,113,107,164,216,112,45,167,132,123,70,145,118,133,162,30,245,143,136,126,140,245,255,85,144,116,104,51,133,126,141,109,32,70,133,156,205,127,187,71,206,134,60,7,155,113,199,62,21,184,194,154,59,79,32,154,97,28,152,59,184,70,29,192,183,94,65,255,141,80,95,102,183,158,205,147,199,255,183,169,240,151,131,123,0,117,244,219,43,43,143,0,0,161,90,255,0,86,0,235,183,0,145,182,152,67,0,0,141,175,0,42,59,4,57,106,20,0,242,255,119,52,255
164,21,136,102,217,53,102,106,169,214,103,32,158,140,113,59,121,125,142,149,36,208,132,112,138,127,255,255,66,154,133,125,74,131,107,153,128,49,56,125,123,179,129,185,103,179,125,52,0,160,131,205,49,29,156,156,140,40,86,58,168,86,52,134,44,145,77,48,167,213,92,50,255,122,99,112,123,183,142,158,152,224,241,233,140,203,187,158,123,0,88,224,204,75,26,143,0,0,178,96,255,0,118,22,183,210,0,109,165,144,96,0,0,148,177,0,29,33,6,84,126,31,0,212,255,70,44,255
164,20,136,107,201,27,115,109,169,203,125,31,157,149,152,75,125,140,156,178,24,255,142,103,107,148,239,236,119,135,111,111,60,90,156,109,143,53,80,114,142,200,104,189,60,192,104,52,16,147,136,185,84,0,183,174,156,48,44,21,146,87,26,194,13,181,116,35,155,84,100,103,255,137,88,85,82,183,164,190,144,207,239,169,122,224,172,89,82,0,42,200,205,109,35,165,4,0,148,116,255,0,73,21,245,189,0,135,110,238,73,0,0,87,168,0,25,107,28,113,111,33,0,255,255,160,196,255
160,20,138,88,211,44,118,100,168,201,113,53,164,185,69,52,149,134,164,182,25,232,144,100,141,131,227,227,129,128,126,77,69,78,109,92,149,36,107,117,127,167,61,157,131,170,112,55,20,183,176,135,50,46,136,158,149,35,33,53,142,74,67,100,52,125,109,40,192,131,140,57,255,132,119,6,51,216,182,207,86,175,121,219,182,202,163,171,49,0,32,255,183,22,0,124,0,0,216,77,255,0,67,103,255,255,35,59,167,255,152,67,0,133,197,0,44,53,34,192,0,25,13,174,255,135,118,255
159,17,132,95,210,26,112,121,146,183,144,60,154,157,128,62,146,115,157,174,33,224,124,81,124,132,239,228,161,125,99,74,64,96,95,110,178,41,57,123,153,184,56,139,58,168,98,32,48,149,190,85,107,57,146,145,160,31,35,88,135,134,5,133,65,176,126,30,123,78,138,84,255,101,137,80,121,207,174,195,106,174,182,168,127,155,161,128,57,35,0,205,177,114,0,149,84,0,141,114,255,0,159,92,242,252,102,66,32,251,110,42,0,157,253,0,111,92,8,107,29,43,3,194,255,156,159,255
159,23,141,95,221,45,120,110,192,210,116,44,168,195,108,41,125,145,173,151,10,239,158,115,135,150,249,240,68,161,172,107,65,83,91,100,121,80,78,141,80,186,118,129,121,176,142,58,0,175,176,148,0,11,115,139,152,40,32,17,160,79,91,150,67,105,141,43,192,122,147,50,255,118,114,46,90,237,205,225,112,201,150,210,204,189,152,158,36,0,48,234,252,37,29,99,0,0,229,125,255,0,185,42,209,255,7,70,146,238,149,55,0,90,213,0,23,40,11,134,64,9,3,254,255,193,160,255
162,22,145,102,212,38,131,124,191,216,108,31,155,190,116,56,134,122,144,189,18,242,195,96,112,128,233,247,110,158,107,77,60,71,135,109,118,76,182,147,107,203,66,222,102,185,148,49,0,240,125,211,18,37,150,151,100,34,119,39,120,120,43,169,3,175,132,52,188,28,113,100,255,183,121,101,140,211,128,214,0,240,185,192,165,255,94,99,0,0,0,237,160,60,114,146,0,0,150,103,255,0,53,66,219,255,2,131,189,255,17,0,0,58,208,0,20,8,0,177,88,0,0,255,255,124,101,255
166,23,146,128,216,38,125,128,184,214,94,19,139,173,135,56,116,114,136,190,41,241,189,60,85,143,228,233,129,143,139,70,90,96,92,95,91,110,192,141,111,211,110,141,90,146,104,81,1,161,128,235,25,51,187,153,111,37,99,68,117,101,5,203,0,159,79,129,131,155,138,168,255,116,108,122,125,220,94,255,0,196,237,203,54,228,99,114,99,0,19,159,154,122,68,146,0,22,170,154,178,19,157,0,179,192,0,164,119,238,79,0,0,75,168,0,48,73,0,134,122,82,0,255,255,205,0,255
162,21,141,108,203,26,124,113,183,227,122,31,158,175,137,55,150,127,159,173,4,255,186,98,129,154,229,220,79,166,142,107,51,104,117,96,149,73,139,113,135,231,92,193,89,189,124,16,0,157,136,181,39,0,175,142,119,61,81,14,129,139,104,145,0,171,130,72,223,50,113,64,255,167,117,90,104,236,151,197,23,231,185,201,220,255,118,129,61,0,38,171,216,25,70,74,0,0,190,86,255,0,96,120,142,124,0,123,176,255,33,2,0,74,200,0,31,121,0,182,126,26,0,255,255,165,177,255
158,22,138,88,218,48,109,105,173,200,125,60,178,171,82,41,160,124,158,148,0,255,171,145,151,127,255,225,65,141,139,91,73,141,124,100,92,25,116,109,135,150,81,205,138,192,142,61,0,167,162,100,8,82,78,136,151,62,52,62,162,74,73,104,33,114,113,41,198,118,148,0,251,148,122,42,145,200,178,201,96,246,170,210,255,201,119,104,35,0,39,243,164,50,19,142,0,0,150,31,255,0,91,158,222,255,0,62,118,177,138,31,0,218,214,0,111,132,0,202,0,0,0,255,255,56,127,255
162,23,142,106,221,47,115,99,171,216,111,51,187,126,90,50,162,115,143,178,11,255,180,131,111,151,242,212,64,143,135,83,76,167,137,150,41,28,83,106,161,237,113,155,97,201,136,73,0,103,76,203,27,12,146,194,127,38,65,31,157,68,72,127,21,190,95,57,209,169,93,37,254,186,75,109,131,200,127,194,77,199,213,136,168,255,47,95,145,0,140,197,140,31,38,91,0,0,111,65,241,0,111,73,155,154,0,190,164,206,175,0,0,124,249,0,62,113,36,147,84,64,0,255,255,141,120,255
157,29,148,108,244,31,140,119,166,215,148,24,177,183,117,29,210,94,150,170,0,255,255,100,106,116,255,182,0,202,192,54,97,114,87,51,45,75,150,171,114,230,131,102,0,105,130,92,26,189,175,119,48,0,138,161,100,0,59,113,46,87,75,168,0,255,193,190,255,61,142,45,255,97,191,189,203,202,0,255,0,255,255,68,153,255,47,0,131,60,130,147,255,64,189,124,0,62,193,130,178,5,255,98,0,143,59,255,196,255,181,177,51,0,255,181,186,112,5,82,109,48,0,255,255,255,89,255
171,30,162,163,231,26,104,132,182,199,89,0,99,141,151,35,109,106,172,201,30,213,206,53,86,141,244,202,68,182,197,105,137,141,75,127,54,165,192,140,159,213,153,81,143,159,50,65,10,233,110,173,57,0,218,111,115,70,102,136,144,78,0,237,0,143,141,237,156,151,126,149,191,100,118,171,159,131,0,255,22,177,211,155,51,212,104,89,255,0,190,80,255,143,112,151,0,72,187,75,105,111,144,0,55,152,0,213,144,150,150,136,29,140,57,112,144,15,0,49,91,189,73,255,255,255,0,255
160,23,144,86,221,43,128,113,173,245,107,48,180,177,83,50,172,113,111,153,43,255,201,112,136,120,255,255,62,188,106,85,82,94,160,190,72,10,155,132,183,181,84,219,36,234,205,32,0,217,135,159,23,26,174,113,147,18,149,51,119,109,50,140,0,152,112,43,243,74,132,14,242,145,151,107,180,210,110,242,27,255,255,144,142,255,137,146,166,0,103,255,155,22,113,73,0,32,175,56,255,0,206,88,59,148,0,134,174,236,72,0,38,98,250,0,136,33,36,144,202,84,0,255,255,176,0,255
165,21,138,112,202,27,120,85,167,207,123,28,157,168,106,81,105,142,155,184,34,255,170,108,110,125,226,227,67,151,110,109,57,97,129,118,158,51,62,140,138,215,136,165,60,136,124,22,17,120,142,176,89,0,161,148,134,22,75,25,160,64,46,165,34,176,111,36,210,156,77,87,255,169,118,92,35,185,165,183,105,182,251,230,150,230,186,111,80,0,56,209,229,78,18,141,27,84,227,174,204,0,92,69,202,49,0,236,158,203,164,18,0,161,182,0,19,14,141,151,182,134,0,238,255,248,65,255
161,36,159,166,255,42,109,198,201,213,129,8,123,211,166,24,166,46,131,166,0,255,255,110,80,98,226,222,23,252,241,117,48,64,35,112,162,147,157,162,89,242,172,51,0,165,68,73,36,244,150,147,0,70,142,228,116,8,110,23,126,53,76,255,0,241,212,152,186,122,127,67,255,63,124,73,255,252,27,255,0,255,83,66,79,227,62,155,224,105,129,107,255,0,148,122,0,0,223,184,193,43,219,74,0,231,10,225,152,208,156,137,102,0,155,155,75,101,0,111,92,65,0,255,255,217,0,255
162,33,157,162,253,44,102,163,176,214,127,0,131,178,168,43,173,68,138,186,8,255,215,103,107,142,223,187,7,177,204,116,69,104,72,96,94,126,140,147,145,245,153,84,11,166,92,105,27,235,153,116,17,20,158,180,92,40,101,68,93,20,12,246,0,209,186,194,200,135,138,73,244,76,133,126,243,222,6,255,0,255,170,63,45,247,32,116,255,29,164,102,255,10,128,104,20,51,232,132,170,34,242,49,0,120,0,240,125,144,237,175,62,42,93,206,172,108,0,133,82,143,9,255,255,250,0,255
159,26,144,96,225,38,124,130,180,228,118,34,172,171,128,42,182,124,132,155,14,255,197,113,125,131,255,233,32,174,155,87,67,103,132,129,119,41,120,155,118,206,118,165,18,166,162,43,0,154,141,142,40,19,129,165,167,45,77,40,109,136,61,209,2,195,147,66,186,58,100,71,255,133,150,127,156,231,124,255,34,246,195,116,172,226,91,108,86,10,57,205,199,32,83,65,0,0,187,127,255,0,201,54,46,225,0,156,129,255,53,0,7,79,220,0,77,92,0,98,119,0,0,255,255,167,59,255
159,30,153,145,250,39,104,176,211,207,98,44,132,178,137,36,123,105,136,141,0,234,159,123,125,140,255,232,64,176,255,124,94,106,30,132,178,143,124,129,127,199,104,108,136,168,84,35,0,169,129,172,16,69,134,177,171,0,118,78,183,108,57,239,87,160,193,130,130,146,144,82,209,171,68,150,206,255,56,255,14,200,129,103,132,186,151,215,179,45,140,181,255,123,104,150,0,0,145,122,255,52,201,101,0,255,7,125,169,194,99,67,77,39,162,27,60,83,0,44,43,27,0,255,255,155,83,255
162,19,134,108,213,23,116,116,153,205,161,58,163,149,124,28,132,104,182,185,25,249,173,80,97,114,242,178,135,185,113,53,108,140,134,105,89,47,110,126,119,229,134,148,108,179,98,68,41,156,158,116,54,41,156,112,135,45,21,94,137,110,71,122,29,150,117,66,172,131,125,77,255,103,181,154,99,190,139,218,113,229,255,146,136,187,144,99,80,7,55,124,219,203,23,172,0,0,188,104,221,0,133,123,228,161,69,166,93,255,88,10,0,110,255,0,57,95,30,151,79,63,0,255,255,221,130,255
160,21,139,107,212,17,126,133,170,222,156,39,166,172,155,54,181,114,155,187,15,255,255,95,91,114,254,171,25,207,158,76,97,115,171,105,79,47,136,141,95,221,173,162,61,226,156,115,0,148,105,115,52,0,173,126,115,33,33,17,69,79,103,172,0,231,152,60,171,46,72,120,255,89,214,131,137,255,120,255,37,255,255,76,155,228,56,47,70,55,138,174,200,119,128,122,0,0,175,130,255,0,90,42,94,159,0,255,140,254,99,0,0,8,255,0,47,127,11,148,146,0,0,255,255,239,144,255
156,26,139,93,236,34,130,126,173,214,150,49,185,191,138,46,193,133,154,151,9,255,243,141,100,130,255,195,0,173,168,81,88,134,114,68,83,27,96,168,104,198,144,136,0,130,159,129,0,173,181,89,38,1,175,204,153,60,38,24,113,53,67,236,23,237,184,103,214,45,112,38,255,46,172,181,155,226,125,255,95,255,251,52,186,249,131,18,47,33,48,204,255,48,132,108,0,0,211,120,255,0,255,47,32,245,45,210,89,243,139,70,0,63,255,19,92,98,10,68,112,22,0,255,255,173,137,255
157,24,135,89,224,41,120,117,163,209,148,32,170,181,163,55,140,134,136,164,29,255,215,133,114,118,255,210,0,172,150,90,32,112,140,60,132,22,84,184,74,196,115,161,44,93,130,116,51,213,188,91,50,23,116,122,136,42,73,72,96,45,0,255,0,205,123,109,208,35,113,27,255,61,152,165,196,211,119,255,96,255,255,88,123,219,149,38,46,45,0,191,176,136,77,113,0,0,208,165,255,0,255,48,52,255,90,122,66,241,175,0,7,68,216,0,153,95,31,25,135,0,0,255,255,196,94,255
164,17,135,96,204,22,133,114,181,200,132,29,175,142,144,68,130,149,147,208,43,255,178,110,90,109,248,228,65,144,89,108,83,117,163,140,128,0,99,154,148,190,108,205,0,231,143,72,0,87,91,183,106,0,193,181,123,45,23,0,150,48,59,200,52,222,150,0,77,63,65,119,255,93,114,151,38,162,200,197,176,222,255,137,178,235,142,60,7,0,52,232,231,115,28,171,21,0,184,86,255,0,114,0,255,136,0,127,120,255,25,0,0,90,204,0,0,70,71,82,92,6,0,255,255,79,202,255
162,24,139,88,230,39,123,126,169,214,128,61,190,174,96,43,181,108,119,174,32,255,182,138,87,99,255,205,27,150,126,90,101,129,172,150,81,0,145,169,157,154,131,157,20,211,180,112,0,127,95,144,38,38,128,214,151,2,34,46,147,51,94,126,57,183,88,3,71,156,76,52,255,121,171,162,75,171,149,255,143,255,255,125,185,255,109,97,29,0,55,255,255,111,29,137,4,0,204,79,255,0,143,14,183,208,0,123,111,173,0,0,17,117,255,0,0,60,27,15,107,0,0,255,255,114,69,255
160,20,134,97,212,30,114,116,173,205,144,54,179,142,139,58,141,170,186,199,6,255,180,125,111,126,255,185,21,140,121,124,64,141,132,103,158,16,21,168,123,213,143,141,32,187,106,86,0,139,130,133,83,0,124,126,175,74,35,11,170,110,70,212,51,224,208,13,162,26,91,40,255,87,145,119,65,220,241,239,180,228,196,142,168,155,66,30,54,0,67,213,255,68,66,126,0,0,179,76,255,0,175,19,185,240,0,158,113,235,120,53,47,94,214,0,70,93,0,60,58,25,0,222,255,129,118,255
156,21,138,91,227,36,123,124,187,209,139,16,175,214,128,37,150,137,171,158,20,255,239,113,110,115,255,199,0,213,188,120,77,94,135,82,151,77,89,150,52,203,158,121,48,152,181,76,26,176,120,103,37,0,128,106,136,60,69,47,110,64,111,182,29,181,195,59,211,45,117,26,255,54,233,53,155,236,163,255,50,255,225,146,165,178,94,83,0,0,18,198,255,42,77,58,0,0,218,155,255,0,253,99,95,250,51,138,172,255,224,111,22,55,245,0,124,56,55,113,182,19,0,255,255,180,64,255
160,31,147,124,248,41,118,165,198,199,129,29,148,193,143,40,147,111,151,165,0,255,245,120,102,115,255,190,41,170,219,111,69,100,83,75,116,118,175,149,45,213,149,90,106,141,71,108,6,248,170,185,0,52,114,192,158,15,59,67,102,32,46,255,37,210,166,137,149,109,185,98,255,74,153,108,149,251,105,255,0,255,176,153,78,210,83,116,101,15,39,223,255,139,112,107,0,0,207,174,255,0,150,109,78,255,72,205,125,226,130,10,16,16,255,65,21,8,0,129,63,12,0,255,255,242,132,255
167,26,148,134,226,34,120,135,190,211,82,27,141,192,119,43,125,88,115,189,31,224,200,83,84,115,239,244,118,139,127,76,40,68,95,111,87,122,223,177,95,224,126,117,101,152,79,115,0,252,134,255,0,84,171,177,128,39,77,72,75,85,0,177,0,141,48,129,176,184,141,147,255,162,113,92,147,211,69,255,0,255,203,239,88,255,119,88,70,0,3,221,192,108,81,133,75,0,221,135,135,34,69,0,190,255,23,188,200,183,0,0,42,81,255,49,16,0,0,72,92,62,13,255,255,250,0,255
165,20,140,110,206,35,114,99,173,212,95,38,162,148,117,66,125,124,152,177,24,230,132,102,97,174,241,243,141,126,100,101,65,108,134,117,109,83,133,114,152,214,68,165,101,189,93,70,0,155,120,210,58,1,213,173,132,60,42,57,146,95,43,143,42,133,48,91,169,159,129,107,255,171,112,86,55,172,165,183,100,186,237,228,145,239,171,136,113,0,49,191,196,73,31,98,0,4,158,95,248,0,71,0,255,182,0,115,144,207,71,0,0,93,160,0,29,78,15,100,81,107,7,255,255,236,147,255
162,22,135,94,207,11,112,111,160,214,146,63,189,183,152,51,163,120,148,151,18,255,218,97,79,158,255,187,98,199,131,71,70,115,130,74,88,36,157,138,90,185,93,80,71,174,130,75,0,111,175,136,10,31,151,183,124,0,35,57,76,87,95,126,0,220,95,58,197,102,141,45,255,60,177,96,93,227,153,255,48,241,231,152,187,180,124,139,107,33,60,186,151,128,57,44,0,0,221,118,220,0,148,50,159,157,36,137,62,255,39,0,0,118,179,0,72,175,6,115,229,142,0,255,255,255,163,255
162,23,137,105,213,22,116,121,159,206,133,65,169,165,123,44,140,118,162,170,8,255,172,85,112,123,244,192,105,156,153,91,85,125,91,103,132,63,138,126,125,216,91,93,91,173,64,43,0,112,211,123,33,32,137,165,146,27,59,76,149,130,82,160,0,199,133,88,174,91,153,76,255,128,115,103,87,224,160,252,79,212,180,131,190,191,143,114,111,5,43,196,251,118,32,89,0,0,179,118,255,0,134,112,153,228,55,107,84,255,84,15,0,80,235,0,38,117,0,125,79,51,0,255,255,255,143,255
162,19,137,100,214,41,116,108,159,213,129,47,168,158,99,44,136,110,153,162,8,255,194,129,124,140,255,231,67,159,139,108,84,150,114,109,126,60,103,92,164,209,129,191,114,172,130,43,29,143,144,164,49,16,133,184,141,63,59,74,121,88,63,136,46,140,72,87,197,130,106,0,228,147,93,54,105,206,132,190,78,242,255,197,193,231,159,159,96,0,69,221,158,101,37,89,0,1,124,49,255,0,118,135,202,167,0,169,174,214,144,22,0,139,237,0,137,111,0,115,137,32,0,255,255,129,140,255
163,18,140,99,204,38,119,97,191,216,114,46,176,154,111,51,148,130,160,161,0,255,179,142,135,165,253,218,77,170,135,106,44,143,135,92,105,38,140,68,165,193,112,219,151,217,155,9,7,131,71,203,3,0,112,184,133,76,79,17,128,85,81,75,47,150,131,35,237,111,128,0,249,204,106,41,95,205,191,142,108,231,240,231,255,233,129,133,41,0,132,255,201,76,40,84,0,0,101,17,255,0,41,159,226,118,0,117,255,186,66,0,0,116,195,0,50,125,0,196,113,0,0,255,255,92,245,255
162,21,141,100,219,41,116,118,171,220,134,73,170,142,123,53,157,107,148,161,20,247,171,124,97,127,241,223,93,157,87,98,73,154,115,163,71,23,105,144,122,207,115,160,110,233,116,70,3,178,104,156,44,41,152,190,138,39,108,50,143,130,51,146,18,201,130,13,161,110,137,54,240,154,84,131,103,191,164,243,107,222,219,106,194,252,48,134,157,0,135,192,197,60,75,132,0,0,159,46,255,0,87,65,128,242,0,167,172,250,14,0,41,124,255,0,110,86,0,103,101,0,0,255,251,168,76,255
165,18,138,110,205,30,128,113,184,204,115,44,161,136,129,73,142,120,144,180,38,255,204,125,82,128,220,222,45,146,128,102,92,116,134,127,64,46,159,120,151,232,121,213,44,215,137,122,0,96,69,165,79,0,229,155,98,44,27,9,153,47,121,180,55,178,83,51,119,133,84,172,255,112,143,191,47,171,171,224,133,227,255,145,158,235,135,94,64,0,91,197,193,107,71,158,6,0,183,94,255,0,109,0,206,141,0,195,122,202,56,0,0,83,220,0,0,106,0,70,104,21,0,255,255,141,145,255
160,26,143,102,223,36,136,128,172,217,140,32,173,175,146,61,170,136,159,181,10,255,225,124,91,124,254,199,2,164,148,113,79,121,139,104,112,50,123,155,97,204,135,158,0,158,132,110,0,146,171,127,67,0,148,174,143,79,45,17,133,67,89,234,23,241,151,84,126,58,89,121,255,84,142,145,118,226,169,255,109,255,236,125,163,250,100,69,72,0,51,223,255,57,96,114,0,0,199,133,255,0,192,18,94,172,0,187,103,255,84,61,32,62,245,0,10,75,11,82,129,2,0,255,255,185,144,255
160,22,132,95,215,24,115,125,168,210,158,28,161,185,163,59,145,132,142,162,35,255,230,98,83,122,255,205,10,209,148,72,59,122,141,59,129,44,95,187,79,197,139,136,27,138,118,122,25,171,165,134,46,0,148,137,124,0,46,43,77,51,13,232,0,217,136,73,190,53,125,44,255,21,187,168,153,207,132,255,103,255,255,134,91,200,104,50,54,35,11,164,230,142,69,137,0,0,221,188,251,0,247,81,111,241,78,143,71,244,146,0,7,68,204,0,124,112,74,102,148,44,0,255,255,226,103,255
163,18,141,115,188,23,116,120,185,233,99,1,141,186,144,97,148,163,129,183,32,255,204,83,111,155,213,249,11,176,128,126,69,110,176,130,148,42,114,174,125,206,136,241,17,177,203,63,0,112,56,187,118,0,203,158,113,29,118,0,90,100,63,157,0,226,176,16,167,174,65,85,255,154,105,145,92,255,155,255,27,235,225,197,146,255,107,125,80,0,69,179,225,0,94,133,0,0,216,87,212,10,166,0,119,13,0,134,233,238,119,0,103,9,199,0,99,104,52,104,137,59,0,255,255,113,54,255
168,14,131,117,195,22,116,104,144,179,168,33,151,146,128,83,97,142,153,212,59,250,111,49,74,144,179,195,237,146,93,91,100,76,157,104,166,89,30,121,179,239,111,162,57,178,69,64,98,149,106,236,121,38,150,168,108,45,58,91,125,149,0,116,37,171,144,8,105,100,104,108,255,169,143,11,46,166,213,115,124,172,239,211,25,164,65,241,0,0,58,163,177,210,48,147,102,107,165,120,111,27,0,140,255,188,61,255,94,214,93,82,49,153,229,0,65,58,67,255,233,206,0,173,255,206,107,255
167,15,136,129,200,54,93,94,136,172,141,68,139,124,120,68,113,120,152,158,47,200,76,98,89,170,170,149,190,130,111,159,96,90,136,137,134,92,98,35,160,204,112,223,137,134,73,120,117,217,130,206,130,116,176,140,121,47,37,179,193,111,51,169,101,122,139,66,148,130,126,137,251,210,88,100,87,167,196,15,119,167,159,140,19,140,137,229,127,28,117,135,108,158,84,148,133,105,118,31,226,100,16,33,171,216,87,220,112,178,181,32,56,197,203,9,109,134,0,181,158,183,63,225,255,60,106,255
175,8,146,96,214,76,77,129,148,174,151,51,120,147,101,35,109,238,196,193,0,208,99,177,69,152,150,185,123,68,193,131,106,82,139,130,139,120,184,136,115,174,31,144,123,163,132,92,123,110,126,93,129,77,86,150,125,106,113,206,130,121,121,97,174,168,81,124,144,135,146,112,127,188,138,154,132,137,93,168,100,193,152,130,91,102,138,202,146,88,63,145,95,112,110,171,88,50,122,210,207,121,120,114,106,182,84,114,170,130,178,136,67,136,72,55,147,184,48,216,101,116,100,83,170,147,69,255
175,8,146,96,214,76,77,129,148,174,151,51,120,147,101,35,109,238,196,193,0,208,99,177,69,152,150,185,123,68,193,131,106,82,139,130,139,120,184,136,115,174,31,144,123,163,132,92,123,110,126,93,129,77,86,150,125,106,113,206,130,121,121,97,174,168,81,124,144,135,146,112,127,188,138,154,132,137,93,168,100,193,152,130,91,102,138,202,146,88,63,145,95,112,110,171,88,50,122,210,207,121,120,114,106,182,84,114,170,130,178,136,67,136,72,55,147,184,48,216,101,116,100,83,170,147,69,255
