169,10,153,106,187,81,96,87,157,195,150,81,80,162,80,52,123,119,133,128,52,183,126,101,91,125,182,140,142,117,77,122,143,82,126,176,98,96,97,48,157,95,93,126,140,180,76,160,99,191,134,100,141,126,131,125,228,93,82,208,197,70,15,178,126,163,163,71,103,168,117,143,201,198,55,125,75,160,180,39,118,181,190,77,44,213,42,138,168,144,148,196,92,107,129,255,135,89,96,171,188,145,109,109,80,255,118,200,255,201,202,131,56,141,206,130,138,181,0,157,69,141,27,190,131,27,24,255
168,10,159,93,170,52,111,88,166,199,131,89,51,156,58,63,136,89,136,144,28,202,165,98,81,98,165,173,111,70,53,103,152,41,140,167,87,70,124,14,151,94,112,123,222,247,80,151,86,255,109,29,122,100,127,133,209,94,29,174,156,64,44,185,164,142,162,9,131,154,147,113,216,186,48,92,40,111,171,11,133,222,196,101,3,219,71,163,160,138,119,212,72,54,202,255,37,6,111,174,210,103,177,138,101,252,71,204,241,255,255,0,157,6,255,11,109,229,0,182,0,51,25,167,168,68,209,255
167,11,156,100,173,61,105,87,152,206,128,90,52,149,58,59,118,79,127,130,51,187,152,86,82,97,169,147,129,86,69,114,143,60,95,194,61,85,121,39,153,86,72,66,200,216,61,153,97,211,115,35,146,137,148,120,219,62,18,212,161,54,3,184,154,131,175,46,150,193,135,97,212,185,86,71,61,130,175,13,109,252,203,94,41,203,13,146,179,166,132,255,57,56,172,234,137,88,149,183,224,107,153,188,30,255,99,215,255,222,246,34,133,62,255,53,209,165,0,127,0,47,27,255,204,65,48,255
169,11,151,108,169,53,86,74,170,205,120,85,50,165,40,46,105,85,121,129,40,183,168,74,88,96,186,143,113,102,35,96,157,37,111,190,103,74,144,35,127,70,110,101,231,211,86,177,89,255,102,80,119,143,160,166,196,98,63,215,167,60,0,162,119,122,196,38,149,191,132,91,241,213,32,74,55,119,171,0,106,255,219,84,54,250,50,101,121,99,83,255,117,6,157,255,79,84,142,111,180,90,52,191,52,255,79,255,255,209,230,0,104,18,240,72,144,202,0,215,60,57,115,229,118,79,132,255
166,11,153,113,159,41,100,85,156,203,122,82,70,150,44,46,106,53,142,136,44,179,173,65,48,93,152,149,126,79,49,127,169,64,117,171,63,81,182,25,166,106,93,117,203,221,43,145,92,200,133,62,122,106,185,142,200,46,7,218,151,43,0,174,120,128,178,24,166,188,144,80,233,202,59,36,29,155,130,11,131,255,230,117,77,196,55,157,92,102,132,226,90,50,176,255,131,50,122,99,183,54,77,172,51,255,85,212,255,229,249,0,146,0,239,37,207,255,0,156,0,13,16,219,178,40,240,255
172,3,169,82,156,88,101,129,129,228,84,153,56,107,47,27,0,73,136,107,84,255,114,89,118,143,158,147,141,129,124,66,126,106,40,164,85,101,143,0,254,145,74,170,197,255,86,109,85,75,192,40,103,102,90,9,173,90,1,255,255,44,9,255,215,199,219,73,134,247,72,193,174,148,190,98,59,255,183,26,99,199,232,114,143,211,108,125,254,255,255,255,141,136,93,136,115,212,214,255,184,143,65,140,0,191,218,210,217,221,176,154,67,86,99,40,110,177,0,84,0,153,175,220,255,133,150,255
176,2,161,82,164,81,116,158,138,187,142,66,105,80,78,54,61,110,155,141,75,245,109,89,164,106,189,237,205,129,102,87,108,62,62,143,98,87,79,66,211,227,75,142,100,215,42,130,30,146,135,90,107,139,130,48,178,0,138,226,184,102,52,239,232,142,144,96,136,160,56,225,194,159,153,175,39,149,208,47,155,165,181,55,57,239,70,205,255,254,191,197,169,76,58,106,73,106,227,187,166,215,147,108,0,206,192,160,255,255,236,74,60,224,120,142,105,183,0,153,69,189,41,183,255,40,28,255
177,0,162,77,161,73,128,166,139,160,155,57,120,81,90,48,48,109,153,162,66,255,103,102,137,100,187,254,235,128,93,91,123,79,32,151,119,86,61,55,218,211,60,137,84,204,78,134,55,112,134,73,76,129,125,54,182,8,145,239,132,46,47,255,237,175,154,128,156,138,37,242,238,137,155,180,59,175,201,77,185,165,177,35,35,219,52,183,251,255,154,194,162,17,38,93,83,74,208,178,166,164,136,136,0,149,242,191,255,255,255,85,2,225,102,171,79,182,0,157,113,177,72,162,255,22,177,255
179,0,165,73,160,76,129,173,121,170,140,62,120,83,91,37,38,109,156,148,89,255,86,95,141,94,178,255,231,116,79,90,99,54,51,141,93,90,87,60,219,228,40,121,86,198,76,135,54,101,149,71,69,161,131,53,194,0,137,226,169,42,47,255,223,180,148,131,156,117,65,237,219,141,156,179,32,133,201,59,186,168,174,8,61,218,61,167,255,255,135,189,160,35,34,61,82,89,218,163,168,163,142,150,0,152,255,208,234,255,255,105,31,172,77,134,92,161,0,128,125,236,73,172,255,0,181,255
186,5,184,60,155,92,127,179,94,255,89,134,79,93,76,37,3,128,164,82,113,255,40,91,174,123,192,250,138,122,103,72,18,53,63,133,8,68,169,63,246,197,0,161,178,255,101,155,77,98,255,0,113,195,68,28,232,12,60,255,255,112,59,255,231,143,117,86,147,146,97,155,156,203,205,206,0,211,195,0,103,218,193,136,188,191,226,94,255,241,255,75,227,164,32,60,0,188,255,252,152,255,135,147,0,165,252,232,218,255,241,150,23,15,48,84,66,193,0,160,140,196,127,122,255,0,186,255
185,0,178,66,142,75,115,175,105,194,98,92,95,81,60,28,0,120,108,116,109,255,44,122,167,64,169,255,131,121,136,124,108,0,50,158,48,99,118,90,204,252,71,89,243,206,86,110,88,111,175,20,0,194,88,2,211,0,73,228,215,0,144,255,240,200,148,180,128,105,147,170,182,178,255,172,0,100,223,61,117,169,151,44,205,227,172,169,255,253,213,219,178,35,74,73,84,111,192,255,155,255,133,174,0,108,255,195,255,239,255,178,0,64,81,110,75,147,0,88,218,255,164,87,255,16,208,255
179,0,171,68,157,78,115,177,126,176,129,64,105,90,74,16,31,134,158,130,88,240,79,104,164,85,202,255,192,128,92,104,94,20,56,147,103,94,89,66,225,207,34,89,120,207,38,134,23,142,179,35,43,184,129,31,210,0,149,236,142,25,68,246,255,127,152,155,151,101,27,255,199,132,202,163,34,67,174,64,191,172,106,0,59,254,71,124,255,255,174,173,161,52,36,71,90,66,255,196,148,228,171,128,0,246,251,168,253,255,255,109,77,193,55,163,66,203,0,151,110,254,84,167,255,62,175,255
180,5,168,80,168,86,134,163,115,181,122,97,112,112,83,57,41,109,139,127,72,244,80,96,116,101,175,229,185,96,99,109,112,61,88,125,61,96,123,61,185,221,60,152,121,215,95,143,56,113,160,67,74,170,132,64,206,0,103,223,255,51,46,255,181,199,148,96,144,132,110,203,177,202,154,137,40,158,176,61,135,180,198,70,74,177,125,172,187,159,175,113,107,95,65,78,39,74,155,150,174,200,107,108,0,115,255,219,247,255,220,138,63,48,111,103,47,137,0,64,166,255,63,181,255,0,106,255
178,2,170,70,158,97,126,158,133,181,107,129,90,101,75,55,23,103,136,125,36,255,62,121,132,151,176,239,163,85,132,73,132,61,83,122,41,70,83,0,188,210,109,194,162,255,181,134,89,129,176,27,37,122,85,11,200,43,67,236,255,67,46,255,216,226,158,92,185,178,155,139,171,159,209,133,52,255,211,75,80,146,197,102,116,155,150,169,219,198,188,67,149,16,94,60,0,99,161,255,156,235,34,56,0,52,255,241,255,170,160,116,0,137,58,190,21,132,0,56,173,255,202,214,255,0,189,255
180,3,164,77,160,77,115,174,116,186,115,72,136,57,70,38,29,103,115,154,75,255,66,87,147,123,154,253,193,121,111,98,139,25,85,116,88,112,87,42,230,253,86,151,89,186,149,152,68,80,91,150,85,131,130,40,168,0,66,164,229,96,47,255,141,202,158,116,109,127,54,219,180,208,186,180,14,237,198,95,79,126,197,30,83,204,39,196,210,213,141,212,154,52,60,72,87,145,146,222,171,145,4,109,0,131,255,237,243,211,255,92,0,75,25,133,53,134,0,61,184,142,115,56,255,38,81,255
179,5,171,78,172,90,134,157,133,149,134,100,85,125,87,88,67,143,96,142,23,255,72,142,98,111,164,255,163,135,135,125,167,111,72,150,95,71,77,42,178,181,129,167,126,224,77,127,111,170,142,47,44,187,90,39,209,82,108,212,167,49,118,255,221,186,141,161,163,143,117,182,197,187,205,157,75,193,148,104,117,105,146,111,77,179,125,217,206,188,192,133,153,49,92,181,47,35,215,196,169,202,105,140,0,159,204,254,226,210,203,217,4,127,152,150,1,172,0,71,197,192,76,49,255,0,90,255
178,0,170,72,149,80,108,155,111,208,112,98,83,83,67,16,11,104,150,124,104,255,89,93,186,103,183,254,162,110,119,84,104,2,91,160,66,61,106,27,195,232,65,126,190,236,81,115,72,142,186,20,19,161,107,27,207,0,23,221,234,64,27,255,230,169,177,138,145,152,64,178,167,118,196,137,4,142,242,34,126,184,167,44,138,232,140,150,255,255,183,153,131,81,84,74,93,154,182,237,191,250,145,123,0,185,255,153,255,255,243,131,0,116,140,138,127,129,0,132,93,255,106,233,255,20,178,255
180,0,173,67,158,91,117,165,102,195,118,105,103,100,77,17,19,128,171,110,109,232,69,122,147,81,205,245,153,107,79,99,83,6,104,124,28,100,124,67,170,230,40,107,166,231,88,147,43,110,204,16,48,206,120,43,237,0,114,227,236,34,53,255,255,152,175,105,181,116,110,188,172,144,197,139,0,66,195,15,152,193,195,2,158,197,140,155,255,255,153,110,130,115,53,67,54,102,232,207,200,195,163,117,0,199,255,217,255,255,190,119,50,35,121,100,80,167,0,113,148,255,106,219,255,0,255,255
176,3,167,82,162,85,117,147,133,181,119,96,82,115,66,49,39,107,127,126,91,255,100,108,133,93,194,244,130,132,98,111,117,50,78,153,77,87,122,63,175,200,82,153,169,226,66,110,68,150,153,37,55,172,103,62,210,14,89,203,195,38,49,255,250,171,186,93,151,149,123,174,161,163,163,151,28,105,185,45,126,175,167,65,98,229,130,175,242,213,213,214,123,61,68,120,62,98,177,214,155,207,149,110,0,202,238,199,255,229,194,107,35,88,187,57,82,130,0,67,128,255,155,176,255,0,97,255
175,2,168,73,175,98,125,171,110,223,98,118,104,102,79,28,14,115,158,96,117,226,98,105,140,109,188,242,169,112,128,90,70,77,40,163,34,102,125,49,209,195,33,172,177,219,72,118,110,132,191,9,67,177,84,2,174,6,60,255,253,94,113,255,255,175,137,125,131,171,97,190,151,121,229,149,35,133,170,64,124,206,200,91,106,178,171,193,240,255,223,181,145,127,60,50,78,175,211,253,176,225,216,130,0,215,255,131,255,226,250,192,44,156,132,98,104,125,0,24,109,252,182,213,255,0,109,255
178,7,169,84,173,84,120,164,110,207,129,73,114,84,76,38,46,103,158,127,102,212,98,71,158,97,207,231,185,142,69,96,60,54,67,143,79,102,102,80,207,202,40,170,101,178,63,113,71,130,153,95,119,179,136,70,213,0,123,210,245,93,24,251,238,137,144,92,143,140,27,226,191,174,151,172,19,157,176,76,157,176,174,45,70,227,86,152,211,255,192,234,131,76,10,99,79,129,186,139,163,168,147,132,0,194,216,177,222,255,255,85,61,150,109,88,59,150,0,82,102,187,97,179,255,0,0,255
179,8,166,88,175,81,121,173,99,208,114,82,136,83,75,24,31,99,154,113,118,253,85,67,165,83,185,244,173,117,108,91,31,16,62,120,72,98,125,92,188,248,29,158,120,191,98,98,94,102,136,87,96,172,112,45,177,0,66,192,255,101,40,255,189,164,125,70,71,125,43,224,137,195,151,186,47,174,181,97,103,194,212,50,62,168,138,179,161,185,181,198,104,128,50,100,100,157,172,180,204,175,145,117,11,143,255,178,204,255,255,142,46,40,140,70,88,141,0,61,137,189,122,139,255,0,40,255
180,0,173,70,152,88,116,174,108,209,102,113,101,82,54,14,0,99,155,97,117,255,81,90,167,109,183,252,151,116,143,84,57,9,65,149,37,65,126,51,184,238,57,133,195,255,107,109,53,93,187,3,13,165,105,0,181,0,20,232,255,43,10,255,247,163,150,125,143,170,92,191,123,141,247,166,19,169,218,58,148,212,193,20,148,193,148,119,255,252,217,129,98,107,81,0,49,148,198,232,170,255,110,129,0,113,255,188,255,240,237,171,12,22,92,125,98,81,0,59,125,255,156,217,255,0,181,255
176,3,161,87,157,70,100,162,116,240,100,67,96,72,55,0,4,103,147,109,118,246,108,53,189,93,176,239,128,148,129,104,72,13,69,187,114,82,116,80,206,223,39,149,158,198,52,73,50,86,158,83,58,172,114,22,202,0,16,209,237,91,21,230,161,164,181,120,98,188,19,193,115,156,181,162,0,186,216,47,111,216,192,43,114,232,120,136,240,255,219,208,138,172,57,115,149,143,170,177,204,205,154,141,0,216,255,171,211,255,255,155,113,42,105,75,162,110,0,145,11,183,96,122,255,41,79,255
180,0,165,75,154,67,88,173,84,255,107,98,93,62,80,0,9,100,130,105,141,255,77,68,211,94,170,255,144,114,92,95,47,0,110,157,60,89,129,82,236,255,2,128,180,205,60,77,81,118,156,20,31,190,109,39,186,0,23,220,255,93,57,243,255,175,203,124,90,150,49,173,77,142,179,140,0,101,227,40,95,212,173,0,203,251,198,144,229,255,243,231,143,204,96,122,167,207,204,255,237,184,232,117,0,255,255,92,160,255,255,202,68,77,81,77,213,119,0,174,94,222,119,123,255,42,114,255
177,1,169,80,159,76,113,173,109,224,89,108,96,86,29,17,0,79,148,95,110,255,119,74,144,138,152,205,147,111,183,105,100,22,63,187,28,88,122,36,148,190,51,149,205,217,102,88,69,79,128,17,41,131,75,0,177,0,0,232,254,69,5,255,197,171,154,132,151,182,97,169,157,148,255,134,54,212,192,74,117,231,175,62,99,152,132,173,207,231,230,109,114,104,76,0,93,187,139,242,199,248,104,91,0,110,255,188,255,242,255,219,64,41,131,114,173,59,0,71,79,255,171,200,255,0,113,255
177,0,170,84,161,81,84,166,87,255,75,96,130,70,63,0,2,108,178,69,149,255,107,76,183,171,202,168,167,102,113,97,41,26,101,146,0,138,119,0,237,157,0,204,135,207,61,161,68,112,97,110,180,106,88,65,135,35,0,255,255,163,23,255,241,181,225,142,120,155,51,199,116,85,193,166,12,255,193,28,85,169,208,5,147,203,74,47,217,255,201,225,137,235,97,34,153,244,184,243,228,207,180,72,0,250,255,218,150,237,255,193,57,154,111,116,158,125,0,134,29,209,110,175,255,44,102,255
182,4,180,79,160,91,100,181,97,240,102,109,118,81,55,5,0,112,155,109,101,255,37,93,141,161,189,248,140,87,100,139,108,49,97,152,11,125,117,3,234,198,40,186,189,185,122,112,105,63,117,56,72,164,98,16,202,61,10,255,255,64,40,255,228,180,203,179,127,135,101,193,169,135,255,177,58,245,198,73,95,191,190,38,210,218,68,99,192,255,214,211,156,166,87,17,94,148,88,217,233,237,85,144,0,166,255,255,162,241,255,168,0,84,69,198,67,55,0,49,149,151,161,138,255,25,153,255
180,0,178,75,150,77,109,183,99,202,101,73,116,80,40,17,0,134,127,109,110,255,56,101,163,89,189,255,127,126,120,122,101,0,56,170,58,121,85,52,199,202,56,130,187,206,104,119,99,75,152,58,27,213,106,26,214,0,34,199,230,28,74,255,205,170,149,208,115,95,66,179,166,133,255,171,0,174,198,100,96,151,151,27,165,248,90,128,240,255,160,207,144,70,80,34,118,141,144,208,157,253,92,179,0,145,255,217,255,209,255,163,0,31,100,142,100,96,0,34,160,236,210,85,255,38,166,255
183,4,179,63,173,114,150,167,105,205,111,125,107,107,57,105,3,133,117,127,34,255,81,122,97,125,171,247,175,108,134,81,154,98,77,150,56,57,91,19,179,177,99,192,146,250,75,157,116,109,197,48,27,211,100,53,198,54,94,250,255,33,44,255,157,208,86,206,141,174,120,184,208,188,255,174,109,211,190,112,163,209,184,129,120,201,117,166,236,187,255,170,131,113,78,38,0,75,187,178,99,237,64,155,0,0,255,214,255,200,191,207,0,64,19,153,0,99,0,0,198,224,126,113,255,0,101,255
180,4,178,76,152,65,75,172,58,255,20,128,103,62,75,0,0,102,152,35,202,255,71,51,255,137,196,159,116,116,182,81,0,0,100,177,0,147,126,4,255,205,0,227,252,201,98,157,103,99,153,84,157,121,64,69,178,41,0,255,255,229,150,170,255,152,215,74,154,122,41,208,116,27,132,83,0,255,225,0,0,255,213,50,255,251,215,6,218,255,217,255,255,255,63,112,104,255,255,255,255,160,244,69,0,255,255,240,87,255,255,255,63,62,179,100,125,226,0,255,122,124,14,21,255,0,246,255
177,1,171,83,148,71,90,174,89,255,98,87,109,65,47,0,0,93,133,89,136,255,61,64,201,109,170,240,132,129,139,116,58,0,84,195,101,84,100,40,230,227,35,174,180,235,72,73,67,31,174,47,36,196,124,34,190,0,0,224,255,93,3,220,162,176,172,172,131,164,15,214,126,118,233,155,0,242,241,64,102,169,202,41,217,245,149,104,224,255,205,213,134,194,84,91,126,190,134,201,217,207,138,146,0,161,255,149,171,255,255,166,33,24,111,115,160,110,0,118,51,135,107,65,255,22,104,255
177,2,170,79,162,81,109,176,107,218,112,80,111,71,60,19,12,109,151,130,103,255,68,94,149,104,183,255,147,120,92,118,110,31,90,167,73,82,101,57,207,203,59,151,151,206,79,110,66,88,174,72,69,179,122,36,204,3,56,203,217,83,22,228,212,166,164,146,133,131,62,209,180,150,216,159,2,168,167,90,113,150,178,40,163,250,87,146,255,255,175,197,156,138,88,85,82,108,154,183,191,160,97,116,0,235,255,219,222,230,243,138,22,39,138,98,124,149,0,77,73,151,86,79,255,0,136,255
177,5,166,74,171,97,129,153,130,191,103,126,75,120,57,70,49,117,110,105,58,255,100,122,135,110,189,220,127,139,145,75,104,65,45,147,89,50,122,38,173,184,73,151,170,255,63,124,84,170,170,18,47,207,92,40,187,13,98,254,230,48,99,255,237,176,111,122,103,156,117,163,148,157,203,178,40,156,158,72,114,219,182,148,70,179,183,195,255,203,255,174,144,94,56,134,3,138,255,255,100,225,135,102,0,132,212,168,255,189,171,193,35,69,129,86,29,178,0,42,161,255,211,139,255,22,91,255
176,4,162,74,178,92,119,156,119,183,149,110,113,97,86,60,61,94,138,154,53,255,83,138,111,100,189,250,157,112,90,111,152,93,96,129,68,84,68,27,164,200,123,140,148,203,119,136,67,126,159,64,68,142,103,31,230,37,87,240,212,35,70,255,249,195,135,83,157,136,119,168,204,177,175,176,46,177,146,110,151,119,219,109,90,158,140,234,235,158,232,129,111,105,61,155,91,87,131,196,196,121,91,34,0,181,228,236,255,243,145,98,56,147,172,101,106,171,0,33,114,198,124,112,255,0,156,255
179,0,168,74,159,75,118,178,91,231,109,91,116,72,66,0,16,92,153,97,138,235,84,81,202,81,188,242,170,123,101,92,26,0,78,145,70,75,114,98,189,232,0,121,166,197,69,111,70,102,191,13,57,222,139,1,212,0,49,207,236,94,40,243,255,121,158,121,140,130,46,193,152,166,186,147,0,112,164,70,141,248,170,0,134,200,143,135,255,255,174,146,139,126,25,27,110,139,228,179,222,161,193,164,0,222,255,193,255,255,255,156,93,42,100,141,140,157,0,99,109,227,106,163,255,0,181,255
178,4,173,69,152,85,115,150,113,191,140,101,99,98,73,60,23,129,124,132,55,255,80,142,127,106,206,255,149,143,89,101,139,51,58,152,100,60,68,61,187,198,75,130,175,232,89,137,101,109,198,18,22,178,122,60,234,30,96,255,212,0,36,255,255,163,151,155,157,120,104,156,212,162,243,138,42,131,196,89,181,183,202,89,125,189,196,172,255,250,255,175,124,107,78,97,5,91,207,221,140,213,141,111,0,109,255,219,255,255,255,112,0,99,62,109,79,179,0,77,196,236,112,177,255,24,175,255
182,6,165,77,163,69,113,147,122,175,151,80,109,91,86,67,76,122,75,154,25,255,75,143,106,105,164,255,148,156,107,131,178,82,98,166,114,41,40,78,177,176,122,137,133,186,100,140,63,130,147,101,7,167,113,68,236,109,74,230,144,21,81,234,211,213,169,149,173,114,83,135,213,201,201,137,30,222,170,137,155,142,164,105,108,172,172,218,158,163,242,172,121,69,123,174,75,46,168,152,186,126,69,40,0,165,195,255,247,253,198,176,55,126,119,166,77,213,13,183,190,160,74,17,220,0,126,255
177,5,164,81,160,81,125,147,156,132,129,84,123,83,54,59,52,101,142,168,14,255,95,122,119,125,188,220,201,118,128,99,164,108,44,114,121,62,45,31,208,203,113,172,145,206,119,158,64,98,116,97,64,111,65,32,193,65,111,241,136,48,19,247,192,138,168,126,236,157,48,223,255,157,165,179,87,255,147,88,165,156,192,137,26,160,70,255,234,168,188,153,165,0,82,75,33,58,209,221,181,122,3,54,0,133,242,255,255,190,176,105,0,129,96,218,0,178,23,107,195,214,54,114,51,0,140,255
177,4,167,78,161,91,119,133,140,150,114,111,82,103,66,85,57,111,113,151,0,255,94,127,113,139,164,203,162,128,146,98,176,89,71,125,82,89,74,0,186,179,123,178,151,219,119,124,94,141,117,91,54,106,86,58,185,90,73,199,175,29,56,255,202,220,182,137,163,193,110,162,207,178,173,127,78,255,185,74,97,92,188,97,72,191,77,178,193,227,170,185,114,0,94,145,65,77,177,255,151,167,28,77,0,74,231,255,208,166,183,147,0,164,141,138,0,171,0,142,135,248,121,149,187,2,49,255
174,4,169,81,154,80,120,152,139,231,92,113,64,105,6,35,0,82,117,96,112,255,146,54,120,124,153,170,139,127,189,81,150,35,26,243,54,111,136,48,134,156,40,116,169,255,35,78,113,91,91,0,68,129,63,0,176,0,0,255,246,57,49,255,211,176,179,112,92,178,104,174,188,140,255,110,32,154,218,30,112,255,210,74,57,175,104,233,208,255,255,200,163,157,73,39,72,199,240,255,184,255,138,156,0,157,255,229,255,255,255,255,88,18,79,151,144,111,0,97,61,255,199,194,255,93,54,255
177,1,161,76,186,119,127,152,119,209,146,137,107,102,102,61,47,114,163,144,83,243,80,135,112,123,187,240,172,93,104,94,101,112,92,114,14,114,106,41,160,238,69,164,134,194,90,116,106,93,155,71,105,186,111,25,199,54,133,255,255,78,114,255,255,227,156,60,163,178,174,183,153,144,123,201,11,127,173,61,126,142,252,84,106,181,129,252,255,190,218,205,116,177,23,137,53,149,151,243,215,176,186,81,0,200,214,223,255,255,120,118,63,165,219,124,76,104,0,51,117,255,143,202,255,0,133,255
179,0,174,66,155,89,115,175,104,188,111,109,107,96,63,18,0,122,147,106,128,255,51,119,175,88,206,255,143,110,110,99,93,0,86,124,44,98,103,62,177,250,50,115,210,224,117,135,61,100,191,8,15,220,110,8,218,0,86,208,215,41,76,255,255,140,179,123,169,107,116,199,145,139,240,155,0,98,199,49,104,172,155,0,140,203,148,155,255,255,158,123,140,70,26,30,55,126,188,255,186,218,159,125,0,195,255,232,255,255,216,112,0,23,144,140,58,168,0,51,212,255,193,186,255,0,255,255
176,4,164,84,167,88,122,152,126,212,87,116,85,105,63,58,26,98,144,98,92,244,130,90,131,121,163,194,153,118,142,74,83,65,34,153,47,106,130,56,164,185,52,162,159,230,67,113,82,150,132,54,102,142,81,40,166,0,50,242,255,86,49,255,217,183,155,73,134,182,112,155,134,210,169,134,40,162,194,30,88,239,208,87,56,185,136,200,217,220,201,197,96,103,61,42,75,195,208,219,162,226,134,112,0,145,255,183,255,210,218,182,67,48,152,14,133,129,0,41,66,255,225,223,255,0,49,255
181,0,173,73,167,98,116,172,102,246,82,123,99,86,58,20,4,104,165,102,125,255,85,105,158,127,177,233,157,95,116,90,50,59,66,128,0,98,154,14,238,177,23,159,180,203,82,124,90,65,170,66,82,178,73,24,181,31,4,253,255,95,90,251,238,177,148,131,114,185,98,192,133,134,215,185,12,192,226,17,107,214,190,86,173,209,105,120,255,255,217,234,131,142,78,40,100,205,176,255,217,238,142,139,0,166,255,177,223,239,230,167,50,141,131,105,122,117,0,87,57,231,147,215,255,0,127,255
178,1,166,77,167,87,102,172,102,236,106,104,104,81,51,5,28,114,137,117,120,255,82,100,160,85,188,255,130,106,109,102,78,12,90,151,44,89,133,75,200,230,44,138,162,217,64,102,72,66,174,57,69,203,110,41,209,0,42,228,244,94,59,255,220,179,174,136,123,184,81,175,103,139,232,153,0,162,164,74,91,201,191,66,174,213,144,176,255,255,216,209,137,147,111,108,108,182,192,255,228,167,139,92,0,230,255,124,225,255,225,166,21,11,125,67,169,115,0,81,65,251,143,113,255,0,145,255
178,2,176,76,146,69,102,174,101,239,90,97,95,60,16,6,0,89,115,107,100,255,73,60,185,148,147,240,117,124,175,125,110,6,79,207,67,73,101,8,195,198,84,149,213,216,115,69,61,37,138,43,22,172,95,0,192,0,0,205,247,67,10,234,195,149,149,179,142,167,77,167,149,147,255,161,5,255,192,104,115,145,168,71,199,206,120,120,240,239,255,199,162,115,81,32,80,171,109,230,175,237,27,123,0,125,255,208,223,255,255,211,19,5,111,115,143,51,0,102,85,161,182,56,255,38,167,255
184,1,172,74,146,54,99,186,75,255,69,88,107,53,60,0,0,97,133,91,176,255,68,40,248,81,158,255,132,125,130,96,11,0,80,169,77,75,144,86,219,255,0,134,217,187,78,91,85,109,154,44,22,177,101,20,186,0,0,174,255,122,31,218,178,154,169,148,80,110,0,234,126,157,167,155,0,178,230,22,64,243,160,0,180,249,189,96,243,255,209,211,190,165,46,56,158,207,201,228,240,233,209,150,0,198,255,161,209,255,255,206,81,0,82,55,156,152,0,180,142,178,52,27,255,17,154,255
178,0,162,72,146,59,89,172,85,252,79,88,100,47,30,0,0,81,117,93,160,255,71,62,245,88,174,255,118,123,139,100,71,0,75,194,91,65,97,61,223,250,0,116,209,202,94,93,50,97,151,15,13,188,115,0,183,0,0,201,210,130,64,214,231,141,186,163,79,140,43,161,111,77,217,136,0,178,236,22,71,255,175,22,226,231,201,144,255,255,201,237,200,158,73,23,147,205,219,255,255,192,199,152,0,224,255,134,252,255,255,254,34,57,116,128,210,118,0,156,121,146,113,40,255,52,128,255
180,0,169,71,143,61,92,172,84,255,73,100,86,53,14,0,0,83,109,67,147,255,59,48,255,81,160,255,83,127,167,101,49,0,91,187,84,18,117,49,206,243,50,122,255,221,108,77,0,70,219,15,0,226,126,0,202,0,0,219,241,94,75,169,178,155,126,166,113,194,67,154,86,80,213,146,0,249,242,34,72,213,169,102,255,221,255,117,255,203,255,191,203,132,81,23,59,199,163,236,172,250,133,132,0,96,255,73,255,255,255,208,31,22,117,113,185,105,0,130,107,177,127,0,255,0,177,255
180,0,173,65,146,72,107,171,92,191,117,91,99,82,71,19,2,120,114,123,108,255,48,131,158,71,176,255,126,121,99,126,135,0,74,158,73,103,70,61,198,240,76,96,214,201,135,130,97,107,180,5,0,206,134,18,234,0,54,206,192,0,120,255,255,171,169,162,129,70,141,137,197,137,251,142,0,114,194,89,110,174,166,25,206,213,165,180,255,255,165,193,170,68,69,82,106,120,184,227,192,193,119,169,0,171,255,255,255,255,255,180,0,47,126,113,152,171,0,77,184,250,201,95,255,28,255,255
177,1,164,73,146,60,112,162,130,168,137,57,80,80,65,13,21,108,121,134,87,255,74,93,165,45,181,255,137,156,124,111,139,11,49,215,147,58,69,111,163,225,108,101,159,217,98,77,60,144,169,0,14,146,147,0,246,0,54,203,153,23,90,254,231,164,150,121,124,106,92,183,220,125,207,142,0,99,197,91,160,220,171,50,121,200,137,186,255,255,146,152,186,55,49,103,99,72,221,187,175,192,98,172,0,186,255,240,255,250,255,211,0,71,122,126,121,146,0,147,65,134,134,61,255,78,226,255
178,0,170,71,154,81,99,164,98,248,86,130,78,73,42,1,0,108,116,114,131,255,76,75,187,125,172,255,126,124,153,91,108,15,67,194,55,88,115,20,196,232,38,168,229,241,82,97,104,76,164,45,6,171,96,0,194,0,0,255,236,100,62,255,255,181,177,184,95,172,100,185,102,98,242,148,8,218,224,54,107,219,193,97,199,191,197,161,255,255,255,203,190,154,87,79,88,235,166,255,187,227,125,86,0,192,255,156,196,229,255,226,0,60,117,118,178,77,0,112,129,255,222,74,255,69,248,255
180,4,177,75,152,83,89,167,70,249,95,116,118,64,50,0,0,99,143,102,121,255,32,92,183,121,174,241,136,99,121,104,66,0,123,174,56,74,98,17,199,227,50,151,202,208,128,102,88,71,162,26,44,197,116,45,212,0,0,250,255,114,34,252,213,180,166,160,163,86,73,155,162,87,193,171,0,248,237,57,85,180,226,58,239,192,185,143,230,255,182,207,128,174,88,55,84,229,133,194,216,184,103,103,0,145,255,203,218,255,255,206,0,31,122,158,109,105,0,114,121,132,129,78,255,0,152,255
174,9,167,76,147,49,104,151,119,211,162,58,106,62,67,19,68,127,128,157,94,255,136,54,204,80,193,239,146,169,88,42,102,37,57,154,153,90,60,153,212,239,82,135,122,213,78,169,42,194,110,19,131,97,125,23,199,0,51,176,208,115,33,224,255,3,151,69,113,93,0,138,190,233,184,183,0,148,201,136,173,255,184,0,20,214,140,186,202,255,243,183,156,167,14,116,86,157,255,129,186,141,138,199,9,210,148,229,214,255,255,102,28,36,71,64,192,242,0,130,42,73,151,11,233,180,218,255
176,2,166,82,161,85,100,160,94,245,107,115,92,75,65,15,6,88,139,122,121,255,91,75,175,125,161,227,148,122,126,87,79,37,98,150,82,72,127,24,220,255,66,171,195,213,85,102,62,95,175,64,42,176,132,17,175,1,0,237,255,94,10,255,186,175,179,117,137,196,50,186,100,166,185,168,22,207,209,69,119,157,191,59,142,203,147,148,255,253,245,207,96,166,64,98,97,209,136,204,193,202,131,102,0,180,255,144,205,255,215,122,86,58,127,75,159,89,0,68,42,220,133,169,255,11,122,255
184,2,185,71,121,41,82,184,81,255,89,68,115,30,54,0,0,108,100,98,132,255,0,57,234,139,143,255,120,112,135,156,88,0,67,211,90,118,75,38,231,225,1,175,198,203,148,52,100,39,107,27,0,150,138,0,217,0,0,148,247,83,0,218,191,140,217,224,149,52,48,190,217,156,255,122,0,241,196,120,145,97,154,0,255,241,124,49,209,255,150,221,220,126,81,5,167,149,123,248,219,212,40,204,0,161,255,246,149,255,255,255,0,0,30,155,152,88,0,234,132,0,71,0,255,89,255,255
180,0,173,73,152,77,110,179,100,202,88,87,99,80,46,6,2,116,151,100,132,255,69,83,187,78,182,255,133,121,135,99,53,0,59,158,46,86,130,69,192,241,35,94,205,213,98,104,67,114,176,35,21,205,113,0,203,0,51,184,222,60,74,243,242,148,136,140,123,116,69,191,136,122,215,152,0,137,192,46,97,168,156,18,160,215,147,143,255,255,149,177,143,75,49,41,119,158,212,237,173,231,152,154,0,184,255,160,246,255,255,154,10,47,126,81,121,146,0,103,134,255,136,140,255,0,137,255
182,1,178,70,138,68,82,172,88,255,66,128,91,54,48,0,0,105,127,92,116,255,20,92,221,157,158,255,97,104,149,117,70,12,78,182,41,93,98,0,250,234,39,187,255,210,141,108,40,76,150,34,24,135,91,0,174,3,0,255,255,93,52,255,255,142,218,198,192,136,88,112,113,81,216,148,0,255,196,51,84,151,209,78,255,192,202,67,255,255,211,181,223,119,95,34,123,210,184,255,247,255,79,104,0,205,255,252,174,221,255,223,0,94,71,193,122,86,0,214,132,99,134,35,255,62,255,255
181,1,165,78,155,55,91,180,117,204,119,54,114,37,50,0,0,83,105,141,123,255,83,73,173,97,143,255,174,127,120,97,108,18,52,133,106,113,82,31,255,227,80,117,137,167,89,115,54,64,95,117,50,140,81,1,144,0,9,185,223,42,56,255,162,160,180,138,67,138,0,255,158,178,219,223,21,149,183,100,142,155,130,0,81,255,52,149,224,248,221,255,139,102,55,113,153,206,168,255,158,167,45,160,0,222,255,154,202,253,255,207,57,113,57,70,150,160,0,113,62,145,183,3,255,118,134,255
182,0,166,79,161,76,93,187,75,218,97,101,138,57,48,3,0,109,139,112,116,255,54,129,180,93,190,249,124,106,122,120,92,0,94,125,59,85,85,16,170,255,40,121,242,178,138,118,122,79,143,76,2,222,96,21,206,0,0,233,246,60,89,240,254,198,132,185,67,96,75,189,151,140,237,165,28,189,203,70,45,219,176,0,169,214,177,165,201,246,144,168,141,153,87,51,144,141,101,218,238,144,115,117,0,168,255,243,216,251,255,214,0,17,169,170,125,143,0,68,255,215,176,79,255,0,214,255
188,0,183,62,143,59,103,195,46,255,47,125,101,50,57,0,0,94,151,66,214,255,48,43,248,93,169,255,117,117,119,92,0,0,75,169,0,82,161,68,255,243,0,139,255,184,77,123,106,84,184,17,29,176,87,17,201,0,0,187,255,127,45,197,234,121,153,170,122,101,12,219,127,117,189,157,0,242,214,0,81,236,190,0,255,221,213,42,255,255,250,213,192,176,17,1,170,243,241,255,255,232,255,164,0,198,255,220,116,255,255,250,60,0,111,41,149,201,0,248,175,209,0,0,255,0,238,255
178,4,168,85,155,88,89,151,105,255,73,113,94,74,31,2,0,104,143,84,159,255,99,77,178,110,197,186,108,144,142,85,69,16,47,194,47,121,131,38,209,181,18,120,183,206,36,135,104,70,134,98,136,159,66,43,194,5,0,255,255,87,49,255,231,153,190,106,88,160,51,172,115,140,201,175,0,216,255,0,37,255,241,34,155,244,116,127,255,255,255,255,158,229,53,71,142,255,236,255,224,219,150,144,0,229,255,229,255,255,255,238,34,0,131,84,154,160,0,109,80,221,172,125,255,49,42,255
181,0,177,70,154,87,74,175,68,255,77,128,128,59,85,0,0,139,161,75,178,255,42,137,225,127,207,216,140,115,97,108,35,14,120,161,0,173,63,37,255,217,0,199,184,209,119,131,141,79,130,58,142,208,76,53,255,138,0,255,255,180,201,248,255,184,235,65,194,101,70,155,139,64,244,138,0,240,211,0,8,206,237,0,255,255,209,146,255,255,141,255,235,252,99,81,183,255,184,255,255,183,204,126,0,255,255,224,255,255,255,210,0,24,134,141,86,222,0,63,103,63,225,173,255,24,184,255
175,0,163,77,162,85,105,153,124,197,128,99,91,101,67,22,29,111,119,124,96,255,80,135,154,68,193,255,113,130,122,102,125,14,76,160,100,87,87,78,157,209,83,129,190,221,78,95,66,106,182,32,17,198,121,23,220,0,80,215,188,16,65,255,255,188,193,136,115,145,108,178,139,159,212,157,11,94,164,112,131,185,186,51,153,217,137,175,255,244,208,201,104,120,60,149,110,82,168,249,181,157,141,97,0,222,255,186,255,201,170,189,21,60,181,83,130,154,0,88,99,255,205,96,255,0,199,255
182,1,167,74,149,64,88,173,70,239,77,97,115,84,61,0,0,119,141,65,154,255,67,89,216,40,195,255,101,134,119,94,50,0,84,155,63,90,101,107,182,255,2,117,247,202,107,116,93,111,166,40,34,186,96,68,211,0,1,189,251,67,59,236,226,156,181,118,102,87,79,189,110,147,217,137,0,184,255,14,56,255,218,0,247,210,243,98,201,255,174,187,168,188,77,87,182,165,255,239,255,133,227,140,0,134,255,255,170,252,255,237,19,0,95,86,158,195,0,148,204,197,8,4,255,0,164,255
178,4,166,78,163,82,92,164,73,253,85,105,112,75,55,0,19,110,144,108,122,255,99,83,192,114,186,218,136,133,121,98,100,0,128,151,54,92,111,52,206,239,15,153,195,183,102,133,69,117,154,91,88,190,129,67,193,31,40,240,253,138,70,221,242,181,195,118,123,137,84,156,111,144,204,129,6,207,200,70,76,203,186,44,196,202,169,156,232,255,205,224,160,195,91,76,83,169,189,198,225,95,160,70,0,219,255,219,175,255,255,200,66,22,146,93,162,133,0,93,112,212,96,99,255,0,89,255
183,0,175,67,151,76,79,174,77,255,70,119,94,56,76,0,0,117,141,79,164,255,25,90,238,116,176,251,122,108,121,106,50,0,86,150,4,128,88,31,255,243,31,140,228,184,129,99,102,83,151,60,73,152,76,0,206,38,0,255,255,98,137,255,255,172,211,88,100,123,105,160,110,96,203,144,0,210,236,0,48,177,200,0,255,231,197,86,255,255,224,255,224,213,79,116,191,243,207,255,255,208,136,131,0,255,255,242,164,255,255,244,0,133,73,103,146,133,0,176,92,123,146,101,255,40,191,255
181,3,174,70,159,80,108,177,78,238,89,107,108,81,52,0,0,86,156,97,137,255,71,70,187,81,174,250,146,114,146,95,37,0,93,164,41,63,160,70,186,225,4,108,199,219,70,106,71,99,222,13,50,197,101,19,204,0,13,220,255,87,30,237,218,152,121,134,124,128,64,197,141,154,207,162,0,150,195,69,145,230,178,58,160,181,208,119,240,243,211,105,119,169,51,68,72,178,205,218,198,137,137,122,0,154,255,169,190,255,236,201,100,17,124,95,137,142,0,117,118,240,59,89,255,0,173,255
180,4,167,75,147,58,79,167,71,255,64,111,92,33,21,0,0,65,116,92,184,255,82,28,226,122,153,211,124,126,136,94,71,0,88,221,62,89,141,35,255,246,0,134,212,205,31,124,43,59,132,60,62,142,82,0,157,0,0,249,255,116,48,239,227,143,192,162,83,155,40,173,92,59,179,157,0,204,236,0,96,255,227,40,254,241,225,79,255,255,255,255,242,240,40,57,153,255,215,255,241,186,173,149,0,255,255,127,203,255,255,255,88,84,95,111,220,86,0,191,79,148,109,0,255,62,160,255
175,3,170,87,135,51,60,165,91,255,75,86,106,53,10,0,0,84,123,73,160,255,75,39,213,172,183,207,117,123,156,113,101,0,73,255,83,109,79,0,207,170,0,163,206,233,45,104,67,80,102,57,82,130,105,36,167,0,0,250,228,145,0,240,255,120,215,219,115,72,42,190,156,53,240,144,0,251,255,61,107,247,205,44,244,255,159,47,230,255,255,238,194,242,89,17,153,252,147,255,211,198,140,111,0,250,255,208,177,231,255,255,5,55,151,215,226,112,0,234,106,73,80,8,255,96,169,255
178,4,157,79,165,68,89,174,82,245,96,92,115,77,64,0,23,91,126,96,130,255,96,89,212,72,185,255,110,136,133,100,55,0,94,155,96,53,113,90,176,255,30,118,204,176,106,77,59,115,162,55,18,195,104,37,203,0,0,203,203,96,93,196,206,199,162,111,104,166,53,170,110,125,183,153,8,184,227,75,51,255,190,16,184,221,231,160,214,253,204,209,152,167,52,90,144,138,194,203,255,109,223,93,0,172,255,167,202,255,255,211,89,9,143,94,164,161,0,117,155,199,98,41,255,0,97,255
183,1,170,71,143,55,90,179,63,250,65,83,133,67,67,0,13,102,127,77,165,255,67,70,242,63,174,252,143,128,115,111,51,0,90,139,62,108,129,115,251,255,0,91,191,183,82,110,62,115,144,41,68,195,116,60,203,0,9,200,240,132,122,213,227,143,189,128,86,93,58,209,137,183,234,142,0,153,251,17,48,254,196,0,213,215,204,149,198,255,178,248,145,177,99,95,158,151,220,195,255,108,221,170,0,184,255,188,192,255,255,255,20,0,131,27,117,223,0,120,179,141,10,28,255,0,164,255
182,2,173,72,146,64,84,180,62,254,68,92,138,63,58,0,8,113,134,73,154,255,41,94,240,78,202,232,129,97,120,128,62,0,113,144,38,135,105,65,227,255,0,107,223,184,84,137,95,133,100,47,86,206,110,69,220,0,17,236,255,135,137,189,255,140,203,144,115,59,91,179,154,142,240,111,0,179,226,5,30,239,202,0,255,241,182,135,223,255,126,238,209,203,112,56,140,172,221,213,255,127,214,157,0,235,255,255,226,255,255,244,0,0,142,92,125,197,0,122,223,170,27,27,255,0,169,255
174,4,162,77,132,43,75,143,96,255,70,97,55,58,22,0,0,89,111,74,169,255,88,0,255,90,156,248,86,140,151,75,83,0,98,240,124,40,109,77,164,255,17,135,255,225,98,50,0,108,177,2,0,185,166,0,221,0,0,211,208,178,45,168,214,103,231,111,156,161,62,127,94,44,135,70,0,212,255,0,79,255,201,97,255,213,255,149,255,255,255,232,244,193,76,52,86,238,207,241,213,206,204,113,0,241,255,112,255,255,255,249,96,0,155,129,234,135,0,255,13,79,83,36,255,46,209,255
176,2,167,68,162,91,110,157,119,203,144,105,103,83,90,41,37,130,157,144,90,243,73,103,159,111,209,239,185,108,61,90,104,39,86,113,64,92,82,67,193,254,53,146,100,241,100,139,56,113,170,32,71,148,125,60,201,8,132,220,255,81,8,255,255,122,195,53,187,138,69,191,160,165,162,126,15,103,196,44,148,152,192,0,81,211,180,186,247,255,207,142,139,140,73,107,42,146,240,255,196,162,133,54,0,241,216,193,255,255,160,70,55,93,91,112,86,188,0,161,100,181,94,240,255,0,108,255
180,4,180,70,163,102,108,172,84,255,88,121,96,76,76,13,0,161,171,100,149,255,51,103,183,106,183,218,138,111,110,83,23,56,82,173,18,121,134,66,247,204,0,171,158,208,62,147,138,46,214,56,124,211,103,43,252,44,0,255,255,121,137,248,241,156,151,113,162,130,35,167,121,117,180,147,0,194,208,21,49,195,226,46,199,244,185,103,255,255,191,241,196,255,38,123,119,255,219,255,225,214,191,144,0,255,255,159,203,255,239,190,18,51,100,79,126,186,0,147,0,132,158,126,255,0,123,255
175,5,178,84,132,60,103,153,135,231,84,98,94,79,26,0,0,76,132,100,81,255,88,72,161,165,169,215,144,90,157,88,98,11,58,204,43,114,89,0,208,147,38,226,209,255,127,95,75,104,104,0,60,72,59,10,168,0,0,203,234,108,0,255,224,146,217,149,209,143,69,172,193,150,242,109,22,255,212,71,144,160,181,82,193,212,99,78,140,255,209,200,117,77,166,0,85,144,137,255,198,255,84,111,0,111,255,195,253,160,255,170,0,47,103,166,109,70,0,121,72,112,123,148,255,95,169,255
175,4,162,82,166,77,128,152,136,166,137,74,101,104,79,60,62,108,139,137,66,236,106,94,147,89,197,251,177,125,103,89,115,49,58,149,113,72,82,76,171,212,75,161,127,221,72,118,46,167,134,51,73,156,109,70,193,0,111,209,178,82,51,246,223,169,156,106,133,134,51,220,193,169,155,171,45,157,207,56,144,171,178,111,44,194,127,201,236,199,170,154,126,22,36,149,80,84,167,163,184,246,174,109,0,166,198,154,255,255,250,77,36,165,173,114,70,162,0,118,138,251,106,160,207,0,59,255
186,7,173,72,163,80,133,160,100,251,76,103,97,71,85,25,11,94,123,87,94,255,109,58,169,116,157,250,153,144,138,79,44,22,71,160,52,68,155,96,209,211,24,150,158,220,29,132,78,134,177,68,45,175,59,52,158,0,10,225,255,82,57,255,185,147,114,153,90,163,46,132,141,241,188,202,21,180,243,37,115,255,242,149,101,187,228,154,240,144,255,219,135,191,37,73,38,187,225,190,144,255,161,160,0,91,246,122,236,255,230,217,85,25,70,33,61,123,0,125,164,236,153,118,255,0,60,255
178,4,164,79,155,73,116,160,114,210,115,88,110,70,79,13,32,99,146,132,96,255,73,84,146,120,170,233,192,84,114,74,103,38,80,149,58,75,73,27,206,234,64,164,155,213,146,133,89,103,173,64,34,155,116,8,198,0,63,237,232,105,61,255,239,183,141,98,148,119,101,164,183,127,185,144,13,190,205,84,113,148,207,83,80,137,193,208,238,202,187,143,140,101,63,83,76,158,142,228,168,199,120,74,0,165,255,170,221,255,236,140,30,142,106,133,130,205,0,159,121,238,182,211,255,41,179,255
179,0,169,75,152,75,103,160,100,232,101,90,105,75,59,0,4,113,153,105,104,255,91,85,161,110,180,255,143,110,81,91,89,5,96,160,64,68,111,42,216,197,41,137,158,224,81,103,60,101,198,58,67,184,96,44,202,0,47,221,247,91,3,255,249,175,163,116,124,127,64,146,144,152,199,148,0,144,204,45,133,151,190,52,163,209,155,148,255,255,215,164,122,138,107,56,129,139,177,199,171,179,132,104,0,228,255,181,229,255,225,154,51,61,100,95,157,177,0,138,64,241,118,188,255,13,156,255
176,5,156,83,177,61,124,176,134,150,177,35,132,75,89,51,90,111,121,172,82,255,91,111,123,70,173,255,217,131,96,83,115,82,34,150,118,96,51,60,184,207,75,101,71,156,105,138,47,154,97,103,112,161,118,50,168,0,127,230,145,75,94,251,236,179,138,109,101,86,30,187,229,159,149,214,38,158,160,106,148,165,149,41,0,206,45,255,152,209,133,216,155,68,71,116,108,142,211,115,173,99,114,152,38,189,207,216,255,255,255,130,16,181,141,125,144,199,0,112,122,120,134,64,255,13,171,255
174,2,158,80,178,67,132,168,130,138,188,64,115,89,115,62,104,96,117,181,64,255,71,134,117,84,166,255,232,130,102,99,157,97,69,152,118,79,19,35,162,192,108,126,109,183,114,132,65,163,128,63,76,145,150,8,204,0,101,213,98,96,84,220,255,176,134,139,120,99,105,206,253,129,135,204,89,179,136,120,171,95,152,67,48,158,67,255,238,166,164,126,148,86,108,118,98,71,150,146,193,91,128,102,7,190,189,247,244,225,228,142,0,230,234,153,173,168,21,87,140,116,43,13,255,0,251,255
181,2,169,75,165,71,130,175,127,122,162,66,118,109,106,68,68,124,102,169,39,255,38,174,78,82,166,255,188,119,126,145,191,100,40,153,93,116,20,43,160,173,147,102,126,170,161,162,85,126,132,71,20,156,137,0,234,0,117,201,103,0,150,248,254,192,121,190,184,62,136,213,255,158,211,184,50,162,141,167,150,92,143,75,108,159,70,227,243,160,95,143,132,9,62,113,97,0,148,150,216,190,79,148,0,143,255,255,222,246,255,213,0,173,210,189,84,195,15,84,246,145,95,0,255,0,255,255
176,2,159,81,175,59,131,168,124,136,188,65,123,94,117,57,85,108,111,196,74,255,66,127,100,79,156,255,227,123,102,87,168,117,49,148,120,92,29,57,154,202,113,118,115,165,149,130,77,129,120,78,66,147,131,1,192,0,132,197,93,96,89,206,255,180,140,123,130,79,119,197,255,163,134,205,77,178,140,150,172,81,157,49,47,126,82,255,194,149,129,107,135,89,59,149,116,64,126,132,216,74,112,139,47,180,194,255,219,255,231,155,31,181,239,132,184,208,17,118,162,153,97,0,255,0,255,255
169,6,144,108,194,64,115,146,122,178,170,76,122,87,126,51,114,81,146,174,104,225,117,76,121,89,133,195,249,135,92,67,146,108,78,144,114,98,67,31,181,216,62,155,108,134,35,106,70,143,115,139,130,159,169,39,147,14,105,238,172,127,47,209,212,181,162,102,67,132,108,212,189,111,67,180,136,212,150,101,119,78,180,59,0,136,64,255,194,186,135,171,104,175,68,164,189,190,102,166,180,0,140,122,88,233,134,148,218,178,193,116,47,223,221,79,227,231,0,24,58,130,53,181,255,63,116,255
176,3,154,84,166,76,123,149,119,198,139,92,109,74,109,43,59,85,142,166,76,255,105,96,137,125,153,246,230,123,87,80,119,79,73,111,104,71,92,47,184,250,64,189,116,186,113,98,104,100,154,92,49,153,158,32,188,25,69,205,200,118,33,255,226,195,165,113,138,176,114,207,207,170,129,169,38,161,167,91,164,148,233,110,35,146,145,255,255,187,148,164,93,92,32,102,83,121,109,211,171,113,130,128,0,182,194,183,236,255,185,117,53,115,151,91,101,189,0,95,100,160,110,235,255,54,131,255
178,1,171,76,151,86,113,159,122,203,114,87,110,81,75,39,6,126,149,133,75,255,69,94,158,127,185,244,169,108,129,104,98,49,81,143,69,83,102,26,220,231,83,175,145,228,94,121,55,73,165,74,43,147,78,35,189,27,82,232,244,45,31,255,186,193,166,129,177,181,71,212,167,165,199,167,34,212,254,57,120,117,187,23,101,234,108,103,255,255,188,178,137,78,54,109,46,116,148,221,178,255,94,109,0,103,255,205,238,255,249,74,17,107,94,112,29,126,0,151,112,254,144,197,255,33,153,255
179,0,168,72,159,74,126,167,134,153,144,78,92,95,75,45,40,96,145,148,76,255,78,104,125,105,172,253,196,127,86,96,137,67,70,161,98,52,84,55,164,181,81,138,114,224,120,114,38,130,155,12,68,136,129,14,202,0,117,205,154,60,30,232,242,199,162,109,181,120,103,248,255,130,161,157,36,117,161,75,163,169,145,46,103,228,52,192,255,224,115,155,176,14,38,29,11,57,195,165,161,183,88,125,0,183,245,235,255,251,194,162,13,117,166,121,78,160,0,97,94,219,142,105,255,31,158,255
174,3,160,85,172,76,128,156,129,186,153,68,101,72,99,42,52,95,167,162,96,224,103,65,145,91,169,243,212,147,87,87,106,76,69,168,100,63,102,89,180,222,63,157,107,190,44,97,79,144,160,78,106,128,134,17,175,0,111,200,192,109,6,220,234,146,144,91,105,157,60,211,223,165,115,171,38,139,187,65,168,163,205,54,47,202,66,232,255,227,168,140,170,128,46,126,109,134,187,171,181,102,110,140,0,225,163,204,221,213,168,86,68,177,170,106,148,148,0,143,27,129,38,164,255,40,118,255
176,2,163,82,172,84,125,170,118,179,135,81,112,89,94,38,49,95,156,142,99,250,78,90,131,92,166,255,211,116,96,106,101,62,64,141,71,101,125,61,206,223,57,125,110,184,48,114,74,114,166,70,106,162,127,15,190,0,97,225,210,73,58,255,205,171,138,120,116,143,93,235,201,159,150,176,26,114,163,79,146,140,179,40,57,202,45,214,255,249,144,149,133,82,56,89,121,138,179,207,180,142,117,143,0,226,239,192,221,231,199,114,45,148,151,120,128,142,0,50,90,211,71,168,255,3,127,255
176,2,161,86,178,85,128,171,115,178,137,84,119,93,99,53,55,99,156,143,105,244,78,99,121,94,156,240,222,124,98,101,91,84,57,131,66,108,127,52,183,215,47,123,120,164,43,136,65,115,158,99,115,169,146,17,180,0,103,242,210,60,54,255,198,181,125,141,123,145,106,237,208,164,118,195,53,131,155,66,145,141,190,36,40,197,40,211,255,211,136,162,130,93,39,51,122,154,173,185,156,126,124,143,0,182,255,190,227,221,204,115,52,150,153,104,123,136,0,36,105,218,64,154,255,0,119,255
176,4,158,89,186,86,133,171,118,177,143,84,125,98,101,86,68,116,149,148,93,245,84,91,103,105,132,232,243,130,87,95,105,111,53,129,74,85,144,48,169,204,65,124,104,156,36,123,64,113,162,132,133,195,164,23,157,0,123,255,207,76,56,255,191,212,110,146,119,144,111,246,208,164,104,199,97,158,148,71,143,114,187,61,26,188,55,234,255,187,147,170,146,107,72,48,106,185,166,184,94,68,89,124,0,177,238,162,218,208,183,119,55,144,134,72,119,159,0,28,93,156,70,125,255,0,76,255
173,8,157,96,195,99,134,148,104,179,121,112,117,128,88,97,101,107,150,133,78,214,79,99,106,117,139,186,205,125,124,91,95,101,72,104,86,102,127,38,148,216,94,136,125,155,65,115,73,118,141,127,131,185,180,42,163,0,89,247,255,79,85,255,142,195,98,102,145,162,107,222,183,197,91,148,105,223,164,71,126,107,206,139,34,105,85,255,234,180,123,171,72,92,65,107,127,210,165,163,179,92,90,76,0,112,255,154,185,255,133,115,60,60,156,69,84,120,0,0,80,136,81,178,255,0,13,255
170,9,148,115,160,68,83,96,154,224,129,74,44,91,38,34,104,93,129,172,67,255,194,12,145,135,124,136,85,148,163,59,185,103,139,156,157,27,102,32,170,248,166,134,156,186,136,118,22,158,128,162,139,80,141,23,190,9,7,116,157,166,56,219,125,104,154,66,146,239,66,80,166,115,65,97,13,255,255,111,87,214,207,139,75,160,64,208,201,166,225,229,109,113,63,177,135,176,123,149,203,86,57,120,0,104,90,131,180,251,89,180,103,156,244,223,161,131,0,255,0,156,0,194,175,0,5,255
176,1,130,108,190,101,59,105,140,242,176,98,62,50,62,25,100,121,137,146,99,242,142,60,188,142,202,168,136,98,173,66,116,84,154,206,70,69,37,55,116,255,135,124,164,120,6,160,64,125,169,179,103,168,170,17,171,73,86,192,187,140,0,224,94,187,177,117,124,247,109,75,141,121,21,146,0,118,255,0,61,255,255,83,159,255,59,255,255,132,121,255,88,234,0,132,70,254,207,159,154,147,135,87,31,173,68,28,117,162,108,255,0,189,255,252,214,126,0,255,14,255,0,255,220,0,8,255
180,5,149,105,192,125,71,110,138,246,161,125,85,72,54,31,89,123,150,128,111,255,117,77,119,149,206,169,150,80,156,97,108,46,157,181,23,118,97,55,174,255,132,146,122,129,42,139,112,41,143,169,166,157,81,50,177,102,110,239,255,107,43,255,143,237,222,75,50,219,180,131,101,161,143,182,4,149,255,0,52,255,255,95,202,191,73,255,199,191,229,255,91,242,71,195,17,255,207,255,217,142,89,39,44,168,208,157,156,199,136,255,0,141,145,236,158,124,0,167,107,255,51,255,252,0,62,255
179,3,133,100,157,59,63,93,152,218,163,108,0,84,2,48,34,62,88,175,87,255,195,0,177,100,125,204,60,199,205,13,214,82,47,255,225,36,139,35,148,255,124,67,207,201,0,127,83,235,161,66,74,158,143,23,127,0,98,150,193,97,0,209,182,74,107,61,71,244,149,93,118,155,0,224,1,149,255,0,69,255,198,179,66,255,148,255,255,78,251,255,182,169,0,162,15,255,255,211,85,184,175,255,0,146,0,58,207,168,147,255,166,77,255,207,245,255,0,255,80,242,63,94,0,79,38,255
177,8,150,87,152,62,77,119,112,255,101,95,49,59,6,0,41,80,102,111,124,255,105,16,241,72,158,209,77,145,191,68,97,0,123,239,125,52,137,77,100,255,53,94,227,192,27,77,18,112,167,59,53,202,133,0,253,0,0,232,230,137,66,193,161,140,131,106,128,197,122,99,117,82,47,143,0,140,255,0,88,255,247,165,174,185,255,255,255,137,255,255,238,205,0,122,8,255,237,255,136,158,152,97,0,140,219,20,211,255,189,255,116,24,171,71,221,93,0,255,66,255,163,0,124,0,115,255
178,5,137,108,186,94,68,115,144,220,139,113,68,75,66,22,101,113,109,119,97,255,106,70,158,123,200,168,119,120,163,66,102,53,122,160,78,59,111,29,156,255,122,130,162,159,65,132,69,114,168,152,100,175,103,20,180,54,81,235,221,119,50,243,140,233,163,91,51,214,127,129,99,156,74,161,9,148,211,32,46,250,218,105,96,182,136,255,163,121,204,255,80,188,42,207,94,238,220,255,120,79,106,43,31,190,131,89,39,186,128,255,25,81,243,176,119,160,0,252,105,255,87,198,105,0,1,255
176,3,140,94,157,70,76,96,154,244,113,83,0,90,0,33,73,103,127,111,81,221,157,8,244,74,144,197,61,115,208,32,173,21,108,255,161,60,122,0,79,209,101,49,200,195,0,139,0,231,165,102,119,182,152,30,216,0,1,214,201,163,96,216,118,174,122,106,72,206,87,97,105,52,0,126,0,129,255,0,0,255,235,235,120,255,151,255,255,167,193,255,199,209,0,131,20,255,255,165,87,254,243,158,0,151,98,0,194,255,154,255,60,106,255,187,219,238,0,255,0,255,95,84,131,0,58,255
174,4,146,97,147,59,60,108,127,255,103,84,25,55,0,0,15,96,109,119,130,241,179,4,255,86,128,198,53,136,233,74,154,22,99,255,170,69,92,27,136,255,67,145,255,189,16,50,21,81,166,101,58,182,141,10,206,0,0,220,215,199,67,155,161,114,154,155,105,255,80,77,112,4,61,108,0,219,255,0,81,255,241,225,197,255,224,255,255,192,255,255,233,255,62,64,71,255,188,250,169,202,178,126,0,187,155,0,255,255,175,255,147,65,255,144,255,89,0,255,0,255,54,80,128,0,65,255
177,0,126,94,177,77,59,98,131,243,151,120,21,62,50,5,102,108,106,152,57,206,134,3,192,102,181,214,80,123,144,37,151,11,147,226,155,40,60,55,66,255,98,87,184,194,40,109,70,150,184,87,94,199,211,32,195,9,133,218,165,167,0,190,161,174,138,141,99,238,164,57,107,128,0,123,0,150,226,0,77,255,255,174,188,200,187,255,255,41,232,255,153,201,11,203,35,255,242,189,119,91,149,32,0,205,34,0,28,255,132,255,30,9,255,131,255,94,0,255,27,255,88,69,8,0,125,255
179,5,160,88,168,95,84,139,133,216,134,104,76,85,68,43,39,109,118,153,51,255,70,96,143,157,154,224,109,103,130,108,186,57,162,117,42,94,84,0,188,241,150,158,172,143,187,94,98,89,134,135,83,131,118,15,210,133,59,180,247,61,86,255,205,247,227,42,127,196,165,88,117,174,139,140,30,236,204,111,15,103,177,38,131,197,95,198,135,180,216,219,112,137,50,188,96,102,75,255,163,73,24,54,0,176,248,255,113,204,95,182,16,172,144,220,53,176,0,203,83,194,140,148,255,0,21,255
171,5,150,92,170,91,93,121,146,218,129,114,49,94,28,36,25,89,140,139,91,240,149,52,126,123,196,193,118,143,154,91,163,54,63,232,80,99,114,13,113,201,70,116,144,217,37,81,118,118,112,70,108,122,120,41,218,16,52,239,185,84,0,255,237,187,200,70,86,209,119,192,121,116,119,129,39,159,248,10,101,255,242,120,88,184,87,255,244,218,255,255,119,179,33,175,65,233,214,255,167,147,166,75,0,191,240,130,151,255,225,255,48,61,229,90,219,106,0,163,50,255,136,123,172,10,92,255
174,5,151,86,171,93,91,122,133,236,138,110,64,85,48,36,62,94,130,145,80,255,129,72,150,104,183,213,118,116,118,77,152,36,122,176,76,78,97,47,119,222,98,129,149,193,52,96,90,111,142,78,113,158,121,51,248,56,47,222,219,104,29,255,219,180,207,75,115,232,152,119,108,152,122,144,0,163,223,43,83,255,240,87,111,190,135,248,247,193,255,255,124,185,54,205,39,192,180,254,204,104,143,70,0,185,195,178,188,255,164,214,75,75,180,84,211,135,0,180,32,255,134,82,197,0,131,255
174,0,133,105,170,79,57,92,137,255,130,95,19,76,36,29,90,112,143,118,88,182,179,42,227,109,154,195,90,107,172,64,142,17,123,255,154,30,59,47,69,255,121,58,255,145,2,146,12,230,179,153,48,202,255,71,198,0,22,221,164,159,0,188,77,170,148,158,125,234,55,62,98,83,0,88,0,133,255,0,0,255,239,148,139,255,115,255,255,156,107,255,100,135,12,93,92,250,154,107,86,191,180,93,0,169,72,0,191,200,127,255,40,124,255,184,255,149,0,255,0,255,15,222,144,0,41,255
176,10,150,103,179,82,76,121,113,255,108,76,72,75,67,0,97,110,133,99,140,236,111,24,182,108,178,168,149,118,145,75,98,58,114,218,90,79,99,56,203,204,75,133,137,153,54,145,74,107,167,166,109,182,154,40,186,12,45,255,255,167,68,213,108,209,125,92,29,195,62,159,122,35,83,159,4,128,255,40,64,212,225,86,74,170,152,236,229,233,213,255,153,208,78,159,77,247,162,254,74,104,124,59,28,219,165,24,69,255,154,255,57,165,201,129,166,128,0,248,31,251,101,172,196,0,0,255
169,10,150,99,160,54,69,140,120,255,94,75,99,52,53,0,66,99,118,105,125,255,109,56,228,188,129,182,129,97,200,102,101,97,82,148,68,90,76,0,255,212,55,247,131,178,127,64,41,65,124,98,111,116,87,0,112,30,12,214,232,204,61,251,139,135,187,100,74,218,79,139,129,37,169,141,30,255,162,143,98,124,181,164,147,176,128,230,166,217,255,255,164,190,98,106,131,255,164,255,149,159,108,108,0,219,184,33,98,231,242,255,22,171,157,86,187,151,0,252,0,104,132,174,220,150,43,255
177,7,163,89,137,59,67,128,117,255,78,67,71,46,40,0,10,94,124,83,146,255,97,14,255,128,144,179,116,152,180,71,80,5,115,210,73,77,117,72,226,221,40,143,218,187,57,97,12,103,152,78,79,121,126,0,195,4,0,194,255,136,67,201,148,147,214,97,168,184,64,120,134,99,123,138,0,209,255,34,83,201,197,114,221,250,204,117,255,255,235,255,178,230,43,109,144,255,184,255,152,162,144,132,0,175,235,47,227,241,255,255,24,100,148,145,149,97,0,255,0,57,61,102,248,66,3,255
177,0,129,101,173,84,57,93,154,249,130,102,30,60,44,10,110,104,111,135,76,221,132,21,202,117,172,172,57,129,154,59,154,48,142,174,134,49,55,44,94,255,82,103,199,151,79,114,18,135,165,121,126,189,148,50,222,40,90,220,165,150,47,214,127,129,157,146,158,255,144,27,117,119,0,117,0,209,243,6,38,255,255,137,112,215,126,255,251,96,190,255,136,135,0,163,65,255,201,190,136,95,134,51,0,195,54,10,89,243,82,255,27,48,255,168,164,115,0,255,38,255,88,126,78,0,16,255
180,5,136,102,192,104,74,117,132,235,166,102,79,59,77,22,101,118,132,137,116,255,123,64,171,164,186,165,140,80,144,53,100,90,166,146,31,67,85,43,183,255,140,171,106,139,65,149,70,95,146,190,146,151,113,20,184,70,125,196,255,140,59,255,148,229,181,57,41,207,173,106,106,113,49,201,0,127,255,45,46,255,255,87,126,215,109,255,212,109,212,255,130,251,27,169,59,208,189,227,137,95,87,26,74,153,128,120,67,221,103,255,48,159,194,174,169,121,0,230,73,255,51,255,135,0,12,255
179,2,146,94,155,75,61,116,126,255,129,116,36,50,0,0,2,56,80,117,137,255,140,9,212,87,164,200,72,136,208,64,140,0,103,255,131,73,140,32,159,255,76,77,195,241,0,72,92,37,139,79,88,189,102,18,161,0,0,236,255,124,5,233,169,160,135,107,0,239,107,106,69,87,99,194,0,153,255,0,76,255,255,164,184,245,160,255,255,165,255,255,188,255,28,153,65,255,249,255,126,178,117,147,0,180,203,0,215,255,162,255,89,53,205,185,255,111,0,255,59,255,128,48,84,34,10,255
179,4,140,98,172,90,74,118,130,250,148,104,58,56,38,15,59,85,114,141,95,255,134,36,185,138,162,187,114,113,183,58,127,37,152,190,86,64,113,34,152,255,104,133,161,197,38,85,82,84,130,142,97,179,128,23,191,29,84,207,255,140,21,242,161,198,146,64,38,223,142,120,85,124,46,196,0,162,255,21,69,255,255,132,143,215,109,255,255,85,255,255,148,255,24,179,54,246,182,255,111,115,102,47,11,136,137,27,104,255,109,255,58,91,187,161,214,102,0,255,73,255,90,148,77,0,0,255
171,6,142,110,169,74,69,107,124,255,117,89,59,64,40,25,77,80,109,123,118,243,137,14,192,131,160,161,107,133,182,65,146,59,121,193,106,59,100,0,162,244,76,104,194,188,60,146,38,157,160,151,114,164,149,57,155,5,16,236,221,161,24,231,62,158,102,111,56,223,69,93,122,114,54,117,26,198,255,80,56,239,217,152,81,190,81,230,255,173,217,255,111,173,24,157,81,255,162,209,78,163,119,104,2,155,174,0,130,225,154,243,69,148,255,183,234,134,0,243,42,193,96,183,214,41,0,255
170,7,167,113,159,77,96,134,146,255,119,102,55,113,18,23,0,78,160,103,100,253,178,29,60,169,132,88,147,56,169,80,224,123,49,255,12,142,129,0,201,112,90,163,152,222,0,86,151,66,101,56,145,61,91,2,101,6,24,255,255,72,3,255,198,195,177,155,29,228,73,169,215,38,243,52,83,196,255,86,64,255,255,65,121,183,0,255,131,255,255,236,83,255,177,115,174,198,132,253,172,255,192,167,0,169,219,117,104,255,255,255,86,201,125,255,255,252,0,191,0,148,32,255,255,182,0,255
174,4,154,74,183,104,104,135,134,180,147,127,80,128,84,60,87,140,123,144,40,255,94,150,121,125,184,244,115,105,104,105,166,104,100,115,60,69,72,0,156,183,113,157,113,191,99,124,93,168,154,51,107,169,105,39,223,82,135,234,178,51,93,255,255,200,185,107,142,192,186,132,133,118,149,179,81,151,127,102,103,130,198,80,93,196,168,200,236,170,248,171,137,126,82,216,71,86,207,255,199,113,154,49,0,222,186,208,178,225,136,253,31,167,192,104,103,164,0,90,129,255,132,72,243,0,142,255
171,5,147,62,175,76,105,120,140,186,161,124,48,111,97,45,104,132,116,170,35,255,129,127,138,121,192,254,138,132,120,37,152,98,86,136,149,25,74,65,148,216,77,166,119,236,51,89,104,197,173,0,84,135,83,39,174,60,157,227,118,111,57,231,255,139,155,83,177,201,166,137,209,99,112,177,40,5,105,64,215,200,214,118,19,161,255,236,255,230,207,113,178,175,20,255,0,114,255,255,166,156,255,92,0,255,12,127,244,255,133,206,95,187,186,1,135,222,0,222,99,255,128,104,255,94,215,255
168,6,147,77,184,84,94,120,146,187,162,117,62,124,88,46,98,141,136,155,46,203,120,129,128,95,207,218,117,131,79,103,111,89,76,152,108,57,103,68,136,171,88,142,89,209,40,83,98,185,156,0,141,153,126,68,253,26,144,243,142,86,29,255,255,117,165,55,179,194,151,153,166,132,112,154,48,69,101,29,153,217,223,85,34,168,237,225,255,223,233,172,139,163,79,255,63,157,255,255,228,103,203,58,0,255,57,151,214,255,160,149,87,106,178,0,191,212,0,154,55,230,97,124,243,38,195,255
170,3,150,82,187,86,102,140,142,177,176,104,85,113,93,57,109,135,147,157,61,207,128,108,115,91,201,233,195,118,69,81,116,76,90,159,89,71,75,58,135,204,89,130,90,235,33,97,71,170,147,21,117,164,139,44,214,28,150,216,132,115,52,220,255,165,162,63,144,172,132,223,178,107,114,132,63,78,109,57,174,162,161,31,70,225,120,255,255,228,194,175,130,128,109,200,84,132,249,232,216,111,177,53,0,255,55,141,253,255,168,117,76,189,199,69,203,174,0,112,19,203,84,189,255,39,129,255
168,3,144,95,187,58,117,146,135,167,195,67,121,84,118,65,106,97,160,173,86,216,126,81,131,84,158,219,245,147,77,60,120,86,64,169,122,48,53,48,139,203,46,125,84,179,17,72,84,176,129,67,126,149,142,61,153,19,134,234,124,133,16,165,255,172,146,82,96,107,83,204,244,99,70,176,124,146,182,60,179,147,167,3,8,190,55,255,202,226,159,150,177,156,99,138,139,161,202,142,180,0,162,108,57,255,105,203,223,194,200,79,46,255,204,97,237,243,0,143,58,109,34,165,255,108,125,255
169,5,141,103,193,55,113,145,129,169,204,67,126,88,131,58,107,85,146,173,105,227,111,76,118,86,141,218,241,137,78,73,132,102,95,160,125,50,46,49,158,216,96,145,91,152,29,81,65,169,142,100,133,156,149,25,147,9,137,231,140,149,17,164,248,178,148,64,107,98,116,207,223,98,69,179,123,148,176,92,168,101,177,31,23,162,70,255,181,141,157,142,162,178,79,142,138,175,135,138,171,0,137,115,94,255,84,186,209,175,176,134,79,255,252,103,239,242,0,91,112,117,36,139,255,83,138,255
171,6,146,103,194,70,114,145,121,181,187,80,123,83,118,55,90,91,146,163,107,220,90,68,116,96,157,210,230,141,87,86,120,100,92,159,107,79,57,53,171,223,91,142,91,152,25,85,70,123,158,129,147,171,142,11,167,0,129,228,191,161,21,178,232,184,142,77,98,127,113,226,197,139,100,183,100,167,193,67,136,88,192,59,46,160,51,255,218,142,177,156,140,197,50,148,148,202,109,160,190,53,131,123,63,252,123,165,197,192,166,131,81,228,243,101,207,202,0,45,114,155,69,152,255,84,57,255
169,8,144,115,196,68,113,124,113,184,159,84,120,106,137,72,109,127,152,157,64,213,77,89,115,140,124,163,220,126,110,116,118,131,131,141,140,84,87,28,184,220,119,192,117,132,46,103,99,166,135,190,124,154,172,101,171,55,74,231,209,170,110,211,114,169,160,60,137,126,77,177,227,190,71,132,102,216,187,13,87,100,184,93,23,146,86,255,196,138,174,135,67,142,114,145,188,161,53,83,215,76,109,51,119,187,160,181,114,229,178,99,60,170,210,79,130,149,0,84,40,126,61,168,255,34,83,255
171,6,157,99,177,79,131,114,163,173,128,102,67,117,110,90,69,125,157,134,41,196,134,120,105,129,174,183,182,164,120,114,94,137,46,168,134,64,49,106,149,150,102,180,157,225,35,100,101,200,117,108,119,87,151,56,217,36,47,201,186,119,0,232,192,148,166,40,172,156,78,205,224,203,53,110,94,170,184,0,165,192,244,179,22,154,79,219,249,178,177,126,94,110,100,161,121,92,149,178,181,184,117,103,0,181,99,184,255,200,142,141,78,113,254,64,102,109,33,59,49,93,0,232,252,0,95,255
174,7,161,84,178,70,141,126,182,114,117,102,67,129,86,107,88,126,132,132,25,216,117,103,108,102,212,218,179,156,109,86,115,128,16,161,155,10,75,113,154,104,61,189,111,255,17,105,95,229,185,0,80,109,93,74,184,81,112,183,87,87,0,176,186,113,166,99,185,127,76,255,255,160,82,125,140,127,91,11,219,255,186,193,0,195,165,201,242,169,116,140,122,14,100,150,0,31,255,202,117,176,153,111,0,232,69,156,248,163,137,220,0,46,249,57,0,236,81,130,151,162,0,136,130,0,66,255
178,11,162,83,177,58,144,136,165,117,165,71,92,126,96,125,118,112,93,129,13,231,90,111,100,95,203,215,224,156,122,57,109,107,30,189,133,0,26,121,126,86,70,150,82,255,64,114,80,189,174,37,90,132,96,68,223,50,107,186,89,144,0,174,231,144,135,74,185,111,88,255,255,211,138,73,162,173,148,73,208,255,132,146,0,195,140,184,167,99,162,175,104,75,126,85,0,18,255,113,181,147,149,69,35,153,12,255,238,255,187,255,83,59,246,49,16,255,110,197,158,130,0,73,135,0,0,255
175,10,161,94,174,57,165,122,177,122,148,40,91,113,104,132,92,149,132,157,49,216,110,64,94,97,179,211,251,135,101,74,130,132,29,208,147,21,40,119,144,117,60,186,60,226,6,132,96,160,134,104,177,127,88,112,163,72,146,210,102,143,3,141,231,155,147,105,151,94,63,252,255,169,67,114,151,193,254,0,172,235,200,189,0,205,102,232,187,147,130,204,211,86,111,146,2,64,220,104,171,154,153,169,55,168,64,210,255,253,227,178,17,151,250,55,68,239,112,221,143,95,0,131,96,0,31,255
171,14,160,97,191,42,164,152,162,141,164,14,108,109,118,114,114,144,167,185,59,188,133,24,118,72,168,221,238,134,131,35,163,114,32,189,142,79,57,130,120,150,54,144,69,181,74,129,59,165,120,85,183,108,110,103,152,51,178,210,134,181,0,159,185,155,182,91,130,89,34,195,232,159,65,150,137,255,177,108,141,148,204,156,0,110,101,226,95,143,119,160,252,141,119,186,57,102,175,105,195,77,124,172,76,171,124,221,217,255,226,90,7,76,233,86,172,150,44,235,67,6,1,45,169,0,97,255
177,7,160,92,171,61,157,134,170,88,167,40,126,117,93,135,73,131,130,147,51,231,91,87,93,64,183,255,255,121,103,88,117,91,25,171,140,44,51,95,144,143,43,184,64,242,26,156,72,140,170,118,140,147,111,144,171,15,149,211,87,126,0,159,198,169,134,104,191,90,54,255,255,171,56,73,144,163,219,0,210,202,153,133,0,242,73,219,150,129,54,181,163,0,147,50,0,79,242,111,155,151,120,120,26,175,113,214,255,239,230,125,20,145,236,105,72,255,64,171,223,196,0,74,71,0,83,255
177,7,162,80,171,76,151,127,158,121,155,88,80,118,97,123,80,107,114,139,30,241,108,111,114,84,201,221,217,147,110,72,132,117,30,188,140,0,36,94,121,158,82,206,120,255,38,112,102,219,149,18,54,135,106,109,194,60,134,222,102,96,10,201,242,186,154,117,165,126,78,255,255,177,120,104,101,167,178,25,211,255,207,149,34,219,119,236,198,139,167,205,155,7,72,130,0,6,255,103,167,186,167,105,9,157,50,255,241,233,230,239,18,121,246,67,0,227,35,201,175,206,0,119,65,0,0,255
178,6,163,92,172,63,152,136,186,103,98,61,86,115,85,135,70,120,148,120,11,231,110,81,117,118,184,177,209,119,131,97,136,125,0,150,159,46,28,137,150,121,73,166,135,214,16,103,63,157,132,29,92,130,64,92,161,119,126,231,111,25,0,175,135,116,185,148,253,130,45,255,255,161,85,95,175,205,204,10,175,255,161,175,0,212,111,239,237,160,65,169,96,0,61,51,0,42,219,112,157,255,129,132,0,119,138,141,252,239,229,255,52,82,204,29,9,194,43,137,186,254,42,149,80,0,9,255
171,6,154,98,169,70,138,127,152,182,118,107,76,103,75,58,87,52,120,140,45,217,140,60,115,129,175,174,191,138,107,74,125,86,33,166,142,48,108,43,174,155,68,168,110,250,59,80,103,156,118,41,117,120,123,41,159,0,67,181,166,142,0,219,233,132,126,69,106,173,75,227,241,214,72,122,94,208,193,62,148,226,220,169,21,147,69,248,225,150,233,224,60,82,96,121,104,127,186,166,175,130,120,108,0,159,87,158,245,237,181,173,73,45,250,83,108,160,19,99,72,60,40,220,155,40,8,255
178,7,165,88,164,80,140,115,183,115,120,97,76,137,65,126,93,102,131,132,0,255,112,108,126,110,209,167,172,130,113,49,157,93,56,149,158,3,68,57,165,130,84,197,206,246,31,116,108,223,128,8,66,159,74,124,183,102,127,247,106,41,0,180,200,170,196,127,216,134,65,255,255,163,108,132,146,215,209,33,172,255,149,129,5,255,60,171,217,199,168,251,124,0,128,111,0,3,255,128,110,205,148,62,33,124,80,209,255,192,255,243,10,13,215,86,0,251,14,137,182,255,0,109,0,0,2,255
178,9,163,72,174,77,141,122,177,106,135,114,66,126,77,133,105,108,149,136,3,255,134,100,120,97,193,165,233,115,100,38,161,132,47,118,121,0,91,46,129,119,81,133,183,254,26,155,42,254,159,0,95,133,37,106,169,83,132,255,105,52,6,169,204,147,173,93,217,120,71,255,255,137,66,138,134,147,111,3,202,255,156,154,0,255,114,251,255,160,169,183,152,16,106,89,0,59,255,161,79,162,137,69,31,190,14,209,255,254,203,255,51,0,255,0,0,255,80,151,140,255,0,72,0,0,82,255
178,8,170,84,170,65,141,122,186,89,107,111,77,132,59,132,68,103,131,103,0,255,121,111,103,132,198,152,181,151,100,64,164,122,44,141,138,0,74,111,173,112,106,168,211,255,0,119,57,227,147,0,82,106,34,96,156,143,110,255,73,0,0,203,159,111,224,128,255,131,68,255,255,162,146,97,184,206,152,10,198,255,192,188,0,246,112,211,255,206,119,148,109,0,119,87,0,32,255,166,126,217,149,101,0,114,132,188,255,199,211,255,0,0,170,20,0,255,1,64,237,255,0,98,0,0,81,255
179,9,169,83,175,80,145,141,159,155,98,84,75,138,91,101,70,154,157,119,41,183,109,93,113,94,195,229,186,141,118,105,78,100,20,159,132,31,118,151,141,136,59,132,105,214,40,59,116,151,200,35,82,160,109,48,210,3,153,211,212,51,0,201,192,129,117,109,206,129,68,203,255,168,120,87,98,81,138,28,203,248,197,170,0,140,216,241,222,186,128,109,93,88,84,91,11,54,244,171,125,191,150,127,0,161,105,125,255,252,120,179,58,66,111,1,10,166,0,113,167,199,0,255,255,0,0,255
176,10,155,83,185,73,135,137,154,167,146,80,109,102,104,75,96,111,115,146,56,214,104,93,123,89,207,237,208,143,57,75,105,129,36,164,133,36,73,122,169,140,33,195,45,226,52,110,67,170,158,88,116,114,110,94,169,41,140,209,180,132,0,202,212,175,166,80,125,141,48,215,223,195,69,133,89,122,123,74,208,212,231,122,0,193,145,233,188,120,165,200,96,144,96,130,40,59,223,121,179,128,171,61,57,255,69,211,210,209,150,172,94,142,183,0,63,169,37,159,110,117,36,91,199,0,0,255
176,10,159,92,169,78,139,128,178,184,88,58,82,111,73,84,77,121,153,150,60,216,96,39,142,99,208,216,159,124,129,47,64,99,2,167,139,50,86,108,168,126,49,130,87,236,56,75,110,92,184,89,139,124,80,38,204,34,85,179,208,103,0,169,147,156,109,84,144,179,38,244,255,159,75,142,102,203,249,35,150,255,193,194,2,207,98,178,255,190,193,253,102,63,52,112,93,78,195,197,146,188,107,110,0,158,90,92,255,222,132,142,66,106,144,69,61,132,34,157,49,103,68,223,172,0,0,255
169,6,166,91,189,111,135,110,161,149,126,169,25,176,105,124,90,164,155,120,11,222,123,147,88,141,197,212,137,134,125,98,156,162,29,176,121,112,41,33,108,134,65,221,162,229,75,117,198,255,139,14,120,139,126,93,255,118,140,255,134,108,72,255,238,180,219,58,204,68,191,183,245,184,83,88,140,134,136,49,128,191,167,163,5,155,168,228,201,255,157,208,207,63,97,255,8,116,255,146,160,183,255,102,0,196,169,255,139,185,204,231,0,84,255,124,66,236,9,7,105,170,28,134,144,3,190,255
176,3,162,84,172,78,134,131,172,122,110,106,86,140,87,110,89,118,182,123,2,207,102,148,113,115,193,210,182,64,109,87,142,77,77,118,93,116,54,20,124,117,46,176,132,236,98,110,58,211,180,3,156,66,104,76,236,74,132,240,157,66,8,255,185,200,196,74,220,102,203,222,255,136,57,60,152,124,177,0,158,255,212,131,0,170,85,251,255,210,1,60,71,13,101,0,0,0,169,165,166,201,182,71,0,87,207,230,209,218,123,194,8,111,192,113,0,255,0,55,166,255,69,245,255,0,161,255
177,12,160,94,182,79,132,123,157,174,128,87,88,121,114,92,117,150,105,136,31,234,101,99,111,138,199,209,173,139,103,89,99,136,46,194,168,15,24,137,149,155,81,184,101,206,62,125,110,179,174,94,80,141,114,80,190,102,117,204,143,106,0,188,210,184,158,129,192,125,75,180,220,196,72,116,125,180,177,86,159,213,202,114,0,178,224,196,188,160,178,197,71,137,95,155,21,18,186,94,169,167,213,48,24,183,111,221,172,231,154,250,73,100,191,55,42,180,38,161,185,159,9,113,123,0,0,255
179,9,170,79,161,66,135,133,164,161,121,77,53,110,82,97,70,130,137,116,37,194,106,113,106,103,208,218,185,175,129,76,67,63,6,149,150,15,84,110,145,112,48,126,83,255,46,55,131,139,249,0,111,130,62,50,201,54,106,193,235,88,0,234,255,103,126,67,203,183,52,225,255,209,171,120,117,81,199,0,199,249,150,186,0,151,221,226,255,245,198,125,73,87,105,69,0,86,255,255,124,243,179,182,0,133,27,99,255,255,150,216,34,19,117,29,0,255,63,204,144,100,0,255,255,0,0,255
176,8,157,91,178,79,130,135,163,161,153,89,81,115,92,96,95,100,124,145,32,248,120,89,127,120,187,191,188,137,92,85,130,122,67,150,155,24,88,95,175,182,95,198,116,220,62,95,66,174,130,49,105,135,120,83,157,78,149,208,168,91,0,176,199,183,163,62,158,168,54,237,241,184,63,147,85,177,166,56,166,217,190,117,29,231,101,239,195,141,178,174,114,92,62,157,6,51,193,123,158,176,140,78,35,193,55,194,235,209,151,149,89,168,202,74,41,184,0,172,102,163,0,140,130,0,0,255
176,9,161,95,160,70,134,120,182,186,94,61,61,101,60,97,82,99,129,140,38,231,102,56,139,115,223,163,147,144,158,45,96,94,0,220,196,15,18,112,160,122,106,132,167,220,16,75,134,146,157,32,100,123,54,40,214,62,45,223,198,76,0,162,176,126,116,110,207,191,31,255,255,210,113,165,138,255,255,0,105,255,146,119,0,250,91,165,255,241,229,255,85,47,39,85,41,90,206,110,206,255,213,113,0,89,76,101,255,255,255,207,56,50,186,7,36,157,71,174,33,103,65,196,91,16,0,255
175,7,164,80,166,57,141,128,176,99,134,81,65,120,81,121,79,108,128,128,23,233,116,111,109,93,186,193,209,132,112,86,130,103,23,155,152,0,59,94,146,117,62,149,125,248,11,107,63,218,166,0,110,104,80,93,181,80,132,240,100,56,0,182,195,125,181,98,197,121,88,255,255,152,100,72,137,122,144,0,210,255,158,164,0,223,111,235,255,172,111,150,139,0,115,102,0,52,255,163,157,232,145,144,0,170,45,200,255,255,255,247,40,79,211,15,30,255,58,160,174,204,0,172,136,0,61,255
184,9,174,72,166,84,134,143,142,195,108,92,93,112,87,83,65,142,139,104,57,255,93,104,136,114,193,204,172,142,67,67,81,65,68,127,61,57,108,113,176,137,0,108,121,223,89,133,83,139,173,57,90,178,76,114,233,84,125,249,255,47,38,194,172,185,164,91,143,80,39,162,220,166,89,157,21,153,200,0,143,254,225,135,55,183,154,255,252,144,247,194,108,172,110,101,15,115,227,175,123,234,195,51,0,170,203,158,248,255,176,134,42,95,56,43,90,193,41,147,218,255,84,140,255,0,0,255
175,15,155,99,171,50,141,115,174,201,114,22,114,75,118,66,92,143,151,149,52,216,111,24,128,132,173,211,206,151,92,73,90,114,61,166,143,50,88,191,200,151,71,191,85,181,87,79,117,90,148,135,170,111,122,35,159,65,111,185,200,121,0,186,180,116,150,42,199,154,2,199,252,191,50,132,81,145,226,80,245,189,255,166,0,98,176,206,178,134,141,193,78,224,93,181,83,101,135,167,137,130,121,121,29,250,30,101,184,243,178,90,137,165,72,0,138,121,115,189,59,0,10,148,208,58,0,255
175,7,159,89,175,82,137,114,156,151,168,102,71,128,112,109,102,115,133,154,45,245,118,119,118,105,185,221,193,142,73,78,125,137,69,164,135,16,62,81,126,154,68,203,128,234,52,136,98,242,159,35,107,108,140,120,197,54,122,213,163,119,0,183,243,190,159,64,153,134,69,210,236,192,1,133,83,165,173,38,177,184,192,145,61,221,103,245,234,135,183,150,132,92,120,144,25,63,225,135,158,151,155,63,26,222,41,234,232,158,153,156,9,161,255,108,127,199,110,160,85,104,0,110,144,0,31,255
176,7,161,88,170,71,139,131,182,144,113,67,68,119,87,112,70,127,132,135,10,239,109,56,148,121,181,196,177,121,136,61,135,119,51,171,167,10,35,130,158,161,104,177,146,213,40,61,63,176,136,16,58,144,89,59,191,127,136,203,109,42,9,162,121,153,190,95,243,159,29,253,255,150,71,101,103,233,174,84,168,255,153,149,0,220,103,198,189,195,145,184,103,0,27,171,0,10,208,132,119,219,131,90,0,162,60,158,206,240,206,237,58,103,168,85,0,166,17,216,90,200,25,136,52,0,0,255
176,6,163,89,159,56,139,120,181,99,135,85,73,123,78,125,67,92,132,125,13,240,113,98,99,98,180,188,218,143,103,84,126,122,4,154,154,7,71,99,143,110,74,159,169,233,0,111,73,178,147,3,112,122,70,85,197,78,103,255,75,60,0,176,212,120,181,102,243,146,103,255,255,195,74,71,116,147,153,0,201,255,172,153,0,225,94,218,226,147,128,207,129,0,78,63,0,63,255,144,136,172,130,142,0,157,49,246,255,252,255,223,40,25,240,18,0,255,29,144,168,232,0,136,62,0,123,255
172,4,163,87,170,62,134,132,186,90,125,86,73,127,87,116,83,135,180,133,0,218,137,135,114,122,205,201,186,91,97,87,156,86,69,144,142,53,12,76,143,139,71,189,170,255,36,123,56,255,157,0,145,53,90,89,188,138,125,245,70,35,0,214,218,119,243,94,233,53,121,253,255,102,79,52,161,135,148,21,190,255,177,166,0,219,98,242,255,255,0,78,72,0,133,68,0,0,203,142,166,243,227,105,0,191,147,178,221,200,255,243,0,94,255,96,27,255,0,85,189,255,21,224,159,0,213,255
178,7,158,89,176,82,138,137,152,173,115,71,91,124,101,81,64,147,152,116,71,192,107,106,112,90,189,251,169,127,102,99,73,85,51,157,83,70,111,109,128,159,20,168,82,218,39,109,91,167,191,73,137,147,113,83,188,28,124,229,244,71,18,246,205,197,150,83,160,129,118,169,203,162,61,117,66,69,192,13,166,219,218,152,0,187,158,215,229,172,108,156,86,117,109,55,68,100,209,168,151,236,203,117,0,217,143,154,255,221,154,170,67,122,182,60,88,124,0,152,120,215,57,255,255,0,0,255
176,8,167,80,162,55,134,124,168,134,108,93,66,123,86,86,65,144,133,133,21,220,115,110,107,116,216,199,167,150,80,100,114,105,31,156,182,0,74,137,171,116,47,165,111,250,33,109,100,185,192,0,105,72,100,94,187,61,129,224,154,28,0,212,183,97,176,120,200,99,69,173,255,156,106,63,125,116,113,13,213,255,233,180,0,159,216,197,255,213,106,71,116,75,101,105,0,54,255,190,143,231,132,131,0,165,94,193,255,213,187,171,0,36,105,0,21,223,57,153,203,168,0,255,200,35,29,255
176,7,156,86,189,70,141,151,162,139,148,71,103,127,85,103,92,129,131,135,54,182,124,111,105,64,193,232,214,122,117,88,107,102,41,163,116,41,81,104,129,135,66,146,71,243,53,113,51,184,164,74,93,152,106,74,177,4,160,196,163,98,13,185,208,167,110,54,130,112,68,242,246,182,101,122,136,122,124,56,201,233,169,140,0,199,139,235,150,106,130,120,112,100,120,110,60,55,228,134,171,156,123,87,20,219,70,174,255,241,108,166,122,126,223,84,70,214,18,162,103,156,16,192,252,0,0,255
176,6,154,84,179,70,133,133,164,156,140,84,87,105,104,94,82,113,141,147,37,220,125,102,128,113,188,222,200,136,90,86,111,121,56,153,138,39,53,105,156,179,62,188,115,223,36,109,63,213,133,66,121,96,119,89,170,64,134,230,149,98,0,187,224,144,172,75,187,138,74,215,237,174,49,122,98,141,146,33,198,245,229,134,0,217,121,245,231,138,149,179,118,102,76,104,11,56,215,127,170,162,178,75,17,249,72,199,215,201,176,179,100,147,221,6,80,179,39,149,127,162,15,141,178,0,0,255
171,4,163,88,170,79,120,123,153,157,141,131,73,122,104,72,60,103,143,151,38,226,118,120,78,126,193,183,192,138,91,103,131,150,31,130,180,60,91,29,206,158,72,187,140,255,86,164,118,104,203,0,89,77,91,72,185,123,63,254,192,68,0,226,185,161,192,87,164,161,80,255,247,196,91,132,137,174,165,57,188,152,199,141,24,160,162,173,229,178,216,115,107,77,114,193,0,105,178,229,137,178,150,105,0,150,127,168,255,235,222,170,90,91,176,74,134,242,62,110,92,143,0,181,131,0,143,255
178,6,166,66,167,69,153,129,181,107,128,86,63,141,85,131,101,137,119,128,31,255,120,103,110,74,178,225,224,94,130,55,178,116,38,167,115,0,84,73,143,73,76,128,120,246,0,151,48,255,169,0,82,159,0,97,211,71,130,255,52,66,74,159,206,104,141,117,211,90,88,255,255,120,106,130,120,76,149,24,187,255,96,128,0,255,145,243,255,186,198,179,164,0,72,120,0,53,255,202,82,216,194,116,2,207,0,173,255,255,229,255,50,19,255,10,0,255,86,187,205,255,23,0,114,0,191,255
174,8,155,89,186,91,125,116,165,141,156,119,71,131,101,97,116,121,127,141,40,255,119,121,127,126,205,195,170,136,82,70,121,128,92,161,159,0,57,90,159,195,116,212,132,226,63,121,99,255,152,42,95,118,143,103,166,83,137,206,127,85,0,182,233,208,182,52,190,117,93,231,255,125,27,137,104,132,151,37,181,235,209,91,56,255,146,223,223,193,141,206,128,101,114,161,0,30,245,127,158,121,191,22,79,242,78,224,203,152,120,250,0,119,251,95,9,203,19,97,150,190,0,131,59,0,0,255
179,7,167,88,173,66,150,135,196,83,114,81,93,115,82,149,89,114,181,124,0,242,102,110,129,147,212,172,214,129,94,85,145,137,15,132,175,17,26,148,156,118,83,180,211,215,36,109,54,189,154,0,126,110,80,86,180,116,136,255,66,6,0,199,189,94,211,139,255,90,77,255,255,126,80,100,188,197,179,26,236,255,149,185,0,247,108,216,255,225,12,118,107,0,71,0,0,22,255,92,127,238,145,75,0,100,136,180,255,214,214,255,22,42,195,8,0,240,14,51,213,255,0,105,15,0,135,255
177,7,168,76,170,64,138,139,173,126,116,104,74,113,71,99,63,102,155,116,17,194,83,129,111,106,228,197,198,155,105,65,91,95,5,117,160,6,67,139,158,102,56,134,132,255,54,48,109,131,233,0,105,105,74,18,219,65,115,215,187,46,0,216,216,37,151,61,255,143,85,255,255,186,156,109,145,103,110,20,255,255,203,195,0,112,175,219,255,226,110,57,44,51,78,28,0,46,255,249,126,160,134,156,0,115,78,146,255,255,132,255,0,0,116,14,0,255,29,101,187,131,0,253,249,0,10,255
178,7,167,86,172,77,148,137,173,77,119,83,79,142,90,127,59,137,159,139,21,228,98,115,85,106,195,213,203,119,131,117,154,146,16,145,141,69,73,89,136,146,54,166,143,218,29,140,70,165,172,8,129,113,80,92,198,82,139,255,107,24,4,239,191,162,195,150,255,124,142,255,255,97,85,76,166,139,165,0,194,255,143,157,0,205,106,232,255,211,39,67,142,0,71,0,0,26,255,158,146,243,140,127,0,136,168,255,255,247,208,255,40,80,213,67,0,189,8,57,249,255,0,163,157,0,158,255
180,9,161,88,176,71,150,151,162,148,106,61,104,108,90,104,59,124,154,121,30,216,107,82,119,103,181,198,197,129,132,77,109,78,28,125,140,60,53,149,126,157,51,192,95,216,101,94,81,122,135,39,99,155,84,51,183,60,140,193,239,91,0,225,135,123,153,75,220,142,62,249,255,206,101,138,121,180,175,57,166,255,186,149,0,128,164,250,180,122,94,87,84,66,30,38,0,57,188,129,152,199,111,105,0,101,165,175,255,255,174,249,89,0,145,63,0,153,4,141,162,187,82,154,224,0,0,255
176,8,167,82,173,73,141,126,189,94,123,99,92,118,70,136,83,101,152,127,0,250,97,112,101,122,220,168,224,108,89,74,157,123,32,143,120,18,64,76,151,75,80,127,168,237,0,133,55,206,169,0,147,92,33,99,208,109,97,255,66,12,0,205,178,125,198,114,253,108,84,255,255,155,100,89,169,166,160,6,181,255,170,129,0,255,37,180,255,243,95,178,77,0,84,52,0,49,255,170,119,193,147,92,0,127,104,220,255,219,247,255,0,18,211,0,0,255,24,52,209,255,0,78,70,0,130,255
182,12,164,92,178,83,149,103,198,123,99,77,89,134,83,133,105,144,128,120,22,255,98,80,108,136,209,197,193,147,73,53,133,128,33,174,158,16,82,117,188,102,76,196,143,244,26,119,119,202,177,86,118,152,46,132,129,135,158,224,133,77,0,163,204,177,185,127,235,112,55,255,255,134,50,156,168,165,255,0,204,255,168,192,8,255,152,231,255,167,139,255,128,76,170,80,0,61,255,139,91,223,199,52,14,212,80,139,255,142,172,255,26,103,173,3,0,228,105,138,250,255,0,54,0,0,0,255
178,9,157,100,183,79,156,125,180,109,140,57,105,125,81,122,83,136,138,140,43,241,127,82,95,89,184,202,212,144,101,86,141,143,34,176,150,30,81,121,157,167,75,223,101,211,12,142,94,176,138,129,165,135,109,133,115,43,161,221,100,104,0,195,192,194,158,110,167,128,55,255,255,141,58,125,167,195,201,24,184,255,190,169,3,255,58,255,193,151,97,172,176,52,137,55,0,38,255,86,155,168,129,103,50,204,84,217,255,136,179,238,33,132,199,89,10,208,68,129,156,191,0,93,31,0,0,255
171,5,155,92,171,74,127,128,179,124,159,88,89,114,80,115,86,100,159,154,7,249,138,122,110,123,200,206,206,92,107,55,149,88,77,142,141,59,24,4,166,153,102,221,129,249,108,97,96,232,154,31,170,58,117,84,203,82,133,179,104,129,0,217,197,180,187,10,167,121,146,255,255,138,61,111,124,213,184,49,164,230,202,112,0,237,0,238,225,200,70,152,73,0,110,83,0,9,170,133,164,165,172,110,53,104,73,255,204,182,250,186,0,138,245,144,23,255,0,119,163,229,0,183,182,0,141,255
171,7,157,93,176,72,147,150,171,138,150,59,94,101,97,105,92,103,177,173,26,241,143,68,127,117,183,197,222,119,131,48,159,133,41,150,156,36,37,94,172,196,104,218,113,226,91,120,71,177,106,46,139,78,122,61,152,54,149,210,122,135,0,189,181,138,155,70,161,153,44,255,255,121,99,152,117,255,162,110,157,223,202,167,0,178,62,255,222,193,123,106,159,32,61,126,0,34,181,129,168,165,110,98,22,137,83,206,240,206,233,144,11,135,219,127,74,195,37,144,83,134,0,135,92,0,110,255
170,8,156,97,181,63,148,162,154,169,189,51,118,84,106,103,141,107,182,191,51,246,152,64,147,116,182,190,234,139,119,5,137,131,69,145,156,40,69,121,197,238,102,222,126,218,119,114,94,196,85,26,179,118,148,63,133,50,164,199,134,211,11,180,241,121,132,46,135,142,0,224,243,164,103,240,42,255,185,151,171,192,215,84,7,167,72,255,177,207,154,145,189,116,54,126,26,67,176,61,183,61,137,147,119,158,49,190,226,200,199,81,6,105,214,177,106,216,0,131,51,55,0,60,202,0,160,255
173,6,155,92,175,69,133,160,141,150,187,75,123,88,99,89,100,85,138,185,43,255,130,102,114,114,170,211,236,127,104,63,139,122,69,117,158,36,56,80,200,243,119,197,106,217,114,128,78,134,105,69,109,126,138,59,154,30,133,189,123,136,18,177,226,156,115,61,146,150,42,255,245,169,110,202,87,251,163,135,171,162,203,87,16,178,75,255,187,151,176,126,116,87,58,138,0,55,148,116,184,93,127,108,81,126,119,220,221,240,229,82,44,145,205,132,116,241,11,91,164,141,0,60,168,0,141,255
174,4,156,90,174,69,140,154,154,124,165,67,118,90,101,103,82,115,143,180,45,255,115,112,122,102,157,232,254,120,128,75,127,126,46,137,162,43,51,73,185,233,94,201,98,206,89,121,79,153,119,107,111,124,129,80,163,35,127,205,108,142,24,195,202,182,133,79,171,123,44,255,255,155,70,151,98,244,163,51,165,173,191,124,0,192,72,255,178,190,86,120,162,37,84,113,18,91,183,144,178,95,91,108,25,157,125,224,247,205,189,84,5,176,188,114,83,227,24,126,147,167,0,113,189,0,184,255
166,9,157,96,179,72,124,89,165,187,142,86,52,175,86,75,128,112,125,116,43,194,169,109,69,118,192,161,145,98,65,128,159,83,86,203,78,65,100,59,164,62,85,123,158,231,60,164,123,232,91,22,127,130,116,132,206,59,38,189,143,75,57,156,198,154,173,55,84,127,132,162,229,161,106,121,72,109,175,0,135,205,210,89,45,223,54,133,163,169,197,244,85,92,200,255,125,19,127,144,213,177,209,149,99,255,96,255,255,238,255,128,78,42,255,45,136,173,18,139,67,78,0,180,147,35,148,255
169,13,170,97,162,55,118,75,170,194,106,89,36,162,38,75,103,87,147,133,21,205,181,77,59,74,155,150,102,57,37,91,182,45,138,190,49,98,157,0,144,42,101,111,248,230,53,167,118,255,108,7,140,91,99,149,217,78,0,191,160,23,55,190,158,157,205,38,149,177,108,141,249,234,77,54,46,97,206,0,99,254,213,119,38,228,42,137,104,156,139,255,75,62,202,255,70,31,131,146,183,127,198,227,111,211,110,208,233,255,255,0,91,0,232,0,104,255,0,114,0,78,65,141,188,117,189,255
169,11,163,101,168,61,98,77,167,205,117,89,43,144,42,52,118,71,145,127,47,180,172,83,70,93,191,144,120,79,36,119,185,46,104,199,48,89,124,27,158,42,56,73,216,222,56,178,116,255,120,27,160,136,105,145,221,85,24,244,175,43,0,166,165,106,204,87,148,189,143,105,255,198,103,82,91,82,211,0,111,255,204,72,58,253,0,110,154,154,120,255,82,67,184,241,102,85,109,133,200,123,168,239,49,250,128,169,255,182,255,6,62,78,255,43,187,192,0,70,36,96,77,255,238,82,34,255
167,11,148,107,169,44,91,80,171,200,127,81,51,172,60,51,124,95,114,146,31,189,144,81,93,106,170,150,108,114,60,122,143,44,116,153,127,65,158,51,119,97,92,102,208,219,93,144,85,224,99,77,114,126,205,162,197,77,59,188,159,95,0,164,114,123,198,36,118,185,124,102,212,205,20,67,30,148,125,4,92,255,205,104,38,190,79,137,123,92,107,162,115,29,182,255,53,37,134,146,200,87,42,152,47,255,31,255,255,255,224,0,159,0,233,39,159,239,0,255,86,23,25,137,111,71,233,255
169,12,151,106,177,58,85,88,145,214,129,85,54,141,52,38,116,84,131,143,49,170,162,58,74,119,157,145,125,106,73,125,160,83,116,187,78,76,151,43,155,122,111,84,198,163,52,136,66,174,145,93,112,112,179,124,204,65,22,225,147,54,0,181,93,146,182,70,159,241,145,71,196,170,82,50,39,170,124,10,123,244,186,106,54,176,69,170,134,146,146,204,82,65,140,232,84,113,133,134,189,79,60,149,33,255,74,228,230,237,202,51,132,54,185,18,221,207,0,156,0,72,18,253,166,38,140,255
161,4,140,119,156,51,82,86,149,195,169,107,83,176,71,71,81,51,127,118,40,223,130,97,108,118,122,107,133,116,101,146,136,75,66,86,121,116,179,42,184,144,109,115,205,191,107,66,90,71,136,2,136,145,191,109,159,130,121,234,159,25,0,160,126,107,224,0,162,255,203,79,221,249,50,63,0,209,106,86,137,153,242,96,161,146,98,227,121,130,139,149,65,7,173,255,135,97,147,196,237,76,87,213,19,223,109,255,255,255,255,59,130,6,251,189,255,255,0,255,35,54,0,230,98,0,221,255
158,2,149,120,151,48,78,98,151,200,172,93,83,178,55,81,103,63,152,97,47,246,195,112,114,122,113,97,139,168,77,128,80,143,66,119,113,46,255,88,122,89,133,148,157,255,113,69,75,116,90,0,125,137,138,36,203,181,19,213,105,60,0,164,128,152,237,23,170,255,76,140,206,136,114,138,0,234,126,223,142,175,252,131,228,128,171,218,135,187,152,207,124,0,147,255,127,108,178,127,155,30,208,255,23,225,55,170,255,255,255,103,25,67,255,124,255,255,29,255,13,0,0,112,34,0,137,255
