161,36,122,47,255,81,106,103,62,199,255,0,93,99,204,0,0,92,154,137,61,244,68,15,136,53,182,155,117,121,42,142,96,199,110,227,244,5,59,145,174,190,66,192,0,221,8,0,87,210,255,10,230,53,163,98,233,74,185,222,208,130,0,178,168,175,211,0,104,0,0,255,255,125,0,144,55,0,255,255,96,242,202,24,38,0,255,174,236,163,0,255,255,255,201,255,156,0,235,91,0,0,0,0,0,34,102,255,255,225,159,0,0,0,0,0,168,255,85,255,29,167,5,0,255,197,0,255
174,45,195,77,249,25,93,130,91,167,247,7,125,121,90,90,54,151,120,110,38,190,65,75,81,194,255,134,184,123,94,40,169,136,45,173,33,0,127,229,64,190,32,98,0,254,2,70,38,154,197,228,245,71,0,94,5,2,163,255,219,190,11,202,203,219,180,93,201,0,109,75,196,131,0,113,63,163,56,143,174,135,149,190,146,85,153,215,191,142,29,69,255,255,0,255,53,217,230,178,0,175,110,95,71,246,138,255,87,255,231,119,94,105,134,142,160,255,0,255,74,0,107,0,135,187,0,255
180,46,228,81,230,41,119,142,88,210,179,45,102,137,92,125,45,208,78,110,44,199,67,122,69,243,183,171,172,113,127,102,131,136,90,218,25,42,160,203,54,192,0,185,41,221,47,66,180,217,171,226,189,100,13,99,9,0,171,255,251,143,11,253,174,182,190,159,255,21,113,22,249,133,0,133,60,255,8,138,136,81,126,190,99,116,120,235,15,254,93,11,255,255,13,255,0,99,182,116,0,133,236,195,157,155,104,229,62,255,188,142,83,55,164,133,68,231,0,67,228,0,63,0,149,77,8,255
158,34,153,41,255,74,150,116,71,200,239,66,62,216,199,95,0,134,111,25,55,240,129,35,51,210,104,182,138,147,114,175,193,150,92,253,115,0,148,255,114,120,39,129,9,226,9,15,46,195,206,0,193,185,129,74,96,34,208,255,164,86,92,158,168,86,249,38,135,109,30,255,255,155,0,20,63,110,192,255,0,234,169,103,125,0,232,255,174,219,0,136,255,255,173,255,143,0,255,70,64,0,25,53,0,102,60,234,255,255,180,128,0,0,0,46,241,255,0,151,135,66,13,64,248,24,0,255
155,35,111,40,255,77,131,73,48,180,255,0,0,127,138,14,0,94,155,191,0,143,22,0,195,67,0,45,231,62,62,157,82,212,73,255,177,62,163,255,231,38,2,163,0,255,116,0,91,255,178,0,236,174,125,159,110,0,184,133,126,255,69,152,255,86,189,61,108,0,0,255,206,255,84,255,0,0,216,255,17,210,42,50,75,0,255,255,255,255,0,255,251,126,255,155,195,0,192,35,0,0,0,15,0,68,100,255,255,117,255,0,0,0,0,131,155,255,143,255,124,255,0,121,35,255,0,255
158,34,144,53,255,103,141,91,73,191,187,68,0,221,105,96,0,129,132,117,33,192,65,0,32,197,23,172,192,131,255,80,138,151,24,255,94,67,232,175,165,199,0,124,113,255,235,46,207,239,147,106,37,190,255,189,53,0,205,229,160,125,160,157,201,115,194,74,139,186,42,255,239,214,17,21,5,115,125,255,0,165,82,45,0,0,155,211,132,196,0,255,222,142,229,255,126,0,142,130,12,0,0,132,0,74,66,188,236,232,255,17,20,0,0,187,239,255,0,255,52,108,60,186,162,60,0,255
154,30,105,31,255,82,134,64,47,184,255,0,0,143,117,39,0,89,177,209,0,170,0,0,200,106,0,85,255,101,109,123,36,201,79,255,223,66,207,236,246,18,0,208,3,255,220,0,116,255,150,47,210,123,230,145,76,0,200,96,111,255,159,120,255,64,196,61,62,85,0,255,255,200,53,232,0,0,89,255,13,219,0,66,109,0,243,255,255,255,0,255,255,87,255,111,145,0,191,0,0,0,0,0,0,0,25,149,255,130,225,0,0,0,0,255,224,255,66,255,0,255,0,216,40,237,0,255
154,23,78,21,255,84,112,69,59,129,255,0,0,133,0,0,0,48,176,255,0,106,0,0,255,0,0,0,255,98,119,163,3,255,0,222,247,211,255,255,214,74,0,225,149,255,158,84,108,255,38,0,136,71,177,108,0,0,120,85,142,135,255,59,255,94,81,116,0,229,0,255,70,144,0,255,0,0,0,255,58,255,4,5,138,0,255,255,255,255,0,255,255,127,255,109,114,0,255,0,94,0,144,49,0,200,65,255,213,44,226,57,0,0,0,255,121,255,133,183,0,203,0,255,0,210,0,255
170,41,145,38,255,65,120,93,74,193,221,0,29,98,103,8,12,75,145,127,26,220,89,25,125,174,142,166,217,80,96,82,139,177,2,208,141,26,111,197,179,208,0,139,0,247,21,117,0,184,149,117,255,108,121,104,74,0,216,148,225,223,132,255,174,170,208,10,10,31,0,255,240,161,0,168,0,44,180,255,10,238,136,182,0,0,134,175,255,149,0,194,255,251,140,255,61,10,201,175,0,134,0,92,0,37,96,244,255,255,171,135,0,88,0,6,154,255,47,243,123,100,212,0,2,252,0,255
160,32,101,37,255,70,88,77,65,171,255,0,0,38,89,0,0,98,142,255,0,167,0,0,255,0,15,0,255,71,32,118,39,245,77,225,255,69,205,215,239,49,0,255,0,255,104,129,32,255,114,35,255,108,58,107,45,0,96,11,249,248,79,107,255,216,88,15,0,48,0,255,171,233,0,255,0,0,98,255,18,255,77,114,127,0,255,255,255,222,0,255,255,214,203,147,18,0,255,0,0,0,130,65,0,103,55,255,255,49,156,102,0,45,0,208,163,255,142,193,50,255,0,33,13,255,0,255
152,36,82,27,255,67,125,61,35,197,255,0,55,95,60,0,0,42,156,248,0,114,0,0,225,0,97,73,136,61,62,27,119,255,20,134,120,204,93,255,255,0,54,86,0,255,0,2,161,255,255,78,187,255,102,255,255,0,13,81,27,255,7,11,255,30,255,248,255,0,25,255,255,243,255,255,0,0,110,255,7,255,75,147,107,0,255,160,255,255,0,255,255,165,255,241,123,0,39,0,0,0,255,0,0,255,255,255,255,175,255,0,0,0,0,255,84,255,255,255,187,255,0,176,255,0,0,255
153,30,91,43,255,73,88,65,46,183,255,0,21,40,61,0,0,102,110,255,0,61,0,0,255,0,42,0,255,45,0,106,84,231,100,238,203,155,225,255,227,0,0,140,0,255,90,138,88,255,148,38,192,225,10,221,179,0,19,95,77,255,18,11,255,211,31,156,163,41,21,255,233,199,220,255,61,0,54,255,55,255,151,156,176,0,255,255,255,255,0,255,149,122,255,75,29,0,197,0,91,0,255,0,0,255,99,255,213,76,76,0,0,0,0,255,76,255,196,93,145,255,0,255,122,33,0,255
150,34,93,33,255,75,104,76,40,177,255,0,17,71,61,0,0,61,168,214,0,141,0,24,227,0,101,58,188,25,91,162,101,238,28,194,175,167,129,249,201,61,10,202,8,255,12,64,115,255,215,32,167,194,39,80,96,0,40,237,45,255,84,88,255,2,255,213,179,26,0,255,191,198,65,255,0,0,171,255,0,255,109,17,76,0,255,255,255,255,0,255,240,255,255,150,255,0,197,0,0,0,149,0,0,95,31,255,255,26,253,0,0,0,0,170,94,255,190,207,199,255,0,255,255,0,0,255
150,34,103,69,255,67,96,100,39,174,255,0,0,128,117,0,0,34,162,139,0,70,43,0,79,45,58,90,223,151,0,214,171,168,81,255,177,88,133,255,238,18,79,255,0,255,58,0,135,205,172,0,241,246,100,97,160,13,152,255,136,255,0,170,255,36,226,0,244,10,0,255,220,255,74,255,0,0,255,255,0,157,166,49,84,0,255,255,255,228,0,255,85,135,255,255,255,0,255,60,11,0,169,18,0,136,207,255,255,111,255,0,0,0,0,98,255,255,220,247,255,255,0,157,85,0,0,255
156,33,138,68,255,71,108,76,64,170,220,12,0,178,98,65,0,103,202,125,10,125,49,0,15,118,72,111,181,153,146,125,200,151,0,255,164,100,175,242,109,172,70,151,121,255,118,87,155,250,125,12,83,180,169,169,29,0,232,255,178,30,117,202,206,171,131,49,144,68,107,230,140,250,28,139,40,77,86,255,36,251,179,6,48,0,225,255,255,160,0,205,255,248,145,255,137,0,168,202,96,98,48,100,0,149,238,255,173,92,255,62,23,0,0,201,255,199,0,197,105,87,76,41,213,141,0,255
154,39,127,56,255,61,96,73,63,164,230,0,30,175,56,38,0,64,222,71,0,148,97,13,0,182,251,202,106,132,218,73,237,107,0,138,115,109,184,194,215,205,13,111,0,255,36,0,255,206,255,33,37,186,223,138,127,0,136,255,129,240,0,153,129,109,255,141,255,37,136,243,233,255,0,255,0,57,181,255,16,212,146,0,111,0,255,71,226,142,0,255,255,255,255,255,255,0,0,0,0,187,0,0,0,67,255,247,255,255,205,0,0,0,0,255,255,255,86,98,101,255,73,123,255,0,0,255
153,32,93,41,255,71,115,68,60,163,255,0,36,129,27,0,0,40,174,228,0,120,60,0,95,0,98,67,126,142,118,84,138,221,14,205,205,191,128,231,167,142,39,83,73,255,0,59,219,255,239,119,56,160,157,183,114,0,130,157,144,255,27,100,218,152,181,162,216,0,0,255,216,175,125,255,66,0,110,255,0,255,156,0,62,0,255,163,234,255,0,255,255,255,255,255,107,0,70,7,0,0,20,0,0,243,255,255,255,247,255,0,0,0,0,195,107,255,225,255,200,255,0,175,255,51,0,255
156,32,106,37,255,72,139,81,76,169,255,0,55,120,32,11,17,84,204,184,0,226,72,11,155,5,75,89,157,118,110,118,81,177,46,173,220,122,148,238,181,124,3,138,0,255,18,80,107,255,199,64,142,152,93,80,96,0,174,155,139,255,134,199,197,165,255,106,120,0,0,255,171,120,106,255,0,0,69,255,0,255,105,52,70,0,150,177,239,208,0,255,255,223,255,197,97,0,150,94,0,0,35,27,0,163,148,255,255,251,231,136,0,4,0,99,57,255,175,255,136,244,0,202,255,0,0,255
157,34,112,57,255,59,126,79,57,132,255,0,12,97,99,20,0,137,111,183,0,136,0,0,179,24,37,33,255,107,114,146,67,225,85,255,143,66,205,255,161,23,31,156,0,255,55,62,86,255,156,17,211,187,40,90,88,0,133,188,53,255,81,147,255,142,205,122,91,0,4,255,206,255,98,255,8,0,191,255,11,232,98,0,85,0,255,255,255,255,0,255,209,255,255,122,255,0,255,18,134,0,75,24,0,132,58,255,255,82,180,0,0,0,0,163,159,255,158,182,200,255,0,242,232,84,0,255
163,40,121,72,255,58,117,72,73,150,255,0,53,145,15,0,0,66,200,128,0,208,73,41,41,137,106,67,146,130,199,152,122,125,0,189,132,124,98,219,124,140,65,139,84,255,19,65,109,255,147,60,143,56,117,101,11,0,146,255,107,255,86,81,255,21,150,198,97,58,77,255,173,236,0,255,0,0,255,255,61,220,71,8,18,0,255,219,255,170,0,255,255,255,255,140,221,0,194,224,0,107,0,63,0,67,231,255,255,53,255,0,0,0,0,58,142,255,170,198,255,195,96,0,188,135,0,255
155,33,129,68,255,62,121,83,74,171,225,26,60,183,44,33,0,64,225,71,33,153,52,0,0,177,174,215,127,123,182,87,238,80,81,200,186,69,198,200,190,228,82,100,0,255,72,43,220,186,223,73,35,183,167,255,115,38,255,255,222,127,13,224,108,107,255,46,201,116,46,255,204,255,0,134,0,43,62,255,49,150,139,0,0,0,209,112,171,147,0,228,255,255,231,255,178,0,0,31,45,154,0,10,0,95,255,165,255,255,255,13,0,0,54,255,211,255,73,255,27,137,153,110,255,0,0,255
159,42,143,58,255,70,124,99,57,199,223,28,51,178,115,70,0,122,169,92,7,201,72,0,28,162,121,203,137,106,105,89,243,131,83,245,138,41,141,255,154,179,52,94,0,255,17,59,124,212,255,60,150,205,131,205,191,52,247,255,192,255,0,174,98,155,255,42,206,19,57,255,250,244,0,165,24,53,203,253,7,154,141,0,30,0,189,159,244,166,0,174,255,255,176,255,118,0,117,29,0,62,0,73,0,92,157,246,255,255,255,0,0,0,0,174,209,255,80,255,52,207,182,100,255,32,0,255
167,38,152,85,255,19,121,111,75,145,244,8,73,131,123,52,0,117,112,83,37,140,56,0,67,168,192,105,241,115,119,102,159,103,137,255,115,0,156,255,120,174,84,0,0,234,19,0,62,155,243,48,220,157,22,182,154,165,216,189,141,201,0,255,163,255,255,3,172,0,72,163,107,235,47,92,48,58,128,168,77,179,131,7,138,0,255,205,235,161,0,160,255,255,119,255,108,35,151,169,148,135,0,145,0,191,255,255,255,255,144,233,65,42,18,211,132,127,36,255,155,91,152,7,209,240,0,255
158,36,163,82,255,54,101,86,79,160,191,73,63,163,160,123,0,131,196,15,22,188,38,47,10,181,169,183,195,109,182,98,211,117,44,209,46,68,158,243,112,185,125,130,107,255,76,33,134,216,117,2,157,221,21,149,80,128,246,255,186,7,78,255,145,113,231,37,255,126,166,169,118,255,87,119,22,69,80,191,116,88,191,0,90,0,185,255,215,117,57,118,255,255,136,255,222,0,155,213,180,147,0,112,0,142,184,241,168,135,255,56,177,0,52,255,255,165,0,83,12,55,103,10,241,169,0,255
157,39,128,50,255,81,104,87,70,186,245,0,5,164,113,43,0,119,173,151,6,152,30,0,21,118,138,214,177,147,95,59,179,181,0,251,111,139,154,230,137,140,7,161,0,255,121,26,209,255,194,82,162,116,163,127,80,0,197,255,191,239,0,198,229,166,249,45,136,34,104,255,246,255,0,255,48,28,188,255,0,203,135,8,61,0,252,166,255,200,0,255,255,255,255,255,255,0,165,65,0,115,79,0,0,107,148,255,255,127,255,0,0,0,0,144,255,255,85,169,98,255,52,130,227,70,0,255
149,26,82,49,255,76,88,80,74,140,255,0,0,104,60,0,0,71,156,206,0,65,10,0,20,0,44,92,183,207,98,183,139,121,37,255,224,156,185,250,209,67,29,255,0,255,194,74,255,255,72,8,44,168,219,198,102,0,104,158,179,136,0,215,255,185,224,0,141,0,0,255,255,255,102,255,64,0,238,255,0,255,228,0,0,0,255,221,235,255,0,255,117,214,255,255,255,0,130,3,18,0,255,0,0,219,252,255,255,84,255,0,0,0,0,159,239,255,255,119,255,255,0,255,255,0,0,255
154,32,116,62,255,68,98,75,62,145,253,0,0,157,31,9,0,76,170,123,0,112,9,0,58,88,73,86,192,157,145,114,179,180,0,223,144,134,123,255,115,160,82,161,68,255,25,83,174,255,87,10,29,151,127,150,0,0,184,255,151,104,110,120,234,109,202,113,104,97,63,255,209,255,21,170,38,21,99,255,12,251,202,0,13,0,255,255,255,225,0,248,255,255,255,255,255,0,233,107,91,89,86,66,0,195,226,255,255,70,255,45,0,0,0,164,253,255,110,163,240,197,17,69,255,53,0,255
153,23,81,62,255,61,62,66,41,136,255,0,0,139,0,0,0,59,145,255,0,43,0,0,204,0,0,0,226,171,83,160,110,255,0,255,255,241,255,255,134,45,81,207,202,255,154,207,127,255,47,0,0,88,134,203,0,0,92,126,125,0,179,8,255,224,0,180,43,140,41,255,75,246,0,255,52,41,12,255,0,255,175,54,186,0,255,255,255,255,0,255,160,149,240,38,82,15,255,0,206,0,255,56,0,255,202,255,130,0,214,1,0,51,0,214,255,255,117,122,253,255,0,255,158,176,0,255
157,31,103,38,255,67,106,69,53,143,255,0,0,111,83,0,0,70,174,210,0,124,0,0,219,32,0,21,255,102,84,138,56,220,23,255,255,62,181,255,192,95,0,163,0,255,82,23,70,255,141,0,191,117,108,101,6,0,202,75,150,118,126,178,255,159,149,29,0,51,0,255,187,205,0,231,0,0,46,255,69,255,53,14,92,0,255,255,255,223,0,255,255,228,255,201,185,0,243,0,0,0,0,78,0,106,117,255,230,171,255,133,0,16,0,189,251,255,151,242,22,215,0,147,45,255,0,255
155,28,99,26,255,83,81,72,52,155,255,0,12,136,111,0,0,76,157,195,40,120,0,0,185,26,96,87,204,85,61,177,82,191,39,255,255,41,127,158,208,125,6,203,0,255,101,0,110,236,192,0,174,67,207,129,135,0,154,106,136,20,49,209,255,205,179,0,0,55,0,255,221,124,0,121,21,0,107,255,88,255,101,0,76,0,255,255,255,252,0,255,222,255,252,255,231,0,228,0,12,0,0,0,0,144,139,255,192,246,174,157,0,0,0,72,255,255,148,255,50,226,0,158,148,128,0,255
165,39,152,61,255,50,103,98,64,170,255,0,54,118,173,37,0,116,96,145,1,170,33,0,151,144,137,95,240,113,81,85,109,185,65,240,156,0,120,246,99,158,52,166,0,255,32,0,40,202,232,45,233,137,33,88,51,68,189,149,185,137,31,196,185,255,181,11,111,10,41,194,255,223,0,124,77,118,101,255,90,207,100,115,200,0,254,241,211,218,0,148,255,255,152,255,76,62,255,114,18,81,17,100,0,203,106,234,137,255,213,146,0,109,0,123,255,255,57,243,59,19,34,13,79,255,0,255
158,34,158,71,255,51,122,129,93,175,213,54,86,202,182,107,0,132,160,56,40,169,39,14,25,180,229,195,175,106,119,86,239,68,101,208,99,2,218,255,112,169,77,114,0,255,101,0,78,163,205,0,182,177,65,179,134,81,255,255,178,80,0,249,120,234,249,0,183,83,155,217,132,247,43,40,18,140,68,197,48,122,196,0,139,0,211,255,172,221,68,142,255,255,52,255,60,80,171,119,199,109,0,126,24,255,179,255,158,218,230,127,32,8,23,186,215,158,0,174,65,0,67,80,255,178,0,255
153,25,139,66,244,61,109,95,80,193,242,72,100,147,199,59,0,90,192,122,63,170,53,9,96,110,207,192,137,121,38,129,132,132,86,250,151,0,98,223,74,151,92,149,0,247,120,21,63,178,255,0,174,124,96,70,190,47,210,204,166,94,11,247,191,234,202,0,120,0,133,227,238,180,43,74,75,125,105,189,19,158,236,9,118,53,156,169,205,225,57,75,210,255,119,255,147,0,119,213,180,30,48,0,3,208,172,239,112,255,255,103,0,50,118,45,251,230,0,255,4,0,49,0,243,134,0,255
156,31,156,63,255,78,144,116,96,222,190,114,129,196,179,127,31,154,151,95,62,255,125,64,38,122,207,217,82,169,68,94,154,122,125,251,168,34,197,255,49,117,40,184,0,184,143,108,120,223,255,54,79,130,63,131,120,93,255,210,228,78,111,255,59,202,255,10,139,0,171,200,255,121,108,65,65,212,39,232,51,203,242,80,92,64,112,181,175,196,33,106,237,255,77,243,71,0,143,168,255,0,204,27,24,175,132,174,86,255,228,158,0,68,170,65,176,195,0,255,111,0,37,74,255,24,0,255
149,23,106,75,255,59,84,77,37,187,255,0,60,101,184,0,0,43,143,208,0,0,0,0,173,0,86,41,145,71,0,175,200,87,199,255,255,0,106,239,255,54,119,92,0,246,133,0,189,194,255,0,82,255,148,255,255,110,168,199,193,188,0,194,115,223,171,0,255,0,15,255,191,197,224,255,117,0,110,194,173,174,162,54,84,0,255,141,255,255,51,234,162,206,255,255,71,0,62,70,26,0,143,0,0,255,255,144,136,255,255,8,0,0,0,155,250,181,190,255,134,251,0,0,85,97,0,255
156,41,101,47,255,71,104,87,19,213,255,0,91,92,143,0,0,66,120,255,0,60,6,0,199,0,195,110,178,22,0,22,149,250,118,255,177,86,17,255,255,20,57,26,0,255,0,0,129,189,255,49,179,255,71,255,255,64,25,66,27,255,0,140,135,134,201,118,255,0,0,255,255,238,165,255,42,0,177,255,106,255,65,152,56,0,255,182,255,255,0,255,196,219,255,255,155,0,173,24,0,0,46,0,0,255,255,255,255,255,242,0,0,0,0,170,99,255,255,255,100,255,0,0,158,75,0,255
158,47,122,53,255,54,100,86,23,202,255,0,44,136,77,0,0,52,157,167,0,140,77,0,96,65,237,116,121,36,72,19,243,207,3,102,79,145,72,255,192,112,65,53,0,255,0,0,127,229,255,65,113,253,94,94,126,0,54,255,0,255,40,18,125,49,255,247,255,0,158,234,255,255,0,255,0,73,228,255,0,255,55,133,126,0,249,103,255,255,0,255,255,255,255,255,255,0,208,19,0,75,41,0,0,64,204,255,255,169,238,0,0,0,0,158,193,255,224,240,124,255,5,64,255,0,0,255
152,27,101,77,255,59,74,59,17,198,254,0,35,87,111,0,0,42,132,225,0,59,0,0,146,0,70,9,176,99,0,158,184,152,204,255,255,60,120,199,229,26,92,100,0,255,60,97,158,244,255,48,110,255,103,255,254,30,92,171,155,208,0,121,150,118,81,93,255,0,46,172,234,172,166,255,105,28,114,255,66,220,149,131,61,0,255,255,255,255,0,255,232,122,255,143,29,22,131,0,13,0,187,0,0,151,255,214,255,255,209,0,0,3,0,255,200,226,157,255,222,255,0,97,139,22,0,255
146,25,73,35,255,71,120,73,46,213,255,0,0,45,0,7,0,53,152,228,0,90,0,0,255,0,0,0,255,133,0,186,113,255,35,181,182,255,255,255,236,0,24,255,10,255,116,255,71,255,0,0,255,250,0,152,0,0,0,157,185,255,185,0,255,0,85,255,255,179,53,255,17,255,255,255,0,24,148,255,0,236,169,255,208,0,255,255,255,255,0,255,255,0,255,0,0,0,227,0,255,0,255,0,0,217,0,255,255,0,110,0,0,0,0,255,9,255,103,0,255,255,0,255,224,0,0,255
148,18,64,30,255,59,88,58,59,150,255,0,0,50,9,0,0,63,133,255,0,38,0,0,255,0,0,0,255,156,0,185,45,255,20,255,255,255,255,255,170,0,55,255,46,255,173,255,138,255,0,25,214,20,0,202,0,0,61,20,211,152,72,17,255,182,0,124,19,109,0,255,16,228,156,255,46,0,0,255,0,255,178,17,255,0,255,255,255,255,0,255,255,134,255,54,38,0,125,0,166,0,255,0,0,255,0,255,55,0,225,0,0,39,0,255,135,255,171,5,249,255,0,255,186,255,0,255
148,19,62,37,255,57,93,77,63,155,255,0,0,35,0,0,0,32,129,255,0,58,0,0,255,0,0,0,255,144,0,165,79,255,30,242,255,255,255,255,192,0,38,255,56,255,110,255,97,255,0,18,251,139,0,175,0,0,8,19,217,254,115,54,255,50,23,175,127,210,0,255,0,168,196,255,4,0,0,255,0,255,145,118,221,0,255,255,255,255,0,255,255,77,255,59,0,14,176,0,195,0,255,0,0,255,9,255,159,0,194,0,0,29,0,255,82,255,155,0,252,255,0,255,206,81,0,255
148,22,71,44,255,61,91,78,51,160,255,0,0,20,0,0,0,49,137,255,0,36,0,0,255,0,0,0,255,152,0,195,122,219,50,255,255,230,255,255,215,0,33,255,0,255,118,255,161,255,9,0,213,191,0,159,0,0,0,147,206,255,28,103,255,108,62,156,124,85,0,255,54,244,136,255,0,0,128,255,0,255,224,94,85,0,255,255,255,255,0,255,191,71,255,97,96,0,255,0,218,0,255,0,0,255,0,255,240,0,148,0,0,30,0,255,90,255,222,0,255,255,0,255,185,0,0,255
164,45,118,59,255,48,147,124,52,154,255,0,0,72,67,0,0,46,137,115,0,224,144,0,150,73,144,160,204,100,85,28,255,174,26,190,169,112,16,255,214,94,35,255,0,255,0,40,0,255,148,0,255,210,82,0,0,0,161,237,188,255,52,255,161,0,255,210,64,0,0,255,182,255,0,255,0,0,255,255,0,110,95,144,0,0,255,216,255,91,0,255,255,255,255,255,255,0,255,203,0,202,0,244,0,4,44,190,255,0,255,0,0,0,0,0,81,255,168,255,88,232,115,0,124,31,0,255
152,24,77,47,255,67,86,93,65,141,255,0,0,82,58,0,0,63,114,255,0,67,0,0,255,0,0,0,236,133,27,166,96,254,17,255,255,196,255,255,221,0,0,255,0,255,235,174,159,255,9,0,195,113,112,164,0,0,73,78,216,166,36,141,255,149,42,94,35,85,0,255,51,255,50,255,17,0,135,255,0,255,124,48,77,0,255,255,255,255,0,255,167,93,255,122,141,0,255,0,71,0,255,95,0,255,75,255,251,0,255,0,0,0,0,220,231,255,165,192,163,255,0,255,0,219,0,255
149,22,80,46,255,76,99,77,75,136,255,0,0,140,35,10,0,51,162,213,0,112,0,0,110,0,0,0,183,231,129,150,99,216,0,255,162,250,255,255,190,22,26,255,130,255,239,108,255,255,2,4,100,83,240,147,0,0,135,143,160,152,70,28,255,105,133,100,160,128,21,255,233,255,116,255,5,0,135,255,0,255,170,0,147,0,255,255,255,255,0,255,255,136,255,227,218,0,141,0,68,61,255,0,0,164,219,255,255,0,255,0,0,0,0,255,255,255,101,134,205,255,0,255,197,41,0,255
154,40,106,16,255,74,124,49,62,173,255,0,6,109,33,8,0,96,204,130,0,219,38,0,106,146,87,178,161,122,131,81,120,185,0,98,105,157,153,223,255,37,0,255,0,255,2,15,208,255,221,63,216,224,173,23,125,0,117,255,118,255,55,72,255,38,255,186,255,0,89,255,255,255,0,255,0,0,255,255,0,242,78,24,80,0,255,140,255,255,0,255,255,254,255,255,255,0,87,0,0,112,133,0,0,40,165,255,255,211,217,0,0,0,0,237,255,255,239,55,165,255,0,255,229,0,0,255
158,43,132,79,255,62,100,90,57,171,253,0,5,214,96,30,0,82,202,72,38,162,72,0,0,179,206,211,171,135,181,91,188,169,18,212,97,111,181,221,131,202,70,121,51,255,14,0,206,203,255,0,100,190,161,122,107,55,207,255,146,183,38,245,146,45,255,120,244,107,136,255,206,255,0,163,0,44,192,255,12,181,93,0,12,0,255,138,255,69,0,255,255,255,255,255,255,0,178,68,0,215,0,102,0,73,238,255,255,200,255,0,0,0,0,205,255,255,59,237,131,255,166,43,255,64,0,255
175,46,164,96,255,2,134,126,84,123,243,0,99,102,89,59,41,146,80,115,42,175,72,43,60,128,254,97,216,135,186,17,154,127,66,218,65,0,82,252,38,167,54,0,31,218,0,46,64,178,255,142,209,75,12,130,47,70,146,255,48,255,0,180,255,255,241,202,147,0,63,102,133,255,56,74,49,168,146,211,88,173,148,196,154,0,255,112,191,112,0,139,255,255,175,252,132,109,236,219,122,211,0,105,82,215,160,255,255,253,158,153,0,130,32,106,139,233,148,255,155,0,85,32,213,145,0,255
178,49,187,95,250,31,143,89,70,154,210,45,103,174,109,82,71,171,64,99,34,235,102,115,69,219,154,171,231,140,208,65,113,92,82,199,90,18,127,100,25,114,30,92,94,126,31,82,124,194,242,216,255,109,0,153,98,41,142,255,149,186,60,204,255,232,185,203,174,0,9,70,210,255,0,17,123,182,96,215,48,133,82,255,143,0,255,184,122,93,0,96,255,255,164,255,46,131,151,195,218,240,88,50,104,136,81,255,255,255,205,231,0,229,140,198,153,255,40,251,242,2,85,77,68,48,0,255
151,35,93,32,255,87,125,79,58,168,255,0,2,121,40,0,0,70,206,165,0,165,19,15,117,34,74,155,226,118,98,170,91,192,0,236,213,197,120,222,205,88,0,255,45,255,0,25,175,255,184,0,194,135,62,49,97,0,103,183,119,255,32,222,255,0,255,137,95,59,0,255,152,254,0,255,0,0,168,255,0,255,59,26,48,0,255,255,255,190,0,255,245,255,255,246,255,0,190,0,0,0,133,0,0,74,84,255,255,69,255,0,0,0,0,136,151,255,255,179,200,255,0,255,255,0,0,255
158,39,116,39,255,76,145,84,56,176,255,0,10,142,122,0,0,92,145,119,0,182,31,0,132,166,79,184,255,131,49,113,119,172,60,252,194,73,105,238,223,53,0,255,0,255,0,0,63,255,220,0,255,116,114,71,108,0,178,157,149,255,24,166,255,0,209,99,59,54,0,255,216,255,0,232,0,0,245,255,0,147,14,152,82,0,255,255,255,199,0,255,255,255,255,217,175,0,239,0,0,105,0,0,0,25,43,255,255,91,255,0,0,0,0,47,205,255,203,255,138,182,0,0,105,150,0,255
175,47,167,74,255,31,142,125,96,160,237,2,59,148,81,81,56,143,92,125,24,207,77,35,93,196,147,102,247,115,163,44,182,133,68,236,69,0,151,199,109,188,40,91,0,255,77,82,0,248,166,137,226,78,101,183,0,0,236,255,209,255,34,146,201,209,221,149,176,3,12,164,208,255,0,84,53,155,212,142,58,172,111,255,91,0,255,159,218,41,0,142,255,255,77,255,71,108,185,91,86,255,0,151,0,199,110,255,239,255,218,78,0,138,16,113,137,255,122,255,94,0,160,42,0,192,0,255
154,33,103,49,255,73,95,79,30,172,255,0,0,102,56,0,0,72,143,217,0,84,30,0,68,0,96,89,188,145,79,140,218,166,83,255,255,106,168,195,161,114,43,223,35,255,33,140,187,241,182,55,109,233,161,184,153,0,108,171,172,154,0,183,232,151,183,110,134,0,0,255,255,186,0,255,48,8,179,255,0,255,180,0,0,0,255,255,255,236,0,255,230,255,255,255,201,0,153,0,0,0,97,0,0,116,126,255,255,163,217,0,0,0,0,163,188,255,225,236,242,255,0,240,255,0,0,255
159,41,125,52,255,51,109,90,24,150,255,0,12,118,110,24,0,113,118,53,0,106,31,0,70,152,176,121,209,53,122,144,230,177,118,250,84,17,103,255,241,66,45,155,0,255,0,0,122,219,186,0,206,255,105,131,134,101,143,255,51,255,0,182,140,23,255,133,223,76,38,255,235,255,0,255,0,0,255,255,0,154,141,0,41,0,255,255,255,202,0,255,255,255,255,255,255,0,255,0,65,68,0,64,0,65,121,255,255,255,85,0,0,0,0,200,255,255,86,88,123,255,0,43,114,0,0,255
162,42,142,78,255,44,101,88,79,154,237,0,16,146,91,29,0,112,150,93,0,167,68,10,38,186,182,156,198,128,136,76,212,140,58,194,112,56,170,251,197,155,43,104,0,255,77,17,109,203,202,39,246,181,119,173,124,0,127,255,186,255,0,185,203,137,202,75,238,82,145,172,81,255,0,255,0,0,241,228,63,139,118,7,66,0,255,206,255,134,0,242,255,255,122,255,141,0,144,128,31,204,6,214,0,138,176,255,255,93,255,0,24,0,0,206,233,244,53,138,142,165,31,0,185,207,0,255
170,45,165,75,255,59,98,69,60,177,204,0,44,163,118,53,9,125,138,115,37,150,39,38,0,175,221,184,183,119,120,83,208,125,1,241,113,32,150,207,125,195,73,88,0,255,74,88,115,218,255,129,195,175,116,135,162,16,120,255,146,249,63,225,173,176,222,59,252,70,222,123,102,203,0,140,0,113,205,74,103,128,41,86,47,0,190,162,254,168,0,140,255,255,133,242,172,80,159,211,0,143,11,227,0,165,102,255,250,213,161,111,63,17,19,133,255,225,70,86,234,81,137,0,208,121,0,255
147,32,94,44,255,69,119,74,72,180,255,0,60,133,72,0,0,49,212,164,0,175,6,0,163,67,129,173,169,53,92,131,82,163,0,173,160,172,49,240,237,56,17,100,0,255,0,0,173,255,255,28,171,199,52,129,196,0,113,147,35,255,8,198,255,0,255,124,255,5,28,255,155,207,223,255,0,0,33,255,21,255,58,67,57,0,255,195,255,255,0,255,255,188,255,164,220,0,142,0,0,0,183,0,0,183,255,255,255,172,255,0,0,0,0,255,178,255,237,238,192,255,0,240,255,0,0,255
147,35,94,40,255,71,103,72,35,211,255,0,48,97,119,0,0,75,161,207,0,127,0,0,222,9,124,160,183,0,38,134,121,192,87,255,229,112,98,220,255,3,3,167,0,255,28,39,135,242,255,22,190,255,21,216,255,7,66,148,49,255,0,198,255,0,255,160,248,0,0,255,185,219,161,255,0,14,112,255,0,255,52,92,60,0,255,255,255,255,0,255,161,251,255,164,156,0,148,0,0,0,142,0,0,132,166,255,255,188,255,0,0,0,0,229,176,255,255,255,182,255,0,220,226,0,0,255
153,42,102,48,255,70,83,73,5,206,255,0,41,142,153,0,0,56,124,224,0,83,12,0,120,56,175,182,143,28,34,72,193,203,128,255,182,44,43,229,255,19,16,86,0,255,28,0,191,186,255,46,154,255,198,255,255,89,93,204,0,255,0,136,134,50,255,86,255,0,0,255,255,255,72,255,0,0,244,255,30,226,55,28,0,0,255,159,255,255,0,255,100,255,255,255,240,0,206,0,0,0,0,0,0,72,255,109,255,255,255,0,0,0,0,238,255,255,255,255,38,255,0,16,83,0,0,255
154,38,109,58,255,61,71,83,3,199,253,0,38,118,66,0,0,38,171,131,0,52,25,0,18,75,255,255,158,78,67,101,255,153,109,217,223,48,10,187,238,122,1,95,0,255,0,0,244,157,255,0,85,255,169,150,255,89,45,255,95,255,0,118,75,32,255,114,255,60,46,235,255,161,0,255,0,54,169,255,11,255,86,65,54,0,255,122,203,255,0,255,246,255,255,255,255,0,183,0,0,0,111,0,0,79,194,175,255,255,132,0,0,0,0,255,255,255,140,242,76,255,0,12,160,0,0,255
150,36,100,36,255,82,132,92,55,187,255,0,50,97,116,0,0,50,183,188,0,156,29,0,205,0,110,148,218,50,32,155,96,216,63,232,180,97,99,255,245,88,18,227,0,255,0,0,105,196,255,0,255,215,39,78,255,0,112,149,137,255,0,198,255,0,255,73,185,0,0,255,197,246,118,255,0,0,211,255,42,215,93,34,73,0,255,255,255,255,0,255,224,253,255,230,255,0,176,0,0,0,89,0,0,151,108,255,255,142,255,0,0,0,0,139,24,255,251,255,128,255,0,146,255,55,0,255
152,36,86,33,255,69,125,92,61,173,255,0,0,79,16,0,0,57,180,150,0,165,0,0,141,0,15,193,255,168,14,140,110,219,0,255,215,234,181,255,233,0,0,255,0,255,13,148,132,255,49,0,255,199,0,26,39,0,94,157,199,255,0,255,255,0,255,115,116,87,0,255,126,255,0,255,0,0,245,255,0,236,82,102,0,0,255,255,255,184,0,255,255,173,255,250,255,0,255,0,0,13,255,4,0,60,0,255,255,0,255,0,0,0,0,226,190,255,255,24,252,255,0,255,217,0,0,255
154,32,123,35,255,90,112,78,74,192,193,9,0,206,75,39,0,68,150,75,33,187,30,13,15,244,118,255,175,124,189,78,176,133,0,216,104,129,124,127,219,190,0,161,102,255,120,18,192,205,187,111,164,118,255,135,146,0,151,221,201,240,58,199,255,0,234,50,130,138,28,255,232,160,0,187,0,87,189,255,0,165,143,6,12,0,255,213,177,255,0,255,254,226,255,255,137,0,138,31,0,107,0,0,0,26,198,235,255,228,255,2,0,0,0,128,249,255,0,255,157,237,174,123,226,0,0,255
170,47,166,104,255,11,79,107,97,157,210,0,66,147,65,69,36,141,154,46,12,174,71,34,57,228,233,121,211,121,213,104,202,104,97,163,51,6,167,209,96,197,58,66,0,219,39,0,61,165,193,42,187,137,38,150,98,66,136,255,150,255,0,184,86,232,184,115,255,60,192,113,86,208,0,236,21,0,170,121,157,165,141,81,119,18,255,173,255,81,18,166,255,255,0,255,150,22,127,161,117,255,12,195,0,255,255,255,255,255,143,204,204,55,26,225,215,95,27,88,119,103,116,0,84,211,0,255
159,40,126,63,255,45,106,68,49,157,248,0,64,147,42,4,0,86,188,89,0,137,60,4,10,158,200,167,155,102,138,57,239,96,39,130,170,73,65,252,234,148,59,65,0,255,0,0,242,246,255,37,74,192,106,136,126,20,89,255,103,255,0,143,113,120,255,120,255,25,128,226,160,255,0,255,0,62,133,255,141,185,41,25,142,0,255,90,222,207,0,255,255,255,255,255,255,0,127,0,0,147,20,59,0,133,255,255,255,255,229,8,0,0,0,255,255,255,190,151,74,255,121,54,193,0,0,255
154,40,103,26,255,88,121,77,41,200,255,0,69,99,79,0,0,81,167,204,0,164,21,26,179,12,169,167,169,13,100,96,116,234,47,185,147,148,43,191,236,90,0,138,0,255,0,13,130,233,255,77,210,255,77,143,252,0,56,186,69,255,29,168,255,0,255,190,234,3,0,255,240,172,71,255,0,0,160,255,0,255,54,76,15,0,255,238,255,255,0,255,255,255,255,255,191,0,148,0,0,0,54,0,0,139,156,255,255,255,239,0,0,0,0,187,87,255,234,255,141,255,0,142,255,0,0,255
154,36,96,28,255,68,120,75,32,173,255,0,43,105,26,0,0,20,173,151,0,125,70,0,46,40,217,218,183,126,94,46,189,169,57,166,188,142,51,220,237,119,8,173,0,255,0,0,236,213,255,65,138,254,163,145,208,0,73,207,51,255,0,156,223,0,255,151,255,28,0,255,255,168,22,255,0,0,152,255,0,255,77,0,42,0,255,222,253,255,0,255,255,255,255,255,255,0,88,0,0,0,64,0,0,93,212,255,255,255,187,0,0,0,0,255,199,255,255,193,102,255,0,149,255,0,0,255
147,24,71,66,255,56,73,45,1,196,255,0,0,109,0,0,0,0,196,143,0,91,0,12,0,0,58,55,222,255,90,204,195,191,149,178,255,255,224,113,81,60,94,255,255,255,0,255,254,255,85,98,0,255,101,91,43,0,0,255,110,155,165,32,255,0,104,255,255,150,69,255,255,81,139,255,82,76,92,255,0,255,255,19,55,0,255,255,255,239,0,255,255,234,255,148,100,0,55,0,153,0,255,0,0,100,74,255,255,107,1,0,0,0,19,255,136,255,45,5,255,255,0,255,255,0,0,255
156,33,90,37,255,77,79,48,35,147,255,0,0,142,0,0,0,44,203,206,14,85,0,0,64,21,58,89,228,167,77,173,119,176,27,255,255,140,169,187,160,135,75,209,124,255,0,84,139,246,173,23,140,108,86,155,101,0,151,104,179,0,45,215,255,114,133,32,0,75,0,255,188,228,0,215,0,0,133,255,0,255,87,0,32,0,255,255,255,154,0,255,255,255,255,255,223,0,95,0,0,0,1,0,0,87,232,255,255,255,255,28,0,0,0,176,255,255,255,162,249,255,0,244,255,0,0,255
156,35,122,63,255,84,108,101,59,170,255,0,5,195,143,17,0,74,138,114,23,135,63,0,31,106,108,132,161,135,101,173,181,149,19,255,176,83,152,185,147,166,80,189,76,255,23,0,164,251,212,0,166,134,138,85,42,23,206,226,190,74,2,203,255,49,226,44,139,114,0,255,160,255,0,148,46,37,226,255,0,220,91,32,93,0,255,255,210,118,0,255,233,255,255,255,255,0,237,41,0,99,0,40,0,94,209,255,255,161,255,0,0,0,0,79,255,255,77,255,185,213,53,62,163,65,0,255
152,28,100,38,255,62,107,70,50,168,255,0,12,37,89,20,0,83,154,171,0,116,0,0,206,13,18,67,255,124,0,149,99,190,100,255,244,69,201,255,200,16,55,255,0,255,28,125,45,255,76,0,255,205,0,113,92,0,162,67,171,232,12,196,255,96,168,11,95,12,0,255,213,255,118,255,5,0,92,255,0,235,177,14,125,0,255,255,255,255,0,255,255,242,255,249,161,0,127,0,60,0,227,0,0,110,31,255,224,144,193,0,0,0,0,255,157,255,191,56,197,255,0,255,255,59,0,255
168,40,157,55,255,46,113,90,64,202,228,57,39,157,142,93,4,115,184,109,53,208,97,0,67,209,115,183,199,114,125,149,138,158,87,255,125,0,176,255,109,191,17,77,0,255,76,32,9,137,170,7,218,248,126,112,196,70,255,222,221,116,24,226,84,255,218,0,120,29,88,255,231,139,17,74,49,29,169,158,87,214,117,93,63,0,142,159,213,148,0,114,255,250,39,255,136,0,65,204,12,34,0,171,0,88,127,100,201,255,142,177,179,58,0,124,212,255,64,158,99,69,97,73,88,217,0,255
155,36,154,37,255,69,101,102,76,205,214,95,40,218,183,117,0,115,177,15,53,255,97,51,40,227,146,252,130,75,211,159,150,187,20,214,59,90,132,233,124,167,1,12,209,255,91,56,66,150,197,0,150,255,96,81,110,52,181,255,183,22,103,113,114,0,250,34,220,202,70,255,203,132,0,62,108,91,146,255,0,255,120,20,53,0,136,255,185,149,0,214,255,255,255,255,208,0,140,98,0,0,0,0,0,77,76,145,209,188,222,0,99,0,0,172,255,255,0,32,102,254,20,106,183,17,0,255
156,38,138,37,255,67,134,96,79,205,218,90,46,255,177,82,0,113,207,28,25,255,168,56,26,250,136,255,54,113,243,181,85,168,16,180,122,74,162,169,161,112,1,10,144,191,73,37,155,191,255,15,168,207,162,135,176,0,199,255,159,105,146,182,142,9,255,107,208,119,26,244,255,89,0,81,0,107,163,255,0,255,126,73,28,0,252,222,112,176,0,255,255,255,255,255,116,0,150,55,0,0,0,0,0,0,206,84,255,255,255,10,0,0,0,126,255,255,0,48,253,255,117,160,255,33,0,255
159,45,134,76,255,50,124,98,68,168,235,32,82,191,178,34,2,94,219,78,0,234,146,14,72,148,198,208,124,126,219,63,111,124,0,110,72,141,183,131,156,151,35,66,45,187,23,0,249,255,255,31,140,187,129,149,197,0,175,255,97,255,8,205,169,130,255,251,255,0,102,255,255,255,0,255,76,9,221,255,0,234,107,0,33,0,255,126,225,104,0,255,255,255,255,249,255,0,47,59,0,148,0,65,0,109,243,255,255,208,244,0,0,0,0,255,255,255,0,169,168,255,173,238,255,255,0,255
153,38,110,61,255,51,138,72,92,150,254,11,99,180,100,6,36,47,239,99,0,255,168,33,55,113,159,139,15,211,247,66,88,155,0,81,90,182,167,197,178,113,78,58,0,181,3,0,255,255,255,70,67,102,150,179,108,0,201,218,48,255,66,141,224,123,255,244,255,0,124,208,255,218,172,255,24,0,118,255,0,255,175,0,166,0,255,13,186,168,0,255,255,255,255,229,221,0,0,49,0,193,19,0,0,112,255,255,255,207,255,22,0,0,66,255,255,255,11,252,172,255,39,208,255,172,0,255
155,39,113,67,255,57,113,78,47,171,239,0,81,162,59,0,46,34,217,108,0,186,96,51,50,53,244,195,123,141,210,53,193,111,24,91,142,205,87,127,145,131,55,126,108,253,0,14,255,255,255,80,44,176,120,177,120,0,98,255,47,255,69,171,162,0,255,255,255,81,68,237,240,166,63,240,9,52,80,255,0,255,114,0,37,0,255,173,236,195,0,255,255,255,255,250,255,0,84,0,0,92,0,0,0,117,255,255,255,185,210,0,0,0,18,255,232,255,5,230,148,255,54,100,255,0,0,255
162,43,128,71,255,14,129,96,41,169,255,19,110,100,116,0,67,10,198,131,0,156,146,0,99,35,255,159,53,143,150,0,255,140,0,25,101,178,46,205,158,104,82,0,0,222,0,0,223,255,255,97,69,171,144,202,94,0,110,255,0,255,0,12,129,172,255,255,255,0,120,155,255,198,38,255,0,112,198,255,25,163,196,35,182,0,255,0,249,255,0,255,255,255,255,207,237,12,16,115,0,228,0,0,0,194,255,255,255,170,61,0,0,0,255,255,186,255,0,205,90,221,163,0,255,238,0,255
154,32,118,105,255,28,76,109,51,180,237,35,72,127,181,64,0,85,142,93,0,146,0,0,154,40,233,112,180,61,123,50,178,144,140,210,74,119,85,211,138,59,145,58,125,255,38,0,92,213,255,0,96,227,30,248,189,201,197,255,36,255,0,202,109,73,206,171,255,91,195,186,147,255,255,185,128,112,57,255,74,70,195,0,187,0,255,181,255,213,0,232,250,255,255,168,200,0,180,151,179,134,0,40,0,238,255,255,195,80,147,0,0,0,37,255,255,247,0,255,67,208,0,81,174,255,0,255
151,30,105,59,255,52,106,63,56,160,248,0,28,163,74,24,0,64,198,137,0,150,50,6,101,76,95,52,154,124,175,129,125,175,3,177,176,143,134,242,164,139,58,77,96,255,0,33,203,255,245,41,0,161,145,154,68,0,165,200,67,182,99,133,203,106,255,199,231,0,77,255,223,170,158,193,66,47,0,255,40,255,155,0,142,0,255,204,212,233,0,255,255,246,255,240,210,0,139,0,0,35,54,0,0,131,255,255,246,151,255,134,0,0,0,255,222,255,58,223,195,255,41,255,255,177,0,255
153,26,111,45,255,76,130,66,70,169,232,0,42,170,110,67,0,94,204,178,0,190,29,5,215,51,22,23,163,26,152,192,62,191,77,236,206,52,238,239,190,112,56,139,16,255,88,45,109,255,176,7,83,255,97,153,68,0,254,138,138,111,210,202,244,140,255,103,159,0,35,255,213,230,226,66,5,0,0,255,35,255,126,48,75,0,157,217,122,177,0,255,255,246,255,137,162,0,136,97,114,0,11,30,0,190,215,254,141,202,255,147,0,0,0,148,107,255,39,255,253,228,0,255,255,116,0,255
159,32,152,67,255,58,128,109,60,167,223,57,35,158,172,118,0,131,125,57,0,145,12,0,113,149,83,75,216,108,104,109,202,171,104,255,95,3,192,255,115,151,96,128,28,255,56,12,46,232,127,0,163,215,33,171,0,101,255,255,201,60,96,188,139,181,223,22,151,120,138,251,166,255,71,20,60,86,68,222,22,98,188,0,181,0,191,255,234,210,0,90,255,254,133,255,157,0,170,98,172,73,0,191,0,193,81,255,115,233,222,147,26,0,1,247,235,183,0,215,6,0,64,92,231,255,0,255
158,32,123,51,255,74,105,87,51,159,255,0,0,169,124,19,0,89,148,127,72,98,29,0,14,112,80,169,215,136,96,170,157,148,68,255,241,0,160,245,143,205,27,172,15,255,119,22,188,200,169,0,149,202,204,142,82,58,255,196,232,36,0,255,150,166,251,0,33,71,0,255,170,221,0,123,47,0,151,255,0,231,63,0,0,0,244,175,147,136,0,247,255,255,205,255,243,0,157,83,0,36,0,26,0,120,147,247,255,255,255,0,39,0,0,102,255,237,134,255,98,133,64,110,148,74,0,255
148,24,100,74,255,73,70,86,50,160,255,0,0,178,79,5,0,38,189,152,4,63,13,0,1,58,97,142,152,164,122,198,187,103,54,255,255,90,188,156,160,170,72,185,74,255,172,55,255,205,218,0,0,241,236,199,100,32,222,255,176,0,0,255,195,84,250,0,179,87,0,255,171,217,34,141,53,70,62,255,0,255,150,0,0,0,255,192,167,174,0,255,110,255,238,255,255,0,134,31,127,0,113,0,0,169,255,177,255,255,255,0,0,0,0,172,255,255,132,255,222,255,0,255,255,0,0,255
168,40,173,79,249,28,124,108,61,175,232,32,93,124,122,78,0,103,147,57,31,139,48,0,56,233,169,134,228,123,68,118,191,53,170,255,144,0,192,236,82,171,95,121,0,243,35,0,47,174,175,42,232,165,0,195,61,122,255,255,251,119,0,225,114,227,146,0,183,0,21,204,212,197,0,61,0,74,77,95,110,97,161,107,118,101,202,255,253,173,56,28,255,255,0,255,51,90,89,154,102,217,0,43,119,170,146,128,202,255,204,185,100,106,10,220,72,142,0,255,78,0,175,0,122,179,0,255
157,32,137,57,255,67,131,111,67,173,255,36,62,200,153,67,0,96,167,79,51,170,79,0,5,165,130,152,165,158,73,119,217,135,71,255,144,37,128,255,125,199,112,140,0,255,25,0,75,201,193,0,153,187,115,118,79,89,255,248,219,103,14,191,115,152,245,0,165,33,18,255,194,248,18,76,64,47,140,255,0,222,148,0,97,0,219,247,162,165,0,180,255,255,177,255,209,0,192,89,18,131,0,0,0,162,222,255,255,224,255,48,0,0,0,81,145,243,39,255,50,89,104,0,255,71,0,255
151,27,155,55,255,75,113,137,115,192,211,84,102,251,197,129,0,152,177,36,77,150,15,51,27,200,241,216,128,76,82,143,255,67,82,185,100,0,169,245,88,184,77,149,3,255,65,0,56,193,210,0,164,186,90,147,46,61,255,255,254,0,0,208,103,179,255,0,197,151,168,255,118,208,42,0,99,108,135,207,0,134,233,0,109,23,255,255,169,190,28,109,255,255,0,255,93,82,161,74,173,116,105,10,0,255,140,255,106,250,255,173,56,0,0,110,208,255,0,149,102,0,0,12,255,68,0,255
150,22,108,73,255,57,102,102,59,168,255,0,16,143,119,6,0,23,132,93,0,80,7,0,120,132,113,128,228,121,5,143,217,132,150,255,195,33,80,255,207,114,64,190,0,255,38,0,68,218,193,0,213,183,112,179,78,36,212,189,255,164,0,175,162,0,141,0,115,115,3,213,158,186,119,182,97,7,112,249,8,116,157,33,83,0,255,255,255,255,0,187,255,174,222,255,161,0,255,0,109,112,75,0,0,192,255,194,255,174,255,127,0,0,0,143,209,255,25,255,67,58,52,0,39,181,0,255
153,34,84,28,255,65,117,76,62,172,255,0,0,57,0,0,0,85,191,170,0,168,0,0,178,0,0,135,255,177,20,163,100,235,0,207,205,255,255,255,159,0,29,255,0,255,2,255,102,255,0,0,255,165,0,11,0,0,102,215,232,255,70,181,255,18,234,173,65,48,0,255,148,255,0,255,0,0,249,255,0,255,206,49,14,0,255,255,255,213,0,255,255,207,255,180,233,0,251,0,153,0,255,0,0,77,0,255,255,0,173,0,0,0,0,196,88,255,237,0,255,255,0,255,255,0,0,255
154,33,95,50,255,67,85,78,76,167,255,0,0,106,20,17,0,140,163,223,0,103,0,0,86,0,34,115,233,195,63,106,98,211,0,255,187,231,238,255,105,38,59,180,0,255,117,216,252,255,70,59,57,100,10,155,43,0,118,148,177,168,0,206,255,255,155,66,43,0,28,255,181,255,37,255,96,6,137,255,0,255,255,0,37,0,255,253,255,255,0,255,155,250,239,255,226,0,216,86,141,0,255,0,0,244,106,255,255,29,162,0,0,0,0,80,176,255,255,0,255,255,0,255,255,0,0,255
148,26,69,26,255,75,85,40,62,142,255,0,0,166,0,0,0,87,194,161,0,109,0,0,0,72,0,122,112,233,212,137,103,201,0,187,165,255,233,207,232,83,31,183,96,255,111,148,255,255,91,124,0,212,255,249,113,0,102,208,134,151,0,98,255,132,255,107,255,57,21,255,255,255,78,255,34,0,63,255,0,255,202,0,16,0,255,100,168,255,0,255,255,255,255,255,255,0,0,0,24,109,255,0,0,140,255,255,255,255,246,0,0,0,0,255,255,255,255,0,255,255,0,255,255,0,0,255
148,26,86,53,255,90,97,56,68,139,255,0,0,211,0,10,0,74,240,170,0,123,21,0,0,71,0,108,150,218,223,184,100,163,0,255,243,252,245,185,138,149,37,225,199,255,163,123,255,255,118,36,0,129,255,188,19,0,187,231,133,0,108,213,255,63,255,103,157,91,0,255,229,255,25,253,0,55,0,255,0,255,141,0,0,0,255,243,168,207,0,255,187,255,255,255,255,0,116,0,159,50,198,0,0,131,255,255,255,133,255,0,0,0,0,224,255,255,212,89,255,255,0,255,255,0,0,255
153,28,92,48,255,72,64,61,46,150,255,0,0,181,4,0,0,37,180,184,8,110,0,0,116,66,44,71,191,146,102,132,122,216,0,236,238,221,93,161,175,113,52,193,156,255,130,103,107,255,129,0,59,77,229,175,0,0,125,160,105,84,156,164,255,68,140,98,33,171,50,230,124,149,0,167,0,63,96,255,0,255,96,0,82,0,255,255,255,240,0,255,242,172,255,155,184,0,255,36,84,10,48,0,0,166,255,255,220,97,220,81,0,0,0,192,255,255,47,184,195,236,89,179,173,49,0,255
151,18,71,34,255,88,59,59,44,129,255,0,0,150,0,0,0,33,145,255,4,40,0,29,250,0,0,0,198,70,73,204,72,234,33,249,255,222,201,148,226,56,63,186,65,255,156,150,133,255,94,22,74,119,137,255,44,0,8,36,115,0,245,231,255,141,62,73,30,138,0,255,14,53,62,255,0,0,0,255,75,255,83,0,73,0,255,255,255,255,0,255,183,138,255,119,91,0,255,0,181,0,197,0,0,255,255,255,125,176,180,234,0,0,0,255,202,255,114,158,190,255,0,255,123,0,52,255
150,26,120,47,255,73,102,86,66,192,248,12,33,189,204,71,0,137,145,145,0,172,0,34,213,127,94,83,177,44,48,184,112,173,79,231,168,15,85,219,203,31,75,170,0,255,128,0,46,255,210,0,189,123,106,155,106,0,171,173,124,142,77,249,255,131,245,51,116,0,98,190,174,167,182,72,25,93,107,255,26,233,148,79,208,0,255,255,224,255,0,255,206,171,255,181,132,0,255,83,118,0,115,17,0,195,146,255,29,140,255,116,0,0,0,44,255,255,0,238,164,183,0,130,133,241,0,255
151,28,100,39,255,76,75,89,29,199,255,0,61,87,253,0,0,102,89,230,0,82,0,0,255,1,97,29,159,19,0,190,101,249,160,255,239,0,23,255,255,49,67,231,0,255,139,0,83,198,255,0,190,139,114,230,228,72,108,127,138,180,0,163,186,208,132,0,114,0,0,255,242,250,89,255,114,0,255,255,66,242,179,0,172,0,255,255,255,255,0,255,86,255,255,255,231,0,245,0,0,0,7,0,0,199,152,255,204,216,233,0,0,0,0,0,214,255,203,255,59,255,0,0,19,255,0,255
153,29,155,65,255,54,124,135,121,190,227,108,148,202,221,111,6,149,127,56,0,255,84,101,111,123,217,87,70,77,147,114,219,174,85,91,96,77,95,252,108,119,124,107,119,183,0,73,0,216,197,0,115,194,0,128,100,64,217,255,227,92,26,161,181,180,200,85,255,90,161,137,211,240,96,149,138,195,149,255,36,127,255,0,255,0,235,255,170,227,5,180,255,255,158,255,0,75,255,144,255,0,179,88,0,255,196,223,148,92,255,99,0,0,140,116,69,235,0,150,60,42,0,77,255,210,21,255
157,31,167,68,255,48,116,143,122,210,204,114,117,204,230,132,10,167,119,3,3,255,77,80,48,172,251,118,126,108,150,82,243,170,79,109,75,143,45,255,100,122,61,90,221,210,29,125,0,176,169,0,96,196,35,122,93,74,201,255,185,128,6,115,94,132,195,68,255,100,223,167,220,209,73,118,115,232,14,255,77,104,255,82,232,0,213,255,186,233,54,123,255,255,63,255,0,135,252,151,222,62,201,99,0,255,174,251,174,104,190,110,18,92,112,132,184,182,0,11,53,102,0,73,255,219,42,255
152,37,95,48,255,73,92,69,59,148,243,0,49,169,0,0,0,37,216,124,0,173,37,0,0,78,135,202,101,169,184,113,132,225,0,190,114,211,98,229,149,179,72,25,175,255,0,42,243,216,235,97,76,189,110,204,184,0,188,255,98,196,0,102,240,20,255,90,235,180,0,255,255,231,64,255,30,0,80,255,0,255,187,0,25,0,255,94,234,205,0,255,255,255,255,255,255,0,0,0,0,125,60,0,0,104,255,255,255,255,255,0,0,0,0,255,247,255,174,165,104,255,18,255,255,0,0,255
147,28,80,40,255,65,104,29,43,158,255,0,0,132,0,0,0,67,233,122,0,126,0,0,9,81,39,187,130,202,182,112,132,168,56,222,255,201,244,247,248,60,78,168,0,255,91,165,255,255,194,125,0,255,147,255,187,0,142,253,139,165,0,226,255,45,255,115,255,35,9,255,255,255,76,255,0,0,0,255,0,255,158,0,0,0,255,155,255,255,0,255,255,255,255,255,243,0,0,0,119,29,237,0,0,75,255,255,255,255,255,0,0,0,0,255,255,255,255,99,176,255,0,255,255,0,0,255
152,29,109,34,255,80,113,69,58,190,255,0,49,106,157,47,0,137,172,205,0,135,0,0,246,57,67,84,249,8,57,190,15,233,128,255,216,6,133,255,229,68,0,104,0,255,71,0,128,235,220,0,180,198,0,141,174,12,196,170,172,207,26,255,190,169,253,7,118,0,0,255,199,239,150,223,5,0,47,255,55,253,117,0,104,0,255,255,255,255,0,255,196,230,255,245,149,0,198,17,90,0,93,21,0,174,109,218,195,255,225,85,0,0,0,90,134,255,143,195,109,255,0,243,131,176,0,255
155,33,98,45,255,75,117,66,55,159,255,0,32,111,55,0,0,94,179,234,0,142,0,0,214,2,46,43,253,69,88,124,50,209,64,219,211,120,143,255,200,34,11,126,0,255,45,17,104,255,198,53,166,129,44,140,92,0,110,117,76,255,131,140,255,82,173,121,61,14,0,255,176,239,104,255,0,0,47,255,111,255,47,82,74,0,255,255,255,255,0,255,217,204,255,109,172,0,247,2,24,0,78,0,0,138,139,255,255,116,255,53,0,0,0,167,107,255,249,248,126,255,0,132,154,138,0,255
155,36,108,51,255,44,121,70,68,176,252,0,99,127,99,33,0,121,173,230,0,191,13,0,179,9,158,84,101,50,122,0,73,227,20,94,117,117,110,255,178,56,39,0,0,255,0,18,158,255,255,163,124,137,48,163,177,0,116,95,13,255,37,88,159,240,255,190,255,0,144,255,255,225,255,255,33,6,0,255,112,255,120,81,181,0,203,72,255,255,0,255,255,214,255,215,121,0,151,26,0,18,55,22,0,198,255,255,255,186,255,88,0,0,45,255,172,255,237,255,74,255,0,172,255,225,0,255
169,40,147,73,255,46,123,103,79,140,248,0,48,134,82,29,0,118,103,157,18,175,78,47,122,73,112,42,213,117,157,110,107,130,55,228,130,0,149,235,88,181,43,64,69,199,25,73,65,211,236,98,199,150,86,125,24,10,181,183,138,134,122,162,203,255,192,86,94,0,45,208,161,209,28,61,86,83,66,255,58,255,85,175,89,0,234,175,171,145,0,173,255,255,209,255,28,108,214,182,44,114,6,168,0,230,192,255,213,255,255,213,0,136,0,103,171,255,129,255,219,81,45,83,91,202,0,255
151,23,105,74,255,81,80,75,57,149,255,0,0,204,69,16,0,58,166,216,0,32,0,0,72,46,20,0,215,170,138,157,155,156,4,255,207,122,233,236,114,139,86,209,122,255,184,69,238,245,119,0,0,181,255,242,0,0,195,126,129,0,136,125,243,223,114,50,139,70,38,255,201,255,125,129,73,106,22,255,43,255,188,0,52,0,255,255,214,255,0,255,90,200,255,212,171,0,248,81,219,25,164,0,0,255,255,255,195,90,255,11,0,0,0,215,255,255,89,219,255,246,0,148,205,75,0,255
161,35,159,76,255,54,114,88,78,166,225,51,89,158,145,83,7,105,124,84,0,192,50,36,128,131,125,104,205,75,100,112,174,74,134,219,116,0,173,216,135,123,150,113,0,184,89,23,0,198,178,22,238,213,1,193,112,90,255,237,255,50,88,244,195,255,177,0,179,0,113,178,217,255,122,79,53,78,164,190,89,54,136,60,159,0,179,255,205,154,55,154,255,153,142,255,126,31,131,180,223,39,13,61,0,202,153,195,110,255,255,112,65,121,45,235,165,197,0,255,43,78,13,16,92,230,0,255
153,17,142,86,235,64,113,105,108,189,213,106,148,166,156,60,71,82,171,132,0,189,87,77,167,111,148,84,142,94,80,132,137,104,121,131,126,59,118,144,120,173,163,115,4,155,116,80,27,189,202,0,138,145,73,85,174,133,165,185,227,96,79,176,170,151,196,0,237,23,200,123,203,227,167,108,77,184,133,211,47,65,207,65,118,78,91,204,149,140,62,107,217,168,88,255,55,63,169,255,255,78,216,26,104,241,255,201,130,255,255,166,9,104,202,55,60,119,0,200,50,17,0,5,211,164,0,255
152,7,145,74,217,56,90,81,118,197,213,146,146,171,150,1,15,93,182,130,73,129,0,67,118,162,222,81,172,111,0,151,147,80,168,112,255,54,47,158,155,230,115,65,0,143,125,46,0,107,255,21,55,100,132,19,169,135,201,255,255,57,0,255,128,199,255,0,170,0,156,153,185,150,0,0,0,124,91,127,178,38,170,0,209,168,126,113,135,63,76,111,255,246,0,231,48,52,137,176,172,0,234,0,146,255,178,0,172,255,255,255,255,254,184,19,123,57,0,243,0,0,4,80,167,211,61,255
160,6,144,122,203,60,95,115,103,197,185,99,139,115,140,44,110,80,165,146,55,187,92,103,80,172,131,114,221,124,58,147,123,132,142,75,154,123,98,31,189,255,103,209,77,128,52,116,59,127,171,133,141,123,151,138,144,121,82,247,200,102,90,232,125,147,187,41,185,144,134,170,200,182,64,63,51,211,138,90,107,30,165,54,58,146,71,215,178,171,156,118,82,145,61,153,138,134,29,119,234,87,106,0,160,140,174,183,129,255,235,31,90,238,230,89,140,143,0,188,25,127,118,196,255,94,117,255
170,41,152,72,255,89,91,67,84,223,171,0,36,220,86,29,130,115,187,116,84,242,76,31,41,255,128,246,214,135,96,55,181,94,56,165,128,188,84,57,170,165,50,170,62,201,89,173,5,207,97,105,198,106,189,195,141,92,223,160,230,141,123,255,48,119,143,84,32,125,222,78,201,235,0,100,55,62,208,225,97,148,84,122,0,137,188,144,255,106,0,154,255,133,57,197,0,70,177,255,94,138,0,186,0,160,255,255,240,214,78,180,6,82,0,136,201,206,0,152,208,81,255,0,5,144,81,255
163,38,143,54,255,93,97,56,56,192,201,0,18,189,58,33,55,89,171,164,52,180,0,40,73,169,143,246,231,113,33,7,173,130,47,170,125,155,147,159,153,129,92,194,0,255,90,145,8,205,128,93,255,140,70,199,155,33,185,92,255,209,202,255,233,120,180,0,103,70,162,126,200,186,0,118,0,99,141,255,72,125,62,116,46,0,197,255,255,255,0,231,255,116,139,213,81,80,205,92,74,72,24,0,0,152,224,255,219,228,189,182,0,71,0,205,206,255,0,156,185,129,223,0,252,29,34,255
159,22,111,26,255,63,162,26,90,147,111,0,34,168,0,29,189,11,160,22,55,224,33,0,24,255,58,215,221,128,59,40,78,167,111,69,144,255,0,125,233,218,21,243,54,194,0,221,8,255,0,121,255,31,0,25,0,90,253,35,255,205,255,255,176,0,156,139,91,0,75,8,33,224,0,132,0,54,78,255,0,255,95,135,49,4,165,255,255,77,0,255,255,105,221,255,60,27,114,22,164,255,0,62,0,195,255,255,255,255,196,255,0,174,0,113,178,198,0,60,255,57,255,194,233,0,69,255
157,22,129,44,255,80,160,24,98,136,70,0,83,200,0,86,205,61,151,17,70,202,42,38,6,255,87,186,165,118,83,25,71,128,178,103,103,255,0,145,200,234,31,212,43,114,0,156,77,255,0,98,163,22,30,77,0,101,234,164,252,75,255,255,200,0,110,181,160,0,149,0,169,255,139,3,0,0,138,136,0,255,200,161,49,62,207,255,255,145,0,244,233,27,155,250,116,5,142,179,255,76,0,140,0,255,255,255,255,255,255,255,0,126,0,128,172,162,0,255,236,61,255,213,255,0,255,255
154,23,92,11,255,83,105,12,40,164,204,0,45,92,0,9,101,58,186,146,0,126,0,53,100,15,41,73,237,204,34,138,149,148,135,124,255,255,201,119,155,65,110,255,111,237,0,255,79,255,23,213,147,151,0,174,81,0,110,224,232,142,255,160,255,107,70,187,182,0,58,255,139,136,54,255,0,8,45,255,0,255,242,0,148,0,255,255,255,255,0,255,255,255,255,255,0,162,0,0,238,0,129,0,0,247,139,255,185,255,3,255,0,49,0,255,39,255,50,0,255,255,0,255,255,0,90,255
159,23,101,47,255,88,114,66,79,157,239,0,7,203,0,0,34,33,158,147,70,191,15,8,55,206,66,179,191,194,32,22,103,121,87,126,201,239,84,94,207,163,73,241,0,241,155,92,96,255,97,101,187,0,177,218,25,0,181,60,255,196,207,255,255,66,91,0,8,30,90,145,117,118,0,233,0,28,154,255,53,255,70,80,134,0,255,255,255,217,0,255,255,100,239,221,13,0,250,0,153,143,5,0,0,162,255,255,255,255,206,255,0,85,0,130,187,255,0,248,208,195,255,0,156,0,120,255
155,25,94,35,255,89,118,50,80,168,255,0,9,135,0,0,22,78,218,199,0,122,0,33,181,13,0,70,255,150,39,116,62,173,1,144,236,255,225,218,146,55,51,209,112,255,36,235,82,255,58,88,168,42,0,184,0,0,121,67,234,196,244,150,255,97,54,100,5,180,34,255,0,158,23,255,0,15,0,255,52,255,95,104,145,0,255,255,255,255,0,255,255,138,224,129,0,81,142,0,255,0,255,0,0,255,139,255,116,171,142,255,0,66,0,255,0,255,130,0,255,64,0,255,255,0,0,255
156,29,85,0,255,91,119,37,54,165,255,0,0,115,0,0,12,47,225,149,58,142,0,27,129,30,46,216,255,159,3,117,83,173,0,147,255,255,175,162,168,62,107,255,0,255,0,252,78,255,32,128,255,97,0,117,109,0,97,3,243,247,221,255,255,0,255,26,0,91,0,255,68,127,0,255,0,0,4,255,0,255,90,0,4,0,255,255,255,255,0,255,255,255,255,255,125,46,79,0,130,0,210,0,0,192,86,255,255,255,101,197,0,0,0,255,0,255,213,0,255,255,0,255,255,0,0,255
155,22,84,38,255,71,95,41,72,146,255,0,0,138,0,0,0,26,224,201,0,105,0,5,152,0,0,40,255,208,34,108,77,171,0,125,255,255,234,184,128,88,101,248,164,255,1,255,67,255,30,79,92,37,0,144,0,0,121,60,219,102,255,147,255,112,49,107,21,154,47,255,0,165,0,232,0,59,0,255,0,255,125,75,176,0,255,255,255,255,0,255,255,191,176,96,0,167,127,0,255,24,254,0,0,255,188,255,111,196,109,255,0,186,0,255,72,255,133,0,255,55,7,255,255,0,2,255
155,23,105,10,255,78,176,37,82,164,158,0,8,184,0,35,211,44,215,55,79,219,0,0,0,255,48,255,221,228,33,0,66,128,53,0,219,255,24,130,181,177,29,255,35,255,0,190,67,255,11,106,255,0,0,0,0,79,184,81,255,255,255,255,255,0,255,143,118,0,72,187,54,152,0,199,0,77,50,255,0,230,36,196,189,0,255,255,255,255,0,255,255,100,236,255,16,34,39,0,232,255,48,0,0,220,217,255,255,255,146,255,0,101,0,255,146,255,0,0,255,23,255,255,255,0,74,255
161,30,121,57,255,78,125,64,71,191,183,0,41,212,0,0,131,18,172,113,75,215,65,33,0,253,166,255,142,200,35,0,176,110,87,138,211,196,59,82,176,185,117,245,0,204,50,182,51,208,136,130,250,41,150,250,87,38,193,61,255,166,191,255,223,4,137,18,87,51,77,15,207,79,0,71,0,123,169,238,40,228,132,158,23,27,232,207,255,132,0,255,255,137,178,221,26,72,124,34,124,174,0,0,0,106,255,255,255,243,192,214,0,125,0,139,203,213,0,226,255,13,255,0,255,0,44,255
147,25,68,66,255,62,85,82,63,158,255,0,0,92,0,0,0,25,190,174,0,99,0,0,39,0,5,91,209,213,80,230,169,182,21,224,255,255,255,191,151,81,70,255,169,255,0,255,255,255,8,15,53,255,0,137,0,0,0,219,255,144,43,244,255,0,211,204,239,154,0,255,0,161,59,255,2,1,26,255,0,255,217,89,0,0,255,255,255,162,0,255,255,163,195,255,116,0,208,0,251,0,255,0,0,179,172,255,255,0,205,0,0,0,0,255,34,255,255,0,255,255,0,255,255,0,0,255
136,15,70,114,255,54,33,65,78,128,252,0,0,117,0,0,0,0,156,188,0,31,60,16,0,0,93,0,159,255,163,233,190,210,123,220,229,255,255,210,102,183,52,255,255,255,82,255,255,255,2,41,0,255,153,202,0,0,0,255,255,0,12,102,226,146,19,255,255,0,36,189,112,193,255,255,255,0,95,255,0,255,255,0,0,0,255,255,255,255,19,255,0,66,230,249,190,0,176,0,255,0,255,62,0,255,255,255,255,0,255,0,0,0,111,218,195,255,66,255,255,255,0,231,255,0,255,255
148,29,107,100,255,75,52,87,74,157,240,0,0,194,0,0,0,55,145,255,0,70,0,2,148,0,7,0,226,197,177,33,132,255,0,198,112,255,243,255,79,154,142,84,255,255,245,230,107,255,0,82,0,140,112,255,0,0,38,142,108,0,185,0,255,255,0,211,168,255,184,129,95,255,155,0,187,84,0,255,18,255,250,70,122,0,255,255,255,255,0,255,73,0,203,0,0,0,109,52,255,0,255,212,0,255,251,255,173,0,255,34,0,0,99,255,230,255,66,255,255,255,0,202,255,255,255,255
146,30,85,76,255,64,60,59,69,141,238,0,0,158,0,0,0,43,166,179,0,121,31,0,0,0,105,93,143,255,169,91,156,255,16,172,168,255,209,217,121,147,39,195,212,255,50,246,255,255,53,104,0,170,112,210,0,0,71,255,249,41,27,58,189,147,95,246,255,0,70,147,202,255,110,255,180,0,145,255,0,255,255,0,48,0,255,244,255,245,0,255,47,200,255,255,176,0,138,0,216,117,237,29,0,238,255,255,255,97,255,0,0,0,0,211,255,255,158,229,255,255,0,211,255,0,255,255
160,42,162,111,255,32,87,92,93,189,176,42,89,132,100,75,64,144,191,44,0,220,6,29,90,157,128,123,212,150,178,52,208,145,72,222,47,100,94,223,86,184,105,119,29,255,70,76,76,255,157,8,77,192,24,255,29,68,170,255,164,200,0,200,109,117,148,179,255,72,239,158,118,206,103,56,7,61,122,158,150,48,195,82,2,0,161,185,255,127,176,116,255,144,19,22,144,0,119,142,163,97,0,220,0,254,153,255,202,255,255,166,0,49,155,255,249,61,0,255,58,135,103,12,255,255,36,255
155,32,117,95,255,62,96,71,87,182,207,0,61,174,9,21,65,52,203,137,0,169,52,28,36,117,131,63,186,191,173,62,159,194,59,65,23,245,188,200,129,165,44,108,200,183,0,149,160,255,191,121,15,119,135,172,30,0,145,255,170,197,147,33,81,114,99,255,251,76,230,133,247,215,245,255,171,60,31,255,44,212,213,32,72,0,194,204,255,217,0,232,255,173,255,184,24,0,122,96,60,211,112,31,0,245,255,255,255,95,240,100,0,0,73,255,126,255,0,235,216,255,30,47,205,243,98,255
158,31,133,94,255,72,96,84,115,158,214,0,38,172,0,20,0,117,192,183,0,174,0,3,143,40,13,0,216,211,183,78,107,190,0,216,112,224,182,255,117,180,71,102,255,255,255,137,127,255,47,47,0,178,180,255,0,0,112,146,122,0,185,83,245,255,0,133,39,157,187,203,91,249,56,0,97,63,0,255,136,255,133,73,71,150,225,255,255,204,0,177,178,10,117,0,0,62,226,255,255,0,184,255,0,255,184,255,135,114,255,247,0,9,104,254,255,255,140,255,95,158,16,101,149,255,222,255
157,36,127,101,255,61,81,99,95,176,237,0,40,175,63,50,0,112,190,148,0,167,0,0,139,37,62,55,224,166,134,31,89,226,24,198,25,215,201,255,73,129,96,16,239,255,166,135,94,254,101,47,36,148,55,255,0,0,193,255,118,41,102,91,156,228,78,99,163,182,255,247,205,253,152,157,160,5,0,255,134,255,188,71,86,0,153,255,255,237,0,167,255,111,201,51,43,0,208,232,184,49,152,236,0,255,250,255,134,48,255,45,0,0,42,255,255,246,8,221,34,226,42,138,176,255,31,255
153,29,106,60,255,90,112,90,85,158,255,0,0,172,14,45,0,101,172,206,0,159,0,0,211,24,0,17,245,134,128,85,69,241,65,240,173,200,255,255,172,96,51,148,77,255,237,108,125,255,42,41,86,170,38,255,0,0,166,145,149,3,189,166,255,146,151,72,141,168,62,255,139,238,102,162,25,0,0,255,58,255,46,66,120,0,255,255,255,255,0,255,187,148,205,56,93,0,166,0,197,0,229,119,0,255,107,255,234,112,255,58,0,0,0,255,253,255,138,255,0,255,0,255,241,138,0,255
149,25,85,50,255,79,85,85,85,140,255,0,0,155,9,0,0,75,152,255,0,108,0,0,209,0,0,0,201,139,137,128,39,255,2,255,184,233,255,255,211,80,8,160,100,255,255,125,208,255,14,28,49,160,120,243,0,0,100,99,157,25,92,116,255,195,126,84,170,143,54,255,72,244,138,255,83,0,0,255,0,255,95,5,128,0,255,255,255,255,0,255,185,77,255,156,101,0,123,0,99,0,255,131,0,255,228,255,221,71,255,0,0,0,0,255,255,255,155,234,91,255,0,255,137,152,0,255
155,32,98,75,255,62,60,75,51,167,255,0,0,137,25,14,0,94,142,251,0,85,0,0,216,0,32,0,239,85,55,98,52,255,74,200,108,177,255,255,103,8,80,74,56,255,140,185,41,250,133,23,128,187,0,198,45,0,130,217,84,162,177,5,241,221,70,102,186,136,187,255,208,255,143,255,30,19,9,255,0,255,140,57,175,0,255,255,255,255,0,255,127,187,255,59,67,0,255,6,255,0,255,26,0,219,210,255,254,113,161,0,0,0,0,255,236,255,129,34,221,255,0,255,169,109,0,255
