180,17,155,119,199,72,136,119,155,176,98,84,92,122,91,128,140,124,125,141,10,235,110,71,99,187,140,135,122,146,168,135,126,174,107,133,162,76,163,100,210,213,138,215,181,158,62,81,83,137,129,148,109,156,144,120,121,97,132,195,196,137,40,205,118,209,92,112,181,218,88,232,166,219,79,146,74,255,253,89,137,205,179,208,39,155,145,220,180,99,114,107,146,176,126,128,0,100,135,151,136,184,0,94,10,134,61,180,166,152,96,233,190,48,137,16,0,140,35,53,171,36,0,111,175,2,0,255
186,29,177,113,187,45,106,91,99,195,174,73,144,126,84,97,142,92,106,216,22,255,102,110,69,243,181,91,177,198,208,140,136,110,23,119,142,68,164,62,134,242,98,221,157,207,190,195,31,182,158,93,118,48,136,164,220,30,110,150,190,146,0,102,165,161,224,137,117,150,100,158,130,227,116,158,0,223,179,116,88,78,126,115,159,52,174,160,87,114,183,153,146,255,148,210,0,127,58,248,240,196,124,100,57,195,36,160,179,255,119,179,82,151,213,44,94,231,130,183,255,0,79,0,255,134,8,255
184,16,150,110,202,45,153,135,126,134,161,56,153,156,107,144,169,125,118,151,38,228,116,76,96,108,156,169,190,135,168,102,96,106,59,114,156,81,107,120,131,221,83,193,109,154,129,100,37,159,148,93,90,171,148,173,197,33,172,159,131,177,27,180,138,255,141,101,144,71,128,252,193,197,97,112,78,221,192,107,192,198,141,112,84,145,196,235,121,17,20,176,159,154,69,137,130,36,140,60,255,169,132,151,55,169,57,221,234,255,90,255,209,95,161,94,131,237,26,66,209,94,92,93,134,16,0,255
182,20,166,103,173,27,108,147,106,196,179,45,127,113,115,124,148,71,199,198,18,255,167,49,141,159,129,119,166,143,197,96,177,62,120,122,187,99,132,64,153,255,113,176,80,185,149,111,33,181,168,84,35,64,171,82,209,4,114,199,212,222,4,194,87,194,130,85,133,130,142,218,186,238,118,179,120,231,223,150,156,214,198,89,65,80,132,208,149,6,140,162,240,184,54,187,16,67,58,49,179,181,21,88,0,121,129,228,127,255,207,181,101,58,255,0,203,235,9,230,206,122,167,127,110,113,104,255
181,17,153,106,190,45,128,137,142,182,163,44,105,130,112,120,160,110,142,172,53,206,137,47,128,97,140,184,152,176,176,92,133,112,78,152,161,80,100,133,128,183,93,150,88,150,132,81,24,140,118,136,81,114,155,103,213,0,143,152,192,148,24,160,126,246,139,59,91,129,94,255,192,216,101,152,85,255,235,141,148,180,164,137,23,149,163,228,113,13,110,140,147,175,45,166,80,38,99,77,222,160,65,100,26,116,49,208,234,255,161,218,235,63,183,48,147,214,59,142,128,40,83,56,146,0,0,255
178,10,141,90,161,41,75,110,165,201,144,55,15,123,50,131,81,116,126,187,78,255,207,0,246,123,60,216,61,235,248,60,157,66,73,130,255,15,146,126,124,255,107,185,87,112,213,0,0,152,118,127,10,74,206,56,123,0,204,0,136,190,0,94,38,235,244,0,142,235,135,255,252,152,34,141,190,252,255,48,107,255,73,151,111,255,120,255,188,26,67,223,232,43,0,126,0,67,204,186,138,157,82,168,0,49,0,167,255,255,85,255,242,76,140,43,138,218,0,234,88,84,0,255,133,56,0,255
178,16,153,109,172,25,112,127,170,159,148,46,51,124,67,153,143,90,142,167,9,249,170,41,123,111,130,140,113,206,255,123,162,95,51,162,218,71,157,61,124,155,131,160,73,195,148,73,12,157,102,78,96,49,124,83,237,9,109,66,165,205,0,150,107,192,140,0,66,181,182,255,227,155,59,149,37,255,207,109,93,218,185,164,78,130,108,193,178,33,146,151,195,169,83,202,28,75,194,173,229,193,24,182,0,59,0,255,255,255,203,238,167,0,255,87,151,255,7,255,174,0,0,115,161,31,0,255
185,22,175,116,184,55,131,99,133,169,150,67,121,147,91,137,121,112,135,202,20,246,127,81,93,204,143,141,197,159,253,169,144,124,49,109,117,149,160,36,152,203,107,233,179,175,142,140,34,177,117,128,84,73,110,192,255,72,167,146,216,135,15,104,108,165,209,78,83,130,139,212,160,255,93,127,3,218,146,78,104,70,187,239,115,119,122,179,126,33,114,175,173,194,110,255,0,66,72,222,255,211,78,138,0,171,58,147,182,255,169,199,74,81,192,46,70,234,93,193,255,0,88,54,153,0,0,255
182,14,143,106,208,77,137,123,137,154,185,77,131,161,101,100,157,139,90,162,78,231,98,77,95,113,166,198,156,157,148,77,96,119,99,145,116,69,118,124,105,238,98,183,81,185,98,92,68,184,158,129,109,162,162,119,169,8,170,131,147,131,94,168,170,255,146,59,138,108,134,209,174,189,53,149,105,200,166,119,156,143,214,113,66,216,157,230,81,94,111,149,158,177,38,148,77,0,199,83,220,131,177,45,115,255,88,255,197,201,97,243,200,68,188,130,81,174,82,93,179,119,0,83,170,6,0,255
182,14,147,119,201,93,86,126,144,209,184,103,106,52,67,103,83,66,143,239,57,255,143,47,136,197,153,168,135,182,188,97,160,138,103,116,141,96,129,82,172,255,98,227,108,146,94,83,35,169,131,163,83,112,92,91,153,58,149,98,227,139,0,120,142,195,223,0,77,188,131,244,157,248,97,254,54,192,225,90,100,185,233,129,100,255,75,255,118,146,152,159,160,216,0,172,0,101,113,182,140,96,42,85,28,126,88,155,204,190,89,255,232,23,149,105,40,225,48,93,50,37,18,172,255,0,0,255
182,19,153,110,201,63,119,111,143,164,164,66,96,156,103,107,156,149,107,181,65,220,132,73,104,150,164,175,119,187,169,89,108,141,94,141,148,84,115,131,129,208,91,175,101,146,122,120,61,196,152,141,142,123,156,139,191,74,186,135,162,121,22,126,152,250,188,88,122,137,128,173,170,217,57,174,116,240,164,92,118,139,185,175,76,192,166,210,94,46,98,176,154,148,27,162,52,0,127,94,221,182,150,114,47,239,61,212,249,204,133,209,171,111,176,79,96,175,95,67,221,97,18,123,155,1,0,255
186,32,182,98,184,49,72,80,114,196,175,70,97,107,72,103,144,117,113,168,53,255,139,151,122,184,181,136,162,143,156,143,162,119,85,115,163,65,124,121,203,243,75,148,146,158,135,158,63,169,146,136,142,69,110,161,177,126,195,216,255,76,1,226,235,151,255,56,158,165,49,120,173,255,161,183,128,245,170,135,165,162,178,213,113,121,255,213,127,73,181,170,237,175,78,255,8,58,172,221,255,148,51,134,48,217,95,212,255,255,86,177,191,238,141,76,170,255,66,177,219,82,43,112,0,54,0,255
194,18,145,137,200,87,109,69,128,117,111,0,194,127,98,99,108,180,139,160,64,229,117,69,58,124,153,171,176,127,136,182,126,118,15,123,151,127,187,103,120,157,34,203,135,124,106,43,48,143,125,85,133,184,98,100,202,80,153,175,249,144,87,255,118,155,255,11,133,135,111,192,225,191,23,106,147,189,156,89,26,166,255,203,0,157,170,224,119,151,68,131,212,186,22,255,0,0,253,145,79,43,199,63,52,241,96,201,141,152,150,241,142,122,156,82,255,74,45,255,76,217,34,152,255,88,127,255
192,15,143,140,202,79,114,87,105,107,156,38,219,130,68,97,146,146,124,172,70,255,121,100,15,145,155,142,188,101,132,162,88,118,28,85,148,95,176,70,164,207,72,211,163,140,95,92,40,144,203,62,151,167,61,162,183,57,118,184,221,91,106,210,155,159,255,95,105,125,128,216,134,155,61,162,175,173,183,112,50,125,255,167,54,196,215,183,129,215,45,143,143,163,42,188,0,0,244,147,184,35,210,121,95,211,120,167,152,180,203,251,209,76,83,86,255,153,58,138,133,189,67,164,255,89,180,255
196,17,145,123,210,86,113,90,125,143,168,16,180,164,78,83,149,150,98,152,67,255,73,76,46,132,186,162,176,125,151,136,94,92,62,137,114,98,182,114,120,203,67,176,93,160,115,96,69,201,167,117,170,187,101,103,229,40,170,164,206,81,119,211,86,169,227,75,108,135,154,137,155,218,22,162,166,131,118,119,82,164,244,156,41,180,169,196,9,176,110,158,138,162,0,198,25,0,230,133,106,107,193,46,186,255,120,221,172,170,116,239,255,83,214,121,143,148,113,197,116,174,44,87,213,38,45,255
195,14,123,140,216,87,99,72,145,140,173,0,183,132,86,63,158,173,115,158,108,241,97,64,66,165,201,141,154,127,163,150,122,118,28,201,122,98,186,139,108,164,101,159,148,120,135,61,83,228,207,88,143,145,98,103,228,29,117,117,169,36,80,255,105,156,231,15,198,134,112,131,175,197,57,119,106,139,188,181,56,191,255,182,87,201,191,207,154,243,76,82,172,172,0,127,40,0,255,74,124,0,230,0,59,255,125,222,194,201,179,223,255,89,132,39,187,95,56,255,47,139,0,79,255,7,60,255
194,13,125,141,212,82,110,90,121,113,166,0,226,125,69,74,151,170,137,179,111,248,103,82,52,130,153,139,195,108,197,164,91,98,0,113,111,123,176,118,118,218,71,175,131,106,127,60,60,173,179,107,153,162,42,121,168,8,118,133,190,91,157,213,101,127,238,59,102,123,111,212,166,173,48,131,154,106,190,88,34,161,255,136,1,199,200,255,67,255,0,149,127,169,0,167,0,0,255,100,206,45,255,95,140,255,126,190,163,225,228,242,255,18,144,41,239,133,14,239,133,201,0,166,255,81,127,255
198,9,127,142,206,96,111,76,141,113,164,3,204,126,82,69,129,173,115,178,75,255,108,71,39,117,164,151,177,115,203,181,101,99,0,137,114,144,178,125,106,194,62,204,146,113,133,82,60,159,152,115,169,150,93,119,166,34,112,168,216,113,114,240,135,133,255,36,157,107,152,149,186,166,0,106,102,129,140,98,21,140,255,122,10,190,160,242,118,255,36,171,143,185,0,186,0,0,255,129,74,0,255,41,100,255,140,248,130,200,160,241,243,45,179,148,207,135,63,255,87,182,0,119,255,36,34,255
193,19,151,131,200,71,105,61,96,108,148,25,199,157,88,97,146,145,113,144,78,255,102,128,46,163,155,113,176,122,128,167,100,123,23,114,143,114,163,71,187,193,51,193,126,129,144,116,47,178,177,47,152,121,81,155,243,68,156,154,217,97,93,197,92,140,249,84,75,176,95,125,167,210,56,144,170,180,178,124,57,113,255,212,127,131,216,241,108,167,88,68,149,110,43,183,40,0,205,140,250,52,163,88,83,211,122,150,173,176,151,220,118,160,147,60,248,129,53,171,127,182,61,120,255,101,207,255
193,14,145,131,205,83,108,93,110,126,165,26,206,150,73,80,140,146,122,163,67,255,102,87,45,140,160,138,175,121,150,161,91,101,69,106,151,103,172,69,158,182,81,187,135,120,122,99,22,124,193,80,105,141,113,149,207,62,87,189,212,100,69,190,112,146,158,55,159,158,92,168,129,197,82,136,123,240,149,130,82,124,255,93,41,140,160,195,111,122,136,185,128,155,55,178,0,0,171,109,195,54,158,65,46,165,167,218,160,169,115,121,108,91,165,148,195,152,8,222,186,180,43,118,206,97,94,255
194,10,123,132,213,96,89,79,124,134,215,35,199,153,64,35,186,137,111,150,107,255,91,103,42,181,185,112,175,123,169,147,90,88,75,143,121,97,169,116,138,223,113,179,133,122,146,97,49,194,209,59,146,139,48,109,180,55,96,122,198,22,147,192,101,153,251,75,91,128,120,128,155,204,50,189,160,142,150,99,78,180,255,157,95,215,202,255,56,239,86,91,87,153,0,91,37,0,255,105,169,1,214,36,169,255,195,255,193,231,172,208,255,7,127,147,87,147,98,216,151,222,0,159,255,40,62,255
192,11,121,137,212,87,92,91,116,140,190,6,217,114,78,50,163,134,139,155,116,255,87,91,61,144,164,119,199,109,185,158,93,98,49,124,112,127,167,128,143,208,97,185,149,112,112,79,58,159,212,73,158,135,43,120,161,42,76,149,193,37,168,232,59,132,240,67,72,113,128,186,182,182,40,195,167,123,139,131,67,188,255,169,35,201,186,255,108,247,68,165,135,148,0,135,0,0,255,156,117,18,208,61,156,255,170,209,154,235,215,181,255,40,143,67,166,137,37,255,91,255,0,111,255,83,154,255
196,20,155,126,206,99,97,70,107,143,188,30,179,136,88,59,137,158,116,168,81,255,88,88,30,171,180,144,161,133,130,163,87,122,47,126,145,93,161,107,173,178,64,217,125,127,137,111,64,191,190,33,175,139,59,106,214,98,130,195,255,79,60,216,104,144,255,71,27,121,159,117,169,173,47,207,169,159,81,101,73,129,255,190,99,140,172,213,85,154,163,133,136,210,3,230,0,0,253,122,136,86,231,82,119,251,109,255,201,205,138,255,229,182,138,128,177,130,92,239,87,142,67,84,255,79,112,255
194,19,138,138,202,80,128,81,149,140,123,0,177,154,112,111,115,180,130,193,51,247,82,58,70,125,152,196,164,141,149,136,115,113,51,147,153,139,156,132,130,200,39,222,109,167,140,80,92,138,154,145,135,172,98,93,203,44,197,156,222,128,51,214,77,206,186,52,201,169,149,203,237,189,0,120,110,148,224,109,61,178,255,179,40,197,220,188,83,169,23,97,183,205,36,193,24,0,207,120,102,72,235,4,52,255,116,167,157,114,125,255,212,87,212,83,141,146,116,255,94,137,35,75,183,36,10,255
196,27,155,124,214,80,111,67,118,120,161,9,181,125,82,90,144,162,135,168,56,255,85,104,55,137,193,137,189,88,159,149,116,100,18,144,111,90,162,90,166,173,35,194,173,133,137,114,60,185,184,54,154,150,48,149,238,68,179,166,246,75,78,255,114,160,255,62,114,91,101,172,205,197,118,132,155,154,150,127,106,120,255,226,88,155,242,186,119,174,80,133,227,194,31,255,0,0,255,179,221,93,172,64,112,255,106,186,210,159,94,255,212,212,118,126,234,161,97,203,78,113,0,146,163,115,95,255
193,12,138,132,202,85,125,87,116,87,156,14,229,122,69,97,127,170,121,180,76,255,113,91,27,116,159,147,195,109,172,179,85,94,11,96,135,103,163,90,140,218,51,186,124,143,119,111,36,139,171,82,138,160,91,135,179,31,110,152,193,135,72,224,133,128,244,75,143,105,86,229,184,144,37,94,133,155,165,79,67,145,255,106,13,206,185,219,119,240,43,155,149,189,19,169,0,0,255,132,149,0,226,82,90,236,144,196,161,187,167,220,186,24,109,151,255,112,24,211,162,180,0,135,255,89,182,255
197,5,122,147,208,87,104,87,117,90,177,0,244,145,59,59,151,155,138,172,113,250,116,95,5,96,133,129,200,60,194,220,79,93,0,84,98,160,210,136,128,187,49,154,130,65,100,48,9,117,143,77,178,152,51,171,122,13,87,165,196,77,207,203,140,82,255,82,97,83,138,186,142,146,13,93,186,140,137,95,3,140,255,123,0,193,191,255,95,255,0,218,52,118,0,161,0,0,244,123,167,15,255,147,185,247,226,209,147,255,251,178,255,0,174,100,255,177,16,255,148,255,0,197,255,101,181,255
193,10,131,141,212,97,98,87,121,132,185,38,212,106,76,66,135,125,127,190,87,255,104,90,59,155,151,119,192,96,182,152,92,98,32,102,120,130,170,88,157,232,98,198,168,119,124,89,47,154,158,94,147,150,53,124,158,12,106,169,225,66,151,202,119,119,255,54,92,108,148,188,153,189,68,213,122,128,141,106,40,127,255,139,25,172,150,255,108,240,73,169,111,164,0,168,0,0,255,129,169,16,225,47,112,241,141,207,170,177,198,219,237,58,104,137,211,136,50,222,131,219,0,159,255,52,126,255
194,14,133,142,209,113,110,65,152,148,189,16,194,106,91,123,85,176,150,238,84,255,103,109,76,167,160,174,176,134,201,140,138,84,36,134,144,127,186,141,170,239,74,179,152,176,129,90,118,152,155,68,161,165,53,121,191,19,171,119,214,112,79,230,89,162,255,49,156,141,136,146,231,207,12,119,77,95,170,144,0,183,255,185,68,205,178,255,43,255,0,66,186,196,0,130,0,0,255,103,157,0,255,33,2,255,139,255,143,184,146,255,255,9,128,146,92,83,88,255,88,107,0,105,255,0,33,255
197,14,149,134,191,73,145,85,137,92,118,7,182,179,103,121,112,166,105,140,43,255,84,83,38,138,159,160,182,109,116,152,120,123,25,162,156,100,150,111,151,194,3,237,70,147,115,146,79,94,148,96,133,140,109,106,215,73,179,181,175,128,3,228,117,203,182,96,164,159,159,190,207,173,10,45,121,174,224,115,92,197,227,121,85,181,194,179,177,119,57,76,190,176,100,161,26,0,142,160,159,58,193,66,48,161,196,214,179,155,103,238,111,157,215,158,154,133,78,227,154,192,39,82,151,45,96,255
199,37,202,97,212,78,106,75,97,149,173,8,168,110,92,107,136,138,166,170,43,233,58,108,62,157,241,204,185,60,174,162,84,116,13,140,51,55,190,110,179,241,35,153,188,155,165,131,131,247,196,61,118,116,42,151,186,28,179,212,247,45,78,196,175,189,255,102,152,111,21,127,205,243,180,174,125,195,112,165,152,126,164,255,121,118,173,152,0,137,109,187,185,127,95,255,0,66,192,134,185,203,186,139,141,251,38,100,159,255,83,254,128,255,255,46,118,229,71,154,133,61,111,105,73,0,38,255
195,16,152,129,197,100,124,74,132,113,166,43,189,150,77,111,115,165,102,193,59,255,97,115,27,139,174,195,180,123,148,142,73,131,48,122,145,109,170,99,178,215,61,199,132,195,111,99,72,144,177,63,122,180,85,136,219,85,179,177,215,142,60,202,137,167,220,87,151,169,149,187,200,184,13,138,137,219,154,113,60,174,255,198,97,232,155,177,91,195,116,115,140,192,12,122,0,0,255,100,115,55,217,30,88,234,133,255,183,166,157,255,153,54,148,163,115,181,125,229,144,110,23,84,255,41,91,255
192,44,199,114,210,75,76,80,84,195,160,62,115,188,83,131,145,148,158,199,34,251,63,90,70,153,200,165,125,151,140,63,183,160,76,157,75,62,220,82,129,198,32,158,120,201,132,164,123,198,226,76,129,174,43,142,162,22,159,147,226,130,40,219,130,198,215,106,213,135,107,81,156,190,105,176,65,255,143,147,52,134,142,215,120,97,216,224,51,109,34,133,255,153,198,255,0,153,249,196,176,242,122,104,28,255,60,209,255,190,103,255,99,206,255,106,165,180,101,95,255,55,42,48,183,0,0,255
190,13,130,125,222,99,74,74,116,151,236,58,203,110,65,26,177,113,122,162,119,255,96,103,38,182,189,113,178,115,175,131,91,84,70,156,120,99,143,127,167,217,150,163,122,125,130,94,45,195,185,48,170,114,35,117,193,25,120,102,219,0,191,139,84,124,255,100,12,123,155,154,124,174,98,255,248,107,142,174,78,123,255,197,145,162,228,237,0,255,66,130,63,119,0,76,8,10,255,119,255,1,147,35,174,255,185,255,251,240,188,202,255,49,70,94,70,156,108,116,76,124,17,124,255,45,127,255
191,23,147,124,214,64,95,73,108,147,161,37,180,153,68,69,156,107,102,176,76,255,120,122,36,255,184,147,157,193,114,90,112,100,91,126,149,76,139,40,197,219,76,175,103,174,196,190,20,182,153,92,194,81,145,158,170,44,167,140,161,34,123,177,167,210,174,71,34,215,146,53,118,156,119,155,76,139,194,116,67,197,225,179,145,106,220,196,48,104,108,56,164,200,136,90,0,61,170,134,255,157,148,0,140,255,129,212,178,127,218,255,78,255,124,0,157,165,134,67,226,70,165,148,249,108,76,255
165,43,156,68,255,93,118,50,69,171,178,31,40,235,31,58,63,134,160,131,19,255,67,74,83,252,40,165,230,87,255,100,46,117,41,219,117,68,187,65,121,178,35,152,137,200,174,67,82,255,154,144,169,204,226,182,138,7,165,231,146,76,219,209,255,129,156,113,105,142,118,235,255,170,0,0,0,77,156,222,82,110,0,94,1,0,158,241,170,155,0,255,161,157,255,111,152,0,159,190,53,1,0,127,0,74,115,219,224,255,255,219,0,13,0,190,242,255,12,255,135,191,99,23,178,130,0,255
160,37,159,30,255,122,138,90,80,233,139,140,0,255,174,139,48,215,128,137,88,252,72,90,50,255,158,255,115,83,232,71,170,181,21,172,147,198,169,0,126,194,0,182,125,148,243,128,187,122,214,182,255,132,255,123,244,0,163,255,186,105,192,255,255,82,255,204,202,14,144,255,255,55,0,0,0,85,93,255,0,255,139,187,0,0,204,217,155,255,0,255,147,255,85,255,0,0,165,195,73,27,21,87,0,134,42,255,167,255,194,25,13,0,0,0,250,255,0,142,224,144,15,255,255,0,0,255
161,38,142,47,255,89,105,48,79,178,179,22,14,218,85,62,94,141,184,112,69,255,62,51,54,255,127,255,203,156,190,47,90,124,55,170,178,152,145,73,165,190,3,165,53,167,182,78,164,203,184,180,196,130,249,156,167,0,179,250,184,76,163,255,191,113,229,103,128,35,162,191,255,106,0,4,33,0,35,239,84,255,43,55,0,0,177,164,239,222,0,238,255,255,172,230,36,0,91,119,0,51,0,37,0,115,165,255,147,255,255,157,0,57,0,163,255,255,0,240,50,179,128,207,230,64,27,255
164,30,137,53,242,78,119,66,83,187,177,83,26,219,82,82,149,113,133,112,82,255,103,53,29,255,93,235,126,169,206,67,44,130,52,186,150,49,173,88,180,190,32,114,0,102,255,125,93,193,192,153,220,108,255,179,214,0,169,162,129,102,176,220,170,120,131,0,176,141,150,126,255,0,50,85,0,132,126,194,7,230,61,88,2,46,154,100,116,221,0,245,255,183,152,204,15,0,183,232,127,97,0,0,0,0,161,185,216,255,182,72,0,80,0,49,238,186,0,137,64,128,119,162,255,61,0,255
158,20,110,45,255,103,129,63,86,183,189,45,22,209,48,79,35,81,144,146,53,233,0,0,159,177,31,149,162,73,221,96,55,136,80,229,151,140,255,103,225,90,47,123,0,231,255,120,151,239,168,122,78,138,198,205,118,0,179,105,137,88,255,255,242,32,180,34,118,95,80,255,197,147,111,138,0,135,0,255,32,255,73,75,23,0,245,188,208,244,0,255,190,168,232,108,167,0,191,96,211,0,50,0,0,85,180,122,230,252,189,159,0,0,0,113,195,255,22,255,43,255,84,164,173,0,0,255
169,24,112,87,247,80,79,65,84,161,194,18,56,137,51,25,103,73,126,158,37,223,0,17,127,185,108,112,152,120,137,87,123,108,159,217,169,138,164,35,214,136,81,113,0,168,217,177,48,255,219,142,167,184,148,207,218,0,142,169,202,96,215,255,178,63,170,30,202,121,203,120,166,88,28,209,34,133,113,125,22,243,65,110,29,87,255,128,179,255,0,229,235,121,172,75,0,65,255,78,203,85,31,0,0,196,255,173,255,255,187,191,151,120,42,168,205,243,0,230,67,252,182,64,116,1,28,255
190,19,129,133,211,68,47,71,132,185,204,57,102,168,120,30,223,166,90,100,120,255,97,45,86,245,158,119,175,201,125,84,114,110,146,211,137,56,135,106,128,202,136,154,92,158,153,184,63,177,251,83,114,119,130,30,189,53,89,144,158,27,60,144,61,205,151,129,119,199,226,33,194,192,93,167,175,124,140,133,107,230,77,23,128,135,255,180,7,79,0,63,160,138,90,121,36,64,255,98,161,60,130,139,2,255,142,255,134,160,116,255,173,219,194,173,53,237,66,255,218,233,57,182,56,11,0,255
184,21,135,124,208,74,59,61,120,193,167,49,108,148,106,42,170,150,129,110,115,255,94,43,85,237,139,138,165,196,81,96,148,114,147,207,163,54,125,77,156,181,99,116,84,139,136,164,52,170,221,98,133,104,135,77,202,41,95,197,200,75,39,194,102,195,119,66,143,200,173,53,186,197,79,131,82,149,150,121,93,192,41,42,25,98,234,179,68,100,0,101,176,94,119,179,27,64,204,127,159,26,97,147,0,225,157,255,187,203,133,226,77,236,190,155,78,165,41,246,230,247,118,128,21,41,38,255
183,15,122,127,213,75,58,68,127,184,208,54,109,142,107,35,190,123,124,104,108,255,81,69,98,224,173,116,152,176,125,75,120,104,136,196,126,53,110,89,144,190,132,157,81,132,147,163,77,228,237,72,123,138,146,94,221,55,132,157,183,7,102,178,63,150,169,119,133,174,200,27,178,155,54,207,155,107,129,163,102,202,137,108,94,110,255,216,47,155,0,80,136,82,14,93,53,45,255,97,141,24,116,105,40,255,183,240,121,195,171,224,202,192,156,185,74,216,68,220,169,209,57,158,127,0,0,255
187,29,150,129,211,67,44,45,97,214,185,101,102,171,101,34,208,164,101,178,84,255,117,68,105,231,162,117,205,186,74,94,167,69,132,187,220,137,55,70,155,178,111,139,171,91,143,169,93,94,231,140,106,183,138,68,215,57,120,129,185,19,54,196,116,138,228,134,104,88,255,67,248,159,162,143,167,87,158,74,194,173,38,41,129,65,255,244,17,145,48,83,160,172,27,140,0,73,228,125,255,12,87,115,82,254,123,255,255,45,56,255,134,255,74,170,178,255,0,127,255,226,24,237,156,140,151,255
190,11,135,137,206,111,90,52,133,144,186,59,208,91,69,68,130,130,161,192,99,255,101,113,60,185,158,135,177,132,152,142,124,102,99,110,115,104,168,87,184,251,103,158,182,130,76,92,60,133,175,64,108,146,91,114,164,59,111,166,238,82,91,235,168,129,255,107,116,152,135,139,187,178,32,187,143,191,142,140,100,188,255,182,84,164,200,255,116,222,77,111,60,210,0,133,0,0,255,112,165,16,167,62,102,255,158,255,230,223,166,255,200,85,76,191,91,170,124,228,153,188,0,144,255,18,205,255
189,15,128,135,217,103,94,56,134,170,184,35,201,110,90,109,113,151,157,185,124,244,81,104,76,177,160,161,150,185,164,117,155,113,80,181,95,116,190,108,178,222,97,147,149,150,94,115,94,166,217,56,167,122,102,107,197,0,131,156,217,94,117,251,128,166,170,98,189,171,109,96,254,203,61,123,148,189,154,200,81,232,221,181,83,165,197,255,98,245,36,68,148,166,0,136,51,0,255,118,166,39,190,95,66,255,122,255,187,205,230,255,232,119,138,50,87,82,100,210,155,156,0,76,255,0,162,255
178,10,113,127,221,71,53,72,138,176,209,94,134,109,136,36,185,151,158,122,107,222,101,116,93,160,170,96,102,195,129,90,146,102,142,206,46,19,102,122,99,203,72,148,78,123,140,184,34,210,205,10,148,136,171,132,255,0,163,205,178,0,68,162,122,208,132,144,255,83,228,58,253,119,72,137,140,162,68,220,103,255,53,24,134,125,235,218,38,126,0,145,107,96,0,151,170,70,255,29,255,19,163,145,19,255,95,164,138,232,203,247,73,141,119,162,118,159,0,55,255,255,60,173,126,0,78,255
178,12,118,116,223,79,67,83,118,181,201,81,135,109,104,40,178,104,148,145,93,246,82,108,101,177,182,133,127,171,154,97,133,107,145,174,90,96,86,98,129,225,81,192,55,136,147,157,70,214,174,59,123,137,100,119,255,0,186,159,210,6,137,180,107,126,183,115,206,173,185,139,172,178,77,248,141,163,149,196,74,209,186,122,96,127,245,226,62,195,31,139,136,142,0,107,87,107,255,128,250,32,130,15,53,236,190,129,172,247,222,159,187,36,136,86,64,211,75,59,139,219,140,102,255,40,56,255
179,10,116,129,213,72,67,80,140,163,193,71,151,91,110,69,174,120,150,126,112,255,99,122,83,156,164,122,104,181,162,119,147,107,134,168,57,55,145,97,124,241,64,171,48,143,131,159,46,194,190,52,164,140,92,155,255,0,190,182,190,0,160,193,112,162,147,163,208,157,212,110,183,162,87,201,146,155,167,220,82,220,154,104,104,141,236,233,30,156,0,161,148,104,0,118,122,95,255,118,255,19,123,130,62,247,191,136,165,255,250,175,232,83,164,108,85,172,70,58,251,255,46,108,255,11,51,255
181,12,122,119,223,83,59,78,138,195,221,111,127,82,137,53,176,143,142,159,73,255,106,100,93,185,158,132,112,195,108,111,140,101,180,176,51,54,112,124,106,255,75,191,94,144,128,178,35,156,169,82,98,164,122,158,240,13,170,188,186,29,39,174,169,211,191,153,255,164,215,111,204,143,112,189,157,160,146,149,125,230,83,1,118,207,241,222,38,121,0,140,127,198,0,176,79,44,255,105,255,0,153,113,56,254,132,130,158,228,137,255,190,77,134,142,134,147,39,0,255,227,74,104,132,0,65,255
181,13,118,129,214,72,57,81,132,183,204,85,127,128,122,49,192,129,150,119,93,255,95,92,83,188,165,116,127,185,132,92,136,103,123,178,78,62,133,109,127,220,95,166,111,144,133,157,60,197,225,38,108,158,121,136,240,17,137,193,178,0,108,168,81,179,156,176,195,153,235,58,201,141,89,207,179,144,122,187,103,230,135,75,119,156,255,218,38,152,0,94,121,104,0,123,122,66,255,83,233,35,164,124,31,255,202,164,108,219,173,233,222,112,166,132,102,228,28,94,209,255,102,131,145,0,55,255
178,8,114,120,222,73,63,82,130,163,206,83,132,99,111,40,171,126,141,147,102,236,101,126,90,137,181,116,105,159,178,93,120,108,137,175,71,64,68,108,99,249,52,160,50,125,149,152,72,221,167,40,150,138,107,127,255,0,204,170,159,10,128,173,91,144,136,146,228,142,199,115,213,171,51,181,147,171,119,221,72,236,194,83,94,130,191,231,34,154,0,185,136,114,0,147,166,127,255,100,255,33,138,52,66,231,175,126,156,255,233,190,176,47,183,120,108,151,58,68,168,255,77,163,255,36,66,255
180,8,114,115,222,77,61,88,129,181,221,100,134,100,122,41,184,115,149,143,87,255,86,127,108,165,181,115,104,164,144,96,132,95,163,158,52,71,100,99,111,255,81,192,66,146,137,157,42,197,172,33,122,154,123,145,255,0,193,189,182,0,141,195,129,154,181,132,246,146,231,104,189,124,87,230,165,123,140,186,102,235,174,54,113,156,255,240,65,165,0,141,152,147,0,132,113,65,255,120,255,18,139,37,56,255,181,120,164,255,160,215,246,74,154,104,96,186,42,17,179,251,116,140,255,14,93,255
180,10,114,117,218,69,69,80,120,174,209,80,124,116,108,39,187,119,135,124,90,255,73,101,78,189,156,135,118,183,152,91,116,106,134,178,94,45,119,107,145,213,72,180,13,170,162,158,62,220,222,44,155,145,100,165,255,0,192,180,169,0,150,175,90,173,153,147,199,152,227,85,161,154,33,199,154,165,115,186,66,185,157,103,120,150,255,185,5,176,0,160,143,104,0,77,115,87,255,86,255,80,144,41,28,219,197,81,101,254,207,224,188,71,138,107,152,156,74,107,162,255,160,85,194,37,29,255
179,10,113,127,221,73,62,78,139,170,215,79,145,103,122,49,177,117,159,122,112,255,88,129,104,169,177,107,98,193,162,104,138,113,142,180,56,59,95,109,121,238,80,193,67,143,142,159,48,231,187,9,152,133,116,110,255,0,185,164,208,0,164,181,91,133,180,134,232,130,210,112,208,153,77,242,167,149,144,239,82,244,166,130,135,130,248,211,16,191,0,119,150,125,0,127,142,85,255,95,255,43,153,99,56,255,170,158,164,241,253,165,212,65,125,128,46,193,59,45,175,226,54,135,248,67,101,255
184,13,114,129,219,77,61,76,153,179,207,93,124,109,130,54,192,164,156,124,87,255,85,96,79,198,160,130,99,194,122,120,154,93,158,214,48,20,143,97,123,230,78,167,89,142,112,172,32,173,200,35,149,160,131,121,218,0,125,205,230,4,65,181,157,232,164,130,255,127,240,44,183,133,105,162,105,155,155,156,73,243,9,0,110,188,255,192,0,105,0,84,147,153,6,160,104,67,255,45,255,40,175,178,36,255,123,193,144,218,166,255,197,137,173,171,58,202,4,71,255,255,68,108,59,0,0,255
180,9,116,115,212,64,81,90,111,167,183,67,143,112,124,57,172,118,141,113,89,255,80,120,100,173,154,150,141,196,138,87,139,110,144,149,111,71,100,103,130,201,76,211,15,169,126,161,70,222,185,32,123,150,111,123,226,16,163,176,209,10,127,201,128,181,173,98,197,160,184,131,157,179,42,224,176,135,130,201,84,189,182,141,89,112,255,230,38,152,59,102,146,138,27,109,98,107,255,129,214,58,202,50,47,243,179,95,120,255,214,155,234,98,174,52,95,170,57,114,141,255,183,58,246,49,67,255
181,12,120,126,222,75,44,67,123,190,221,107,122,89,119,32,202,137,133,154,96,244,93,89,85,185,170,107,122,194,106,89,125,111,152,185,62,61,79,104,116,243,101,179,100,129,123,183,40,177,206,90,100,161,132,154,255,11,163,187,171,42,66,149,102,166,157,190,225,158,241,68,247,107,112,188,176,176,141,128,128,244,95,58,141,163,231,245,64,140,0,114,139,121,0,161,83,103,255,69,255,18,98,122,30,235,110,141,117,220,177,255,147,130,92,145,165,175,12,12,255,233,107,170,193,5,144,255
186,11,113,125,214,51,72,77,133,153,181,97,132,89,143,71,205,169,153,101,68,255,101,102,54,174,147,137,98,194,130,96,147,104,132,212,36,18,163,112,116,187,37,185,5,138,91,167,11,153,182,20,149,143,145,181,250,0,143,206,219,44,71,182,151,255,134,123,255,114,227,84,190,131,96,144,90,204,171,155,63,200,61,0,122,163,255,211,39,85,0,103,197,134,36,179,128,78,242,69,255,46,129,179,57,160,109,85,85,255,188,252,173,86,198,110,145,190,0,10,255,255,147,97,106,37,69,255
181,11,118,117,220,83,72,83,131,180,211,84,140,112,118,43,178,121,150,129,108,255,85,106,76,186,175,145,133,188,121,93,130,108,137,173,76,67,120,124,131,228,80,191,41,156,136,166,54,211,205,42,146,153,91,123,255,0,183,189,200,0,129,194,116,161,206,147,206,157,191,127,171,163,61,230,165,129,112,186,102,206,183,131,118,151,255,217,8,190,25,113,124,145,0,116,101,91,255,122,235,28,174,49,68,255,214,120,148,255,240,187,255,43,131,75,85,160,80,45,174,233,123,49,220,3,72,255
180,11,115,124,217,68,54,76,126,180,218,92,125,132,131,39,201,128,148,109,105,255,93,107,83,195,167,117,117,209,128,85,118,106,126,185,72,51,103,125,116,213,95,182,72,154,158,171,38,220,223,16,114,134,135,134,255,0,149,175,173,0,140,155,74,170,182,167,207,134,249,58,217,118,71,215,200,141,103,186,95,235,150,93,149,149,255,191,13,171,0,91,143,94,0,104,139,51,255,73,255,38,173,98,22,255,204,155,84,241,196,224,193,88,131,120,114,196,24,69,176,253,145,133,166,42,81,255
179,8,110,120,222,71,65,86,129,162,203,87,147,92,111,41,176,107,151,126,112,255,86,141,93,145,183,114,83,177,165,106,144,109,116,170,53,55,95,88,127,228,77,173,15,152,138,166,63,215,162,19,199,132,100,139,255,0,203,190,238,0,188,181,101,151,150,112,233,125,227,99,196,140,36,227,160,127,151,227,30,234,175,109,102,115,255,217,0,203,0,160,160,99,0,124,134,124,255,83,255,34,135,64,48,250,186,142,141,255,251,160,199,47,146,67,89,148,40,37,190,255,138,100,255,30,77,255
180,7,111,119,220,77,65,86,124,172,228,75,137,120,110,43,189,98,155,130,106,255,97,127,88,183,187,112,128,159,154,90,124,86,141,158,83,79,86,121,106,255,85,208,59,145,168,142,80,255,197,7,138,136,108,155,255,0,207,149,148,0,200,181,66,95,222,192,179,157,219,94,167,147,53,255,216,102,126,238,73,235,255,138,129,150,255,238,17,226,1,136,169,78,0,48,131,77,255,119,255,6,156,0,80,255,255,134,144,255,234,131,255,22,164,79,84,166,75,77,97,238,102,144,255,35,59,255
185,8,115,132,203,53,68,73,128,155,185,78,127,106,136,59,204,155,160,95,92,255,101,88,49,190,138,150,139,178,116,87,130,120,103,173,68,27,144,117,112,183,20,193,3,125,103,146,29,190,230,33,161,141,108,175,255,27,141,216,181,45,104,185,110,173,164,189,206,138,236,71,183,152,65,138,116,192,130,152,86,171,161,62,113,149,220,227,48,117,6,88,175,77,34,137,142,78,190,74,255,30,152,178,65,186,176,92,20,255,219,200,187,125,226,139,164,208,0,121,200,255,136,154,137,77,55,255
176,12,112,109,229,87,56,68,117,185,224,60,112,104,86,17,157,98,160,153,93,222,51,81,85,202,168,116,135,136,113,84,130,73,148,186,103,91,60,90,158,245,106,153,40,130,163,136,68,249,197,82,143,141,109,196,255,4,216,174,169,30,107,211,76,103,164,138,177,130,217,72,213,131,36,180,103,129,126,156,95,242,187,112,102,149,234,244,50,255,0,167,154,60,0,118,66,131,255,86,238,27,53,0,41,255,239,168,159,255,227,229,175,45,53,153,122,166,0,154,162,240,120,160,193,5,137,255
179,16,111,124,231,68,64,71,119,168,207,66,128,109,106,39,165,122,162,123,98,255,49,92,82,197,154,122,111,206,134,102,137,104,131,222,92,56,141,94,140,179,86,161,22,164,130,178,45,218,218,42,139,121,95,138,231,0,137,169,211,0,139,197,117,138,161,99,210,109,217,110,182,152,95,220,124,143,129,162,65,222,51,89,98,99,255,198,24,198,0,114,153,133,27,95,95,61,255,56,255,85,135,81,9,229,166,174,180,200,229,159,136,125,107,135,109,216,8,103,193,228,122,110,140,99,83,255
173,16,120,93,232,89,75,74,114,188,196,98,94,134,92,50,170,93,131,120,98,255,54,96,39,221,149,144,71,185,124,95,138,85,105,200,77,98,90,54,187,195,97,167,0,178,218,169,38,202,166,77,154,125,141,204,255,0,217,141,236,3,189,210,131,122,169,43,233,84,255,90,200,77,94,227,110,183,183,184,46,150,141,116,154,92,255,142,35,241,0,217,238,63,17,241,30,105,255,129,255,71,71,0,0,151,255,193,255,255,196,141,167,31,34,107,156,187,5,0,251,181,159,122,255,0,121,255
175,24,124,105,233,75,72,58,93,195,181,79,119,91,94,42,170,102,187,140,70,221,70,72,75,240,112,170,134,213,93,139,214,109,122,228,118,115,1,78,184,176,38,166,26,126,52,180,48,202,152,118,83,124,135,195,186,40,180,169,255,16,61,173,115,84,127,55,177,81,255,106,236,122,91,199,103,117,191,86,168,169,19,93,79,150,255,162,106,200,0,87,255,185,28,224,0,91,240,100,252,68,13,114,0,159,216,203,255,187,136,198,50,187,0,120,163,251,0,0,200,140,241,64,39,210,141,255
179,17,117,118,225,69,68,64,112,170,192,67,150,124,121,61,181,121,154,92,90,251,54,93,64,230,153,105,113,226,73,119,163,92,122,241,92,50,64,93,143,162,69,210,0,153,150,139,11,239,223,0,162,84,119,184,255,0,174,144,255,0,191,178,96,147,173,100,214,38,255,19,194,99,90,188,184,156,157,228,62,209,45,136,201,102,255,158,83,255,37,53,214,92,0,126,62,118,255,67,255,6,98,23,36,255,222,250,175,255,249,173,142,196,0,0,86,241,57,21,169,161,224,67,249,96,137,255
182,24,124,127,239,83,67,65,103,176,183,72,158,107,115,72,156,133,137,182,110,251,68,118,86,181,163,149,109,216,121,114,161,108,134,236,116,92,100,53,187,164,57,126,24,161,119,188,22,154,184,46,88,127,83,108,220,0,82,134,215,39,81,195,178,180,79,28,230,92,203,108,237,146,150,124,76,208,177,148,92,218,0,55,113,89,255,227,61,204,5,90,120,221,33,174,54,70,255,59,255,38,164,77,0,159,155,255,255,173,196,214,82,181,84,31,97,255,32,38,227,146,135,80,111,93,153,255
177,20,125,104,232,85,78,76,104,174,184,94,113,126,88,43,158,108,134,155,99,228,56,86,29,196,150,157,113,203,121,78,145,102,113,195,73,113,86,60,158,206,98,137,4,149,166,160,61,193,152,136,130,122,117,164,219,4,160,164,243,61,126,191,181,170,132,31,235,130,252,103,197,137,90,167,62,208,189,117,74,159,92,79,112,123,255,183,21,242,16,144,153,136,27,163,23,173,232,85,255,81,84,0,13,205,225,255,227,255,180,189,106,64,98,122,130,239,0,21,229,192,209,103,228,34,82,255
185,12,114,130,223,54,77,78,116,148,171,71,169,106,119,80,198,131,161,80,122,255,106,101,82,195,154,119,137,216,140,103,158,116,119,218,66,37,176,120,120,187,111,146,30,166,112,175,43,202,175,17,143,111,94,128,190,0,147,151,224,0,201,224,108,206,150,111,191,112,183,115,174,160,70,178,111,139,150,195,59,242,74,85,109,106,255,231,0,195,0,103,151,103,0,58,136,65,255,63,255,51,99,149,53,225,123,160,129,220,255,178,138,113,115,8,91,174,17,103,188,255,200,66,198,107,90,255
178,16,110,130,239,68,60,83,133,147,207,73,148,112,113,52,152,122,159,118,100,255,58,108,82,178,184,113,91,196,118,103,142,105,95,226,33,57,181,107,117,184,111,145,19,191,158,176,21,202,164,0,168,95,79,131,176,0,164,146,255,0,205,167,141,171,185,63,240,124,227,104,189,157,132,248,164,112,139,206,9,245,23,99,154,107,255,190,27,255,0,45,173,121,10,118,60,47,255,55,255,60,133,97,70,255,223,255,173,253,255,28,143,91,73,68,90,158,0,57,189,208,155,63,240,121,71,255
185,18,112,135,231,62,54,79,133,158,203,73,154,115,128,45,185,156,165,120,103,255,80,96,90,184,162,120,114,219,143,92,153,104,106,248,73,43,167,115,125,171,83,144,12,192,145,181,30,205,220,8,155,121,73,116,209,0,135,148,255,0,151,160,99,213,139,107,174,77,232,129,183,162,138,245,129,130,128,166,74,248,0,99,166,114,255,211,0,196,0,54,127,125,0,108,71,37,255,32,255,91,144,180,38,255,115,189,199,169,255,166,114,119,82,89,48,245,0,73,255,255,114,51,95,134,129,255
179,13,110,120,233,70,68,77,126,140,194,42,148,134,92,44,175,109,150,129,123,255,81,110,65,169,185,142,94,194,152,84,126,84,101,214,70,112,104,110,113,190,71,172,0,137,152,156,63,245,136,29,164,76,112,112,215,0,197,130,243,0,168,198,117,126,167,54,218,106,201,110,176,149,112,206,137,169,153,241,3,245,140,123,132,117,224,219,56,242,0,98,170,85,0,116,75,97,255,106,255,28,113,33,46,255,240,220,203,255,255,87,151,100,99,71,117,222,34,42,175,175,182,105,255,104,21,255
187,16,111,129,234,52,70,96,119,136,177,76,153,155,114,76,207,146,131,76,115,255,121,88,45,182,144,138,105,201,174,89,143,104,69,255,57,6,247,144,108,137,86,94,0,197,175,148,0,150,202,0,105,102,68,113,150,0,65,61,200,0,172,174,111,221,101,28,195,89,162,154,137,160,213,198,32,216,171,178,33,244,46,49,205,95,255,238,44,147,32,97,129,100,24,150,131,26,255,104,255,45,160,188,46,127,117,135,217,195,215,50,91,77,150,45,113,255,0,88,252,255,80,70,143,112,16,255
183,16,112,119,233,53,77,89,108,158,178,72,141,110,116,80,182,138,173,94,84,255,91,88,58,191,143,122,100,210,154,107,191,73,138,255,79,14,219,155,133,134,75,145,0,199,143,150,8,180,191,0,140,136,64,196,236,0,177,148,214,0,113,224,117,189,124,35,215,50,215,167,166,129,170,120,72,230,124,192,43,230,28,69,190,101,255,226,30,169,0,119,170,144,36,154,101,31,255,81,255,58,74,137,35,86,128,53,255,255,236,112,187,82,100,9,121,219,0,1,246,227,185,43,145,71,45,255
183,16,111,133,244,58,59,81,119,149,194,83,169,100,130,65,183,128,166,108,114,255,88,111,88,178,181,110,110,201,124,82,159,117,117,246,42,59,151,119,124,188,103,157,28,172,128,162,28,188,155,0,106,118,62,137,190,0,143,105,255,0,187,198,113,173,161,97,221,97,188,149,186,135,187,255,116,179,165,222,59,255,21,94,173,87,255,247,26,240,0,20,136,140,0,106,134,74,255,48,255,37,96,149,96,243,119,227,228,211,255,64,155,106,18,12,11,255,0,0,206,255,175,76,244,200,122,255
186,21,116,132,234,71,58,71,112,160,193,49,142,128,102,58,178,150,161,129,107,255,67,85,81,227,150,122,141,194,89,111,173,84,172,255,131,39,157,71,143,169,109,118,0,161,114,172,0,192,211,23,160,101,52,111,173,0,88,133,255,13,136,200,132,175,123,49,192,105,195,70,146,202,126,167,16,133,175,82,49,255,0,80,116,125,255,252,41,172,0,67,171,122,52,101,0,78,255,28,255,62,105,169,41,235,140,251,255,173,222,156,88,200,149,147,40,224,0,201,255,255,125,44,74,86,123,255
173,19,112,117,230,59,63,64,89,161,203,38,136,119,115,35,138,111,168,120,126,222,50,102,81,170,146,149,115,234,103,83,141,112,133,234,134,37,70,104,132,138,83,178,0,146,121,150,42,255,234,38,115,81,134,171,255,0,148,153,226,0,149,183,100,114,142,50,184,97,195,100,212,109,86,186,147,160,111,186,86,207,50,129,90,55,255,214,74,227,23,97,193,111,9,109,76,37,255,31,255,34,107,53,11,209,171,200,186,237,255,107,43,188,14,99,155,222,0,106,150,181,172,87,207,164,93,255
177,19,111,113,236,71,69,76,100,154,188,60,134,117,87,42,170,89,145,123,113,255,52,105,63,205,163,148,105,202,150,82,127,97,111,224,100,88,112,69,173,178,119,158,0,172,163,157,50,218,187,60,108,96,78,136,218,0,108,102,223,0,185,207,156,88,137,42,203,140,196,103,177,136,121,216,72,207,185,157,23,236,80,123,108,91,255,189,24,255,0,118,155,133,53,91,90,128,255,102,255,49,85,15,0,156,231,191,230,242,255,84,123,101,78,47,98,255,0,114,164,215,230,38,243,72,71,255
186,15,111,120,232,59,67,89,109,159,157,84,145,112,115,68,198,124,163,98,90,255,89,91,77,220,148,123,117,208,159,90,176,85,119,242,75,54,167,78,151,165,99,124,0,190,152,153,27,178,171,10,113,113,86,124,203,0,110,129,247,0,146,209,117,195,120,45,208,87,223,127,165,162,146,178,73,202,152,163,24,255,22,77,127,96,255,203,0,190,0,134,130,107,48,114,91,105,255,87,255,58,94,100,0,149,136,121,188,236,216,128,122,88,126,0,60,233,0,110,210,255,237,80,101,86,76,255
179,18,113,122,236,54,66,82,97,162,197,83,151,122,136,61,180,128,171,100,101,255,85,100,85,195,164,124,112,213,94,94,145,137,145,243,97,11,134,141,118,154,81,179,0,170,145,142,0,200,189,0,87,119,83,156,216,9,140,129,221,0,144,193,113,190,181,53,234,71,168,150,188,108,123,198,95,188,143,202,86,223,35,80,179,97,255,201,33,221,0,55,136,152,0,106,145,21,255,26,255,36,105,110,68,151,141,147,227,250,242,79,147,106,34,27,83,255,0,21,140,216,218,69,199,187,76,255
186,15,112,130,231,56,60,75,121,163,192,88,153,130,130,62,208,144,171,78,129,255,92,106,78,229,155,121,119,227,134,92,151,104,115,255,66,16,157,111,130,161,129,138,18,188,119,177,13,203,204,0,133,85,74,98,207,0,104,119,255,0,196,158,76,194,151,95,179,91,222,96,155,156,135,230,94,148,137,170,37,230,33,106,181,93,255,218,0,184,0,37,158,85,0,98,114,54,255,45,255,68,136,163,25,234,118,192,173,210,252,106,121,118,101,41,1,238,0,82,237,255,181,62,115,138,124,255
172,17,104,77,252,86,89,65,115,145,165,53,118,145,38,46,175,69,173,100,115,255,48,106,46,255,154,173,84,167,193,89,151,56,73,204,53,135,111,48,197,181,97,97,0,187,162,104,52,249,92,76,120,67,124,146,205,0,231,99,217,0,225,255,170,53,189,15,150,46,213,142,187,87,83,124,4,176,149,244,0,255,97,91,146,99,255,141,0,255,0,169,188,134,148,191,95,58,255,120,255,90,0,0,0,139,255,211,255,255,255,91,83,0,0,0,131,255,0,166,144,255,255,81,223,0,81,255
173,19,113,95,245,68,97,85,105,147,160,15,101,136,39,56,141,50,152,78,86,255,62,75,37,238,128,145,131,207,137,61,161,73,140,214,102,122,122,119,176,175,96,158,0,174,150,160,13,255,73,55,117,72,43,147,152,0,191,65,255,16,190,233,154,68,117,0,156,64,200,99,121,150,107,172,0,184,120,174,0,243,142,133,131,122,255,177,73,227,0,146,248,116,49,171,40,151,255,176,244,118,19,25,0,144,255,222,255,255,233,103,74,122,76,113,59,239,0,217,133,175,255,40,188,101,5,255
190,12,109,129,228,63,69,82,118,143,206,49,158,134,100,55,210,125,149,108,136,255,94,120,54,198,173,123,126,205,147,84,136,86,98,223,77,71,164,127,127,195,116,179,0,163,150,162,55,233,193,0,169,98,74,138,240,0,163,117,226,0,199,179,71,177,168,111,167,149,213,101,130,154,62,219,144,144,167,196,7,244,188,149,173,148,255,245,0,254,0,82,181,47,0,44,76,104,255,97,255,49,141,81,53,255,219,201,152,234,255,97,255,63,154,21,60,179,7,99,163,219,195,54,237,121,77,255
178,21,113,113,248,71,70,96,109,149,201,52,135,133,83,51,154,86,160,134,113,255,68,88,52,192,188,137,118,191,118,56,140,110,93,211,63,108,154,121,137,187,120,121,0,199,194,134,20,213,130,23,146,76,31,139,191,0,191,81,230,0,172,190,128,140,173,7,179,148,209,157,168,157,115,244,75,176,155,234,0,238,102,118,167,114,255,192,11,255,0,113,179,110,27,137,81,100,255,114,255,104,68,43,46,181,254,255,255,255,255,0,188,31,47,56,93,213,0,59,116,191,243,74,255,171,18,255
182,17,111,130,233,60,61,85,121,166,204,74,143,131,130,56,183,127,171,103,106,255,81,97,91,214,161,124,113,222,120,89,154,110,128,220,89,45,148,111,139,171,84,155,7,195,160,174,13,210,194,0,131,118,85,125,214,0,141,136,239,0,172,178,63,162,183,71,210,90,213,123,173,152,115,255,152,131,123,197,50,244,20,120,142,101,255,193,0,194,0,67,158,123,0,97,86,35,255,47,255,96,168,119,42,235,188,157,201,204,250,73,168,109,97,94,91,216,14,71,173,255,170,58,131,160,102,255
169,25,115,89,248,83,74,70,111,166,181,50,99,151,92,62,114,106,168,134,91,255,12,79,62,223,135,179,93,196,134,71,145,127,104,194,84,157,118,43,197,163,89,132,0,189,220,163,47,244,154,132,102,85,119,211,192,0,167,161,255,33,160,255,203,115,168,0,223,50,244,118,199,81,114,160,30,199,138,176,28,255,8,64,88,139,255,106,57,255,0,144,198,206,149,189,11,67,255,118,255,127,0,38,0,189,247,255,255,255,239,154,75,77,0,123,204,255,0,126,213,228,250,47,162,99,179,255
181,20,113,83,244,106,99,69,121,151,205,41,120,197,15,33,209,77,155,120,142,255,66,71,10,255,179,175,140,146,203,84,112,31,91,208,91,158,155,71,154,215,139,124,16,145,210,103,90,255,167,141,140,66,112,144,193,0,219,91,175,0,255,242,142,63,227,44,61,99,179,136,182,140,22,140,0,111,166,155,11,248,190,76,98,190,255,171,0,255,0,180,211,119,111,93,57,9,255,127,177,59,0,0,47,220,255,255,255,255,255,134,255,0,5,48,53,255,45,203,115,161,227,97,255,0,0,255
189,18,129,126,230,94,96,68,115,125,194,70,206,94,50,45,144,98,141,196,92,254,82,112,29,126,191,144,150,175,181,95,108,103,49,158,73,109,134,108,138,234,91,147,116,198,105,116,26,208,154,77,127,108,69,93,147,0,166,140,255,53,222,155,187,73,194,66,156,162,158,151,205,138,71,169,168,186,146,151,100,151,255,181,195,200,254,215,76,255,77,99,184,232,0,131,0,0,255,82,255,65,84,0,175,255,197,224,255,150,228,165,207,64,131,77,139,140,89,26,66,0,84,94,255,186,133,255
190,25,161,133,211,49,144,101,105,112,125,18,165,208,99,139,173,165,98,159,69,213,73,52,40,155,154,158,139,148,164,129,105,87,66,121,150,135,167,145,107,183,92,126,162,133,144,69,64,175,171,26,96,142,98,160,208,55,159,141,172,142,56,140,110,212,174,96,117,86,121,204,186,227,113,73,77,176,223,121,83,171,120,154,88,103,210,188,116,65,20,114,171,190,123,237,123,14,139,121,255,202,220,105,0,236,72,165,144,226,94,255,110,134,166,104,218,104,58,196,224,83,170,69,255,30,0,255
186,12,154,98,204,77,153,139,129,134,132,76,127,179,82,134,124,159,88,136,25,240,101,73,90,125,159,200,147,138,149,91,88,122,67,115,133,53,106,123,109,219,85,199,89,181,96,98,63,191,131,98,100,196,133,130,162,63,185,153,160,137,66,195,135,224,109,99,174,117,118,180,186,208,78,102,137,199,124,105,148,219,133,119,17,198,175,206,80,93,108,142,136,106,29,135,32,0,198,78,156,153,148,93,93,177,124,240,142,190,87,255,125,15,169,89,43,153,0,66,214,209,96,91,109,0,0,255
193,17,162,118,207,73,160,129,98,117,118,52,174,194,80,139,120,173,86,160,48,237,88,68,41,122,125,181,174,134,133,148,89,136,24,97,142,126,148,116,134,221,69,202,101,149,85,126,58,166,141,142,123,181,104,141,146,20,158,158,209,171,67,189,130,170,121,130,124,92,97,198,187,255,82,61,163,199,157,62,111,190,109,132,0,172,161,232,49,98,56,120,107,138,94,166,49,6,132,79,209,187,162,160,99,164,108,209,147,140,105,255,91,59,191,54,167,118,0,83,255,217,113,106,212,0,50,255
192,17,156,117,205,75,148,130,111,141,143,36,180,191,81,136,115,166,79,166,38,222,70,44,42,139,163,197,152,165,134,119,90,124,40,124,143,109,133,122,83,215,68,198,117,159,134,105,58,129,160,131,116,165,108,132,200,43,165,148,180,139,40,187,89,216,150,101,152,141,103,204,177,255,90,103,117,216,169,106,104,186,122,90,0,184,136,166,62,117,92,145,110,146,32,192,41,0,133,104,182,160,204,109,97,165,91,255,147,170,116,235,123,20,155,111,131,95,0,158,228,185,118,59,193,0,7,255
175,13,136,121,199,51,109,110,146,149,175,49,94,200,116,86,155,149,102,148,82,225,128,112,110,119,129,164,137,180,179,79,76,139,81,123,154,91,117,125,94,177,84,172,97,119,155,74,57,206,148,126,154,127,203,113,194,26,170,124,95,102,121,114,131,255,175,59,123,144,195,155,166,171,0,147,159,184,113,119,116,151,160,185,84,142,157,242,55,74,28,154,98,88,33,106,130,7,160,102,214,154,210,132,110,233,86,250,194,225,188,179,199,122,207,69,145,195,60,147,127,192,0,151,196,36,0,255
181,20,166,113,172,29,113,125,129,137,124,68,89,144,77,110,129,89,112,172,17,255,124,56,91,125,127,142,84,175,139,94,104,111,61,129,201,36,161,75,143,194,106,168,102,217,97,89,43,150,159,46,113,70,126,74,182,46,62,123,200,141,0,180,90,214,137,84,117,170,112,216,205,212,77,118,100,245,216,88,132,204,104,156,85,100,143,160,96,21,131,110,144,54,164,160,21,79,145,145,209,193,0,155,0,82,54,226,206,197,214,176,100,21,249,0,133,155,42,158,212,94,10,94,214,45,50,255
181,23,170,112,199,36,143,136,114,152,147,74,109,195,112,137,159,141,115,169,41,218,135,81,79,144,128,141,175,147,193,96,121,127,61,114,163,143,133,91,145,169,88,162,119,151,124,111,46,186,151,90,97,135,151,182,241,57,134,167,190,171,40,151,108,210,130,108,122,46,108,197,182,232,104,110,116,255,102,130,123,150,121,213,61,78,159,191,60,7,72,130,149,172,67,209,110,55,70,107,255,237,113,166,39,149,75,197,192,255,148,243,89,51,226,14,113,206,57,101,228,83,94,121,198,0,0,255
182,14,157,105,208,70,174,141,124,120,137,68,155,189,91,142,135,158,90,143,54,220,85,88,77,103,129,189,210,117,154,119,102,105,50,110,144,118,140,145,112,202,66,197,105,150,57,112,60,168,132,127,109,217,157,162,136,33,169,173,144,173,122,173,150,204,124,136,166,56,90,245,197,253,73,64,123,151,141,70,195,210,131,138,42,146,134,253,73,65,22,150,177,116,93,138,75,41,173,72,252,141,118,141,76,223,148,244,189,211,91,221,128,62,168,100,88,114,0,50,255,152,70,45,212,0,40,255
178,19,155,113,201,43,130,128,114,149,160,73,88,204,117,104,153,139,80,163,73,237,96,80,67,123,111,172,160,175,155,89,73,139,86,105,146,99,140,115,139,168,86,140,101,158,93,67,79,166,163,97,118,141,147,124,172,41,120,139,171,132,80,127,86,255,125,81,99,128,164,168,187,242,74,124,173,212,130,99,157,126,78,165,45,113,144,186,65,31,88,85,118,127,81,177,87,80,121,107,229,189,120,192,89,124,123,229,153,255,182,200,152,74,170,10,148,143,65,51,202,153,95,105,255,14,23,255
195,12,145,135,201,75,146,113,106,101,126,0,225,163,68,135,112,197,116,170,75,227,102,32,14,61,133,187,190,108,168,210,82,89,0,75,130,140,160,116,58,186,51,174,125,78,102,97,26,100,134,141,181,178,98,107,154,2,163,184,210,152,97,215,111,99,210,107,132,113,107,225,185,154,32,32,122,102,159,74,72,101,255,44,0,165,206,235,120,216,6,231,132,164,0,255,0,0,168,146,139,87,255,212,107,155,123,177,91,197,200,211,188,37,144,151,255,68,0,252,186,204,11,95,255,66,171,255
197,9,152,128,192,116,133,71,104,139,170,62,220,140,72,126,70,139,109,210,62,255,101,108,12,157,150,185,192,165,155,161,95,127,53,106,159,84,161,34,174,255,88,227,156,201,126,171,95,135,183,79,127,157,167,132,180,86,144,226,211,203,3,255,163,184,207,129,155,227,162,89,174,142,14,95,104,229,129,76,102,175,255,85,106,134,163,255,160,172,149,156,97,198,97,156,0,0,215,113,142,86,255,127,77,186,136,255,227,173,142,255,90,99,172,171,166,76,120,209,255,189,0,100,232,0,247,255
180,52,190,83,254,57,73,29,79,140,166,24,34,181,90,70,139,162,148,128,71,255,72,131,38,255,164,245,236,122,202,93,98,80,64,189,87,92,147,55,148,244,50,82,76,171,156,131,53,186,132,173,206,145,126,147,183,49,153,226,215,93,77,255,255,197,201,98,212,137,181,49,198,234,0,0,0,29,141,72,117,121,0,106,23,44,198,189,139,111,0,116,255,234,136,186,0,69,62,205,95,198,0,87,27,213,167,255,140,188,255,240,17,255,122,219,255,255,20,200,167,105,49,173,205,181,0,255
161,42,147,74,255,77,105,60,88,165,193,14,13,238,92,53,41,158,164,116,49,246,58,54,17,252,92,205,213,174,249,82,70,115,59,165,114,114,198,86,152,202,0,159,123,221,176,66,177,251,195,162,138,163,255,135,145,0,128,255,143,87,128,194,194,118,170,159,193,124,195,215,255,204,0,0,73,48,124,246,25,239,25,79,0,0,176,200,236,119,0,208,212,255,193,163,37,0,134,111,9,123,0,124,0,138,147,255,168,195,255,40,0,0,0,159,255,255,22,255,125,205,60,255,233,177,0,255
156,31,119,28,255,111,131,57,70,173,194,18,0,239,39,73,21,115,217,168,54,218,28,1,54,226,72,219,170,130,230,46,82,162,40,167,193,153,230,79,163,211,0,205,48,191,211,52,224,228,194,113,123,139,255,186,131,0,255,187,178,85,255,255,234,110,255,57,113,23,36,255,255,146,0,37,0,86,0,255,42,255,11,0,0,0,212,157,133,255,0,255,255,255,255,255,137,0,77,0,64,92,0,0,0,83,212,241,255,255,255,106,0,0,0,201,255,255,12,255,34,253,92,255,255,0,0,255
161,33,124,53,255,95,112,57,76,167,205,30,16,207,31,57,72,114,177,134,77,245,10,0,91,214,68,203,185,126,202,91,57,174,72,229,172,113,237,114,179,184,37,119,7,220,255,118,137,205,177,139,110,182,248,197,147,0,214,206,152,83,237,255,230,132,255,0,126,105,101,255,255,111,0,2,0,102,48,240,82,255,0,0,0,33,144,121,206,217,0,255,244,222,232,142,153,0,165,76,169,37,0,0,0,62,121,235,255,255,255,164,0,0,0,95,255,255,66,232,22,213,154,209,255,0,0,255
156,21,126,36,255,111,148,57,83,201,128,128,2,241,72,119,60,72,129,92,71,245,0,0,108,255,48,255,133,100,246,32,106,136,57,221,97,184,255,51,252,106,61,142,0,231,255,119,197,187,194,177,85,193,255,218,147,0,200,159,188,170,255,255,255,0,253,1,193,55,106,245,255,138,166,96,0,189,19,172,55,199,103,109,18,0,213,72,168,234,0,255,236,183,255,209,252,0,88,120,161,82,14,0,0,62,140,27,255,255,172,114,0,0,71,207,246,255,0,255,23,255,179,143,255,0,0,255
170,23,126,100,229,73,68,70,90,171,179,76,55,151,94,51,111,96,99,126,56,255,18,60,78,203,154,169,135,178,125,63,120,128,168,187,139,132,129,54,151,169,120,133,0,147,217,203,47,204,207,171,141,139,139,154,238,24,123,182,214,65,153,255,195,112,205,6,242,127,221,68,174,110,72,185,76,158,128,89,68,169,153,94,61,84,255,73,111,254,0,172,185,175,73,138,38,108,243,166,203,82,67,0,0,144,237,241,184,249,122,170,125,164,127,175,176,211,0,173,126,223,216,112,211,37,63,255
181,20,131,126,208,65,50,71,120,190,198,61,108,164,127,42,198,149,104,105,114,255,99,82,105,233,137,123,165,187,130,103,113,113,148,198,130,54,112,121,146,202,104,160,95,173,169,191,29,164,237,45,120,116,147,46,217,44,134,153,155,53,59,146,65,177,175,89,140,195,187,78,204,192,82,168,183,143,143,171,90,217,92,29,129,113,224,162,48,76,0,97,164,127,62,138,65,13,255,136,171,26,115,140,0,213,116,214,139,213,142,215,131,188,154,192,97,203,33,226,197,185,72,192,93,50,23,255
182,16,120,134,208,59,56,81,120,173,197,57,105,145,133,46,172,144,132,109,101,255,84,71,87,208,148,129,147,189,119,68,125,130,116,192,116,55,144,124,151,173,85,175,11,165,141,175,32,187,251,24,126,121,124,103,225,29,123,173,174,26,89,155,71,161,154,127,172,179,238,38,179,169,79,175,183,139,106,184,57,224,101,100,124,123,255,190,47,120,0,87,168,100,56,131,85,34,255,116,207,53,174,193,0,210,229,150,59,239,184,207,175,177,234,205,157,209,21,204,157,207,131,126,79,35,43,255
186,18,130,127,209,72,43,61,133,197,204,68,105,153,113,34,207,139,113,111,113,255,95,53,105,234,169,107,167,188,120,55,120,80,142,202,120,79,140,117,142,183,156,133,91,161,146,183,42,185,239,77,116,115,125,47,243,64,161,153,181,28,75,143,70,166,187,133,106,178,211,41,216,168,94,178,156,138,93,149,118,213,115,82,165,125,255,196,38,149,0,73,124,114,0,119,59,16,255,128,149,36,63,122,16,255,115,217,186,193,175,255,152,184,114,204,78,229,42,195,190,204,88,190,94,0,75,255
186,18,132,129,207,72,40,50,128,205,210,93,86,151,98,37,217,136,122,140,96,255,105,52,118,255,167,107,187,191,100,90,164,72,162,170,171,104,81,72,170,183,145,143,153,40,136,140,86,115,229,146,112,129,164,68,195,55,133,137,199,0,65,174,91,142,235,197,68,112,255,0,251,118,94,163,149,57,118,103,228,239,84,83,135,132,255,239,37,194,2,47,118,164,0,93,14,73,236,125,155,2,26,137,98,255,120,255,116,83,100,255,193,255,10,212,118,255,3,176,227,255,0,255,109,81,49,255
190,14,144,137,208,109,89,58,119,144,182,69,195,129,61,46,149,127,134,178,86,255,96,104,56,208,169,119,176,119,145,144,112,102,103,109,161,116,160,78,189,196,110,177,187,115,112,97,45,151,177,70,110,133,88,115,173,56,100,158,226,62,91,181,152,124,249,81,70,146,123,143,143,209,57,210,182,220,140,132,78,139,255,202,92,135,179,255,149,169,132,109,71,194,10,123,0,14,242,115,203,43,154,16,71,221,174,235,240,205,125,228,163,125,72,172,104,144,144,174,124,143,43,123,252,20,178,255
190,14,117,135,226,84,79,66,119,144,215,39,199,112,76,70,178,104,151,152,131,255,81,124,57,197,174,107,156,171,161,98,125,78,85,192,99,120,157,115,153,245,107,165,98,142,131,111,71,203,204,8,137,104,70,108,217,0,161,101,236,0,209,204,120,92,199,113,157,170,144,128,188,202,98,221,180,157,168,188,68,226,254,184,134,193,255,255,42,255,36,49,153,138,0,49,38,0,255,127,246,9,160,49,152,255,215,218,240,194,255,154,255,103,157,82,101,158,85,102,137,115,45,93,255,117,138,255
179,13,117,128,221,72,57,77,139,182,213,92,133,115,146,45,182,151,143,124,94,246,86,102,101,170,165,113,109,205,130,103,142,111,146,205,59,37,111,125,112,205,57,189,65,152,140,177,34,195,208,15,136,148,134,132,252,0,151,186,205,0,80,170,106,192,147,136,255,107,218,92,221,151,109,188,164,172,112,206,106,225,47,42,129,127,255,199,53,128,0,111,121,142,0,167,129,52,255,63,255,37,172,153,25,255,124,162,142,208,195,231,103,116,113,143,72,215,63,29,255,228,69,111,132,36,38,255
182,10,113,125,215,66,69,88,126,157,201,77,141,98,117,59,181,118,158,136,82,255,88,111,79,170,167,135,133,162,163,96,142,109,114,173,74,88,111,103,118,240,31,201,21,143,130,145,61,202,195,24,145,137,100,150,255,0,176,155,208,0,154,170,101,132,189,148,218,149,225,125,164,180,68,231,153,151,156,192,75,201,230,119,127,171,254,217,41,201,3,121,181,122,0,118,89,100,255,137,255,32,153,108,86,246,233,117,126,255,237,118,255,42,197,112,102,205,24,75,131,227,91,127,255,95,77,255
180,13,114,119,229,74,69,83,125,173,202,82,155,91,109,59,178,106,165,125,114,251,82,122,84,169,181,120,107,204,144,107,163,73,144,197,66,53,124,104,140,217,94,161,29,169,125,169,54,197,167,3,147,131,82,136,255,0,198,170,255,0,128,180,102,163,143,93,219,110,194,151,202,157,86,207,168,148,144,230,65,233,86,99,118,118,255,229,3,195,0,131,146,163,0,145,90,98,255,88,255,25,110,55,63,242,179,147,207,255,255,156,190,37,74,49,72,168,95,0,239,198,137,63,252,32,72,255
180,9,113,122,220,78,58,79,140,180,217,100,132,101,124,42,187,126,152,129,101,255,95,115,82,176,179,121,110,193,127,83,131,94,141,174,51,50,90,118,92,255,78,185,80,152,138,165,44,222,197,25,130,154,125,131,255,0,183,178,177,0,119,174,108,156,207,190,255,146,239,75,204,131,66,209,190,144,90,201,87,232,183,90,140,174,255,195,0,171,0,127,139,110,0,139,135,78,255,89,255,30,184,80,63,255,184,138,146,250,220,208,237,61,150,106,90,137,18,34,195,255,82,146,211,0,53,255
182,11,114,130,212,66,63,82,138,169,209,86,137,120,128,58,185,137,158,109,95,255,87,107,74,194,162,129,107,202,148,106,145,108,117,177,59,57,166,120,128,216,75,189,55,161,130,158,42,193,229,12,145,146,99,146,252,2,155,203,200,0,143,175,103,180,177,157,210,141,249,80,187,156,93,220,174,132,148,187,82,226,138,91,143,158,255,203,6,167,0,68,152,134,0,120,123,56,255,92,255,61,175,136,33,255,222,136,104,255,205,208,253,78,185,132,90,233,47,69,215,248,121,98,189,14,87,255
179,9,113,121,224,74,54,81,128,177,213,97,134,98,119,36,191,124,147,136,98,238,95,114,99,155,193,112,102,175,144,95,133,97,150,179,65,59,82,107,103,243,80,179,74,135,145,165,57,220,186,27,137,153,120,137,255,0,208,192,169,0,121,179,85,153,164,177,237,140,218,99,219,132,73,210,184,149,124,214,87,248,172,82,131,140,255,223,39,168,0,154,151,117,0,139,136,121,255,83,255,43,131,43,51,255,170,108,139,239,219,214,190,63,143,102,127,154,47,22,177,255,112,145,255,32,112,255
180,9,117,117,215,80,61,76,137,185,221,103,121,103,126,44,183,132,134,138,86,255,87,127,95,178,162,121,101,186,133,92,124,99,163,152,52,56,92,99,104,255,81,201,80,149,134,170,43,205,187,62,120,153,139,152,255,8,171,190,174,0,119,195,146,169,184,161,252,157,244,58,191,135,64,201,168,136,123,165,113,214,155,46,113,176,255,209,42,134,0,141,147,139,0,146,112,52,255,111,255,23,157,65,43,255,172,151,125,249,145,255,217,106,160,139,101,158,32,65,219,254,94,124,196,0,64,255
179,11,115,112,218,78,71,92,115,175,203,81,132,135,101,48,189,96,145,122,104,255,94,118,78,204,173,144,121,180,175,85,132,80,147,178,95,78,124,95,146,227,110,182,3,159,185,161,65,230,177,52,118,126,111,141,250,4,192,147,196,0,174,188,108,148,182,73,169,137,200,124,138,157,68,227,115,157,149,182,63,220,201,127,126,141,255,235,0,188,47,182,130,122,0,72,82,90,255,136,237,24,122,0,50,201,230,100,140,255,212,156,215,25,130,89,95,202,53,92,171,255,177,78,236,6,28,255
179,11,115,128,217,69,55,73,130,182,204,100,133,111,135,47,199,125,141,107,102,254,88,120,91,177,170,111,99,217,127,99,144,95,149,181,65,25,88,86,111,215,80,180,101,151,149,178,45,212,207,16,118,144,154,139,255,0,139,197,211,0,114,155,105,193,138,154,254,121,230,56,224,136,62,187,198,161,132,221,87,215,74,50,109,127,255,176,7,139,0,117,126,114,0,127,136,87,255,49,255,22,168,87,32,255,157,174,81,213,180,217,131,113,137,128,91,180,53,61,243,253,120,125,163,33,26,255
185,12,118,130,213,78,62,70,148,185,212,90,116,126,130,59,198,164,151,116,98,255,100,92,75,209,151,127,113,197,115,104,136,100,156,195,64,18,154,112,124,224,101,182,110,132,122,164,37,178,230,46,121,151,130,127,219,5,124,204,193,1,75,184,150,230,154,160,244,142,239,21,184,137,96,149,120,151,144,163,116,228,42,12,131,184,255,221,25,83,0,95,132,142,11,136,121,39,255,49,251,22,169,168,36,255,160,190,109,218,149,255,218,161,183,189,80,212,38,86,255,254,70,118,70,0,6,255
179,10,122,114,204,69,73,88,113,184,193,69,139,119,133,58,171,118,136,119,103,255,97,115,102,200,151,144,140,201,111,88,132,108,150,143,106,65,91,103,141,216,74,243,0,160,135,144,34,222,193,36,133,135,128,136,255,56,176,160,216,14,132,192,97,165,214,118,164,172,179,111,156,164,55,237,210,149,163,191,95,175,201,159,119,130,255,239,82,145,99,110,159,107,0,126,75,69,255,128,191,30,168,48,43,246,201,103,130,255,220,134,255,120,124,33,85,163,67,64,159,232,177,102,255,45,51,255
178,11,116,125,220,75,54,74,130,187,215,102,140,109,131,45,189,128,158,128,101,236,94,111,93,175,177,100,104,207,118,106,147,96,147,191,63,46,105,116,114,223,87,177,90,141,148,179,42,202,200,19,137,149,141,146,255,0,179,200,200,0,102,165,95,180,168,148,255,112,225,83,241,125,76,189,182,158,109,197,102,231,99,59,140,142,255,206,30,169,0,128,125,104,0,153,127,69,255,56,255,25,147,105,34,255,156,148,159,239,212,208,151,98,114,107,108,172,48,0,246,239,110,134,196,8,98,255
183,12,116,129,217,58,69,79,133,156,186,91,136,93,134,64,188,152,145,109,82,255,97,101,62,169,146,114,108,193,150,104,151,112,128,204,44,36,164,119,118,196,37,173,19,151,107,172,14,168,191,25,150,147,101,171,255,0,147,199,197,9,112,176,125,199,120,147,255,116,224,111,185,161,113,156,114,202,150,175,77,191,84,35,124,127,244,216,43,114,0,123,156,130,13,174,134,84,246,87,255,44,126,178,48,185,151,100,129,255,211,206,169,81,185,112,99,204,14,10,255,241,111,104,149,52,63,255
181,12,125,112,215,81,63,86,111,198,207,95,135,118,126,50,187,108,131,136,92,255,100,94,96,195,170,142,148,172,115,85,134,98,154,168,106,93,98,117,149,247,90,209,56,156,151,158,50,190,178,55,110,148,115,131,249,43,193,173,200,20,101,164,98,171,184,124,193,191,201,124,176,171,97,235,173,156,142,185,108,178,228,112,152,153,255,233,55,171,56,134,136,135,0,126,64,87,246,148,218,0,157,35,57,228,220,103,143,248,185,194,210,37,167,55,96,202,68,19,177,221,147,71,210,12,53,255
181,11,116,126,216,73,58,68,134,188,210,93,119,123,128,42,206,142,162,115,111,255,97,93,70,202,162,123,125,206,97,93,121,102,151,185,75,7,104,119,117,204,97,164,93,134,140,171,39,218,221,42,117,141,129,134,255,0,149,200,174,0,99,164,96,201,171,183,222,134,238,32,213,112,75,159,148,149,86,175,113,209,92,62,115,162,255,193,0,139,0,98,132,79,0,108,136,62,255,40,255,28,163,123,40,255,170,152,93,218,188,255,192,130,140,170,114,161,11,87,232,255,125,138,110,28,37,255
181,6,108,120,220,71,62,93,135,162,221,75,140,112,118,38,175,108,161,122,108,255,104,132,91,150,185,127,97,161,166,94,133,102,110,166,59,73,94,134,107,242,61,202,16,154,143,146,67,253,176,0,175,144,88,139,255,0,219,178,186,0,180,193,61,109,207,158,187,141,226,116,162,134,74,255,194,105,127,255,51,251,255,152,137,136,250,231,0,211,0,125,172,82,0,125,147,95,255,135,255,16,184,60,66,255,255,97,136,255,255,145,255,1,186,68,81,197,59,22,131,255,109,117,255,45,83,255
179,9,113,116,222,79,63,84,123,178,220,75,133,114,109,36,180,99,149,137,91,255,83,109,101,183,186,116,126,160,147,93,124,92,150,171,92,80,77,112,119,245,86,203,60,145,166,134,75,246,197,27,130,141,111,144,255,0,205,158,162,0,172,178,78,106,200,163,195,161,199,104,176,158,54,255,189,122,144,219,79,228,253,134,119,139,255,231,47,220,4,144,156,99,0,77,108,94,255,121,229,20,131,0,60,255,245,111,142,255,232,155,255,26,136,80,91,182,99,97,101,235,118,115,255,36,70,255
186,10,109,124,216,49,75,92,125,137,179,74,145,98,129,72,195,153,156,106,81,255,110,109,60,150,147,139,110,173,164,93,159,98,97,212,56,21,183,125,103,177,23,173,0,157,125,159,8,183,188,0,171,125,100,172,244,0,148,151,233,0,114,184,110,212,142,103,228,90,202,146,169,156,87,160,99,187,155,187,37,216,142,63,144,158,255,216,32,145,0,120,182,116,0,158,113,77,255,96,255,33,132,181,77,151,135,71,120,255,238,131,200,38,183,55,137,192,0,67,195,255,108,90,174,83,47,255
178,10,115,121,223,79,55,74,126,180,212,74,134,104,108,37,182,117,162,139,114,228,93,103,90,179,171,122,127,165,118,98,127,91,159,175,75,61,85,109,121,246,99,162,61,112,152,155,44,229,181,65,139,145,98,146,255,0,210,185,170,1,107,194,79,160,175,156,197,142,223,101,217,133,62,185,129,147,114,163,106,235,166,96,109,157,225,245,11,200,0,149,122,71,0,108,117,116,255,80,255,30,109,63,57,255,180,160,158,243,243,206,190,73,93,117,106,155,0,88,189,255,104,175,193,47,98,255
173,16,107,119,233,61,68,66,103,170,209,60,132,107,104,41,151,97,181,106,109,249,16,105,82,189,142,131,102,220,126,102,150,100,124,208,101,38,139,82,154,142,100,167,0,172,109,179,48,229,247,11,149,105,105,170,247,0,142,191,244,0,173,174,108,88,150,95,221,110,238,103,213,127,86,222,157,141,91,176,49,193,48,121,95,70,255,192,61,226,37,93,199,145,52,85,86,46,255,28,255,103,155,54,0,209,188,165,167,255,247,68,92,144,57,133,158,185,0,113,165,205,124,74,159,124,87,255
175,15,114,100,234,89,71,72,118,180,202,93,116,118,103,46,173,111,158,129,105,255,51,124,54,204,159,137,68,202,112,94,149,98,106,187,60,94,69,58,169,180,82,194,0,149,175,149,35,210,173,50,157,91,130,198,255,0,219,166,246,0,175,206,159,141,156,51,249,61,255,67,238,96,82,175,101,181,130,211,87,199,87,117,163,105,255,187,10,253,0,205,224,106,26,212,52,121,255,81,255,58,79,0,0,173,255,248,222,255,233,160,114,63,0,109,141,189,0,0,215,189,168,128,239,10,163,255
178,25,132,109,221,80,62,61,105,190,197,77,123,86,104,54,153,120,163,170,82,249,93,89,97,249,119,155,132,213,70,115,187,134,112,194,136,90,37,67,176,199,39,160,37,119,111,175,18,173,173,114,122,90,156,153,195,22,154,137,255,44,31,193,148,133,179,50,139,134,244,109,198,142,79,240,103,86,206,95,156,172,74,89,112,175,255,151,148,177,18,81,241,203,7,195,0,70,253,119,255,44,73,118,0,209,173,255,255,173,128,223,96,255,9,107,180,217,0,31,182,107,117,69,136,162,160,255
185,16,116,122,232,69,60,74,116,164,190,91,151,100,122,57,218,140,148,110,95,255,94,118,70,217,173,120,97,223,102,95,163,82,143,236,67,62,101,100,139,198,98,187,0,157,118,162,11,170,162,1,106,113,108,151,248,0,147,135,235,0,133,176,135,194,140,84,254,105,235,74,197,125,142,185,135,188,175,177,69,235,27,60,182,124,255,223,11,190,0,82,199,128,2,184,57,93,255,69,255,14,109,55,48,205,189,202,200,255,230,167,145,145,94,15,56,208,7,0,238,191,222,68,191,53,137,255
180,21,114,121,243,76,66,73,107,157,197,44,165,104,92,46,166,120,166,167,119,244,83,128,90,155,179,128,118,198,134,108,166,79,135,228,97,78,131,101,150,181,86,115,12,181,112,165,39,179,171,12,116,119,80,118,234,0,135,127,225,0,97,196,142,143,111,57,198,122,183,167,219,144,131,161,104,150,127,213,71,255,8,96,132,94,255,229,54,232,0,120,126,194,25,158,57,32,255,60,255,0,136,66,25,223,183,206,255,238,255,98,106,123,68,36,90,233,21,46,217,188,127,8,175,79,130,255
182,17,113,124,232,65,58,80,117,161,196,82,136,110,116,35,185,126,140,124,86,255,56,103,79,182,177,130,108,193,149,78,132,102,117,225,78,78,110,84,138,192,71,163,13,175,132,179,41,201,195,25,143,125,96,107,250,0,146,163,245,0,139,150,104,152,139,99,231,137,223,117,191,166,101,249,139,179,155,178,18,216,99,95,135,107,255,193,19,198,5,93,172,138,4,149,62,110,255,77,255,75,141,55,29,223,177,155,158,212,249,130,114,100,164,87,72,229,2,64,182,225,181,92,193,115,66,255
187,13,112,128,230,63,78,80,118,140,184,63,178,107,106,76,206,134,144,92,124,255,106,113,65,186,167,102,130,191,144,106,147,111,116,234,46,43,171,132,116,187,123,150,28,138,89,162,30,189,166,0,149,104,58,128,212,0,117,116,225,0,206,203,110,193,158,98,214,107,172,96,168,161,105,190,79,148,155,193,41,243,129,77,115,129,255,255,21,228,0,106,170,98,0,103,138,63,255,87,255,0,112,145,68,247,132,229,178,236,255,142,192,88,73,23,54,166,7,77,194,255,140,81,241,84,50,255
180,18,115,122,235,78,65,69,116,150,208,54,141,132,101,37,162,118,154,126,122,245,57,99,53,207,168,115,123,203,101,104,142,69,117,234,92,94,135,85,158,171,131,159,1,140,163,159,26,225,190,38,152,93,81,137,215,0,143,150,250,0,166,209,159,149,153,57,186,93,226,86,203,147,101,178,106,142,158,124,68,219,53,104,131,114,255,224,17,255,0,64,157,111,2,108,62,114,255,58,255,55,91,40,26,255,255,255,239,255,255,126,185,136,53,80,83,214,0,81,216,179,201,64,207,86,136,255
186,14,113,132,224,59,57,78,123,154,200,85,145,99,128,60,184,142,155,113,103,255,83,113,71,193,154,122,110,215,150,77,135,119,112,213,69,60,139,112,117,220,80,188,7,174,126,167,38,202,214,22,124,122,79,139,248,0,147,150,230,0,174,171,103,165,156,138,213,125,239,108,177,162,123,239,147,159,160,159,68,242,114,108,172,135,255,223,0,183,0,79,176,124,0,118,92,84,255,82,255,67,131,150,45,227,165,147,149,222,247,165,199,107,148,81,63,228,0,58,215,253,146,106,206,112,140,255
179,15,111,121,232,72,70,76,121,153,202,55,155,116,97,43,162,108,167,129,132,255,82,133,67,180,181,132,91,199,129,83,147,83,115,226,59,58,121,105,128,189,97,154,0,156,132,160,41,237,161,1,162,80,118,128,236,0,190,125,238,0,139,204,138,132,153,46,209,131,178,111,169,136,72,190,104,178,159,235,9,249,94,136,145,107,250,220,33,221,0,94,149,104,0,109,95,105,255,92,255,48,110,38,41,244,171,189,241,230,255,82,136,109,89,26,95,204,0,64,178,165,185,38,250,103,95,255
189,14,111,129,230,53,64,86,140,148,173,102,143,131,146,67,211,179,138,80,99,255,114,77,68,200,147,125,107,236,138,96,143,94,119,255,36,0,211,129,115,138,93,117,0,199,141,173,0,152,169,0,125,107,101,78,151,0,57,103,250,0,122,161,152,255,123,47,250,64,199,105,156,156,196,182,21,198,138,163,33,234,0,5,188,117,255,178,0,94,0,75,127,111,0,179,142,62,255,52,255,54,170,213,18,196,58,131,176,189,212,171,38,123,142,55,29,255,0,52,255,255,166,30,24,67,10,255
180,19,116,114,235,65,71,80,104,177,177,76,139,127,120,80,183,136,169,111,113,255,102,104,55,208,157,139,96,228,116,112,175,75,164,255,93,8,152,126,140,136,92,138,0,197,176,174,4,178,183,9,91,98,112,173,222,0,118,89,206,0,103,218,147,212,141,3,216,53,191,122,183,83,163,93,38,250,142,201,45,252,0,60,184,112,255,181,24,171,0,103,152,128,16,138,87,25,255,86,255,2,61,101,22,90,113,151,255,255,220,105,134,120,60,0,89,255,0,48,255,239,208,28,141,37,66,255
179,19,113,119,248,54,60,96,108,156,160,101,138,132,123,69,215,129,130,87,101,255,103,74,64,201,154,125,108,207,149,93,157,86,125,255,43,42,145,104,131,157,99,94,0,196,168,176,6,148,121,18,36,130,78,143,156,0,95,55,208,0,155,156,85,227,112,57,185,58,225,142,207,96,244,178,73,251,132,176,12,255,0,33,135,89,255,187,0,179,0,76,123,113,35,179,136,91,255,90,255,62,84,138,38,117,115,190,240,214,244,79,42,68,13,5,78,255,0,34,255,255,230,109,108,135,6,255
193,18,115,138,227,58,64,87,109,153,165,60,151,121,116,84,204,160,162,111,79,255,90,70,73,227,149,136,158,186,101,115,194,90,129,250,135,59,174,71,150,164,50,145,4,174,105,147,0,143,206,0,154,120,49,102,145,0,75,136,255,58,104,208,133,174,137,61,235,119,177,89,115,221,168,140,16,198,184,98,33,220,0,75,149,152,255,255,70,129,0,80,221,108,40,174,0,66,255,79,255,67,150,255,74,168,134,138,242,166,197,107,141,194,255,152,97,207,0,135,255,255,119,78,93,136,125,255
178,29,119,117,245,74,68,45,66,160,188,25,138,116,80,21,110,105,161,220,104,193,26,120,49,140,140,128,115,223,99,83,172,98,157,234,168,105,48,43,197,102,70,94,0,158,101,172,37,245,195,121,88,109,82,222,255,15,110,150,240,37,132,191,153,108,24,32,203,68,235,80,231,89,79,115,9,192,137,112,119,193,14,165,106,71,255,223,91,255,32,111,139,192,33,72,0,108,255,0,255,63,84,0,0,165,251,244,255,221,221,203,38,170,1,114,132,255,0,126,196,181,220,0,119,206,237,255
181,17,116,127,238,56,60,93,95,162,194,94,155,117,125,45,191,110,138,115,111,255,83,108,85,176,172,116,129,208,142,69,136,121,127,222,77,67,113,109,126,188,101,180,0,175,138,164,40,178,159,15,93,124,66,119,204,0,119,99,240,0,178,152,84,143,137,72,209,133,169,169,168,162,173,255,120,203,178,170,35,221,76,100,143,54,255,255,21,197,8,87,120,124,0,123,114,114,255,90,255,60,127,110,60,170,119,140,187,193,231,72,67,74,102,37,33,255,0,16,204,255,202,85,247,162,79,255
184,16,110,122,234,50,72,94,120,148,160,86,152,110,128,72,200,143,164,87,92,255,104,88,79,190,140,124,106,216,162,96,182,92,116,248,46,22,194,121,139,142,79,123,0,191,139,162,7,167,158,0,101,131,81,156,178,0,115,118,245,0,126,209,117,247,115,36,205,48,230,155,169,126,188,164,51,207,121,176,64,254,0,37,155,107,255,198,0,173,0,93,115,144,37,139,118,70,255,63,255,73,96,183,22,156,102,130,228,255,225,166,106,73,53,0,54,255,0,27,250,255,204,51,60,104,54,255
181,18,115,120,233,63,59,75,101,169,204,72,142,128,128,42,181,136,161,125,98,254,80,88,73,198,166,132,130,201,77,86,131,121,154,233,109,49,109,129,136,166,93,164,2,151,140,147,22,193,199,32,101,114,91,153,229,13,126,133,194,0,109,207,117,190,177,81,216,118,181,104,183,123,134,197,88,187,142,153,92,248,50,76,141,122,255,213,43,200,0,68,124,128,0,92,125,63,255,55,255,35,109,99,46,192,144,152,204,205,223,193,123,122,68,49,113,255,0,71,165,255,220,57,152,118,131,255
187,18,113,132,233,59,52,80,114,165,183,76,154,138,130,65,207,148,174,85,116,255,92,99,85,236,157,118,126,211,104,98,163,96,135,248,95,39,144,89,134,159,119,138,5,170,127,180,3,204,191,0,133,87,50,107,185,0,119,140,255,0,169,184,62,204,142,87,162,80,233,75,163,176,150,225,81,133,139,146,35,255,0,86,141,106,255,238,0,176,0,45,165,85,0,85,60,75,255,24,255,82,119,157,20,230,139,235,189,151,253,160,72,131,98,60,17,255,0,117,252,255,210,98,104,138,136,255
176,23,105,99,255,79,78,76,128,138,155,37,130,120,54,58,148,83,167,147,91,255,61,102,66,191,173,159,88,176,202,62,159,92,84,205,25,156,134,40,183,167,45,71,0,215,135,165,5,255,68,81,96,93,72,122,170,0,172,88,219,22,194,219,188,96,133,35,177,39,222,139,219,112,129,153,13,167,129,255,0,255,37,66,131,101,255,157,15,255,0,164,201,183,152,211,83,23,255,93,227,115,0,28,0,152,239,255,255,255,255,41,112,0,0,29,66,255,0,87,153,255,216,188,136,126,30,255
179,23,120,127,239,68,64,89,88,172,211,26,132,134,102,34,135,80,144,138,93,254,33,71,105,196,151,105,176,164,107,55,130,85,174,193,109,96,148,71,149,188,130,155,0,182,131,147,28,240,194,38,174,117,30,132,194,26,154,146,243,5,201,192,20,74,122,58,146,185,189,125,174,206,97,255,116,108,162,147,5,197,126,161,68,71,246,255,97,250,0,92,197,70,27,84,0,93,255,99,255,98,88,43,37,235,206,212,211,198,238,41,117,116,135,136,18,212,0,234,114,183,160,96,169,189,42,255
185,14,108,111,232,74,69,80,107,148,205,40,115,152,71,31,194,114,147,118,103,255,69,78,27,218,161,149,135,176,144,84,134,62,84,252,119,114,144,110,135,167,99,178,0,164,191,150,58,244,201,40,171,98,87,150,249,0,194,96,214,0,178,217,92,107,211,61,155,104,217,122,151,133,54,185,95,171,143,174,0,240,202,165,179,132,255,208,0,255,0,137,224,36,11,112,36,117,255,124,226,50,81,0,16,183,244,169,197,255,255,65,227,56,88,40,141,204,0,151,112,223,210,135,255,36,61,255
180,19,115,116,240,82,61,87,116,155,188,76,146,120,88,44,170,99,149,148,106,255,69,103,59,216,187,118,119,175,146,55,122,106,92,190,46,142,117,58,160,230,132,131,29,166,196,137,31,186,129,83,110,78,69,124,196,0,145,91,231,12,188,190,152,146,162,22,198,131,212,116,211,161,122,223,46,203,177,172,22,252,96,94,132,132,253,215,0,255,0,144,136,107,19,151,79,120,255,111,255,65,51,14,50,186,217,255,255,255,255,58,127,48,55,66,47,241,0,99,180,255,230,144,255,91,121,255
183,18,112,136,233,55,52,86,123,165,187,81,144,136,151,64,182,160,181,97,88,255,85,80,91,221,159,125,112,209,76,123,165,115,138,247,95,23,170,102,142,145,77,146,16,175,132,170,0,185,185,0,134,111,63,137,159,0,114,178,255,0,121,190,87,243,160,70,212,58,227,88,158,166,162,213,84,140,135,157,51,246,0,47,135,111,255,209,18,150,0,32,143,123,2,111,88,46,255,0,255,94,159,189,36,216,163,202,174,168,253,128,84,142,98,91,70,255,0,65,255,255,214,66,42,184,110,255
178,25,114,114,248,79,70,71,117,173,201,43,120,115,102,62,142,126,160,173,80,255,19,77,108,185,137,120,96,210,103,96,168,101,128,209,75,110,159,88,181,138,83,143,0,201,162,190,0,235,158,63,144,111,40,186,199,0,176,142,255,12,116,203,135,162,90,33,210,68,255,120,222,140,128,196,106,173,135,200,66,221,0,123,143,132,255,167,58,255,0,115,187,184,64,163,0,84,255,47,255,154,116,61,0,204,255,255,255,198,255,119,123,106,10,134,120,255,35,5,229,127,166,21,81,201,139,255
178,18,117,106,229,99,86,60,106,175,206,27,114,126,68,46,141,100,159,160,126,255,32,103,77,255,154,173,163,179,150,35,133,49,160,162,142,144,66,31,173,248,158,175,0,134,161,146,119,255,196,164,141,63,145,184,195,39,163,103,203,107,176,255,193,33,144,39,132,111,230,24,190,193,31,147,10,89,133,63,157,222,121,160,45,123,250,255,105,255,6,194,198,151,105,39,0,95,255,102,218,89,43,0,50,246,255,255,249,255,223,199,118,180,25,177,75,147,0,255,196,176,124,64,201,17,134,255
178,11,110,132,223,69,64,65,132,159,227,53,173,113,107,66,180,98,172,110,147,255,73,138,87,187,169,89,116,195,160,100,129,112,101,184,70,75,115,126,138,215,93,203,32,161,166,151,82,255,232,0,176,82,91,175,255,0,214,117,222,0,255,180,44,71,198,183,149,130,209,95,201,143,98,255,232,121,134,255,86,241,212,203,164,120,255,223,14,255,0,74,200,48,0,26,117,29,255,103,255,3,91,90,95,255,241,207,183,252,255,114,255,81,51,70,40,197,122,26,159,152,51,105,255,102,143,255
179,12,115,129,226,70,53,86,133,177,225,97,129,118,137,36,187,130,143,133,89,255,96,118,97,161,169,117,102,177,138,104,124,102,148,193,71,51,100,130,107,223,50,202,42,165,151,160,22,204,180,2,133,143,90,132,255,0,174,155,193,0,132,170,89,133,155,142,219,107,214,143,193,170,135,237,161,170,138,209,88,231,107,86,152,105,242,225,57,153,0,108,108,146,0,151,142,63,255,77,255,36,160,83,61,216,166,110,145,191,226,197,95,43,128,123,83,255,75,0,210,217,74,128,204,64,87,255
182,11,118,121,219,68,69,82,121,176,187,100,133,108,129,56,186,136,140,120,81,255,81,108,89,188,157,135,120,192,138,107,149,108,149,177,73,52,127,84,133,204,73,172,60,155,122,172,51,176,185,57,108,152,115,145,209,12,136,202,209,8,112,187,136,220,145,120,223,140,220,98,171,168,92,181,136,148,138,157,93,186,70,43,79,132,255,200,6,147,8,107,121,150,33,132,103,82,255,100,255,48,150,94,45,222,162,140,99,239,157,216,172,104,178,111,88,200,18,94,223,255,168,83,135,54,62,255
177,8,111,125,218,71,64,73,126,163,218,76,146,104,114,49,175,111,158,121,124,255,92,140,74,161,169,105,94,183,163,101,126,120,130,177,77,39,88,115,120,231,69,189,17,137,156,163,78,248,210,6,177,111,100,161,255,0,196,177,189,0,207,181,75,111,146,150,208,120,214,82,217,157,62,210,163,149,120,244,83,242,217,130,118,124,232,215,11,211,0,154,168,89,0,101,154,96,255,82,255,2,132,83,71,245,224,147,124,255,255,170,194,58,143,121,96,160,77,64,170,221,72,130,255,46,104,255
178,7,115,113,220,79,64,87,130,184,224,100,130,105,129,43,173,108,145,141,84,255,91,135,102,165,175,115,99,166,144,86,118,108,164,160,57,66,80,115,113,255,79,204,66,150,156,155,53,214,166,21,108,148,130,135,255,0,194,178,172,0,141,183,130,147,182,118,255,160,211,108,184,135,83,254,159,144,136,206,94,223,232,75,111,152,248,223,48,171,20,139,142,139,0,140,130,64,255,150,255,11,170,24,54,255,188,105,152,255,174,195,245,45,177,120,95,185,68,33,152,233,100,137,255,30,90,255
182,12,118,129,209,67,70,74,136,171,198,75,130,120,128,60,180,141,147,111,96,255,77,101,76,202,147,135,126,198,133,102,130,110,129,161,74,49,154,101,145,192,63,191,44,155,125,152,50,184,228,48,138,135,109,150,228,19,140,200,188,0,103,207,120,191,163,140,192,158,229,79,165,180,85,182,138,146,137,176,112,174,104,64,108,144,255,194,20,124,15,109,142,126,60,133,112,54,255,114,239,54,151,133,27,235,204,147,94,240,188,226,216,133,186,152,94,222,44,130,221,234,111,78,115,42,51,255
179,9,112,124,220,68,63,86,131,165,198,74,140,112,120,46,186,126,153,124,105,247,94,118,107,163,183,137,112,181,162,103,143,108,140,185,76,61,98,108,114,220,72,176,39,137,149,163,60,221,182,20,137,141,118,114,255,0,175,163,187,0,127,176,96,173,172,124,222,144,208,115,183,157,66,216,146,150,126,216,65,247,152,113,114,134,252,214,13,178,0,126,136,119,0,110,135,113,255,102,255,51,179,92,48,255,173,135,127,253,236,147,187,68,160,115,82,180,24,111,155,255,108,108,205,64,70,255
180,12,116,119,216,79,60,78,135,174,211,76,113,109,120,34,169,134,132,138,72,255,71,91,101,160,167,125,116,138,133,83,119,98,156,181,80,61,86,88,106,242,54,189,52,112,118,136,56,211,193,70,139,172,142,154,255,25,162,196,187,31,83,186,121,160,161,119,254,153,216,56,180,148,77,186,98,159,143,148,97,210,159,40,85,156,202,247,93,121,0,142,151,112,0,160,91,91,246,91,246,0,140,93,63,255,168,168,146,255,165,255,189,106,180,166,60,235,11,119,208,245,48,149,150,0,0,255
178,11,122,112,210,69,77,97,110,171,182,89,137,128,118,69,170,91,123,115,92,255,97,105,91,185,167,126,130,197,181,85,140,98,135,182,93,81,116,108,137,221,105,190,6,165,181,146,59,214,149,49,115,122,126,108,243,1,190,136,215,0,168,163,92,167,178,50,173,152,169,143,159,180,69,222,152,195,183,215,26,190,241,130,120,122,240,208,1,182,54,154,131,105,0,120,104,107,255,169,198,14,110,19,52,183,188,97,122,255,218,139,212,36,183,32,62,220,93,75,148,218,201,97,255,23,0,255
180,13,107,120,232,64,59,79,128,161,210,74,146,109,123,36,182,140,170,125,110,238,75,120,78,158,165,118,89,216,123,103,163,93,130,229,55,15,123,113,124,173,70,162,1,159,129,164,36,211,190,0,159,112,141,155,251,0,158,169,255,0,100,147,129,226,143,85,232,90,210,121,204,97,102,180,134,172,117,236,54,255,24,65,153,135,255,189,0,187,0,90,159,118,0,174,113,86,255,49,255,34,139,138,30,255,99,166,174,255,255,140,133,105,36,61,83,188,0,24,255,255,137,55,116,103,72,255
186,11,109,126,216,52,71,76,118,152,184,80,137,115,121,52,205,144,156,98,99,255,78,88,59,204,140,139,126,211,143,79,135,104,103,199,76,31,166,101,135,181,69,160,0,157,114,157,37,208,224,48,142,134,121,176,233,0,117,182,199,0,175,165,74,219,153,149,179,116,239,74,175,131,74,195,131,141,144,134,53,204,117,101,114,148,255,205,0,180,0,67,176,71,34,74,111,90,255,43,255,73,158,119,62,220,187,97,49,255,207,197,231,98,195,78,94,212,0,130,187,255,206,66,109,95,75,255
177,10,122,119,191,57,73,75,124,189,141,92,91,103,118,54,180,106,115,106,75,255,81,71,136,182,155,148,78,225,148,40,134,103,156,128,132,23,93,55,143,224,94,158,117,169,156,147,48,201,212,56,119,179,197,60,239,9,83,206,187,47,115,182,145,180,135,121,238,150,206,51,228,114,0,199,153,174,177,192,122,214,155,204,84,73,255,149,81,144,80,153,110,124,0,154,120,144,255,126,93,38,212,80,0,209,147,58,0,255,118,205,178,134,168,139,132,150,11,197,136,255,158,96,61,54,30,255
179,10,119,117,219,76,60,87,117,185,209,106,127,104,119,44,182,107,137,153,85,255,96,117,102,174,179,125,123,175,151,76,129,104,160,157,79,77,76,86,120,255,84,191,69,150,156,164,63,209,171,64,90,146,123,138,255,8,172,150,189,10,131,169,111,150,172,135,216,159,211,114,173,165,81,244,159,164,144,182,100,204,184,87,119,150,255,223,52,167,41,163,121,146,0,125,96,94,252,115,255,32,139,35,78,231,187,119,136,234,164,188,181,55,163,124,98,197,41,37,166,253,124,136,253,51,83,255
183,9,114,118,217,61,75,93,114,153,185,78,136,92,114,56,170,120,142,132,67,255,86,108,78,153,153,137,134,142,171,92,144,96,127,171,86,89,128,96,135,204,39,195,0,139,117,149,50,179,169,48,135,141,72,175,237,10,171,172,218,26,110,211,124,149,136,91,211,130,195,152,139,198,104,186,94,181,157,162,84,171,196,73,95,134,221,255,82,153,46,157,158,140,13,158,86,122,217,159,255,25,105,94,88,145,196,63,141,255,204,170,209,46,203,105,122,226,7,48,179,237,131,116,248,61,82,255
182,8,111,117,219,64,75,97,132,147,203,73,138,127,121,48,187,111,145,98,119,255,110,136,61,183,168,150,120,196,169,61,121,89,107,187,66,65,122,132,125,201,81,183,0,171,159,176,35,230,161,0,134,113,104,102,255,0,156,117,207,0,174,156,97,137,202,81,207,147,173,148,113,153,69,255,158,142,129,221,26,223,235,163,147,119,255,227,0,163,78,100,154,108,0,92,129,128,255,171,255,19,207,36,56,255,237,78,124,255,255,66,255,25,181,52,83,173,29,46,128,241,171,23,252,50,59,255
182,14,113,125,220,63,63,83,121,166,207,81,137,122,129,47,191,139,155,106,95,255,75,117,75,206,159,144,110,206,131,90,127,103,139,201,79,24,146,105,138,191,96,182,5,164,144,158,31,206,221,9,137,122,94,139,238,2,119,168,212,0,133,170,128,203,162,100,209,132,232,84,154,162,110,236,122,151,152,135,65,216,88,80,141,138,255,213,0,155,33,84,140,139,27,80,106,61,255,56,255,76,187,109,39,228,172,152,90,225,195,192,151,96,146,121,99,206,0,116,203,255,143,62,99,81,78,255
178,9,114,112,220,78,75,92,127,170,199,73,135,117,106,38,170,106,149,134,103,243,87,114,89,158,182,155,117,176,160,87,139,91,124,173,81,82,81,104,123,226,81,181,18,146,149,140,67,231,164,46,146,138,118,118,255,0,214,166,195,0,133,180,103,152,176,94,202,156,198,130,166,147,41,224,126,149,139,209,58,203,231,140,115,131,244,236,16,193,30,151,148,116,0,120,97,137,255,125,246,54,164,0,50,255,198,122,160,255,233,149,210,31,154,82,88,185,38,91,137,244,132,76,255,30,38,255
180,9,113,121,216,76,73,85,122,173,212,70,147,113,112,53,173,94,147,120,109,255,82,122,87,198,174,133,126,192,141,84,132,102,142,161,92,68,102,96,140,254,91,215,61,169,153,145,73,246,204,24,128,142,116,142,255,0,173,160,197,0,178,187,113,132,194,130,207,167,182,93,146,167,39,255,193,135,164,230,63,210,210,152,106,140,255,230,5,198,17,121,140,117,0,58,103,82,255,107,209,29,181,24,81,255,240,131,141,255,246,134,255,59,161,78,72,173,115,80,158,228,136,77,255,35,33,255
186,8,110,121,215,50,84,92,122,138,177,75,134,94,122,77,187,133,142,97,70,255,91,94,55,177,132,138,132,165,177,96,146,102,95,199,69,50,165,106,128,209,32,191,0,178,125,145,31,184,173,7,148,132,91,171,228,0,165,145,214,12,159,189,99,175,152,111,214,123,213,147,137,173,77,173,95,196,163,171,29,163,220,77,136,154,248,220,21,162,25,135,221,113,25,160,87,89,243,125,255,65,137,125,85,152,179,77,81,255,226,117,229,31,222,82,129,178,0,103,161,240,108,136,210,120,37,255
176,13,116,108,224,82,69,86,118,178,203,75,113,118,99,30,165,117,149,140,105,243,67,93,80,186,162,152,127,177,140,89,126,109,136,170,88,89,78,79,137,233,92,182,21,127,148,156,61,223,174,93,137,123,116,127,243,0,174,173,193,45,102,207,122,150,177,91,193,149,210,116,193,145,49,178,102,178,118,155,76,222,147,89,77,148,206,215,30,172,0,177,155,139,3,159,101,151,255,101,255,82,129,40,23,222,175,185,138,255,204,199,136,74,99,118,114,165,0,120,163,255,149,147,181,29,52,255
176,19,109,125,231,61,69,78,108,164,190,38,120,108,94,44,155,108,167,111,78,247,22,71,90,194,142,143,116,212,106,109,175,101,144,217,121,49,165,62,175,147,67,154,0,169,106,190,39,218,225,13,181,153,102,150,204,0,117,217,255,25,126,189,105,141,130,50,238,122,232,79,193,146,105,228,134,126,113,159,22,216,0,108,44,91,255,172,54,205,0,78,233,127,126,141,13,93,255,24,255,118,207,115,0,240,217,181,165,244,237,89,122,192,167,188,134,180,0,149,185,228,143,60,70,105,37,255
176,19,122,98,231,88,81,81,121,178,187,103,108,139,116,76,140,124,150,113,90,255,63,110,42,228,143,172,82,225,130,100,163,106,104,212,78,115,100,92,162,189,97,166,0,161,187,167,48,188,150,71,105,107,132,154,218,0,184,151,255,0,117,225,214,171,191,0,255,70,251,105,194,121,90,173,74,197,151,163,76,219,82,89,158,144,255,156,0,214,18,130,184,225,35,199,46,121,255,144,255,87,119,1,0,185,236,255,246,255,188,177,148,74,30,83,161,234,0,0,237,197,201,57,207,0,107,255
174,23,109,83,250,87,89,35,85,157,220,0,91,164,0,10,143,78,174,132,103,245,0,53,47,228,132,165,199,157,138,82,113,50,143,200,210,161,119,69,172,153,163,139,0,151,139,160,147,255,219,187,172,101,75,215,223,0,176,85,203,3,244,255,156,48,213,19,78,85,148,125,158,139,0,137,0,95,78,189,98,224,99,99,18,88,255,181,77,255,0,202,251,127,174,66,45,79,255,72,211,76,0,0,28,198,255,255,255,255,242,242,91,124,0,131,103,255,77,227,140,235,210,70,255,0,87,255
179,38,169,97,247,86,67,30,91,167,167,50,99,153,87,48,146,131,113,142,81,241,87,147,45,235,133,155,207,123,165,74,105,54,90,160,89,157,36,19,163,232,95,124,116,193,161,180,52,213,60,212,115,139,117,106,141,31,126,198,255,138,175,231,180,167,100,62,198,126,241,82,182,211,44,114,41,149,220,86,91,63,104,96,70,93,177,175,118,173,25,89,200,104,54,199,0,115,171,231,170,31,0,61,1,217,196,255,255,194,160,255,20,209,135,189,51,255,0,115,255,84,174,58,148,87,186,255
159,26,150,74,232,57,116,70,125,189,167,84,105,153,175,95,116,154,135,124,63,254,97,121,98,191,194,208,147,124,128,102,47,134,115,174,170,36,58,121,161,159,52,138,22,125,188,146,80,143,154,84,183,142,159,109,255,69,96,146,152,64,0,255,162,169,98,13,255,0,80,91,219,143,78,160,76,106,90,158,117,237,232,96,44,54,155,192,224,68,57,211,135,255,0,199,14,0,162,255,217,0,155,2,64,200,100,232,153,97,244,3,40,126,28,0,88,45,32,109,78,23,0,121,255,135,96,255
161,23,146,69,219,64,125,84,142,206,169,80,108,174,167,91,146,145,147,146,78,255,119,93,74,206,191,196,148,167,132,86,65,106,138,117,165,86,53,69,176,156,52,150,45,115,204,146,90,122,135,121,182,68,195,69,252,7,56,147,151,63,7,221,71,161,68,16,248,0,64,128,208,100,99,196,62,123,78,152,137,232,248,142,13,74,111,195,208,46,94,221,89,255,0,218,0,56,140,255,209,54,161,4,61,247,97,209,144,173,195,0,81,142,10,0,83,20,92,82,127,5,0,114,255,104,54,255
161,21,144,81,213,53,122,83,140,191,192,66,144,131,171,67,132,124,155,190,52,255,116,114,87,179,197,141,166,171,104,69,44,85,174,49,165,60,18,66,161,211,84,206,56,136,173,124,94,130,110,130,191,64,154,61,217,83,3,93,171,41,0,214,107,178,74,0,255,0,39,154,217,160,104,201,89,123,109,141,148,188,239,113,12,89,66,208,173,50,123,202,5,255,0,229,0,70,110,255,248,13,142,18,147,255,80,232,117,203,233,0,51,170,22,0,0,0,113,119,155,16,0,112,255,153,80,255
164,15,144,112,198,42,113,79,131,179,184,76,140,112,162,69,148,106,126,171,67,255,97,112,71,189,142,131,208,152,105,99,45,91,155,58,145,85,52,45,177,231,87,232,88,152,145,142,111,119,106,204,166,91,204,106,165,107,14,99,157,121,0,187,143,174,81,24,234,49,92,178,179,224,65,194,109,155,141,91,110,98,177,78,4,96,21,233,187,58,113,135,0,235,35,196,20,29,29,255,244,91,104,47,165,203,42,246,143,162,255,0,59,183,99,0,21,89,16,198,149,70,0,192,255,113,41,255
177,17,144,124,197,61,106,105,124,204,132,79,112,115,151,89,140,143,143,151,56,222,102,45,79,179,144,167,219,196,41,155,100,167,146,146,152,33,146,71,178,187,99,214,146,135,31,72,103,126,171,200,117,170,201,113,131,103,65,222,206,108,21,234,96,255,187,139,166,204,92,201,212,160,63,139,123,173,216,82,163,147,126,120,28,164,193,205,209,99,160,125,113,197,66,162,54,130,125,39,119,92,88,92,97,208,41,133,112,217,153,122,208,186,122,0,97,220,0,76,128,189,72,138,224,121,0,255
174,8,146,96,214,75,77,129,147,174,151,51,120,147,101,35,109,237,196,192,0,207,99,177,69,153,150,186,123,69,192,131,106,83,140,130,140,119,183,134,117,174,33,144,123,162,132,92,122,111,127,93,129,79,85,151,125,107,113,206,132,122,120,98,172,168,81,121,143,134,144,112,128,189,135,155,131,138,94,166,99,191,153,132,91,102,139,201,145,87,63,142,92,112,110,171,88,52,119,209,206,126,119,114,108,184,84,115,174,130,177,132,68,138,71,58,146,184,47,215,101,116,101,86,173,149,69,255
175,8,146,96,214,76,77,129,148,174,151,51,120,147,101,35,109,238,196,193,0,208,99,177,69,152,150,185,123,68,193,131,106,82,139,130,139,120,184,136,115,174,31,144,123,163,132,92,123,110,126,93,129,77,86,150,125,106,113,206,130,121,121,97,174,168,81,124,144,135,146,112,127,188,138,154,132,137,93,168,100,193,152,130,91,102,138,202,146,88,63,145,95,112,110,171,88,50,122,210,207,121,120,114,106,182,84,114,170,130,178,136,67,136,72,55,147,184,48,216,101,116,100,83,170,147,69,255
175,8,146,96,214,76,77,129,148,174,151,51,120,147,101,35,109,238,196,193,0,208,99,177,69,152,150,185,123,68,193,131,106,82,139,130,139,120,184,136,115,174,31,144,123,163,132,92,123,110,126,93,129,77,86,150,125,106,113,206,130,121,121,97,174,168,81,124,144,135,146,112,127,188,138,154,132,137,93,168,100,193,152,130,91,102,138,202,146,88,63,145,95,112,110,171,88,50,122,210,207,121,120,114,106,182,84,114,170,130,178,136,67,136,72,55,147,184,48,216,101,116,100,83,170,147,69,255
175,8,146,96,214,76,77,129,148,174,151,51,120,147,101,35,109,238,196,193,0,208,99,177,69,152,150,185,123,68,193,131,106,82,139,130,139,120,184,136,115,174,31,144,123,163,132,92,123,110,126,93,129,77,86,150,125,106,113,206,130,121,121,97,174,168,81,124,144,135,146,112,127,188,138,154,132,137,93,168,100,193,152,130,91,102,138,202,146,88,63,145,95,112,110,171,88,50,122,210,207,121,120,114,106,182,84,114,170,130,178,136,67,136,72,55,147,184,48,216,101,116,100,83,170,147,69,255
175,8,146,96,214,76,77,129,148,174,151,51,120,147,101,35,109,238,196,193,0,208,99,177,69,152,150,185,123,68,193,131,106,82,139,130,139,120,184,136,115,174,31,144,123,163,132,92,123,110,126,93,129,77,86,150,125,106,113,206,130,121,121,97,174,168,81,124,144,135,146,112,127,188,138,154,132,137,93,168,100,193,152,130,91,102,138,202,146,88,63,145,95,112,110,171,88,50,122,210,207,121,120,114,106,182,84,114,170,130,178,136,67,136,72,55,147,184,48,216,101,116,100,83,170,147,69,255
175,8,146,96,214,76,77,129,148,174,151,51,120,147,101,35,109,238,196,193,0,208,99,177,69,152,150,185,123,68,193,131,106,82,139,130,139,120,184,136,115,174,31,144,123,163,132,92,123,110,126,93,129,77,86,150,125,106,113,206,130,121,121,97,174,168,81,124,144,135,146,112,127,188,138,154,132,137,93,168,100,193,152,130,91,102,138,202,146,88,63,145,95,112,110,171,88,50,122,210,207,121,120,114,106,182,84,114,170,130,178,136,67,136,72,55,147,184,48,216,101,116,100,83,170,147,69,255
175,8,146,96,214,76,77,129,148,174,151,51,120,147,101,35,109,238,196,193,0,208,99,177,69,152,150,185,123,68,193,131,106,82,139,130,139,120,184,136,115,174,31,144,123,163,132,92,123,110,126,93,129,77,86,150,125,106,113,206,130,121,121,97,174,168,81,124,144,135,146,112,127,188,138,154,132,137,93,168,100,193,152,130,91,102,138,202,146,88,63,145,95,112,110,171,88,50,122,210,207,121,120,114,106,182,84,114,170,130,178,136,67,136,72,55,147,184,48,216,101,116,100,83,170,147,69,255
175,8,146,96,214,76,77,129,148,174,151,51,120,147,101,35,109,238,196,193,0,208,99,177,69,152,150,185,123,68,193,131,106,82,139,130,139,120,184,136,115,174,31,144,123,163,132,92,123,110,126,93,129,77,86,150,125,106,113,206,130,121,121,97,174,168,81,124,144,135,146,112,127,188,138,154,132,137,93,168,100,193,152,130,91,102,138,202,146,88,63,145,95,112,110,171,88,50,122,210,207,121,120,114,106,182,84,114,170,130,178,136,67,136,72,55,147,184,48,216,101,116,100,83,170,147,69,255
175,8,146,96,214,76,77,129,148,174,151,51,120,147,101,35,109,238,196,193,0,208,99,177,69,152,150,185,123,68,193,131,106,82,139,130,139,120,184,136,115,174,31,144,123,163,132,92,123,110,126,93,129,77,86,150,125,106,113,206,130,121,121,97,174,168,81,124,144,135,146,112,127,188,138,154,132,137,93,168,100,193,152,130,91,102,138,202,146,88,63,145,95,112,110,171,88,50,122,210,207,121,120,114,106,182,84,114,170,130,178,136,67,136,72,55,147,184,48,216,101,116,100,83,170,147,69,255
175,8,146,96,214,76,77,129,148,174,151,51,120,147,101,35,109,238,196,193,0,208,99,177,69,152,150,185,123,68,193,131,106,82,139,130,139,120,184,136,115,174,31,144,123,163,132,92,123,110,126,93,129,77,86,150,125,106,113,206,130,121,121,97,174,168,81,124,144,135,146,112,127,188,138,154,132,137,93,168,100,193,152,130,91,102,138,202,146,88,63,145,95,112,110,171,88,50,122,210,207,121,120,114,106,182,84,114,170,130,178,136,67,136,72,55,147,184,48,216,101,116,100,83,170,147,69,255
175,8,146,96,214,76,77,129,148,174,151,51,120,147,101,35,109,238,196,193,0,208,99,177,69,152,150,185,123,68,193,131,106,82,139,130,139,120,184,136,115,174,31,144,123,163,132,92,123,110,126,93,129,77,86,150,125,106,113,206,130,121,121,97,174,168,81,124,144,135,146,112,127,188,138,154,132,137,93,168,100,193,152,130,91,102,138,202,146,88,63,145,95,112,110,171,88,50,122,210,207,121,120,114,106,182,84,114,170,130,178,136,67,136,72,55,147,184,48,216,101,116,100,83,170,147,69,255
