168,10,141,114,199,50,111,134,109,180,158,79,141,105,151,70,113,127,159,174,39,226,93,82,100,165,116,176,229,120,97,126,123,139,125,120,169,70,117,31,205,233,96,173,129,119,56,85,113,154,184,148,110,175,155,101,125,103,89,224,156,176,59,197,120,183,160,119,137,107,72,158,240,174,76,118,154,195,143,68,118,129,165,128,10,136,124,255,177,80,139,77,80,165,81,126,170,155,46,95,175,38,108,100,106,223,112,116,112,212,175,91,101,211,211,0,183,197,0,110,132,152,105,194,255,85,141,255
173,3,160,81,182,71,147,171,137,129,184,70,107,110,117,74,93,120,126,184,69,255,51,120,92,89,141,255,245,136,110,102,156,145,49,181,122,61,66,42,155,170,99,118,88,177,132,124,48,119,157,67,110,161,177,0,206,0,144,229,97,97,113,179,255,217,118,117,146,106,131,249,255,117,82,185,72,210,115,99,154,58,155,89,77,147,47,243,245,163,103,101,188,105,72,135,86,65,142,141,197,76,95,140,0,191,179,255,227,255,183,142,15,192,246,144,142,159,43,97,86,41,41,0,255,0,255,255
174,4,150,95,188,63,140,162,132,110,195,63,132,115,108,79,106,117,106,172,87,255,75,127,76,58,141,249,255,136,106,113,141,132,56,158,127,74,64,58,124,198,80,116,97,144,80,152,58,140,127,111,148,184,186,2,179,0,142,248,65,114,118,175,251,228,114,130,137,97,153,255,255,123,60,180,108,161,119,70,161,104,161,65,39,160,21,255,219,100,69,131,178,89,103,62,113,83,178,97,224,69,151,166,31,222,169,255,255,231,255,173,70,196,255,194,180,199,40,28,188,89,0,16,255,0,172,255
173,6,148,99,196,64,142,163,133,113,199,63,130,127,111,74,133,120,111,180,97,248,95,126,83,48,135,229,251,135,108,94,143,134,81,143,129,64,93,57,112,214,57,148,87,154,81,157,41,162,108,117,151,185,193,31,154,0,171,241,83,129,113,188,242,240,135,114,93,100,150,255,254,91,56,180,116,172,101,88,155,108,160,64,28,156,41,255,176,88,58,91,173,109,122,87,103,60,181,94,228,50,163,152,94,215,145,255,255,203,219,150,101,190,231,196,162,194,39,11,172,120,0,50,255,0,132,255
179,1,164,77,183,87,140,179,139,102,168,90,114,130,86,73,86,150,118,187,44,255,61,183,82,74,158,255,201,116,141,146,171,157,70,136,109,71,79,19,149,194,117,115,132,177,118,206,70,153,144,72,83,162,160,0,213,0,127,246,92,38,190,205,243,226,91,168,179,94,147,255,255,90,114,171,94,172,73,109,138,115,114,96,59,213,29,250,255,148,70,65,220,48,101,56,66,12,202,172,225,174,69,129,0,220,196,255,255,213,197,183,38,203,209,255,56,148,38,0,186,94,0,29,255,0,235,255
180,0,163,74,173,79,143,170,143,90,158,85,123,119,82,83,74,152,116,183,35,255,58,190,77,78,151,255,219,127,159,148,173,167,47,145,119,63,84,7,159,184,114,116,116,201,111,214,85,107,173,81,55,143,125,0,223,29,98,245,58,28,167,217,228,234,83,194,184,91,158,255,255,102,132,166,93,201,131,89,152,121,147,145,63,186,65,232,255,153,65,70,237,0,88,54,56,17,219,214,175,146,68,164,0,142,224,255,255,215,201,238,0,195,190,255,32,243,84,87,208,159,0,11,236,0,255,255
178,1,159,79,180,69,142,174,146,93,174,61,114,123,89,73,100,161,126,191,68,255,72,171,97,49,133,255,230,115,156,156,154,176,37,149,142,56,78,49,146,182,55,90,113,151,101,177,48,148,183,61,93,197,154,0,226,0,119,253,41,69,211,178,224,223,102,190,168,88,115,255,255,92,84,166,90,123,57,61,179,178,88,135,34,214,50,255,255,151,2,88,225,55,64,61,94,19,207,136,234,131,124,221,0,255,179,227,255,255,180,236,53,188,255,219,73,218,104,79,125,103,0,19,255,0,255,255
171,7,140,103,204,70,119,151,134,139,207,78,130,118,118,65,133,111,114,179,106,239,101,117,89,68,141,212,228,130,111,83,126,137,86,126,109,77,83,82,128,239,69,157,76,144,63,119,51,166,113,118,155,165,167,40,140,0,181,223,103,142,85,173,254,219,149,74,88,139,149,247,218,116,66,183,121,132,103,110,157,122,180,29,30,178,59,255,150,111,95,112,131,171,103,141,128,99,188,143,254,31,176,106,125,255,83,245,246,191,171,193,154,201,241,159,209,228,0,27,145,150,0,90,255,8,81,255
177,4,161,80,191,80,149,180,133,106,179,82,112,136,98,83,105,149,114,187,55,255,54,166,79,57,147,255,215,128,127,134,187,145,66,163,115,88,78,35,120,186,100,104,117,160,109,178,86,181,119,71,133,182,173,0,216,0,149,241,91,92,191,207,253,218,96,152,146,53,178,255,255,112,89,187,88,165,63,95,131,91,128,121,61,169,14,255,255,140,67,78,249,85,117,84,95,40,222,141,230,106,107,158,0,239,190,255,255,213,225,197,16,141,239,240,96,143,57,0,177,22,0,0,255,0,242,255
178,0,163,83,184,75,150,181,142,86,182,68,118,130,69,86,103,142,102,180,60,255,67,178,78,49,154,255,225,129,153,152,155,143,65,158,116,58,84,35,133,182,109,94,110,181,81,186,72,133,136,72,109,188,158,0,216,0,130,235,50,34,180,192,255,217,79,170,173,98,176,255,255,111,127,161,97,169,91,94,155,126,99,79,52,206,18,215,216,164,62,102,233,24,130,53,55,17,226,146,216,121,102,197,0,161,221,255,255,235,246,181,24,187,216,253,64,179,21,37,183,114,0,3,255,0,222,255
180,0,160,79,173,56,152,178,145,80,183,49,125,114,92,83,100,143,117,194,71,255,65,174,82,35,133,255,255,116,150,151,162,155,18,158,137,78,60,45,128,181,58,73,116,163,94,192,59,123,158,65,82,199,147,0,219,0,130,255,12,57,210,167,255,205,91,208,190,62,150,255,255,113,93,175,73,121,95,49,188,166,112,123,26,187,63,255,255,140,0,120,235,22,77,43,62,31,207,121,221,127,155,245,0,206,223,255,255,255,255,212,30,163,255,201,100,255,114,123,189,142,15,0,255,0,255,255
177,3,153,87,192,72,140,176,148,115,187,58,122,123,88,66,116,153,114,180,88,255,91,153,83,38,134,251,241,122,126,124,148,173,46,142,127,40,89,66,131,186,58,72,90,153,91,151,40,136,156,102,130,220,157,0,194,0,148,255,51,94,236,170,255,241,87,159,116,104,118,255,255,80,91,184,93,110,73,85,178,158,125,98,36,193,52,255,244,147,69,135,211,141,116,82,126,36,213,126,230,59,156,177,9,255,166,228,255,255,169,251,92,188,247,234,107,237,92,70,112,56,0,27,255,0,180,255
181,3,160,86,183,65,148,176,139,86,179,50,126,129,90,77,122,171,102,193,79,255,65,176,70,42,117,255,234,139,141,167,168,189,45,150,136,47,99,62,115,177,47,83,87,133,120,198,40,138,162,119,123,203,179,0,219,0,134,255,33,69,229,182,238,255,98,216,142,72,152,255,255,96,77,164,91,155,79,74,164,179,107,122,70,191,45,255,221,112,6,100,243,62,127,19,99,14,203,88,238,76,106,220,0,205,224,255,255,255,194,237,32,166,222,251,72,195,90,85,185,78,0,0,255,0,255,255
186,0,176,77,165,68,152,180,124,79,151,70,138,143,105,107,66,177,92,165,23,255,7,210,43,77,122,255,226,127,133,190,210,142,40,142,92,106,73,46,126,156,153,78,126,132,164,244,126,86,134,100,24,197,161,0,255,26,104,209,61,0,207,210,170,194,89,255,255,0,190,255,255,177,163,143,60,201,159,137,96,70,131,146,145,137,40,253,239,80,0,101,230,0,68,64,85,3,168,116,208,205,63,243,0,86,255,255,255,255,255,255,0,106,176,255,46,255,41,54,255,73,0,0,248,0,255,255
177,0,168,73,169,72,134,172,150,95,168,85,93,131,92,83,71,138,122,184,35,255,48,163,78,83,153,255,213,114,158,144,174,136,60,161,117,78,77,0,168,170,132,92,140,199,150,166,99,129,173,15,45,144,136,0,255,33,90,228,60,24,164,191,231,201,109,129,211,81,148,255,255,109,129,134,80,186,121,93,142,122,87,85,56,188,40,205,226,180,73,85,200,0,69,124,40,30,185,210,186,151,66,158,0,185,179,255,255,255,218,192,20,186,214,219,71,253,52,103,163,129,31,25,255,0,255,255
181,1,166,73,176,58,156,186,148,69,189,45,113,134,85,87,114,159,111,197,61,255,45,187,69,36,139,255,242,134,173,168,188,157,32,188,126,60,79,42,128,143,73,35,125,151,111,212,61,135,179,30,69,197,162,0,252,0,130,255,0,22,214,149,249,203,91,222,192,35,150,255,255,88,135,190,97,148,68,69,170,169,63,150,46,182,44,255,255,117,35,101,255,27,88,39,42,0,239,136,201,116,143,248,0,193,212,255,255,255,255,255,0,138,255,247,73,255,173,110,214,72,0,0,255,0,255,255
171,5,146,94,195,68,141,162,138,126,207,64,127,115,114,73,118,114,120,185,100,237,94,113,95,65,149,237,252,139,107,77,146,142,64,158,123,54,71,77,113,222,66,139,91,155,94,145,44,171,118,96,137,158,203,13,140,0,174,226,65,139,86,191,255,221,139,101,99,105,123,243,255,100,63,185,103,164,96,109,172,131,179,71,22,150,24,255,193,106,83,97,186,127,72,91,96,62,206,100,215,38,171,140,86,246,108,255,255,206,198,169,74,213,251,198,164,198,12,90,141,83,0,56,255,0,143,255
181,2,160,82,176,58,151,176,138,78,197,44,130,128,97,95,107,147,90,186,65,255,61,177,60,44,137,255,251,133,131,149,176,138,48,166,133,63,59,51,120,169,84,93,81,159,130,197,47,124,142,102,98,187,195,20,212,0,159,245,17,44,174,188,255,255,106,179,160,41,169,255,255,99,104,166,88,165,111,94,189,147,112,108,82,174,39,255,186,111,36,108,237,13,135,35,37,0,213,90,208,93,104,189,0,147,219,255,255,255,255,204,12,190,222,255,108,232,75,122,255,114,0,0,255,0,255,255
180,0,165,76,171,68,144,174,143,77,173,68,117,134,87,92,93,140,101,183,42,255,46,188,67,60,149,255,226,130,159,152,173,129,50,157,126,75,76,13,143,168,115,81,117,190,144,194,87,116,159,58,54,170,155,0,254,0,113,221,31,25,167,192,234,219,90,171,197,49,177,255,255,106,128,161,82,188,121,102,165,124,99,118,79,169,39,232,220,128,53,101,223,0,106,66,36,5,216,175,180,117,75,178,0,133,216,255,255,251,247,218,0,175,211,252,73,248,80,98,255,154,0,0,251,0,255,255
183,1,172,64,175,64,134,185,140,83,193,73,93,130,90,69,95,156,90,200,61,255,40,198,66,62,150,255,193,143,166,176,176,177,58,172,111,53,75,24,167,167,139,42,156,152,151,217,87,169,183,0,23,153,139,0,255,10,80,236,25,0,235,162,255,189,89,179,219,52,124,255,255,101,168,192,91,126,80,98,169,166,20,91,57,217,56,238,255,110,117,117,238,30,58,71,56,8,237,162,223,180,110,199,0,238,146,255,255,255,247,255,31,199,251,220,77,234,130,76,205,52,0,0,255,0,255,255
178,0,153,83,176,66,137,167,148,99,184,58,132,119,95,76,105,134,102,172,59,255,81,175,82,59,155,255,225,106,136,150,149,131,63,140,123,60,49,50,128,185,93,100,97,175,109,179,34,148,136,82,87,180,151,5,222,0,129,236,26,49,188,181,255,235,89,142,171,71,157,255,255,113,86,157,62,107,113,101,198,170,125,71,47,207,52,240,217,111,66,120,169,35,103,58,60,3,180,107,224,152,129,132,0,215,174,255,255,255,242,194,82,219,255,228,107,216,57,104,216,174,9,18,255,0,255,255
180,1,160,83,175,64,155,177,146,73,179,51,128,143,92,101,103,157,97,182,60,255,57,178,74,37,138,255,245,121,158,166,168,137,40,161,143,77,70,62,103,169,67,92,93,159,102,194,52,118,147,80,79,211,194,7,235,0,155,238,2,48,195,163,221,246,102,197,203,58,180,255,255,91,78,145,95,142,90,74,171,171,92,101,52,192,40,255,225,115,0,88,237,0,103,14,18,0,216,107,219,142,128,205,0,167,219,255,255,255,255,207,46,151,245,255,75,218,86,80,255,142,0,0,255,0,255,255
189,0,177,69,155,58,146,187,129,75,166,54,138,128,101,92,69,174,86,177,26,255,12,215,49,80,137,255,204,121,134,202,212,146,53,146,89,51,41,54,157,172,172,75,129,141,191,253,121,96,147,59,0,182,140,0,255,40,118,200,23,0,199,216,164,198,89,252,255,6,152,245,255,146,211,168,64,211,129,138,110,115,110,123,122,174,81,242,255,69,8,120,242,0,48,52,59,0,200,117,229,212,57,229,0,95,255,255,255,255,255,255,0,66,174,255,0,255,142,105,255,46,0,0,255,0,255,255
176,3,152,95,181,57,151,157,150,96,190,37,137,127,96,96,113,122,101,174,78,255,97,135,76,61,150,255,255,122,132,117,139,119,56,164,131,60,52,76,124,176,81,132,81,166,95,153,51,138,110,124,115,161,163,63,179,0,152,212,23,85,95,150,238,239,120,112,153,84,138,249,255,141,60,131,105,189,145,84,189,158,135,77,33,182,29,254,99,97,74,155,159,33,150,59,52,34,169,64,221,93,142,134,75,151,176,255,255,243,255,126,42,207,246,177,157,190,50,143,216,188,0,30,214,0,219,255
181,0,168,70,168,66,143,177,138,83,180,75,108,122,93,81,73,146,111,194,44,255,40,185,72,70,141,255,218,146,152,157,172,171,41,162,124,67,73,11,157,180,132,86,133,185,167,199,103,95,179,36,28,154,154,0,255,21,92,218,39,8,186,190,234,205,85,183,218,71,159,255,255,102,133,181,68,202,119,89,169,122,122,128,97,171,49,235,255,123,49,91,251,0,43,79,66,4,210,176,192,122,62,227,0,141,222,255,255,255,229,254,0,165,220,234,60,247,117,109,192,75,3,0,255,0,255,255
175,0,160,82,173,73,139,157,143,101,181,84,115,106,92,87,76,114,131,196,34,255,80,146,102,104,154,242,222,126,150,106,177,127,66,142,129,40,42,0,153,196,123,143,151,193,155,170,84,125,139,82,69,132,151,0,201,8,116,188,67,57,61,196,243,202,128,122,162,108,123,255,255,135,99,164,94,255,109,108,148,88,171,112,53,177,18,215,233,128,84,92,159,34,63,114,59,30,152,172,209,80,60,130,0,130,179,255,250,218,189,121,0,150,248,203,62,201,66,119,160,147,0,42,179,0,255,255
185,0,168,72,154,64,148,167,138,56,154,70,136,116,94,105,46,165,128,185,25,255,37,196,81,77,120,255,255,96,147,165,189,200,28,127,134,54,38,12,174,186,140,93,90,182,159,228,121,7,189,94,0,164,141,0,255,64,130,214,11,0,180,178,159,235,46,193,255,38,209,255,255,65,65,91,91,239,174,76,158,160,174,140,122,154,117,251,255,148,0,52,255,0,17,52,45,0,223,223,170,129,20,229,0,67,255,255,255,255,185,255,0,165,180,255,11,255,118,162,255,191,0,15,174,0,255,255
174,3,148,87,190,79,130,168,150,121,204,74,116,109,89,69,93,121,115,186,84,255,94,143,82,70,155,249,214,131,131,121,165,158,76,152,121,29,92,65,139,219,118,115,84,173,70,145,58,151,141,77,124,163,156,0,164,16,136,232,72,94,139,185,255,222,118,79,112,144,132,255,243,99,100,192,65,98,106,99,181,180,152,52,37,208,37,255,220,145,126,91,184,145,91,103,53,28,225,163,225,46,117,153,16,255,102,255,255,231,157,242,121,194,255,255,107,211,28,95,151,69,0,21,255,0,200,255
182,2,167,77,171,72,150,171,132,89,161,68,117,136,95,100,86,160,102,181,42,255,56,178,61,81,134,255,231,127,139,157,186,158,50,158,119,72,80,27,158,176,107,113,77,178,140,206,92,108,157,94,63,168,168,24,239,22,136,219,62,34,167,228,203,255,101,189,184,48,182,255,255,103,126,145,92,206,133,105,148,120,125,155,95,171,61,240,235,130,44,97,243,0,98,73,41,1,211,152,189,154,75,190,0,110,237,255,255,255,240,235,0,191,170,238,67,224,65,102,245,160,0,11,218,0,255,255
179,0,159,83,173,68,150,169,146,97,163,51,130,124,92,91,104,164,127,190,50,255,66,182,77,62,135,255,242,123,152,146,167,164,36,152,131,67,86,33,127,167,78,103,84,167,112,186,88,94,159,104,70,182,142,3,227,17,148,242,44,58,174,186,230,240,94,176,173,74,190,255,255,106,86,162,91,182,143,75,147,138,142,139,55,152,105,255,227,132,40,94,239,7,102,72,56,4,207,167,175,108,133,193,0,129,224,255,255,255,226,210,38,166,205,231,74,248,106,151,198,158,0,0,254,0,255,255
177,3,150,83,191,71,132,176,129,120,210,65,124,107,101,56,112,114,99,173,77,255,70,162,92,59,173,255,200,146,106,119,164,132,67,160,110,56,30,80,105,203,120,104,92,163,126,150,50,169,121,62,102,170,175,0,191,0,133,199,56,100,164,199,255,219,112,128,110,98,150,230,255,110,143,220,68,113,93,131,157,150,167,74,93,179,50,255,253,104,93,109,182,128,62,78,110,0,207,102,255,94,171,165,44,255,169,255,255,233,232,255,43,184,255,229,131,188,48,50,174,30,0,0,255,0,150,255
182,1,169,67,169,60,145,191,129,103,193,46,119,115,103,65,88,133,91,177,53,255,21,180,75,52,161,255,215,140,113,157,193,115,42,179,114,84,24,65,144,151,131,78,103,164,167,170,65,130,149,13,42,186,171,0,255,0,134,213,40,23,195,211,253,196,100,192,212,37,149,254,255,125,204,208,28,135,92,151,190,111,92,101,117,157,36,245,255,143,64,115,222,0,58,70,66,0,202,109,224,181,106,210,0,179,226,255,255,255,255,230,0,162,211,255,67,194,69,91,225,12,31,0,255,0,255,255
181,0,172,69,181,73,144,203,147,84,180,66,105,135,76,58,102,136,106,181,51,255,25,189,72,46,173,255,202,122,153,169,199,133,58,166,93,77,66,31,130,154,135,25,155,178,128,179,72,172,157,0,51,204,124,0,255,0,105,238,13,33,248,184,255,156,70,228,200,58,165,255,255,109,227,213,66,112,49,134,150,133,39,98,54,184,0,247,255,153,72,72,229,0,78,58,59,0,202,142,225,205,125,213,0,255,222,255,255,255,255,255,0,131,255,255,29,202,96,0,228,81,0,0,255,0,255,255
181,2,158,75,182,72,141,191,133,103,187,61,133,110,92,62,90,150,108,191,54,255,43,190,74,64,152,255,199,144,136,177,181,179,46,147,129,48,51,53,137,181,113,104,96,152,149,196,70,137,156,53,63,188,160,0,227,0,118,234,55,39,214,205,239,220,69,200,173,100,142,255,255,114,150,226,68,155,58,129,168,158,120,111,68,187,56,251,255,96,54,69,238,67,45,53,74,0,200,113,251,151,93,222,0,209,220,255,255,255,251,244,29,154,217,255,27,169,71,51,211,0,18,0,255,0,255,255
180,5,164,71,177,68,142,182,124,116,189,51,110,114,98,54,103,133,105,170,49,255,43,173,87,54,186,255,182,138,116,142,187,118,63,174,83,75,25,62,124,164,119,110,113,190,154,171,73,182,152,8,58,173,145,0,240,0,122,192,68,63,183,233,255,201,111,183,153,73,170,205,255,115,215,215,33,123,79,160,165,118,123,133,118,169,75,238,255,123,73,97,208,49,81,90,57,0,218,107,238,211,163,215,0,196,214,255,255,255,255,255,0,145,255,224,65,170,76,85,190,45,34,0,255,0,235,255
181,2,164,74,182,72,144,190,135,94,188,60,118,116,95,66,98,149,118,189,54,255,31,183,83,45,147,255,211,137,138,165,180,150,60,164,118,62,70,50,126,181,116,72,112,160,129,182,65,154,161,45,81,193,163,0,240,0,125,240,78,54,220,184,243,215,77,187,161,63,134,255,255,108,138,212,50,126,61,92,157,123,111,127,84,185,31,255,255,128,32,51,254,77,81,82,91,0,213,126,240,142,83,210,0,255,198,255,255,255,217,238,11,147,245,255,56,189,119,45,172,0,0,0,255,0,255,255
177,3,156,80,190,71,142,178,143,103,191,49,119,122,87,59,120,161,118,194,78,255,84,173,78,40,147,255,221,130,130,137,185,178,54,156,127,41,59,55,143,165,76,87,84,138,121,173,70,158,152,72,120,184,153,0,209,0,141,238,29,85,219,194,255,237,102,162,116,82,122,255,255,52,126,188,107,135,46,108,170,156,101,118,34,191,22,255,255,162,56,108,241,106,117,69,126,5,242,142,251,68,138,191,0,255,155,255,255,255,196,255,35,197,245,255,83,205,125,81,110,17,0,5,255,0,231,255
177,4,154,87,188,71,141,177,131,102,187,68,135,120,92,72,106,131,103,183,62,255,74,168,77,48,149,255,221,129,122,135,162,133,67,141,128,68,73,43,121,196,109,116,95,161,118,178,58,148,108,112,129,168,173,0,190,0,125,232,84,81,179,203,249,255,93,143,106,85,141,255,255,123,100,195,94,171,89,105,144,115,153,87,52,180,19,255,228,120,61,83,201,86,124,82,120,23,179,114,255,98,92,146,5,207,204,255,255,236,247,170,56,163,236,226,102,168,50,11,182,55,0,0,255,0,210,255
179,4,156,83,184,76,125,175,130,124,178,76,114,113,88,53,94,126,102,180,60,255,77,161,78,79,152,255,186,134,122,145,177,147,75,135,118,52,75,39,169,201,131,114,94,171,134,159,77,149,136,81,96,157,136,0,199,6,96,208,112,64,166,227,253,234,101,130,112,125,134,255,240,133,144,203,83,155,95,141,142,115,127,88,65,189,63,247,233,131,128,105,161,98,99,113,129,30,173,164,246,120,96,154,0,237,188,255,248,234,203,229,59,182,222,222,92,164,44,49,157,73,18,0,255,0,155,255
182,1,164,71,168,59,130,190,134,108,192,51,115,104,88,50,84,129,93,184,49,255,44,168,86,72,149,255,194,136,125,169,187,131,67,150,119,34,32,64,162,187,152,81,112,162,187,167,75,121,151,15,18,180,157,0,251,2,100,184,39,10,190,192,239,183,94,168,207,93,140,255,255,119,195,205,58,152,81,174,176,145,81,67,110,187,71,221,252,93,88,118,203,25,49,78,68,0,183,123,245,137,76,213,0,200,229,255,247,255,255,255,0,146,212,255,78,194,103,84,201,0,24,0,255,0,255,255
183,0,162,65,166,58,131,187,138,100,184,54,124,114,93,55,81,148,84,183,65,255,48,208,63,38,154,255,189,117,146,179,183,137,35,152,108,83,32,45,160,178,122,56,126,168,152,204,93,120,160,12,4,183,122,0,242,0,122,224,8,0,255,214,255,188,72,183,225,53,162,244,255,87,192,194,38,71,77,137,196,151,89,71,61,187,113,255,255,115,81,141,222,5,61,64,82,0,254,193,228,170,132,199,0,241,208,255,255,255,255,255,38,182,229,240,87,255,133,128,255,80,51,0,255,0,255,255
184,0,156,79,172,58,138,189,130,79,188,33,148,110,86,66,96,142,87,178,57,255,50,201,61,46,153,255,201,135,120,190,181,152,47,140,128,39,29,59,132,166,135,93,61,143,160,204,71,111,135,81,47,194,166,0,231,0,120,211,12,0,198,217,223,255,72,201,178,78,173,255,255,92,158,201,59,144,91,152,177,177,117,77,88,190,56,236,205,80,13,114,207,0,90,12,58,0,215,72,242,129,80,239,0,140,255,255,255,255,255,255,8,157,200,255,61,205,74,93,255,66,16,0,255,0,255,255
178,2,161,73,187,82,128,183,132,115,182,88,119,127,97,52,87,142,116,181,54,255,51,201,74,72,163,255,166,143,140,160,180,173,59,138,109,77,78,47,140,181,129,85,127,163,133,196,65,154,160,25,63,157,123,0,233,0,107,235,88,19,207,208,255,196,84,172,166,85,153,255,255,129,164,235,79,98,71,152,159,130,129,103,77,190,69,231,255,118,100,51,216,99,23,126,109,4,189,175,239,179,128,172,0,242,213,255,255,243,194,255,62,194,241,230,80,186,53,4,169,88,48,0,255,0,255,255
182,0,168,66,175,71,131,197,138,105,184,63,121,125,96,51,93,151,94,185,46,255,24,222,78,50,173,255,165,122,142,181,198,127,64,146,105,87,31,47,143,167,141,68,146,158,156,199,88,169,146,0,20,180,118,0,255,0,110,223,47,0,226,216,255,169,97,211,220,41,144,245,255,131,221,221,56,95,51,175,159,123,60,65,67,198,50,243,255,134,86,93,209,21,68,73,90,0,215,150,244,197,118,173,0,255,217,255,255,243,255,255,0,140,225,255,42,201,99,35,251,48,24,0,255,0,255,255
181,0,167,69,179,70,135,192,144,100,190,70,101,134,89,49,105,148,92,180,77,255,55,211,56,42,153,255,185,135,150,181,184,161,59,161,101,63,72,41,143,173,126,32,143,179,131,201,69,162,172,0,48,194,119,0,255,0,101,234,13,17,255,187,255,178,69,202,204,65,155,255,255,99,208,214,54,54,53,118,171,147,62,93,66,214,47,255,255,136,92,126,235,72,64,86,107,0,238,163,255,206,176,212,0,255,181,255,255,255,225,255,47,145,255,228,61,244,170,36,184,60,0,0,255,0,255,255
182,0,159,74,169,50,129,181,134,92,207,42,114,103,95,59,87,145,92,188,57,255,55,186,74,36,136,255,187,136,145,174,183,147,56,161,116,49,27,53,140,181,162,70,130,155,150,186,97,139,158,19,26,180,142,0,219,0,103,191,20,0,219,158,255,181,77,168,193,84,155,235,255,98,167,189,47,95,82,149,188,142,97,49,105,207,72,255,240,89,44,116,210,78,90,81,81,0,238,112,255,115,101,255,0,242,172,255,237,255,255,255,40,154,255,238,144,253,149,125,188,0,0,0,255,0,255,255
181,2,156,80,181,64,134,190,133,101,189,49,133,117,97,61,104,140,87,178,54,255,48,194,57,44,159,255,190,139,121,173,187,151,50,140,111,67,41,64,121,167,135,92,87,163,147,189,83,139,135,60,58,183,144,0,223,0,111,200,31,35,213,209,255,211,73,191,166,89,178,251,255,118,172,208,60,118,70,184,157,124,118,80,80,175,72,246,222,90,51,102,194,42,95,69,88,0,210,119,243,138,127,212,0,216,214,255,255,243,255,255,28,153,255,255,86,219,82,82,241,8,0,0,255,0,241,255
181,0,166,70,174,75,129,185,141,126,170,79,99,125,97,53,94,136,94,172,50,255,51,175,88,65,164,255,163,126,139,158,181,134,70,154,97,65,65,62,161,185,146,79,129,196,122,149,85,167,143,0,23,165,105,0,255,3,89,210,78,14,213,224,247,178,93,165,174,94,142,227,255,121,199,200,46,114,82,157,152,124,101,66,60,185,99,240,255,160,157,92,179,61,81,131,110,0,204,197,217,179,120,139,0,251,184,255,255,255,220,255,13,140,224,206,53,183,93,65,185,83,22,0,255,0,237,255
185,0,165,68,166,61,140,200,137,75,177,50,144,112,79,63,73,147,89,185,45,255,14,217,65,37,158,255,191,124,144,204,192,131,36,146,114,64,48,41,129,174,154,61,129,154,154,216,98,116,150,38,6,193,146,0,255,0,106,227,8,0,223,220,219,190,56,249,229,53,169,255,255,121,211,212,41,131,82,149,163,142,99,85,81,178,50,245,255,87,14,86,244,0,64,20,64,0,218,131,223,171,53,239,0,172,255,255,255,247,255,255,0,113,193,255,20,239,99,52,255,16,0,0,255,0,255,255
181,1,164,71,180,65,123,197,137,111,187,60,116,111,88,46,93,147,93,196,60,255,48,194,68,53,151,255,170,139,136,186,207,152,67,142,103,68,54,55,146,182,144,44,137,155,145,191,76,169,143,22,48,172,115,0,239,0,85,208,37,19,233,194,254,159,90,198,180,78,142,255,255,144,213,217,68,96,31,174,161,141,61,66,71,218,42,249,255,123,103,115,215,92,95,91,112,0,219,151,255,146,95,208,0,255,203,255,255,255,255,255,34,101,246,233,90,203,108,32,183,0,2,0,255,0,255,255
181,2,155,84,192,73,124,196,142,99,178,56,121,116,80,38,110,135,107,179,58,255,53,190,68,50,168,255,163,132,133,187,186,176,71,130,110,60,65,62,144,181,133,86,98,149,110,172,63,172,127,45,96,171,98,0,222,12,105,239,64,26,219,210,246,214,90,169,145,119,172,255,255,112,155,211,62,99,28,168,134,159,81,67,34,215,35,239,209,135,76,80,195,75,112,69,91,0,217,137,249,142,108,185,0,255,196,255,255,218,247,255,57,149,242,246,48,150,22,48,173,90,25,0,255,0,197,255
179,2,158,75,187,79,126,191,137,118,194,66,122,107,91,50,90,129,102,176,62,255,40,188,79,54,172,255,161,132,138,163,182,132,77,152,98,59,54,57,131,199,144,81,112,173,125,168,78,164,154,29,76,181,111,0,225,0,111,206,86,39,200,226,253,186,83,157,138,91,147,245,255,133,200,245,38,83,62,162,151,133,128,77,73,202,53,255,255,114,103,83,206,110,45,124,86,0,217,162,240,129,107,182,0,255,196,255,255,217,217,255,31,132,255,241,54,202,99,37,207,29,0,0,255,0,227,255
182,1,160,73,175,72,133,182,132,113,187,68,125,116,107,65,88,144,94,185,51,255,51,198,78,64,157,255,190,119,126,158,175,149,61,131,116,63,35,39,153,201,137,117,109,172,155,187,97,134,151,54,24,179,146,0,220,15,129,210,70,24,198,217,255,218,93,170,186,88,158,250,255,109,155,213,78,117,95,148,170,110,128,75,82,191,118,255,254,78,104,122,189,72,75,86,65,0,201,149,226,143,133,169,0,210,206,255,255,255,254,255,46,172,231,226,74,220,99,66,255,56,6,0,255,0,255,255
182,0,169,69,177,76,131,199,142,104,167,66,119,123,91,53,84,150,103,184,48,255,20,209,68,53,156,255,162,132,151,190,202,135,55,148,106,94,56,40,129,173,139,41,154,159,155,193,87,159,155,29,33,192,116,0,255,0,101,222,52,4,236,213,233,152,73,242,204,37,159,255,255,147,212,226,47,109,47,174,145,113,80,87,75,192,21,253,255,116,76,97,223,33,63,77,103,0,196,146,226,175,78,182,0,255,251,255,255,213,240,255,0,95,230,236,55,199,111,0,249,65,17,0,255,0,255,255
176,4,147,90,194,75,118,180,144,111,188,62,129,118,85,44,116,120,128,168,59,255,78,179,77,62,173,249,172,137,138,164,158,150,93,135,114,60,73,74,129,203,123,116,85,156,98,152,36,160,107,42,114,156,92,0,225,13,125,250,87,23,179,201,237,225,103,92,148,119,178,255,252,115,134,196,58,115,78,143,148,182,126,53,24,202,38,237,167,152,65,60,184,87,65,115,97,22,207,146,255,123,120,145,0,241,175,255,255,228,217,231,116,175,219,239,62,180,0,56,138,150,53,9,255,18,178,255
184,2,168,70,176,67,136,199,136,106,187,52,122,121,98,58,92,155,82,193,51,255,25,200,66,40,164,255,174,136,139,178,202,125,68,148,103,67,36,62,129,176,150,81,137,163,170,190,112,173,146,21,15,194,136,0,254,0,102,185,41,26,209,211,236,170,94,217,218,64,134,255,255,151,229,223,56,123,41,192,159,102,60,67,73,189,56,244,242,99,83,112,200,37,99,80,72,0,213,122,253,175,115,205,0,255,202,255,255,239,255,255,0,65,232,255,27,193,124,42,255,0,0,0,255,0,255,255
183,0,157,80,173,67,129,182,139,94,176,57,143,109,93,71,71,154,86,183,45,255,38,208,59,51,147,255,192,119,148,181,177,133,57,125,117,84,42,29,138,195,139,100,122,149,150,194,100,110,141,107,38,191,146,0,213,18,129,214,44,6,203,210,237,239,86,177,203,74,171,255,255,130,134,185,53,129,86,134,159,102,119,58,76,199,58,255,205,90,39,128,190,12,108,48,77,0,200,158,209,117,55,172,0,213,215,255,255,236,255,255,39,140,214,255,40,236,70,101,255,65,0,0,255,0,255,255
182,2,167,66,174,70,131,190,131,124,189,69,108,116,97,54,91,131,89,186,45,255,31,181,95,59,176,255,176,124,135,149,192,115,80,151,92,70,41,53,150,191,159,91,142,184,150,159,91,170,142,0,22,167,115,0,246,0,104,202,86,26,193,211,255,181,103,163,201,91,152,236,255,152,220,221,47,112,83,180,168,97,76,63,82,189,87,227,241,139,142,105,181,47,82,108,61,0,197,163,234,188,129,166,0,226,187,255,255,255,255,251,0,132,230,237,41,171,61,68,216,30,25,0,255,0,250,255
185,0,170,62,173,64,127,199,137,108,188,66,113,120,86,44,96,140,78,181,68,255,32,199,83,39,172,255,172,115,136,177,196,127,61,141,77,95,30,55,150,181,133,5,170,163,141,196,64,169,146,0,18,196,108,0,255,0,104,234,24,0,255,205,255,149,88,210,210,38,155,236,255,118,230,226,38,56,33,157,188,153,49,62,75,203,71,255,255,119,158,137,202,53,87,59,93,0,230,164,241,200,145,173,0,255,219,255,255,255,255,255,1,127,248,249,77,210,101,25,255,84,28,0,255,0,255,255
182,1,165,68,174,68,129,192,126,113,187,68,106,107,94,54,82,140,105,192,51,255,39,185,97,73,142,255,169,137,138,174,190,135,80,148,108,42,48,38,150,203,153,91,140,157,187,186,93,140,164,18,8,177,172,0,239,0,100,177,71,15,201,194,243,185,93,189,175,83,149,244,255,111,194,215,69,144,58,159,142,129,99,94,121,209,74,252,255,73,71,99,236,81,36,91,76,0,195,145,243,135,68,217,0,239,226,255,253,249,230,255,11,123,247,221,86,206,124,49,174,0,26,0,255,0,255,255
178,2,163,71,182,62,130,188,139,119,201,54,102,109,93,45,117,129,99,195,76,255,68,168,85,62,166,255,194,136,116,139,185,155,72,161,92,69,56,57,170,166,124,68,108,165,117,170,28,182,134,13,81,146,131,0,214,0,114,228,41,47,199,202,255,183,133,139,146,88,127,220,255,99,194,207,49,95,54,145,191,148,60,63,56,206,34,247,238,190,146,113,207,92,117,101,75,14,234,146,235,136,125,165,0,255,142,255,255,255,233,230,39,205,249,208,118,180,39,104,99,47,22,0,255,0,255,255
182,2,167,66,174,69,134,188,125,113,192,67,116,116,102,59,85,148,97,191,49,255,32,202,76,68,160,255,179,141,124,175,212,136,54,159,110,74,24,52,134,179,137,87,133,152,184,189,95,161,158,15,27,176,165,0,253,0,128,195,47,27,204,228,255,174,98,208,194,48,161,237,255,138,216,221,64,123,63,171,176,119,100,107,114,170,71,255,255,98,86,98,221,41,32,80,98,0,200,132,255,167,116,212,0,230,214,255,255,255,255,255,0,152,239,255,59,202,81,62,239,0,14,0,255,0,255,255
183,1,162,71,175,65,138,194,132,101,186,53,128,108,93,59,90,140,101,183,51,255,43,186,73,51,154,255,202,131,124,166,178,146,41,150,115,58,36,53,150,179,138,73,112,154,164,192,80,134,147,46,29,191,169,0,242,0,112,222,47,19,230,202,240,205,68,194,183,66,128,255,255,94,179,223,51,140,67,141,174,148,115,109,91,178,68,255,255,82,74,116,217,37,69,59,82,0,211,113,235,154,94,202,0,218,226,255,255,255,255,255,7,151,215,255,78,206,115,40,233,0,7,0,255,0,255,255
182,1,163,73,175,56,126,189,131,101,204,51,112,113,100,47,95,141,93,192,59,255,48,183,77,62,149,255,188,145,118,176,205,145,70,153,121,53,20,74,144,182,135,70,112,148,180,177,75,153,142,9,42,171,149,0,244,2,107,190,30,15,197,190,255,176,113,170,195,67,146,233,255,121,179,201,82,118,55,165,172,151,68,52,94,193,68,242,239,113,70,96,212,75,64,76,112,0,204,122,255,113,105,221,0,255,217,255,254,255,246,255,3,150,247,255,108,194,110,89,184,0,26,0,255,0,255,255
183,0,160,71,170,59,127,198,128,116,175,44,135,104,96,43,100,150,99,183,45,255,20,218,84,57,158,255,152,130,119,197,192,155,43,137,104,61,39,63,151,164,156,90,101,140,178,205,96,134,146,22,10,163,134,0,242,14,99,200,52,0,205,234,232,178,82,216,195,69,177,182,255,129,207,213,23,133,70,219,124,117,114,96,107,169,113,223,229,92,38,89,224,0,65,78,107,0,220,132,230,160,98,236,0,183,238,255,255,226,255,255,0,149,193,248,86,250,50,134,211,0,37,0,255,0,255,255
180,2,161,76,174,65,127,185,134,125,186,55,120,95,99,50,84,129,105,190,62,255,51,158,98,64,151,255,196,117,124,140,175,119,74,137,110,60,43,54,169,210,136,106,127,156,144,163,84,147,140,54,41,172,150,0,208,3,115,209,90,41,162,213,235,185,117,157,148,84,116,241,255,125,178,211,57,131,77,162,173,128,114,58,69,193,61,255,239,116,112,118,190,87,92,105,75,0,193,141,214,107,68,169,0,249,192,255,245,240,255,255,25,140,200,222,101,206,65,80,183,21,4,0,255,0,255,255
180,5,154,77,190,62,122,185,133,116,208,44,122,105,89,41,110,145,87,190,77,255,64,174,76,44,161,255,173,150,126,146,191,165,70,166,107,44,43,78,138,168,138,50,88,132,125,182,53,179,138,57,86,158,140,0,202,0,104,212,45,35,200,197,255,214,101,143,106,84,115,218,255,101,175,223,75,90,48,172,174,177,94,62,67,209,39,255,217,117,123,118,202,155,99,92,130,0,255,122,252,81,109,194,9,255,146,255,255,237,239,255,60,184,235,253,129,186,90,88,135,0,0,0,255,0,234,255
178,4,158,82,180,65,131,184,124,103,181,60,138,119,103,58,94,137,106,179,53,255,49,186,60,60,158,255,180,140,117,173,180,153,50,140,119,77,57,61,147,171,137,106,88,154,157,196,87,138,134,53,73,147,139,0,222,0,102,195,74,30,157,215,216,210,83,159,151,73,147,245,255,131,144,202,77,160,85,174,131,103,133,89,76,158,63,250,223,90,56,56,181,38,74,97,130,8,184,134,250,149,96,190,0,183,217,255,255,227,255,221,28,171,221,218,127,188,55,43,221,39,19,0,255,0,255,255
175,1,154,77,178,54,127,178,137,133,208,43,122,74,105,45,105,106,119,198,76,255,78,123,117,80,158,255,224,138,92,86,176,140,66,160,120,45,27,71,176,195,127,111,88,161,131,140,31,166,111,51,94,116,141,0,176,4,126,221,64,84,98,207,255,176,131,106,105,94,90,181,255,107,144,224,58,174,117,147,193,147,149,46,46,166,37,255,198,177,145,99,204,93,86,104,93,62,198,124,186,33,70,142,18,202,151,255,228,223,232,184,0,228,194,196,163,185,10,161,79,26,41,0,255,5,255,255
182,1,161,71,175,55,122,190,131,104,191,52,110,112,92,46,99,149,87,187,68,255,51,186,69,53,137,255,181,143,129,192,196,158,61,155,114,55,41,58,158,178,137,32,108,148,169,185,70,158,153,18,47,174,143,0,255,0,78,203,25,8,250,194,255,186,82,170,181,60,149,248,255,110,174,185,50,99,44,152,176,163,62,72,96,206,65,245,255,122,82,127,217,75,91,80,139,14,230,138,255,129,96,223,0,255,193,255,255,255,255,255,37,150,237,233,123,208,108,90,158,0,22,0,255,0,255,255
183,0,168,64,176,72,129,198,128,136,179,62,111,132,103,62,91,166,84,167,46,255,37,204,84,58,174,255,143,123,128,179,212,124,66,143,71,87,12,65,133,169,135,69,146,171,166,163,104,177,141,0,1,213,106,0,255,6,139,196,56,0,247,251,255,170,91,220,199,62,172,178,255,136,255,216,51,102,35,211,149,103,80,77,93,192,111,229,255,134,134,120,189,54,63,114,117,0,212,158,235,223,173,189,0,245,231,255,255,255,255,255,0,104,235,230,24,191,65,87,242,42,52,0,255,0,251,255
182,0,164,70,174,71,121,181,137,127,171,90,89,131,101,53,104,137,86,158,45,255,65,179,91,70,153,255,144,109,135,149,175,129,99,150,74,62,50,53,142,208,155,68,161,209,131,154,73,209,140,0,25,155,101,0,252,4,85,214,56,5,243,220,255,205,85,146,178,70,202,163,239,105,170,165,48,94,77,161,133,126,112,46,92,207,139,247,246,142,166,97,181,82,117,105,105,0,216,184,199,159,153,100,0,255,194,255,255,238,201,255,20,152,251,181,111,218,74,61,181,163,60,0,255,0,243,255
185,0,159,69,175,59,130,194,134,81,198,49,131,110,80,56,92,136,71,186,66,255,48,206,77,26,160,255,184,132,137,182,195,132,62,143,122,38,16,55,126,186,153,52,108,164,148,197,77,149,138,39,19,185,142,0,233,0,108,209,0,0,227,200,255,212,64,198,180,68,162,255,255,88,196,201,76,89,62,164,201,182,83,44,80,214,68,255,245,91,81,126,220,29,110,25,68,0,255,126,255,116,89,197,0,235,227,255,255,255,255,255,25,154,220,255,77,209,113,59,255,44,0,0,255,0,255,255
180,0,149,72,179,57,120,186,130,115,230,41,124,84,108,60,97,125,97,192,62,255,70,174,105,45,158,255,184,143,113,145,199,143,69,145,119,35,0,82,124,210,168,88,89,159,166,156,85,157,126,26,14,158,174,0,198,1,115,158,18,39,188,169,255,173,79,138,125,97,133,223,255,68,176,209,62,82,93,190,211,192,147,33,120,215,77,255,234,74,87,120,199,142,75,80,80,0,249,104,255,57,114,216,0,255,147,255,205,247,255,255,46,203,255,255,172,235,107,138,176,0,0,0,255,0,255,255
182,0,164,67,172,62,116,193,137,107,182,64,108,105,91,38,79,131,94,193,55,255,30,179,85,57,161,255,156,131,136,183,217,126,69,144,96,75,41,44,156,190,164,33,144,170,153,169,94,160,143,0,12,158,94,0,249,0,75,183,45,0,196,202,255,130,99,185,185,81,153,232,255,133,213,215,60,89,55,169,149,122,76,30,66,207,72,247,255,126,116,110,190,76,77,101,115,0,210,199,240,121,75,199,0,255,219,255,255,245,245,255,0,79,255,204,89,206,121,57,213,5,34,0,255,0,255,255
181,2,160,73,173,60,120,185,132,115,186,65,101,114,89,42,98,127,85,182,54,255,55,172,88,58,162,255,155,134,134,159,189,139,68,151,98,53,40,60,154,188,161,64,128,183,152,163,90,165,145,0,22,156,116,0,238,0,77,178,49,8,201,207,255,170,88,150,169,108,177,195,255,110,191,206,65,114,65,180,154,147,91,58,88,193,123,229,242,107,133,109,182,78,84,102,102,0,230,179,241,127,116,203,0,240,199,255,236,253,253,255,21,140,254,218,117,200,96,88,183,23,43,0,255,0,255,255
184,0,160,76,170,48,122,187,141,81,193,41,115,121,93,59,98,154,66,188,69,255,53,185,63,31,130,255,186,123,148,199,191,145,65,149,124,59,32,64,143,172,129,20,112,146,141,202,72,158,146,37,31,187,150,0,246,0,89,214,0,0,229,149,251,194,86,178,199,46,167,255,255,95,123,135,67,69,49,169,194,188,24,0,74,237,64,237,171,93,71,135,184,68,165,32,70,0,248,108,247,121,80,204,0,255,181,255,255,255,255,255,91,161,234,250,194,214,107,107,247,57,0,0,255,0,255,255
184,2,166,71,170,60,127,185,132,112,182,61,115,114,89,56,85,149,66,182,59,255,45,194,61,45,154,255,162,144,136,177,183,127,50,154,98,61,48,61,135,181,136,68,143,175,146,191,109,163,160,37,29,183,119,0,234,0,96,203,41,11,211,234,255,183,91,206,189,76,160,201,255,157,222,215,55,112,57,161,167,127,86,80,83,183,120,250,255,85,129,129,212,43,104,89,99,0,247,164,242,153,106,202,0,255,212,255,255,242,255,255,11,105,226,217,92,239,143,85,255,30,25,0,255,0,255,255
187,0,167,67,164,52,125,197,129,108,181,46,124,125,98,40,103,160,73,186,57,255,23,208,71,38,151,255,149,122,123,192,202,135,62,147,89,56,38,74,153,162,169,29,125,140,187,204,116,146,149,8,0,183,133,0,255,0,84,183,22,0,233,210,229,175,81,209,223,33,161,179,255,110,216,207,38,111,46,214,137,123,68,53,100,177,113,255,239,87,84,119,199,21,104,67,145,0,237,143,244,131,98,212,0,250,229,255,255,255,255,255,0,79,205,248,109,249,159,90,255,0,0,0,255,0,255,255
186,0,171,66,170,68,125,194,139,99,157,73,103,136,84,54,98,165,101,186,31,255,32,217,73,57,152,255,154,103,156,180,210,143,70,145,68,90,62,14,153,173,174,15,176,154,157,209,135,178,148,7,0,169,102,0,255,19,65,212,35,0,255,208,242,173,80,222,230,34,186,193,255,109,212,184,70,111,65,154,90,116,62,87,74,201,86,255,255,127,77,128,209,11,107,64,130,0,232,190,207,168,127,196,0,255,240,255,255,234,255,255,0,106,228,237,77,255,139,36,227,69,6,0,255,0,255,255
188,0,163,75,158,32,117,196,131,88,187,22,126,113,93,50,101,147,70,181,53,255,32,186,74,29,135,255,176,119,106,196,206,123,50,132,91,53,15,79,150,166,176,0,114,134,202,204,85,120,123,42,0,185,159,0,244,0,97,189,4,0,218,166,209,183,96,193,229,41,159,179,255,92,181,154,35,134,53,203,136,150,69,44,146,196,94,255,188,72,23,150,198,2,175,48,129,0,255,100,255,110,48,237,0,245,251,255,226,255,255,255,0,90,204,255,201,255,148,154,246,0,0,0,255,0,255,255
186,0,166,69,162,51,109,192,127,112,164,56,110,102,85,39,81,142,78,183,60,255,22,189,87,67,136,255,137,113,117,209,216,118,62,132,76,76,32,38,165,187,165,19,146,124,197,192,96,147,139,48,6,167,138,0,248,6,87,191,49,0,221,236,255,170,111,199,186,48,200,150,255,122,199,181,43,118,57,170,104,136,76,54,129,194,128,255,248,78,100,151,210,36,114,60,135,0,212,181,236,108,38,199,0,255,255,255,234,252,255,255,0,115,198,218,148,251,59,104,255,3,69,0,255,0,255,255
179,2,147,85,195,65,108,191,136,117,201,53,111,104,95,32,121,108,109,185,68,255,75,166,92,69,166,255,159,147,118,159,195,162,99,128,105,55,35,83,147,198,132,97,73,155,115,150,37,184,97,26,74,141,99,0,185,34,109,219,80,7,162,187,255,197,118,101,115,137,183,203,205,84,143,196,80,85,47,200,154,190,84,0,36,221,81,238,129,152,102,65,166,155,110,78,91,14,228,158,248,64,108,153,0,255,179,255,184,173,171,255,108,230,239,246,155,142,0,103,119,101,100,0,255,42,171,255
184,0,156,76,170,45,116,182,127,109,205,51,107,112,97,45,102,127,54,172,75,255,65,177,79,38,141,255,163,142,124,174,183,123,83,152,102,51,17,82,132,205,162,47,115,170,174,162,79,142,126,30,24,165,149,0,234,0,86,172,14,0,236,178,255,209,93,120,177,73,211,178,255,105,159,160,43,81,79,184,180,157,92,15,131,198,134,253,172,82,126,153,187,95,143,71,123,0,243,140,255,78,125,181,0,255,199,255,212,255,255,255,70,155,255,226,199,228,100,153,196,33,31,0,255,0,255,255
185,0,167,73,168,64,113,183,143,86,169,82,79,138,79,49,98,137,94,189,31,255,59,187,83,74,142,255,144,104,160,176,214,140,104,130,85,70,36,0,162,195,192,36,174,174,199,169,129,179,137,10,0,143,126,0,255,23,44,156,11,0,232,200,255,189,95,159,206,83,213,193,255,79,160,139,109,153,61,159,99,133,45,23,84,215,77,231,204,123,92,116,157,29,123,57,134,0,186,200,224,96,84,174,0,232,235,255,201,227,195,255,0,150,255,249,103,232,106,49,196,129,22,0,255,0,255,255
185,1,165,77,170,68,113,181,134,115,162,79,100,114,89,48,86,132,88,184,39,255,36,168,90,95,141,255,158,112,132,165,192,139,99,123,84,68,55,25,181,202,165,64,144,156,181,166,91,138,144,65,19,153,136,0,240,47,88,189,83,0,176,195,251,225,119,142,189,91,191,188,237,123,130,161,70,161,78,168,104,99,77,36,120,211,87,233,191,103,133,134,154,59,128,63,94,0,168,187,188,100,44,128,0,222,226,255,194,217,193,255,11,160,189,237,109,196,36,83,206,110,47,0,255,0,224,255
181,3,150,90,181,60,111,184,135,113,180,41,118,111,99,49,128,129,102,168,55,255,61,182,65,77,147,255,166,127,112,181,193,145,87,124,90,50,42,61,153,187,153,80,62,154,163,169,68,168,115,68,80,165,123,0,212,34,110,196,76,12,195,201,255,211,103,122,152,99,209,181,231,98,127,170,52,115,75,192,106,137,113,52,95,198,107,245,138,119,65,119,165,88,165,74,105,14,228,135,244,81,98,159,0,255,210,255,168,225,230,255,67,175,240,233,155,204,26,160,176,64,33,0,255,0,157,255
185,0,164,68,170,49,113,196,130,106,190,47,107,100,86,27,83,138,72,189,73,255,38,171,86,41,149,255,148,132,120,185,215,128,75,145,86,57,19,71,148,189,176,12,145,140,172,179,91,163,134,12,10,170,112,0,249,0,68,176,26,0,231,190,255,139,98,185,183,67,169,187,255,109,214,206,56,77,46,192,155,155,54,9,99,212,93,255,254,91,121,139,205,95,113,66,121,0,232,152,255,100,66,220,0,255,234,255,247,255,255,255,1,89,248,223,159,198,121,64,216,0,39,0,255,0,255,255
188,0,168,66,163,56,117,198,133,106,168,56,104,109,84,29,80,141,81,196,55,255,18,188,88,64,159,255,144,117,119,187,226,150,63,131,83,53,38,38,187,166,190,49,140,141,181,186,125,143,146,5,0,156,110,0,247,31,74,174,39,0,194,226,247,162,109,212,213,97,171,187,255,107,225,205,58,131,52,207,109,110,45,34,82,204,92,212,238,128,92,130,183,0,88,55,117,0,207,194,220,143,60,235,0,236,231,255,235,227,255,255,0,102,211,244,55,219,77,109,223,0,49,0,255,0,255,255
186,0,166,70,162,44,109,193,125,119,175,44,102,78,85,19,87,115,75,197,69,255,32,144,106,70,136,255,155,125,103,180,211,129,76,129,82,60,29,61,207,197,183,44,117,130,209,174,75,129,120,44,0,127,156,0,219,3,64,146,60,0,178,207,248,157,133,155,163,92,140,162,255,109,196,167,23,149,58,209,126,128,65,27,130,192,92,245,191,103,116,153,180,48,129,78,118,6,202,168,240,91,1,200,0,252,216,255,176,255,255,255,0,146,183,214,168,202,32,149,158,0,45,0,255,0,255,255
180,4,154,84,191,71,121,190,136,110,176,57,120,114,83,40,113,136,110,182,58,255,61,186,77,61,163,255,161,132,130,175,183,184,74,130,108,50,75,60,158,172,141,94,87,145,108,185,59,162,134,59,90,148,107,0,198,23,111,233,83,24,195,197,249,228,90,142,120,119,172,241,247,102,141,200,82,110,43,185,123,144,89,82,44,211,70,237,204,125,98,66,198,100,121,87,92,0,225,157,233,133,99,168,0,255,175,255,253,208,222,255,99,202,222,235,102,179,19,82,130,77,35,0,255,21,170,255
189,0,167,67,159,48,111,195,129,102,173,53,104,111,86,34,86,149,72,196,55,255,25,195,92,66,133,255,145,118,126,203,215,144,71,130,93,49,36,41,182,187,186,14,151,121,202,195,108,137,141,21,0,172,150,0,255,24,74,175,25,0,223,190,246,176,108,211,219,62,178,177,255,102,189,184,63,121,55,187,117,141,39,23,124,227,99,240,237,78,88,168,189,26,106,33,134,0,209,152,231,116,49,231,0,245,246,255,232,255,255,255,0,97,208,236,123,231,107,104,230,0,31,0,255,0,255,255
184,1,165,69,169,51,121,181,133,93,199,58,97,109,84,54,94,131,63,195,64,255,59,178,79,55,158,255,173,147,136,182,203,130,73,149,103,50,35,43,156,183,160,64,126,179,157,184,87,173,144,12,27,139,123,0,229,0,72,168,18,18,185,203,255,171,114,170,170,100,156,229,255,133,216,186,90,113,81,149,178,146,37,49,80,213,87,223,231,106,138,122,197,37,125,83,77,0,233,169,255,159,96,213,0,251,174,255,255,255,255,255,21,162,255,216,119,213,115,115,224,29,4,0,255,0,255,255
183,1,158,78,178,57,123,192,140,97,190,41,117,106,81,49,98,139,82,187,62,255,59,175,73,43,148,255,177,137,142,181,195,145,69,145,115,34,32,70,141,181,149,53,107,151,152,181,77,160,135,49,44,176,135,0,227,0,85,199,27,2,207,180,247,192,85,169,171,93,148,250,255,112,174,177,66,120,48,192,171,178,57,41,73,215,60,228,178,103,88,123,188,72,138,59,79,0,232,116,255,112,73,203,0,255,196,255,241,241,255,255,50,145,223,255,123,188,84,104,203,2,0,0,255,0,255,255
177,3,140,94,200,65,121,185,153,105,207,42,128,122,92,49,124,126,109,176,84,255,94,163,78,33,165,255,182,136,134,145,166,156,77,149,144,33,44,103,111,189,85,114,49,149,81,140,32,181,109,56,111,186,111,0,184,10,156,255,51,35,163,171,255,247,111,88,109,109,161,255,211,71,107,172,78,89,54,171,169,224,88,3,0,221,70,255,75,155,43,55,167,142,103,84,73,0,240,104,255,65,148,158,48,255,127,255,255,187,202,255,173,202,234,255,137,230,37,94,167,133,38,0,255,0,164,255
186,0,169,64,155,56,126,187,133,111,173,57,120,114,99,56,76,152,88,183,39,255,24,211,75,71,155,255,165,123,134,181,201,144,45,144,91,59,27,42,171,157,177,62,139,160,194,202,134,111,162,0,0,160,106,0,255,46,81,187,28,0,197,217,233,171,83,208,255,61,160,191,255,132,220,199,39,150,118,187,139,114,94,66,104,173,125,209,232,110,90,139,185,0,42,85,104,0,205,180,204,177,105,227,0,143,238,255,255,255,255,255,0,134,191,235,61,255,114,165,255,35,57,0,255,0,255,255
182,1,167,68,177,63,135,193,134,92,192,62,104,124,96,60,104,147,94,196,56,255,41,196,69,45,151,255,188,141,137,190,208,148,63,156,114,72,45,42,141,181,128,47,139,164,164,195,97,182,153,0,31,177,160,0,255,0,99,196,18,34,234,186,255,167,92,207,179,38,157,255,255,116,188,192,67,102,31,149,172,135,60,101,90,202,40,255,255,96,86,115,227,59,102,76,88,0,230,127,255,166,133,222,0,255,176,255,255,255,255,255,17,112,255,231,89,222,133,48,216,0,0,0,255,0,255,255
191,0,176,56,154,36,119,198,125,87,199,49,91,117,84,36,84,166,59,210,71,255,36,204,74,44,130,255,142,156,132,224,223,160,66,152,86,37,43,44,179,177,192,0,188,115,228,229,121,161,152,0,0,165,158,0,255,1,35,164,0,0,255,175,240,149,114,233,252,57,113,210,255,103,254,210,59,127,26,137,149,174,0,48,121,232,69,255,255,61,98,175,237,23,85,34,158,0,255,128,255,165,77,255,0,255,208,255,255,255,255,255,0,26,251,225,91,240,216,83,222,0,0,0,255,0,255,255
187,0,173,66,142,46,120,186,133,126,169,53,119,102,103,52,59,131,64,167,33,255,0,180,99,70,152,255,169,117,126,165,195,67,50,150,95,97,1,61,165,166,167,52,173,168,204,159,101,95,150,7,0,182,132,0,255,9,90,177,44,0,161,194,225,165,123,219,255,49,149,183,255,196,231,177,12,155,131,191,133,82,87,8,161,185,87,203,210,124,94,188,142,0,73,63,99,0,159,146,195,185,75,196,0,145,255,255,232,255,255,253,0,56,176,234,76,255,76,146,255,18,90,0,255,0,255,255
184,0,164,74,167,49,123,188,135,85,189,49,109,116,89,59,99,145,78,190,44,255,35,201,69,48,139,255,184,133,144,201,202,123,69,142,104,74,39,36,145,176,160,40,143,148,183,194,102,153,131,24,14,174,156,0,254,1,74,174,11,0,229,178,255,176,100,181,214,51,171,241,255,133,174,161,43,122,59,155,142,124,46,53,105,203,52,237,204,104,34,132,192,3,123,68,117,0,208,142,255,140,82,232,0,254,190,255,255,255,255,255,0,121,255,255,101,255,106,135,224,0,0,0,255,0,255,255
183,1,159,80,169,46,131,186,137,87,208,28,132,106,102,70,99,142,88,189,61,255,49,183,78,38,132,255,213,133,130,166,177,128,62,150,133,56,18,75,144,190,137,75,98,133,176,187,73,128,121,67,45,177,177,0,224,0,121,210,30,0,183,172,228,213,106,147,199,38,121,230,255,106,126,172,45,152,94,146,184,167,95,40,95,186,47,255,135,101,28,118,211,32,126,54,87,0,226,78,240,62,58,202,0,196,203,255,236,255,255,239,5,167,199,255,142,236,90,163,229,0,0,0,255,0,255,255
178,1,164,76,178,64,144,186,134,98,190,63,110,128,109,70,100,141,112,187,56,255,39,177,74,55,148,255,209,141,135,156,178,147,51,173,122,77,60,47,135,172,119,87,117,176,151,179,80,145,154,18,60,173,172,0,245,0,113,208,51,51,187,176,251,192,96,174,179,60,152,255,255,110,139,193,67,158,76,119,145,110,112,102,86,173,43,255,255,126,40,71,224,63,73,96,90,0,197,124,238,139,121,216,0,217,199,255,255,255,250,238,1,128,255,210,107,207,108,64,170,8,0,0,255,0,255,255
177,3,153,87,189,66,141,174,147,106,187,44,127,114,89,65,118,149,117,192,82,255,89,147,91,45,130,247,243,121,125,125,157,174,49,148,142,27,69,69,143,177,62,86,75,132,120,153,48,134,143,106,128,196,163,0,199,0,142,247,36,91,197,164,233,244,94,154,117,90,105,255,255,75,78,176,106,154,79,100,173,172,119,94,36,190,24,255,217,139,45,139,213,99,116,62,125,33,201,101,232,31,115,176,9,245,177,255,255,255,188,237,53,204,219,228,119,203,104,93,104,46,0,15,255,0,209,255
176,3,152,88,189,68,141,174,138,113,184,58,130,114,100,63,113,141,121,186,86,255,75,147,87,55,137,255,241,129,118,123,158,166,45,143,134,50,77,62,135,189,66,109,88,143,101,159,51,153,146,99,130,189,159,0,183,0,144,255,67,113,170,202,251,230,101,167,102,96,125,255,255,103,87,205,102,148,81,93,162,132,143,110,21,156,50,255,244,126,60,78,212,105,89,78,131,53,187,122,222,73,135,183,0,242,174,254,255,245,198,209,53,197,233,219,110,205,55,72,147,80,0,1,255,0,236,255
180,0,164,76,178,78,142,184,137,104,176,75,118,123,89,74,90,140,113,186,41,255,47,184,82,74,151,255,208,126,142,155,172,147,67,150,114,66,73,20,148,186,130,101,117,175,144,184,74,121,146,65,69,171,164,0,237,0,118,231,82,35,195,196,227,238,83,172,179,90,157,255,255,111,138,194,71,188,97,112,140,106,122,110,89,196,20,243,255,134,66,88,225,33,84,74,77,0,178,147,225,158,71,165,0,178,225,255,255,248,229,203,11,170,213,255,52,171,82,35,177,51,0,0,255,0,255,255
180,0,161,77,174,74,146,177,141,87,164,70,126,121,81,86,84,145,118,181,41,255,64,188,78,61,149,255,225,122,153,153,175,155,38,150,120,74,76,20,141,184,110,105,110,188,109,206,73,112,153,82,65,158,144,0,223,0,119,248,46,30,186,211,232,230,78,201,180,81,182,255,255,92,133,167,85,180,126,97,160,136,144,146,71,183,58,251,255,141,38,84,249,0,99,40,44,5,222,171,189,149,88,186,0,131,248,255,255,230,248,230,9,201,203,254,73,230,65,75,212,151,0,0,240,0,255,255
181,2,172,70,180,78,151,185,143,87,183,73,105,145,85,80,103,166,116,198,51,255,40,188,80,64,156,255,215,141,155,150,181,159,69,170,128,48,94,35,139,163,90,78,133,169,137,200,83,157,177,12,66,191,160,0,255,0,125,232,46,34,189,181,227,210,94,199,197,50,137,255,255,97,136,207,112,176,73,86,150,145,58,118,56,203,16,226,255,145,67,72,255,24,50,53,49,0,210,151,195,145,115,206,0,175,204,255,255,255,206,241,0,135,212,255,0,185,112,25,204,71,0,0,255,0,255,255
183,1,166,70,176,63,145,192,142,77,187,48,123,125,85,77,101,155,102,194,46,255,37,194,73,56,150,255,209,143,169,167,182,145,58,170,123,43,57,35,127,163,121,47,124,157,171,208,61,135,164,45,29,192,162,0,255,0,120,224,10,8,202,160,213,222,76,207,203,49,125,255,255,98,166,210,91,187,72,110,157,161,69,120,73,193,22,255,255,85,48,90,250,16,71,40,49,0,219,109,217,140,75,200,0,179,228,255,255,255,239,248,0,131,225,255,45,212,169,75,241,52,0,0,255,0,255,255
176,2,155,82,185,72,148,176,142,103,189,67,123,122,88,75,103,129,121,185,64,255,80,158,88,53,150,255,233,128,134,123,165,140,58,157,125,53,74,48,122,190,97,109,109,171,109,172,50,142,128,73,110,173,175,0,200,0,138,241,58,67,170,198,253,231,99,140,143,97,143,255,255,92,100,196,83,173,80,95,169,137,150,112,45,168,38,255,249,132,66,77,222,64,86,80,83,15,199,141,226,91,117,164,0,198,196,255,255,249,221,166,36,179,241,246,86,180,64,55,152,70,0,0,255,0,255,255
176,1,163,80,185,84,152,174,149,110,174,76,114,131,80,87,99,146,122,174,60,254,81,161,85,63,163,254,227,121,135,138,158,143,63,155,103,67,91,45,130,177,86,110,107,192,57,180,58,143,137,63,122,183,142,0,213,0,146,254,76,61,172,204,255,206,101,162,172,110,152,255,255,110,121,171,86,149,96,78,154,118,125,94,27,202,36,240,255,183,103,93,225,57,110,83,46,30,214,166,209,170,144,151,0,207,198,255,255,255,222,147,44,185,224,225,60,175,33,33,156,135,0,40,255,0,190,255
180,0,164,77,174,64,150,183,151,70,174,53,121,134,79,100,96,153,119,186,42,255,54,189,80,35,139,255,236,120,176,165,183,138,35,164,130,76,69,34,122,156,102,61,135,161,110,198,75,119,155,54,68,185,151,0,255,0,117,247,9,12,205,153,209,207,76,202,217,51,173,255,255,94,114,160,91,175,95,89,159,152,82,133,57,194,27,252,240,140,7,99,252,0,108,33,40,0,222,155,196,129,98,215,0,147,233,255,255,253,255,216,0,152,239,255,82,252,108,84,214,104,0,0,255,0,255,255
179,3,164,78,179,80,149,169,141,95,169,81,120,138,87,85,95,159,123,193,43,255,49,180,84,78,145,255,222,130,149,136,172,155,71,151,130,48,88,23,125,182,104,109,131,174,127,205,84,149,163,71,75,158,164,0,235,0,128,235,71,48,155,184,224,227,88,181,179,71,166,255,255,113,83,168,113,216,98,96,144,121,121,128,72,193,43,236,255,117,62,63,251,43,95,60,40,0,205,155,201,128,72,161,0,150,213,255,255,218,217,209,0,146,181,253,41,190,77,42,207,76,0,0,231,0,255,255
182,3,165,78,168,60,144,163,162,81,161,43,118,131,84,93,90,173,105,189,57,255,57,168,75,55,145,255,225,119,172,174,154,156,44,170,122,43,97,46,155,147,65,71,104,169,122,197,68,122,188,92,50,188,118,21,254,32,110,241,35,16,179,135,179,224,88,191,191,60,102,255,255,116,100,142,115,151,147,23,180,225,79,135,47,234,55,203,194,90,37,154,239,30,102,74,56,8,198,137,202,140,57,201,0,194,186,225,255,255,185,208,8,177,219,197,39,231,166,164,229,113,0,40,255,0,255,255
186,0,169,76,154,56,142,172,125,94,158,61,147,120,109,102,57,170,84,163,30,255,27,202,55,84,119,255,236,118,130,175,182,133,38,133,108,77,43,41,157,182,158,87,109,158,182,227,115,53,148,111,2,191,146,12,253,51,102,205,56,0,185,205,171,227,85,215,255,18,156,252,255,176,154,150,57,221,187,115,123,87,158,128,149,157,97,246,218,82,10,151,204,0,74,77,96,11,173,127,213,180,64,223,0,74,255,255,255,255,255,248,0,99,157,248,61,255,95,131,255,72,0,0,229,0,255,255
181,0,168,68,161,72,135,182,137,101,161,83,124,111,94,74,39,147,131,186,19,255,27,202,79,83,146,255,195,136,160,156,189,143,36,145,116,71,52,0,158,184,173,97,170,191,209,203,132,66,174,41,0,150,138,0,255,27,74,200,69,0,169,201,195,181,64,205,245,77,134,255,255,131,179,188,54,255,134,141,128,79,170,125,124,166,43,205,255,132,15,88,218,0,10,100,114,5,165,205,199,143,12,216,0,109,255,255,255,218,248,219,0,102,201,252,22,255,109,102,192,7,50,0,255,0,255,255
179,1,164,76,174,59,152,172,156,82,186,53,113,125,90,103,106,137,112,191,52,255,62,179,77,43,155,255,255,119,161,124,170,123,35,176,116,72,63,24,122,147,82,62,138,187,101,192,56,142,149,61,73,177,134,10,223,0,147,255,17,31,177,149,255,205,94,173,185,40,152,255,255,112,114,174,91,152,131,53,187,156,102,129,44,189,56,242,217,140,68,144,239,13,114,82,19,29,218,158,175,117,129,172,0,157,188,255,255,255,252,168,0,203,255,206,92,255,111,169,210,152,0,0,255,0,255,255
176,4,153,87,187,80,141,165,144,127,182,64,128,121,97,72,96,144,119,181,74,255,81,150,84,77,148,253,226,126,127,115,159,148,63,149,133,58,74,54,144,194,83,137,87,155,110,165,55,152,141,117,126,166,168,12,177,0,152,238,99,102,144,202,232,252,115,127,122,99,106,255,255,124,79,181,82,166,108,100,161,131,146,104,41,196,24,255,219,133,93,116,185,108,96,83,88,41,181,120,223,125,121,126,10,234,150,255,255,232,199,187,63,197,206,235,80,172,32,84,159,81,0,32,255,0,170,255
184,2,170,68,168,70,146,176,133,92,168,65,114,131,98,92,80,171,97,191,43,255,38,187,64,72,138,255,210,140,161,178,177,158,51,169,111,78,78,31,141,181,120,78,104,160,173,207,108,114,170,66,15,171,170,0,255,17,105,208,50,12,209,216,200,235,93,190,222,35,154,255,255,123,145,158,54,176,121,105,166,135,100,140,83,164,70,243,238,101,57,108,239,0,50,89,58,0,211,145,199,174,79,195,0,155,212,255,255,255,254,255,23,166,181,228,49,229,110,131,245,103,0,0,255,0,255,255
179,0,162,77,170,63,145,170,145,80,166,58,124,124,91,96,96,147,111,183,44,255,54,174,74,67,139,255,236,116,155,151,180,142,50,152,116,57,66,26,150,164,105,62,98,175,132,201,87,107,150,64,47,171,137,0,241,25,123,219,27,1,142,180,202,213,96,162,207,46,163,255,255,96,93,136,80,197,116,105,152,131,118,114,65,172,64,235,191,122,46,119,212,0,107,86,39,29,227,177,171,97,79,180,0,131,215,255,255,255,249,209,1,170,196,217,100,255,101,155,235,161,0,0,222,0,255,255
181,0,174,75,162,77,146,162,142,67,153,86,115,136,94,97,60,153,129,183,20,255,30,174,72,86,137,254,219,129,171,138,181,157,45,157,121,57,89,12,153,168,124,109,134,192,151,220,124,63,191,74,19,155,130,0,255,31,104,202,56,23,143,172,178,195,87,207,237,57,155,255,255,110,120,101,84,219,156,107,130,93,140,137,83,174,26,222,255,135,0,68,226,0,34,86,16,12,202,198,185,140,21,183,0,115,222,255,255,247,164,246,0,127,223,227,23,255,128,100,227,216,0,20,193,0,255,255
177,2,155,78,185,64,150,173,147,99,199,53,121,115,90,75,118,142,112,187,68,255,80,165,89,44,149,255,246,128,136,128,161,143,59,172,120,44,41,52,104,175,81,73,114,160,113,185,49,177,137,66,105,192,177,0,229,0,125,238,10,82,215,165,255,203,78,166,158,55,142,255,255,95,100,185,82,129,75,76,202,181,125,114,47,193,26,255,255,104,57,133,239,90,89,56,90,16,219,88,244,103,149,185,0,254,167,255,255,255,242,221,37,200,255,235,112,201,120,79,144,23,0,0,255,0,255,255
181,3,164,73,178,70,148,185,138,99,189,58,117,129,101,79,95,157,107,190,52,255,44,181,75,55,156,255,219,141,141,149,187,143,55,170,121,64,57,48,125,168,100,90,106,173,153,192,70,146,159,44,54,188,175,0,242,0,133,216,49,46,199,194,232,234,90,184,181,64,136,255,255,95,140,208,84,159,81,99,158,134,102,124,76,189,52,253,255,120,49,85,238,52,59,67,64,0,202,139,222,168,124,199,0,191,204,255,255,255,245,222,0,144,240,255,26,185,122,76,214,8,0,0,255,0,255,255
187,0,168,71,150,56,149,180,135,85,164,46,148,112,105,107,45,170,87,170,30,255,23,197,64,71,129,255,248,106,131,189,198,134,29,138,116,66,22,49,158,175,134,109,83,175,159,218,110,29,160,87,0,202,152,24,237,57,146,213,22,0,174,207,155,241,86,240,255,51,162,255,255,130,163,133,51,196,168,117,152,110,147,108,130,190,87,230,234,117,0,134,231,0,69,40,27,0,192,141,198,210,58,243,0,71,255,255,255,255,255,233,0,120,155,255,14,255,118,185,255,70,0,0,255,0,255,255
179,0,154,82,172,65,136,171,145,95,181,62,134,104,90,81,77,128,102,183,56,255,75,167,83,66,148,255,238,118,141,133,147,125,50,143,137,59,45,35,145,201,118,110,108,175,126,167,60,115,133,106,59,171,170,0,204,0,114,219,30,46,157,180,245,243,90,137,181,90,129,255,255,113,95,164,75,163,133,83,187,159,135,59,56,207,34,252,210,133,50,138,171,5,90,41,68,23,174,133,205,104,68,144,0,176,196,255,255,255,241,174,43,198,226,240,87,214,46,98,216,123,19,24,255,0,255,255
182,0,162,80,158,53,145,165,146,64,176,51,126,118,94,111,70,149,102,190,54,255,56,178,48,50,128,255,255,127,154,170,162,167,16,155,132,69,69,28,159,172,105,86,81,196,124,202,109,45,188,92,42,163,146,20,243,43,114,221,1,0,156,182,210,247,79,164,232,76,187,255,255,89,79,125,68,184,155,63,194,147,130,118,80,182,91,229,202,137,4,125,230,0,105,61,19,22,231,196,170,96,60,239,0,100,229,255,255,255,252,201,13,185,215,236,102,255,133,214,255,175,0,0,240,0,255,255
178,0,160,80,169,63,142,158,142,93,183,72,126,104,93,102,71,124,108,187,52,255,78,153,94,72,140,253,255,132,143,101,164,120,47,138,141,55,42,28,147,196,107,130,122,193,134,176,74,93,137,102,74,150,141,20,185,12,122,203,53,51,95,177,232,226,114,131,198,99,104,255,255,137,83,167,102,238,155,64,172,112,158,94,62,184,45,251,210,150,58,135,189,0,72,79,58,64,185,186,199,76,69,157,0,109,203,255,255,246,205,114,0,169,226,213,65,252,84,140,207,152,4,7,215,0,255,255
176,2,159,86,163,43,144,157,141,80,208,48,112,108,109,103,92,111,99,190,52,255,78,127,85,51,135,255,255,143,133,108,154,107,54,170,144,55,34,53,144,196,110,131,98,210,155,141,86,92,127,61,69,134,166,19,215,0,112,164,23,59,97,151,252,212,114,83,184,88,153,255,255,112,63,126,90,226,178,73,195,111,146,52,83,163,77,224,131,139,40,130,193,6,115,113,39,40,184,155,205,29,84,189,0,68,188,255,221,255,255,133,0,168,255,182,142,248,103,209,178,87,0,0,233,0,255,255
177,0,159,72,173,69,147,175,143,89,181,71,121,119,88,77,94,134,127,192,38,255,63,178,95,71,158,255,231,114,143,140,177,144,55,153,128,46,49,20,132,182,113,99,111,188,147,187,75,121,151,32,47,161,165,0,250,0,129,215,15,33,169,199,255,210,80,156,191,69,182,255,255,76,107,173,81,184,98,113,177,141,139,122,58,166,67,227,255,125,43,64,234,0,38,75,45,0,192,168,196,120,100,177,0,135,214,255,255,255,241,209,9,200,235,254,61,233,85,113,179,107,2,2,249,0,255,255
178,1,161,73,180,66,151,185,137,101,202,58,113,120,99,74,101,130,116,189,49,255,48,166,90,56,152,255,228,140,129,130,189,134,58,175,129,50,45,46,121,173,110,98,115,178,156,165,64,145,144,16,70,186,183,0,227,0,154,216,46,55,174,183,255,205,91,162,166,68,155,255,255,97,135,212,68,175,71,123,177,115,128,122,93,160,40,255,255,113,56,73,247,54,53,94,56,0,202,119,218,112,119,212,0,175,198,255,255,255,254,211,0,158,252,255,67,188,94,92,165,0,0,0,255,0,255,255
181,1,171,66,164,70,130,187,131,135,176,62,113,88,101,46,60,142,112,195,35,255,23,163,88,110,146,255,183,137,127,165,202,125,71,160,107,70,39,22,186,189,137,124,127,162,206,176,78,122,170,36,29,154,148,0,232,18,108,192,96,48,151,224,224,180,133,203,206,94,94,246,255,185,233,204,34,189,94,159,143,67,101,85,105,197,15,211,255,139,81,121,203,50,30,103,69,0,146,126,237,192,42,193,0,228,224,255,238,255,249,218,0,101,194,207,26,190,86,96,150,0,75,0,255,29,255,255
179,3,159,79,183,74,135,176,136,119,183,59,120,111,96,54,103,139,111,172,69,255,77,175,75,60,164,255,203,134,109,147,174,148,52,155,102,73,49,54,144,170,100,93,98,158,123,182,38,169,136,83,100,159,157,0,215,0,118,253,73,58,207,231,255,238,113,169,115,70,123,254,255,100,159,197,57,120,92,118,175,142,134,116,75,186,43,255,255,147,116,124,188,90,116,76,120,16,192,116,241,178,141,137,0,255,191,255,255,255,255,240,33,220,235,225,108,182,52,61,153,74,9,7,255,0,208,255
180,1,161,71,183,79,129,185,135,128,190,81,110,117,97,60,99,132,94,180,61,255,64,186,86,72,160,255,191,127,121,146,174,145,74,136,103,62,59,37,145,198,126,88,120,183,134,169,42,169,144,38,57,179,151,0,219,0,123,233,70,44,230,214,255,216,92,162,154,99,154,255,255,114,172,214,61,85,80,144,188,131,105,73,89,217,69,243,255,127,145,134,192,95,76,95,66,0,195,150,227,171,140,136,0,255,177,255,255,255,223,255,70,205,242,223,74,178,31,36,177,55,31,0,255,0,229,255
181,0,157,83,173,53,148,180,143,69,185,33,138,123,89,97,102,155,106,188,68,255,62,179,76,37,130,255,251,130,151,168,162,152,29,159,151,54,58,63,116,172,71,75,77,145,127,188,46,107,152,98,74,206,180,4,233,0,142,250,0,33,187,165,215,255,92,189,189,55,157,255,255,88,81,160,91,161,104,66,189,206,100,116,58,187,52,255,185,111,0,105,246,0,106,9,42,0,220,84,214,84,98,225,0,148,245,255,255,255,252,192,29,167,212,253,100,237,86,134,243,138,0,0,255,0,255,255
181,2,166,73,167,64,140,171,143,98,175,65,115,116,105,78,95,144,92,168,61,255,56,176,73,49,149,255,212,117,148,164,156,130,43,165,95,80,59,62,146,179,103,53,129,187,93,202,40,166,159,44,37,170,138,1,238,0,101,255,46,4,215,193,255,190,95,189,193,40,115,253,255,113,146,155,30,90,116,84,197,163,119,87,70,190,104,255,255,126,115,125,181,52,118,86,57,27,229,143,207,199,126,138,0,239,178,241,255,255,255,246,33,184,249,184,117,245,106,105,255,144,0,0,255,0,255,255
176,2,157,80,172,59,133,169,144,118,186,59,116,95,103,76,86,127,119,197,50,255,80,142,108,82,141,255,233,124,140,116,141,142,60,139,142,57,53,42,175,214,106,139,117,166,140,146,72,120,133,73,71,140,161,0,203,17,113,223,72,54,124,193,215,200,110,114,172,109,102,243,255,115,90,167,64,198,104,98,200,148,149,84,27,173,61,246,182,150,74,100,192,58,67,114,52,56,178,157,191,78,55,158,0,168,157,255,232,255,225,125,34,210,178,166,110,201,51,148,129,66,13,48,255,0,255,255
175,0,151,86,184,66,141,170,136,97,195,67,131,119,103,80,104,124,105,186,69,255,84,158,80,58,143,254,241,120,118,119,148,133,67,140,133,63,61,42,124,198,95,133,104,161,112,156,59,144,115,80,109,169,174,1,177,0,159,227,34,77,147,179,255,249,101,116,152,96,168,255,255,96,55,169,100,146,97,98,177,102,134,34,31,181,32,255,203,122,50,96,191,35,103,59,75,40,180,129,210,71,116,130,2,190,166,255,255,235,237,142,76,232,253,199,141,176,31,67,184,137,12,19,255,0,255,255
181,0,164,75,176,71,143,193,138,80,167,63,121,128,86,77,83,148,100,178,40,255,31,204,67,71,149,255,203,136,149,188,192,149,48,158,126,74,51,34,145,164,141,90,110,156,143,196,95,136,140,39,34,185,168,0,255,5,105,206,23,14,193,207,217,197,83,210,223,60,186,255,255,108,160,170,74,170,80,135,135,134,76,101,87,188,16,228,246,126,15,86,231,0,74,24,59,0,208,136,212,176,75,221,0,164,237,255,255,221,255,255,0,175,196,255,47,175,25,39,253,61,0,0,255,0,255,255
183,0,165,66,165,62,129,193,128,107,183,56,132,106,99,48,80,150,93,185,51,255,21,218,72,65,161,255,169,134,124,200,191,146,46,152,106,75,32,48,169,171,154,79,110,153,173,212,89,128,157,17,10,158,143,0,255,1,88,206,45,0,207,244,239,186,89,204,216,54,145,224,255,126,214,221,34,131,83,151,158,128,108,86,104,181,85,230,255,117,70,95,219,1,45,67,121,0,209,156,247,181,82,219,0,198,245,255,255,255,255,255,0,147,195,255,51,219,88,81,242,0,34,0,255,0,255,255
182,1,163,66,177,68,140,197,124,109,192,53,140,120,104,60,98,156,88,181,45,255,19,226,71,51,178,255,167,140,122,180,199,153,48,153,104,65,18,66,120,147,143,98,98,160,167,213,95,158,154,5,17,182,140,0,255,0,120,202,33,4,201,243,245,194,73,226,198,54,170,218,255,127,225,237,47,123,58,212,170,124,110,107,98,161,88,227,255,87,68,62,221,7,42,72,74,0,230,114,240,198,139,226,0,176,222,255,255,236,255,255,0,158,206,255,41,201,71,74,255,0,19,0,255,0,255,255
182,0,161,67,171,59,114,194,136,123,175,65,103,122,100,29,102,131,91,174,61,255,42,183,91,56,155,255,144,117,111,164,200,141,59,145,90,73,43,69,161,175,162,23,131,161,161,165,75,155,140,0,0,159,121,0,255,0,93,199,25,0,243,201,255,154,82,162,190,55,196,169,255,69,174,199,37,67,52,207,136,137,93,38,92,184,130,255,255,122,125,119,193,54,72,76,146,0,229,201,200,106,123,153,0,255,208,255,255,250,226,255,13,153,243,214,161,240,87,92,173,41,72,0,255,0,255,255
185,1,161,81,162,56,95,158,132,135,172,77,64,91,90,42,83,117,63,198,57,255,71,130,105,113,123,255,127,137,122,160,193,146,109,119,90,58,56,18,215,215,176,113,121,159,179,130,124,150,137,73,24,104,137,0,196,99,43,111,100,23,115,223,255,205,176,91,123,166,187,119,173,145,114,135,60,155,111,162,110,105,65,0,114,236,119,204,112,114,188,186,111,101,147,114,100,19,179,223,186,44,24,176,0,241,139,255,77,201,181,255,59,191,224,162,173,210,2,214,126,86,52,0,255,3,190,255
181,3,154,84,183,62,108,177,136,122,194,66,91,106,92,44,108,115,84,187,75,255,81,150,86,83,143,255,158,157,144,165,185,160,111,147,104,40,65,74,174,218,147,89,101,171,123,147,54,171,135,46,62,119,120,0,198,33,77,185,71,16,152,175,255,215,122,88,132,137,179,207,211,121,135,164,78,114,76,177,163,165,66,13,73,234,88,217,135,138,179,116,156,145,141,80,92,28,215,183,226,72,92,135,0,255,138,255,171,205,145,255,104,201,240,212,155,162,25,147,118,119,21,0,255,18,162,255
182,1,158,80,161,38,115,174,123,119,208,40,107,89,109,60,84,114,72,187,66,255,60,140,103,53,126,255,191,151,115,157,189,98,87,144,110,63,9,89,148,210,167,98,115,154,192,144,94,104,114,48,3,136,191,0,224,3,70,121,40,0,147,173,248,173,128,119,164,90,172,193,255,130,151,148,51,143,120,202,189,139,116,0,147,188,97,224,132,91,88,161,171,75,109,102,105,0,186,144,231,29,48,215,0,175,205,255,132,255,255,255,13,146,236,217,202,230,51,206,152,0,0,0,255,0,255,255
182,1,158,75,180,63,109,186,128,116,191,70,90,101,91,37,95,114,71,189,68,255,49,159,108,69,155,255,141,140,125,166,192,141,93,131,100,56,35,52,162,220,163,81,118,170,165,148,74,178,126,28,27,145,149,0,203,12,77,156,73,25,176,207,255,181,125,135,125,131,184,180,219,100,160,178,64,106,56,189,146,151,73,6,112,230,90,230,195,104,132,117,173,114,120,80,84,0,221,170,242,88,62,181,0,255,177,255,191,208,213,255,52,179,255,220,147,134,5,92,172,17,34,0,255,0,211,255
187,0,168,71,150,26,109,188,129,105,175,30,82,115,83,15,113,125,51,182,83,255,44,145,84,36,137,255,122,140,104,191,209,134,53,160,84,55,56,99,197,144,175,0,109,151,173,172,101,148,139,0,0,143,121,0,255,0,43,123,0,0,202,186,232,135,109,168,176,81,185,116,255,73,197,172,19,87,56,207,119,172,21,7,111,194,134,243,214,105,118,151,181,10,134,64,142,0,255,179,227,122,84,255,0,250,193,255,192,255,255,255,0,89,234,181,224,247,138,174,186,0,48,0,255,0,255,255
187,2,169,69,152,27,108,175,122,107,197,46,82,101,88,41,100,124,44,186,77,255,53,142,90,54,120,255,149,154,135,190,194,110,94,167,78,66,48,81,171,190,172,9,137,154,195,176,77,152,140,0,5,119,137,0,255,0,16,128,17,0,205,160,255,164,126,120,199,68,175,143,255,151,179,132,13,101,105,161,161,166,23,1,143,200,122,223,139,92,147,165,176,52,137,79,112,29,235,156,255,111,78,235,0,235,181,255,162,255,255,255,27,129,241,173,237,245,93,199,171,24,52,0,255,0,255,255
187,0,164,70,153,24,114,188,123,99,200,26,107,96,88,32,83,133,34,186,99,255,33,143,97,12,113,255,166,133,112,214,208,104,57,160,109,76,38,118,156,187,133,8,103,125,155,178,69,109,141,18,19,161,172,0,234,0,72,163,0,0,211,168,255,157,123,192,163,47,185,163,255,117,171,122,11,36,73,206,189,177,35,0,139,201,103,255,173,87,74,133,215,39,153,28,119,5,244,135,255,83,46,255,0,255,212,255,205,255,255,255,43,145,220,238,255,243,88,176,223,0,10,0,255,0,255,255
189,0,170,68,149,35,113,190,130,104,177,36,110,108,89,46,85,153,62,189,56,255,19,187,68,47,129,255,149,130,105,215,204,125,47,138,87,56,48,62,176,161,167,10,145,127,204,193,125,123,156,10,0,179,145,0,255,31,83,167,6,0,205,205,210,182,122,218,229,57,145,171,255,130,215,185,38,121,49,173,115,130,53,36,136,204,115,255,239,64,76,194,200,0,104,77,140,0,228,152,229,122,66,255,0,248,237,255,237,255,255,255,0,47,199,204,121,255,182,146,255,0,11,0,255,0,255,255
184,1,168,77,171,65,108,190,137,109,149,69,94,117,79,29,86,131,91,182,47,255,27,168,76,79,153,255,134,105,139,178,214,123,94,128,56,105,57,17,184,197,173,29,159,155,189,176,109,167,131,42,18,144,107,0,254,23,56,161,67,0,193,240,231,177,131,158,193,78,202,158,236,119,183,158,57,142,45,180,63,96,56,36,97,202,71,220,191,131,96,143,152,33,131,75,128,0,190,220,203,120,60,173,0,255,255,255,224,205,237,255,0,102,210,225,94,197,27,55,214,104,41,0,255,0,245,255
188,0,178,67,150,48,106,185,131,110,150,63,75,102,79,26,74,138,93,195,60,255,25,165,89,86,115,255,119,95,117,210,238,142,79,125,46,86,53,7,230,164,208,41,168,110,223,195,136,137,159,14,0,111,115,0,255,36,42,135,55,0,218,242,251,143,131,179,217,89,191,124,255,95,202,152,54,145,84,149,42,83,33,40,124,186,135,246,244,114,88,143,196,0,89,83,145,6,172,255,217,127,22,249,0,209,253,255,172,252,253,255,0,166,200,193,134,255,54,120,185,14,78,0,255,0,255,255
188,0,167,78,166,53,107,192,134,94,177,45,109,111,90,43,89,157,71,191,48,255,26,197,69,66,139,255,149,114,110,208,225,126,89,102,64,86,13,43,147,191,163,35,147,121,215,199,112,165,119,71,17,184,131,0,238,55,96,174,41,0,211,225,255,174,144,205,224,61,198,130,255,126,183,159,60,118,39,184,99,110,26,12,127,211,77,255,185,84,36,128,189,20,174,35,122,0,207,144,255,119,31,204,0,255,255,255,241,213,255,255,0,143,213,255,148,212,82,114,255,23,22,0,255,0,255,255
190,1,168,71,158,39,99,186,122,111,187,44,108,102,98,22,86,152,29,168,69,255,11,176,92,60,141,255,132,133,103,193,191,93,103,124,71,75,0,92,155,210,133,17,158,136,232,175,89,152,149,32,4,189,122,0,255,36,79,149,24,0,202,213,255,181,155,178,222,20,207,73,255,147,181,162,32,95,42,201,130,114,20,0,181,209,124,247,180,49,116,163,192,35,154,21,139,0,224,149,228,102,66,173,0,255,255,255,237,239,255,255,0,105,204,255,191,215,123,139,255,56,52,0,255,0,255,255
187,0,168,75,168,63,114,201,146,97,153,56,110,124,81,38,91,156,100,193,40,255,25,203,69,64,147,255,149,111,136,194,228,148,68,123,86,70,58,44,165,178,177,19,159,133,168,202,128,160,137,34,0,170,97,0,255,38,80,205,35,0,212,190,233,149,98,228,244,58,187,193,255,115,193,185,84,121,54,203,77,120,35,37,71,212,78,255,228,115,68,135,194,7,139,20,116,0,218,177,203,121,73,192,0,255,255,255,255,174,255,255,0,84,194,255,99,246,100,58,255,49,0,0,255,0,235,255
188,0,169,73,150,44,112,189,137,94,165,42,106,110,88,41,80,133,74,185,53,255,31,167,78,69,136,255,169,107,101,188,216,128,51,125,92,78,26,63,205,168,168,36,121,137,177,175,99,107,143,34,0,164,127,0,252,39,98,175,11,0,173,203,234,163,129,194,252,71,190,160,255,89,177,163,58,121,77,185,133,125,34,13,112,200,105,255,219,120,78,163,171,0,131,5,91,0,212,183,190,104,37,206,0,221,255,255,203,244,255,255,0,142,181,251,159,248,92,123,255,96,52,0,255,0,255,255
193,0,177,69,144,27,101,196,122,100,171,35,87,115,101,21,95,165,55,193,61,255,0,194,85,68,109,255,125,111,96,248,249,117,84,128,59,88,26,51,199,170,187,0,160,77,255,207,121,157,138,4,0,175,170,0,255,26,74,142,35,0,232,202,244,148,167,221,255,11,192,93,255,133,190,141,17,104,38,168,43,84,0,10,183,211,106,255,206,73,23,173,193,0,153,26,197,0,203,142,255,151,46,255,0,255,248,255,200,255,255,255,0,61,216,254,163,255,104,175,255,0,12,0,255,0,255,255
191,0,154,86,170,45,88,184,127,126,208,37,111,104,109,26,83,155,42,168,72,255,6,164,94,75,142,255,120,137,104,185,209,107,121,127,66,45,0,116,106,216,160,22,140,103,235,155,119,152,141,63,8,205,162,0,250,69,106,133,50,0,185,160,220,207,167,177,158,50,213,70,232,132,118,170,65,86,58,251,66,146,93,0,200,237,88,255,96,40,69,140,153,133,112,2,169,0,195,102,212,33,42,175,11,255,234,255,124,180,255,255,19,82,240,255,189,200,95,202,255,0,7,0,255,0,124,255
192,0,170,74,157,47,108,196,129,105,167,47,95,120,96,31,95,158,65,199,53,255,12,191,82,71,124,255,141,120,100,209,236,145,84,112,77,51,32,57,174,176,196,18,139,112,224,182,142,144,128,40,0,187,155,0,255,55,78,154,43,0,205,190,255,173,132,220,241,72,200,132,255,114,174,158,57,129,49,218,81,97,15,0,148,209,106,247,182,92,60,158,162,26,174,25,160,0,195,140,243,97,38,236,0,255,250,255,183,227,255,255,0,88,192,255,146,215,92,140,247,0,12,0,255,0,248,255
191,0,176,70,151,40,104,203,128,101,141,52,82,110,83,16,89,141,82,179,65,255,0,165,99,60,110,255,113,76,103,226,236,122,79,120,36,100,42,30,210,173,184,0,180,95,237,191,117,138,148,13,0,164,158,0,255,0,64,152,31,0,255,207,226,160,123,208,209,31,232,100,255,51,169,126,17,126,18,165,3,99,29,33,172,199,119,255,252,84,31,148,214,0,147,16,165,0,191,214,207,108,17,237,0,255,255,255,177,247,255,255,0,87,214,228,178,255,67,94,225,0,55,0,255,0,255,255
192,0,173,71,131,26,100,177,127,120,148,56,90,100,92,40,66,146,78,173,38,255,0,166,122,89,92,255,128,80,88,214,237,133,56,106,81,54,12,6,222,171,205,38,163,114,255,202,115,91,157,33,0,135,150,0,242,51,84,188,77,0,189,213,216,181,139,201,253,70,209,94,255,130,138,103,31,227,109,164,19,87,101,54,217,200,175,230,183,67,43,181,211,0,134,66,159,0,192,170,235,122,0,255,0,145,255,255,79,255,255,255,0,77,134,213,170,255,28,240,198,0,105,0,223,63,255,255
193,0,173,71,141,34,103,187,126,105,165,48,94,112,85,32,90,145,55,186,61,255,14,184,98,71,116,255,121,123,94,224,223,132,65,130,93,24,44,64,198,173,215,13,134,116,210,187,120,130,148,25,0,156,149,0,255,30,57,162,43,0,179,208,240,166,126,225,233,73,186,117,255,131,202,172,60,153,99,182,78,139,43,8,171,212,148,240,226,74,105,175,189,0,148,28,166,0,215,140,249,96,15,255,0,204,255,255,153,249,255,255,0,54,156,219,157,255,108,129,255,0,26,0,255,0,255,255
192,0,171,69,151,25,101,202,120,105,161,37,82,103,80,7,98,139,45,173,87,255,5,164,101,55,111,255,116,115,110,218,204,139,72,144,65,49,38,72,226,164,185,0,157,97,220,188,85,137,163,0,0,169,161,0,255,2,38,146,5,0,251,172,228,173,119,188,214,48,209,104,255,68,179,138,8,117,16,200,64,148,0,20,187,231,123,234,204,83,76,191,198,1,151,0,154,0,236,166,220,117,35,255,0,255,232,255,164,255,255,255,0,96,214,214,212,255,59,148,183,0,68,0,255,0,255,255
187,0,168,67,157,45,116,184,131,96,178,52,92,118,80,41,96,140,80,188,55,255,47,171,85,71,144,255,153,133,119,191,212,146,55,155,100,29,42,48,185,164,168,22,120,152,194,189,101,149,164,0,0,147,141,0,255,14,74,175,12,0,187,206,244,179,108,189,193,79,157,175,255,85,204,179,87,149,72,154,125,173,49,75,108,199,122,248,255,88,110,131,207,4,93,56,126,0,243,165,242,136,76,240,0,226,228,255,207,255,255,255,0,134,208,220,142,255,160,126,210,7,40,0,255,0,255,255
184,6,156,89,179,45,115,188,126,115,192,25,121,105,101,42,117,146,75,182,74,255,56,166,66,52,140,255,164,153,111,171,183,159,86,138,92,33,44,94,146,179,155,66,84,137,163,195,77,169,124,82,55,161,138,0,195,22,87,185,66,12,167,180,219,225,105,150,138,93,161,169,255,124,149,184,68,139,61,211,122,151,77,39,104,210,89,237,124,71,93,125,182,131,189,75,111,3,240,81,250,107,84,212,0,248,192,255,180,220,255,255,49,133,204,226,192,189,70,157,179,0,0,0,255,7,187,255
183,0,160,75,172,60,105,186,127,135,179,63,105,89,89,32,75,115,77,184,76,255,51,151,97,75,148,255,143,126,101,169,199,130,89,125,85,49,42,55,194,208,186,79,110,154,171,145,87,132,123,61,38,130,125,0,206,33,78,173,96,0,159,231,255,192,130,114,129,118,168,174,223,119,188,178,42,135,80,211,141,119,97,7,119,206,97,224,180,132,178,143,165,95,146,116,118,27,191,196,237,67,14,144,0,255,205,255,186,222,236,255,32,158,186,200,165,171,0,117,159,13,45,0,255,0,255,255
189,0,164,77,163,49,120,194,133,93,171,30,130,110,90,45,93,163,76,193,55,255,22,210,55,50,147,255,160,111,127,213,212,148,64,124,73,56,38,54,164,161,172,35,111,123,171,222,113,132,141,66,0,185,113,0,229,36,102,193,35,0,203,206,227,204,98,213,229,70,177,183,255,117,190,183,44,113,59,193,113,111,49,34,91,210,101,227,187,94,38,137,173,10,158,42,105,0,221,142,244,156,58,235,0,234,244,255,255,253,255,255,0,107,210,255,95,237,116,153,255,20,8,0,255,0,255,255
187,5,173,74,155,27,117,178,125,98,208,29,102,105,90,44,96,153,53,204,69,255,45,145,69,48,111,255,160,170,131,201,203,133,76,177,92,49,71,104,165,177,144,18,130,128,179,229,83,145,141,40,34,125,144,0,249,0,24,153,41,0,186,170,216,157,133,183,183,54,115,178,255,182,190,147,42,130,84,172,154,153,27,36,121,202,80,216,175,60,106,132,208,95,146,91,138,30,229,105,255,133,50,255,0,255,187,255,228,255,255,255,11,70,230,211,214,219,177,158,186,0,0,0,255,0,255,255
185,1,166,73,163,46,114,193,130,122,180,47,103,100,90,25,93,113,67,168,62,255,19,151,99,54,158,255,140,118,117,160,197,81,81,155,75,85,19,87,161,179,158,41,145,154,186,157,78,145,135,3,16,159,135,0,248,0,84,143,38,7,189,198,250,161,117,149,173,48,182,144,255,126,203,186,10,110,56,212,101,124,70,23,128,184,96,249,215,102,107,128,176,36,85,70,105,0,198,175,205,123,81,178,0,248,225,255,206,225,255,255,0,104,247,232,150,250,75,123,219,32,69,0,255,0,255,255
182,0,158,79,178,67,120,192,139,99,178,58,130,104,86,50,83,136,94,192,51,255,44,188,75,64,157,255,179,114,136,174,185,139,77,119,109,57,49,43,164,197,155,83,117,152,139,180,87,141,131,65,34,174,117,0,210,33,104,208,59,5,178,195,240,207,97,158,178,99,152,255,255,120,159,198,76,118,62,168,144,132,73,24,54,221,62,243,201,112,84,104,172,50,119,63,64,0,194,163,220,113,47,161,0,249,211,255,255,218,254,255,46,148,209,254,80,190,54,58,245,70,23,0,255,0,255,255
185,0,165,67,153,49,114,179,133,121,179,52,115,97,96,49,75,123,75,184,43,255,36,167,103,60,162,255,167,120,114,156,199,92,56,126,96,72,11,62,175,181,153,71,134,175,191,156,106,105,134,13,0,152,114,0,236,32,97,165,51,0,144,213,238,167,131,165,209,88,137,175,255,136,206,181,39,143,102,199,163,113,97,19,109,183,122,228,196,124,120,160,153,0,93,102,96,0,206,203,207,114,61,172,0,188,230,255,220,255,255,254,0,120,190,217,111,255,107,186,239,34,68,0,255,0,255,255
179,3,151,84,192,51,128,198,144,95,207,28,117,116,95,54,131,135,110,186,75,255,66,175,88,19,152,255,194,153,146,158,180,157,61,164,131,59,36,91,122,168,108,66,105,138,96,159,47,194,118,15,73,182,136,0,210,0,120,251,21,26,209,149,251,192,97,150,134,83,150,251,255,72,145,203,88,97,19,145,176,213,62,57,20,208,48,255,155,140,54,77,232,123,131,58,95,0,255,105,240,72,142,220,0,255,155,255,255,218,255,255,76,163,248,250,144,206,71,105,123,9,5,0,255,0,255,255
181,0,155,79,175,55,135,184,134,93,212,38,131,99,97,77,91,129,94,190,57,255,62,174,76,44,144,255,223,140,123,155,189,128,58,152,130,45,21,69,125,189,139,97,89,157,153,166,78,125,128,61,50,180,176,0,203,0,132,193,24,30,175,171,255,215,85,152,162,84,151,255,255,105,147,189,66,126,109,148,199,155,118,51,102,192,54,255,188,98,40,117,207,50,100,63,51,0,210,101,235,74,84,223,0,181,199,255,243,255,255,251,23,187,243,255,124,225,77,134,223,0,0,0,255,0,255,255
180,1,159,79,186,75,141,183,144,96,185,67,117,121,85,69,103,156,108,192,68,255,58,174,82,41,133,255,220,127,144,155,176,177,58,146,126,48,88,42,138,190,88,81,109,154,110,182,53,145,161,80,112,197,167,0,207,0,131,255,59,67,247,176,242,242,74,188,136,96,137,255,255,76,101,184,71,131,57,85,164,150,108,108,64,214,13,255,255,143,35,83,254,96,114,48,93,15,226,142,237,102,79,198,0,255,168,255,255,250,183,255,45,174,241,255,49,194,93,54,155,2,0,0,255,0,249,255
176,5,152,90,195,64,144,174,143,107,199,42,131,120,89,62,124,149,109,188,88,255,90,150,78,32,138,249,237,139,122,127,162,174,49,162,134,31,74,91,127,163,62,89,78,126,110,162,49,141,141,98,149,192,165,0,185,0,148,245,30,106,195,147,245,239,95,152,105,93,105,255,255,86,102,190,122,146,67,107,170,167,121,107,43,175,14,255,217,115,56,124,232,137,124,69,140,22,223,94,255,37,143,192,40,255,153,255,255,242,203,241,64,197,242,243,138,204,126,71,111,0,0,0,255,0,159,255
178,2,154,89,191,69,145,177,144,102,193,53,130,119,87,68,118,147,111,186,89,255,92,153,74,34,139,252,242,129,113,126,162,164,52,140,127,39,78,63,116,187,63,89,81,152,98,178,42,145,129,121,140,201,164,0,176,0,163,255,53,83,201,181,255,246,88,173,99,88,129,255,255,80,91,181,99,139,87,99,170,146,137,78,31,188,37,255,212,134,61,113,220,126,144,57,103,38,209,95,235,67,135,171,24,248,188,255,255,254,215,215,73,191,232,240,120,222,71,64,164,77,0,1,255,0,174,255
179,2,160,77,182,70,130,180,143,119,194,65,108,109,94,54,93,136,108,189,73,255,68,160,77,61,146,255,209,132,124,148,182,169,59,152,108,48,66,58,167,186,117,71,104,164,123,168,59,135,157,53,83,163,148,0,206,8,117,245,70,41,206,187,255,210,104,141,143,105,114,255,255,91,145,186,59,120,73,126,180,146,113,84,76,196,53,255,255,152,122,109,205,126,107,107,109,25,215,168,242,107,98,167,0,255,154,255,255,255,190,251,60,205,234,255,116,209,95,106,120,0,0,0,255,0,251,255
176,1,165,71,172,77,123,178,130,150,162,74,105,103,94,30,86,115,114,165,94,255,60,145,113,81,171,255,180,111,98,129,145,115,59,141,97,105,85,57,222,194,93,107,94,178,99,145,25,143,156,24,77,161,143,0,211,0,110,221,124,65,155,255,255,186,163,124,133,92,90,234,237,111,185,192,0,67,86,127,172,125,108,62,63,201,47,249,255,239,145,137,142,50,62,108,94,57,200,192,195,186,127,131,0,255,166,215,255,255,198,203,52,185,197,153,97,180,0,61,106,188,90,73,255,0,255,255
177,2,160,81,175,60,120,178,129,151,183,46,117,83,115,42,86,116,112,184,91,255,58,122,102,92,142,255,201,143,92,117,166,113,81,160,103,76,64,65,193,196,126,114,82,145,146,134,41,134,120,95,94,124,150,0,181,4,111,208,133,70,98,222,222,217,158,111,99,84,81,188,255,147,161,206,36,165,139,138,136,95,139,36,73,184,14,255,203,188,131,136,178,108,97,125,144,97,149,136,196,81,40,120,11,236,186,255,205,218,200,161,5,179,179,139,166,169,4,138,76,66,84,27,255,27,247,255
178,0,167,73,169,65,128,179,132,141,181,53,104,90,116,54,80,133,117,196,76,255,44,137,104,98,128,255,207,137,106,114,172,129,66,169,125,72,67,46,196,191,119,120,95,148,154,140,47,140,151,61,79,151,151,0,195,8,131,213,126,71,117,202,230,199,143,146,159,81,78,208,255,145,145,211,32,158,138,113,150,83,104,41,77,205,4,255,255,207,82,129,203,77,57,107,96,83,162,122,192,108,35,162,0,227,177,255,224,228,175,172,0,174,189,141,128,164,27,125,84,57,100,13,255,13,255,255
176,1,168,75,173,70,130,177,128,147,185,66,107,92,105,53,88,129,130,190,72,255,56,119,99,132,129,247,208,143,101,109,148,143,82,161,105,77,99,35,213,193,104,144,82,161,148,143,20,103,170,75,117,156,153,0,189,32,135,218,146,98,107,215,253,200,134,113,145,118,92,163,255,143,145,223,24,187,125,117,156,57,133,69,87,166,2,230,234,207,131,66,204,91,47,126,101,97,161,136,182,89,13,154,0,205,190,255,187,238,113,110,11,177,201,157,149,179,0,138,64,133,133,83,255,16,255,255
178,2,166,84,167,54,100,173,138,161,148,70,100,81,89,52,40,125,103,187,80,255,65,94,98,130,95,255,224,110,98,115,165,146,55,137,144,47,97,1,248,175,124,130,101,149,110,91,80,102,153,106,98,162,121,0,147,53,106,228,135,78,50,168,222,192,115,149,136,123,62,255,221,111,94,154,110,167,112,151,182,31,62,17,59,247,66,214,208,208,182,208,148,97,135,108,79,158,135,234,99,57,0,89,0,255,157,167,152,233,178,183,74,214,138,108,216,218,0,138,92,38,98,22,255,93,214,255
175,5,156,95,188,65,121,172,123,159,157,68,129,85,116,74,78,125,119,172,77,255,56,88,97,117,112,233,245,107,86,102,148,136,80,133,140,53,95,6,216,205,131,141,86,129,52,116,74,144,155,151,124,207,141,20,150,58,113,255,179,127,53,210,169,207,125,134,120,110,62,255,198,153,79,179,124,213,152,90,111,62,130,31,6,195,63,224,165,152,157,157,122,112,131,126,97,207,94,143,100,46,28,90,3,230,180,208,130,209,219,126,70,184,142,71,144,166,0,72,130,86,102,26,255,6,172,255
