158,14,158,74,218,78,97,135,166,213,122,88,165,174,102,54,144,131,144,155,40,233,103,157,70,178,201,203,140,116,100,103,151,119,93,77,100,87,212,72,194,200,49,207,47,133,176,96,83,204,150,113,115,157,100,115,132,43,74,230,210,157,44,177,75,145,171,16,108,112,123,173,236,196,175,143,39,210,143,160,78,116,195,129,126,146,142,124,32,45,115,193,105,89,67,238,49,0,49,217,173,0,125,14,187,255,104,145,86,230,150,58,140,103,219,53,164,186,0,96,44,13,131,186,205,0,55,255
157,9,162,78,208,80,78,113,165,203,129,86,133,181,121,44,140,154,112,159,12,178,100,164,106,183,216,129,116,130,102,144,162,100,100,81,169,98,134,78,187,162,23,197,75,118,170,128,68,193,164,98,67,162,137,115,128,36,100,237,192,165,19,148,111,105,203,44,143,90,133,137,255,255,39,178,64,215,45,121,106,72,130,85,147,83,211,160,95,130,115,159,192,132,112,200,20,0,44,159,162,78,173,22,155,255,27,144,195,177,167,18,255,171,176,107,202,255,0,109,68,119,147,171,195,0,149,255
157,15,157,65,234,91,90,122,181,205,119,87,152,204,93,62,161,162,126,151,28,218,113,160,99,147,248,190,102,118,116,101,149,149,62,52,110,116,166,121,154,134,20,171,38,81,166,133,49,191,157,122,79,165,113,127,111,11,78,244,178,102,59,166,29,184,181,99,90,123,184,122,255,152,150,166,50,167,46,188,126,122,137,109,112,137,151,165,25,103,69,143,233,129,89,243,0,0,172,189,175,11,161,16,188,255,71,149,150,250,147,67,216,145,205,140,245,243,0,162,0,97,0,182,211,0,132,255
154,12,160,76,230,90,87,116,184,201,122,97,164,175,98,40,136,144,133,172,15,191,101,154,111,146,218,109,130,113,82,146,136,156,69,77,120,107,162,126,131,192,30,165,37,90,131,150,93,210,125,74,97,150,63,112,121,74,34,250,193,99,30,192,51,125,209,112,93,120,210,119,255,255,108,156,12,177,59,219,131,104,181,64,153,123,154,158,61,109,82,226,255,136,102,255,21,0,243,128,160,1,151,56,202,255,134,195,255,216,255,172,246,92,184,110,255,255,0,145,0,102,0,161,67,0,57,255
153,4,158,75,206,87,91,107,161,208,137,83,138,177,131,36,89,160,145,168,20,142,99,148,92,198,196,107,139,143,85,120,191,136,99,78,140,77,121,75,138,201,0,173,120,136,149,162,82,198,158,64,15,120,128,132,125,70,82,248,161,161,2,211,120,46,220,73,170,92,123,158,223,255,23,141,86,237,91,178,84,53,197,72,131,68,174,129,124,170,79,164,197,165,68,170,0,0,44,168,173,102,255,72,240,255,77,90,232,202,253,157,255,92,166,48,183,255,0,104,76,76,137,108,88,0,168,255
153,3,163,81,197,87,67,106,158,187,136,99,139,135,149,43,93,129,123,158,15,177,140,144,90,178,242,66,154,133,78,141,188,109,104,97,183,68,68,75,164,202,68,207,82,167,134,189,111,214,148,82,59,110,94,38,107,99,56,255,203,125,0,255,157,85,254,55,162,54,145,170,246,255,0,201,24,246,15,172,115,40,199,0,174,61,199,113,114,196,70,244,216,127,45,244,14,4,88,106,143,8,223,82,203,255,60,141,217,182,255,161,255,116,199,0,218,255,0,91,63,154,140,163,118,0,234,255
153,9,178,59,204,94,139,41,211,236,64,77,139,255,87,98,105,231,255,188,60,89,187,112,80,226,183,209,222,41,0,42,191,51,47,44,0,0,255,159,0,164,0,196,172,112,48,255,0,255,255,177,39,140,255,122,81,23,0,255,43,0,0,255,174,45,182,203,242,67,237,187,225,197,5,0,0,195,69,167,0,1,240,255,255,87,255,107,108,0,0,255,179,219,69,87,144,0,147,50,6,227,141,107,255,255,0,169,117,118,252,182,0,0,255,44,178,134,0,119,0,108,91,10,156,0,255,255
154,5,158,74,207,78,79,109,155,205,131,92,141,166,142,35,97,141,108,162,12,161,121,143,104,189,244,99,134,110,89,142,206,108,107,84,190,73,110,73,191,177,8,233,73,110,151,157,103,182,174,65,40,138,132,80,64,48,83,255,197,143,0,192,95,110,246,80,134,78,127,141,255,255,35,192,84,255,17,149,94,48,177,33,163,63,224,137,58,140,78,202,169,156,59,202,20,0,37,122,155,67,255,46,184,255,32,91,169,166,255,67,255,148,201,48,207,255,0,68,46,98,121,180,116,0,179,255
153,9,155,75,220,94,79,120,181,195,134,96,141,178,110,51,142,140,120,175,10,229,128,195,103,139,239,112,101,124,110,129,142,132,81,55,130,99,155,83,136,177,31,199,60,125,200,195,95,205,116,73,64,121,114,99,121,43,36,231,173,95,32,226,102,113,204,75,162,93,218,134,255,228,127,210,29,195,86,233,67,89,176,32,138,87,167,127,41,135,24,229,255,83,96,241,0,0,193,173,186,11,208,64,227,255,86,167,255,152,255,128,255,162,191,138,240,255,0,150,0,140,0,143,151,0,88,255
156,6,156,73,205,76,78,118,159,204,136,98,137,157,146,37,100,155,110,176,2,181,112,154,111,186,224,108,127,92,90,149,175,131,114,90,177,68,120,66,204,181,31,212,88,115,133,155,76,179,148,67,49,120,108,98,102,70,79,255,181,142,0,188,103,118,216,45,142,69,123,145,255,255,31,191,84,218,44,137,90,87,175,22,111,82,232,140,69,184,100,141,178,163,108,198,0,0,36,166,177,65,211,26,185,255,21,132,177,181,243,34,255,160,158,42,210,255,0,73,42,90,112,210,174,0,247,255
155,10,154,71,227,88,90,134,168,193,150,111,157,157,112,56,140,149,124,196,1,222,106,172,120,146,228,106,125,66,118,140,135,134,101,43,156,87,129,82,173,216,39,179,22,85,93,170,97,192,154,60,101,140,100,84,112,61,25,238,234,83,29,218,79,156,190,67,69,95,179,188,255,228,102,195,16,201,56,209,105,63,163,14,52,132,190,146,51,164,21,154,226,197,95,255,13,0,139,184,229,33,230,12,255,255,94,155,149,251,255,111,255,127,211,93,184,255,0,95,0,127,0,170,216,0,168,255
155,12,156,69,224,90,83,124,172,196,144,98,151,166,122,62,131,160,114,169,5,232,117,184,114,152,233,115,110,89,108,139,145,154,89,41,127,76,134,113,165,170,32,194,23,93,139,157,67,195,144,75,90,142,71,94,111,52,49,235,194,82,46,227,73,156,192,70,106,108,196,143,255,207,123,229,33,194,62,205,119,86,162,30,108,115,186,155,50,156,46,163,236,160,84,255,3,0,183,178,210,28,229,23,224,255,82,156,169,226,219,95,245,151,184,98,189,255,0,100,0,157,0,172,210,0,177,255
155,11,156,71,234,89,90,122,168,193,137,104,162,158,106,45,125,147,128,185,8,206,105,180,112,132,214,100,134,95,94,126,142,162,83,44,138,101,156,118,153,203,30,178,17,67,122,167,100,222,144,79,108,183,102,103,122,48,8,226,206,87,31,208,67,165,189,109,95,95,185,163,255,218,132,183,6,163,88,199,137,86,170,57,76,116,172,152,54,120,30,180,236,159,43,255,27,0,205,160,170,0,192,20,255,255,122,149,212,255,222,137,247,144,206,119,221,242,0,144,0,171,0,183,166,0,99,255
154,4,155,82,196,73,69,114,144,202,151,88,138,149,154,30,82,133,119,163,5,164,123,143,94,185,225,95,140,111,86,146,196,103,134,116,186,51,89,74,208,203,50,218,87,145,124,156,98,186,171,50,56,134,112,83,109,84,64,255,199,125,0,191,104,112,208,33,179,76,113,152,255,255,24,189,82,227,47,137,88,84,197,25,134,68,242,142,123,203,85,147,178,205,65,206,30,10,13,120,184,87,228,64,178,255,47,121,167,188,255,49,255,153,197,43,235,255,0,65,68,135,170,212,217,0,255,255
