175,8,146,96,214,76,77,129,148,174,151,51,120,147,101,35,109,238,196,193,0,208,99,177,69,152,150,185,123,68,193,131,106,82,139,130,139,120,184,136,115,174,31,144,123,163,132,92,123,110,126,93,129,77,86,150,125,106,113,206,130,121,121,97,174,168,81,124,144,135,146,112,127,188,138,154,132,137,93,168,100,193,152,130,91,102,138,202,146,88,63,145,95,112,110,171,88,50,122,210,207,121,120,114,106,182,84,114,170,130,178,136,67,136,72,55,147,184,48,216,101,116,100,83,170,147,69,255
175,8,146,96,214,76,77,129,148,174,151,51,120,147,101,35,109,238,196,193,0,208,99,177,69,152,150,185,123,68,193,131,106,82,139,130,139,120,184,136,115,174,31,144,123,163,132,92,123,110,126,93,129,77,86,150,125,106,113,206,130,121,121,97,174,168,81,124,144,135,146,112,127,188,138,154,132,137,93,168,100,193,152,130,91,102,138,202,146,88,63,145,95,112,110,171,88,50,122,210,207,121,120,114,106,182,84,114,170,130,178,136,67,136,72,55,147,184,48,216,101,116,100,83,170,147,69,255
175,8,146,96,214,76,77,129,148,174,151,51,120,147,101,35,109,238,196,193,0,208,99,177,69,152,150,185,123,68,193,131,106,82,139,130,139,120,184,136,115,174,31,144,123,163,132,92,123,110,126,93,129,77,86,150,125,106,113,206,130,121,121,97,174,168,81,124,144,135,146,112,127,188,138,154,132,137,93,168,100,193,152,130,91,102,138,202,146,88,63,145,95,112,110,171,88,50,122,210,207,121,120,114,106,182,84,114,170,130,178,136,67,136,72,55,147,184,48,216,101,116,100,83,170,147,69,255
175,8,146,96,214,76,77,129,148,174,151,51,120,147,101,35,109,238,196,193,0,208,99,177,69,152,150,185,123,68,193,131,106,82,139,130,139,120,184,136,115,174,31,144,123,163,132,92,123,110,126,93,129,77,86,150,125,106,113,206,130,121,121,97,174,168,81,124,144,135,146,112,127,188,138,154,132,137,93,168,100,193,152,130,91,102,138,202,146,88,63,145,95,112,110,171,88,50,122,210,207,121,120,114,106,182,84,114,170,130,178,136,67,136,72,55,147,184,48,216,101,116,100,83,170,147,69,255
175,8,146,96,214,76,77,129,148,174,151,51,120,147,101,35,109,238,196,193,0,208,99,177,69,152,150,185,123,68,193,131,106,82,139,130,139,120,184,136,115,174,31,144,123,163,132,92,123,110,126,93,129,77,86,150,125,106,113,206,130,121,121,97,174,168,81,124,144,135,146,112,127,188,138,154,132,137,93,168,100,193,152,130,91,102,138,202,146,88,63,145,95,112,110,171,88,50,122,210,207,121,120,114,106,182,84,114,170,130,178,136,67,136,72,55,147,184,48,216,101,116,100,83,170,147,69,255
175,8,146,96,214,76,77,129,148,174,151,51,120,147,101,35,109,238,196,193,0,208,99,177,69,152,150,185,123,68,193,131,106,82,139,130,139,120,184,136,115,174,31,144,123,163,132,92,123,110,126,93,129,77,86,150,125,106,113,206,130,121,121,97,174,168,81,124,144,135,146,112,127,188,138,154,132,137,93,168,100,193,152,130,91,102,138,202,146,88,63,145,95,112,110,171,88,50,122,210,207,121,120,114,106,182,84,114,170,130,178,136,67,136,72,55,147,184,48,216,101,116,100,83,170,147,69,255
175,8,146,96,214,76,77,129,148,174,151,51,120,147,101,35,109,238,196,193,0,208,99,177,69,152,150,185,123,68,193,131,106,82,139,130,139,120,184,136,115,174,31,144,123,163,132,92,123,110,126,93,129,77,86,150,125,106,113,206,130,121,121,97,174,168,81,124,144,135,146,112,127,188,138,154,132,137,93,168,100,193,152,130,91,102,138,202,146,88,63,145,95,112,110,171,88,50,122,210,207,121,120,114,106,182,84,114,170,130,178,136,67,136,72,55,147,184,48,216,101,116,100,83,170,147,69,255
158,11,163,69,214,84,104,116,143,214,115,98,150,155,95,63,124,116,114,182,63,166,73,75,98,215,180,136,162,94,142,104,106,93,66,150,150,83,141,105,190,210,28,111,16,126,110,117,125,140,189,112,125,73,155,60,103,56,61,236,218,77,0,185,102,192,118,42,88,130,139,198,255,193,74,141,19,242,99,202,110,29,205,99,98,118,118,160,107,142,141,240,177,128,38,253,104,7,119,201,146,0,115,13,207,255,149,118,110,255,169,171,156,44,102,0,168,91,30,56,89,100,74,114,129,65,44,255
154,11,170,59,203,56,149,78,204,221,77,107,169,228,30,44,130,157,172,197,81,148,102,77,98,208,125,220,230,144,0,32,121,0,54,162,128,116,255,171,145,191,0,207,115,98,88,168,54,255,255,26,160,169,231,52,93,123,40,228,165,17,0,113,196,0,131,79,184,29,221,149,255,229,199,15,0,180,211,223,68,67,199,255,133,78,255,247,132,0,61,255,191,211,92,123,175,0,255,255,167,17,34,66,255,255,169,128,199,174,146,254,0,0,106,154,113,0,0,255,78,56,111,82,68,89,168,255
152,8,161,55,208,83,116,93,194,210,102,124,161,216,61,73,141,130,145,157,100,162,59,130,145,171,199,197,200,135,86,80,122,54,62,140,124,109,238,60,117,153,0,131,126,140,118,137,54,255,220,48,57,86,147,0,155,57,112,255,173,86,0,149,132,14,149,78,209,0,201,153,165,239,87,86,55,187,167,217,0,92,214,139,125,120,160,220,161,6,112,255,143,201,49,210,29,31,208,255,186,36,138,74,225,255,125,54,255,230,227,255,111,39,161,9,199,212,0,255,112,11,0,0,61,0,46,255
154,14,171,56,209,59,131,89,204,203,74,112,163,207,39,78,118,159,173,187,57,164,106,84,114,209,177,210,213,100,40,83,116,6,46,182,125,65,250,154,77,167,0,189,109,119,49,146,10,255,255,91,57,176,191,61,110,89,17,236,175,50,0,186,192,31,71,71,176,76,250,118,255,156,97,17,38,166,179,255,14,103,220,255,152,106,210,238,145,0,0,255,187,159,74,136,186,0,255,206,211,36,76,46,254,255,86,77,92,114,216,245,35,0,222,74,92,0,0,255,76,95,14,133,114,113,125,255
154,16,172,50,219,51,140,67,226,228,59,108,169,252,14,83,109,182,188,210,62,128,86,79,101,203,179,255,236,67,0,10,92,7,28,149,88,104,255,213,44,162,0,239,137,121,59,200,39,255,255,130,62,197,223,143,81,136,0,238,168,0,0,145,199,5,19,80,223,31,255,119,255,146,176,0,0,94,195,247,0,133,226,255,255,158,255,173,27,0,0,255,192,255,27,135,229,0,255,151,189,75,0,76,255,255,85,211,29,182,62,146,0,0,255,87,78,0,0,255,33,43,141,153,232,181,255,255
156,12,174,67,203,62,116,70,224,182,76,82,160,220,34,60,110,138,194,164,42,157,114,101,79,185,189,192,217,115,6,66,118,1,61,111,144,70,255,127,38,180,0,203,132,176,117,181,56,255,234,114,64,140,156,104,130,71,0,214,137,39,0,157,196,71,84,70,199,12,192,205,255,182,48,12,12,159,159,238,64,143,197,255,247,120,151,208,99,0,3,255,219,124,38,99,127,0,225,184,122,26,44,18,235,255,50,94,182,96,168,144,0,23,210,145,120,54,0,211,117,113,61,179,53,64,148,255
152,7,167,64,185,66,127,72,201,195,88,111,170,226,33,30,142,142,173,149,80,171,154,104,125,198,177,201,232,169,0,58,123,0,105,156,102,29,255,131,90,148,0,190,149,169,119,172,0,255,239,15,46,84,185,9,148,47,84,202,112,117,0,191,183,0,179,57,255,18,173,135,223,235,74,62,5,213,147,255,3,85,232,255,149,34,236,255,255,31,0,235,174,66,152,22,71,0,196,255,216,59,174,117,224,255,135,32,255,76,250,255,17,13,133,144,74,145,0,255,136,69,36,61,0,65,125,255
150,8,165,47,199,56,134,76,218,235,62,124,172,235,0,65,132,182,172,201,89,153,94,78,148,177,149,255,249,105,0,29,69,0,54,223,66,33,255,133,62,214,0,196,165,142,103,200,15,255,255,88,11,119,203,74,125,61,0,254,155,33,0,180,161,0,88,4,255,18,255,124,255,199,149,15,0,171,206,255,0,1,255,255,170,32,255,201,125,0,0,255,195,237,139,54,221,12,255,248,191,119,75,117,255,255,118,215,116,86,143,249,0,0,255,0,83,0,0,255,200,81,17,97,177,91,165,255
152,12,170,53,204,37,140,64,229,233,60,103,182,255,20,47,127,186,185,236,49,147,146,47,110,200,191,255,239,122,0,0,63,0,71,181,33,82,255,204,8,183,0,201,175,128,109,231,5,255,255,127,19,201,217,147,107,124,0,243,163,55,0,146,193,0,69,0,255,54,255,91,255,244,103,34,0,127,127,255,0,85,255,255,255,91,255,152,90,0,0,255,237,209,162,19,214,0,255,128,183,109,0,183,255,255,60,229,86,123,79,157,0,20,255,101,50,0,0,255,145,89,120,243,198,105,255,255
152,12,170,54,193,23,125,49,234,242,61,113,178,245,0,23,109,160,153,236,40,171,160,57,132,180,180,255,244,149,0,25,55,0,52,203,62,47,255,221,40,210,0,212,113,129,113,170,43,255,255,79,20,210,211,153,134,89,0,218,142,0,0,97,179,0,98,0,231,9,247,220,255,255,164,4,0,114,194,255,0,103,242,255,255,122,255,220,102,0,0,255,229,255,155,7,255,0,255,182,94,101,0,178,255,255,44,255,16,225,0,199,60,154,255,98,57,0,0,255,123,85,160,211,197,215,255,255
155,9,175,62,188,33,151,52,232,205,44,90,183,228,6,35,120,190,207,223,80,131,172,74,109,204,146,255,221,122,0,0,73,0,103,187,99,46,255,239,87,203,0,255,168,112,88,247,0,255,255,51,139,163,255,55,87,161,0,242,139,0,0,136,255,0,145,35,255,8,244,114,255,210,190,47,0,102,255,204,38,110,255,255,187,13,255,203,141,0,0,255,234,170,177,1,255,0,255,202,140,0,0,168,255,255,158,211,192,7,91,156,0,0,99,198,29,0,0,255,81,145,183,199,122,178,255,255
156,9,168,64,217,76,154,73,212,152,49,100,201,198,14,86,121,182,217,206,69,148,136,94,93,152,178,182,191,29,24,62,91,70,137,153,62,36,212,157,0,228,0,146,150,21,0,255,0,255,249,122,70,119,134,86,137,73,0,241,155,0,9,255,200,48,60,108,185,144,190,103,255,200,71,80,0,106,173,255,0,114,255,255,174,106,190,212,137,0,0,255,239,196,49,34,198,0,255,219,170,24,122,128,234,255,158,58,195,62,248,163,0,0,255,0,107,0,32,64,36,194,0,186,98,97,212,255
155,13,165,66,216,60,165,77,202,211,70,97,192,218,11,63,168,160,152,218,81,172,141,96,97,189,133,194,151,112,5,7,73,11,113,129,80,72,251,180,118,230,0,179,72,81,79,232,58,255,200,62,100,135,229,102,80,91,41,153,165,0,0,98,180,12,160,75,255,49,192,125,255,255,203,78,0,204,247,250,60,120,251,255,40,101,239,202,106,0,0,255,255,174,140,120,225,0,196,255,164,0,77,64,255,255,200,174,244,63,226,197,1,0,83,169,0,0,11,255,0,105,47,96,255,103,162,255
154,9,174,52,195,58,164,64,226,248,63,117,167,255,0,52,144,185,174,219,102,150,163,101,121,186,134,255,255,156,0,0,90,0,70,181,51,57,255,190,120,180,0,255,150,146,156,208,95,255,255,64,95,124,255,94,118,121,41,194,148,26,0,104,169,0,168,14,255,0,255,116,255,255,206,6,0,210,255,228,0,77,245,255,69,41,255,255,141,0,0,255,255,124,187,22,183,0,229,239,211,20,45,158,255,255,176,247,206,24,69,172,0,0,67,138,0,0,0,255,84,46,160,14,132,111,205,255
155,11,164,57,207,56,161,72,226,222,42,102,184,200,0,68,135,179,151,240,85,126,146,97,130,140,173,255,177,77,0,19,42,0,109,173,61,36,255,169,92,202,0,221,114,107,84,255,82,255,250,82,136,124,242,31,97,142,30,229,179,0,0,119,183,0,178,63,255,0,230,183,255,237,203,75,0,129,255,238,0,111,255,255,7,71,255,199,64,0,0,255,220,182,172,126,255,0,208,198,158,0,15,156,255,255,120,206,180,92,115,180,62,38,118,82,12,0,0,255,20,72,67,106,255,188,175,255
151,1,172,48,186,59,142,53,236,255,50,121,162,255,6,49,140,190,163,227,93,135,166,122,166,184,144,255,248,187,0,16,113,0,98,158,40,59,255,151,48,170,0,239,219,133,143,255,61,255,215,82,30,100,255,68,116,129,55,252,124,34,0,115,196,0,244,78,255,0,255,139,255,255,150,0,0,136,255,249,0,68,255,255,186,12,255,176,104,0,0,255,255,181,174,7,127,0,109,212,142,14,4,255,255,255,77,218,255,49,95,235,40,68,113,39,130,0,0,255,146,31,173,78,88,16,196,255
157,14,166,60,202,43,170,72,204,208,80,91,167,210,18,76,140,175,157,191,83,153,165,82,95,175,138,248,204,123,0,17,95,0,93,211,89,17,255,208,154,135,0,237,65,149,94,179,64,255,239,38,124,127,218,79,124,165,85,152,122,0,0,98,175,0,173,18,255,0,192,90,255,200,188,75,0,182,238,207,116,211,255,255,0,110,250,255,130,0,0,255,232,154,150,162,252,0,231,209,180,0,89,83,255,255,196,199,165,25,131,190,0,5,74,84,0,0,0,255,29,59,98,58,255,142,217,255
153,14,162,60,217,44,167,74,216,220,69,88,189,219,0,57,160,154,159,203,63,149,146,91,106,179,151,239,205,106,0,31,59,0,72,153,73,70,255,213,108,182,0,232,66,114,68,196,67,255,238,64,131,179,199,84,76,155,14,160,149,0,0,103,182,0,111,60,255,0,249,109,255,196,251,40,0,169,246,243,24,131,231,255,90,112,255,255,71,0,0,255,225,163,121,97,222,0,255,217,207,0,61,101,255,255,184,188,120,137,100,193,0,68,180,133,0,0,0,255,19,39,87,125,255,133,162,255
154,13,166,63,208,54,155,61,223,218,59,86,185,240,0,52,156,185,194,247,70,135,144,72,106,178,155,255,215,90,0,0,39,0,76,145,33,64,255,205,25,228,0,209,149,70,79,255,36,255,255,112,103,176,229,136,94,120,0,221,134,0,0,123,216,0,78,18,255,39,249,131,255,239,171,81,0,77,181,255,0,91,248,255,194,94,255,188,79,0,0,255,255,226,126,26,255,0,255,191,183,88,0,163,255,255,133,255,196,77,94,132,0,0,209,153,0,0,0,255,63,111,148,142,255,85,255,255
155,16,166,66,196,29,171,67,211,240,60,96,185,212,0,19,170,152,174,210,99,165,148,91,103,154,126,255,183,110,0,3,49,0,28,158,102,112,255,227,185,173,0,255,111,123,78,189,83,255,255,10,207,149,201,22,95,143,5,200,136,7,0,48,255,0,166,86,255,44,255,52,255,224,255,78,0,147,255,219,169,173,225,255,34,75,255,255,124,0,0,255,237,116,177,96,255,0,255,242,175,0,120,142,255,255,255,197,200,81,129,210,0,0,82,175,15,0,0,255,0,21,67,53,180,255,255,255
156,12,165,69,188,54,164,65,200,210,64,87,173,213,13,36,146,157,179,204,82,152,156,74,91,185,147,252,202,131,0,21,80,0,92,167,81,60,255,169,138,175,0,238,130,141,103,192,72,255,234,52,145,92,210,54,108,111,82,185,106,39,0,111,194,0,180,75,255,0,211,95,255,255,150,56,0,173,216,200,82,132,254,255,80,67,224,248,186,0,0,255,205,71,174,45,198,0,181,225,190,0,76,142,255,255,188,154,255,28,157,162,0,29,50,145,52,0,0,255,54,30,88,134,51,126,153,255
154,10,162,64,205,61,151,64,226,200,50,101,190,207,5,69,127,178,202,225,59,134,148,74,118,177,168,212,182,24,0,77,69,0,108,170,37,12,250,166,13,189,0,187,138,41,23,255,0,255,255,104,100,134,217,109,121,116,0,252,146,0,0,193,225,0,85,43,196,100,209,165,255,225,103,27,0,79,205,226,0,70,255,255,148,98,255,175,54,0,0,255,194,241,77,54,255,0,255,129,136,100,26,123,255,255,77,192,120,78,154,124,29,61,255,0,83,0,0,157,74,142,20,127,255,181,240,255
158,18,162,78,197,19,170,68,193,205,74,83,183,196,9,53,149,158,142,194,77,173,163,71,82,163,114,235,152,72,0,53,67,0,76,191,127,81,213,250,183,187,0,213,26,104,10,197,48,255,255,15,186,153,212,56,103,116,19,174,132,0,0,62,255,0,166,67,218,52,231,115,255,231,255,66,0,156,255,202,152,201,228,255,39,126,255,209,71,0,0,255,255,207,202,156,255,0,255,235,124,0,34,99,255,255,244,255,124,145,146,246,0,13,125,119,1,0,87,255,0,65,9,111,255,255,255,255
158,16,156,86,179,15,169,65,167,207,121,72,184,226,44,33,135,152,133,148,79,214,202,50,77,200,75,181,195,94,0,106,144,0,83,178,131,86,173,255,203,166,0,182,8,129,0,178,0,255,255,7,80,120,182,114,99,66,38,120,46,22,0,113,233,16,180,44,170,58,189,138,255,242,237,0,0,206,187,156,117,109,199,255,137,72,255,223,69,0,88,255,207,236,192,88,255,0,223,255,122,62,28,117,255,255,218,255,142,238,155,255,0,0,130,23,0,0,125,255,44,68,0,28,255,211,255,255
159,13,160,90,172,0,189,54,172,210,90,70,201,208,46,0,129,162,117,173,129,184,188,14,59,175,60,165,111,67,0,72,106,0,113,189,175,57,185,255,225,190,0,172,21,143,0,176,0,236,255,19,117,91,181,76,21,116,74,170,42,27,0,111,255,69,255,103,159,0,164,92,218,255,219,0,0,171,187,165,229,160,230,255,119,73,229,137,84,0,102,255,189,204,255,83,255,10,167,255,0,0,58,107,80,255,255,251,197,166,221,255,0,0,29,0,0,0,17,255,94,0,0,163,255,255,255,255
160,9,154,100,170,0,176,62,175,184,97,44,188,210,63,35,141,159,113,190,98,190,174,9,33,196,63,171,167,77,0,108,112,0,96,148,149,77,146,235,188,198,0,200,0,137,0,184,0,202,222,52,155,94,235,168,18,133,23,111,36,31,0,114,231,88,243,79,104,62,172,200,255,255,166,0,0,197,185,163,144,44,174,255,126,64,250,187,54,0,64,255,158,170,255,48,255,0,139,230,104,74,6,132,193,255,175,255,138,243,255,255,0,8,116,22,63,0,115,255,124,33,0,149,244,147,255,255
158,12,159,89,178,8,168,62,173,201,81,68,193,212,35,35,144,157,130,201,108,167,137,30,49,191,71,203,174,83,0,61,73,0,67,162,166,102,181,218,187,228,0,190,30,108,12,171,45,254,249,29,190,94,210,123,49,114,17,154,88,7,0,71,239,54,178,82,140,49,192,169,255,255,187,9,0,205,241,185,143,70,168,255,72,92,255,243,105,0,48,255,168,173,198,58,255,0,199,253,104,56,69,86,213,255,232,244,153,218,251,246,0,0,94,35,83,0,95,255,87,74,9,114,230,242,255,255
156,13,168,49,218,69,160,70,220,227,59,108,175,252,22,101,115,211,194,232,110,103,103,78,127,180,149,255,238,58,0,0,80,0,79,196,50,51,255,178,26,171,0,201,168,96,55,246,10,255,255,161,29,126,248,129,100,138,3,236,179,0,0,185,195,0,48,57,255,21,252,102,255,168,143,17,0,71,234,255,0,83,255,255,162,102,255,119,37,0,0,255,182,255,74,173,255,0,255,198,183,38,0,126,255,255,139,223,151,101,94,197,0,0,222,0,2,0,0,255,110,72,82,36,255,100,255,255
159,8,156,93,159,9,159,44,201,177,79,40,170,208,45,59,122,164,140,186,85,167,169,43,66,163,97,245,204,77,0,73,74,11,81,170,101,44,217,198,145,148,0,209,63,152,0,199,9,255,241,41,146,90,206,156,92,136,0,162,34,0,0,103,255,6,181,56,140,84,208,167,255,255,96,0,0,144,246,118,172,101,255,255,172,94,255,173,71,0,0,255,225,150,255,59,255,0,197,234,89,0,0,219,255,255,112,255,141,139,255,189,0,0,174,30,127,0,87,255,4,18,82,128,168,131,255,255
154,14,163,76,199,45,174,78,180,224,95,81,165,237,29,40,185,153,173,205,91,167,138,58,62,229,91,223,173,126,12,22,93,0,48,99,129,136,216,205,145,198,0,215,56,85,91,210,61,255,240,0,220,165,245,86,58,134,0,159,114,18,0,88,255,0,152,97,236,92,235,126,255,235,255,80,0,208,225,239,89,59,128,255,93,66,255,255,94,0,29,255,243,123,119,114,235,0,253,255,196,46,153,53,255,255,251,183,241,139,218,252,0,0,47,255,6,0,16,248,0,71,33,27,212,106,217,255
158,8,168,61,199,53,167,52,224,224,28,91,188,234,7,58,112,205,188,228,131,85,161,67,117,196,126,255,219,52,0,0,53,18,120,172,13,0,255,217,22,173,0,177,213,60,8,255,0,255,255,145,41,84,245,110,60,125,0,212,66,0,0,149,242,0,126,105,255,41,209,89,255,232,121,14,0,60,255,241,28,82,255,255,164,101,255,80,63,0,0,255,208,167,92,59,255,0,249,170,70,0,0,119,255,255,115,138,255,19,147,168,0,0,136,0,6,0,0,255,0,116,113,130,211,161,255,255
158,14,161,91,178,4,172,63,188,189,98,63,163,202,48,54,145,152,132,184,74,180,168,40,59,181,95,211,171,96,0,79,97,4,73,189,147,64,167,238,193,163,0,209,7,146,0,148,22,255,244,10,169,150,210,111,100,146,43,149,72,47,0,98,255,20,216,53,179,30,214,122,255,255,197,43,0,179,197,131,168,169,204,255,112,94,255,180,86,0,37,255,254,188,255,124,255,0,195,248,118,0,37,158,225,255,205,255,126,138,219,218,0,9,135,79,16,0,75,255,22,9,7,141,255,152,255,255
158,17,158,84,190,16,180,87,170,223,100,89,186,200,27,0,153,132,137,173,84,189,164,41,68,183,80,188,156,97,10,77,121,21,42,172,141,96,206,250,255,171,0,206,18,108,0,130,24,255,243,18,183,140,170,83,79,97,58,173,90,88,0,74,224,19,223,89,168,3,207,81,255,255,255,54,25,190,160,163,197,138,182,255,69,88,198,184,38,0,137,255,228,188,200,135,255,0,186,219,130,11,105,85,170,255,255,213,184,190,147,251,0,3,108,13,23,0,34,204,44,43,0,140,214,238,255,255
156,8,172,53,189,38,169,50,233,237,38,94,174,240,3,40,108,199,178,240,132,96,173,65,124,168,134,255,208,84,0,0,48,0,99,213,56,0,255,219,96,175,0,235,183,110,52,255,8,255,255,87,93,86,242,72,98,121,0,231,107,0,0,128,255,0,133,43,255,0,239,134,255,231,179,68,0,85,255,208,48,95,255,255,146,51,255,104,68,0,0,255,255,202,139,52,255,0,219,209,84,0,0,189,255,255,110,185,219,33,73,179,0,0,103,5,0,0,0,255,0,78,158,109,179,195,255,255
158,11,156,91,168,1,160,70,172,182,95,45,182,191,64,49,131,163,120,191,105,182,148,27,60,138,88,255,188,79,0,57,52,0,83,203,180,66,171,234,173,222,0,184,0,162,15,171,37,222,255,16,183,111,192,105,102,92,0,150,80,41,0,108,239,58,178,17,163,24,182,197,255,255,141,22,0,151,255,161,159,71,218,255,108,42,255,217,75,0,3,255,207,140,237,87,255,0,210,251,92,0,66,176,246,255,171,224,122,184,224,255,6,24,89,42,151,0,107,255,57,43,0,98,228,141,255,255
158,13,155,89,170,0,175,60,163,204,111,67,194,221,41,13,135,143,124,148,86,200,185,38,79,180,71,180,188,87,0,103,111,0,67,185,158,78,161,255,217,178,0,195,0,138,0,142,0,249,247,0,106,123,149,137,89,92,44,146,40,45,0,104,229,3,201,32,162,47,214,112,255,255,208,0,0,187,177,144,130,91,215,255,156,69,255,234,64,0,59,255,230,186,192,83,255,0,242,251,91,59,46,178,194,255,243,255,167,250,208,255,0,18,105,0,10,0,115,255,59,39,0,88,243,255,255,255
156,8,170,50,197,37,157,48,247,237,38,106,176,255,12,54,100,215,206,251,101,93,155,37,124,198,150,255,212,62,0,0,67,0,90,184,26,8,255,233,23,158,0,238,210,110,61,255,0,255,255,171,27,124,255,151,83,179,0,235,132,0,0,152,255,0,85,8,255,25,255,118,255,186,119,45,0,0,240,255,24,89,255,255,255,61,255,36,16,0,0,255,177,255,115,78,255,0,221,115,127,84,0,165,255,255,59,216,128,52,28,99,0,0,255,0,44,0,0,255,121,98,137,186,201,174,255,255
156,11,164,73,175,22,158,46,217,226,70,67,162,228,9,29,131,176,175,224,91,132,174,48,94,204,113,255,207,112,0,14,75,0,102,165,99,38,255,233,104,183,0,242,118,140,75,209,27,255,255,31,145,84,255,103,93,159,0,162,87,0,0,96,255,0,184,37,189,22,228,155,255,255,190,1,0,141,255,173,120,116,218,255,132,85,255,209,98,0,0,255,192,192,190,65,255,0,205,192,128,1,0,140,255,255,144,255,156,167,137,173,0,0,107,104,83,0,0,255,0,0,137,100,142,233,255,255
156,7,154,92,157,0,164,66,190,196,93,44,170,220,43,26,172,140,124,197,103,195,156,30,69,178,97,236,195,110,0,53,57,0,71,183,124,68,198,210,168,196,0,207,59,184,64,171,14,237,204,0,160,137,199,129,69,78,0,137,33,55,0,86,255,0,173,0,151,126,219,134,255,255,133,36,0,229,209,94,121,57,222,255,150,15,255,247,88,0,4,255,217,123,249,13,255,0,206,218,152,0,78,244,219,255,155,245,165,156,186,173,0,0,149,62,109,0,51,255,94,0,42,135,171,69,255,255
158,14,164,74,191,36,173,71,191,220,64,76,171,204,5,46,139,165,161,222,111,130,114,54,80,177,92,255,195,82,0,21,50,2,59,195,131,84,255,208,172,205,0,198,81,106,19,187,109,255,255,39,205,88,205,72,107,117,0,206,141,0,0,80,255,0,110,85,179,52,239,102,255,255,232,53,0,174,255,189,151,112,208,255,46,117,255,227,76,0,56,255,255,176,152,159,255,0,255,243,119,0,34,79,255,255,234,195,209,132,177,243,0,0,13,60,93,0,67,244,0,13,35,44,185,227,255,255
157,12,170,60,203,57,168,79,208,246,59,88,164,238,3,50,139,191,177,255,120,120,112,56,100,188,116,255,222,113,0,0,84,0,57,170,78,83,255,216,92,205,0,189,148,96,51,208,86,255,255,84,152,114,223,126,75,166,1,203,119,0,0,116,226,0,149,96,241,24,255,98,255,255,215,33,0,139,244,222,109,76,210,255,104,73,255,177,70,0,26,255,255,176,115,98,255,0,255,224,140,0,20,119,255,255,196,210,255,91,78,198,0,0,31,67,67,0,0,255,15,38,144,54,160,110,255,255
159,11,157,90,176,19,185,79,169,219,120,56,163,222,63,14,157,141,136,192,114,172,165,29,60,227,72,205,177,117,0,71,113,16,88,152,139,77,193,220,226,140,0,233,43,146,24,155,16,231,204,25,172,74,194,138,47,141,35,119,41,46,0,121,255,32,236,80,109,70,168,70,255,255,162,31,39,244,143,125,182,92,177,255,110,99,226,192,45,0,154,255,167,159,190,125,255,0,112,186,189,0,106,129,209,255,233,214,243,202,165,201,0,0,69,22,63,0,53,212,31,0,0,97,150,110,255,255
157,10,169,68,200,36,185,72,207,231,32,85,183,212,0,47,149,175,163,237,138,114,114,64,96,175,74,255,163,63,0,0,37,12,73,183,102,74,255,208,157,225,0,173,142,60,0,232,72,255,245,47,210,100,201,50,41,137,9,252,142,0,0,65,255,0,165,151,240,22,218,50,255,255,239,80,0,182,255,191,165,129,238,255,43,89,255,204,62,0,52,255,255,173,185,101,255,1,255,255,65,0,45,76,255,255,255,121,255,8,154,216,0,0,0,40,62,0,0,215,0,22,49,87,217,158,255,255
157,15,162,59,209,46,175,65,201,237,39,99,174,234,0,42,167,170,184,225,98,133,111,77,120,143,137,255,206,77,0,0,30,38,38,125,47,128,255,226,83,180,0,217,196,120,31,230,104,255,222,79,152,165,149,75,87,108,0,208,108,22,12,45,218,0,87,145,255,10,255,53,255,250,252,34,0,77,154,222,106,220,238,255,136,150,255,230,102,0,0,255,217,131,71,135,247,0,255,148,214,0,55,159,255,255,196,234,255,171,19,192,0,0,153,93,67,0,0,196,0,0,74,165,149,149,255,255
160,8,176,72,203,96,132,83,195,180,75,105,146,180,41,90,115,138,195,178,29,173,112,128,63,213,156,122,210,128,58,115,143,99,35,105,87,62,204,89,94,221,7,214,85,148,65,173,110,255,225,101,130,87,133,83,161,117,0,194,117,75,19,217,124,58,133,136,125,157,203,185,247,221,91,0,0,255,167,118,92,103,209,255,104,90,107,255,186,45,117,255,211,170,73,164,145,0,255,198,111,112,61,62,187,164,136,185,177,121,169,251,70,84,153,40,123,175,0,109,108,151,84,42,58,67,47,255
148,6,173,58,182,34,149,64,207,254,61,88,170,207,0,0,161,180,172,222,94,146,135,55,119,177,89,255,237,176,0,0,40,0,22,207,107,61,255,207,110,255,0,191,130,92,77,190,112,255,255,0,209,151,173,7,118,114,0,208,110,53,0,126,231,0,190,32,255,0,250,93,255,255,185,44,0,195,242,255,87,0,208,255,116,0,255,255,244,47,0,255,255,121,171,0,215,0,255,255,193,0,216,189,255,163,138,201,224,0,245,255,143,39,23,181,177,0,0,238,53,35,241,110,62,67,152,255
150,11,174,69,191,11,151,56,205,222,74,83,185,222,1,24,153,190,176,184,86,140,153,60,90,213,82,254,237,138,0,10,50,0,64,189,121,49,222,254,109,243,0,240,84,107,81,176,5,255,254,0,194,171,195,44,85,215,0,210,108,0,0,90,255,0,175,6,255,5,223,69,255,249,223,49,0,155,240,255,82,103,174,255,138,19,255,255,202,0,0,255,255,192,173,0,254,0,255,255,170,65,161,119,255,230,220,208,126,28,249,255,67,0,73,255,34,0,0,255,14,70,141,79,209,166,255,255
149,9,173,74,171,0,132,49,230,239,64,94,200,232,0,0,142,185,192,190,84,166,165,54,108,186,70,255,255,130,0,0,70,0,19,199,67,64,255,233,112,255,0,243,136,146,79,179,0,255,240,0,184,214,213,82,79,112,0,220,134,0,0,44,255,0,182,0,255,10,236,158,255,249,220,55,0,135,212,255,133,52,130,255,215,0,255,255,210,0,0,255,255,232,202,0,225,0,255,255,163,73,118,118,255,244,154,245,76,44,166,174,19,0,130,244,0,0,0,255,62,125,225,118,170,117,255,255
150,8,166,65,180,30,143,56,220,233,80,76,176,227,0,6,163,163,178,203,77,156,173,87,123,202,124,255,239,164,0,19,52,0,65,181,88,32,255,227,110,196,0,248,119,133,114,187,44,255,248,0,124,120,229,62,120,124,0,159,83,15,0,115,220,0,178,0,255,19,249,96,255,255,181,19,0,205,224,253,54,61,226,255,123,0,255,255,183,0,0,255,255,127,199,0,255,0,255,220,221,44,82,166,255,255,160,255,183,34,191,210,0,55,74,179,82,0,0,255,14,33,241,76,135,170,255,255
152,10,174,62,183,37,153,53,221,249,69,100,171,253,0,12,160,178,192,195,90,164,168,109,127,191,112,255,255,173,0,5,76,0,36,168,66,72,255,236,112,174,0,255,162,135,125,194,52,255,255,1,122,169,222,74,135,133,0,180,108,71,0,93,251,0,192,33,255,10,255,32,255,255,204,18,0,170,212,237,91,134,212,255,148,0,255,255,189,0,0,255,255,112,172,0,200,0,255,241,236,4,126,186,255,255,193,238,226,0,120,175,0,20,72,211,33,0,0,255,28,12,233,64,94,128,255,255
150,8,176,48,229,76,142,84,245,236,84,104,177,254,14,83,130,214,203,222,88,124,85,149,129,173,136,255,255,128,0,22,125,0,53,130,70,65,255,150,4,221,0,188,80,87,136,245,85,255,255,100,79,181,255,145,105,105,0,230,204,0,0,165,166,0,205,73,207,54,255,204,255,178,124,0,0,226,255,253,0,0,187,255,42,55,255,255,82,0,0,255,255,232,60,113,99,0,255,217,76,0,144,3,255,246,117,208,141,95,197,255,24,0,170,112,45,0,0,255,24,102,91,0,255,0,224,255
159,5,200,12,222,137,145,18,211,255,23,123,83,255,127,207,68,255,255,225,176,13,178,132,109,255,87,255,255,6,0,0,255,0,8,0,0,0,255,241,0,110,0,255,255,49,31,255,0,255,255,255,0,214,255,190,94,31,0,126,45,0,0,255,255,208,255,243,255,163,208,255,97,11,0,20,0,0,25,255,0,0,255,255,255,0,255,9,71,0,47,222,35,62,0,255,161,254,255,0,0,255,185,16,255,255,0,164,255,19,201,143,0,0,255,54,177,255,0,111,255,255,0,0,255,0,255,255
159,8,179,50,188,93,130,42,222,250,60,104,115,249,39,116,124,221,235,215,74,127,185,100,93,215,119,208,246,130,0,16,152,0,71,84,0,0,255,156,0,151,0,204,175,148,134,255,0,255,255,176,0,170,255,153,136,63,0,128,93,0,0,255,191,78,217,60,255,82,171,255,255,215,11,0,0,125,171,255,0,46,255,255,155,4,255,133,147,0,4,255,157,173,70,148,199,41,110,131,42,247,86,43,255,255,0,242,203,64,144,45,24,0,255,98,51,115,0,255,255,189,95,64,255,0,229,255
153,9,175,57,185,29,156,69,217,255,61,98,169,237,0,0,143,166,165,218,113,153,152,58,130,178,105,255,255,152,0,0,87,0,38,193,117,103,255,255,167,223,0,255,143,113,125,170,100,255,255,0,183,197,193,50,107,127,0,171,134,103,0,44,252,0,207,30,255,0,236,104,255,255,255,31,0,129,255,171,167,107,174,255,114,0,255,255,96,0,0,255,255,139,138,0,255,0,255,255,209,0,109,204,255,255,174,199,208,38,44,129,0,0,39,186,140,0,0,255,39,0,255,97,55,148,255,255
153,10,174,58,186,38,160,72,209,255,63,90,168,229,0,21,142,174,159,220,118,145,141,51,114,190,93,255,237,144,0,0,63,0,44,210,109,79,255,249,169,229,0,221,126,114,92,182,94,255,255,0,202,133,218,28,110,135,0,182,137,41,0,80,238,0,195,7,255,6,243,114,255,255,221,50,0,194,255,242,163,35,201,255,79,0,255,255,173,0,1,255,255,130,174,0,255,0,255,255,221,0,174,186,255,255,172,169,175,2,134,193,47,0,0,181,164,0,0,236,37,14,255,5,115,151,247,255
152,10,173,58,194,42,162,68,220,253,68,93,166,231,0,23,160,157,165,225,97,154,134,85,114,179,117,255,253,166,0,0,80,0,39,176,99,108,255,213,141,199,0,250,136,112,116,166,112,255,243,0,189,195,214,49,116,136,0,161,129,68,0,80,227,0,182,48,255,0,245,98,255,255,234,43,0,180,254,179,113,85,189,255,91,0,255,255,140,0,0,255,255,151,129,19,227,0,255,255,218,0,97,185,255,255,165,207,236,65,79,134,16,23,70,181,117,0,0,255,52,0,233,74,97,92,170,255
149,12,183,49,230,49,170,103,217,251,76,112,182,230,11,69,157,190,175,207,119,168,82,96,114,158,71,255,255,146,16,0,101,0,39,235,93,118,255,169,127,255,0,211,88,82,99,141,122,255,217,0,255,255,165,70,112,100,0,253,195,0,0,89,162,0,170,87,255,15,224,74,226,189,250,0,0,238,255,204,76,19,183,255,0,35,255,255,151,0,35,255,255,239,61,100,153,0,255,255,120,0,148,82,255,168,250,198,215,176,143,204,0,0,158,171,186,0,0,255,81,37,27,20,232,0,197,255
150,12,173,56,236,62,168,85,224,239,74,104,180,255,0,62,182,168,202,233,97,146,67,112,104,178,123,255,224,129,0,0,102,23,35,89,84,176,255,167,87,248,0,250,109,44,94,178,144,255,206,0,255,255,205,125,61,157,0,255,187,0,0,63,191,0,144,175,252,60,255,102,240,225,255,0,0,162,255,150,0,70,135,255,75,150,255,255,71,0,1,255,255,218,38,152,90,0,255,255,174,0,0,103,255,255,255,255,255,255,150,165,0,0,162,250,144,0,0,255,0,0,72,109,204,28,159,255
156,8,187,33,225,121,160,35,225,255,56,115,113,255,59,139,107,255,255,242,153,75,174,113,139,226,80,255,255,147,0,0,193,0,50,55,0,0,255,216,0,139,0,255,192,62,83,255,0,255,255,220,12,249,255,241,121,106,0,87,128,0,0,255,255,37,255,150,255,96,173,246,173,182,37,0,0,24,136,255,0,0,255,255,125,0,255,121,190,0,0,255,139,129,0,91,111,64,87,173,7,157,172,103,255,255,41,220,226,54,113,155,0,0,255,189,51,104,0,255,247,158,0,0,255,0,255,255
159,10,187,31,212,103,130,50,218,255,36,122,103,255,60,172,107,254,255,237,104,95,129,79,107,237,133,255,255,83,0,0,173,0,24,64,0,0,255,196,0,138,0,226,232,124,83,255,0,255,255,255,0,206,255,183,109,95,0,116,98,60,0,255,232,128,194,94,255,166,241,197,229,90,2,39,0,49,106,255,0,0,255,255,255,0,240,15,41,0,69,255,132,157,0,224,255,98,249,113,1,248,112,27,255,255,0,228,209,42,120,67,0,0,255,50,134,156,0,178,255,231,0,106,242,0,244,255
151,5,176,47,193,67,127,37,233,235,52,95,143,228,44,68,121,210,229,182,87,96,154,110,115,195,133,231,254,150,0,4,116,0,53,93,42,0,255,187,0,173,0,229,187,155,117,255,0,255,255,110,28,177,255,62,115,91,0,189,73,11,0,255,199,0,230,103,255,0,226,151,245,239,44,0,0,123,209,255,0,20,255,255,214,0,255,159,127,0,0,255,184,145,107,107,152,24,171,127,31,117,136,134,255,255,58,88,186,61,180,218,0,0,161,98,125,132,0,255,190,104,27,2,178,0,255,255
151,8,179,54,201,45,160,81,229,255,74,109,172,252,0,36,159,174,173,227,102,152,145,112,137,171,116,255,255,168,0,0,97,0,47,199,72,109,255,206,137,222,0,255,134,112,137,166,122,255,252,0,197,207,228,48,124,143,29,205,162,74,0,96,189,0,210,31,255,0,255,67,255,255,255,23,0,236,255,208,12,46,201,255,61,0,255,255,123,0,0,255,255,172,171,5,189,0,255,255,228,0,97,214,255,228,232,255,223,73,62,139,0,0,98,198,90,0,0,255,62,23,216,56,131,62,155,255
150,10,185,60,193,24,153,58,237,255,78,114,166,255,0,26,157,197,203,202,120,151,161,106,116,187,66,255,255,177,0,0,101,0,19,141,89,106,255,255,94,218,0,255,182,105,142,186,35,255,255,0,239,253,205,49,125,176,0,247,127,20,0,83,255,0,206,89,255,0,255,9,244,236,255,22,0,187,255,250,76,108,152,255,133,35,255,255,164,0,0,255,255,187,144,16,159,0,255,255,205,0,142,112,255,231,255,253,255,63,98,122,0,0,74,255,44,0,0,255,0,75,156,40,176,114,255,255
152,9,170,59,191,44,151,64,213,245,59,102,173,234,0,45,170,144,160,189,87,161,151,84,110,197,124,254,255,169,0,7,52,0,74,225,68,77,255,146,125,180,0,235,158,146,152,156,111,255,187,13,96,127,176,25,126,89,55,201,125,86,0,60,168,0,129,45,255,0,226,53,255,255,189,55,0,222,209,232,0,88,241,255,141,36,255,255,138,0,0,255,229,116,170,31,144,23,248,242,127,0,56,186,255,255,185,175,241,74,147,184,0,78,103,74,148,0,0,255,109,0,102,80,102,69,115,255
154,9,170,61,169,24,148,61,225,255,51,95,166,229,0,0,156,159,144,203,83,159,179,56,142,177,135,255,255,152,0,0,86,0,83,197,78,54,255,248,160,198,0,255,143,192,173,208,60,255,213,0,99,161,230,56,109,118,15,132,115,125,0,54,255,0,249,0,255,7,242,104,255,255,219,15,0,126,207,252,141,153,237,255,130,0,255,255,100,0,0,255,255,72,203,0,234,0,238,212,224,0,125,194,255,255,79,231,226,0,103,89,28,0,71,181,0,0,0,255,110,0,255,200,100,170,174,255
150,9,174,61,174,9,177,62,228,255,65,94,177,255,0,0,183,181,171,198,120,163,207,90,134,179,115,255,254,145,0,0,75,0,57,192,66,61,255,255,191,162,0,255,152,171,164,195,27,255,250,0,142,161,251,77,98,148,4,161,75,129,0,91,255,0,255,0,255,71,255,0,255,255,255,25,0,188,156,255,160,130,196,255,74,0,255,255,148,0,0,255,255,33,254,0,255,0,255,183,255,0,255,255,255,255,203,253,248,0,135,161,0,0,38,224,0,0,0,255,0,0,127,67,79,252,255,255
154,10,169,64,181,31,147,65,214,236,74,74,174,221,9,18,131,187,159,225,101,149,145,56,97,183,106,255,230,166,0,0,65,0,40,185,120,44,255,235,141,207,0,214,91,131,104,188,50,255,255,20,160,124,235,87,91,181,0,214,125,0,0,114,219,0,193,5,236,0,217,168,255,255,192,40,0,170,255,222,115,40,222,255,102,0,255,255,112,0,0,255,255,186,205,0,255,0,253,238,139,0,52,157,255,255,148,219,115,60,131,241,58,11,0,145,95,0,0,255,69,85,247,3,188,163,255,255
152,18,175,69,240,50,176,89,209,211,66,93,196,204,7,50,186,165,178,220,65,159,117,109,94,147,117,232,176,114,17,0,72,30,60,153,118,142,194,196,116,245,0,227,34,40,27,175,115,255,184,23,255,255,189,88,102,98,6,209,195,0,0,104,234,12,176,155,255,7,214,122,255,227,244,48,0,96,193,228,150,140,187,255,24,106,248,255,183,0,0,255,255,194,55,123,201,0,255,255,142,0,131,140,254,255,212,192,235,187,235,203,31,0,235,255,84,0,0,255,0,70,6,168,255,31,165,255
153,15,175,61,217,54,161,78,216,224,62,100,192,230,0,52,167,178,179,209,83,172,127,137,106,154,129,255,234,147,0,3,75,13,68,221,75,100,255,178,125,203,0,255,113,94,89,148,111,255,227,10,189,183,175,68,121,107,45,218,174,14,0,112,159,0,173,90,255,32,240,78,255,232,220,23,0,196,212,203,98,109,248,255,25,52,255,255,210,0,0,255,230,196,137,47,205,0,255,228,162,0,66,212,255,210,249,255,186,149,103,236,0,27,186,160,120,0,0,255,131,37,95,90,158,86,181,255
158,1,214,0,224,149,138,30,210,255,0,154,62,255,147,239,61,255,255,223,194,8,154,149,124,247,99,255,255,6,0,0,255,0,0,0,0,0,255,207,0,105,0,255,255,64,16,255,0,255,255,255,0,243,255,109,103,20,0,179,79,46,35,255,255,222,255,255,255,203,253,223,51,0,0,57,0,0,107,255,0,0,255,255,255,0,247,0,20,0,178,187,83,13,0,255,255,255,255,63,0,255,255,21,199,255,0,48,255,1,255,190,0,0,255,19,255,255,0,76,255,255,0,0,183,0,255,255
155,9,191,35,203,115,103,29,208,254,44,111,93,255,102,158,110,235,255,207,100,101,161,131,103,227,162,234,235,92,0,11,217,0,0,2,0,0,255,163,0,183,0,226,198,129,83,255,0,255,255,198,4,214,255,83,108,13,0,211,49,20,0,255,218,104,236,205,255,64,255,220,181,177,10,16,0,119,148,255,0,0,255,255,255,0,255,100,107,0,69,243,134,184,0,178,149,138,202,139,0,240,117,138,231,255,0,135,140,133,162,201,10,0,255,92,255,255,0,180,255,207,0,0,202,0,255,255
152,11,170,76,225,90,108,102,210,196,97,105,158,191,44,87,148,112,169,188,48,198,89,149,70,199,170,144,189,125,108,86,153,31,82,72,98,131,204,61,59,255,0,187,104,117,170,122,121,255,162,121,109,171,174,95,99,22,27,225,204,87,20,221,173,27,141,95,188,120,228,166,219,255,110,48,0,221,134,207,15,63,184,150,169,127,138,142,68,0,48,255,154,161,35,205,66,0,192,228,168,22,90,51,187,255,163,141,185,193,240,121,94,60,255,164,200,135,0,254,113,78,41,106,175,0,0,255
150,3,164,68,188,60,61,91,204,205,99,89,149,190,71,27,97,120,160,141,69,142,113,118,118,187,219,137,157,183,70,143,154,43,50,106,161,27,254,80,26,202,20,147,128,173,152,126,0,255,169,36,28,104,111,0,140,70,26,255,149,75,0,251,149,65,218,60,144,41,205,188,210,208,51,86,0,250,206,248,0,35,211,30,178,38,196,207,84,40,104,224,211,131,106,160,24,21,144,225,115,69,168,3,221,255,102,7,181,255,255,255,246,42,193,51,255,255,0,255,138,126,27,55,90,5,55,255
148,2,165,43,197,75,95,67,229,228,71,113,150,238,46,70,123,172,174,187,63,149,74,105,145,213,191,199,214,151,1,67,158,0,38,59,94,12,255,131,0,203,0,121,132,146,114,234,0,255,255,90,0,141,240,98,95,51,0,232,170,80,0,255,190,0,198,99,135,55,255,200,254,243,86,25,0,224,232,255,0,0,224,176,253,0,255,144,68,0,0,255,255,208,145,108,53,0,195,241,129,113,159,35,255,255,12,72,99,127,255,255,104,0,242,84,221,248,0,255,179,85,21,54,82,0,141,255
147,4,151,58,194,73,128,67,203,246,87,100,172,255,25,46,142,179,198,177,109,173,115,104,133,199,142,233,174,125,0,82,96,0,69,131,43,0,255,90,30,195,0,156,126,119,131,230,0,255,255,45,0,0,255,107,93,36,0,255,93,0,0,215,137,0,116,115,146,42,173,234,165,203,184,0,0,228,205,255,0,0,252,207,162,143,255,158,113,0,10,237,120,173,159,68,59,33,220,236,109,148,71,0,255,255,72,223,146,221,244,255,0,0,170,0,183,134,0,255,91,42,0,0,113,59,255,255
149,6,164,60,212,89,84,101,201,207,102,125,139,209,51,66,171,128,119,191,34,193,68,105,136,175,222,142,180,152,111,117,181,0,57,80,145,107,217,55,62,239,0,98,71,131,183,156,110,249,162,58,22,177,183,91,128,27,39,243,222,129,0,176,129,31,204,82,101,92,255,185,255,255,73,61,14,238,120,255,0,55,149,56,155,45,172,195,77,59,20,255,255,171,103,185,0,0,171,255,226,29,183,50,255,255,54,175,183,136,255,181,255,22,216,163,207,255,0,255,90,85,50,136,138,0,0,255
150,2,160,55,208,98,84,104,191,191,93,137,139,171,68,76,160,108,140,157,70,191,42,98,121,147,205,131,170,162,141,93,114,70,56,111,123,75,247,0,78,241,0,65,130,160,173,154,63,179,188,69,25,134,97,0,188,37,27,255,211,137,48,226,105,72,109,71,164,77,196,182,197,251,67,132,0,194,189,255,0,71,255,49,175,29,127,139,120,111,117,255,231,130,62,255,0,120,228,255,187,6,181,78,188,206,106,68,229,225,255,255,255,0,214,0,227,255,0,255,196,78,0,118,78,0,0,255
149,5,168,55,212,88,68,111,210,195,113,136,140,197,85,79,131,139,132,179,36,212,59,123,126,186,222,164,175,138,91,133,178,0,42,88,162,94,198,79,79,245,0,101,44,124,146,146,78,255,204,61,38,152,166,84,149,73,11,255,255,99,0,229,165,38,198,26,92,53,255,224,255,255,64,102,26,167,199,255,0,57,146,22,173,53,198,179,56,96,47,248,255,196,116,204,0,0,211,255,205,4,161,17,255,255,68,138,101,151,255,250,255,42,192,122,255,255,0,255,108,113,68,96,140,2,11,255
153,7,156,65,190,63,137,60,209,244,81,83,192,255,0,18,162,184,197,217,119,171,164,96,110,213,104,217,198,118,0,38,78,0,92,126,0,0,255,148,28,200,0,178,155,75,103,255,0,255,208,111,0,35,235,200,62,13,0,209,57,0,0,128,159,0,126,47,215,92,177,168,255,236,154,0,0,190,147,255,0,25,227,255,170,147,255,165,87,0,0,255,255,220,166,0,157,0,192,194,111,159,5,13,255,255,178,255,220,93,134,255,0,0,167,0,8,0,0,255,70,73,97,22,178,1,255,255
149,5,162,53,202,72,128,77,208,246,88,114,161,255,35,59,148,171,152,203,95,180,96,96,126,219,132,239,195,160,15,47,120,0,61,134,96,82,255,136,69,209,0,133,126,119,132,248,0,255,255,46,39,103,255,106,93,33,0,205,142,0,0,147,176,0,147,65,177,22,234,230,255,255,165,0,8,244,255,255,0,0,199,255,180,31,255,222,151,0,80,255,205,236,92,25,147,0,134,255,171,84,113,37,255,255,90,150,160,123,152,255,65,58,128,110,159,26,0,255,90,88,52,0,182,0,205,255
154,5,163,71,188,60,136,57,233,194,70,84,166,209,0,54,149,133,221,183,39,155,139,85,103,175,160,161,192,12,0,119,131,26,115,114,28,52,233,76,12,156,0,173,149,128,79,228,75,255,219,92,44,40,129,96,149,25,0,247,54,30,9,175,174,0,68,87,180,75,255,148,255,253,26,0,0,140,173,166,0,123,255,216,191,119,203,222,52,0,0,255,192,251,94,117,134,0,174,60,160,146,101,176,255,255,128,206,103,201,221,173,55,126,233,0,208,228,0,171,71,38,3,50,139,177,255,255
154,6,173,39,197,70,147,52,241,249,33,138,152,255,20,97,110,214,213,219,108,114,150,74,147,194,143,255,243,80,0,0,76,0,58,148,8,0,255,163,0,155,0,228,245,106,81,255,0,255,255,186,0,149,255,109,113,72,0,248,128,0,0,243,205,0,82,59,255,41,255,158,255,131,106,2,0,86,234,255,0,0,255,255,240,20,255,81,44,0,0,255,129,194,65,114,255,0,251,158,121,155,0,97,255,255,0,237,202,114,107,98,0,0,255,0,74,0,0,255,176,161,0,109,189,104,255,255
155,7,172,51,194,46,144,40,255,238,40,122,177,255,0,51,116,200,218,213,93,114,152,87,144,173,140,255,214,65,0,10,60,10,87,136,0,32,255,162,0,119,0,218,255,115,52,255,0,255,255,163,0,127,228,103,108,110,0,255,96,0,0,193,229,0,88,90,255,0,243,109,255,196,95,0,0,0,206,228,0,142,255,255,255,79,255,158,22,0,0,255,190,255,96,79,251,0,227,112,180,84,1,166,255,255,85,196,153,82,81,99,0,0,227,0,9,0,0,255,77,95,135,70,245,150,255,255
152,9,164,68,176,28,167,53,199,248,74,85,172,243,0,8,185,150,171,191,116,163,159,68,98,208,92,253,194,131,0,14,57,0,45,158,92,67,255,214,162,177,0,234,140,130,89,187,59,255,233,0,158,72,206,65,103,110,0,141,54,0,0,72,247,0,121,46,255,74,255,4,255,255,217,19,0,234,215,244,130,109,201,255,105,48,255,255,191,0,0,255,244,95,151,23,255,0,255,255,235,42,151,119,255,246,208,203,255,24,255,203,0,0,42,99,95,0,0,255,0,0,138,9,59,220,255,255
149,7,167,35,248,95,191,99,166,245,55,113,194,178,0,68,242,141,127,225,142,150,64,117,177,80,83,236,217,67,149,41,15,50,19,219,99,151,166,160,120,255,0,102,111,0,0,204,255,238,138,0,255,202,70,0,106,0,0,191,167,29,99,125,30,0,21,171,255,107,255,85,210,255,254,0,0,215,148,251,0,0,229,255,0,0,255,255,255,140,12,255,255,54,0,84,147,77,255,255,255,0,255,255,255,190,203,252,255,229,255,255,221,13,96,45,254,0,94,115,50,0,9,0,85,0,0,255
151,11,168,58,213,60,190,74,179,237,55,87,181,200,0,48,199,146,162,212,107,141,123,67,104,182,89,251,214,98,23,25,34,4,30,181,91,112,203,198,148,248,0,192,101,36,0,175,183,255,192,0,254,151,135,13,79,126,19,204,118,18,10,111,197,0,82,123,255,86,242,22,255,255,255,43,0,215,182,255,33,47,174,255,4,32,254,255,208,5,0,255,255,75,97,50,204,3,255,255,251,0,169,206,255,255,230,198,255,75,255,255,64,33,16,110,117,0,0,164,0,0,46,8,112,120,15,255
153,11,149,78,192,44,158,77,154,215,108,78,186,239,3,14,206,125,167,184,96,187,149,50,94,228,73,162,155,129,23,33,59,0,26,84,148,77,162,231,169,235,0,162,47,32,65,154,66,255,215,0,158,88,207,136,46,87,12,179,74,0,0,72,187,0,131,55,215,128,204,121,255,255,246,67,0,232,153,253,36,15,121,255,107,76,255,255,108,0,30,255,254,89,91,31,255,11,255,236,186,156,175,101,255,246,255,199,221,222,255,255,0,11,50,84,116,0,55,149,8,126,108,0,205,224,175,255
155,3,162,83,168,31,175,67,162,219,72,46,181,238,40,40,162,173,156,228,160,133,96,33,72,206,31,255,229,108,0,4,37,18,18,166,141,116,240,170,163,255,0,162,141,75,20,173,120,183,235,0,204,60,172,135,25,103,28,209,86,37,0,113,234,0,139,124,209,74,230,74,255,255,69,30,0,255,255,124,113,0,202,255,99,0,255,255,134,67,31,255,255,71,183,0,255,50,172,255,191,0,186,255,255,147,244,129,243,65,255,244,0,0,0,0,230,43,0,215,64,45,250,26,109,39,255,255
152,4,169,74,175,42,153,63,185,218,70,76,167,224,17,20,174,181,178,205,114,150,141,75,96,220,74,217,184,156,0,5,43,20,63,164,115,37,255,182,118,245,0,158,155,103,70,229,43,255,237,0,143,32,195,48,95,135,0,214,78,0,0,148,247,0,174,89,255,68,212,49,255,255,162,69,0,255,255,251,52,0,221,255,122,0,255,255,189,15,44,255,255,89,205,0,255,0,255,255,137,0,155,176,255,134,209,140,255,0,255,255,31,0,0,107,165,0,0,243,0,78,152,1,68,134,255,255
155,12,166,65,206,58,182,85,186,239,80,81,156,240,6,34,190,150,171,224,122,151,132,55,90,207,86,255,221,139,16,0,61,0,38,139,92,95,255,164,156,201,0,226,107,66,106,170,130,255,234,21,190,148,218,87,47,115,8,183,112,32,0,91,226,0,131,123,248,100,213,47,255,245,255,57,0,238,206,207,67,78,135,255,75,82,255,255,41,0,13,255,255,94,122,81,184,0,255,254,207,0,104,137,255,255,234,166,249,106,137,213,0,0,26,159,60,0,0,255,0,0,102,61,141,51,200,255
154,4,164,83,165,14,168,49,188,230,63,69,185,253,0,0,178,167,160,207,135,150,139,46,74,233,52,198,173,121,0,20,52,0,57,128,121,86,255,195,160,213,0,183,167,106,38,208,5,255,225,0,154,9,179,100,19,171,0,223,37,0,0,64,255,0,193,115,184,92,244,33,255,255,165,11,0,251,239,222,126,31,176,255,150,16,255,255,151,0,45,255,241,118,232,0,255,0,232,255,119,69,142,172,255,210,255,181,255,48,255,255,7,0,0,45,133,0,0,255,16,7,83,25,56,255,255,255
153,9,167,69,181,31,165,73,184,237,74,83,160,230,0,22,179,159,179,233,118,142,132,45,111,201,79,255,212,127,0,0,36,0,8,154,134,88,255,188,150,231,0,181,144,111,72,176,120,255,255,0,211,94,167,44,100,160,0,211,112,2,0,74,255,0,92,76,204,67,255,83,255,255,234,53,0,252,255,183,84,45,167,255,59,0,255,255,128,0,23,255,255,115,118,24,255,0,255,255,217,0,142,186,255,206,219,190,172,65,255,255,0,0,9,62,133,0,0,252,0,62,232,0,125,219,255,255
152,0,170,36,197,72,139,45,249,243,47,119,157,252,15,89,102,233,226,226,102,106,164,80,143,199,110,255,255,133,0,14,86,0,93,147,13,0,255,183,0,182,0,218,216,70,79,255,0,255,255,196,0,139,255,117,109,88,0,211,143,0,0,255,198,0,159,25,255,0,228,230,255,177,59,8,0,55,251,255,0,0,255,255,248,0,255,87,109,0,0,255,174,214,93,40,239,0,135,159,128,147,30,79,255,255,0,201,153,62,112,161,0,0,255,0,63,0,0,255,202,199,53,174,212,0,255,255
154,9,166,51,202,48,144,54,244,222,45,102,189,238,1,46,111,199,193,233,81,118,143,72,131,168,178,249,212,78,0,8,57,0,81,155,35,14,255,204,0,163,0,198,191,93,37,255,0,255,255,160,16,151,223,128,90,138,0,255,141,0,0,198,217,0,82,40,224,3,248,150,255,197,125,37,0,25,221,252,0,71,255,255,255,74,255,125,17,0,0,255,185,255,115,60,255,0,255,127,131,69,0,164,255,255,56,199,126,128,67,167,0,0,255,0,30,0,0,255,87,125,83,140,230,160,255,255
154,7,163,67,179,28,152,52,207,245,77,82,166,255,0,2,178,145,202,235,100,157,182,50,125,241,100,255,215,137,0,0,79,0,39,64,80,92,255,252,111,221,0,255,178,49,93,186,84,255,207,0,158,157,212,161,56,130,0,204,93,11,0,27,255,0,126,63,250,91,255,113,255,255,255,42,0,163,255,112,0,104,130,255,187,61,255,255,22,0,0,255,255,164,140,0,255,0,225,190,255,48,0,222,255,255,222,255,172,190,111,118,0,0,112,149,143,0,0,255,0,58,255,87,109,207,255,255
151,3,160,65,185,38,150,59,199,236,87,67,170,255,0,6,206,159,198,244,108,153,144,77,128,226,93,210,219,168,0,0,38,0,41,96,93,79,255,180,68,217,0,189,194,70,107,189,106,255,173,0,84,61,180,154,74,129,0,208,57,14,0,64,206,0,121,86,249,43,255,22,255,255,170,9,0,255,193,220,0,75,154,255,163,57,255,255,80,0,0,255,255,120,160,0,209,0,244,173,226,44,45,195,255,246,233,255,255,96,251,255,0,0,0,44,192,0,0,255,0,5,255,42,98,165,255,255
154,16,155,62,214,56,177,76,174,255,108,109,203,255,0,48,198,141,169,157,134,226,173,144,118,168,134,230,109,102,9,87,83,43,62,167,57,65,255,168,160,104,0,235,77,104,75,159,52,255,250,9,59,22,171,87,105,53,109,169,94,33,56,108,102,0,141,140,255,7,218,0,181,204,232,15,0,219,118,255,27,199,255,255,50,200,216,219,147,0,0,255,174,96,153,115,159,134,255,216,249,43,187,113,136,255,255,236,248,127,181,255,0,49,136,0,65,0,0,255,117,0,0,0,200,197,93,255
150,13,142,58,217,65,150,95,168,227,120,112,184,235,65,47,150,120,139,143,91,206,90,100,159,164,158,182,104,55,104,104,97,28,86,136,86,49,212,125,161,169,0,134,104,129,81,161,15,255,243,0,22,101,168,59,103,0,134,172,125,69,0,114,98,39,118,98,255,0,204,60,158,232,181,0,73,229,156,214,0,144,255,160,105,159,211,164,108,0,44,255,150,137,120,168,64,87,225,239,255,19,137,72,122,255,255,96,231,159,230,255,0,44,154,0,81,91,0,255,84,0,0,71,147,100,0,255
149,4,158,56,193,63,139,86,210,253,109,95,170,255,27,35,164,164,178,183,114,178,151,109,131,210,131,253,225,159,0,42,114,0,106,125,71,32,255,174,69,180,0,201,120,132,172,222,0,255,234,3,24,84,254,105,104,77,51,169,93,65,0,150,150,0,229,15,255,21,219,114,174,251,167,0,0,217,224,255,0,13,180,242,118,42,255,232,104,0,0,255,227,78,146,31,84,9,198,239,215,47,160,47,255,255,154,157,255,69,182,225,3,31,51,79,128,56,0,255,67,0,39,1,137,28,116,255
154,8,168,58,204,69,138,55,213,210,62,115,201,255,0,85,126,204,166,161,119,158,197,137,129,198,115,248,235,105,0,27,68,0,136,183,45,0,255,235,35,227,0,181,85,66,82,255,0,255,255,48,0,62,255,90,116,1,0,128,142,0,0,203,125,0,148,0,255,150,168,209,255,162,171,0,0,255,255,255,0,24,255,255,14,55,255,255,255,0,0,255,245,172,193,0,255,0,255,255,157,105,57,0,255,255,183,233,106,35,196,255,0,0,96,149,0,0,10,255,22,238,101,0,255,161,255,255
154,17,155,60,229,84,151,102,186,222,78,114,194,217,0,73,182,145,153,194,109,192,101,117,129,140,145,249,170,66,106,48,74,36,43,130,61,94,255,138,143,212,0,155,34,67,70,212,98,255,250,73,115,117,221,93,117,0,8,215,172,0,15,102,137,20,71,119,208,175,239,153,255,148,255,25,0,195,239,255,0,87,214,255,0,197,249,232,68,0,3,255,247,173,87,204,166,16,255,255,188,0,97,17,255,255,251,191,188,204,226,255,0,0,171,107,46,0,102,255,0,121,0,0,255,166,70,255
156,18,158,54,213,68,166,98,195,255,77,123,184,224,0,66,174,150,127,177,132,196,162,121,128,127,152,255,188,70,7,48,86,0,64,185,52,64,255,180,217,142,0,255,36,126,137,208,89,255,255,64,105,93,255,46,119,3,72,140,157,11,15,111,119,0,156,44,255,120,239,96,255,130,255,72,0,213,234,255,13,156,255,255,0,150,249,248,62,0,0,255,181,119,163,199,230,54,255,255,255,0,201,50,255,255,244,206,149,115,108,211,0,0,162,97,0,0,0,255,0,32,0,0,255,223,79,255
153,17,158,56,233,64,154,114,180,210,81,127,187,181,24,84,156,144,120,167,76,191,99,90,127,132,146,205,160,67,97,70,109,23,34,158,118,97,190,190,160,228,0,113,0,74,3,183,67,255,244,32,160,203,179,48,127,49,20,208,194,0,0,168,137,42,116,90,178,65,240,146,255,122,255,46,0,214,255,255,0,94,225,243,0,115,226,255,45,0,14,255,255,203,77,255,213,3,255,255,173,0,134,0,255,255,235,188,111,242,205,255,4,0,166,80,6,0,86,255,0,186,0,5,255,158,26,255
155,20,158,63,213,30,171,94,175,235,82,140,188,204,15,57,148,128,107,140,69,205,163,51,121,166,99,193,107,43,51,76,125,0,24,132,144,93,185,255,255,215,0,167,0,80,0,177,7,255,255,0,156,205,221,32,71,45,54,195,163,0,0,96,185,14,165,85,255,19,253,148,255,144,255,74,0,209,231,255,13,135,222,255,26,114,255,221,0,0,79,255,255,229,171,240,255,0,255,255,179,40,102,0,255,255,255,242,81,255,160,255,0,0,151,122,0,0,98,255,0,180,0,30,255,255,172,255
154,21,158,62,244,73,158,113,189,204,103,120,195,192,40,94,160,145,139,162,66,212,92,117,145,126,155,196,142,64,97,89,128,33,53,151,128,114,185,145,193,189,0,144,0,111,69,184,39,255,255,35,143,213,178,72,131,39,54,211,225,0,0,160,174,68,169,114,183,51,186,169,255,104,255,56,0,212,255,255,20,156,221,255,0,113,173,254,89,0,32,255,215,247,78,218,191,18,255,255,156,0,181,0,255,255,225,171,105,162,255,255,0,0,233,96,0,0,141,255,18,161,0,0,255,148,104,255
157,22,154,66,214,41,157,98,181,216,89,120,191,201,3,65,164,131,130,150,75,218,161,96,124,118,150,227,123,41,57,82,99,0,54,147,97,72,252,229,209,188,0,162,0,117,17,185,31,255,255,18,106,158,188,56,145,25,39,168,153,1,35,83,156,4,111,56,241,58,216,145,255,144,255,72,0,154,237,255,55,255,255,255,0,174,249,220,33,0,0,255,255,222,161,251,255,0,255,255,238,0,61,5,255,255,255,253,99,177,127,255,0,0,190,95,0,0,85,255,0,92,0,7,255,255,138,255
156,19,158,58,227,52,165,106,181,216,69,134,184,183,9,94,151,148,134,175,70,190,123,74,132,134,121,221,159,43,93,51,97,14,18,152,107,105,220,220,177,229,0,127,0,69,0,196,77,255,255,30,161,209,209,41,106,52,13,221,172,0,0,88,148,13,99,115,247,79,244,154,255,118,255,37,0,200,255,255,0,135,230,255,0,160,255,250,15,0,13,255,255,223,121,255,255,21,255,255,143,0,59,0,255,255,255,232,112,237,132,255,0,0,159,102,0,0,100,255,0,184,0,0,255,255,92,255
154,19,155,59,236,54,158,103,193,208,96,129,199,209,13,58,158,130,144,169,65,200,103,103,128,132,155,192,112,50,83,84,112,20,26,87,133,137,198,194,184,217,0,142,0,52,15,197,49,255,255,26,171,220,191,77,110,71,31,236,230,0,2,97,181,41,142,107,186,29,255,151,255,109,255,55,0,154,255,252,31,170,197,255,18,179,186,204,0,0,0,255,255,230,102,241,190,0,255,255,190,0,117,0,255,255,255,201,95,255,192,255,0,0,211,140,0,0,89,255,0,151,0,56,255,255,87,255
152,20,152,60,255,94,135,118,181,191,111,109,195,190,33,86,151,156,162,184,69,201,81,129,151,111,176,177,142,49,121,96,98,102,46,96,94,95,200,147,122,198,0,109,0,53,36,210,35,255,246,95,119,176,169,134,161,33,0,255,237,0,10,207,159,122,106,130,129,143,248,163,255,100,255,57,0,123,239,255,0,119,213,175,0,165,199,242,78,0,0,255,248,180,38,240,88,0,255,255,174,0,140,25,255,255,244,191,101,242,255,255,3,0,228,90,56,0,113,255,0,235,0,0,255,156,121,255
154,18,152,55,237,82,161,107,187,207,98,110,185,207,6,79,156,139,163,185,82,179,90,113,147,120,152,232,184,48,85,86,100,28,48,138,75,101,255,142,174,192,0,200,13,78,59,167,103,255,245,47,151,189,185,80,118,45,66,244,202,0,30,110,126,12,93,103,214,86,228,151,255,135,255,39,0,132,212,232,0,157,227,255,0,177,213,246,19,0,0,255,230,225,92,255,152,0,255,255,230,0,42,64,255,255,255,236,160,230,137,255,0,0,187,76,0,0,60,255,0,72,0,0,255,124,15,255
154,12,165,54,224,108,152,85,202,200,67,121,183,236,30,96,121,210,209,186,113,148,127,138,142,133,164,253,216,66,19,43,92,35,108,143,39,0,255,135,0,188,0,162,125,70,65,255,12,255,255,124,37,101,242,84,174,0,0,224,201,0,0,255,156,11,142,119,255,94,184,169,231,141,103,26,0,192,247,255,0,30,255,255,18,65,255,229,190,0,0,255,215,89,78,81,106,52,255,255,170,0,188,31,255,255,166,87,234,66,238,255,0,0,186,15,44,38,0,242,24,149,0,0,134,69,179,255
155,10,165,56,205,75,154,70,228,235,61,117,183,255,5,64,132,211,197,180,116,142,183,145,132,168,138,255,239,107,0,0,77,0,122,131,16,2,255,190,19,165,0,236,160,117,152,255,0,255,255,107,3,73,255,93,121,66,0,172,129,0,0,164,163,0,212,59,255,19,208,170,255,165,158,0,0,158,255,255,0,66,255,255,45,82,255,226,123,0,0,255,175,86,156,51,147,0,254,195,143,54,121,45,255,255,155,137,238,64,119,245,0,0,150,110,0,0,0,255,31,78,0,0,162,121,255,255
150,10,158,53,202,66,136,79,214,239,72,109,176,234,9,59,155,157,165,166,81,180,147,126,129,169,172,255,223,138,0,54,82,0,81,146,61,53,255,155,90,169,0,240,117,158,169,224,33,255,255,58,48,105,253,38,123,53,19,191,134,39,0,143,134,0,138,50,255,0,249,160,212,196,238,0,0,188,255,255,0,64,242,255,100,90,255,247,117,0,0,255,110,89,127,83,85,0,232,215,210,64,110,85,255,255,102,144,153,165,158,255,5,50,193,90,126,0,0,255,68,10,0,37,143,105,88,255
156,19,160,69,226,83,152,96,185,186,65,111,199,202,0,82,168,143,157,168,95,196,101,131,135,126,168,229,140,32,69,69,88,44,111,168,100,92,227,114,144,212,0,142,54,91,49,216,49,255,230,31,100,96,163,50,160,0,82,200,201,0,28,139,180,30,146,127,207,127,155,130,243,190,211,26,0,187,226,255,40,219,255,255,0,123,161,248,169,0,18,255,255,171,108,142,207,49,255,255,218,0,135,59,255,255,214,177,193,32,255,255,0,0,153,113,28,0,128,225,20,99,0,39,255,210,62,255
158,19,158,78,196,39,156,84,186,216,69,106,182,202,11,57,151,128,138,164,81,197,157,87,101,161,131,226,129,40,4,77,95,2,81,174,113,85,247,184,225,183,0,182,63,117,26,176,5,255,252,30,111,95,206,46,121,26,95,169,140,18,5,80,221,2,171,85,227,36,192,112,255,219,255,66,0,203,222,255,120,255,244,255,1,155,203,186,95,0,42,255,233,176,216,150,255,16,238,255,180,0,70,6,253,255,242,208,130,77,210,183,0,0,148,63,0,0,37,255,3,48,38,119,255,255,236,255
162,10,153,119,182,70,80,67,169,205,83,25,141,161,61,74,126,102,183,129,77,194,198,92,94,164,168,154,143,127,74,108,148,86,182,135,89,45,147,54,67,147,89,168,174,94,147,93,42,209,126,182,21,45,171,87,189,21,97,173,161,78,16,186,148,121,173,156,114,198,44,129,183,247,82,79,50,210,96,215,114,128,192,141,114,164,139,173,130,41,128,255,56,111,129,226,82,63,68,158,61,73,30,0,60,232,156,170,176,173,254,75,0,191,153,0,141,179,13,202,111,165,0,153,209,0,155,255
156,4,164,92,166,62,79,61,172,212,80,33,170,177,49,44,141,102,161,147,76,231,177,90,73,170,155,94,120,129,49,52,123,52,177,143,81,28,182,73,43,182,13,160,178,133,133,188,13,244,146,156,0,56,172,94,117,0,61,196,85,92,0,238,141,135,173,96,255,164,114,107,213,255,70,67,0,205,110,255,0,43,255,141,241,78,123,147,155,95,94,255,90,161,113,96,81,22,189,145,124,81,89,86,55,176,97,182,218,171,239,62,135,18,199,0,251,255,0,185,106,177,42,182,157,15,180,255
159,13,161,96,180,66,123,74,186,232,68,63,149,207,11,32,135,104,157,169,99,255,168,84,73,143,194,111,124,94,110,53,109,0,133,150,108,53,152,128,49,169,43,157,186,133,135,134,103,218,115,100,0,90,113,75,93,0,79,171,171,5,42,143,178,35,111,93,133,182,103,122,255,255,167,74,0,228,140,231,0,143,185,50,182,203,162,220,93,0,48,255,45,212,110,170,103,8,247,156,183,83,101,82,22,255,198,182,210,255,152,34,52,18,166,0,190,86,83,187,54,53,0,201,179,227,88,255
155,6,154,91,194,89,94,74,139,209,99,40,162,171,52,62,144,99,153,161,56,218,149,131,105,177,142,71,134,90,107,105,100,94,190,170,89,78,113,48,111,158,32,167,161,101,110,168,53,224,115,117,54,80,189,136,136,31,109,181,151,70,10,182,126,123,123,121,246,150,65,57,187,255,78,82,0,234,115,231,22,80,202,137,128,168,71,198,178,137,66,255,109,87,125,106,29,33,169,149,235,80,60,58,140,240,171,196,250,149,255,154,127,110,149,0,234,160,17,203,105,18,73,138,112,54,58,255
156,7,167,89,184,70,79,53,192,181,61,44,146,173,42,75,109,100,161,135,83,204,218,125,57,148,194,104,112,108,38,88,191,43,190,74,122,26,187,101,0,182,0,139,191,106,163,140,18,255,133,163,0,79,144,54,119,0,89,198,110,75,23,255,255,48,244,161,236,138,164,58,183,255,48,75,0,174,135,255,7,113,202,45,228,96,55,148,68,26,25,255,125,58,40,192,59,64,227,153,121,0,97,94,71,255,152,149,212,233,255,53,104,29,192,0,255,255,0,197,63,194,0,101,123,54,220,255
151,3,165,75,193,81,61,55,153,200,83,77,128,170,90,85,122,70,91,155,35,233,147,151,105,134,196,60,111,107,91,121,213,23,170,70,135,39,107,37,25,227,0,181,202,223,190,145,126,255,140,126,28,157,115,83,143,0,55,233,166,90,6,254,182,0,151,134,255,36,169,11,184,255,0,95,0,255,111,189,0,25,242,11,246,45,92,96,107,109,66,255,160,98,19,210,71,168,180,145,231,60,104,69,146,255,99,185,255,255,224,93,172,39,216,12,239,244,0,255,244,33,83,156,118,0,127,255
155,2,162,76,191,82,74,65,192,222,82,84,161,174,31,39,152,106,148,173,91,201,159,71,83,189,199,127,133,109,61,88,134,67,121,133,50,41,172,22,0,206,0,81,192,123,147,153,53,255,105,168,2,64,99,110,122,19,30,222,76,128,0,248,136,41,140,142,188,134,163,73,246,255,85,72,0,154,52,255,12,34,235,82,203,99,102,120,141,124,67,255,119,138,94,77,77,115,176,194,136,107,32,117,5,255,153,223,251,162,129,101,163,128,255,0,255,215,0,235,160,189,0,153,135,0,78,255
154,8,170,72,178,75,85,83,192,244,91,71,148,172,54,72,133,119,129,185,78,234,178,82,83,195,219,89,123,75,107,124,175,0,150,118,112,8,145,78,0,255,0,175,142,160,184,140,103,255,107,130,33,100,136,119,89,0,0,228,163,109,0,255,149,39,145,65,255,168,205,96,255,250,30,47,0,255,110,212,0,38,182,0,216,119,62,134,68,138,21,255,207,179,49,28,112,87,220,88,255,105,175,51,0,255,96,210,187,225,255,0,135,0,255,0,232,90,0,139,137,77,16,242,224,59,0,255
150,8,168,58,220,75,102,107,204,199,81,122,162,179,25,68,170,114,132,164,57,188,89,136,112,133,212,127,174,130,108,124,152,42,67,134,115,80,255,54,55,195,0,110,96,131,105,134,110,255,123,70,85,183,100,26,123,56,41,255,206,103,0,229,100,30,163,133,107,47,233,118,211,217,149,96,0,176,153,232,0,92,236,40,107,63,88,223,47,58,35,255,208,132,97,255,3,0,255,237,124,0,129,134,185,255,134,98,206,245,255,248,240,17,247,30,246,255,0,255,132,73,0,65,53,0,0,255
152,9,167,72,227,102,89,124,166,184,129,114,154,108,99,83,122,141,145,187,21,227,66,160,108,163,175,80,149,91,157,149,160,135,69,69,88,113,112,41,133,255,10,161,78,111,47,119,122,218,137,147,134,150,80,63,150,12,40,255,254,109,86,255,148,19,182,0,153,162,170,152,250,235,37,123,0,226,97,166,75,91,255,26,115,109,173,119,161,123,155,255,107,140,72,240,93,45,162,223,255,14,221,76,172,206,166,255,102,194,255,195,255,22,225,54,148,218,0,76,71,60,103,145,111,0,37,255
149,14,151,52,249,96,118,100,166,198,100,113,161,159,62,98,109,160,138,192,22,185,35,139,186,116,168,139,136,53,125,143,104,103,34,131,124,101,112,112,97,242,0,111,37,100,45,181,145,255,215,44,85,167,143,97,127,52,35,255,236,19,0,216,122,54,132,153,174,55,241,153,210,189,189,0,45,181,200,255,0,87,248,101,15,83,199,240,167,23,0,255,223,172,54,191,23,16,255,255,236,0,184,125,202,255,137,226,62,239,255,255,194,65,205,32,202,87,0,255,27,69,0,47,230,125,0,255
151,11,163,45,221,83,132,84,211,227,85,103,173,191,52,87,101,206,170,247,64,149,97,97,130,125,201,255,201,122,0,61,100,53,66,144,101,51,255,145,21,239,0,167,67,104,63,221,112,255,255,115,90,142,183,75,143,123,11,255,238,2,0,255,110,31,172,94,168,0,237,255,255,225,144,37,3,159,255,255,0,19,255,227,102,65,255,168,104,0,0,255,226,255,104,136,83,0,181,216,179,0,84,134,255,255,69,215,36,226,145,255,153,118,173,7,133,0,0,255,37,62,6,85,250,11,117,255
151,13,168,44,236,85,146,97,206,229,86,102,178,198,37,94,119,221,173,236,74,151,80,95,125,120,152,255,217,133,22,28,98,55,48,199,85,63,255,155,52,245,0,111,47,97,44,229,114,255,255,107,123,168,180,105,157,92,0,255,254,0,0,232,106,59,174,78,173,0,239,232,255,203,138,3,12,187,255,255,0,0,255,255,19,13,255,219,161,0,0,255,255,255,80,123,112,0,176,255,135,0,169,126,255,255,105,212,40,170,215,255,121,66,169,43,134,0,0,255,35,141,19,43,255,0,166,255
149,10,160,43,222,83,112,86,197,206,100,109,163,181,71,85,101,185,158,183,64,154,58,119,142,156,202,196,170,109,8,123,128,38,59,116,130,28,206,138,37,213,0,151,21,106,82,170,92,255,255,61,89,138,169,77,129,131,21,255,251,0,0,255,130,31,183,86,118,0,255,180,255,177,123,34,0,148,255,255,0,52,248,98,98,74,228,225,109,4,0,252,234,215,70,232,45,0,255,218,214,0,139,88,255,255,96,174,33,255,255,255,220,48,144,17,202,79,0,255,18,45,0,28,150,84,95,255
153,17,165,70,237,90,129,99,209,163,76,92,211,189,0,42,133,139,227,195,56,184,103,152,129,96,188,186,165,63,97,69,73,111,97,149,92,133,255,84,15,225,0,148,136,116,18,209,87,255,229,90,56,65,69,48,156,0,1,255,166,11,0,220,167,86,95,181,239,41,210,156,247,191,165,0,63,18,213,207,0,148,255,231,91,91,148,255,101,0,0,247,235,184,28,74,96,0,255,208,154,0,114,255,255,255,255,128,209,179,255,255,34,87,121,120,182,192,0,252,15,151,0,0,241,242,69,255
149,12,143,39,238,92,110,77,164,194,136,58,161,135,90,64,77,166,180,204,26,150,26,139,178,91,189,138,171,79,62,115,89,108,76,130,172,31,132,121,86,228,0,167,38,132,85,167,141,255,248,89,2,152,146,108,126,54,45,255,255,88,0,255,96,120,152,92,179,0,165,190,174,171,84,86,40,110,178,218,0,98,255,35,96,100,204,172,97,120,0,232,241,199,77,220,0,0,204,204,192,0,153,127,221,255,117,178,16,255,230,255,149,112,125,0,135,165,0,233,68,0,0,82,131,0,143,255
151,8,160,49,213,89,83,86,177,200,128,97,142,168,107,64,100,154,142,188,49,161,47,145,137,158,220,149,176,114,54,123,151,68,75,125,162,43,156,92,88,211,0,133,59,150,148,150,105,255,220,73,28,116,130,89,158,92,66,255,229,114,0,255,138,63,167,40,154,0,226,155,239,236,4,130,56,152,195,204,17,101,204,9,147,77,180,162,126,152,0,244,255,167,68,210,0,5,193,236,181,0,164,96,234,255,80,112,130,213,218,255,255,120,116,16,214,255,0,226,94,13,55,58,85,0,107,255
149,2,166,67,202,97,69,79,200,196,87,82,124,200,92,67,87,123,158,172,39,149,101,157,106,181,237,98,151,163,108,135,202,42,51,39,150,67,193,45,2,223,0,172,154,179,204,201,94,255,214,101,11,123,160,105,118,73,10,255,165,90,4,255,199,0,184,139,210,80,255,196,215,251,57,68,0,255,205,255,0,12,191,80,209,30,123,124,35,7,47,255,226,120,54,192,0,44,174,148,87,63,130,85,255,255,31,119,216,150,255,255,227,56,233,0,236,255,0,252,178,115,27,9,95,25,28,255
148,5,169,60,223,71,117,104,208,201,90,92,155,175,35,58,121,165,163,192,34,153,111,127,72,200,136,133,193,171,54,108,131,46,37,143,131,71,247,152,36,255,0,108,57,93,104,202,144,255,140,83,59,128,174,112,92,103,0,255,192,9,0,255,154,20,208,102,150,38,255,112,255,215,102,32,0,255,255,255,0,0,211,99,83,13,133,212,13,17,0,255,255,82,90,159,85,0,227,205,96,0,222,61,255,228,157,122,161,115,255,255,254,104,110,101,255,74,0,230,0,137,21,168,169,74,0,255
148,10,151,40,230,80,126,83,195,212,110,78,172,190,49,69,115,183,180,210,61,143,54,145,172,103,198,211,169,89,15,87,82,55,77,135,133,51,255,113,70,213,0,186,68,132,106,191,137,255,255,72,43,93,161,58,103,56,64,255,218,26,0,195,78,56,182,123,218,0,246,180,178,177,134,21,45,126,241,252,0,104,255,122,98,112,206,156,82,0,0,255,221,213,108,190,12,0,184,155,165,0,108,161,255,255,130,213,101,255,202,255,98,108,128,0,222,92,0,255,40,0,0,86,139,68,104,255
154,14,150,59,239,79,172,100,176,227,131,101,206,197,33,48,143,150,179,200,87,168,128,106,158,140,119,156,160,66,51,83,102,79,47,115,81,62,201,188,155,215,5,118,8,48,0,180,62,255,255,64,75,125,173,119,88,89,83,198,154,29,0,177,82,76,200,130,245,11,200,139,203,175,255,0,0,183,175,218,20,32,248,216,0,111,167,119,41,0,5,255,255,201,119,174,140,37,217,255,132,1,96,83,255,255,255,248,223,223,240,255,0,17,138,0,0,0,61,255,32,55,0,0,255,160,55,255
156,19,147,58,255,71,171,101,164,190,135,78,210,148,47,55,138,150,187,246,65,143,113,51,132,94,154,132,112,55,88,30,96,113,42,69,102,91,126,198,118,248,0,41,0,16,0,142,129,255,255,125,159,157,153,99,78,117,92,221,170,52,0,184,65,231,204,175,214,0,204,145,255,128,255,118,49,99,148,223,87,115,221,150,0,165,78,67,32,54,0,255,255,219,153,255,92,0,215,255,78,0,81,44,255,255,255,246,185,255,255,255,0,2,129,0,0,0,117,255,0,144,0,21,255,150,0,255
153,14,152,53,238,82,133,93,167,205,143,62,179,153,84,37,104,148,162,215,75,138,62,122,148,146,174,129,158,45,73,106,128,91,69,120,119,57,134,141,134,217,0,105,0,65,63,135,126,255,224,103,98,104,161,109,57,43,92,245,186,60,0,234,94,154,220,118,117,12,186,134,172,141,98,98,51,187,145,175,97,69,187,43,9,147,77,130,59,107,4,255,248,187,98,214,34,0,218,240,125,0,141,62,255,255,225,160,157,255,228,255,103,37,111,0,128,16,0,204,0,0,0,58,82,113,109,255
151,4,159,56,225,118,83,89,154,183,118,122,138,142,124,101,109,151,141,201,34,209,21,153,166,159,186,108,147,84,140,132,112,174,61,117,130,123,73,6,127,225,0,168,61,50,131,143,146,207,162,72,81,116,118,84,201,86,122,255,255,141,82,255,199,84,149,36,217,111,167,155,213,255,5,134,33,147,72,189,31,110,226,63,103,104,199,141,214,216,89,241,255,138,87,188,0,20,255,255,255,50,143,157,124,255,125,215,167,106,255,255,255,144,130,11,163,255,0,217,102,64,142,130,165,0,68,255
149,11,148,50,238,95,116,82,162,203,102,119,158,179,50,86,132,134,124,189,44,179,27,136,204,125,163,131,153,57,110,144,105,78,49,119,127,112,118,80,76,220,0,82,70,88,68,173,137,255,185,29,72,156,137,94,156,26,60,249,187,48,0,184,109,15,82,151,192,11,220,139,176,227,179,0,42,177,187,249,0,88,229,85,48,107,186,248,174,15,0,255,187,182,45,190,14,33,255,255,255,2,93,98,241,255,153,251,182,255,255,255,177,102,153,0,195,82,0,255,66,36,0,0,142,124,0,255
151,10,157,43,231,92,146,87,203,229,95,109,176,224,57,93,119,203,174,232,93,157,73,114,153,121,176,251,188,112,22,32,84,77,60,136,73,59,255,121,28,212,0,149,92,88,68,229,106,255,255,94,62,138,199,111,127,76,27,247,214,0,0,218,85,38,152,117,199,0,196,195,255,206,133,9,5,185,211,255,0,44,255,233,91,106,255,162,111,0,0,255,225,255,80,141,51,0,225,236,192,0,101,109,255,255,116,202,124,203,147,255,53,60,170,0,135,8,0,255,48,0,0,8,250,0,167,255
150,12,164,41,235,89,116,97,197,216,98,110,160,176,67,99,94,204,175,200,49,149,34,123,143,143,172,227,214,107,40,93,111,70,43,154,126,51,218,144,51,237,0,148,63,140,65,188,89,255,255,93,63,159,168,92,141,118,17,255,255,23,0,255,109,68,159,87,124,12,234,216,241,187,97,0,19,152,237,255,0,35,255,147,69,74,239,210,157,32,0,243,231,239,83,219,18,0,206,228,200,0,178,94,255,255,75,146,0,226,245,255,191,25,204,56,196,128,0,255,75,34,0,62,218,29,124,255
148,5,160,40,218,90,105,75,216,211,100,87,155,198,70,87,97,195,181,222,55,140,62,143,163,163,204,204,205,113,0,110,120,23,65,105,113,7,254,110,0,222,0,167,84,122,107,209,85,255,255,87,9,117,174,101,119,107,0,255,220,32,0,255,148,0,181,94,142,0,255,205,255,236,49,34,0,180,255,255,0,27,239,122,155,46,255,173,100,2,0,255,255,234,118,113,11,0,186,197,186,0,130,130,255,255,54,151,41,148,216,255,175,127,164,0,213,140,0,255,106,13,14,52,148,0,136,255
152,18,163,82,255,93,118,126,218,140,76,90,225,145,0,33,138,141,240,195,45,182,98,160,132,72,192,176,153,44,124,75,69,126,98,93,116,159,192,115,4,255,0,132,95,123,0,255,28,255,217,126,76,80,99,54,137,37,0,255,181,0,0,255,210,137,153,199,180,161,180,211,240,138,205,0,41,0,189,255,0,145,255,199,10,110,131,255,96,0,0,181,190,202,0,145,124,0,255,199,152,0,172,216,255,255,255,108,196,189,255,255,95,5,167,255,152,204,36,248,0,246,0,0,255,255,121,255
150,7,159,46,209,81,94,76,187,210,115,79,151,166,89,59,92,170,162,213,48,141,58,127,133,158,209,186,197,123,20,100,146,48,82,139,135,6,206,95,57,231,0,162,80,156,127,163,99,255,250,87,14,126,145,103,143,90,57,255,199,87,0,255,126,46,159,45,177,0,216,155,247,243,34,79,61,167,223,234,0,71,240,64,156,75,227,132,113,94,0,255,255,210,108,158,0,0,139,223,153,0,107,120,255,255,67,125,92,177,192,255,223,135,127,16,204,175,0,255,91,0,73,83,133,0,121,255
149,5,157,41,215,90,80,88,179,188,129,100,149,150,121,66,87,169,138,192,39,166,43,142,160,145,240,148,164,114,58,129,153,72,67,119,160,19,119,86,77,223,0,148,10,128,125,137,129,255,232,53,7,141,129,81,142,103,45,255,255,116,0,255,139,61,183,39,116,0,206,166,255,223,14,149,50,133,187,187,9,91,223,0,145,51,250,163,101,188,0,223,255,214,72,218,0,0,234,251,201,0,173,131,248,255,45,113,58,208,248,255,255,152,134,8,201,255,0,255,58,13,105,72,135,0,133,255
148,5,166,75,203,80,55,74,193,206,105,76,128,227,102,59,85,113,125,140,43,133,109,212,117,184,255,72,101,165,94,173,238,52,33,24,192,96,165,84,1,156,0,172,121,185,228,207,106,255,192,88,12,106,170,108,90,84,12,255,180,35,0,255,222,0,231,154,170,95,255,132,207,153,49,102,33,255,196,237,0,25,166,40,255,22,127,172,9,0,61,255,255,84,22,191,31,0,213,166,16,24,168,79,236,255,62,106,255,216,255,255,185,92,212,47,255,205,0,220,188,152,15,0,105,61,139,255
148,8,162,48,220,77,104,90,194,200,109,96,153,180,55,66,113,183,169,202,49,143,56,107,131,178,176,174,195,126,22,109,120,4,44,143,159,55,223,143,42,253,0,107,10,93,123,190,122,255,225,58,73,117,189,99,129,128,0,255,243,2,0,240,162,57,192,40,121,15,255,168,255,198,107,47,0,144,255,255,0,12,201,79,99,40,210,232,59,25,0,255,255,157,71,208,66,0,255,232,134,0,158,56,255,255,132,209,94,178,255,255,248,64,69,81,232,64,0,255,0,111,3,75,139,133,36,255
149,9,145,39,229,85,127,75,195,209,115,74,173,198,44,57,108,181,186,222,70,129,41,121,186,112,190,223,199,91,10,71,63,56,65,132,120,55,242,122,48,206,0,155,70,115,103,192,142,255,255,87,14,80,173,116,126,44,63,255,196,36,0,210,90,53,139,96,204,0,227,179,199,212,135,6,45,101,207,255,0,77,251,111,106,140,238,142,72,0,0,255,231,211,117,178,5,0,202,189,184,0,55,134,255,255,151,252,143,255,188,255,43,108,76,0,191,63,0,255,10,0,0,38,135,94,127,255
154,13,149,57,234,73,151,87,175,207,138,60,198,180,34,19,137,143,188,239,79,149,115,88,152,145,117,138,170,77,60,78,78,70,51,124,109,54,179,166,107,243,0,69,19,8,17,156,118,255,237,84,81,107,179,156,74,47,73,202,145,49,0,179,88,138,151,117,162,0,163,158,245,175,177,42,27,151,171,215,48,43,189,132,11,143,141,110,26,56,0,255,255,173,165,111,64,0,221,255,122,0,36,79,255,255,255,220,201,255,234,255,3,58,87,0,60,0,46,255,17,30,38,16,183,163,60,255
155,17,152,58,243,77,161,105,150,205,139,80,181,127,76,57,118,149,157,208,70,150,95,75,131,147,125,115,148,57,95,91,104,115,63,145,111,57,107,180,177,219,0,86,0,53,3,142,112,243,217,108,144,118,151,85,92,120,126,202,172,55,0,230,88,196,206,110,183,0,183,92,220,144,172,128,74,178,142,220,91,67,236,80,0,124,45,152,75,108,57,255,233,152,100,255,81,34,217,255,137,0,157,82,218,255,255,169,197,255,255,255,48,21,102,0,34,0,38,199,0,73,0,56,235,153,8,255
152,13,155,52,238,87,129,95,179,203,127,76,178,181,64,53,137,149,163,221,68,155,48,137,142,140,192,134,160,81,96,76,98,99,65,93,109,84,187,115,88,223,0,105,46,89,91,158,142,255,199,106,66,112,149,113,83,48,65,253,195,60,0,198,82,127,158,122,144,21,214,114,208,184,88,92,40,187,148,216,20,96,197,69,68,157,84,151,72,76,0,255,255,178,77,219,0,0,241,223,164,0,135,92,255,255,178,152,215,255,255,255,135,11,124,13,165,100,0,232,0,0,0,59,90,65,57,255
