175,8,146,96,214,76,77,129,148,174,151,51,120,147,101,35,109,238,196,193,0,208,99,177,69,152,150,185,123,68,193,131,106,82,139,130,139,120,184,136,115,174,31,144,123,163,132,92,123,110,126,93,129,77,86,150,125,106,113,206,130,121,121,97,174,168,81,124,144,135,146,112,127,188,138,154,132,137,93,168,100,193,152,130,91,102,138,202,146,88,63,145,95,112,110,171,88,50,122,210,207,121,120,114,106,182,84,114,170,130,178,136,67,136,72,55,147,184,48,216,101,116,100,83,170,147,69,255
175,8,146,96,214,76,77,129,148,174,151,51,120,147,101,35,109,238,196,193,0,208,99,177,69,152,150,185,123,68,193,131,106,82,139,130,139,120,184,136,115,174,31,144,123,163,132,92,123,110,126,93,129,77,86,150,125,106,113,206,130,121,121,97,174,168,81,124,144,135,146,112,127,188,138,154,132,137,93,168,100,193,152,130,91,102,138,202,146,88,63,145,95,112,110,171,88,50,122,210,207,121,120,114,106,182,84,114,170,130,178,136,67,136,72,55,147,184,48,216,101,116,100,83,170,147,69,255
175,8,146,96,214,76,77,129,148,174,151,51,120,147,101,35,109,238,196,193,0,208,99,177,69,152,150,185,123,68,193,131,106,82,139,130,139,120,184,136,115,174,31,144,123,163,132,92,123,110,126,93,129,77,86,150,125,106,113,206,130,121,121,97,174,168,81,124,144,135,146,112,127,188,138,154,132,137,93,168,100,193,152,130,91,102,138,202,146,88,63,145,95,112,110,171,88,50,122,210,207,121,120,114,106,182,84,114,170,130,178,136,67,136,72,55,147,184,48,216,101,116,100,83,170,147,69,255
175,8,146,96,214,76,77,129,148,174,151,51,120,147,101,35,109,238,196,193,0,208,99,177,69,152,150,185,123,68,193,131,106,82,139,130,139,120,184,136,115,174,31,144,123,163,132,92,123,110,126,93,129,77,86,150,125,106,113,206,130,121,121,97,174,168,81,124,144,135,146,112,127,188,138,154,132,137,93,168,100,193,152,130,91,102,138,202,146,88,63,145,95,112,110,171,88,50,122,210,207,121,120,114,106,182,84,114,170,130,178,136,67,136,72,55,147,184,48,216,101,116,100,83,170,147,69,255
175,8,146,96,214,76,77,129,148,174,151,51,120,147,101,35,109,238,196,193,0,208,99,177,69,152,150,185,123,68,193,131,106,82,139,130,139,120,184,136,115,174,31,144,123,163,132,92,123,110,126,93,129,77,86,150,125,106,113,206,130,121,121,97,174,168,81,124,144,135,146,112,127,188,138,154,132,137,93,168,100,193,152,130,91,102,138,202,146,88,63,145,95,112,110,171,88,50,122,210,207,121,120,114,106,182,84,114,170,130,178,136,67,136,72,55,147,184,48,216,101,116,100,83,170,147,69,255
162,19,138,91,228,59,116,112,114,210,167,116,168,133,126,67,126,103,139,180,47,231,132,56,79,122,197,162,138,119,69,79,123,112,126,166,130,22,96,103,152,205,105,135,21,150,98,109,94,134,186,113,106,97,142,145,124,63,108,146,221,108,19,170,46,226,178,30,93,63,107,204,255,185,182,189,87,186,117,201,124,68,194,65,27,102,65,147,110,40,166,182,101,204,38,212,102,40,91,129,153,30,144,0,153,213,126,225,55,255,167,0,0,185,219,0,59,37,6,103,158,158,0,159,255,168,0,255
158,31,162,94,255,46,146,117,170,198,131,93,174,194,75,69,142,152,198,165,63,254,222,135,0,77,203,189,38,161,144,99,142,140,17,224,55,74,209,208,157,168,54,54,54,136,108,122,92,199,128,74,107,153,164,255,183,121,172,241,189,58,0,255,55,255,242,115,120,145,153,86,215,153,158,165,71,126,62,255,199,206,255,16,41,186,58,109,206,46,59,202,253,133,7,115,67,0,122,155,149,0,255,79,0,255,255,229,83,209,177,156,227,8,255,162,118,6,0,61,67,0,0,190,255,202,51,255
157,25,154,79,243,56,146,124,151,211,143,106,194,198,81,68,166,136,165,164,69,255,186,105,31,64,216,177,40,163,101,51,123,129,74,151,76,22,215,215,120,177,76,104,0,124,127,133,72,162,187,54,104,129,113,210,170,86,106,220,192,39,43,194,62,205,252,50,154,112,134,112,255,195,184,217,35,148,116,255,133,216,233,70,69,193,58,165,135,13,53,243,255,136,16,190,90,47,213,193,144,12,255,92,0,255,226,192,109,239,122,134,171,23,255,70,101,51,0,27,83,34,0,113,255,127,4,255
156,25,163,78,249,76,144,116,159,209,135,89,155,167,116,106,68,162,176,172,60,209,124,132,23,108,237,185,79,130,124,107,152,135,64,183,111,77,154,199,101,216,21,160,45,154,110,98,148,205,154,89,75,134,103,126,100,155,165,255,255,55,7,255,78,168,232,97,169,75,137,145,183,202,97,173,93,175,52,215,155,177,255,23,45,160,61,176,122,79,21,175,196,164,1,255,28,24,180,169,235,0,255,123,0,255,152,172,88,245,245,144,247,0,255,52,138,62,0,70,87,0,0,168,255,89,0,255
159,24,156,82,250,48,144,113,153,199,153,66,164,155,104,62,100,135,192,181,41,189,172,93,31,102,202,140,81,119,103,102,168,147,77,173,102,76,145,209,141,203,56,89,75,123,41,81,56,203,162,85,109,164,118,159,120,145,138,239,185,124,0,232,56,230,199,100,151,72,108,139,170,167,160,193,106,117,102,231,144,197,255,66,80,128,60,112,112,93,59,161,193,184,89,236,50,0,107,179,150,0,165,83,0,255,250,234,119,255,155,95,124,0,255,22,61,0,0,102,98,0,0,191,255,122,47,255
162,29,166,91,238,52,143,110,151,202,140,80,151,142,129,86,100,155,203,174,50,212,160,104,12,124,225,170,83,160,139,106,150,127,70,191,130,80,181,192,162,193,43,104,66,128,121,82,92,172,174,64,111,101,144,187,170,201,189,238,254,143,0,255,82,255,226,95,127,76,79,199,178,202,68,211,43,160,92,255,201,84,244,0,99,122,78,169,181,82,114,184,205,161,26,155,22,0,51,149,199,0,241,39,0,255,153,138,86,255,162,116,210,15,255,59,76,14,0,35,106,0,0,151,255,218,0,255
154,21,160,63,234,78,116,123,163,215,132,109,168,188,115,88,139,178,131,142,73,222,102,139,80,114,255,196,90,120,87,117,145,80,79,189,162,14,141,190,117,159,28,173,0,149,163,133,103,199,183,65,61,101,111,146,157,55,127,252,255,84,0,255,43,160,255,17,59,64,181,120,255,202,62,184,51,202,104,255,114,150,217,0,52,145,116,197,117,65,0,183,242,135,14,255,57,19,210,120,150,0,255,72,0,255,128,128,71,233,228,179,240,25,238,0,205,193,0,64,53,0,0,84,206,60,54,255
155,27,164,60,251,79,147,128,164,222,141,120,183,212,93,111,152,180,143,146,64,241,113,131,59,105,215,196,108,133,95,67,181,109,95,164,77,36,192,209,123,153,17,163,0,118,114,124,57,245,213,66,129,202,139,170,178,51,154,225,255,56,19,235,19,213,255,39,140,78,205,118,255,138,151,151,53,204,128,255,114,144,232,86,42,160,82,181,156,9,23,190,229,201,0,255,41,0,219,171,184,0,255,76,5,255,183,147,70,255,174,125,136,0,255,68,113,84,0,165,50,45,0,117,255,24,2,255
158,29,153,71,250,69,152,117,144,218,149,80,166,214,111,103,115,164,168,148,73,255,189,108,21,78,247,224,31,149,116,80,158,149,92,195,88,37,192,212,130,145,47,152,0,147,151,99,103,164,195,63,82,109,112,202,178,112,195,227,194,65,46,255,10,188,255,63,146,55,90,168,255,172,133,182,70,165,62,255,135,229,255,43,61,152,77,148,108,13,47,235,234,211,32,199,92,0,163,133,201,9,255,101,0,255,158,242,82,255,81,116,172,27,255,12,146,64,0,27,140,0,0,141,255,63,0,255
155,23,164,67,238,75,142,123,156,232,133,110,163,203,99,102,144,169,135,134,76,227,113,128,60,115,219,205,102,129,87,102,173,95,96,206,105,8,199,212,135,147,10,211,0,157,164,114,82,170,145,66,86,134,86,155,135,55,184,255,244,75,45,228,53,138,255,20,106,125,175,121,255,222,115,191,57,244,90,223,95,127,226,43,44,132,42,247,110,50,63,173,216,162,0,255,75,21,196,127,146,0,255,158,0,245,141,148,92,238,155,109,192,28,255,0,132,101,0,79,66,0,0,121,255,65,0,255
158,23,161,84,228,59,121,121,156,218,129,89,154,170,115,91,99,167,161,153,79,212,148,89,35,115,245,203,88,150,110,102,151,107,59,205,139,35,176,202,124,193,53,156,54,170,180,88,92,139,154,87,55,62,100,130,139,127,144,230,213,77,0,255,36,205,247,33,117,113,105,162,196,228,87,217,79,227,68,250,138,149,219,0,70,143,90,239,119,63,107,203,160,128,0,228,71,38,175,113,207,0,255,68,0,234,115,180,94,215,202,75,240,0,215,0,167,72,0,50,49,2,0,155,255,145,0,255
161,30,169,105,246,42,136,129,171,201,124,62,133,154,97,77,87,151,194,173,46,207,178,133,0,144,229,174,82,165,195,102,152,144,34,206,111,123,237,176,200,180,25,110,109,152,143,45,110,142,91,74,111,83,166,195,159,170,157,241,184,117,0,255,108,232,219,164,136,136,118,161,144,187,102,229,33,199,49,255,255,89,255,0,97,108,136,200,155,103,147,235,225,139,35,121,48,0,51,137,208,0,251,60,0,251,251,142,126,202,146,138,255,4,255,193,147,5,0,13,18,0,0,187,255,235,9,255
158,23,173,88,228,56,130,131,170,215,118,85,134,172,112,85,113,163,152,164,61,202,143,126,11,156,216,173,109,157,132,116,168,83,66,212,170,73,204,191,177,197,9,161,75,170,148,75,84,165,138,100,85,77,162,128,138,135,150,228,215,96,0,255,98,200,255,80,89,73,136,133,172,232,56,227,77,250,62,255,173,116,221,4,74,101,86,235,140,122,112,204,190,133,45,223,73,0,124,167,183,0,255,68,0,199,154,106,138,166,188,102,255,0,190,86,133,74,0,33,69,0,0,201,196,96,24,255
155,24,168,62,240,86,143,131,159,228,128,133,152,211,108,120,149,176,115,124,74,227,85,134,76,124,212,219,131,129,82,104,174,57,111,232,140,25,197,183,155,137,18,232,0,196,171,110,57,202,168,54,96,151,136,128,165,66,178,221,255,61,38,254,60,137,248,10,98,33,176,131,255,201,93,114,68,193,100,248,103,156,253,82,34,118,95,251,167,26,26,163,192,156,0,255,91,39,180,161,239,0,255,81,0,255,70,127,80,191,207,131,190,0,255,50,95,178,0,169,81,0,0,90,255,0,0,255
153,21,172,61,235,87,135,120,172,225,113,124,134,221,116,121,120,185,128,150,79,203,77,130,62,156,223,224,124,111,84,91,198,42,78,194,145,47,192,153,129,163,0,197,0,194,169,140,65,234,199,75,99,136,199,114,131,77,94,255,255,7,0,255,138,128,245,74,102,0,207,179,255,182,71,122,100,180,143,227,69,138,208,88,78,138,115,210,126,0,37,209,204,125,0,255,78,54,175,179,153,0,255,35,71,255,17,104,70,180,248,183,212,0,222,102,169,178,0,141,38,36,0,112,224,0,86,255
151,16,164,65,229,69,108,125,187,203,119,111,163,188,79,65,137,166,122,162,72,194,99,101,75,155,210,188,147,152,72,89,120,7,72,202,207,33,175,185,139,220,2,133,0,160,143,140,55,252,217,48,82,102,196,83,123,67,49,214,255,0,0,246,97,156,206,15,36,9,225,169,255,204,93,98,28,173,208,255,84,64,215,29,56,96,240,229,132,8,0,255,232,138,41,247,124,0,160,192,185,0,255,7,208,255,139,72,62,196,255,223,216,0,136,144,204,132,0,251,0,111,0,86,240,66,109,255
149,13,158,67,235,78,116,119,175,197,132,128,165,201,98,56,107,149,140,147,65,174,65,94,74,185,203,152,120,141,106,83,143,48,67,128,185,102,136,126,131,255,34,111,0,137,155,160,53,194,215,19,77,107,201,60,109,82,68,232,255,0,0,224,144,176,238,50,131,7,253,171,255,198,125,72,64,186,243,255,31,7,208,42,102,103,168,159,84,0,26,217,255,141,0,255,81,22,127,255,167,11,255,0,251,255,195,57,140,252,255,255,200,0,148,186,183,111,0,255,0,135,0,120,255,103,20,255
151,13,160,69,218,72,99,119,195,210,109,98,157,202,71,47,155,150,121,160,65,192,88,106,101,171,212,181,124,163,94,99,106,20,65,163,183,51,185,145,121,215,19,122,19,159,175,137,40,217,185,46,45,84,174,90,118,49,48,205,220,15,0,198,102,126,215,18,34,73,221,168,255,223,91,87,27,234,215,255,60,56,183,68,108,86,208,212,94,19,30,255,255,96,82,187,64,0,156,211,164,0,255,12,216,255,103,66,115,184,255,224,229,5,133,110,193,187,0,251,0,50,0,106,166,32,73,255
159,24,181,105,248,19,132,118,157,190,133,89,156,126,117,75,101,157,193,154,54,203,155,101,0,168,157,120,105,190,172,104,127,178,51,243,104,141,163,192,182,237,64,52,142,149,112,132,109,251,122,40,126,114,143,154,122,222,196,213,212,109,0,255,180,255,255,134,158,126,154,32,90,170,114,101,103,232,176,255,199,70,249,16,94,125,21,119,158,105,112,218,255,168,85,109,0,0,0,239,99,0,130,42,0,198,255,91,138,173,255,139,131,6,255,153,149,0,0,212,146,4,0,190,255,196,0,255
156,26,187,93,254,52,145,125,170,165,133,78,124,172,98,87,57,177,224,158,70,178,161,112,0,124,211,130,118,205,198,105,235,94,13,209,113,164,237,154,137,249,19,130,154,175,160,101,145,222,85,86,68,185,200,151,122,102,120,241,227,51,0,255,211,255,191,173,154,74,132,107,33,169,76,129,84,121,87,255,226,90,236,0,86,71,44,241,119,21,109,230,223,135,0,205,54,15,134,218,160,0,255,75,0,232,211,111,153,61,255,119,255,0,255,255,125,40,0,255,0,39,0,255,255,126,0,255
153,20,176,80,246,69,135,133,172,198,128,92,135,196,123,79,87,151,172,151,59,156,62,104,3,161,217,155,125,166,137,84,228,97,59,171,122,168,175,153,105,223,18,145,84,172,176,88,62,191,127,51,117,156,172,109,85,106,124,240,233,51,0,250,163,221,229,110,108,74,185,141,124,186,90,103,134,165,138,250,146,61,218,72,111,89,17,209,118,32,102,181,212,112,0,255,65,0,149,242,200,0,255,18,100,218,81,95,194,185,255,143,255,0,251,248,180,104,0,222,27,30,0,247,200,48,0,255
155,22,150,67,235,54,142,125,153,216,144,118,204,200,81,61,166,136,143,150,75,255,129,102,81,77,217,188,84,126,80,58,138,104,99,157,84,6,197,199,147,171,52,138,0,145,114,107,24,173,201,19,107,151,96,157,172,60,114,220,223,85,34,161,66,154,249,16,102,86,159,116,255,207,206,199,44,171,159,255,85,169,223,80,77,180,81,173,91,6,26,190,242,202,16,237,93,38,231,202,156,21,255,69,0,255,223,137,63,255,105,154,89,30,255,0,59,85,0,77,71,0,0,114,255,101,11,255
159,27,161,79,244,60,153,124,156,228,138,98,177,198,96,81,162,157,156,162,68,255,171,103,40,87,205,198,51,180,112,56,133,138,80,194,75,31,195,212,143,160,69,123,0,142,149,90,52,128,164,80,91,114,115,214,185,126,167,204,205,91,52,224,28,225,255,32,145,130,117,105,255,211,142,234,85,192,94,255,140,177,241,76,80,173,39,164,149,66,109,206,255,123,50,217,59,38,179,179,132,0,255,119,0,209,188,198,126,255,81,127,178,0,255,44,69,62,0,38,120,2,0,128,255,111,16,255
158,27,148,70,237,53,135,129,148,226,160,90,208,218,71,72,200,156,142,156,92,255,199,138,66,21,251,220,40,166,61,43,124,139,138,193,69,0,225,253,144,130,67,195,0,174,207,81,32,148,194,36,74,101,103,241,233,75,146,156,187,79,106,223,0,177,255,0,106,160,139,89,255,168,211,255,6,161,66,255,158,255,225,57,58,237,92,190,141,63,16,212,255,187,14,206,91,0,255,139,212,63,255,118,0,202,223,255,44,255,0,143,130,47,255,0,28,84,0,0,112,0,0,73,255,56,51,255
158,29,144,77,255,64,145,133,141,200,141,77,215,191,50,47,216,130,157,190,82,255,186,112,76,0,255,223,38,129,110,36,83,148,77,151,80,22,183,218,113,172,54,109,0,138,92,125,74,149,197,77,130,139,63,225,202,67,59,208,155,34,98,186,55,188,229,67,60,159,98,154,255,171,242,223,23,40,63,255,110,255,219,143,16,227,93,193,131,46,12,255,255,198,10,227,161,0,255,174,117,9,230,159,0,255,218,255,135,255,15,246,120,49,255,57,27,44,11,0,92,66,0,48,255,40,18,255
160,28,141,68,250,51,136,132,152,199,175,52,201,219,109,40,159,124,163,158,73,255,245,98,28,49,255,203,2,159,114,66,103,182,104,118,94,48,196,213,63,145,77,60,0,132,105,129,13,146,194,75,66,119,60,183,179,46,99,190,109,41,82,194,9,233,215,34,78,118,59,147,255,115,204,186,88,92,58,255,88,255,254,152,87,188,71,131,52,92,0,252,191,255,74,214,68,0,255,157,130,7,167,93,0,255,222,255,158,255,0,180,32,100,188,0,60,79,14,0,169,48,0,151,255,9,81,255
157,26,154,82,247,63,145,124,164,213,133,83,182,200,56,56,170,129,163,175,73,254,169,111,38,69,255,195,63,143,131,62,126,122,79,159,63,54,215,183,133,182,44,110,14,148,149,125,75,131,149,88,72,126,87,209,163,92,105,241,159,27,54,205,47,176,241,61,119,161,115,141,255,215,180,226,39,142,50,255,101,226,231,60,74,216,67,172,101,0,51,255,229,151,43,211,85,1,212,171,109,0,227,169,0,255,192,220,190,255,54,147,187,4,255,91,98,26,0,48,74,39,0,152,255,84,32,255
157,23,166,71,240,67,144,121,149,226,149,83,165,159,134,98,111,163,151,165,50,190,98,101,72,130,181,159,134,138,68,97,172,108,118,224,141,21,151,224,126,170,18,180,0,146,127,48,87,189,167,85,127,146,95,163,137,132,221,222,254,158,3,242,63,203,255,0,87,68,112,159,241,229,91,191,100,207,118,204,133,97,218,49,65,121,2,186,134,106,124,145,161,146,24,255,60,0,146,192,102,0,255,93,0,206,129,181,94,255,132,83,153,13,234,0,81,38,0,85,163,0,0,135,199,97,0,255
156,29,149,63,255,72,149,117,139,224,149,105,203,212,57,76,198,147,155,143,68,255,154,135,77,39,216,224,68,109,105,71,117,152,129,228,66,8,163,235,161,167,34,157,0,198,165,99,59,147,154,71,84,196,70,234,218,86,197,232,223,103,134,213,17,95,255,0,140,122,136,144,255,219,210,184,45,75,36,255,74,222,209,99,0,191,0,173,138,69,0,156,228,217,38,227,86,0,238,212,121,82,255,215,0,210,238,255,100,255,36,189,144,43,255,0,0,82,0,30,205,0,0,100,255,0,0,255
161,27,144,82,232,33,139,122,147,189,178,28,163,173,146,53,82,144,183,162,74,245,255,91,27,54,255,204,0,197,99,76,136,135,73,137,159,40,140,235,81,153,92,114,19,112,94,87,113,171,235,23,82,19,83,134,151,71,108,168,106,68,0,255,44,255,218,86,98,19,69,141,243,64,129,189,114,171,124,255,233,255,255,76,97,83,150,117,88,69,99,219,239,255,44,168,120,1,139,129,234,0,231,91,10,255,192,255,56,247,147,139,107,73,191,0,186,31,0,32,83,0,0,127,255,238,141,255
159,28,144,77,247,41,141,116,132,201,169,59,187,182,119,60,112,144,188,152,89,255,240,97,25,45,255,213,2,175,85,75,119,160,84,195,127,5,180,250,103,132,54,134,0,136,140,97,106,157,232,48,74,63,74,217,179,105,159,183,148,87,28,255,28,227,255,45,71,45,66,155,255,141,124,201,69,149,90,255,152,255,235,25,57,138,78,131,115,51,58,231,251,224,35,133,159,0,149,107,184,18,214,84,0,236,206,255,74,255,85,148,97,97,253,0,158,73,0,27,114,0,0,115,255,164,53,255
158,26,141,71,244,37,135,111,134,190,179,30,183,166,157,51,85,143,195,158,96,255,231,109,56,17,255,193,0,146,106,113,111,102,76,154,192,17,103,220,74,173,47,118,4,120,76,71,152,209,255,11,52,69,70,119,166,58,106,209,167,134,0,255,43,237,255,95,53,0,61,206,218,98,122,166,119,125,129,255,131,255,255,32,23,91,137,120,95,89,30,170,241,249,0,172,144,31,171,143,164,0,244,104,0,255,227,255,4,255,140,248,124,92,240,0,96,113,0,42,155,0,0,94,255,181,133,255
159,23,144,77,225,45,137,112,155,203,124,58,180,176,87,47,144,145,162,194,74,226,192,69,84,57,238,221,40,131,87,54,84,82,72,157,176,12,137,206,114,184,34,129,0,111,112,88,108,207,212,50,108,113,108,174,176,73,67,199,159,77,0,227,98,193,221,70,73,68,94,154,255,182,185,200,53,132,136,255,121,216,211,117,39,153,171,182,66,20,82,255,194,183,27,181,150,2,212,145,132,9,217,78,0,255,206,250,82,255,103,133,86,15,214,0,101,0,21,38,97,16,0,122,255,168,161,255
156,25,155,60,226,61,143,117,151,241,141,109,178,226,100,102,149,184,113,125,98,255,155,148,72,76,230,252,68,146,51,85,162,55,163,255,137,0,215,229,168,94,10,255,0,195,255,110,69,193,197,20,48,100,121,216,198,70,228,147,227,69,83,255,0,97,255,0,110,47,104,115,255,156,153,173,39,255,62,255,157,219,219,39,4,164,96,222,143,37,18,199,156,190,18,181,106,0,255,116,255,0,255,90,0,214,119,143,18,255,0,117,153,62,255,0,92,100,0,63,183,0,0,84,251,52,15,255
156,25,155,60,227,65,136,114,150,221,144,96,170,196,126,98,119,187,123,138,75,255,150,144,65,101,246,234,70,136,78,103,155,69,136,216,185,0,177,219,140,116,8,243,0,157,206,137,117,229,215,70,46,79,126,199,186,45,174,166,225,45,18,255,18,149,255,0,40,15,107,134,255,131,93,174,46,251,76,255,177,218,249,9,0,174,120,211,113,52,20,192,169,239,15,214,75,0,224,105,255,0,255,58,21,255,109,106,15,255,104,153,177,69,231,0,148,96,0,42,108,0,0,100,255,105,83,255
156,24,163,57,232,84,125,121,160,228,134,111,166,209,113,111,132,191,111,133,78,246,111,146,77,108,253,224,111,112,71,104,167,53,142,209,145,0,186,207,125,134,6,233,0,178,202,117,95,209,181,77,38,122,96,160,160,40,185,212,255,70,37,255,0,148,255,0,81,53,147,152,255,191,53,166,39,242,55,238,127,155,204,0,18,158,96,234,129,70,2,163,171,166,0,255,56,0,209,96,216,0,255,70,0,255,70,121,57,255,124,96,228,15,248,0,140,185,0,78,94,0,0,109,210,0,46,255
155,20,170,63,229,79,119,124,175,216,123,102,143,196,118,110,125,189,136,150,76,198,118,145,56,149,248,196,126,120,67,117,176,71,68,181,163,11,198,188,114,147,0,189,6,146,140,133,118,233,188,94,67,105,132,132,131,87,122,255,249,65,0,255,67,155,255,53,83,60,204,113,255,184,26,209,53,247,118,224,117,147,199,0,48,113,110,238,99,85,13,229,255,127,8,255,54,2,200,114,176,0,255,83,84,255,112,122,86,171,224,118,232,0,192,3,166,157,0,61,17,0,0,116,169,20,97,255
156,21,166,68,229,79,121,123,160,218,125,116,145,182,122,103,125,177,126,146,65,221,104,128,58,154,212,199,135,129,89,103,139,57,98,220,186,18,182,172,147,167,3,183,5,170,208,144,124,198,164,92,58,103,140,152,152,78,148,216,255,76,0,255,49,167,255,5,74,37,139,164,255,221,32,163,65,239,119,222,124,95,220,0,0,101,90,220,109,79,57,197,177,122,21,255,83,17,130,140,188,0,255,72,65,254,101,98,97,202,209,113,241,1,190,9,190,158,0,91,99,0,0,120,181,60,32,255
155,20,165,67,219,79,112,119,171,212,122,87,157,173,109,97,128,179,129,183,72,201,98,138,76,144,242,192,123,135,80,113,135,49,88,188,176,8,183,162,115,185,0,190,0,161,175,128,149,244,200,103,86,85,163,116,147,77,104,232,255,78,0,255,84,166,255,10,66,51,181,154,255,215,1,158,72,255,166,219,112,117,202,1,18,99,106,197,107,48,30,255,228,135,18,247,102,0,144,108,177,0,255,63,107,255,54,121,77,178,255,121,247,10,167,0,208,156,0,112,70,0,0,102,213,34,23,255
157,21,170,88,225,53,126,122,172,202,118,82,142,158,108,76,93,155,167,173,62,194,131,139,11,147,210,158,104,153,135,121,139,89,59,189,167,64,199,194,160,218,2,163,95,161,138,95,131,199,117,84,85,96,148,130,132,142,127,255,240,95,0,255,130,161,255,66,117,97,141,133,187,242,50,223,49,238,98,252,161,106,208,0,71,104,69,229,105,98,86,205,195,137,20,210,72,0,141,134,134,0,255,80,0,255,183,57,142,183,237,116,255,0,216,23,180,66,0,19,47,0,0,178,190,139,22,255
158,20,172,77,220,65,118,117,156,207,120,85,139,161,127,92,120,165,143,172,77,188,124,117,41,163,217,167,112,149,99,113,135,72,84,194,181,38,175,196,131,201,3,148,33,143,170,118,144,207,155,97,96,70,148,129,125,126,130,225,243,78,0,255,97,202,255,32,95,62,135,131,228,226,6,217,66,237,108,236,147,85,205,0,36,80,78,219,134,117,73,236,201,94,23,238,118,0,109,158,178,0,255,74,59,233,92,84,130,192,255,92,255,0,157,7,190,84,0,18,96,45,0,147,201,69,16,255
155,19,169,77,219,69,123,122,176,213,116,93,140,179,103,69,136,149,119,166,64,203,133,103,44,168,204,179,133,162,81,86,137,22,84,195,180,40,185,172,160,201,0,161,16,187,189,125,70,185,149,85,81,101,183,85,109,81,75,181,220,26,0,245,115,170,248,23,64,24,138,182,255,241,57,192,72,224,153,226,135,97,201,66,71,80,125,225,100,29,76,255,195,76,36,252,137,2,98,192,138,0,255,39,113,245,68,70,131,153,222,100,250,0,132,144,143,109,0,122,29,63,0,170,177,4,81,255
153,18,171,64,233,81,120,121,184,211,114,125,148,186,96,85,140,160,123,148,59,205,96,121,65,164,211,186,154,141,90,109,159,38,72,210,171,44,188,168,152,180,0,158,0,165,151,143,84,223,160,90,65,155,178,125,147,49,80,222,255,38,0,255,107,145,229,27,56,35,207,140,255,233,58,140,57,169,146,228,100,82,230,35,59,78,133,205,121,18,52,230,255,120,13,255,105,0,126,203,178,0,255,63,125,255,83,75,108,148,255,128,247,0,214,124,182,180,0,189,1,60,0,134,182,0,64,255
151,13,165,59,225,80,93,121,187,203,118,122,150,178,105,69,123,164,122,163,60,180,85,85,96,173,235,199,172,148,56,96,143,26,61,192,197,40,161,156,124,200,0,133,0,150,147,134,82,250,228,69,52,120,200,78,140,59,54,212,255,69,0,255,103,155,243,13,33,17,235,159,255,221,34,115,49,165,178,255,98,55,214,11,95,59,224,169,106,73,0,242,255,121,56,253,72,0,133,186,199,0,255,34,213,255,101,58,33,179,255,185,230,0,175,104,255,232,0,246,0,83,0,136,160,10,72,255
152,11,163,67,220,83,93,113,195,202,108,104,150,184,98,56,131,156,136,189,47,164,92,95,93,189,221,169,163,161,64,105,136,53,63,174,158,76,179,137,122,192,0,102,16,142,161,179,95,255,184,84,72,80,241,128,137,97,65,224,251,79,0,255,132,136,238,34,18,33,225,183,255,255,48,109,43,178,164,255,85,24,217,28,107,58,204,131,106,91,2,255,255,87,141,180,21,0,88,207,144,0,197,48,255,255,92,82,109,130,255,211,230,55,143,114,255,209,0,200,34,107,5,105,116,0,52,255
153,18,177,85,236,67,116,130,186,190,129,86,138,178,122,61,114,136,174,158,46,157,62,131,11,194,227,144,139,185,122,77,186,77,68,147,154,147,184,125,125,223,10,154,71,180,204,96,80,197,120,75,113,111,185,122,108,116,92,239,231,61,0,245,191,212,250,79,113,57,196,140,178,215,9,158,99,167,174,247,155,41,197,29,142,103,34,182,131,36,121,213,247,90,0,255,58,0,73,211,153,0,255,15,154,210,77,29,242,168,255,127,255,0,230,255,233,167,0,198,0,33,0,224,146,33,0,255
152,16,178,66,241,80,110,129,178,189,134,112,124,180,141,79,132,155,148,138,52,149,16,116,66,179,204,151,153,153,90,95,202,83,57,151,192,130,136,129,123,196,14,179,27,140,159,92,46,204,146,46,154,166,147,91,104,73,125,255,255,104,0,207,177,208,255,54,75,63,229,144,255,166,51,122,94,129,184,190,119,55,171,50,151,90,48,205,123,116,123,151,245,101,0,255,15,0,171,231,146,0,255,0,123,231,64,101,171,198,255,139,227,0,243,221,180,225,0,251,0,7,0,180,109,0,0,255
151,17,167,65,235,72,119,124,175,204,134,115,155,184,116,82,107,160,136,146,63,181,62,117,63,167,203,162,128,136,73,104,171,44,84,179,187,68,147,163,134,219,10,160,0,145,136,111,61,233,200,32,128,138,195,81,122,97,109,232,255,12,0,255,130,191,246,30,89,6,216,152,255,174,73,102,72,170,201,253,111,78,231,25,80,101,134,178,129,32,47,187,233,153,0,255,89,0,175,223,209,0,255,0,122,255,121,99,94,243,255,184,227,0,189,152,194,140,0,228,12,37,0,162,212,61,11,255
152,13,166,62,226,78,97,119,180,196,123,116,149,183,114,68,134,142,121,137,69,171,63,120,101,176,226,163,138,128,88,130,165,48,63,156,188,76,144,158,149,174,25,134,0,147,123,133,33,234,195,75,86,104,174,68,130,57,81,238,255,72,0,253,150,153,227,27,38,24,239,150,255,192,51,144,65,160,181,231,93,87,193,21,125,89,137,183,120,73,39,207,255,112,30,255,61,0,139,228,192,0,255,0,172,255,103,21,98,197,255,224,208,0,198,75,186,224,0,181,9,65,0,106,133,12,58,255
153,18,168,67,240,78,128,121,167,197,127,115,147,181,117,108,117,150,133,131,59,188,73,140,61,156,210,146,111,112,82,133,193,80,81,165,140,64,146,178,128,183,17,169,0,142,94,110,54,228,149,54,112,148,151,92,112,91,121,248,255,49,0,255,146,149,228,68,102,39,203,118,234,194,81,159,77,156,144,224,118,157,243,43,99,113,71,201,130,43,32,172,255,140,0,255,84,21,197,216,216,0,255,34,57,255,94,103,98,165,255,162,231,0,250,93,145,156,0,134,30,7,0,156,210,13,0,255
160,25,169,110,251,18,145,101,173,193,118,55,151,126,97,43,100,143,228,186,33,186,228,88,0,141,182,156,61,139,201,113,171,138,0,233,67,145,111,171,205,233,62,10,147,171,97,106,92,208,62,78,74,75,202,202,110,205,125,185,164,144,0,255,110,255,186,195,116,132,81,115,99,120,159,146,125,162,72,255,211,90,231,12,110,121,0,60,82,76,123,150,222,122,67,81,0,0,0,186,82,0,178,0,0,255,250,180,62,186,217,111,141,0,255,72,71,0,0,62,110,0,0,200,255,255,22,255
157,25,164,78,250,55,148,123,165,208,143,95,173,183,102,76,145,144,180,153,55,229,153,111,28,111,208,180,80,176,123,61,163,144,51,174,72,75,201,199,151,178,58,108,40,153,131,114,54,179,167,72,98,128,134,174,150,111,142,224,211,107,0,193,75,225,232,85,153,79,157,93,227,177,139,187,98,181,169,255,144,149,247,63,129,125,20,139,110,0,79,210,255,125,46,200,47,0,129,184,115,0,255,101,0,236,190,118,129,166,185,112,122,23,255,78,144,54,0,147,34,5,0,169,255,134,0,255
156,24,165,78,240,53,160,119,169,212,120,93,164,200,89,72,121,167,160,152,65,206,156,93,0,134,207,192,106,150,110,56,200,89,81,205,79,46,235,204,192,147,15,131,24,171,135,128,45,202,181,84,101,122,213,164,177,108,137,201,195,111,0,255,110,213,255,95,79,49,158,137,232,207,138,204,67,206,120,255,198,107,255,66,100,110,87,142,111,12,65,219,212,97,51,211,65,36,115,168,112,0,255,87,0,255,216,59,98,180,155,168,156,36,255,116,115,25,0,89,22,47,0,230,242,129,0,255
157,21,180,63,255,52,142,122,149,210,147,116,151,151,160,100,35,160,185,125,44,184,92,85,2,162,153,105,136,145,100,125,211,182,65,217,99,98,119,255,84,217,56,124,99,125,65,95,100,243,157,21,132,255,72,147,93,132,192,236,255,152,9,200,55,252,211,44,137,75,179,89,151,192,103,70,123,186,126,223,211,129,255,63,110,143,0,158,135,151,73,150,255,123,27,255,0,0,203,240,99,0,228,5,0,246,218,135,115,236,244,148,176,0,255,34,150,62,0,156,119,0,0,232,150,108,0,255
158,28,171,81,255,60,152,119,151,211,152,75,137,158,153,92,6,160,191,165,38,198,149,112,0,130,224,143,95,170,151,112,187,173,36,190,96,156,179,219,114,220,38,127,132,149,82,54,124,197,191,86,81,144,102,92,80,174,181,245,230,138,0,255,97,235,180,158,168,32,161,129,110,204,109,153,120,203,112,244,126,154,255,49,142,95,104,174,117,113,44,179,255,185,62,255,0,27,143,217,195,0,241,27,29,198,188,235,138,203,251,134,160,0,177,120,83,70,0,150,77,0,0,222,255,170,0,255
163,31,175,101,250,46,153,114,152,202,125,74,130,152,102,77,110,153,203,172,67,198,166,105,0,117,211,186,83,177,160,103,168,147,48,255,70,127,211,183,217,159,26,86,118,170,134,94,103,184,145,40,128,104,206,231,194,204,174,230,214,168,0,255,116,245,241,166,119,93,97,179,137,190,85,153,37,149,74,255,229,31,252,23,110,85,121,153,211,33,149,211,233,92,71,92,60,20,0,158,129,0,227,68,0,255,192,155,124,193,157,183,196,33,255,176,150,0,0,100,94,27,0,125,255,199,0,255
156,22,164,82,226,61,129,126,164,209,131,87,155,175,111,83,106,153,136,149,58,204,127,146,47,138,222,161,105,149,116,110,150,64,106,198,169,30,176,214,153,196,13,183,39,187,174,92,99,196,135,82,70,89,141,119,125,97,180,225,234,70,0,255,80,159,255,9,111,57,138,156,221,238,42,208,90,255,99,221,139,136,227,0,36,124,63,223,128,64,42,183,177,133,17,243,98,0,110,132,177,0,255,102,4,248,143,63,143,243,167,103,236,9,207,31,133,83,0,20,105,0,0,168,210,100,25,255
154,18,161,61,237,80,110,109,160,193,138,87,145,163,137,104,81,150,147,140,58,161,38,111,107,158,212,162,131,104,78,123,144,94,91,168,180,45,117,172,127,176,0,172,0,141,157,73,103,226,178,81,90,129,118,118,142,93,153,255,255,92,0,244,98,188,197,6,122,23,169,162,212,186,36,135,105,162,130,153,90,145,217,28,92,108,51,202,117,101,98,163,205,174,0,255,34,0,163,189,202,0,187,63,89,255,81,106,86,247,255,161,204,21,176,0,220,153,0,189,36,0,0,103,154,62,0,255
155,22,156,70,229,55,131,108,156,206,138,82,169,159,123,85,90,171,149,158,72,212,130,119,61,114,240,180,65,118,78,114,137,53,92,182,189,0,124,236,137,191,28,173,0,139,125,95,122,221,202,41,84,99,115,136,127,142,147,248,255,62,0,255,75,163,255,17,83,35,133,155,255,195,85,204,36,215,106,241,175,161,226,0,51,140,134,188,107,72,0,192,211,179,2,231,96,8,190,114,148,0,255,43,0,255,171,104,17,255,202,181,216,53,201,0,136,50,0,22,60,0,0,120,255,157,82,255
155,24,154,60,226,64,125,119,154,224,154,105,184,192,111,81,132,173,124,137,86,255,126,145,82,88,243,221,95,139,47,95,141,53,122,224,177,0,164,235,149,133,21,203,0,180,195,102,80,232,246,40,37,97,146,179,205,46,166,166,252,93,0,255,0,167,255,0,46,33,122,164,255,162,84,193,45,226,116,255,153,159,229,0,1,169,122,165,142,49,0,153,178,177,13,255,105,0,201,138,172,0,255,45,0,255,147,85,9,255,92,182,171,53,251,0,113,140,0,73,113,0,0,49,244,103,52,255
152,15,159,60,226,77,103,118,180,208,135,82,159,187,117,81,116,151,126,152,62,178,66,148,126,136,241,178,108,108,75,153,153,58,98,155,161,15,146,175,119,177,0,178,0,162,146,72,79,232,178,51,70,116,104,111,152,75,116,255,255,105,0,255,83,117,231,0,68,51,203,151,255,220,53,167,90,193,164,201,64,147,194,14,113,110,112,187,97,80,22,181,255,152,29,255,52,0,190,168,193,0,255,82,71,255,72,89,82,255,205,176,242,50,197,0,193,206,0,127,70,0,0,101,135,3,40,255
153,18,169,72,233,65,116,132,191,213,118,92,168,191,87,69,143,162,155,171,69,189,109,143,53,128,230,175,117,152,109,112,142,80,70,198,157,52,198,173,103,198,0,169,25,129,161,112,134,206,125,64,101,139,128,140,135,86,106,255,255,91,0,248,70,165,255,35,52,123,188,118,255,226,64,216,50,214,119,255,128,102,192,2,65,128,78,186,70,76,16,223,255,123,41,255,51,0,214,140,73,0,255,107,35,255,165,79,162,236,243,132,255,0,255,35,249,151,0,76,72,0,0,167,127,20,0,255
155,21,170,81,235,61,128,123,176,204,126,76,147,166,111,79,98,162,162,167,56,196,149,154,5,137,232,145,97,165,138,126,162,105,50,196,130,62,187,189,131,218,14,133,74,161,142,108,150,201,105,80,38,91,137,138,106,143,133,254,238,70,0,255,80,174,255,86,94,90,164,90,198,224,44,225,56,255,112,255,155,113,233,0,86,129,77,201,70,87,11,224,255,103,38,236,21,0,165,156,125,0,255,94,46,241,184,86,131,167,240,168,255,11,215,65,164,85,0,36,6,0,0,184,193,88,26,255
156,21,172,78,221,62,119,121,175,211,117,78,148,181,107,74,133,159,157,163,70,182,131,127,57,137,229,169,103,148,122,142,161,88,70,204,136,52,197,195,140,170,5,142,51,148,146,103,95,212,137,86,82,92,148,138,157,100,145,255,246,112,0,255,100,175,255,43,73,97,158,110,232,229,29,244,59,219,67,255,146,101,203,0,108,106,81,214,114,94,56,233,255,91,72,222,55,0,151,161,113,0,255,104,0,255,122,58,149,180,223,123,244,0,232,2,165,93,0,13,79,33,0,145,164,32,17,255
154,18,170,71,221,71,120,118,177,200,119,75,158,177,102,67,155,167,155,179,80,176,126,125,64,126,236,169,108,155,100,113,141,59,81,175,157,31,187,183,109,188,0,147,11,134,150,141,132,236,155,67,111,92,167,104,129,79,113,255,255,61,0,255,103,165,255,46,69,56,169,115,255,220,11,221,33,195,87,255,143,96,193,0,63,93,104,213,122,91,0,255,255,80,57,236,58,0,156,140,110,0,255,100,81,255,99,35,168,163,255,151,250,0,177,39,200,142,0,48,30,46,0,110,174,0,23,255
152,11,163,62,218,86,73,117,184,182,134,88,147,168,138,85,114,140,134,150,53,170,69,148,105,161,255,136,118,117,107,147,166,65,66,91,201,55,130,128,98,181,20,169,0,161,143,108,129,227,186,99,54,75,113,42,117,86,83,255,255,130,0,255,117,159,253,24,86,43,245,150,255,204,0,235,67,205,128,189,57,149,155,0,165,135,91,143,50,146,18,208,255,90,30,255,0,0,190,148,174,0,255,21,172,255,77,54,139,237,255,211,255,0,153,1,233,255,0,108,14,0,0,115,52,0,42,255
159,23,191,102,236,36,106,145,177,188,117,62,136,118,124,60,103,143,198,184,49,170,100,139,9,154,177,113,92,203,193,147,122,170,44,210,140,176,183,168,173,244,33,111,154,153,116,58,170,255,124,52,136,82,133,164,136,193,138,255,255,139,0,255,152,255,255,104,58,123,140,64,149,178,35,161,54,212,116,255,203,65,190,0,159,156,69,190,133,140,160,208,211,110,117,188,0,0,57,216,15,0,199,27,0,222,237,0,164,226,255,144,215,0,255,121,255,66,0,122,166,36,0,143,194,81,0,255
158,25,172,103,241,51,109,141,182,188,123,51,147,149,98,61,81,133,188,185,51,171,158,148,10,128,224,117,83,187,227,150,139,160,22,188,128,153,202,161,136,210,46,86,139,154,123,58,161,207,73,101,82,64,125,167,105,147,161,255,228,81,0,255,116,239,255,141,77,163,142,109,121,187,69,209,61,255,88,255,192,92,204,0,72,139,77,223,131,129,86,255,251,93,105,148,2,0,73,196,137,0,250,70,0,255,255,56,154,228,255,172,255,0,252,150,195,41,0,54,39,5,0,115,211,143,43,255
156,20,166,77,230,68,102,125,181,179,125,81,154,151,121,64,115,139,155,168,55,191,114,154,45,130,255,140,82,142,155,143,130,108,56,123,168,95,156,173,122,204,25,133,50,133,104,118,122,217,139,113,46,84,111,108,122,95,100,255,255,94,0,255,114,184,234,61,77,82,191,93,255,201,20,255,36,176,96,255,147,158,203,0,135,166,88,191,80,128,8,232,255,129,52,255,12,0,170,145,204,0,255,34,85,255,153,10,141,221,255,157,255,0,221,86,165,168,0,2,0,1,0,145,154,30,87,255
156,18,168,85,228,55,131,102,182,190,111,49,169,155,88,54,109,144,192,215,70,171,150,133,52,116,226,139,60,142,150,132,117,89,59,158,113,71,191,179,125,229,6,99,66,117,93,118,151,253,122,69,112,67,165,112,105,148,101,255,250,83,0,255,139,142,231,124,116,67,143,140,246,238,34,216,27,187,87,255,167,89,224,0,110,136,105,165,117,68,4,255,255,64,96,120,36,0,119,141,90,0,255,49,21,255,166,31,155,165,255,205,255,52,228,20,201,58,0,0,48,24,0,129,197,104,0,255
154,16,169,67,230,77,110,121,181,194,127,81,161,156,121,82,116,159,165,174,59,166,67,161,81,132,230,140,107,133,112,140,138,96,71,138,166,64,155,167,73,227,11,156,36,122,99,102,151,244,158,88,79,116,103,91,126,107,107,255,255,117,0,255,100,130,255,29,103,86,181,86,238,216,3,202,39,193,138,210,127,144,208,0,107,126,70,193,96,97,13,207,255,112,35,255,11,0,234,174,144,0,255,62,73,255,120,67,172,191,255,147,255,0,189,0,201,171,0,59,51,0,0,118,105,0,0,255
154,22,160,80,250,58,136,120,174,198,126,55,178,176,85,45,143,147,176,196,65,199,141,136,73,68,223,157,43,124,159,105,120,119,49,159,99,81,164,184,101,211,13,75,42,107,107,105,141,208,117,63,101,117,98,162,129,69,120,250,185,103,0,253,79,186,255,150,119,89,157,87,221,195,129,204,74,174,75,255,118,150,192,6,40,165,48,176,94,125,42,228,255,94,87,180,3,0,247,189,81,0,255,119,0,255,255,155,214,254,245,224,205,10,255,29,180,72,0,60,83,0,0,154,212,94,0,255
154,29,154,74,255,74,145,126,154,207,163,53,188,143,123,51,78,137,189,165,55,255,140,131,78,39,235,176,30,147,178,94,108,145,40,172,127,109,72,185,101,255,33,136,35,154,89,74,188,208,197,61,66,133,86,169,141,79,140,205,228,153,4,255,93,224,221,114,150,6,100,155,206,165,182,85,141,128,84,240,98,182,255,31,64,156,126,91,121,85,5,137,255,165,27,111,0,84,175,255,171,0,255,133,0,255,206,255,135,255,255,255,104,0,255,122,158,155,0,215,121,0,0,123,255,109,74,255
160,25,157,82,247,53,149,90,140,192,152,42,180,116,136,38,69,140,195,202,80,217,172,113,53,86,212,137,19,133,129,96,77,97,69,168,135,68,87,216,166,233,9,87,42,138,95,137,172,221,201,50,76,73,139,114,115,189,126,178,217,153,0,255,97,250,208,123,132,0,83,173,253,177,81,201,120,108,95,243,181,170,255,39,121,142,133,36,121,72,45,167,215,121,38,133,34,63,40,194,47,0,255,38,0,255,255,94,161,232,255,255,100,78,255,0,132,75,0,68,136,40,0,90,255,154,79,255
157,22,171,75,246,48,131,137,173,206,135,112,175,161,108,79,126,135,182,153,44,194,97,132,48,120,202,157,130,151,114,89,147,148,47,166,120,110,200,220,116,224,61,116,68,120,78,90,111,241,170,40,139,186,104,141,154,136,126,237,252,161,0,193,71,213,206,65,144,114,181,92,178,191,130,162,55,168,181,255,167,141,246,34,107,162,36,158,104,78,54,191,255,138,34,255,36,0,255,210,167,0,192,71,58,234,206,112,177,255,154,115,171,0,255,84,180,60,0,117,72,0,0,204,196,150,0,255
154,20,164,63,249,55,135,117,167,204,147,110,166,176,130,80,78,138,181,136,53,191,96,139,36,117,246,158,103,133,110,106,174,153,51,159,90,94,185,199,86,213,31,118,98,159,95,109,130,243,183,42,64,179,100,101,113,109,150,255,235,138,0,224,64,193,205,97,155,27,197,71,120,191,109,153,108,159,167,239,93,187,255,0,149,164,35,93,58,43,0,167,255,188,30,255,0,0,216,224,158,0,205,99,63,255,199,107,176,230,191,140,175,0,255,34,184,107,0,164,54,0,0,240,157,98,0,255
155,28,152,84,255,38,114,116,172,187,129,79,163,193,82,34,111,122,192,149,49,237,162,105,7,105,221,206,59,144,155,106,167,161,0,201,37,100,155,179,132,208,25,41,136,236,90,74,68,141,152,68,71,159,117,169,158,76,172,255,169,128,0,196,64,245,231,62,106,123,154,53,150,151,210,195,158,123,123,255,145,209,222,0,135,95,21,38,110,44,0,148,210,223,16,159,20,0,141,133,97,0,173,98,0,255,255,143,124,255,223,69,107,0,255,119,135,53,0,170,11,0,0,255,227,148,61,255
154,24,165,74,255,54,135,135,166,192,142,93,175,189,81,62,141,145,158,122,57,214,124,140,23,100,255,143,99,139,158,90,218,133,65,169,98,66,213,203,149,157,21,110,50,168,98,100,43,157,130,74,56,155,99,161,139,38,126,255,211,69,0,247,102,206,247,118,51,106,204,66,212,186,101,211,77,152,96,255,180,170,255,0,123,125,48,216,103,42,40,188,255,174,0,255,43,0,161,169,166,0,255,181,26,255,221,65,130,175,228,204,245,0,255,161,138,132,0,114,0,0,0,188,245,96,7,255
154,23,176,59,255,79,151,136,162,209,148,138,158,197,129,122,130,176,137,109,53,208,65,146,69,128,201,150,135,146,114,85,241,129,76,171,142,84,162,195,142,150,30,210,10,138,74,97,41,211,170,22,139,202,112,113,114,47,200,255,255,100,35,203,122,185,255,97,121,56,217,123,255,180,81,107,98,198,166,225,158,114,255,57,93,96,53,250,175,51,70,150,255,195,0,255,18,23,164,197,237,0,255,90,22,255,100,120,89,184,255,155,183,0,255,156,76,196,0,213,0,0,0,107,255,64,0,255
155,26,176,88,255,38,135,138,164,180,155,93,152,161,105,87,93,162,202,122,48,194,143,136,0,128,211,139,137,192,166,77,212,138,18,197,124,107,227,206,168,197,36,111,107,166,103,66,104,227,121,39,100,159,158,165,159,104,169,242,230,105,0,255,156,255,206,156,121,67,186,66,122,157,74,169,58,198,174,255,248,88,255,0,124,87,111,232,151,87,73,195,255,156,0,208,10,0,115,183,216,0,255,121,9,246,255,62,86,142,255,161,244,0,255,255,174,79,0,219,0,0,0,195,255,200,0,255
156,23,159,78,235,53,139,116,166,203,135,94,177,174,95,64,122,161,169,163,73,218,154,140,44,85,225,162,74,140,116,108,145,99,71,204,126,36,174,220,138,172,42,115,18,139,101,137,98,227,157,31,94,104,156,152,164,123,162,249,237,105,0,255,92,168,255,70,95,45,142,109,236,208,99,211,47,146,73,255,198,168,255,0,73,157,112,127,139,68,0,198,255,125,64,208,48,17,194,163,140,0,255,85,0,255,237,88,134,202,209,218,217,32,255,12,156,101,0,8,91,0,0,111,225,153,8,255
155,22,165,75,241,59,126,121,179,203,130,96,169,174,100,65,122,158,173,171,61,209,143,143,23,107,236,164,88,149,122,108,134,122,48,177,118,66,185,196,103,207,26,117,60,123,122,146,160,228,136,61,76,135,119,159,136,98,120,247,241,84,0,255,63,193,255,82,103,102,174,82,237,209,91,216,32,185,109,255,168,154,234,0,70,178,92,156,91,87,0,237,255,122,50,254,1,0,225,162,111,0,255,104,1,255,254,106,162,222,209,151,247,13,255,51,190,79,0,62,37,0,0,187,186,95,4,255
155,22,168,82,242,47,121,139,181,201,128,79,164,171,103,70,97,152,180,160,59,172,124,131,21,115,234,178,107,167,135,90,163,138,45,186,136,109,196,215,124,202,37,145,83,163,122,83,127,234,150,72,102,120,131,135,143,128,142,250,230,128,0,255,97,209,255,83,125,85,201,68,162,184,114,191,86,211,149,255,193,136,232,0,106,127,66,167,89,82,23,220,255,117,48,249,34,0,178,174,153,0,255,104,32,255,252,46,148,208,236,132,211,0,255,101,236,51,0,121,0,0,0,192,193,117,0,255
154,22,157,61,253,68,142,120,160,198,145,92,184,175,108,80,115,153,170,161,57,206,111,129,61,92,240,161,80,112,108,82,153,131,67,121,105,48,148,215,78,219,37,123,0,111,68,111,126,236,196,60,87,167,98,136,112,92,103,244,240,97,9,255,55,201,228,93,139,40,185,95,236,156,145,180,71,141,148,255,126,190,240,12,94,179,50,123,59,66,0,179,255,150,12,255,13,0,255,200,172,0,255,96,54,255,196,119,101,255,211,203,193,0,255,44,147,90,0,96,0,0,0,173,226,78,0,255
155,24,155,61,241,61,133,124,160,210,149,105,195,196,95,81,146,173,132,149,74,247,148,131,62,81,252,175,70,130,73,80,138,87,101,156,132,0,164,255,99,170,48,136,0,122,103,132,80,227,219,35,71,128,107,169,156,77,116,205,248,37,0,255,11,198,255,9,79,58,185,103,255,160,135,219,12,181,145,255,141,189,229,0,69,194,138,172,100,27,0,207,255,162,11,255,66,0,255,146,173,0,255,59,26,255,214,124,43,255,139,180,182,4,255,4,100,79,0,44,12,13,0,99,255,123,68,255
153,22,147,60,237,58,132,112,156,212,160,111,204,179,108,66,121,152,137,127,60,254,108,133,129,68,211,192,93,85,61,122,133,54,110,204,168,0,81,225,151,177,28,163,0,162,125,93,51,222,222,10,55,179,99,170,190,91,164,204,255,82,3,255,47,99,255,0,115,2,121,182,255,179,160,155,63,140,127,239,81,136,189,24,9,160,74,183,62,1,0,131,214,231,4,255,86,0,255,223,177,2,255,67,16,255,180,165,2,255,115,228,112,110,255,0,0,21,0,83,172,0,0,53,255,121,40,255
154,23,154,62,236,63,150,119,163,230,134,133,196,202,83,70,146,157,132,144,72,255,114,130,106,68,213,229,87,107,67,96,127,60,114,229,155,0,149,208,180,163,13,217,0,178,141,109,78,193,211,12,71,164,111,178,206,75,170,214,255,99,50,239,61,48,255,0,123,19,140,154,255,241,160,141,44,165,82,255,120,179,212,89,0,161,79,195,126,0,0,180,207,208,24,214,101,31,235,180,180,0,255,125,0,255,169,143,35,255,105,188,135,85,255,0,52,79,0,78,169,0,0,90,255,110,32,255
153,22,163,65,238,81,117,125,173,204,126,99,167,174,100,98,129,165,136,154,55,211,72,139,100,123,248,189,122,99,95,117,140,53,96,169,165,27,146,172,129,185,0,199,0,159,153,94,101,224,169,87,81,154,92,132,147,76,117,255,255,55,0,255,69,140,255,6,89,76,189,153,255,207,59,151,63,189,114,191,78,134,197,13,25,133,80,247,112,31,33,194,187,166,0,255,90,0,189,111,183,0,255,95,42,255,90,128,71,255,255,137,234,0,250,10,180,151,0,143,42,5,0,114,237,44,54,255
155,22,166,65,236,76,132,117,161,219,128,122,159,178,105,114,123,164,140,134,56,221,77,142,74,138,206,184,126,104,94,123,152,74,101,199,143,20,168,189,141,176,0,197,3,152,152,105,112,219,152,69,89,169,104,155,164,101,178,255,255,84,10,255,59,139,255,0,120,95,170,142,229,222,83,164,50,227,114,205,83,110,225,4,6,140,41,237,132,58,55,156,183,161,0,255,61,0,200,166,199,0,255,111,0,255,132,121,93,255,198,111,232,0,255,0,137,101,0,113,98,0,0,135,208,93,0,255
154,19,157,65,218,61,117,108,171,205,129,81,174,158,112,75,100,169,146,175,73,188,90,117,91,131,233,189,95,100,58,105,117,31,91,170,195,0,107,204,115,216,0,165,0,138,120,107,103,255,229,65,83,89,138,101,135,93,83,239,255,64,0,255,109,143,255,0,76,17,149,176,255,212,29,198,56,197,181,211,154,136,207,13,52,136,146,176,91,34,0,223,222,174,33,255,125,15,186,136,125,0,255,21,59,255,122,80,38,255,220,169,211,28,174,0,172,74,0,61,66,0,0,110,214,113,127,255
155,20,165,65,224,70,120,113,169,215,125,94,153,177,129,84,124,175,119,157,75,191,101,108,90,140,217,205,112,131,70,118,131,40,92,219,200,12,137,199,143,160,11,173,0,156,163,121,88,229,207,90,86,105,151,117,165,79,114,195,255,82,0,255,93,166,255,0,60,0,144,159,255,219,24,183,74,195,133,219,157,130,203,38,60,93,146,208,133,64,53,241,215,140,38,251,113,0,150,157,166,0,255,41,30,255,71,78,74,197,213,144,222,31,174,0,158,113,0,103,84,7,0,102,205,9,87,255
153,18,161,67,224,70,121,124,175,214,125,118,155,195,105,68,141,154,114,137,78,223,102,105,70,156,211,200,117,146,80,86,137,24,84,194,190,31,160,168,185,178,20,164,0,196,192,146,36,197,191,36,73,105,196,103,140,53,78,190,246,11,0,240,99,152,235,9,56,0,150,179,255,198,97,139,56,194,173,255,119,108,229,44,69,102,186,210,115,0,47,225,193,116,30,255,117,25,121,207,183,0,255,0,94,255,102,47,72,179,243,174,201,0,159,130,163,156,0,179,16,46,0,90,229,34,110,255
153,26,168,47,255,98,150,133,168,223,113,154,174,205,89,137,136,213,117,127,67,239,82,135,103,98,199,250,158,115,93,108,163,70,87,255,141,30,149,195,142,139,6,220,0,139,110,149,100,255,207,54,102,210,138,185,211,68,137,239,255,0,21,255,35,100,229,24,69,59,193,142,255,161,141,15,28,153,136,255,69,124,255,90,0,134,189,255,177,0,0,192,207,199,0,255,77,62,255,162,240,0,255,101,35,255,105,183,0,255,249,255,164,0,255,7,127,129,0,226,80,46,0,10,255,45,55,255
155,25,158,55,246,89,146,125,164,225,141,126,181,191,98,108,135,188,126,148,66,255,113,149,93,94,206,225,128,120,91,90,138,72,124,219,137,4,119,195,159,157,17,212,0,154,163,146,82,241,201,71,81,161,164,197,216,65,154,184,255,44,0,255,33,129,255,0,112,62,133,177,255,166,104,115,36,191,134,255,107,90,250,50,0,158,120,215,141,3,0,199,177,174,0,255,45,46,203,197,207,0,255,73,19,255,139,151,16,255,135,185,162,43,255,0,47,72,0,109,126,0,0,29,255,48,73,255
156,22,160,69,225,54,134,112,165,197,124,118,173,167,100,80,118,174,106,143,75,231,96,101,81,116,206,216,128,132,51,88,110,34,136,250,213,0,126,206,183,154,22,194,0,197,141,113,44,238,205,64,75,108,133,108,212,110,130,151,255,42,0,255,110,145,245,0,27,0,85,149,255,217,73,137,72,187,172,230,196,194,228,84,0,128,137,205,159,0,26,191,127,186,69,255,141,17,161,165,195,0,255,19,21,255,94,81,21,234,152,177,168,17,175,6,111,88,0,147,65,6,0,93,255,80,122,255
155,23,162,61,223,63,142,121,168,218,119,109,166,195,85,86,135,178,92,133,84,243,131,102,73,111,210,232,139,144,52,79,155,0,133,255,165,0,174,231,181,123,0,225,0,203,168,104,31,245,208,53,77,132,162,139,170,49,139,148,232,20,0,255,38,119,255,0,24,29,114,157,255,160,127,137,29,254,100,255,159,153,217,93,2,118,172,255,160,17,0,209,125,160,39,236,159,0,227,154,182,0,255,25,0,255,95,68,0,241,77,146,132,20,205,13,63,63,0,129,81,17,0,92,243,41,112,255
155,24,162,56,230,70,134,131,165,223,125,120,159,207,108,99,128,177,83,112,92,245,102,114,84,102,224,249,128,135,60,88,171,3,135,255,185,0,161,226,183,114,26,231,0,219,186,89,28,233,200,51,51,125,151,154,186,15,168,162,255,48,16,255,25,118,255,0,15,0,113,156,255,153,90,110,44,230,82,255,168,199,234,52,7,127,163,255,159,54,11,173,145,181,16,255,133,23,228,146,222,0,255,5,0,255,67,73,0,247,76,145,161,0,227,0,105,167,0,136,107,0,0,71,245,6,113,255
153,23,163,56,239,70,148,129,168,225,122,125,170,197,86,99,143,172,103,130,78,240,95,116,89,117,188,218,139,121,85,87,155,34,110,244,145,0,148,222,181,160,5,194,0,167,122,109,42,248,180,25,107,200,156,162,175,59,138,208,255,7,0,255,61,115,247,0,71,61,153,145,255,170,149,98,38,199,122,255,99,131,239,79,0,136,158,245,141,5,18,204,187,183,0,255,127,18,247,191,195,0,255,72,5,255,110,103,22,255,146,179,145,0,255,15,89,80,0,159,75,14,0,89,255,43,104,255
154,24,164,59,238,74,152,129,161,219,115,126,169,203,81,95,162,173,93,136,79,250,110,106,80,108,189,216,125,142,100,70,150,31,126,250,139,0,167,210,174,157,23,201,0,186,154,125,45,204,142,49,94,163,135,164,169,29,140,190,251,0,27,237,55,121,244,0,61,46,139,134,255,202,139,101,52,209,107,255,105,163,239,102,0,132,135,255,170,21,24,219,191,162,0,255,133,31,212,177,170,0,255,78,0,255,104,96,62,222,153,174,169,0,245,34,73,110,0,150,56,16,0,90,255,8,63,255
153,18,165,66,223,74,119,121,179,213,112,103,155,196,84,75,145,163,127,174,79,191,81,112,85,144,221,211,130,124,73,101,129,12,79,208,182,25,188,150,140,203,0,168,0,168,168,111,94,206,190,58,83,105,164,104,147,56,78,236,255,39,0,227,109,131,232,10,40,39,192,159,255,244,55,139,66,196,169,236,91,120,198,74,50,101,147,218,114,22,26,252,243,134,21,255,137,22,166,172,139,0,255,56,110,255,91,106,87,146,255,171,234,0,159,32,182,153,0,159,26,19,0,121,183,35,40,255
152,20,167,62,242,80,132,128,171,215,118,135,152,197,96,98,133,155,120,135,63,205,59,132,89,133,203,192,124,120,91,114,158,67,68,202,158,55,172,168,154,176,21,179,0,167,124,107,68,225,183,41,115,165,168,108,155,61,105,249,255,32,0,229,116,134,221,45,59,46,219,142,255,192,100,73,60,170,167,239,98,136,238,85,56,128,106,214,138,0,27,185,237,134,0,255,100,30,208,194,181,0,255,48,37,255,81,107,62,218,255,196,208,0,255,60,176,172,0,202,11,0,0,127,235,64,0,255
155,19,167,64,228,76,123,126,170,215,121,117,147,187,111,91,133,162,119,141,78,194,92,125,77,138,218,186,129,131,81,123,156,62,79,213,170,26,166,187,140,164,15,183,0,159,139,107,79,192,150,74,78,125,134,111,146,74,136,248,255,82,0,255,87,142,255,0,56,71,178,109,255,221,42,184,64,206,99,239,120,145,222,22,72,108,91,226,110,89,34,193,252,136,8,255,102,14,206,165,169,0,255,67,15,255,99,97,107,185,205,125,243,0,205,0,149,171,0,72,48,0,0,123,156,5,40,255
157,21,165,66,236,61,134,113,158,217,141,74,158,172,113,88,100,150,172,162,74,146,82,81,80,127,185,173,139,128,73,98,171,91,89,198,137,40,163,212,121,187,24,155,19,135,120,25,83,225,188,76,126,171,124,137,143,130,176,248,242,159,0,204,62,235,206,7,111,69,124,152,173,188,115,172,110,145,142,189,127,144,221,70,116,129,49,157,104,74,86,158,185,138,14,255,45,0,163,227,107,0,176,79,0,255,155,154,105,255,156,91,138,0,232,0,107,20,0,166,116,0,0,138,147,69,0,255
159,23,167,76,238,56,134,118,143,207,150,69,132,154,138,90,81,138,171,154,47,162,110,96,49,131,216,150,100,147,105,124,185,126,83,183,160,70,146,221,144,193,46,158,54,149,98,19,94,188,180,77,87,121,127,133,134,145,159,255,231,158,7,252,69,222,193,53,114,70,104,164,175,189,70,193,96,172,87,188,133,143,255,49,134,103,64,188,107,128,98,117,206,170,43,255,50,4,110,175,154,0,184,77,24,238,99,168,99,255,177,114,191,0,206,0,111,59,0,94,77,0,0,141,212,107,0,255
159,23,176,94,232,36,121,137,165,196,127,81,140,160,121,75,94,142,169,148,54,169,130,129,2,136,220,139,96,177,134,132,161,141,43,204,128,113,197,229,143,197,50,126,129,175,112,73,122,216,127,63,75,101,112,150,121,179,154,245,212,123,0,255,113,204,255,83,99,118,145,60,144,218,76,226,76,226,98,255,198,143,234,0,137,137,67,213,82,111,79,203,255,132,79,255,81,0,175,172,120,0,216,110,4,242,221,76,168,181,143,142,235,0,255,73,160,8,0,35,88,0,0,194,212,128,0,255
154,28,148,53,255,79,142,128,153,220,166,97,215,237,70,89,211,162,147,155,88,255,182,173,82,7,255,226,17,139,76,61,130,158,98,132,64,0,192,245,126,129,23,209,0,141,137,116,85,220,232,48,91,169,125,226,204,26,118,224,251,55,89,233,4,155,255,21,150,122,200,64,255,113,232,237,19,103,85,255,80,255,238,83,38,236,98,158,84,44,0,194,255,197,13,255,35,0,255,175,218,33,255,163,0,255,246,255,1,255,81,201,97,17,255,49,39,138,11,41,72,0,0,9,255,0,62,255
158,24,152,77,230,46,139,106,152,215,141,92,193,171,105,53,124,150,166,158,65,248,178,100,44,86,210,182,71,150,79,74,122,110,94,211,124,0,136,241,156,173,51,121,0,149,140,95,82,176,173,37,71,135,126,206,186,134,181,201,233,150,0,255,54,181,255,0,114,94,99,133,255,237,121,214,56,157,93,255,187,150,219,17,60,169,54,123,116,73,53,175,226,146,15,180,68,7,169,161,104,26,255,78,0,255,245,153,61,255,81,143,160,77,255,0,68,42,0,0,165,0,0,146,255,172,63,255
155,22,158,64,232,67,126,127,165,210,150,102,180,185,109,81,122,175,140,140,76,221,117,162,71,87,254,191,97,142,53,105,151,64,107,197,168,0,177,234,114,155,28,203,0,162,147,107,109,229,202,32,47,88,123,150,162,74,156,232,255,94,0,255,40,144,255,0,58,41,162,124,255,204,43,206,42,183,138,255,179,177,251,0,43,149,117,171,106,48,0,155,255,153,18,255,81,39,206,86,154,0,255,100,15,255,160,80,67,241,167,189,220,43,236,0,169,194,0,45,68,0,0,74,209,112,35,255
154,21,150,68,232,66,123,110,156,197,155,86,163,174,150,78,64,164,162,143,66,220,126,137,47,114,249,186,25,123,112,120,148,87,60,131,185,33,127,192,130,192,37,152,0,151,138,142,147,205,228,32,38,68,130,107,122,108,132,234,255,77,0,255,79,173,255,67,130,0,143,142,233,142,90,195,83,198,151,255,181,202,255,0,94,126,129,123,40,72,19,158,245,191,18,255,20,14,182,154,235,0,255,41,19,255,213,63,36,216,255,234,235,59,204,0,204,142,0,49,45,0,0,100,230,132,44,255
156,23,169,84,239,66,129,120,165,198,131,68,138,144,131,90,63,163,187,161,58,184,129,133,0,160,233,160,91,144,139,126,173,104,49,169,149,78,186,178,159,211,7,149,52,154,140,95,145,189,164,84,97,86,166,116,110,175,117,255,248,74,0,255,126,220,244,125,114,70,163,144,142,175,44,196,61,209,124,242,203,92,252,0,79,93,92,187,113,79,90,199,240,107,0,237,30,17,93,156,208,0,255,39,53,255,155,71,90,167,255,172,255,0,203,140,208,108,0,66,0,0,0,179,207,127,21,255
157,25,181,77,240,55,141,127,166,202,132,112,140,191,129,114,97,171,158,119,59,195,96,124,7,135,188,191,155,152,108,94,204,95,64,222,124,93,196,198,153,171,0,174,103,165,141,80,99,205,139,73,103,185,94,130,154,101,184,255,255,84,23,215,104,152,255,39,160,79,127,76,139,232,49,209,84,241,85,223,180,162,198,69,83,107,34,255,128,72,142,176,209,231,0,255,70,18,247,179,164,0,255,108,0,191,166,105,143,135,144,48,208,0,255,85,142,37,0,76,89,0,0,183,220,35,0,255
157,20,172,86,222,57,132,119,165,200,117,93,135,173,115,65,123,151,144,157,76,193,140,100,15,156,190,169,115,173,120,111,137,66,74,225,176,60,198,185,180,204,23,138,66,176,186,133,103,165,120,75,75,86,154,109,130,121,125,217,218,67,0,255,127,180,255,55,85,48,107,135,217,255,51,206,83,217,104,224,158,110,203,10,71,95,79,233,102,58,115,223,195,83,43,219,114,25,105,175,115,0,255,81,0,222,146,44,183,129,236,129,252,10,184,82,172,71,0,55,67,36,0,196,191,62,13,255
156,21,174,83,233,69,120,135,165,205,130,102,127,173,133,107,93,150,140,128,38,197,99,159,27,181,211,131,124,154,132,134,171,92,80,167,190,93,178,197,142,203,11,187,107,178,158,90,104,175,123,95,49,104,138,100,114,114,152,237,249,77,0,255,103,169,247,49,127,81,176,124,161,245,5,180,85,255,105,206,118,121,222,9,89,99,40,255,111,98,108,160,202,128,0,255,53,17,140,153,214,0,255,83,85,214,115,81,189,175,249,114,255,0,157,102,170,144,0,74,41,0,0,173,166,80,0,255
154,20,169,62,236,84,119,125,169,220,127,121,139,204,118,112,126,169,114,128,62,202,93,144,71,139,243,181,127,116,81,137,187,73,74,209,161,32,186,193,122,145,0,200,9,178,154,122,104,194,153,74,28,119,112,111,110,51,158,255,255,84,15,254,46,120,255,39,73,60,207,123,255,217,45,165,67,225,66,209,88,154,218,1,94,113,62,242,83,71,34,168,246,161,1,255,65,0,221,125,182,0,255,121,32,255,71,137,94,175,209,135,255,11,244,0,194,197,0,98,50,0,0,114,138,30,0,255
158,20,174,80,222,58,114,120,163,201,119,86,144,157,132,73,116,160,150,164,70,174,124,111,41,158,223,154,111,150,99,135,142,87,74,204,179,54,168,203,144,193,21,141,33,141,131,107,129,217,162,72,96,74,133,127,125,136,118,244,252,98,0,255,111,203,255,58,55,53,135,122,223,245,9,225,47,195,87,255,185,88,200,0,101,96,118,212,139,124,74,231,226,107,54,234,100,0,123,149,125,0,255,81,0,255,121,53,125,206,237,145,255,0,198,27,214,102,0,9,99,35,0,160,157,55,61,255
160,21,176,95,213,41,127,99,166,185,123,52,130,151,122,52,108,142,162,202,92,181,180,138,0,157,207,117,63,173,146,143,125,94,69,196,129,77,234,186,157,183,0,73,124,155,135,173,148,232,90,43,111,30,202,103,75,177,138,250,210,72,0,255,160,197,250,144,97,53,99,121,210,180,0,248,27,219,82,255,212,43,227,0,126,85,82,163,99,117,99,255,220,70,101,114,93,0,66,145,142,0,255,20,66,255,170,0,198,149,255,177,255,24,202,96,203,29,0,0,100,0,0,121,175,135,6,255
156,23,170,68,234,81,132,125,166,232,127,125,151,203,104,113,139,168,128,139,71,240,101,135,60,128,215,206,128,129,100,102,158,83,115,215,132,34,215,189,140,156,17,210,37,183,199,127,77,164,130,103,63,132,85,143,156,70,194,248,255,81,55,235,21,137,255,0,138,94,158,125,242,229,68,178,64,255,63,219,95,137,215,23,44,147,10,255,125,65,94,173,173,158,17,255,49,0,198,148,197,0,255,93,0,218,105,124,155,216,146,32,230,0,255,8,145,140,0,94,96,0,0,127,181,25,0,255
154,20,165,59,231,83,119,122,170,222,125,109,156,194,110,98,145,168,123,132,72,218,85,138,90,134,236,213,121,126,79,129,160,68,93,214,140,9,154,184,137,147,11,200,0,167,169,101,79,194,154,76,62,136,113,149,184,59,138,239,255,119,7,255,43,125,255,0,80,98,178,108,255,209,58,176,67,212,87,234,87,141,221,28,74,112,87,222,128,92,44,168,235,137,10,255,56,0,227,156,176,0,255,103,0,255,80,123,82,218,176,136,240,15,255,0,182,202,0,84,90,0,0,105,150,0,11,255
153,17,159,60,224,76,114,118,174,213,123,103,157,179,112,75,121,176,114,155,73,196,97,102,104,141,222,205,134,129,59,103,129,34,85,204,190,0,131,185,132,181,0,166,0,154,157,127,75,235,201,48,57,119,164,105,138,49,93,197,255,37,0,255,64,144,255,0,35,23,148,180,255,207,44,130,56,208,152,232,119,96,212,30,46,96,199,217,105,37,0,237,213,148,26,251,105,0,164,152,173,0,255,38,123,255,79,78,40,218,238,175,225,33,161,6,175,147,0,158,15,12,0,94,206,15,104,255
152,18,158,46,235,85,120,120,168,215,122,131,150,195,124,106,111,177,95,120,75,209,62,113,123,144,221,215,132,92,80,119,157,43,92,210,168,8,107,171,144,153,1,174,0,163,136,128,51,252,210,41,48,148,167,117,156,45,121,217,255,41,0,255,59,111,236,0,65,13,174,151,255,146,64,77,55,193,138,252,65,124,237,16,57,115,190,222,112,49,0,194,199,170,1,255,71,25,233,186,249,0,255,25,53,255,57,80,0,255,198,219,208,17,224,0,175,182,0,165,50,0,0,76,220,3,104,255
155,21,161,59,224,73,111,125,170,218,125,105,161,197,110,85,140,184,102,126,82,230,110,125,91,118,248,225,113,140,59,106,145,21,120,230,187,0,173,200,144,148,37,212,0,189,212,101,50,220,195,63,33,95,137,130,183,24,133,167,252,69,0,255,7,162,255,0,43,16,159,136,255,172,49,133,40,222,133,255,143,173,218,0,39,123,170,235,136,55,0,200,211,121,17,255,88,1,202,113,215,0,255,0,30,255,69,96,32,221,187,138,228,0,184,0,145,211,0,159,39,0,0,116,200,12,60,255
155,23,161,59,224,68,131,121,161,231,131,103,174,211,92,89,142,184,116,133,84,255,125,138,85,93,240,239,112,138,46,94,156,26,135,231,149,0,189,222,148,141,0,255,0,192,233,92,83,202,175,27,51,125,96,177,184,59,159,217,240,79,46,255,0,82,255,0,85,93,120,150,255,195,115,165,23,251,74,255,110,191,194,47,5,152,112,255,128,43,0,170,168,172,0,231,102,9,255,94,148,0,255,99,0,255,97,158,35,255,63,154,214,34,244,0,127,135,0,66,136,0,0,80,215,66,45,255
155,23,155,56,225,59,139,127,156,229,136,114,181,229,89,81,150,193,101,130,110,255,141,130,87,69,235,255,100,153,35,61,160,0,176,255,166,0,200,226,172,110,1,255,0,226,255,107,69,221,184,7,35,95,137,231,205,24,209,128,223,71,31,255,0,106,255,0,48,49,68,138,255,143,133,127,63,255,62,255,142,226,222,20,0,159,142,255,171,63,0,136,113,151,29,179,143,5,252,110,238,0,255,54,0,243,124,127,11,248,10,113,142,13,255,0,111,148,0,119,205,0,0,103,255,89,32,255
157,21,158,61,224,76,122,122,166,211,126,95,155,181,114,88,129,179,113,145,65,232,119,125,89,125,242,253,129,137,62,107,145,51,125,222,184,0,146,177,165,137,0,246,0,190,209,87,107,224,183,88,53,109,136,162,189,49,151,163,248,124,0,255,53,148,255,0,21,33,104,173,255,191,67,142,86,205,98,193,157,167,211,42,0,135,138,243,125,83,33,153,151,155,45,247,58,0,145,128,222,0,255,48,9,255,60,138,22,244,123,109,199,76,212,0,126,165,0,120,134,0,0,134,244,17,87,255
154,22,156,55,235,77,133,120,165,224,129,107,176,218,83,94,150,181,118,133,83,255,123,143,89,85,243,255,91,139,62,106,156,60,145,243,126,0,191,197,148,111,0,254,0,192,234,100,76,214,190,50,66,129,137,198,204,47,197,197,255,43,22,255,12,106,255,0,47,92,142,124,255,152,117,131,60,226,88,255,92,167,221,45,0,163,98,252,167,36,0,151,167,154,21,227,93,0,220,141,237,0,255,73,0,255,111,148,11,255,87,132,193,52,255,0,101,140,0,127,151,0,0,90,255,29,61,255
155,26,164,57,237,85,151,118,147,239,129,133,160,211,115,124,130,185,115,114,72,255,108,129,73,127,200,246,125,132,87,90,161,68,144,248,117,0,195,200,165,130,15,250,0,202,222,135,95,200,157,50,48,162,99,198,180,87,207,198,255,51,63,255,0,93,255,0,133,61,104,146,255,202,119,110,52,243,69,241,101,166,253,59,0,154,95,255,146,38,40,166,149,171,0,255,49,12,204,148,246,0,255,126,0,252,75,105,53,255,109,136,186,0,255,2,101,145,0,118,148,0,0,92,255,4,25,255
154,21,158,66,228,63,129,116,154,213,135,119,179,181,104,81,133,171,139,134,74,227,110,118,85,126,199,193,107,119,77,117,131,65,88,210,163,0,155,211,159,172,23,173,0,143,130,126,67,219,210,43,88,131,132,151,193,87,131,221,255,74,0,255,68,153,255,0,106,47,151,148,255,211,95,179,58,187,137,255,106,121,227,20,31,110,136,219,156,47,32,182,206,163,9,237,114,13,192,158,212,0,255,93,3,255,164,93,52,237,216,191,188,36,247,0,117,92,0,82,91,41,0,91,255,109,23,255
155,21,158,69,233,74,128,110,161,205,131,98,171,170,105,90,119,161,154,166,67,206,95,125,94,112,237,191,111,104,107,107,124,75,92,178,153,26,135,181,130,180,0,177,5,142,156,116,120,217,168,83,91,145,99,134,161,95,164,255,255,91,0,255,79,150,254,8,118,68,156,150,255,234,63,201,86,196,85,200,91,122,218,3,29,142,74,202,131,43,18,204,164,164,0,238,86,0,146,136,192,0,255,119,0,255,155,93,102,255,230,114,195,33,255,0,145,75,0,67,76,0,0,117,234,74,25,255
159,19,162,81,210,45,133,93,160,195,127,72,156,158,115,59,108,159,152,194,80,192,138,98,63,131,207,180,73,132,94,113,108,62,86,178,155,14,166,185,194,200,20,160,21,170,143,117,117,230,194,58,106,56,159,78,154,149,93,208,217,119,0,255,136,165,240,46,93,35,107,166,255,250,49,205,65,232,117,196,191,143,219,46,87,119,145,171,120,61,91,218,165,164,69,176,132,7,103,114,143,0,255,44,0,255,153,85,80,176,222,165,183,86,228,0,130,32,0,46,69,0,0,155,243,122,73,255
155,18,161,76,217,58,122,109,174,209,121,73,171,170,91,55,134,155,146,185,77,205,137,123,73,118,238,185,93,143,92,119,116,47,74,176,155,6,176,186,138,206,1,164,0,146,156,117,123,205,167,62,88,87,136,121,142,107,68,248,231,80,0,252,110,139,253,23,50,105,126,180,255,255,67,214,47,210,132,249,119,134,200,14,70,135,133,201,89,31,27,255,240,128,46,197,103,0,175,134,103,0,255,103,33,255,94,122,99,197,210,182,255,52,213,0,161,91,0,28,71,0,0,127,200,102,56,255
157,20,167,82,223,67,122,120,170,204,117,80,145,168,112,79,116,163,156,183,75,199,147,142,24,146,239,171,110,154,116,110,134,73,63,173,164,44,228,169,143,204,0,148,69,152,173,138,153,207,147,89,71,54,166,125,105,116,109,253,227,67,0,255,91,178,248,95,65,80,139,151,210,238,32,206,46,255,121,255,119,103,217,0,39,118,111,208,97,75,41,239,214,100,33,194,74,11,105,115,170,0,255,55,104,255,125,89,134,150,245,129,255,0,162,50,200,136,0,14,31,0,0,143,177,112,55,255
159,24,162,86,229,46,127,123,167,209,137,76,158,163,115,82,89,167,167,169,74,225,184,146,0,122,255,166,82,160,124,114,151,115,73,189,167,29,227,218,159,168,30,147,48,128,141,105,121,196,173,86,71,49,153,163,147,157,167,241,229,88,0,255,68,216,255,74,43,87,122,134,208,197,61,255,11,255,76,255,231,150,255,0,67,153,133,172,102,99,6,242,225,168,46,167,30,0,130,111,205,0,255,46,17,255,217,74,52,215,138,115,244,39,209,0,145,51,0,0,28,0,0,168,244,192,86,255
156,18,165,80,224,61,119,119,177,197,123,69,147,158,126,73,113,163,164,194,64,178,135,132,40,137,241,163,94,162,114,100,120,84,61,182,193,59,167,183,143,224,0,136,68,149,145,126,156,230,170,63,72,48,181,104,115,126,120,243,247,90,0,255,98,191,255,88,79,0,157,140,239,250,20,221,59,232,135,241,146,73,229,0,109,97,157,151,83,94,21,255,255,113,63,198,55,0,90,127,118,0,255,78,95,255,159,50,132,162,255,164,224,62,144,15,228,102,0,58,13,0,0,145,206,62,60,255
156,20,168,78,232,60,121,104,163,199,129,73,153,138,132,81,81,161,178,176,64,183,123,127,47,143,221,151,73,144,128,131,136,96,59,192,157,58,138,195,146,220,30,130,20,145,149,117,166,238,161,69,92,76,161,120,123,166,131,254,255,94,0,255,111,197,255,80,122,44,155,135,219,194,26,196,53,209,118,230,185,72,251,0,80,114,111,154,121,97,54,216,255,86,34,211,37,3,118,154,123,0,255,31,0,255,166,62,99,206,255,194,240,28,229,22,216,83,0,67,58,16,0,135,236,121,2,255
153,22,160,61,243,77,135,120,164,220,142,98,171,196,103,97,130,181,157,149,63,214,113,148,79,115,214,174,97,127,101,125,173,114,87,200,104,29,171,174,139,156,0,170,0,134,168,115,95,218,180,54,95,140,154,167,172,99,184,255,255,80,0,255,33,193,255,37,130,71,196,95,202,162,114,157,109,196,149,255,66,122,247,2,24,135,43,160,117,24,0,180,243,137,26,255,13,0,179,184,158,0,255,139,0,255,184,159,85,255,237,202,214,0,255,0,166,100,0,139,103,0,0,107,227,91,0,255
156,25,159,59,231,68,138,117,163,220,141,102,191,207,77,83,145,190,149,153,82,250,152,148,65,73,239,215,107,135,43,87,155,73,134,217,107,0,231,235,129,132,0,201,0,150,168,123,78,243,223,57,88,119,137,186,205,77,173,245,255,61,23,255,19,147,255,0,77,72,181,118,255,169,110,205,9,183,118,255,149,183,234,26,7,182,105,194,145,39,0,184,244,162,33,239,60,8,241,114,133,0,255,115,0,255,204,141,27,255,72,186,168,44,255,0,89,95,0,29,99,0,0,87,231,97,89,255
154,22,163,68,232,70,133,125,169,224,132,89,165,198,99,89,144,170,132,151,70,212,112,133,80,123,227,189,110,122,88,107,151,80,97,187,121,4,186,202,136,165,0,189,0,152,154,97,77,189,144,67,77,143,92,137,148,82,157,254,233,71,0,238,41,154,255,11,113,104,179,95,255,222,94,226,76,242,103,216,69,149,206,24,68,146,78,237,74,57,44,202,228,146,17,255,56,2,232,120,139,0,255,146,15,255,158,133,136,255,157,111,185,0,237,0,122,92,0,83,45,0,0,152,224,33,42,255
152,17,162,58,224,77,106,115,177,210,125,101,157,182,116,99,126,163,119,128,57,196,61,150,116,151,229,178,111,110,83,145,151,37,97,169,163,9,126,176,107,178,0,177,0,167,151,84,53,246,175,53,55,134,112,101,156,61,110,243,255,85,0,255,74,114,218,0,83,67,200,136,255,194,39,150,71,208,187,211,41,119,220,17,94,104,119,222,117,43,37,144,219,164,5,255,79,0,210,168,209,0,255,53,50,255,59,92,70,255,220,164,252,0,239,0,182,200,0,153,95,0,0,88,167,32,60,255
155,17,169,70,217,65,108,115,187,211,109,89,153,179,95,65,135,166,138,175,70,173,111,109,88,160,202,186,133,154,76,135,142,54,67,212,181,59,181,186,137,180,0,139,25,129,132,135,72,255,176,77,117,118,176,104,150,106,98,240,255,78,0,255,137,151,250,29,26,36,195,145,255,227,68,163,80,183,192,229,124,74,205,55,79,49,157,198,99,46,51,255,255,120,95,199,100,0,121,206,156,0,236,74,144,255,112,71,93,168,255,150,217,7,177,29,198,89,0,156,75,85,0,126,174,19,66,255
154,20,161,60,229,74,134,119,177,206,117,134,174,198,90,64,132,162,116,143,56,228,62,127,103,134,219,219,144,122,94,88,136,13,110,236,188,31,143,156,182,167,0,181,0,212,210,153,62,210,181,52,51,139,148,164,196,33,126,209,255,57,0,218,94,99,240,0,17,10,150,181,255,216,63,105,109,210,191,238,83,101,239,78,7,126,98,217,117,0,14,162,186,164,20,234,140,4,133,195,145,0,255,49,68,255,115,39,79,217,145,176,165,27,247,41,127,114,0,143,126,27,0,117,191,147,86,255
156,20,159,63,219,76,113,125,176,216,120,97,162,182,103,73,130,181,108,164,75,211,98,127,105,112,245,243,130,139,59,110,129,30,106,227,192,0,165,175,145,156,0,210,0,184,188,97,84,233,204,80,52,101,142,130,190,38,130,171,255,96,0,255,49,154,255,0,0,21,126,187,255,211,46,133,80,213,145,229,133,143,210,42,0,109,174,214,130,59,2,191,186,148,49,248,105,0,147,148,195,0,255,31,75,255,50,113,45,215,147,121,217,56,174,0,126,176,0,172,87,0,0,118,241,20,76,255
155,24,170,58,243,94,135,122,159,221,124,116,141,196,123,136,135,189,115,124,58,225,81,146,88,148,206,213,133,120,96,116,171,62,101,207,150,39,139,165,142,136,1,218,0,172,183,111,90,223,157,98,92,158,134,153,172,105,159,224,255,56,23,255,51,146,248,15,114,41,164,137,251,157,79,117,83,211,114,224,67,123,230,63,9,109,81,255,127,64,57,157,175,130,0,255,50,29,209,178,225,0,255,79,42,255,55,172,70,255,204,178,208,0,215,42,111,143,0,154,115,1,0,62,255,0,29,255
153,22,149,60,238,70,136,101,145,211,152,110,182,161,139,92,84,182,139,153,55,234,96,119,119,125,193,185,87,88,67,117,119,86,89,192,196,5,69,222,150,155,22,148,0,125,107,167,72,255,255,63,92,113,143,139,193,94,128,173,255,33,0,255,118,162,227,37,119,0,133,156,255,124,105,114,82,186,206,206,148,110,252,88,0,82,133,139,148,0,8,225,157,208,17,207,82,9,161,220,193,0,255,21,51,255,142,123,0,255,209,240,96,101,200,0,132,2,7,125,105,38,0,7,255,133,72,255
155,24,155,64,252,67,147,100,162,192,126,110,186,152,105,100,113,179,141,159,43,213,88,106,109,120,175,171,92,62,124,111,112,92,87,211,171,45,46,202,152,178,0,106,0,103,44,165,48,251,231,93,93,162,138,129,194,77,127,181,255,60,6,255,144,165,179,60,141,0,138,135,255,166,134,182,87,136,194,246,139,146,224,120,0,79,94,163,166,0,16,231,201,206,80,216,59,0,192,255,181,0,255,73,19,255,173,90,27,211,255,214,97,24,245,0,63,0,49,147,78,92,0,64,255,142,65,255
155,26,163,57,246,68,166,111,162,213,128,114,175,190,108,108,123,195,123,144,59,238,111,114,73,125,187,219,111,122,98,79,164,47,124,241,174,24,86,217,172,138,0,196,0,145,116,133,54,255,215,84,78,161,165,167,193,101,190,151,255,54,0,255,96,164,244,19,68,0,100,117,255,153,92,141,125,194,161,255,185,145,255,128,0,107,87,169,141,0,0,207,183,194,58,255,82,0,139,220,203,0,255,72,0,255,118,65,2,240,147,197,144,0,255,26,46,9,0,134,130,0,0,81,255,47,99,255
157,20,155,68,220,45,140,105,169,200,120,111,179,166,104,72,106,168,118,158,69,204,104,81,83,124,190,219,126,116,51,88,101,19,110,233,215,0,92,230,161,176,11,173,0,169,98,121,67,255,254,59,108,126,187,117,195,108,90,152,255,79,0,251,137,121,237,0,44,0,99,208,255,212,119,145,49,198,200,239,156,129,177,111,13,135,163,172,109,0,2,195,144,198,76,239,156,0,180,183,148,0,255,0,42,255,118,72,0,255,89,189,98,84,194,0,85,0,17,82,105,5,0,86,255,130,142,255
152,18,156,54,235,82,116,110,179,202,116,103,167,156,97,88,99,179,133,175,57,182,52,117,127,125,214,212,120,107,93,113,92,48,50,191,202,43,79,174,105,222,0,140,0,129,109,142,138,255,253,61,94,123,166,100,172,71,39,212,255,25,0,255,108,117,188,17,76,26,201,206,255,174,76,70,43,176,255,236,90,60,226,62,5,101,207,211,123,0,0,255,241,153,16,255,102,0,230,204,183,0,255,25,157,255,99,124,16,255,255,255,226,68,174,0,208,61,10,202,20,33,0,30,255,130,59,255
155,18,165,70,232,70,133,113,173,203,113,110,160,161,95,76,127,164,148,169,67,182,94,106,67,145,188,179,130,135,98,113,118,88,58,213,161,48,160,172,167,185,5,140,2,126,112,145,112,233,182,78,132,142,177,128,165,119,94,254,255,63,0,255,130,166,223,49,69,51,170,149,255,240,88,150,65,154,159,235,129,71,243,49,25,93,123,167,130,19,62,244,232,125,46,249,119,2,125,191,142,0,255,85,69,255,142,86,108,189,255,197,218,22,217,29,189,75,0,130,48,61,0,117,224,80,39,255
156,19,169,82,229,70,131,108,173,202,119,86,137,170,117,81,107,149,161,180,69,172,112,132,41,152,215,162,103,142,111,117,137,83,57,175,145,85,176,170,157,200,0,142,67,157,162,135,133,219,129,57,112,122,199,105,115,150,114,255,255,72,0,255,136,167,237,88,113,67,144,183,222,235,38,199,69,180,106,200,135,54,234,20,88,93,93,164,96,17,84,221,206,83,5,247,111,0,86,155,155,0,255,64,82,255,96,83,166,198,255,129,251,0,224,99,188,76,0,56,64,27,0,148,205,70,3,255
153,14,166,61,219,90,101,116,196,218,105,86,151,186,93,87,138,174,131,194,62,175,91,108,117,162,238,216,156,135,58,121,148,9,71,176,161,26,181,143,84,202,0,158,0,147,164,123,127,255,196,101,65,106,181,132,154,62,63,218,255,102,0,255,102,102,246,23,45,54,212,187,255,254,19,83,42,232,177,219,65,64,185,53,48,47,179,199,96,60,7,255,255,110,77,195,61,0,138,167,179,0,214,51,219,255,20,165,71,120,255,142,246,26,146,3,206,183,0,229,52,27,3,92,198,0,6,255
155,19,159,69,222,69,115,103,171,200,107,80,182,147,79,72,125,178,168,196,74,168,87,110,111,112,218,196,119,118,91,111,80,56,44,184,186,14,118,183,98,221,0,148,0,96,105,106,180,255,216,78,148,106,134,123,169,84,58,255,255,69,0,234,111,155,224,33,51,93,147,211,255,255,45,153,25,176,164,215,131,81,195,41,0,129,190,229,169,47,12,255,229,141,27,222,123,4,194,128,72,0,221,74,37,255,134,161,82,255,255,235,224,59,181,0,209,60,8,78,78,68,0,33,224,127,61,255
154,19,157,63,223,65,126,106,167,212,113,106,180,177,93,72,124,178,154,167,81,184,85,108,112,105,216,232,124,113,77,105,104,37,58,219,192,0,139,193,118,188,0,157,0,126,132,122,143,255,237,49,104,130,141,146,184,65,109,255,255,92,0,249,92,129,240,7,30,41,142,200,255,239,84,141,55,187,160,234,96,97,210,50,0,134,178,188,126,21,0,211,221,164,33,231,125,4,186,158,96,0,255,76,47,255,138,104,44,255,204,226,160,59,227,0,169,75,0,83,115,21,0,54,227,132,69,255
155,19,160,59,218,67,117,124,183,214,119,97,163,177,95,69,120,176,106,166,78,199,97,89,95,126,228,237,160,136,35,84,128,0,97,226,204,0,147,202,148,170,0,184,0,170,144,90,58,255,234,65,68,117,173,114,169,60,95,181,255,66,0,255,78,129,255,0,1,7,144,193,255,199,76,136,23,205,162,255,137,112,190,48,17,107,225,239,102,62,0,230,189,162,76,255,114,6,206,157,166,0,255,0,119,255,88,92,0,255,154,160,180,20,140,7,123,113,0,183,33,27,0,82,236,51,158,255
154,20,156,56,220,61,126,121,179,213,119,109,165,173,87,67,115,175,94,152,87,218,101,78,94,105,221,255,167,140,22,75,111,0,116,255,222,0,140,216,170,150,1,199,0,210,160,96,63,255,255,45,58,96,197,121,198,48,98,128,255,45,0,255,68,111,242,0,0,0,108,207,255,166,98,80,0,206,164,255,168,126,222,53,0,115,248,228,146,53,0,225,110,146,95,255,121,22,226,161,185,0,255,0,60,255,74,79,0,255,127,210,141,25,162,0,125,113,0,215,60,0,0,45,237,93,153,255
153,21,161,56,228,78,122,125,170,211,125,115,159,199,108,87,134,172,95,126,73,226,92,112,92,131,236,218,136,127,67,102,162,9,110,229,182,0,147,190,160,144,1,198,0,187,171,108,52,235,203,44,51,142,159,130,163,18,123,184,255,46,0,255,51,137,255,0,10,13,160,156,255,169,73,117,45,213,118,247,126,148,220,42,49,108,183,231,117,38,0,195,205,162,7,255,108,3,204,152,207,0,255,24,42,255,68,74,0,239,180,166,178,13,212,29,133,183,0,161,48,0,0,107,222,0,98,255
156,17,157,61,217,74,111,121,184,212,119,92,168,171,92,61,128,169,128,185,62,211,92,111,110,115,224,252,152,124,78,120,112,48,79,212,171,12,140,172,155,191,0,187,0,160,143,92,100,232,205,85,52,132,128,148,199,66,70,218,255,140,0,229,99,96,212,0,16,89,118,204,255,255,89,155,68,160,143,222,100,114,171,72,11,132,188,218,67,81,29,186,254,198,93,225,84,0,196,215,169,0,199,50,92,255,59,150,23,219,92,149,252,99,193,0,139,136,0,109,94,0,0,91,247,7,136,255
155,24,167,59,242,79,123,128,173,217,129,107,182,189,74,97,163,180,161,160,72,244,106,161,65,93,221,197,118,133,94,108,132,116,84,182,123,14,207,207,115,181,3,179,0,106,140,96,95,224,172,93,112,180,104,174,205,78,111,255,255,92,51,255,24,179,240,0,84,160,212,94,255,178,109,222,29,158,156,255,86,153,198,3,1,189,48,235,121,83,0,150,255,131,1,255,6,0,255,144,157,0,255,99,0,253,186,147,64,255,185,134,246,0,255,0,168,172,0,65,58,34,0,111,188,54,46,255
156,23,168,73,237,76,125,132,172,209,122,94,147,184,107,92,135,168,156,161,63,195,103,134,56,115,247,184,98,127,126,122,161,107,60,178,131,66,204,175,131,174,0,164,50,143,135,104,103,190,169,89,71,98,125,138,148,80,137,255,249,100,1,255,72,180,255,73,90,100,189,104,221,219,65,218,61,193,84,255,114,134,221,0,86,127,77,220,111,90,44,215,255,129,55,255,41,5,195,140,193,0,255,126,17,255,128,121,130,178,225,142,255,0,244,45,182,149,0,67,23,0,0,138,180,55,0,255
156,22,162,71,229,64,131,120,167,223,136,100,169,182,111,82,126,168,154,164,74,223,119,131,47,114,233,198,98,128,72,98,135,77,95,197,156,10,165,205,135,186,19,188,0,156,164,113,101,201,185,68,76,111,130,152,161,105,143,237,255,105,0,255,53,170,255,0,93,55,127,156,251,235,61,232,55,197,93,255,162,160,218,0,56,172,79,167,113,61,1,193,196,150,31,255,57,8,187,132,125,0,255,84,0,255,145,102,92,253,143,113,237,15,255,0,156,108,0,33,106,0,0,150,195,78,43,255
153,21,162,61,233,78,122,128,167,216,138,99,164,181,121,100,115,175,133,148,68,200,71,141,94,120,248,210,114,115,58,121,153,62,103,187,181,1,171,192,130,160,0,229,0,164,149,85,103,223,208,66,74,113,104,122,152,92,153,255,255,90,0,255,56,135,255,0,72,32,186,145,255,198,56,173,64,221,137,214,104,138,216,7,41,124,94,222,87,71,12,160,231,185,18,255,78,5,195,98,195,0,255,77,78,255,99,97,39,253,223,167,217,24,203,0,174,175,0,125,31,0,0,81,220,45,32,255
154,16,165,61,223,81,101,125,175,210,121,103,144,188,120,88,137,170,121,154,78,181,89,116,107,149,250,196,145,120,69,120,157,70,68,183,186,28,148,166,125,157,1,163,0,135,138,106,77,222,185,77,80,119,143,106,160,77,118,255,255,132,0,255,84,166,255,8,47,56,206,139,255,205,29,186,81,205,107,229,89,127,174,0,88,105,130,192,97,144,8,227,255,99,30,255,36,0,198,150,177,0,255,54,106,255,71,101,75,220,255,154,223,0,183,0,185,234,0,88,18,35,0,123,128,0,68,255
152,13,170,62,228,85,86,124,186,193,120,115,129,191,125,83,131,157,124,148,57,164,54,100,100,185,248,172,151,127,77,113,184,30,59,157,207,83,149,126,128,179,11,157,0,163,170,121,49,214,194,81,88,116,184,78,132,77,73,255,255,88,0,252,163,185,255,29,45,25,255,179,255,192,34,130,71,142,166,216,81,99,160,24,151,74,135,175,92,101,55,222,255,100,9,255,40,0,154,195,150,0,255,0,175,255,63,109,98,176,255,213,241,0,173,127,213,255,0,253,0,58,0,154,133,7,46,255
154,10,167,64,217,90,72,112,190,186,116,91,131,172,111,71,151,127,128,172,60,164,49,119,138,174,251,139,127,133,107,150,171,68,68,102,166,101,144,103,119,181,5,112,14,136,161,101,76,219,159,110,70,91,138,104,167,81,84,255,247,159,0,255,145,118,244,22,62,91,242,139,255,230,11,172,60,161,130,188,68,114,155,0,173,87,95,149,96,145,95,255,255,56,90,255,0,0,151,213,175,0,213,29,174,255,72,103,172,193,255,199,233,10,170,14,212,255,0,175,81,100,0,104,82,0,0,255
