155,39,170,58,255,91,146,130,145,214,179,116,155,241,172,145,106,196,140,80,0,255,141,120,165,85,161,172,63,109,196,119,201,154,86,134,105,109,206,216,109,35,120,158,35,49,114,159,43,255,211,0,240,255,0,255,54,0,134,255,255,0,120,253,186,186,140,207,207,104,181,149,255,111,210,4,51,139,214,255,39,126,173,123,91,10,255,255,207,175,3,230,255,104,218,42,0,60,255,151,255,0,255,80,0,255,38,255,24,110,255,107,3,0,196,216,255,255,0,216,51,179,0,0,255,189,255,255
155,28,175,67,255,64,141,123,137,215,171,130,125,214,230,149,34,177,128,52,0,255,114,132,92,167,174,110,130,116,155,124,228,179,83,154,110,136,91,254,68,84,104,153,112,80,45,136,9,255,169,0,154,255,0,164,42,1,210,255,211,111,93,161,168,123,137,166,255,134,197,159,186,186,188,30,127,213,113,212,73,130,253,196,91,31,189,255,255,255,69,210,255,107,64,157,0,53,255,203,255,0,255,61,0,255,89,240,112,121,255,138,0,46,158,145,26,211,0,79,185,48,0,129,238,199,100,255
161,43,169,78,255,74,149,129,153,231,186,76,160,201,122,58,196,120,186,98,0,255,230,84,107,172,158,170,77,139,169,72,120,106,32,111,145,111,157,160,166,184,118,155,0,148,114,164,47,252,227,112,89,203,103,237,104,0,105,215,255,147,14,135,180,221,191,166,255,106,175,142,255,125,126,30,72,83,252,255,37,96,222,255,91,45,141,161,124,0,24,212,255,84,94,97,0,125,119,255,108,6,116,253,0,255,137,255,111,136,255,109,0,2,255,236,0,124,16,255,188,83,0,99,255,236,95,255
170,43,161,67,255,65,129,108,150,248,207,31,99,194,175,42,96,105,179,88,0,255,193,33,71,255,129,168,162,95,127,144,59,113,69,181,196,133,86,83,144,142,84,141,59,145,88,178,100,255,138,166,90,93,66,174,65,65,153,151,255,250,32,167,77,72,95,105,243,1,7,162,255,2,0,192,49,75,233,255,100,201,159,196,78,20,153,131,18,0,0,180,255,210,230,104,0,86,225,255,4,1,2,66,0,186,179,139,180,206,120,0,0,0,93,28,92,79,15,208,255,67,106,87,147,255,19,255
158,38,187,50,255,50,147,127,133,225,191,115,135,233,188,132,45,144,154,37,0,255,165,94,73,228,106,112,93,103,151,128,222,186,101,178,76,122,140,246,83,91,121,130,53,143,17,104,0,255,123,0,210,255,0,204,4,0,189,255,255,153,61,85,103,155,147,127,255,106,167,153,225,143,0,0,123,140,255,182,79,92,205,221,133,34,93,255,193,164,15,210,255,14,126,253,0,107,188,128,128,0,133,36,0,255,84,206,80,255,255,103,9,22,145,245,128,224,0,177,246,43,0,101,233,177,42,255
154,35,142,49,255,103,153,106,103,192,209,79,133,182,111,72,72,132,177,139,0,255,112,92,177,1,125,153,55,69,192,104,144,206,42,140,127,69,154,211,133,138,52,160,0,134,17,88,79,255,238,76,152,235,117,200,111,0,194,255,255,131,170,193,247,132,248,194,146,41,122,255,255,153,162,69,34,0,139,255,71,170,184,77,33,0,106,210,119,150,0,209,255,195,255,163,23,0,175,200,198,0,142,145,0,255,114,255,78,176,255,108,0,0,210,178,64,255,0,255,0,49,0,26,255,133,0,255
159,40,163,64,255,97,168,134,147,194,168,103,209,207,39,101,187,169,176,131,4,255,166,147,168,0,175,178,65,66,166,65,201,152,72,74,49,128,240,217,164,136,108,152,0,65,0,103,65,255,255,85,252,255,37,219,158,0,128,255,255,49,166,255,150,227,255,181,227,88,214,195,255,104,255,58,2,0,164,255,181,151,204,176,0,13,127,189,169,67,0,225,255,190,141,237,89,7,255,255,255,0,176,250,21,255,195,255,111,240,255,233,61,0,255,234,0,164,24,255,0,229,0,0,255,59,29,255
152,34,152,43,255,102,156,119,119,212,174,109,159,253,141,118,112,163,145,129,0,255,171,123,126,62,153,157,3,91,215,131,155,217,73,121,100,65,214,245,93,66,26,187,0,59,28,158,57,255,255,73,154,255,135,224,137,0,151,255,255,55,188,255,204,128,179,203,138,99,255,95,255,132,206,139,25,135,195,255,0,166,159,113,84,56,172,255,76,134,0,255,255,108,202,163,0,0,255,157,255,0,255,35,0,255,163,180,0,250,255,98,0,0,202,200,70,255,0,169,0,136,0,82,255,59,106,255
152,29,151,59,255,97,152,106,115,213,166,120,136,199,175,122,56,171,121,107,0,255,93,126,195,125,126,134,84,20,217,161,137,152,104,138,140,58,118,194,145,102,45,167,22,79,53,147,115,255,214,39,121,247,34,223,123,25,213,238,255,57,136,255,163,78,202,165,198,42,165,110,255,202,184,81,40,201,68,250,12,94,191,44,102,46,219,255,125,168,0,209,223,172,166,147,0,0,255,216,255,0,255,177,0,255,140,122,87,246,255,145,5,0,216,88,106,174,0,123,58,36,0,98,240,151,106,255
155,33,176,79,255,53,131,130,118,182,168,147,145,203,173,158,29,172,108,0,0,255,64,97,149,153,148,78,178,39,215,112,236,136,157,132,66,54,167,217,97,74,131,96,84,109,0,43,0,225,109,0,192,255,0,211,92,160,255,255,223,4,90,224,159,120,161,179,255,12,159,163,255,212,113,62,0,152,61,255,98,64,247,0,215,50,219,255,211,225,131,189,255,247,79,178,0,0,255,162,255,8,173,115,0,255,167,86,155,255,255,192,121,0,255,255,119,132,0,38,52,103,0,88,255,245,62,255
153,36,155,25,255,96,150,115,108,232,167,138,130,255,163,143,92,162,159,36,38,255,130,100,103,161,139,255,0,51,220,147,143,255,86,177,36,65,175,237,162,71,59,103,44,209,60,161,31,208,222,7,132,255,77,255,170,4,210,255,255,44,163,161,83,26,255,121,238,141,158,104,255,160,84,0,121,90,158,236,0,255,218,117,14,0,134,225,126,84,0,248,255,157,255,255,58,0,130,75,255,0,178,19,0,255,87,147,115,235,255,33,0,0,68,181,243,255,0,128,96,136,0,119,255,0,158,255
153,31,158,49,255,93,153,119,108,217,170,131,133,227,192,161,53,190,120,68,0,255,105,133,147,117,150,160,51,51,194,143,190,180,121,168,115,33,143,224,130,63,87,184,4,109,51,131,59,255,214,0,126,255,21,255,104,51,254,255,255,43,144,255,114,101,224,145,174,46,166,116,255,176,163,19,95,203,123,255,37,120,219,39,104,38,191,255,127,155,0,202,255,162,164,186,0,0,232,178,255,0,255,86,0,255,59,159,0,177,255,133,22,0,163,87,131,255,0,111,91,0,0,58,255,84,100,255
152,31,169,42,255,95,152,129,121,235,150,165,138,255,210,201,56,217,104,20,25,255,75,142,106,166,171,231,54,76,153,143,232,193,134,204,98,43,157,237,144,51,80,236,0,138,84,167,40,255,190,0,115,255,10,255,96,70,255,255,255,0,150,255,48,68,250,129,185,79,156,81,255,157,145,0,106,255,133,255,40,188,255,49,92,87,230,255,160,90,51,134,255,242,105,224,0,0,238,119,255,0,255,59,0,255,12,112,0,174,255,116,63,0,226,137,253,255,0,129,96,0,0,54,255,6,193,255
149,36,146,43,255,102,161,104,86,227,151,137,73,255,216,156,15,185,133,36,0,255,93,64,155,202,86,255,33,2,248,189,151,158,80,197,76,54,225,103,165,17,28,165,0,169,77,141,109,255,255,15,133,255,52,255,153,56,255,255,213,44,243,255,162,0,255,255,192,0,95,114,255,171,131,0,49,238,104,255,0,255,124,118,87,0,255,255,74,136,0,255,255,255,255,202,32,0,255,19,255,0,81,49,0,122,91,58,176,144,255,87,0,0,182,155,255,255,0,203,195,183,31,188,255,0,71,255
153,39,158,8,255,94,156,134,104,255,201,157,99,255,207,190,104,161,143,0,121,255,188,92,47,216,145,255,0,145,195,124,116,255,99,225,32,36,255,188,208,0,68,180,0,255,224,233,18,176,255,0,154,255,74,255,208,47,213,255,238,0,255,130,0,0,255,50,255,174,0,146,255,0,0,0,63,243,182,255,0,255,203,132,0,25,252,255,173,0,36,255,255,255,255,250,228,0,188,0,255,0,94,0,0,65,0,59,193,109,156,0,0,0,11,255,255,255,0,151,167,215,0,0,255,0,201,255
158,36,156,10,255,52,113,118,125,245,213,127,112,255,173,122,109,140,212,13,91,255,167,85,11,255,146,255,0,126,178,139,122,255,35,171,0,130,83,255,146,86,0,0,189,234,165,224,0,151,225,0,158,255,203,240,208,0,139,255,217,164,52,0,0,91,224,0,255,255,104,191,242,15,0,12,225,80,240,248,0,255,223,160,0,48,101,186,161,166,0,202,255,109,255,255,0,0,59,82,0,0,0,0,0,255,214,209,210,239,68,63,0,0,0,209,255,255,0,36,255,255,0,17,255,0,147,255
154,5,174,0,255,0,97,111,205,197,255,171,218,214,255,159,36,106,255,0,144,255,207,12,0,255,62,225,0,140,105,255,241,255,153,181,0,255,0,255,0,0,40,0,246,162,112,255,0,255,0,0,148,255,139,197,0,0,66,255,255,148,0,0,0,0,185,0,255,255,0,255,0,14,0,0,255,6,255,0,100,255,255,160,0,255,108,255,255,255,236,255,255,0,255,255,11,157,177,0,0,0,0,0,172,255,255,168,255,255,0,255,68,255,0,255,255,255,0,0,255,255,0,0,44,0,244,255
153,16,162,0,255,0,114,103,168,219,211,161,170,192,248,121,43,118,255,0,136,255,131,43,0,255,96,255,0,85,171,255,161,255,68,227,0,219,0,255,82,36,0,0,255,241,103,255,0,255,60,0,144,255,174,204,0,0,66,255,227,232,0,0,0,0,188,0,255,255,0,255,0,0,0,0,255,63,255,0,0,255,255,167,0,161,163,255,239,255,43,193,255,0,255,255,38,0,98,0,0,0,0,0,46,255,255,150,255,255,0,255,0,3,0,255,255,255,0,132,255,255,0,0,71,0,215,255
157,21,170,0,255,0,65,101,166,227,246,136,125,176,223,105,84,119,255,0,98,255,153,115,0,255,68,253,0,107,169,255,156,255,47,249,19,192,0,255,90,125,0,0,255,168,197,255,0,190,0,0,255,255,219,241,0,0,86,255,213,171,0,0,0,20,133,0,203,255,4,255,0,0,0,0,255,0,255,0,24,255,255,110,0,128,29,255,193,255,0,36,255,0,255,255,0,0,109,21,0,0,0,0,143,237,255,248,255,255,0,255,65,160,0,253,255,255,0,0,255,255,0,3,23,0,105,255
152,21,154,9,255,0,82,89,151,199,179,144,133,172,198,104,101,131,255,0,46,255,88,98,31,255,77,237,25,63,197,255,182,193,0,235,16,158,0,255,79,138,0,0,252,213,112,255,0,255,87,0,207,255,222,142,73,0,120,255,205,188,41,0,0,50,125,0,171,255,34,166,0,0,104,0,255,128,251,105,3,255,208,47,0,187,102,255,146,255,0,15,255,126,255,255,0,0,255,80,1,0,0,0,121,209,255,145,139,255,45,255,51,48,0,236,255,255,0,78,255,154,0,25,33,0,64,255
160,28,166,35,255,20,85,98,163,235,178,160,134,207,158,107,106,111,255,66,79,255,119,96,51,255,4,240,26,110,142,209,164,215,0,228,0,175,28,245,36,169,0,0,255,159,139,242,64,183,252,0,211,255,255,203,156,0,145,255,255,255,129,0,0,236,184,0,248,176,39,216,0,0,111,27,255,134,215,34,255,255,109,111,0,182,4,78,176,219,104,73,255,82,255,246,0,0,255,140,0,0,0,0,68,255,255,158,107,255,0,211,0,184,92,255,255,255,0,124,255,99,122,66,0,0,81,255
161,34,165,35,255,1,60,74,159,234,182,114,142,168,161,70,130,111,255,50,44,255,176,156,51,255,53,249,0,164,191,232,174,185,0,236,2,89,0,255,2,183,0,0,247,165,92,249,0,129,184,0,255,255,255,230,155,0,100,113,226,223,130,0,0,231,216,0,246,112,79,190,33,0,126,45,244,96,255,97,126,255,58,77,0,73,7,109,171,192,176,37,255,87,255,164,0,0,152,155,0,0,0,0,74,225,255,185,150,255,3,163,0,191,0,188,255,255,0,54,255,255,0,0,196,32,0,255
159,32,163,29,255,24,67,101,142,240,172,128,99,226,164,99,115,119,255,50,83,255,101,107,84,255,26,255,31,89,152,235,139,243,0,240,0,136,0,255,15,169,0,0,255,255,147,244,0,151,255,0,198,255,255,204,165,9,174,255,163,255,81,0,0,226,167,0,162,255,0,181,0,0,63,0,247,154,197,119,148,255,178,80,0,86,0,101,208,255,0,75,255,83,255,184,0,0,255,74,0,0,0,0,82,255,189,158,179,255,39,248,51,96,1,255,255,255,0,107,255,109,75,89,5,7,157,255
162,36,173,60,255,13,57,87,166,236,189,110,159,224,172,71,139,128,255,83,15,255,164,152,66,249,64,204,49,169,148,185,165,185,0,211,14,97,58,247,0,154,14,0,179,150,129,230,0,108,185,0,247,255,215,247,135,0,126,101,214,126,116,0,0,255,139,0,255,84,97,132,63,0,149,59,203,110,208,106,206,255,111,164,0,99,29,173,192,225,255,65,255,77,235,90,0,9,214,127,10,0,0,0,121,255,255,235,142,255,64,178,0,231,0,246,255,181,18,3,255,255,0,0,221,130,111,255
154,21,158,0,255,10,84,98,149,218,178,135,84,221,220,144,51,113,255,0,88,255,96,103,84,255,27,255,12,16,189,255,188,220,0,245,14,172,0,255,78,107,0,0,255,226,102,255,0,254,117,0,224,255,244,145,89,0,167,255,176,212,30,0,0,0,184,0,150,255,0,241,0,0,19,0,255,118,255,35,37,255,255,39,0,95,102,255,93,255,0,155,255,184,255,255,0,0,255,0,0,0,0,0,84,255,213,92,171,255,0,255,114,96,0,255,255,255,0,11,255,94,0,38,0,0,82,255
161,30,172,43,255,0,43,103,174,237,204,130,158,223,191,107,156,121,255,60,70,255,198,115,46,255,64,255,27,124,80,240,164,204,0,236,0,125,8,255,0,126,0,0,229,217,150,255,0,122,156,0,205,255,175,229,126,28,114,255,229,136,49,0,0,255,154,0,255,255,46,161,0,0,165,69,255,93,222,53,210,249,149,46,0,175,20,239,193,255,164,24,255,4,255,218,0,37,255,78,21,0,0,0,255,255,255,255,99,255,0,241,0,244,0,255,255,133,0,0,255,196,0,0,139,35,169,255
160,23,176,13,255,0,52,106,176,218,226,159,137,229,205,141,95,112,255,53,71,255,180,44,54,255,50,246,72,88,109,255,202,228,0,218,24,207,24,255,0,143,0,0,237,153,115,255,0,173,124,0,217,255,178,104,76,26,147,255,255,147,42,0,0,152,212,0,255,255,28,255,0,0,55,0,255,53,215,0,230,255,164,59,0,234,71,255,160,255,99,177,255,30,255,255,0,120,255,0,2,0,0,0,182,255,255,211,90,255,0,255,66,255,0,255,255,205,0,7,255,243,0,0,96,0,76,255
157,25,165,0,255,0,73,98,153,223,182,144,118,154,179,106,81,116,255,0,102,255,105,97,27,255,2,247,0,73,214,255,126,255,0,255,0,175,0,255,61,100,0,0,255,255,181,255,0,218,50,0,184,255,255,237,56,0,94,255,221,255,42,0,0,69,99,0,161,255,0,255,0,0,0,0,255,78,235,42,91,255,206,66,0,135,16,255,170,255,0,30,255,0,255,255,0,0,198,42,0,0,0,0,160,255,239,92,211,255,0,255,107,127,0,255,255,255,0,44,255,225,0,0,0,0,188,255
155,35,154,28,255,47,70,95,118,225,174,87,45,240,134,77,124,73,255,51,66,255,102,121,154,255,0,255,105,21,169,255,103,152,0,239,47,120,0,162,42,187,0,23,255,255,89,188,9,179,255,0,223,255,255,138,194,81,219,255,98,232,42,0,140,68,214,0,86,255,0,207,60,0,13,0,163,194,209,210,4,213,141,0,0,31,59,213,97,145,0,59,255,237,255,90,0,0,255,102,0,0,0,0,124,244,92,96,183,255,132,255,77,0,11,255,255,218,0,115,255,0,134,108,7,118,181,255
159,24,163,21,255,6,84,113,174,220,162,143,132,168,165,113,75,120,255,3,78,255,108,83,32,255,59,239,21,114,182,229,127,185,0,232,0,201,0,255,64,119,0,0,255,122,168,249,17,223,191,0,241,255,208,144,141,0,94,255,210,255,42,0,0,141,107,0,190,239,42,232,0,0,100,0,209,143,184,0,187,255,228,187,0,162,139,214,147,255,66,95,255,130,255,255,0,38,245,140,0,0,0,0,142,255,255,143,203,255,0,255,0,168,0,231,255,255,0,71,255,215,0,50,9,0,106,255
159,30,172,26,255,0,56,91,176,239,171,134,159,180,191,97,93,126,255,65,54,255,119,123,46,255,58,247,13,122,173,208,173,210,0,242,0,172,0,255,0,130,0,0,255,181,148,255,11,209,176,0,255,255,255,255,129,0,66,206,233,243,79,0,0,236,155,0,255,180,77,178,0,0,170,7,255,168,240,77,163,255,112,101,0,179,59,181,178,255,228,76,255,57,255,223,0,7,255,116,0,0,0,0,175,255,255,205,123,255,0,255,0,178,0,255,255,255,0,82,255,255,0,0,96,0,145,255
155,22,166,5,255,0,87,100,155,208,170,140,138,189,171,129,78,141,242,0,36,255,116,85,43,255,24,195,64,88,188,207,184,226,0,215,24,185,0,255,47,138,0,0,235,138,86,255,0,255,42,0,174,255,208,188,52,0,105,255,155,181,0,0,0,62,136,0,249,255,0,204,25,0,99,0,255,126,194,52,135,255,255,130,0,198,121,255,88,255,11,41,255,98,255,255,0,0,255,103,0,0,0,0,144,255,255,152,129,255,0,255,75,129,0,255,255,255,0,93,255,197,0,0,112,0,56,255
164,32,188,48,255,22,48,106,191,236,192,154,123,190,181,104,108,151,255,46,37,255,154,44,63,241,58,225,154,142,127,222,148,182,0,251,38,186,38,238,0,203,0,0,255,55,195,255,0,104,228,0,255,255,172,96,71,42,137,255,255,192,67,0,0,255,161,0,255,146,102,255,3,0,39,0,62,45,149,0,207,255,80,183,0,157,80,255,116,255,205,189,255,9,255,165,0,42,223,18,0,0,0,0,13,255,255,255,221,255,37,140,4,255,0,255,255,163,0,0,255,255,0,55,68,0,204,255
159,32,160,43,255,20,59,95,154,228,189,130,132,218,153,86,128,114,255,63,64,255,117,134,68,255,38,255,43,105,136,230,160,192,0,215,0,129,0,241,4,177,0,0,255,201,118,235,12,155,220,0,244,255,255,234,152,28,154,255,237,179,103,0,0,208,196,0,233,196,51,176,17,0,107,21,248,129,223,131,161,255,63,30,0,153,28,138,178,207,37,0,255,157,255,180,0,0,255,125,6,0,0,0,178,255,255,205,107,255,0,206,0,132,12,255,255,246,0,64,255,121,68,0,88,67,106,255
162,31,176,14,255,4,81,78,150,234,176,141,136,181,154,109,93,119,255,32,52,255,190,122,39,255,0,226,38,137,197,234,184,204,0,249,0,134,0,255,0,160,0,0,228,120,62,255,30,221,91,0,255,255,255,245,123,0,83,203,243,197,105,0,0,174,219,0,255,114,21,219,119,0,111,0,224,86,255,100,162,255,71,65,0,154,78,231,91,221,115,48,255,124,255,255,0,0,228,171,0,0,0,0,151,255,255,177,130,255,0,255,0,152,0,255,255,255,0,89,255,255,0,0,177,0,33,255
160,36,165,73,255,28,56,84,152,246,173,100,176,252,151,65,191,107,255,98,39,255,133,182,67,221,85,221,43,153,135,166,178,132,0,200,0,33,61,189,0,188,57,23,142,224,94,235,0,110,221,0,180,255,222,255,134,47,154,0,181,88,174,0,0,255,152,0,244,26,108,60,77,0,239,59,194,255,234,212,133,255,58,64,12,186,0,77,102,101,255,0,255,119,196,22,0,6,255,231,113,0,0,0,145,255,255,214,43,255,46,234,0,144,139,221,255,166,31,43,255,71,63,0,255,152,69,255
157,20,169,0,255,0,86,110,185,221,182,170,166,194,214,124,79,129,255,0,85,255,107,71,8,255,33,246,0,109,151,205,181,255,0,238,0,237,0,255,50,98,0,0,255,177,166,255,0,255,141,0,194,255,225,224,65,0,90,255,255,255,52,0,0,135,131,0,255,255,0,205,0,0,81,0,255,140,205,0,234,255,237,160,0,227,36,217,181,255,159,121,255,0,255,255,0,0,255,0,0,0,0,0,119,255,255,155,179,255,0,255,40,209,0,255,255,255,0,92,255,202,0,21,0,0,185,255
158,30,165,16,255,0,61,91,165,245,198,122,140,205,188,95,103,107,255,22,83,255,121,132,40,255,36,255,0,90,167,244,138,241,0,255,0,135,0,255,58,97,0,0,255,255,201,255,0,162,151,0,206,255,234,255,122,0,79,255,231,237,54,0,0,166,86,0,244,255,0,228,0,0,98,45,255,89,255,66,139,255,197,97,0,62,1,159,199,255,113,144,255,0,255,252,0,0,166,59,0,0,0,0,51,255,255,138,182,255,0,208,0,122,0,255,255,255,0,52,255,254,0,0,11,0,182,255
162,37,172,50,255,16,66,94,150,255,171,129,138,187,158,89,140,142,255,12,76,255,127,147,32,196,37,241,23,147,146,212,146,221,0,255,0,70,0,255,24,169,0,0,255,232,163,255,10,103,238,0,210,255,255,255,121,27,115,139,199,245,97,0,0,255,96,0,169,108,56,194,0,0,104,74,142,110,255,149,60,255,119,169,0,28,0,59,197,216,188,60,255,0,213,83,0,0,183,115,0,0,0,0,21,255,214,192,245,255,92,186,0,161,71,163,255,254,0,0,255,255,72,0,82,9,236,255
157,26,153,13,255,11,79,79,145,222,157,135,91,197,178,86,115,98,251,17,56,255,100,108,81,255,35,255,27,54,171,254,134,232,0,255,0,105,0,255,83,168,0,0,255,255,116,255,0,193,224,0,171,255,255,149,131,0,152,255,142,255,69,0,0,135,111,0,137,255,0,173,0,0,88,0,249,110,255,65,112,255,255,73,0,35,0,60,180,240,0,93,255,78,255,255,0,0,221,84,0,0,0,0,62,207,148,77,160,255,12,221,25,93,0,169,255,255,0,60,255,63,31,196,0,36,98,255
168,41,183,96,255,54,45,109,148,255,139,111,96,228,140,79,198,108,255,100,37,255,164,122,102,236,18,243,141,110,107,255,139,150,0,255,65,33,110,174,0,203,46,39,193,205,26,176,5,43,202,0,210,223,161,127,148,79,223,147,205,153,92,0,26,255,121,0,191,59,59,137,103,0,125,161,125,73,145,144,147,255,123,41,9,74,62,149,123,219,120,29,255,73,138,49,0,0,203,130,82,0,0,0,13,255,244,148,176,255,69,172,3,174,152,255,255,104,0,0,255,39,0,48,59,75,141,255
162,33,167,61,255,27,65,83,160,240,161,129,128,213,100,79,138,136,255,78,45,255,114,134,71,255,16,196,86,141,160,166,128,186,0,203,27,110,35,237,25,198,0,0,246,115,152,169,66,164,241,0,234,255,255,245,152,0,103,179,197,190,110,0,0,255,69,0,215,97,138,166,97,0,199,66,78,134,152,85,254,209,100,173,31,127,91,78,140,183,104,0,255,156,154,99,0,0,253,255,0,0,0,0,173,255,255,233,75,255,73,204,0,158,134,155,255,73,26,118,255,166,76,0,129,174,99,255
162,36,181,60,255,0,61,95,172,246,160,136,201,192,161,89,131,136,255,75,53,255,173,139,29,203,64,214,0,194,141,137,168,213,0,251,0,103,11,255,0,130,0,0,167,159,120,255,57,138,225,0,230,255,255,255,138,0,65,0,251,222,151,0,0,255,149,0,255,0,142,111,63,0,218,114,208,180,203,162,206,255,54,245,0,183,27,62,163,186,255,41,255,20,255,106,0,52,222,140,0,0,0,0,146,255,255,255,118,255,75,242,0,255,140,255,255,238,21,73,255,255,0,0,255,28,194,255
155,23,159,0,255,0,91,101,147,219,181,150,120,210,190,138,56,110,253,0,82,255,113,75,58,255,37,255,0,45,212,255,172,236,0,236,0,203,0,255,74,84,0,0,252,207,87,255,0,255,118,0,173,255,236,171,76,0,122,255,184,255,15,0,0,3,166,0,208,255,0,235,46,0,70,0,255,143,234,84,54,255,255,97,0,165,144,255,37,255,0,164,255,141,255,255,0,0,252,18,0,0,0,0,101,255,255,109,168,255,0,255,44,102,0,255,255,255,0,97,255,229,0,0,94,0,62,255
158,36,163,55,255,36,64,76,133,245,138,138,128,201,136,71,121,124,230,50,63,255,69,160,75,217,63,238,39,99,187,179,162,210,0,255,0,87,8,155,53,164,0,3,250,255,109,197,37,119,210,0,228,255,255,228,191,0,112,94,197,226,134,0,35,241,145,13,140,26,104,129,54,0,165,124,151,151,253,219,100,255,89,100,5,14,74,12,229,109,129,23,255,153,207,123,0,0,185,255,0,0,0,0,0,198,240,138,175,255,161,116,0,0,181,181,255,255,0,146,255,255,68,13,113,26,99,255
159,29,165,31,255,0,53,85,169,222,194,134,168,191,174,80,144,110,255,50,27,255,161,127,37,255,64,235,6,147,152,191,178,238,0,216,0,145,0,255,0,169,0,0,201,198,108,255,0,194,141,0,210,255,255,252,106,0,89,220,221,175,63,0,0,232,150,0,255,255,94,146,18,0,187,0,255,111,255,94,180,255,137,82,0,176,0,149,181,255,166,9,255,28,255,255,0,0,255,92,0,0,0,0,226,255,255,223,78,255,0,255,0,221,0,255,255,217,0,54,255,251,0,0,185,112,54,255
158,29,172,26,255,0,64,105,173,225,193,125,164,176,181,95,100,112,255,0,69,255,150,114,45,255,29,229,0,145,170,255,172,189,0,241,0,159,0,255,0,130,0,0,252,162,129,255,0,192,139,0,232,255,207,241,106,0,115,255,220,249,34,0,0,184,187,0,252,172,1,196,0,0,59,0,255,110,244,38,148,255,159,101,0,176,19,214,152,255,189,66,255,34,255,240,0,1,195,44,0,0,0,0,102,255,255,157,228,255,9,255,0,222,0,255,255,255,0,73,255,255,0,0,105,0,160,255
164,39,178,53,255,57,62,89,145,244,176,146,93,223,161,108,108,131,255,100,34,255,180,70,119,255,0,247,100,68,139,249,142,179,0,255,0,128,59,186,0,145,0,0,255,172,120,250,108,85,205,0,224,255,207,218,161,45,186,255,255,236,125,0,0,255,249,6,255,30,13,203,152,0,91,184,196,16,150,96,252,239,53,0,58,101,86,173,122,191,29,61,255,98,255,95,0,76,205,169,0,0,0,0,55,255,255,242,118,255,43,107,0,39,98,255,255,183,0,75,255,205,8,0,33,41,179,255
161,36,174,46,255,7,34,91,157,232,179,110,138,233,155,85,172,98,255,88,30,255,173,131,66,255,30,245,75,134,128,197,152,217,0,241,0,88,18,255,0,175,0,0,198,255,143,255,0,115,106,0,216,255,218,255,150,16,136,197,160,107,54,0,0,255,126,0,255,228,11,104,127,0,186,67,255,126,223,140,229,225,168,0,0,174,0,183,130,241,79,12,255,60,243,129,0,0,255,106,0,0,0,0,255,255,255,180,73,255,0,212,0,144,3,255,255,74,0,31,255,163,0,0,180,177,115,255
160,41,176,83,255,33,51,94,162,229,164,102,148,203,143,58,134,127,255,61,0,255,100,133,90,197,31,194,120,140,149,187,147,140,0,245,0,53,49,136,9,199,0,12,206,197,125,193,0,133,203,0,254,255,156,246,95,48,161,118,235,107,86,0,9,255,99,0,239,22,78,134,62,0,89,68,99,112,215,143,107,255,82,144,0,109,5,149,167,137,255,48,255,43,142,0,0,0,222,111,21,0,0,0,5,255,255,159,179,255,223,189,0,147,143,255,255,130,9,17,255,220,61,0,137,174,253,255
162,38,165,67,255,13,56,79,150,244,163,105,161,205,137,70,189,131,255,79,36,255,154,155,53,207,60,233,24,175,160,164,191,176,0,238,0,57,0,236,0,193,3,0,219,255,83,243,22,104,228,0,166,255,254,255,160,47,111,0,146,231,144,0,0,255,142,0,195,13,103,70,45,0,223,119,192,208,255,202,122,255,53,59,0,82,0,3,161,154,250,0,255,81,221,10,0,0,207,154,5,0,0,0,149,255,255,242,165,255,111,190,0,105,129,194,255,191,46,54,255,227,97,0,224,133,181,255
155,34,149,20,255,32,44,76,123,224,133,83,63,200,156,66,112,88,247,28,59,255,55,155,138,255,0,255,43,7,205,255,117,207,0,255,0,63,0,198,63,166,0,0,255,255,98,255,2,141,190,0,220,255,255,201,193,11,193,255,87,255,107,0,17,146,171,0,38,206,0,144,0,0,93,29,236,188,255,169,42,231,172,0,0,0,18,101,147,132,0,0,255,189,255,82,0,0,255,102,0,0,0,0,97,182,86,36,171,255,149,212,21,0,4,255,255,255,0,136,255,66,105,64,0,115,150,255
160,30,170,31,255,0,43,79,173,235,159,126,152,159,158,77,99,95,255,23,73,255,100,149,40,255,41,244,9,122,173,217,138,237,0,255,0,135,0,255,21,144,0,0,255,217,174,255,13,149,164,0,235,255,255,244,123,0,58,139,199,255,63,0,0,225,64,0,155,202,23,184,0,0,125,58,218,109,255,65,203,255,159,151,0,116,10,63,216,255,178,78,255,19,255,161,0,0,194,147,0,0,0,0,105,255,255,75,195,255,13,192,0,209,43,255,255,255,8,65,255,255,0,15,0,0,168,255
166,42,187,95,255,30,59,83,156,239,126,133,170,167,114,83,164,158,255,93,23,255,126,194,88,170,73,183,97,138,170,136,199,162,0,255,0,55,0,76,0,225,0,133,210,174,81,221,16,54,193,0,181,236,255,255,177,29,113,0,255,217,237,68,111,255,156,10,248,0,129,107,148,0,159,158,86,131,184,255,95,255,38,255,42,0,0,0,138,34,255,0,255,116,5,0,0,0,183,247,104,0,28,0,113,255,236,255,174,255,255,150,0,145,255,121,255,184,115,134,255,255,61,0,255,173,134,255
157,24,165,25,255,10,91,103,176,222,173,137,164,217,156,115,103,125,247,21,58,255,135,95,20,255,83,215,25,144,140,158,144,210,0,180,0,140,37,255,65,138,14,0,188,124,163,255,0,255,169,0,186,255,227,214,130,0,73,255,222,125,20,0,0,177,115,0,255,255,126,172,82,0,152,0,202,130,244,63,139,255,198,178,0,190,133,211,177,197,137,117,255,48,255,255,0,0,235,137,0,0,0,0,143,255,255,136,110,255,0,238,0,117,27,255,255,255,0,132,255,246,0,8,171,0,193,255
160,38,175,52,255,16,54,87,150,247,141,133,144,174,145,89,102,136,255,47,49,255,110,153,65,255,18,248,60,102,160,202,153,223,0,255,0,104,0,215,0,161,0,0,255,214,115,255,86,171,130,0,255,255,255,255,140,8,98,130,227,225,95,0,0,255,168,0,220,68,40,164,75,0,142,90,184,132,240,208,126,255,43,89,0,141,33,108,154,182,166,0,255,84,255,109,0,0,255,201,0,0,0,0,149,255,255,184,153,255,47,189,0,58,188,255,255,255,0,92,255,255,79,0,83,59,160,255
163,37,180,62,255,52,76,110,161,247,172,146,108,203,127,113,128,147,255,78,31,255,141,69,107,248,13,219,123,65,129,255,135,139,0,255,48,162,61,194,28,186,0,0,255,120,149,210,42,148,255,0,190,255,180,168,147,77,145,255,255,255,27,0,76,255,135,1,255,108,108,255,100,0,80,99,119,0,185,86,151,222,138,176,73,26,45,139,81,179,54,83,255,65,146,124,0,0,255,184,0,0,0,0,0,255,255,255,202,255,170,170,19,40,255,229,255,70,0,128,255,205,79,111,56,111,92,255
162,35,174,36,255,29,60,91,152,236,201,115,100,248,162,97,109,95,255,71,62,255,162,101,94,255,9,255,81,107,139,255,129,189,0,211,12,121,59,240,0,170,0,0,255,162,120,227,0,105,214,0,253,255,228,192,159,66,192,255,226,139,119,0,0,225,185,0,255,216,0,210,107,0,19,27,200,94,210,106,168,255,110,63,0,173,15,248,113,213,0,91,255,144,255,152,0,28,243,102,0,0,0,0,157,255,255,172,125,255,0,209,32,155,0,255,255,137,0,0,255,125,12,0,93,71,157,255
160,31,169,22,255,5,69,96,156,236,213,136,134,191,159,109,102,101,255,47,93,255,180,106,45,255,37,255,0,123,169,255,154,198,0,236,0,148,7,255,0,129,0,0,255,177,139,255,0,151,164,0,228,255,255,222,151,0,95,255,255,204,73,0,0,167,196,0,255,243,63,255,57,0,46,33,255,63,255,77,123,255,94,98,0,171,36,227,178,245,123,105,255,33,255,255,0,0,141,112,0,0,0,0,141,255,255,175,128,255,0,255,0,219,0,255,255,255,0,50,255,255,0,0,130,0,93,255
160,30,172,10,255,0,52,93,156,248,204,128,142,187,184,105,106,106,255,38,110,255,160,121,33,255,39,255,0,110,162,255,167,249,0,255,0,171,0,255,0,116,0,0,255,248,143,255,0,150,126,0,219,255,255,255,141,0,95,255,224,255,76,0,0,208,189,0,245,255,25,221,0,0,70,0,255,127,255,75,162,255,115,42,0,174,0,203,212,255,119,51,255,0,255,255,0,0,202,99,0,0,0,0,201,255,255,186,162,255,0,255,4,202,0,255,255,255,0,58,255,255,0,0,41,0,100,255
162,37,172,71,255,4,51,89,168,240,151,120,156,175,119,63,130,137,255,50,33,255,120,157,84,231,65,202,58,168,182,170,149,176,0,237,0,102,0,225,0,196,0,0,243,147,128,189,0,121,198,0,247,255,255,253,140,3,89,46,200,190,85,0,0,255,131,0,225,38,140,184,68,0,151,72,121,150,217,145,106,255,25,203,0,101,35,96,172,106,255,0,255,124,150,44,0,0,194,232,0,0,0,0,194,255,255,218,186,255,89,183,0,205,157,186,255,112,55,84,255,255,32,0,227,164,111,255
163,37,167,70,255,39,81,89,152,255,179,129,131,241,98,94,162,155,255,92,32,255,171,125,103,255,46,237,68,141,154,166,166,170,0,200,49,110,78,223,11,200,0,0,193,122,132,149,47,126,207,0,205,255,255,255,185,41,101,122,224,144,116,0,0,255,209,29,255,59,163,218,209,0,170,94,126,130,214,190,150,215,0,165,121,124,82,138,107,94,142,0,255,190,141,115,0,0,242,255,14,0,0,0,140,255,255,255,73,255,28,152,0,122,222,87,255,24,43,146,255,196,68,0,255,169,21,255
163,39,173,80,255,48,65,88,156,241,168,103,115,255,87,90,186,142,255,104,7,255,181,93,147,255,3,232,138,94,135,244,139,123,0,245,107,94,74,150,0,218,2,59,213,150,78,138,23,130,255,0,180,199,208,156,181,112,131,164,202,155,112,0,63,255,136,15,255,91,95,197,244,0,140,133,46,107,201,162,157,132,41,115,154,49,91,208,13,93,56,9,255,171,108,26,0,0,255,163,60,0,0,23,113,255,255,255,83,255,178,232,0,107,255,182,235,0,26,194,255,126,141,0,241,255,97,255
162,38,180,65,255,16,62,90,166,241,155,128,162,152,139,82,125,138,255,19,49,255,122,144,33,206,20,203,58,175,164,181,140,171,0,255,0,69,0,225,12,180,0,0,255,150,159,255,52,113,196,0,232,255,255,255,116,0,90,80,248,213,108,0,0,255,95,0,226,18,84,190,23,0,109,105,98,106,229,121,99,255,71,203,0,101,0,100,183,192,255,1,255,0,218,30,0,0,141,203,0,0,0,0,60,255,255,167,205,255,178,214,0,186,161,255,255,254,52,9,255,255,43,0,136,49,255,255
157,32,154,27,255,33,80,93,135,243,185,103,106,243,135,81,149,112,253,42,101,255,118,137,67,255,41,255,11,94,138,217,103,207,0,208,8,136,0,255,66,162,0,0,255,231,178,255,19,214,255,0,158,255,255,255,166,12,146,255,101,229,56,0,0,192,144,0,92,255,19,154,18,0,77,0,220,173,218,190,95,255,164,71,0,149,35,66,169,170,0,39,255,121,255,174,0,0,255,195,0,0,0,0,83,173,219,212,180,255,31,255,0,6,72,247,255,255,0,165,255,29,170,45,42,57,183,255
166,35,182,44,255,25,51,109,159,255,212,132,121,242,170,137,149,130,255,99,85,255,220,80,63,255,26,255,49,121,100,255,158,217,0,255,16,196,36,255,0,129,0,0,241,169,163,255,0,91,169,0,173,255,108,188,182,37,176,255,241,225,16,0,0,255,171,0,255,234,30,229,8,0,107,66,255,85,182,0,255,253,160,88,0,164,29,255,172,255,37,97,255,20,214,187,0,89,238,124,0,0,0,0,165,255,255,255,165,255,0,255,108,235,0,255,255,124,0,0,255,120,0,0,71,5,117,255
159,31,170,47,255,4,71,89,168,229,137,146,153,166,143,81,92,116,255,26,37,255,79,123,42,226,33,191,48,127,175,175,134,216,0,255,0,115,15,213,57,171,0,0,254,150,135,215,61,203,208,0,254,255,255,205,119,0,91,163,214,255,95,0,0,255,71,0,200,73,80,166,29,0,183,66,102,145,216,65,201,255,174,210,0,132,61,35,128,191,195,66,255,79,255,187,0,0,248,172,0,0,0,0,51,255,255,102,162,255,83,192,0,165,181,241,255,252,0,104,255,255,79,83,48,0,117,255
163,35,176,64,255,17,56,92,161,242,160,129,142,197,153,81,146,117,255,67,43,255,127,134,67,192,19,204,76,154,141,205,167,178,0,255,0,43,45,203,0,201,0,0,255,207,144,244,0,74,224,0,212,255,255,239,110,42,148,55,217,189,158,0,0,255,99,0,210,43,63,146,0,0,142,68,151,146,210,82,191,255,95,143,0,119,0,72,133,185,255,68,255,0,125,12,0,0,230,102,12,0,0,0,78,255,255,131,122,255,34,196,0,255,115,228,255,130,0,0,255,166,78,6,82,68,160,255
159,27,162,0,255,0,65,88,122,215,211,131,99,196,185,127,84,94,255,0,80,255,162,76,55,255,28,255,3,73,205,255,189,249,0,248,0,159,0,255,0,117,0,0,255,255,57,255,0,185,40,0,153,255,250,190,72,30,174,255,173,238,32,0,0,38,207,0,224,255,0,216,55,0,0,0,255,51,246,111,32,255,230,0,0,155,41,255,138,255,0,85,255,49,255,255,0,0,157,0,0,0,0,0,216,255,255,107,203,255,0,255,107,151,0,255,255,255,0,0,255,255,0,0,61,0,30,255
162,34,174,48,255,16,47,97,166,230,204,113,135,238,178,91,146,106,255,81,49,255,192,95,73,255,55,255,79,135,123,255,130,183,0,227,44,147,56,255,0,155,0,0,212,156,137,255,0,117,203,0,223,255,164,149,124,34,162,255,231,110,94,0,0,255,149,0,255,255,36,186,95,0,76,35,236,115,209,77,205,255,113,82,0,208,59,255,150,255,107,127,255,60,255,187,0,47,255,33,20,0,0,0,192,255,255,228,117,255,0,255,0,255,0,255,255,100,0,0,255,169,0,0,133,67,143,255
158,35,158,28,255,11,50,87,133,238,198,106,119,205,159,78,126,92,255,57,88,255,147,134,88,255,40,255,0,77,180,255,133,206,0,255,0,105,0,255,0,125,0,0,255,255,120,255,0,122,183,0,175,255,255,255,153,2,136,255,188,241,80,0,0,187,193,0,194,222,10,185,35,0,50,44,255,121,255,180,71,255,93,0,0,98,13,147,198,254,0,44,255,48,255,165,0,0,172,94,0,0,0,0,155,255,255,158,148,255,5,255,0,112,0,255,255,255,0,98,255,202,0,0,85,39,130,255
161,29,181,49,255,0,56,92,208,237,179,137,191,177,202,108,84,147,255,59,38,255,103,128,32,217,28,209,24,134,117,215,187,225,0,255,0,195,0,255,0,145,0,0,255,132,198,255,0,200,187,0,234,255,204,255,89,0,102,207,255,255,70,0,0,255,84,0,255,180,54,225,0,0,153,50,252,115,255,0,255,255,137,237,0,149,0,164,224,255,255,136,255,0,255,158,0,0,249,28,0,0,0,0,72,255,255,206,165,255,22,213,0,255,0,255,255,177,0,36,255,255,0,0,0,0,240,255
161,30,159,12,255,0,57,94,139,235,226,143,138,223,181,82,132,87,255,12,91,255,168,104,5,255,76,254,0,135,146,188,132,255,0,219,0,144,0,255,1,118,0,0,255,255,126,255,0,114,143,0,190,255,249,219,131,0,126,255,171,234,83,0,0,221,149,0,255,255,43,165,39,0,75,63,255,87,222,161,170,255,202,68,0,129,0,102,228,255,3,39,255,5,255,255,0,0,229,45,0,0,0,0,214,219,255,162,225,255,0,236,0,141,0,255,255,255,0,0,255,255,0,0,80,0,5,255
151,19,180,7,255,14,136,123,176,211,172,184,186,217,224,147,0,155,204,0,25,255,59,97,27,255,82,97,45,91,158,196,225,255,111,208,10,223,19,255,151,101,120,100,120,122,26,186,0,255,53,0,243,255,13,174,33,0,116,255,255,115,40,0,0,87,150,15,255,255,129,229,63,167,133,0,255,144,255,0,153,255,255,225,0,204,255,255,255,255,179,255,255,52,255,255,0,1,255,0,67,0,0,0,0,255,255,171,231,255,190,255,0,0,0,255,255,255,0,255,255,255,0,221,171,0,104,255
148,25,158,38,255,53,129,107,137,214,122,161,142,185,157,133,0,152,146,28,0,255,20,87,155,246,80,110,85,0,222,237,154,148,44,204,20,118,57,194,175,147,51,110,111,153,5,102,16,255,163,0,177,255,51,139,73,39,92,255,255,93,15,46,123,43,95,144,186,121,222,134,142,188,255,0,116,197,255,125,0,148,219,186,70,61,255,255,134,53,0,224,255,151,255,255,0,0,255,202,117,0,11,0,0,255,245,131,38,244,255,220,0,0,184,81,195,255,0,255,206,253,0,207,177,9,61,255
155,35,150,34,255,119,153,108,113,226,127,118,149,255,62,134,159,187,170,134,79,255,166,129,56,55,159,255,36,76,230,88,111,255,80,213,51,24,255,191,158,95,0,211,14,147,115,152,126,231,255,155,194,247,225,206,255,0,126,255,255,0,212,237,175,13,255,160,110,185,255,127,255,163,105,188,0,54,136,255,0,245,142,145,0,128,158,255,124,52,0,255,255,228,51,255,83,0,255,85,255,122,255,78,0,135,203,161,83,255,203,58,29,0,227,167,120,255,52,0,0,184,0,127,255,0,68,255
