175,24,146,110,223,74,105,61,141,175,186,39,126,142,63,65,79,128,148,136,91,250,84,119,67,172,148,154,174,143,154,123,66,58,92,201,38,60,128,124,119,152,103,188,175,131,164,133,77,227,190,142,191,63,103,100,205,61,190,75,239,9,137,142,76,113,190,62,73,177,169,158,129,232,39,197,170,75,113,97,164,74,203,240,131,119,195,142,100,105,136,84,145,91,58,172,11,101,150,255,229,61,44,42,174,255,179,255,221,197,255,48,222,168,98,0,40,119,23,122,125,3,51,46,179,117,63,255
172,21,140,96,219,50,132,100,139,168,197,20,123,147,137,38,120,134,130,115,111,255,137,111,68,128,167,201,111,197,150,87,75,83,129,161,109,31,122,131,104,129,86,176,61,130,111,155,44,183,210,138,155,62,139,110,152,14,99,141,153,64,26,243,168,225,141,70,25,107,88,157,214,123,72,179,86,138,187,169,186,153,255,149,58,85,162,144,124,43,109,139,201,255,105,199,57,33,133,176,180,33,130,67,116,197,154,231,168,173,158,157,74,173,163,0,73,207,57,150,157,46,32,65,162,121,28,255
164,37,147,80,240,32,115,96,98,176,254,0,89,135,212,25,0,107,178,93,68,213,104,14,35,116,248,232,190,178,102,134,99,77,94,238,167,11,156,119,67,166,55,160,33,212,47,33,163,226,252,45,218,92,125,59,245,62,140,221,167,62,0,245,177,241,119,0,69,4,73,226,255,224,75,112,220,38,151,249,112,233,229,170,0,0,251,132,236,91,0,104,255,255,79,255,163,111,109,196,104,76,40,87,0,123,143,255,152,173,192,74,0,136,0,14,210,242,85,242,69,68,0,126,101,255,0,255
160,36,145,86,255,62,156,93,113,192,117,55,180,185,0,99,205,112,206,132,24,255,97,70,72,46,188,231,15,167,161,36,135,78,66,201,82,94,157,200,101,177,90,156,79,255,114,152,145,145,255,103,141,129,31,254,167,13,146,247,146,67,188,168,147,175,228,93,152,0,152,117,244,144,205,91,75,60,0,238,203,255,126,177,171,27,146,69,255,64,54,201,219,255,28,25,176,106,67,89,67,0,165,184,0,201,40,214,238,223,255,255,0,182,255,195,200,255,0,255,36,121,0,60,255,0,143,255
151,20,116,39,255,84,106,41,61,239,208,0,144,130,103,76,131,130,157,205,54,216,76,142,64,77,138,185,12,134,83,153,101,202,130,222,235,0,0,209,234,112,0,208,32,135,124,190,255,240,192,84,152,37,160,199,255,0,131,154,158,76,0,199,0,255,0,28,255,0,69,160,234,97,108,255,133,75,205,255,0,221,255,0,57,140,255,196,228,255,179,162,37,96,212,255,0,0,255,0,237,0,9,255,0,227,255,221,228,255,74,122,4,112,63,47,255,117,158,255,163,62,0,0,88,0,0,255
151,30,119,19,255,91,132,36,71,227,166,0,65,228,14,74,170,132,191,134,62,204,0,66,26,183,49,255,76,95,64,111,90,184,0,143,127,165,10,217,147,140,0,118,112,255,7,255,255,210,246,146,209,38,161,240,255,0,186,194,176,255,21,201,157,206,167,52,211,0,11,159,217,80,130,255,103,103,107,255,9,182,255,0,45,0,214,190,255,255,0,255,193,94,230,255,0,0,180,0,135,0,75,0,0,226,255,255,255,255,183,255,0,0,0,230,127,195,70,43,250,101,153,255,255,0,72,255
152,29,135,38,255,90,151,48,90,222,135,0,77,255,60,142,175,163,187,171,79,244,58,56,0,235,64,255,11,140,60,61,70,158,49,114,146,118,45,223,77,228,0,160,49,157,45,238,255,170,255,105,255,0,209,155,255,57,223,174,255,131,22,210,171,255,136,23,194,0,34,132,255,104,175,244,160,153,191,255,112,106,255,0,127,0,184,169,255,255,24,255,70,104,36,255,0,7,222,0,156,12,42,0,0,227,255,255,255,255,255,255,0,147,0,50,140,24,18,190,255,5,222,116,255,0,173,255
148,28,121,29,255,82,134,60,90,207,153,0,79,239,55,109,193,146,189,113,78,255,38,76,19,227,63,255,4,118,77,130,70,127,8,128,149,110,14,190,139,168,0,203,46,234,46,239,242,205,255,51,255,0,195,115,255,22,202,201,160,155,0,225,217,218,218,25,178,0,45,154,255,73,134,255,105,160,191,255,0,178,255,0,108,0,243,200,250,255,0,255,140,136,124,255,7,0,249,0,170,0,71,0,0,163,255,255,255,255,255,255,0,126,0,173,251,150,56,81,186,78,196,255,255,0,0,255
156,20,105,50,255,80,142,48,59,209,162,0,131,119,0,7,255,57,255,76,84,124,0,201,24,166,69,255,202,255,140,141,255,94,50,89,255,50,0,255,255,63,0,138,0,205,6,236,255,255,178,43,46,243,74,177,149,0,21,119,229,247,0,23,141,133,120,0,255,250,176,230,161,102,0,220,0,147,0,255,175,250,89,255,135,21,240,232,0,255,74,70,255,66,255,255,0,255,110,2,255,0,255,255,0,255,223,240,228,255,125,0,0,0,90,255,68,206,0,163,45,188,0,21,0,0,109,255
147,19,94,24,255,90,139,59,66,224,162,0,96,234,0,54,255,99,255,29,145,229,0,194,59,255,83,255,49,137,157,171,159,134,12,49,206,155,0,127,249,97,5,172,30,251,35,255,222,255,147,0,182,75,101,180,89,0,82,187,218,138,9,149,255,0,250,96,225,233,191,178,135,22,0,34,0,215,0,255,0,255,94,152,122,0,255,230,77,255,0,196,255,86,255,237,0,45,139,0,255,41,255,41,0,204,218,255,199,255,255,108,0,0,52,255,237,255,0,111,225,103,116,242,199,0,80,255
152,20,98,41,255,86,158,59,68,217,148,0,98,168,0,40,255,90,255,51,107,187,0,196,40,227,42,255,172,205,165,142,192,158,39,66,214,128,0,221,255,112,0,109,1,231,21,255,255,255,108,0,161,178,54,161,146,0,52,110,255,189,0,94,255,89,210,0,255,206,167,255,153,81,0,83,0,132,0,255,91,255,112,255,121,0,222,255,19,255,0,200,255,14,255,255,0,139,118,4,255,0,255,172,0,227,178,255,247,255,225,24,0,0,82,255,30,255,0,161,181,237,35,191,81,0,174,255
157,27,124,41,255,87,134,21,49,242,158,0,103,169,0,60,207,121,249,127,82,131,0,102,0,222,65,255,156,186,65,117,180,145,49,224,229,75,0,233,203,129,0,12,68,186,47,232,255,255,202,157,110,88,163,255,255,0,148,156,255,180,0,124,96,255,66,0,255,60,155,136,207,126,0,87,60,130,65,255,89,115,197,87,45,59,153,144,204,255,115,143,255,0,177,255,0,159,23,71,189,0,211,140,0,208,255,255,217,255,166,117,0,57,71,215,201,58,22,181,186,119,195,77,118,81,98,255
151,26,122,34,255,76,131,37,76,219,150,18,92,243,48,108,192,134,197,125,87,244,20,64,1,252,70,255,0,154,77,90,86,144,19,145,184,108,0,199,122,145,0,115,16,173,67,223,255,213,255,106,229,0,212,210,255,2,235,193,167,137,0,197,139,255,148,19,251,0,110,80,255,75,94,222,112,178,97,255,52,144,255,0,101,0,210,79,246,255,26,220,177,156,140,255,0,33,139,2,201,61,85,0,0,182,255,255,248,255,255,255,0,161,0,133,255,70,41,131,206,59,222,214,255,0,0,255
153,25,124,39,255,78,141,54,84,205,131,7,105,255,45,125,249,139,184,154,103,255,66,63,0,255,84,255,0,231,73,7,87,147,40,58,146,116,0,213,123,149,15,156,0,145,75,181,255,180,255,79,255,0,249,186,222,18,192,152,128,91,25,142,111,255,125,30,255,0,160,0,255,87,195,255,111,180,100,255,119,219,255,69,189,12,255,59,255,255,32,252,147,114,88,238,0,141,178,0,245,112,165,0,0,255,255,255,232,255,255,255,0,146,0,252,255,103,0,152,146,77,171,179,255,0,73,255
158,28,122,45,250,78,121,40,53,226,175,2,117,181,77,71,173,130,204,149,97,203,60,116,0,183,117,255,27,174,81,114,142,149,102,192,228,31,0,184,189,145,0,119,23,142,63,189,255,233,249,118,167,41,225,216,255,11,153,204,217,120,0,188,32,255,68,24,253,0,85,154,255,56,49,239,92,88,209,255,70,192,255,31,40,38,224,94,146,255,38,159,204,123,185,255,0,36,134,78,119,0,38,94,0,134,255,254,226,255,118,180,32,84,0,96,233,113,13,210,232,126,134,0,152,38,19,255
153,27,119,49,255,69,150,69,89,177,136,0,103,239,28,108,237,132,219,119,71,255,82,86,0,255,138,255,0,195,176,0,142,150,57,0,129,102,44,215,161,203,0,144,0,143,39,171,255,196,255,52,255,0,241,67,176,25,137,156,232,155,72,100,211,255,249,85,247,0,151,146,255,103,160,255,20,115,116,255,166,255,222,108,237,0,255,106,97,255,0,255,225,173,255,255,48,0,213,0,160,165,173,0,0,165,255,234,255,255,255,255,0,0,0,255,218,246,0,255,126,242,201,27,255,0,127,255
154,25,115,47,255,60,128,56,91,185,150,4,103,255,52,103,235,128,179,125,89,255,95,72,0,255,151,255,0,222,139,0,86,159,58,0,146,129,0,200,145,200,57,99,0,106,83,107,211,174,255,82,255,0,255,130,145,60,167,145,140,108,104,112,147,255,180,79,237,0,185,0,255,37,236,255,47,121,189,255,134,255,255,141,255,0,255,30,160,255,0,221,182,177,255,255,7,0,168,4,138,216,68,0,0,152,255,255,247,255,255,255,0,57,0,227,255,248,0,255,255,209,199,79,255,0,139,255
155,27,122,33,255,83,147,41,74,214,153,0,92,217,60,117,164,156,218,156,82,232,48,82,0,234,72,255,36,169,91,106,92,163,48,135,183,69,5,208,161,155,0,125,4,142,51,190,255,230,244,107,255,0,204,129,255,0,196,166,237,141,0,178,148,255,153,1,255,0,105,168,255,150,55,255,69,116,152,255,44,173,255,23,108,0,217,116,188,255,31,255,175,131,162,255,0,81,149,0,153,38,126,6,0,145,255,255,255,255,233,154,0,111,0,75,239,91,22,151,224,224,163,177,255,28,0,255
151,23,115,40,255,85,154,60,93,202,128,0,82,254,0,105,251,120,234,115,97,252,12,101,14,255,81,255,41,173,125,72,103,131,19,18,138,152,0,180,157,171,0,141,0,156,30,193,255,196,236,44,255,0,194,117,192,0,159,163,222,179,41,142,255,169,226,33,255,0,152,67,255,100,124,161,0,173,21,255,121,192,229,136,139,0,250,149,182,255,0,255,206,114,196,235,0,133,202,0,255,142,255,0,0,243,255,255,255,255,255,203,0,44,0,255,180,184,0,131,223,141,192,186,255,0,116,255
150,23,116,41,255,86,157,54,96,191,115,0,78,255,0,127,255,104,229,126,79,255,64,87,0,255,27,255,0,203,135,70,94,143,12,0,99,165,35,197,125,196,0,200,14,142,0,255,255,202,255,38,255,0,226,88,207,12,187,188,230,164,103,75,255,216,213,31,255,0,116,45,255,113,231,255,38,198,89,255,89,181,255,57,202,0,255,127,191,255,0,255,206,119,218,237,13,100,222,0,239,195,255,0,0,207,255,255,255,255,255,255,0,29,0,255,169,160,0,177,164,209,184,199,255,0,197,255
156,22,119,38,255,102,169,26,92,218,113,0,77,192,0,113,255,121,255,103,85,170,0,115,5,255,24,255,145,191,115,105,130,163,22,77,139,206,11,241,171,181,0,101,103,144,76,255,255,219,127,109,255,105,129,168,117,0,136,154,255,177,61,182,255,220,161,0,255,29,152,189,207,82,64,211,9,125,16,255,166,168,169,149,109,0,133,184,186,255,0,217,255,0,247,255,0,157,111,29,255,51,255,23,0,255,228,255,255,255,189,235,0,5,37,255,51,141,0,3,254,150,147,81,122,0,255,255
152,19,95,29,255,86,160,70,67,207,149,0,81,180,0,73,255,92,255,52,119,223,0,176,41,250,67,255,150,230,157,131,211,154,0,33,189,125,0,214,255,69,0,200,0,255,17,233,255,255,186,0,210,159,76,34,101,0,68,125,231,255,0,113,255,51,255,0,255,158,180,255,196,95,0,215,0,199,0,255,84,255,67,255,216,0,255,151,0,255,0,251,255,161,255,255,91,148,188,0,255,148,255,22,0,192,112,255,249,255,178,0,0,0,0,255,152,255,0,64,88,255,0,251,20,0,76,255
149,16,98,31,255,91,148,55,63,238,158,0,79,220,0,66,255,94,255,50,152,188,0,187,39,254,70,255,75,133,98,157,145,129,16,79,213,165,0,163,221,98,2,148,13,211,68,255,255,245,145,0,226,75,115,194,93,55,78,124,243,182,24,191,255,12,208,41,242,208,165,159,84,0,23,78,0,229,0,255,28,255,113,209,97,0,254,226,88,255,0,195,255,0,255,226,0,69,191,92,255,0,255,24,0,231,225,255,163,255,144,161,0,0,51,255,156,255,0,0,255,2,141,129,125,0,123,255
151,20,105,35,255,89,140,36,61,228,174,0,104,170,0,16,255,75,255,50,117,149,0,193,27,208,62,255,173,150,104,169,184,130,41,116,228,116,0,216,255,123,0,89,56,193,24,255,255,255,122,79,115,130,93,255,205,0,68,129,255,196,0,155,214,92,132,0,250,209,119,210,101,15,0,94,0,125,0,255,66,207,151,119,30,0,182,255,107,255,0,150,255,0,255,255,0,100,137,56,255,0,255,160,0,220,255,255,252,255,160,213,0,10,134,255,28,212,0,103,227,67,168,89,120,0,166,255
152,19,123,48,241,72,119,51,90,224,207,8,143,240,126,111,194,143,126,165,122,255,136,119,0,197,145,224,0,203,61,0,65,169,111,113,227,18,0,234,193,170,49,225,0,68,177,146,243,170,255,35,255,0,255,180,194,58,185,85,127,12,0,255,0,255,33,8,255,0,97,0,255,20,255,255,129,109,255,255,51,255,255,56,215,82,225,133,251,255,185,151,0,80,33,255,0,0,246,77,237,5,3,221,0,246,255,255,143,255,139,255,0,255,0,109,255,114,53,255,254,0,0,7,255,0,81,255
153,27,122,37,255,70,136,56,83,202,164,14,116,255,81,107,215,149,172,152,114,255,77,73,0,230,121,255,0,183,77,38,59,141,54,64,190,91,0,194,127,183,44,147,0,152,68,169,227,158,255,68,255,0,241,154,220,55,184,141,135,65,24,204,116,255,165,46,213,0,83,23,255,38,172,242,123,134,186,255,118,255,255,19,155,9,253,53,255,255,0,255,175,187,95,255,5,0,194,45,195,55,71,0,0,164,255,255,240,255,255,255,0,130,0,80,255,121,78,153,209,44,191,129,255,0,0,255
157,34,131,38,255,88,129,31,61,242,188,0,96,219,90,95,87,167,184,218,63,207,45,72,18,160,69,243,58,112,50,109,67,181,74,223,190,71,0,208,164,112,0,126,71,249,55,155,255,222,242,124,191,10,160,226,255,30,189,160,192,217,0,219,48,255,59,65,255,0,15,183,255,134,98,255,121,96,187,255,49,125,252,16,119,0,255,153,255,255,51,246,95,112,125,255,0,0,159,0,73,0,0,28,0,197,255,255,255,255,195,248,0,58,0,65,187,103,131,232,245,79,85,20,213,14,0,255
175,22,183,113,209,18,181,94,150,139,129,21,112,152,113,92,116,164,121,197,138,141,122,40,16,148,102,200,106,146,205,135,78,86,79,255,44,54,163,88,27,109,56,122,141,178,108,211,111,189,89,190,255,92,189,57,1,149,168,209,217,130,0,116,255,249,172,235,140,77,28,126,188,182,82,81,147,202,210,176,186,42,151,208,84,59,61,109,61,61,73,166,199,108,196,208,64,0,0,64,255,27,52,87,65,255,170,235,118,124,229,151,67,158,255,25,87,0,0,196,255,0,26,25,188,0,0,255
192,40,223,98,195,22,129,119,107,121,156,3,142,118,82,155,106,172,117,124,50,188,83,156,121,181,236,200,178,56,193,145,70,106,56,216,66,38,97,146,112,177,0,163,188,120,132,143,187,235,178,130,95,53,48,198,183,87,248,255,211,97,45,182,255,212,217,178,255,18,0,121,255,255,206,103,80,210,129,206,215,190,127,255,138,132,255,150,34,55,148,234,255,70,103,255,31,4,180,72,255,184,128,116,13,176,114,161,126,255,95,255,0,255,220,224,64,237,0,244,255,125,138,171,0,0,0,255
192,34,217,67,165,47,107,141,94,231,142,54,87,90,74,70,17,143,108,129,132,255,51,0,89,85,177,255,168,90,109,95,95,133,50,199,0,135,132,137,157,109,0,56,107,205,140,175,161,154,255,88,166,35,87,177,237,32,146,175,255,84,0,255,148,225,227,29,181,0,49,75,255,255,172,47,103,156,25,255,229,88,80,255,103,105,255,186,51,94,255,111,124,176,144,198,0,207,222,222,60,146,90,70,61,153,159,193,136,255,142,255,21,173,61,0,255,255,0,255,97,255,37,0,60,0,0,255
186,35,206,111,179,0,130,100,122,136,136,0,125,90,115,114,112,138,145,143,68,241,85,82,105,141,188,166,127,13,182,93,101,101,165,191,70,56,85,139,135,214,19,169,146,113,117,181,173,204,166,68,168,0,81,47,137,100,188,255,255,124,0,224,255,247,238,193,225,65,23,122,187,255,130,113,38,151,193,219,255,123,167,249,192,17,255,127,64,0,149,233,255,227,138,255,92,22,37,163,194,170,46,185,93,219,147,139,74,255,237,215,33,255,141,173,174,165,40,226,117,67,14,99,39,58,92,255
158,19,146,92,211,20,154,70,134,190,153,8,148,149,118,93,128,135,206,190,69,167,110,39,125,67,183,220,170,91,82,47,102,0,141,192,128,21,120,142,108,139,32,137,90,176,92,68,108,255,233,84,173,62,150,75,158,41,111,172,116,101,0,177,159,187,118,105,167,0,142,126,222,203,97,128,127,170,116,138,166,88,244,166,108,120,208,130,163,9,117,255,244,114,73,208,214,131,100,174,151,0,110,8,92,153,135,177,150,128,195,93,0,116,215,26,95,36,112,205,17,0,83,122,213,113,142,255
185,33,197,107,200,60,160,105,98,186,139,31,128,154,107,87,46,191,108,176,109,255,62,60,42,143,107,245,128,124,135,96,44,130,100,193,113,64,137,103,90,117,24,181,64,135,85,202,146,138,255,139,229,175,110,77,162,74,149,228,255,109,0,233,161,214,180,194,150,61,39,155,214,205,101,122,113,98,104,186,210,80,109,234,93,55,128,57,50,99,137,113,189,190,148,255,0,47,84,116,179,164,143,198,103,255,139,255,91,214,139,255,69,255,175,28,139,122,0,151,240,92,109,0,136,0,153,255
186,25,166,122,225,101,104,115,124,196,154,63,171,126,36,78,104,134,169,166,121,255,104,71,66,122,194,169,201,103,155,86,84,105,37,164,61,68,174,123,154,147,106,187,169,118,93,166,121,182,224,144,255,159,70,51,173,20,136,180,218,11,166,221,107,184,200,103,0,94,81,196,167,165,132,214,168,152,47,225,83,132,255,196,82,109,200,230,0,182,116,131,148,85,120,255,17,161,155,241,170,126,42,22,193,255,120,253,181,130,204,217,242,221,197,7,87,203,0,113,25,158,14,120,193,0,72,255
191,26,183,117,200,85,147,110,111,135,148,34,183,124,74,125,126,162,159,197,44,255,56,83,61,127,223,208,200,53,155,113,116,138,51,104,70,88,156,118,192,158,94,193,218,108,160,115,113,145,218,39,136,144,55,182,217,32,196,205,195,26,39,172,174,159,214,107,134,85,84,208,202,173,157,169,104,109,178,255,138,91,214,125,100,126,166,86,84,123,74,255,141,150,129,252,0,0,153,120,255,170,168,109,92,129,72,166,127,255,109,255,115,255,105,69,68,118,0,186,83,120,65,138,157,0,29,255
170,29,153,100,238,67,150,87,169,208,62,44,157,113,0,51,187,80,195,166,37,200,101,14,120,71,244,195,127,31,140,51,145,117,88,191,0,106,149,120,153,97,73,84,199,151,90,119,107,146,149,169,120,219,53,117,177,44,87,124,112,117,65,161,139,166,32,106,120,159,100,173,215,185,127,122,88,115,68,154,122,218,245,205,107,208,198,163,130,0,42,255,161,151,85,241,78,91,73,207,133,0,37,193,112,255,67,136,249,168,7,181,183,222,255,63,105,165,94,0,132,99,28,6,255,34,11,255
169,29,172,110,198,22,135,55,130,156,105,0,131,98,96,105,94,102,207,156,48,255,127,52,86,60,176,199,52,0,123,58,82,42,190,166,140,114,76,84,108,234,37,131,159,122,34,117,181,188,171,0,157,60,48,43,173,117,223,101,226,33,32,206,182,227,130,81,255,10,61,153,182,255,75,112,49,73,116,185,255,82,255,201,131,153,250,121,190,0,75,255,235,189,128,255,151,101,96,255,216,0,83,186,119,182,197,96,159,208,255,164,87,191,98,165,224,108,90,151,0,44,26,89,187,173,135,255
172,25,167,124,205,16,154,57,138,129,108,0,124,138,133,109,136,135,203,166,94,220,146,65,84,36,174,218,99,57,178,57,116,0,145,126,63,120,144,99,112,155,86,126,196,124,87,119,170,200,201,69,143,85,114,90,138,87,172,162,207,100,21,153,152,186,93,159,187,11,132,171,209,174,23,109,71,60,184,168,205,45,252,154,176,108,250,136,189,0,41,245,255,182,121,224,152,92,63,134,202,0,92,53,43,219,102,134,107,146,155,159,46,198,241,100,178,139,0,170,52,17,123,86,208,63,59,255
192,43,233,87,204,42,157,143,92,191,140,34,103,129,83,111,76,194,83,149,110,203,58,78,110,153,195,243,158,99,220,158,64,180,51,244,0,96,148,154,107,114,0,137,155,156,121,192,216,206,233,207,169,101,71,152,159,61,193,255,252,110,17,202,255,198,165,238,205,0,0,57,255,222,191,96,98,248,15,255,202,98,88,255,166,106,245,119,0,77,255,177,255,114,80,255,0,0,94,123,125,254,108,179,116,247,102,161,74,255,102,255,0,255,255,76,69,180,0,195,255,168,89,0,0,0,0,255
195,38,197,106,212,71,126,85,69,155,181,40,173,164,90,97,101,152,117,186,42,255,37,156,76,115,209,204,213,75,163,77,100,142,47,154,60,50,71,127,97,155,38,188,204,146,180,216,177,204,255,118,171,154,53,142,255,46,176,231,255,64,41,233,142,219,245,136,183,75,41,118,214,255,116,110,186,93,57,255,208,96,116,255,179,64,225,99,0,113,95,107,183,140,197,255,20,0,148,195,255,129,157,105,207,255,75,207,184,255,77,255,125,255,240,166,127,101,93,109,187,83,0,60,89,0,68,255
187,34,196,112,202,49,143,102,95,137,181,18,176,141,94,136,111,165,120,156,58,229,46,90,81,139,187,195,146,104,114,117,101,143,79,151,77,82,127,155,105,172,54,179,170,116,131,131,150,146,241,118,179,85,81,109,157,45,199,255,244,124,41,175,252,255,210,141,167,98,56,179,175,255,151,112,45,168,196,194,225,92,98,196,194,76,159,83,25,40,83,104,255,185,208,243,31,57,124,133,251,130,106,134,31,197,88,255,86,247,197,225,22,255,178,120,122,122,0,217,172,14,152,0,174,0,29,255
189,40,225,79,186,51,129,120,83,175,155,45,90,170,91,117,43,194,76,147,83,244,53,89,84,141,194,255,156,95,92,110,135,122,66,219,12,84,150,153,158,97,0,183,101,155,136,167,230,196,252,145,171,124,47,142,193,35,168,255,255,82,0,243,150,191,240,169,229,0,50,118,255,213,104,118,126,164,66,200,255,129,13,255,106,128,141,100,11,88,217,165,255,55,38,255,0,80,146,109,82,255,172,181,125,186,101,255,73,255,230,208,34,255,186,74,134,112,0,115,255,255,127,24,0,0,0,255
190,36,213,86,189,30,117,121,84,173,147,38,123,138,76,99,76,175,67,139,83,209,80,119,117,173,199,229,172,118,137,133,104,133,43,198,94,77,103,173,154,143,5,156,103,161,128,157,144,206,172,194,153,83,85,169,200,28,153,255,255,107,0,246,207,176,168,146,177,0,0,72,249,255,183,137,149,201,60,183,211,229,93,255,64,107,190,128,23,90,174,119,255,80,33,255,0,17,130,108,192,239,118,111,84,199,118,206,106,255,179,231,17,255,161,8,93,154,0,165,241,191,179,79,0,0,0,255
171,33,167,84,224,25,134,111,106,177,202,0,129,114,108,64,93,124,133,148,78,179,61,57,76,165,198,162,208,101,106,56,129,96,83,202,91,11,121,171,119,162,25,105,11,180,72,83,91,178,191,152,206,71,47,124,93,98,148,255,157,166,0,218,183,255,184,105,127,0,100,91,184,206,121,197,134,203,117,88,223,173,175,216,100,18,149,85,99,118,121,119,255,254,34,255,91,104,64,187,82,36,21,140,90,181,252,255,118,255,172,162,0,194,58,29,120,96,42,231,109,0,170,46,51,57,18,255
179,23,165,108,208,41,154,116,117,129,150,24,141,174,112,134,141,169,96,160,90,206,75,83,65,143,143,197,191,129,141,97,115,115,90,162,141,102,128,122,135,143,72,125,89,109,93,133,28,164,166,120,148,110,117,176,182,78,162,198,146,101,46,195,133,231,169,120,124,43,72,172,203,255,128,121,125,211,190,100,166,173,158,178,17,114,136,126,77,47,92,174,234,150,93,222,74,53,108,119,255,150,118,121,63,148,163,228,136,228,162,179,15,182,123,47,142,86,0,208,184,89,99,71,168,0,92,255
193,31,207,89,191,46,146,129,73,159,161,50,137,150,73,89,72,169,44,153,95,250,40,97,77,185,142,225,195,159,150,155,103,180,38,232,53,52,103,165,135,144,18,150,101,133,135,232,76,160,183,197,179,70,136,111,211,0,137,255,228,112,0,248,207,199,174,220,93,58,18,42,207,255,219,111,135,218,76,188,155,175,41,247,116,38,155,88,17,88,205,25,242,126,139,221,9,31,94,153,225,212,79,131,73,159,168,255,136,254,162,255,0,255,172,72,133,130,0,161,255,144,104,0,0,0,56,255
161,22,150,114,221,47,157,63,134,201,171,33,140,169,121,75,127,112,200,184,74,255,139,81,63,110,184,205,123,151,130,14,128,0,129,151,79,48,117,92,122,172,131,128,68,160,122,99,101,204,203,99,126,44,186,108,131,73,122,122,172,97,20,194,138,161,45,125,180,0,108,104,247,173,78,87,119,153,12,197,168,84,223,134,150,195,143,72,167,37,77,136,223,146,51,224,70,162,147,191,165,0,162,0,64,68,71,255,148,89,232,153,0,163,213,67,68,103,82,191,90,0,110,111,255,121,61,255
176,32,174,121,238,75,139,77,132,188,123,37,151,147,81,113,147,131,190,137,60,250,87,63,114,81,193,226,139,75,150,42,113,29,110,160,88,101,142,104,100,132,124,122,170,122,130,43,157,168,243,104,118,122,75,106,146,5,140,172,199,130,98,197,156,247,99,112,170,93,78,228,183,232,122,114,108,140,140,150,177,54,172,155,147,97,190,166,122,44,51,193,235,127,150,222,106,137,105,185,220,45,113,74,21,150,36,250,158,138,146,180,47,255,144,82,117,157,39,124,29,67,164,51,243,58,0,255
177,26,184,77,189,43,114,107,122,186,163,32,114,117,96,50,86,120,91,109,100,221,101,85,100,145,210,219,177,155,84,156,109,95,68,187,77,36,151,156,167,112,38,143,52,171,110,118,37,158,160,162,169,101,97,102,192,83,132,196,228,74,4,216,184,231,203,41,67,70,56,78,246,197,104,159,73,166,153,126,233,189,163,197,99,130,114,175,108,65,185,141,194,150,81,255,16,77,79,180,152,123,132,130,115,172,165,142,124,255,208,137,66,220,131,0,141,109,0,134,194,173,83,45,57,0,9,255
175,34,174,83,214,35,145,99,120,182,178,14,105,162,129,76,62,141,141,155,95,186,73,56,61,128,216,255,181,134,81,52,118,116,65,228,87,22,174,152,98,110,32,161,56,171,102,122,123,183,231,144,215,84,75,177,170,124,178,228,202,89,0,250,176,255,170,83,105,0,74,112,255,211,63,127,134,120,126,105,255,209,210,255,104,117,182,26,72,31,108,177,255,228,19,255,47,101,78,201,131,55,19,183,141,221,148,253,121,253,120,115,0,226,96,0,120,68,12,188,190,0,170,47,100,24,60,255
162,19,147,98,215,36,156,76,123,160,179,51,115,189,151,118,131,147,178,178,91,220,99,86,105,109,127,203,183,88,146,75,57,84,99,153,122,69,139,64,137,129,51,141,119,135,143,107,147,180,191,79,189,122,113,129,188,82,106,175,141,109,31,185,187,175,91,97,161,2,136,123,179,224,72,146,160,172,150,23,170,118,215,163,35,85,169,147,149,30,46,241,158,204,47,183,172,80,58,225,255,0,173,158,51,128,208,189,116,147,232,67,0,96,228,0,116,115,40,176,86,0,45,95,170,35,205,255
168,21,167,89,200,21,158,91,126,171,151,25,129,120,171,73,71,128,151,158,101,255,144,62,73,115,167,213,114,121,138,115,56,64,108,169,118,40,127,125,71,126,54,190,70,137,77,159,139,147,210,132,155,150,66,89,125,29,70,106,187,79,0,245,139,249,105,115,96,21,102,137,255,184,10,137,131,154,186,128,203,125,255,191,32,135,101,126,164,76,45,239,184,122,44,255,96,109,25,177,189,0,134,142,118,237,133,175,50,158,224,134,91,179,205,0,115,110,12,151,123,85,0,124,124,94,200,255
173,32,156,70,226,86,86,24,79,228,170,22,78,118,100,79,94,97,143,221,24,211,64,126,66,118,141,168,136,135,111,139,127,124,55,255,142,18,47,103,153,141,11,186,117,177,116,216,145,238,139,110,163,220,100,192,255,78,137,104,255,118,0,211,38,159,23,39,196,72,160,121,157,147,34,239,121,111,255,20,74,119,151,108,16,120,200,151,203,162,143,108,112,117,103,255,0,141,127,248,88,0,0,255,9,255,189,166,219,255,21,131,245,125,93,84,190,195,94,36,255,0,0,0,5,122,94,255
151,29,118,30,255,69,118,58,73,208,163,0,69,208,40,66,215,110,184,89,70,255,51,94,2,215,107,255,18,159,49,91,106,147,4,129,170,144,0,208,167,148,0,140,0,255,68,214,193,189,247,65,242,34,178,155,245,47,145,193,125,247,9,239,198,187,243,7,202,0,70,120,246,0,167,255,85,119,175,255,30,238,248,29,136,0,202,97,189,255,0,198,251,95,213,255,43,0,164,16,87,0,145,0,0,152,231,255,205,255,134,255,0,63,0,255,225,203,0,58,228,124,180,255,255,0,86,255
151,23,113,43,250,65,118,68,101,196,151,0,121,255,60,112,240,168,185,104,108,255,35,84,3,231,98,255,0,190,114,59,90,116,33,49,193,87,0,199,141,142,28,175,0,189,102,193,190,217,251,43,244,0,215,128,184,42,193,138,108,48,18,152,120,255,178,38,147,0,135,61,255,43,205,255,106,190,162,255,84,255,255,65,232,52,255,150,162,255,83,160,137,170,153,255,0,28,252,0,255,73,130,22,0,185,255,255,150,255,213,255,0,161,0,255,255,192,0,161,174,70,162,255,255,0,18,255
153,25,125,49,255,83,130,54,94,204,146,12,115,202,49,87,195,130,192,140,83,221,46,122,23,226,144,255,40,159,122,86,114,147,88,117,170,75,0,174,167,191,0,96,0,76,92,177,248,209,206,110,236,10,208,187,247,0,158,193,255,55,0,195,161,255,90,18,246,0,182,86,255,78,84,115,90,99,141,207,60,150,255,39,72,55,200,146,193,255,46,243,135,96,119,255,0,87,148,105,245,16,138,76,0,255,255,255,225,255,255,232,0,117,26,12,226,123,0,244,223,116,100,7,254,153,164,255
151,23,117,40,255,81,143,57,92,204,124,0,75,235,12,105,223,132,221,114,86,230,0,79,13,255,84,255,84,169,95,80,95,132,24,70,143,138,0,183,156,163,0,124,23,186,52,195,255,190,209,75,255,0,183,128,244,0,175,152,216,174,0,169,255,206,214,0,241,0,143,54,255,114,78,143,30,179,25,255,109,155,255,83,131,0,234,179,222,255,0,255,158,87,118,255,0,149,207,0,255,88,255,0,0,233,255,255,255,255,255,220,0,125,0,224,216,143,0,97,206,133,237,255,255,0,106,255
151,27,116,35,255,68,140,64,96,183,138,13,80,249,42,102,226,117,196,134,58,255,74,41,0,255,95,255,0,199,90,39,65,122,5,16,144,168,0,173,142,171,17,160,0,182,12,151,234,175,255,68,255,0,242,78,236,19,178,198,113,221,57,172,238,217,255,48,255,0,124,24,255,56,253,255,44,138,141,255,83,236,255,70,178,0,255,34,218,255,0,255,252,182,180,251,40,66,163,0,116,128,156,0,0,213,255,255,255,255,255,241,0,116,0,255,255,168,0,80,186,235,179,255,255,0,0,255
155,24,114,46,255,98,162,58,87,193,132,0,100,174,0,73,255,103,255,98,82,203,2,141,22,233,72,255,175,230,161,80,186,155,40,45,148,137,31,233,210,158,0,144,0,162,28,223,255,237,174,54,208,151,107,125,150,0,92,154,255,189,27,112,255,176,218,0,255,60,144,206,255,130,42,177,0,92,0,255,195,225,142,213,135,0,211,183,94,255,0,254,255,94,255,255,24,162,132,0,255,92,255,38,0,255,191,255,255,255,255,119,0,0,9,255,53,255,0,159,99,255,28,50,133,0,255,255
150,17,107,45,255,79,151,63,63,231,148,0,92,161,0,61,255,74,255,44,120,168,0,219,33,255,76,255,166,211,111,134,229,115,24,82,234,91,0,255,255,90,0,149,0,255,94,255,255,255,146,0,169,165,56,125,49,0,4,104,243,222,0,97,255,73,212,0,255,212,240,213,53,31,0,94,0,224,0,255,128,224,56,255,201,0,178,217,5,255,0,152,255,0,255,180,9,181,128,56,255,0,255,241,0,249,81,255,134,255,189,0,0,0,65,255,175,228,0,118,154,98,12,86,0,0,195,255
148,16,103,42,255,87,151,65,80,217,128,0,81,245,0,109,255,109,255,63,154,229,0,191,31,255,96,255,52,174,137,97,123,151,46,18,172,160,0,182,187,152,0,159,0,204,115,255,249,236,143,0,255,0,89,95,15,59,80,113,255,68,43,146,255,96,214,30,219,44,235,149,117,20,59,7,0,230,0,255,39,255,104,255,233,0,240,216,90,255,0,255,201,0,255,176,71,65,191,39,255,116,255,17,0,230,189,255,152,220,247,168,0,0,0,255,230,255,0,171,255,72,135,50,98,0,255,255
154,26,116,48,255,81,112,26,44,233,172,0,97,163,0,34,198,100,241,106,72,145,0,100,8,202,64,255,158,156,56,156,176,100,58,238,255,86,0,196,202,94,30,51,75,211,56,255,255,249,209,138,91,105,142,255,255,3,151,160,194,173,0,177,147,156,100,0,225,164,116,112,204,79,0,86,26,172,34,255,109,150,187,48,0,36,209,207,230,255,74,124,255,29,176,237,0,109,83,39,252,0,193,49,0,140,255,255,218,255,166,183,0,114,103,254,205,124,66,95,193,86,236,158,203,0,43,255
151,28,112,44,255,52,135,57,73,197,169,5,121,246,41,95,239,117,209,130,54,255,92,41,0,193,59,255,0,218,93,53,110,132,24,58,210,72,21,241,148,147,71,124,0,218,4,227,240,202,255,53,181,0,209,157,255,25,199,141,88,177,0,103,107,255,254,56,255,0,101,76,255,71,193,255,110,205,118,255,135,255,255,18,220,0,255,0,171,255,30,239,255,206,238,254,0,55,142,0,120,82,154,0,0,126,255,205,255,255,255,252,0,145,43,255,255,149,119,211,116,189,222,255,255,0,0,255
153,29,111,39,255,52,129,56,81,180,157,5,104,255,37,78,225,106,196,134,48,255,84,25,0,242,77,255,0,212,106,14,93,142,9,0,158,131,0,220,135,182,79,78,0,211,0,168,224,166,255,97,226,0,243,153,255,39,195,162,82,225,35,81,160,255,255,53,253,0,76,20,255,66,215,255,90,153,140,255,183,255,255,11,207,0,255,0,188,255,0,255,255,255,255,255,0,35,149,0,41,150,75,0,0,150,255,229,255,255,255,255,0,67,0,255,236,191,71,199,165,247,255,255,255,0,0,255
154,29,113,41,255,72,112,64,64,201,194,0,129,205,65,43,187,98,157,154,89,255,95,98,17,141,179,226,0,154,72,66,99,145,100,119,229,79,0,160,167,164,58,149,0,187,34,134,161,181,255,49,203,0,199,201,200,94,130,189,84,125,41,182,52,203,127,93,214,0,38,63,255,0,176,226,102,76,230,255,34,255,252,55,113,0,255,43,227,255,0,205,196,224,235,242,16,0,141,56,108,0,0,0,0,164,255,255,255,255,173,255,0,7,0,104,255,248,95,254,235,72,53,32,255,0,19,255
150,28,114,48,255,52,135,73,99,178,149,22,104,247,48,80,244,89,202,121,38,255,91,37,19,244,121,255,0,189,121,0,93,128,0,0,135,174,0,202,145,200,64,88,0,202,12,134,187,179,255,36,250,0,234,94,186,58,166,184,94,255,63,115,222,226,255,91,255,0,169,34,255,39,255,255,79,150,117,255,146,255,255,118,229,0,230,0,143,255,0,230,255,199,255,218,64,17,124,22,49,193,185,0,0,255,255,255,236,255,255,255,0,38,29,255,250,196,0,239,178,219,213,255,255,0,19,255
152,30,114,35,255,51,129,70,78,191,177,0,112,249,61,80,231,125,190,103,92,255,101,51,0,204,84,255,0,206,76,43,69,122,10,52,170,112,0,235,154,150,68,139,0,240,44,194,165,173,255,27,233,0,230,157,234,85,165,133,55,192,37,159,139,255,255,32,179,0,92,84,255,0,219,255,105,150,216,255,110,255,255,21,237,0,255,0,178,255,0,215,255,177,255,255,33,0,131,10,52,34,80,0,0,153,255,255,220,255,253,255,0,76,0,255,255,241,64,160,173,191,255,255,255,0,0,255
151,22,117,50,255,75,135,68,104,186,133,6,104,205,15,71,253,104,229,92,62,240,27,122,37,255,108,255,19,191,142,72,146,88,12,30,162,114,0,174,213,157,0,127,0,127,84,154,251,218,230,31,255,55,236,153,165,0,118,215,208,173,0,110,254,168,212,34,255,23,215,52,255,59,164,179,10,109,39,255,141,199,246,179,119,0,255,76,110,255,0,158,255,119,236,243,0,176,120,77,220,124,255,58,0,255,255,255,164,255,255,186,0,53,56,255,236,195,0,161,182,145,89,126,255,0,135,255
154,26,120,54,255,56,130,77,103,173,132,13,106,237,78,97,217,126,188,140,60,255,70,57,6,255,149,255,0,186,121,3,99,97,38,17,161,125,0,182,136,183,40,85,0,151,65,105,203,151,255,35,255,0,250,110,192,60,168,182,107,170,24,131,194,255,226,58,235,0,144,9,255,54,226,247,73,126,142,255,223,251,255,124,188,0,255,3,186,255,0,240,197,217,181,221,12,88,168,40,140,161,157,0,0,255,255,232,209,255,255,255,0,109,0,244,255,126,0,145,225,120,178,176,255,0,51,255
150,22,106,51,255,66,148,68,93,193,143,6,112,255,0,88,255,88,255,88,57,255,53,97,32,255,5,255,0,255,133,73,156,109,0,0,158,116,0,223,224,89,83,175,0,182,52,192,255,224,255,0,200,34,232,194,184,0,156,141,113,228,0,20,230,217,255,14,255,67,205,0,255,113,225,255,10,245,0,255,223,255,253,197,242,0,255,0,116,255,0,187,255,157,255,123,0,255,111,0,251,251,255,0,0,255,255,221,218,255,255,77,0,40,27,255,255,246,0,173,75,220,94,255,255,0,54,255
152,19,110,58,255,87,155,55,80,199,137,0,114,173,0,61,255,76,255,71,85,186,0,184,27,248,53,255,183,255,181,90,242,125,40,21,191,75,12,255,252,105,0,151,0,179,60,237,255,255,198,28,101,158,85,166,111,0,64,131,255,193,0,9,233,142,180,0,255,167,212,178,213,150,40,165,0,174,0,255,238,206,106,255,186,38,225,203,6,255,87,165,255,77,255,232,0,219,139,0,255,131,255,176,0,245,227,251,255,255,255,46,0,0,79,255,91,255,0,247,15,219,20,0,0,0,255,255
150,17,96,40,255,87,158,64,49,243,147,0,103,188,0,37,255,77,255,36,130,172,0,221,46,223,39,255,136,229,142,149,255,130,47,66,255,113,0,201,255,52,4,174,0,255,39,255,255,255,140,0,127,218,63,224,106,0,0,130,255,183,0,61,255,39,214,45,255,255,224,230,93,55,0,16,0,219,0,255,63,255,71,255,162,0,255,255,6,255,0,135,255,0,255,171,0,255,81,0,255,0,255,255,0,255,126,255,169,255,255,0,0,0,118,255,130,255,0,244,125,173,0,173,29,0,159,255
151,21,91,36,255,90,156,69,69,211,175,0,137,200,0,13,255,90,255,37,128,225,0,223,59,188,51,255,144,214,197,157,223,152,30,27,217,87,0,213,255,65,0,168,0,243,0,255,244,255,127,0,88,171,59,184,174,0,46,104,230,165,0,80,233,63,208,44,253,255,151,255,194,114,0,105,0,135,0,255,44,255,99,236,118,5,255,255,0,255,0,154,255,142,255,255,0,142,205,0,255,13,255,255,0,217,255,255,255,255,255,56,0,0,91,255,51,255,0,243,57,240,15,159,116,0,41,255
152,26,111,59,255,65,132,46,88,192,157,22,145,255,6,57,237,87,226,132,72,255,21,69,33,242,117,250,0,141,144,88,86,99,58,50,159,110,0,170,168,163,57,61,49,162,0,164,219,239,255,109,143,0,194,218,213,0,189,187,121,113,28,48,129,149,156,95,255,0,169,0,255,150,113,91,67,155,55,249,113,246,230,46,87,93,229,63,224,214,0,255,255,191,230,165,0,34,144,0,224,124,26,0,0,179,255,181,255,255,255,236,0,71,103,218,236,135,127,255,122,144,255,127,255,52,0,255
191,42,213,94,192,40,96,110,86,163,205,5,90,154,76,92,62,146,86,179,16,245,20,23,91,152,217,204,113,152,88,104,167,185,27,220,14,25,156,159,70,151,4,120,49,235,108,235,128,255,172,173,211,72,87,94,185,64,157,218,255,209,0,202,168,179,199,172,137,91,104,51,195,255,133,65,146,103,61,108,158,130,3,226,159,109,186,64,64,8,96,56,255,222,112,255,0,145,197,130,135,255,134,249,45,231,94,255,118,255,122,134,60,255,214,106,226,105,12,212,224,163,90,0,58,39,0,255
197,44,238,97,185,82,117,89,62,181,159,63,103,179,76,109,49,194,112,197,60,255,6,106,60,112,167,255,146,96,98,107,170,176,105,202,61,43,133,113,125,139,0,229,134,155,145,238,255,219,235,98,160,149,127,124,220,34,140,255,255,137,0,255,175,185,255,184,238,60,13,74,186,211,95,115,126,197,33,194,183,71,44,232,114,0,190,145,0,67,164,92,255,84,183,255,0,22,113,124,190,255,155,180,81,231,109,255,157,255,112,199,33,255,205,150,124,59,35,137,222,226,0,0,0,0,24,255
196,37,234,88,174,57,147,103,64,184,123,43,114,147,104,82,60,196,81,152,99,237,35,88,66,163,104,255,148,95,150,192,72,126,86,214,62,130,138,195,190,191,0,215,126,171,91,193,218,199,209,112,128,76,127,180,121,0,95,255,255,92,14,246,161,149,207,224,195,16,0,57,226,253,120,106,100,213,76,183,211,107,69,255,121,69,123,147,0,116,205,129,255,0,200,255,0,9,144,99,160,255,83,218,30,223,77,244,149,255,158,255,0,226,204,103,103,78,0,159,255,131,117,37,0,0,109,255
194,41,230,91,189,10,92,122,108,110,179,1,141,92,47,119,95,166,76,114,53,201,65,174,123,169,255,175,180,53,184,145,73,95,64,220,87,0,97,175,100,207,0,108,105,186,149,142,194,244,211,197,91,2,86,101,189,0,137,255,171,164,0,217,255,227,228,159,255,30,0,109,215,255,194,97,106,249,22,171,247,250,73,255,88,63,236,165,27,94,145,74,255,140,102,219,34,12,237,60,208,226,131,93,30,173,132,247,119,255,133,243,34,242,149,212,134,255,29,167,255,205,39,89,0,0,0,255
192,37,206,103,194,45,133,91,89,141,148,0,153,137,111,109,108,161,131,138,78,227,50,108,95,131,170,255,164,54,129,145,86,96,87,144,74,123,124,179,154,165,17,126,178,74,131,96,160,162,188,64,77,97,56,182,176,8,173,255,255,57,65,198,154,198,200,154,188,79,12,136,192,255,143,156,48,128,191,225,252,145,108,210,118,69,166,169,9,0,113,173,255,67,181,255,0,22,130,87,255,246,85,140,58,181,109,245,94,255,156,255,54,255,183,148,144,65,0,225,191,77,186,55,44,0,83,255
173,21,198,141,192,34,178,42,149,99,88,6,75,157,166,94,90,204,166,179,132,226,80,77,35,108,107,208,46,119,198,117,14,53,144,174,138,68,148,143,27,148,89,179,99,181,120,144,172,163,255,160,154,142,104,5,96,179,171,124,188,170,0,136,255,168,219,195,255,83,143,126,248,192,3,0,100,176,142,18,130,13,170,255,237,157,188,255,197,126,21,52,223,255,255,224,111,0,164,7,255,0,159,55,18,255,100,255,122,155,60,255,128,54,202,129,231,217,80,159,142,184,46,151,255,0,159,255
174,20,163,134,206,89,106,25,141,164,126,53,147,71,84,129,73,131,174,178,52,255,70,113,149,96,176,217,127,132,230,100,0,104,88,90,106,30,105,106,78,149,166,207,214,73,127,101,103,182,179,154,130,156,32,12,182,136,142,115,197,78,147,184,198,92,214,56,194,225,121,148,212,239,36,173,70,207,55,39,163,0,255,124,132,115,143,226,158,60,214,162,98,124,241,237,91,145,222,233,250,7,74,71,61,0,0,223,188,243,250,185,152,217,70,41,100,162,87,215,0,62,85,96,255,0,25,255
168,20,159,118,196,0,170,76,147,138,151,22,123,172,143,93,172,161,138,173,104,159,98,63,57,175,125,172,255,121,187,126,74,57,127,179,78,83,138,74,174,134,30,151,128,175,89,132,110,164,96,152,221,106,167,114,170,124,100,187,124,157,1,109,255,173,90,122,128,0,157,7,208,246,105,102,195,181,170,35,159,183,206,213,82,90,176,177,119,0,69,212,255,255,121,200,144,0,34,185,255,0,139,89,31,218,205,128,168,107,210,87,0,86,189,17,22,90,81,246,104,0,0,186,133,0,180,255
151,18,136,84,243,60,132,37,139,202,103,11,125,141,30,77,162,65,220,135,72,192,1,99,182,99,228,255,103,82,172,131,22,67,66,179,153,110,56,158,95,138,5,201,159,141,132,140,117,167,120,78,155,183,30,60,169,71,192,117,115,27,163,255,152,26,69,80,233,0,128,80,129,227,200,97,163,155,0,0,63,180,236,101,11,226,85,234,247,0,209,218,105,77,127,72,105,34,125,255,255,0,158,103,41,169,98,109,255,185,250,231,60,212,255,165,255,38,92,102,182,0,79,56,250,0,0,255
157,27,157,105,255,88,159,62,144,219,104,46,154,148,84,92,112,99,199,171,53,255,89,135,185,54,178,184,48,85,197,71,21,99,132,120,58,114,126,139,102,199,41,182,147,102,124,112,116,164,251,95,122,180,81,18,174,94,104,143,209,37,193,245,186,125,68,197,244,0,53,250,178,255,191,163,138,73,0,16,127,149,255,235,108,183,204,140,255,0,210,212,59,104,79,129,10,138,185,255,223,0,221,100,0,96,0,149,255,210,255,255,46,96,252,229,96,232,83,241,198,168,25,41,255,12,145,255
159,31,160,99,255,110,130,48,142,141,105,44,185,146,0,95,137,130,215,150,10,255,61,151,231,33,155,255,113,20,192,91,62,105,171,142,124,136,95,90,97,177,53,192,152,98,138,86,168,203,128,163,151,186,0,143,190,0,207,231,249,0,134,255,218,177,146,107,255,164,0,198,147,255,117,73,150,63,0,97,225,88,169,184,0,181,107,224,255,96,82,120,94,102,114,101,125,0,185,255,255,0,78,158,171,202,68,195,255,169,255,198,54,158,133,255,91,135,168,167,0,188,0,46,204,0,137,255
154,25,159,91,255,94,164,72,144,224,111,62,158,159,77,110,139,129,192,180,61,255,64,156,170,87,163,209,66,122,201,78,41,155,116,177,110,137,158,126,120,187,1,190,103,102,155,123,110,165,210,118,106,130,58,67,191,92,147,208,207,57,184,205,161,84,62,202,255,0,80,166,161,255,177,186,143,140,0,0,69,131,255,218,60,186,147,202,255,0,208,225,138,116,70,128,1,74,189,255,255,0,193,189,75,10,32,121,255,227,255,255,41,65,195,187,134,119,90,255,93,89,0,38,255,0,77,255
161,23,157,122,214,33,118,15,128,154,127,29,113,106,118,103,76,120,201,169,0,255,93,109,148,88,200,213,124,60,159,81,11,64,153,108,92,31,22,63,66,179,100,178,199,122,106,69,144,168,192,95,156,120,83,18,194,215,99,41,235,0,84,248,216,141,99,88,255,16,42,105,144,255,69,133,139,119,0,102,244,0,176,96,156,231,207,114,179,0,149,214,34,65,246,255,121,97,154,255,255,0,78,39,140,31,0,150,206,73,255,156,67,255,158,201,180,75,80,148,96,120,0,93,206,148,153,255
