180,8,162,104,189,56,153,172,151,97,137,15,147,112,94,115,96,172,94,168,70,255,50,87,68,68,92,254,213,151,146,177,154,140,55,147,144,93,129,90,147,187,84,110,64,141,77,139,67,107,100,225,142,219,130,59,144,1,144,196,132,70,106,166,108,191,103,167,108,89,64,241,255,196,45,124,99,244,167,48,120,148,130,82,69,205,42,231,26,38,59,153,150,82,228,94,105,129,144,62,161,52,0,181,17,158,245,255,217,179,230,113,71,78,92,94,96,73,14,78,245,58,0,0,255,0,144,255
181,7,161,93,175,51,131,172,139,116,165,22,136,110,96,64,98,151,87,168,89,255,64,127,82,50,134,255,212,131,121,162,135,115,57,128,130,93,80,67,171,180,67,104,81,142,126,178,45,141,128,147,100,189,133,49,194,0,124,218,114,68,158,180,182,201,96,175,92,58,81,255,255,184,100,169,93,132,140,98,165,145,89,60,23,215,45,228,118,56,107,187,177,106,154,90,97,87,155,61,200,166,73,172,41,209,201,248,248,255,255,172,81,149,164,122,130,188,0,122,226,118,40,0,255,0,181,255
177,6,156,99,185,60,148,162,149,112,174,37,125,111,98,98,106,143,100,173,79,253,93,116,82,57,135,248,234,146,139,140,132,137,52,168,129,62,88,76,133,182,75,139,66,161,84,154,50,147,113,164,135,170,166,50,175,0,130,212,92,109,106,172,202,231,110,147,103,107,93,255,246,172,72,146,94,211,157,63,149,139,147,88,29,196,32,245,108,92,82,157,185,105,160,103,95,78,160,56,224,127,88,170,47,177,158,255,255,230,248,128,75,169,220,146,136,170,25,124,167,78,0,21,255,0,117,255
182,7,169,78,183,69,139,185,128,122,174,57,108,122,98,66,94,145,76,172,62,255,46,153,68,57,158,255,169,151,127,160,172,128,73,170,84,84,63,85,121,179,123,84,121,177,149,173,70,184,142,79,63,191,151,0,245,0,105,173,86,67,202,208,237,189,88,194,132,51,145,212,255,175,196,200,51,133,66,164,159,136,104,119,113,189,51,233,239,66,123,123,202,99,98,118,89,0,182,78,237,189,89,181,9,255,206,255,255,241,244,255,18,112,249,176,95,137,65,35,222,52,17,0,255,0,192,255
185,7,172,76,172,58,141,184,121,102,172,40,132,123,101,79,87,183,75,168,61,255,27,163,61,45,138,255,192,142,113,195,180,129,54,160,113,84,47,93,129,176,96,60,81,148,157,204,78,154,156,99,78,217,161,15,255,0,145,199,76,40,207,225,201,198,73,221,168,0,131,237,255,181,161,160,50,134,72,147,163,122,96,116,100,180,66,253,222,76,70,114,234,49,107,88,104,10,217,53,232,192,70,206,0,231,231,255,255,255,255,237,10,85,161,203,77,213,54,83,255,52,0,0,255,0,247,255
181,8,170,80,182,62,138,183,132,122,188,41,107,121,92,63,114,161,91,183,78,255,56,148,70,57,133,255,201,155,132,157,169,138,72,173,114,64,87,77,148,175,82,63,98,151,145,164,45,159,169,69,108,211,147,0,233,0,131,205,90,82,201,189,233,200,103,183,138,64,106,233,255,170,178,203,72,123,71,137,167,110,66,107,97,193,19,230,221,120,113,147,219,132,109,130,113,26,210,70,250,147,117,231,23,254,192,255,255,255,232,237,31,96,228,169,106,186,96,80,154,25,0,0,255,0,187,255
180,9,156,89,189,74,146,180,121,131,163,47,163,111,76,88,93,139,101,153,85,255,80,122,76,42,146,255,220,112,110,136,113,108,47,124,106,83,125,105,149,184,55,128,33,150,70,165,47,105,135,147,148,229,145,48,177,0,136,224,178,99,138,221,170,213,76,121,90,69,74,255,229,191,123,178,42,112,111,125,186,186,168,93,1,180,61,255,116,100,92,121,157,87,86,91,40,68,196,84,169,78,69,173,50,194,203,255,217,242,223,159,126,103,131,179,137,178,0,38,236,180,23,0,255,0,136,255
183,6,164,90,180,58,149,179,135,96,164,22,150,122,91,102,87,191,89,161,59,255,57,141,58,47,132,255,219,150,121,195,172,135,42,141,131,86,66,94,117,168,68,103,42,151,125,185,66,121,124,160,114,240,132,51,224,0,154,195,79,74,176,204,173,191,73,221,141,35,104,255,255,203,131,156,100,174,119,97,151,145,130,108,38,188,45,236,120,77,34,130,229,68,114,93,97,34,180,35,216,138,71,240,0,178,255,255,255,255,255,171,20,55,167,192,36,203,7,113,255,76,0,0,255,0,199,255
178,6,154,98,181,51,138,163,145,98,168,22,139,110,95,83,106,149,102,164,80,255,73,124,78,44,137,255,231,137,138,164,139,128,49,155,123,78,77,84,129,172,68,108,59,143,99,165,39,132,128,159,124,180,139,39,202,0,123,217,70,81,123,178,188,225,106,159,118,77,120,255,255,157,81,139,98,169,144,85,158,150,131,87,31,178,52,235,103,80,39,140,184,72,147,85,112,74,159,68,225,115,86,183,14,188,198,255,237,253,250,159,61,173,216,162,142,198,31,131,206,127,0,14,255,0,182,255
181,5,163,87,171,54,143,168,144,111,162,27,126,111,99,86,94,157,86,153,66,255,68,130,85,60,135,255,227,127,132,166,149,103,58,160,115,74,59,79,150,175,83,102,73,161,108,162,43,145,128,127,80,203,148,49,216,0,130,212,78,68,160,193,192,212,115,179,142,49,99,249,255,170,131,137,68,146,151,82,164,141,111,98,58,194,62,239,139,89,95,175,181,53,154,98,74,43,172,62,196,188,104,165,10,193,197,252,255,255,255,203,37,148,192,152,101,206,40,153,231,123,0,9,255,0,169,255
179,7,158,89,181,59,138,172,127,136,166,43,141,95,92,67,87,129,91,161,88,255,82,107,90,62,152,255,217,134,97,120,135,100,58,145,105,76,79,82,156,194,80,131,69,160,110,163,50,133,109,154,118,173,150,56,172,0,117,202,120,106,110,231,198,232,120,140,60,72,83,235,236,180,145,188,68,181,135,119,143,132,164,100,37,170,56,255,144,90,135,156,167,83,119,116,108,86,156,91,192,131,90,140,68,195,206,255,245,249,255,158,54,134,170,124,139,202,0,87,194,126,44,0,237,0,127,255
181,8,157,99,187,49,149,171,144,90,168,8,156,129,94,103,113,176,80,163,84,255,77,132,52,27,125,255,223,140,139,199,156,134,36,159,131,92,86,113,107,139,37,90,23,119,88,182,25,124,110,180,151,220,125,73,212,0,146,216,63,69,160,171,166,209,88,202,114,33,108,255,255,196,94,134,111,158,142,88,160,174,113,82,8,189,47,224,57,58,19,150,204,90,131,104,111,58,157,21,242,121,80,228,48,179,231,255,255,255,255,167,88,122,194,157,153,196,35,101,255,123,0,0,255,0,194,255
178,8,159,95,186,64,144,169,136,129,166,35,147,100,94,83,90,141,105,162,93,255,79,100,74,71,138,247,237,132,107,144,129,144,51,143,110,82,106,97,179,172,60,137,30,142,60,170,29,103,133,174,163,175,138,56,161,0,147,239,143,86,90,201,182,213,108,134,85,94,70,253,230,193,94,161,79,163,137,103,171,136,147,84,4,177,37,237,88,106,133,137,165,108,133,97,73,120,163,86,168,100,57,147,38,190,183,250,210,253,222,120,94,185,143,129,133,182,0,124,174,155,14,5,255,0,131,255
182,9,164,90,182,68,143,167,131,116,155,51,133,128,106,93,93,163,85,164,57,255,67,144,54,68,125,255,194,152,137,170,162,135,55,144,116,103,96,80,133,168,97,111,73,150,121,191,53,153,112,166,93,185,145,41,202,0,119,188,136,66,172,200,181,221,84,171,109,46,83,255,255,213,93,164,62,167,126,107,141,113,145,121,50,174,61,255,143,51,105,124,156,110,109,147,115,64,150,79,209,185,63,148,0,194,181,255,252,255,231,158,92,126,191,141,94,158,16,101,255,130,8,0,255,0,165,255
179,5,151,98,185,58,141,162,149,99,167,27,151,107,93,95,104,152,98,164,88,255,98,143,66,34,126,255,231,128,142,163,143,136,57,136,116,69,81,80,112,191,71,104,60,143,86,179,35,138,108,196,125,197,136,60,176,0,139,228,62,70,169,176,198,242,82,160,109,68,121,255,255,153,70,131,64,129,150,77,187,177,166,87,36,200,42,255,95,65,34,178,185,95,169,84,97,86,187,56,230,96,76,168,44,216,181,255,255,253,235,162,117,173,216,167,127,218,16,141,237,161,0,7,255,0,174,255
183,9,169,82,179,73,141,166,131,118,176,56,125,133,96,84,87,152,81,166,52,255,44,160,57,63,132,255,185,137,138,159,161,113,79,161,84,95,82,83,124,174,120,93,116,155,114,189,74,175,138,121,66,181,143,11,221,0,118,207,136,24,202,198,227,213,76,171,153,52,124,226,255,214,133,144,38,97,123,119,189,119,113,95,110,190,89,240,159,44,114,142,168,117,123,126,66,29,182,88,232,185,74,146,0,214,205,255,255,253,243,187,60,185,161,190,95,143,28,60,255,82,13,0,255,0,193,255
182,10,166,87,188,74,138,172,133,140,168,58,121,128,96,79,92,150,74,165,51,255,60,122,56,73,145,255,175,156,118,152,178,134,77,161,78,92,81,104,113,172,117,92,80,170,123,158,74,161,118,151,88,175,144,18,219,0,113,175,122,71,178,216,211,210,83,174,93,83,117,205,237,226,162,158,68,154,98,171,154,120,150,102,90,167,67,236,141,50,165,134,159,161,120,161,124,10,159,85,227,146,70,132,19,245,203,255,208,238,202,203,65,133,170,179,94,141,31,68,218,33,4,0,255,0,58,255
182,9,166,86,178,51,131,180,128,104,197,35,123,117,106,82,102,148,87,198,56,255,50,133,65,55,140,255,186,172,125,165,177,136,57,174,113,78,74,101,112,179,104,83,97,140,162,182,74,161,121,115,69,153,172,0,231,0,89,179,85,73,153,184,215,205,105,168,115,67,116,227,255,190,137,158,74,153,103,164,160,153,104,76,84,171,43,227,115,56,89,106,179,116,126,119,103,26,186,43,255,122,59,196,0,199,184,255,205,255,255,174,53,90,236,181,164,156,45,132,226,2,0,0,255,0,233,255
182,8,167,85,183,49,146,192,132,93,179,17,132,121,99,82,98,175,84,175,64,255,35,125,56,30,138,255,215,161,123,179,181,134,38,179,124,80,61,121,103,155,88,43,67,146,131,168,63,165,140,104,99,220,145,3,247,0,131,195,53,73,170,183,178,175,75,222,134,18,99,246,255,195,156,175,85,159,62,157,155,136,79,102,51,159,37,244,144,82,50,85,220,76,122,109,112,27,195,21,222,136,73,240,10,235,225,255,232,255,255,215,1,58,196,186,110,188,68,93,245,1,0,0,255,0,243,255
180,5,163,84,170,64,126,164,137,130,159,56,132,101,105,71,76,133,94,166,66,255,58,146,85,81,144,255,190,136,134,157,146,119,56,126,112,100,78,61,164,177,84,99,112,160,117,192,37,123,139,122,73,164,111,21,204,0,102,216,128,27,132,192,193,192,99,174,131,72,86,255,255,207,107,186,48,123,143,111,169,133,139,76,49,204,60,209,197,70,134,161,130,104,68,118,77,91,132,130,183,205,73,136,0,192,197,240,255,255,239,137,79,165,195,109,110,190,9,110,243,194,87,0,255,0,244,255
175,7,153,93,189,65,147,154,125,104,179,63,144,130,97,97,112,132,95,157,70,255,109,132,61,69,128,217,219,146,119,129,153,125,70,137,124,52,87,88,122,186,101,139,58,167,94,180,30,156,107,130,123,144,155,65,145,0,139,188,78,71,111,188,212,248,92,118,106,72,105,255,242,153,73,109,89,205,130,128,161,119,178,80,55,167,64,246,110,94,71,97,159,72,125,107,88,92,188,106,227,105,86,116,26,152,171,255,242,214,234,133,77,182,206,135,142,189,0,103,224,161,0,0,222,0,138,255
186,6,172,74,168,58,123,183,124,120,189,51,118,106,107,63,73,149,66,193,56,255,15,174,75,61,137,255,165,153,139,176,196,93,80,159,101,90,38,83,128,206,128,64,161,127,190,193,88,167,139,74,19,182,161,0,237,0,119,178,91,22,175,190,250,182,134,190,207,20,137,219,255,217,179,185,35,102,85,176,166,98,62,43,134,197,71,255,201,41,119,166,189,88,100,85,61,0,184,95,236,163,71,165,0,249,204,255,255,255,255,255,29,82,198,206,108,167,60,92,255,16,0,0,255,0,255,255
182,9,167,85,179,61,138,181,135,105,180,44,124,117,101,81,92,151,100,191,41,255,45,143,59,72,147,255,189,162,138,182,183,142,57,166,113,71,72,79,123,181,107,89,102,164,164,189,72,160,149,108,67,165,157,0,241,0,98,188,85,70,151,183,196,196,88,195,145,66,107,255,255,205,154,175,82,186,91,150,146,140,110,124,80,177,35,210,167,40,85,101,189,93,111,112,83,1,151,57,254,183,62,183,0,219,202,255,224,251,255,182,16,91,255,190,88,160,91,110,245,5,0,0,255,0,201,255
176,11,158,95,188,46,139,166,127,122,196,34,124,116,111,76,119,124,93,193,79,255,75,96,78,61,143,255,214,163,113,107,151,135,59,175,118,83,70,107,124,179,96,104,90,141,124,143,36,161,122,117,111,138,164,20,182,0,113,179,79,117,88,151,218,219,136,130,97,80,113,204,255,179,106,175,112,203,133,136,168,127,121,96,75,146,36,233,89,70,109,129,159,121,125,126,115,57,143,50,227,91,110,188,94,163,165,255,201,242,255,156,38,148,246,123,200,141,24,120,165,31,0,0,255,0,183,255
184,9,168,88,180,61,159,171,121,90,158,38,135,142,109,126,82,190,85,171,64,255,52,125,43,50,110,255,227,152,133,179,159,148,28,173,128,93,108,100,111,170,75,107,48,144,106,173,95,141,148,146,100,228,160,56,236,0,130,203,113,84,154,211,161,216,86,196,160,14,121,247,255,198,87,134,90,181,137,72,163,146,132,132,42,152,91,255,105,76,38,96,227,39,94,125,55,47,185,48,175,120,63,249,0,151,226,255,195,255,254,172,42,86,157,154,140,150,0,102,255,158,0,0,255,0,255,255
181,6,163,88,168,55,133,167,132,122,169,48,125,115,120,78,90,141,81,173,55,255,50,141,74,65,120,255,210,132,129,159,160,114,52,143,129,106,61,69,161,191,99,104,100,157,148,155,75,137,123,118,59,177,161,25,218,0,106,194,116,67,167,188,200,220,114,157,134,49,109,255,255,203,90,150,35,151,128,124,167,89,123,82,83,172,74,255,140,68,106,157,127,90,141,134,112,46,137,86,215,167,88,152,9,206,174,255,228,255,255,199,73,119,204,149,137,194,48,137,236,75,0,0,255,0,242,255
182,6,162,86,177,61,136,181,137,105,176,38,128,119,102,75,100,156,90,178,59,255,46,164,62,35,140,255,196,138,145,182,178,125,56,156,113,92,63,73,127,182,99,68,101,151,139,178,77,168,134,98,83,196,147,0,234,0,111,217,83,52,204,184,215,213,89,185,150,44,131,252,255,165,131,169,38,123,93,133,164,129,102,87,76,183,46,255,158,85,73,127,181,85,167,83,101,22,192,76,236,156,97,187,0,248,192,255,255,255,255,228,41,105,220,210,112,177,73,103,251,48,0,0,255,0,218,255
184,4,159,93,183,53,135,190,152,69,177,7,148,125,94,91,92,183,80,177,75,255,19,172,28,0,123,255,206,137,141,243,191,129,46,142,122,97,68,93,82,149,85,9,72,126,117,211,90,161,134,140,109,249,136,0,247,0,118,226,36,25,233,150,181,196,62,225,162,7,141,255,255,153,91,128,46,64,49,144,165,156,72,33,64,200,5,255,117,47,0,116,220,89,233,66,100,46,203,40,255,116,45,225,0,255,204,255,255,255,255,240,65,63,218,240,139,203,103,78,255,0,0,0,255,0,255,255
183,5,165,85,169,53,158,169,139,85,167,31,136,130,102,124,90,168,69,150,40,255,61,153,52,43,124,255,235,134,154,186,168,103,43,170,122,84,55,109,99,176,90,106,59,180,92,179,73,116,118,118,66,221,136,70,222,0,163,212,47,39,187,193,186,226,87,201,196,31,147,248,255,185,142,123,61,152,150,95,174,148,138,122,61,146,111,255,132,70,46,106,222,0,131,110,33,0,216,72,216,182,109,186,0,143,228,255,255,255,255,205,48,121,195,203,75,255,113,174,255,172,0,0,255,0,209,255
184,3,162,83,166,43,153,179,144,67,170,7,147,124,99,105,91,178,109,180,54,255,17,173,59,44,122,255,245,140,139,223,192,146,28,177,134,86,63,96,119,146,77,57,54,128,149,219,66,85,141,116,60,205,161,18,255,0,135,222,24,5,163,151,148,235,109,214,225,0,151,255,255,140,89,144,75,186,122,68,141,207,119,146,102,175,45,255,150,68,0,119,255,0,107,33,75,0,177,45,243,118,78,255,0,145,255,255,255,255,255,184,0,79,200,249,63,237,125,160,255,41,0,0,255,0,255,255
181,8,169,83,173,53,141,177,133,107,175,38,126,133,122,84,93,160,85,177,58,255,24,151,53,56,123,255,200,157,141,165,176,113,54,179,115,106,69,76,122,170,101,67,105,152,192,194,75,141,137,105,63,196,166,1,250,0,119,191,91,69,167,164,189,181,116,177,193,1,118,236,255,204,130,150,41,175,108,132,147,97,111,116,109,145,43,255,146,34,54,137,203,93,133,131,95,46,191,48,251,136,75,184,5,239,204,255,249,255,255,180,47,45,210,153,151,185,96,112,255,30,0,0,255,0,255,255
184,7,165,79,181,59,145,185,135,106,184,40,120,129,97,81,121,165,68,176,69,255,51,176,60,34,129,255,203,146,148,177,168,134,63,179,109,60,74,85,108,175,103,37,97,146,136,191,52,182,135,95,72,217,175,0,246,0,123,231,57,41,255,177,239,228,71,200,153,19,135,244,255,158,153,179,49,112,83,123,178,169,85,112,93,186,65,255,189,60,101,157,227,107,147,91,95,3,229,43,249,151,118,186,0,249,189,255,255,255,255,255,62,131,209,206,112,189,103,91,244,15,0,0,255,0,207,255
180,8,161,89,188,70,147,179,135,99,171,50,138,129,93,81,97,157,82,169,58,255,53,157,56,37,157,255,203,141,138,166,169,128,57,162,115,76,75,87,101,179,100,97,84,172,110,180,72,174,131,129,99,209,156,7,219,0,126,205,79,83,182,203,217,214,67,200,112,52,129,255,255,175,150,179,90,139,88,134,165,148,136,119,64,172,42,254,179,58,71,93,194,97,133,96,99,0,190,62,244,149,87,184,14,234,204,255,255,229,255,226,42,110,221,227,59,154,50,25,255,50,0,0,255,0,151,255
188,7,177,78,169,54,144,183,136,96,168,28,119,134,104,86,95,181,53,159,55,255,24,168,39,50,114,255,172,152,138,222,196,125,67,181,96,65,61,103,124,164,107,46,107,138,165,210,72,179,144,96,53,233,136,8,255,0,133,199,68,7,243,200,178,174,69,255,214,0,135,217,255,217,189,142,31,110,91,151,167,130,72,113,127,194,48,221,176,8,74,186,229,56,132,99,93,13,218,3,255,226,71,222,0,243,223,255,255,255,255,255,0,57,194,175,63,172,114,110,255,40,0,0,255,0,185,255
184,7,163,93,179,53,148,177,150,93,160,12,134,124,97,101,94,178,70,153,66,255,57,135,52,30,122,255,220,136,154,201,169,120,51,173,110,82,68,114,110,158,97,57,60,137,89,172,53,149,114,165,85,238,146,36,223,0,136,222,68,50,205,145,171,207,86,201,157,31,108,255,255,187,123,112,59,117,127,101,166,172,89,94,62,193,42,255,72,47,65,166,189,92,213,92,68,35,203,11,228,175,70,191,24,253,190,255,255,255,255,222,94,112,189,195,128,181,57,141,255,77,0,0,255,0,146,255
182,8,159,93,188,57,144,179,135,93,178,18,147,124,97,99,107,180,87,171,67,255,63,141,50,35,128,255,205,156,134,187,172,137,54,163,121,72,77,108,95,171,79,83,49,127,125,171,54,166,108,155,125,213,141,42,212,0,145,215,87,66,173,195,185,209,83,177,114,14,98,225,255,184,113,142,79,172,109,112,156,174,133,84,32,181,37,255,61,87,43,103,228,104,134,122,103,42,203,22,212,74,44,203,40,205,206,255,220,239,247,184,45,98,164,207,131,166,10,145,255,77,0,0,255,0,207,255
180,6,149,99,193,58,142,182,136,100,171,0,172,94,87,86,99,149,99,161,106,255,88,110,62,18,120,255,228,144,116,165,152,129,43,122,133,79,88,111,132,183,54,107,7,116,74,174,32,116,95,198,156,218,136,60,146,0,147,217,101,79,124,223,143,210,98,152,58,56,62,255,237,151,83,163,55,135,94,133,182,167,165,63,0,174,25,255,27,88,63,146,189,100,149,102,57,105,222,60,146,11,53,197,93,212,214,255,204,215,255,161,114,114,121,172,175,186,0,140,252,186,0,0,255,0,184,255
180,9,154,100,192,59,138,166,133,109,150,19,159,98,94,103,77,166,83,151,88,255,81,87,64,50,112,253,218,150,128,156,126,116,63,129,131,71,97,95,146,186,63,130,27,137,94,144,67,131,107,215,151,222,93,78,169,23,106,168,152,122,102,208,100,210,88,112,60,49,39,255,232,215,51,147,97,194,138,65,142,142,164,75,0,199,47,255,21,57,99,167,185,128,119,181,89,150,167,87,135,30,1,177,110,199,188,255,186,212,222,144,97,74,118,89,151,142,0,120,255,181,0,0,255,0,161,255
183,7,162,91,180,56,144,177,128,98,172,38,137,134,105,102,100,163,71,168,59,255,74,144,42,61,106,255,201,154,136,171,161,154,45,160,120,66,88,93,121,171,100,95,68,129,138,188,67,136,102,155,81,208,163,26,212,0,114,215,78,39,196,198,177,238,84,188,133,50,129,224,255,175,111,144,76,187,119,134,157,168,131,89,59,157,71,255,83,30,70,129,189,77,128,109,89,48,188,24,225,96,52,188,0,155,229,255,201,255,255,201,92,118,172,164,161,155,24,100,255,128,5,0,255,0,255,255
180,8,159,83,190,64,140,184,132,125,194,38,125,119,103,77,113,147,104,187,74,255,80,117,55,50,139,255,200,163,107,127,171,170,44,176,101,73,107,87,113,147,71,96,63,130,114,197,16,158,122,132,115,160,176,3,174,0,116,251,91,68,200,183,242,246,78,177,70,109,115,219,252,109,109,193,64,110,109,178,167,153,145,67,50,171,29,241,146,84,106,114,187,159,127,75,74,66,225,41,200,109,92,157,12,218,172,255,201,219,255,195,92,176,242,167,224,129,0,108,180,27,67,0,255,0,188,255
183,7,162,85,177,45,135,183,130,96,179,24,128,117,95,72,103,150,73,172,67,255,43,154,59,23,142,255,197,140,122,193,175,122,49,163,106,98,55,102,121,174,111,49,88,154,139,186,69,166,122,96,74,193,149,8,241,0,102,188,52,47,199,184,213,193,94,182,146,20,152,232,255,174,154,154,48,109,70,157,171,172,95,104,104,182,63,255,144,56,59,143,202,65,162,99,105,12,209,45,255,148,97,223,10,255,210,255,245,255,255,238,36,100,233,189,159,197,60,94,255,20,0,0,255,0,255,255
182,7,166,80,175,57,135,183,133,116,176,33,117,115,96,63,98,151,79,172,65,255,43,151,75,45,147,255,189,141,133,170,174,104,69,175,105,80,57,89,139,171,113,67,103,147,159,159,67,162,138,76,62,200,163,0,248,0,111,178,71,67,203,173,206,204,103,169,147,33,120,245,255,163,178,174,41,116,90,141,161,146,75,99,109,199,28,255,194,82,85,164,197,77,127,98,96,0,190,68,242,172,90,193,17,255,181,255,255,255,255,255,25,106,225,200,107,171,81,93,210,0,0,0,255,0,195,255
178,9,157,88,188,58,138,181,129,147,195,27,152,69,91,75,101,135,118,193,91,255,90,89,97,73,151,238,224,158,101,97,139,150,48,158,119,55,101,115,153,181,67,134,42,129,91,175,11,126,124,160,161,136,143,34,126,0,157,241,151,115,75,190,224,222,83,122,32,117,28,197,240,189,111,233,65,180,153,157,161,156,179,54,11,168,35,252,89,117,174,109,197,170,85,95,70,121,182,52,162,67,35,156,65,134,152,255,197,214,248,114,67,168,159,143,172,199,0,182,135,57,59,0,255,0,143,255
181,10,164,86,187,59,136,179,121,126,196,46,116,122,105,68,110,141,84,188,73,255,59,123,64,61,154,255,194,165,111,122,174,145,71,175,88,78,82,96,116,182,106,79,94,159,158,162,61,162,139,106,103,173,155,4,211,0,120,182,91,106,151,176,244,220,109,155,100,72,137,184,255,175,160,206,78,159,101,169,155,127,117,106,104,162,38,255,163,71,124,114,188,143,116,115,103,14,182,52,237,104,111,195,81,225,188,255,191,248,229,219,32,114,255,179,167,154,58,93,186,54,5,0,255,0,165,255
187,6,168,82,156,35,124,181,127,107,168,21,131,108,99,72,73,154,55,171,54,255,19,150,67,43,114,255,170,145,107,215,190,93,53,150,110,84,50,115,127,196,142,44,109,133,190,191,90,131,100,110,16,195,156,4,250,0,110,177,79,0,170,206,173,178,124,201,205,8,157,186,255,218,161,135,17,146,103,185,148,156,109,53,156,173,97,245,123,11,69,179,213,29,157,110,102,11,196,32,255,133,16,213,0,208,255,255,228,255,255,225,8,25,135,190,158,201,50,136,255,0,0,0,255,0,255,255
180,3,161,83,175,66,125,178,130,123,173,49,126,97,101,73,86,137,101,168,66,255,60,162,86,57,151,255,209,124,113,152,163,85,72,133,100,104,47,51,155,203,116,106,98,171,108,165,74,167,118,109,80,178,149,26,204,0,107,216,118,66,163,227,253,198,113,153,122,55,132,250,255,154,161,169,46,94,130,116,171,121,118,55,76,210,54,255,194,154,105,154,170,77,179,84,81,68,198,131,204,146,80,139,0,254,202,255,255,236,255,179,39,171,188,197,140,198,0,84,219,100,10,0,255,0,210,255
182,7,157,89,185,49,134,180,126,92,184,34,149,119,99,71,110,146,61,170,83,255,55,158,55,20,136,255,208,137,122,171,167,115,58,147,123,81,55,105,101,180,94,51,70,128,130,184,48,169,103,131,97,210,149,24,217,0,116,217,55,51,194,185,226,224,92,178,109,6,127,255,255,179,133,157,64,102,88,160,180,176,101,54,61,168,51,255,93,53,54,128,166,91,154,95,120,40,200,26,255,99,85,183,62,255,205,255,254,255,255,245,98,121,201,191,172,212,33,60,255,95,0,0,255,0,230,255
180,8,160,88,184,58,145,174,127,106,198,42,152,122,113,84,108,134,79,175,67,255,55,150,63,47,141,255,229,141,116,125,163,101,55,141,120,93,49,92,104,182,91,94,87,145,125,188,44,154,108,131,84,194,158,35,185,0,152,220,85,79,146,185,255,213,112,172,132,24,115,255,253,192,118,178,75,135,123,150,191,107,127,59,56,136,69,255,105,40,98,123,157,104,137,91,50,45,171,59,213,108,119,132,62,182,215,255,255,255,255,172,65,153,201,184,140,187,16,92,255,125,1,0,255,0,230,255
181,7,163,80,178,67,147,178,136,114,169,36,126,134,99,89,103,153,98,153,44,255,52,140,85,52,160,255,198,136,146,149,171,98,48,170,115,79,47,110,111,162,107,92,71,174,122,159,61,160,134,65,44,203,152,18,237,0,152,193,85,48,163,190,188,189,81,167,165,53,111,238,255,148,153,161,46,147,103,168,163,146,114,120,56,149,107,255,156,83,93,86,169,41,91,108,33,0,220,84,197,201,132,154,0,177,194,255,237,255,255,220,40,129,185,215,86,189,49,133,255,113,0,0,249,0,154,255
185,7,169,74,174,58,139,194,124,115,185,46,121,116,96,68,80,152,62,180,51,255,24,165,68,48,146,255,177,148,136,176,195,101,65,173,98,68,46,89,103,192,141,64,141,140,181,190,85,171,128,64,23,206,190,0,237,0,123,193,68,21,198,209,215,197,106,218,187,35,139,223,255,192,217,198,37,152,53,198,155,132,86,92,125,171,61,249,202,29,96,132,215,52,93,91,59,0,205,48,248,186,76,208,0,226,228,255,255,255,255,255,8,57,191,243,87,167,72,64,255,0,0,0,255,0,233,255
186,8,168,83,174,63,136,175,120,117,166,52,143,124,92,77,86,147,57,168,42,255,35,152,69,69,134,255,179,136,127,168,171,97,72,143,104,74,60,84,128,200,116,84,114,149,162,175,76,147,121,128,43,204,160,8,232,0,127,184,103,40,160,231,191,217,108,192,151,29,136,215,255,230,167,154,63,163,87,169,164,114,123,89,115,166,82,238,139,15,133,166,168,66,121,128,70,0,165,65,217,146,60,147,2,179,241,255,248,251,255,226,30,80,141,198,95,146,24,62,255,95,0,0,255,0,192,255
182,8,167,79,179,67,144,184,128,110,181,48,124,132,105,88,102,162,94,180,42,255,35,152,72,67,148,255,194,154,134,161,187,125,58,172,112,70,59,77,108,176,99,75,95,158,176,186,75,164,139,92,64,203,182,0,255,0,137,197,86,71,171,202,204,205,90,202,147,29,126,246,255,174,157,184,72,190,82,153,146,130,112,134,88,159,55,255,201,48,88,93,208,86,91,100,75,0,187,52,230,159,93,176,0,199,218,255,248,255,255,205,13,80,199,222,77,165,73,79,255,25,0,0,255,0,209,255
182,9,163,85,185,52,142,186,127,109,182,27,140,110,98,82,91,157,75,173,60,255,43,124,81,36,156,255,202,156,117,142,170,102,60,157,116,78,52,113,93,182,103,93,78,153,147,159,67,164,104,122,85,207,138,27,207,0,141,176,92,93,145,191,192,197,94,173,109,37,92,225,255,209,157,194,79,171,99,151,143,139,120,87,49,161,58,255,105,57,77,96,213,88,103,129,81,19,191,40,214,121,64,194,67,199,209,255,228,255,255,192,25,63,185,183,87,177,21,117,255,28,20,0,255,0,171,255
181,6,165,83,179,70,141,179,141,112,162,51,128,126,96,84,84,155,88,164,44,255,42,154,66,66,151,255,187,141,147,178,173,119,59,160,114,87,70,66,131,167,115,93,86,175,137,180,62,141,133,109,76,197,143,0,239,0,121,196,100,46,170,196,179,200,76,183,156,63,116,255,255,184,149,180,65,177,106,131,142,126,121,108,70,186,35,220,191,72,96,110,186,70,101,115,85,11,168,95,225,194,54,162,0,204,212,255,255,255,247,178,37,102,197,207,49,153,54,67,255,57,0,0,255,0,201,255
180,7,154,98,188,74,144,160,137,92,146,49,144,134,76,91,101,161,93,153,63,255,81,149,67,55,140,253,207,140,167,170,157,129,60,148,122,77,102,75,125,177,87,141,68,155,77,170,50,134,123,174,133,183,125,35,175,0,123,210,101,88,146,212,188,255,104,149,129,93,130,255,251,155,98,118,121,193,132,72,128,141,147,119,23,188,50,253,126,134,50,95,192,59,149,77,97,39,205,136,215,122,72,152,0,165,203,255,255,185,182,159,69,141,177,215,74,131,0,90,241,225,0,31,214,0,108,255
183,6,164,90,181,70,152,176,138,87,170,36,145,125,87,111,94,161,92,156,36,255,58,151,62,46,147,255,227,134,143,164,166,95,59,144,111,95,59,80,111,188,102,114,70,169,93,189,54,138,109,150,100,220,156,51,196,0,173,213,93,75,170,185,205,207,89,183,170,44,121,255,255,157,134,135,70,161,130,95,155,117,132,93,62,182,42,255,139,98,50,115,211,41,172,64,10,8,223,80,189,153,71,159,0,169,222,255,255,246,255,176,34,115,174,249,58,190,13,91,255,130,0,0,247,0,118,255
182,7,160,95,175,55,131,170,133,113,168,38,142,106,100,77,92,141,78,162,70,255,61,141,66,62,133,255,211,139,124,175,144,109,70,132,121,87,72,69,151,191,92,116,77,159,130,177,49,133,117,158,103,181,141,41,207,0,108,211,108,58,150,199,185,228,88,167,102,53,119,255,255,210,118,159,68,167,148,117,162,134,126,69,62,194,34,214,109,63,98,149,161,75,157,102,103,71,135,62,218,166,46,155,11,177,212,255,240,255,255,154,67,142,174,165,114,195,0,113,255,126,18,0,255,0,191,255
182,6,160,90,174,44,140,185,136,83,176,15,146,122,99,84,82,162,78,168,60,255,41,150,46,34,134,255,210,153,132,206,178,125,38,159,133,81,54,109,101,172,108,70,74,148,164,187,77,135,115,115,60,208,143,12,243,0,104,191,41,34,166,181,155,208,91,205,173,37,124,255,255,190,144,159,79,172,103,149,152,184,109,83,76,162,44,233,102,34,15,108,198,35,124,86,104,9,161,8,255,152,75,238,0,191,255,255,236,255,255,199,11,54,204,215,106,179,76,94,255,32,0,0,255,0,255,255
181,7,158,87,177,55,130,180,136,115,184,21,138,96,89,77,109,142,91,180,66,255,79,127,78,61,138,255,205,150,123,142,160,127,64,146,130,67,73,87,157,191,108,105,50,142,133,167,22,138,107,136,108,162,145,35,185,0,129,203,85,70,142,191,180,229,102,132,116,85,79,232,255,157,131,186,48,171,134,153,164,154,115,57,47,194,12,255,87,119,112,149,179,62,144,80,60,55,216,51,194,101,50,162,34,157,179,255,212,255,255,178,59,124,160,188,123,196,0,160,204,92,0,0,255,0,177,255
184,8,164,95,179,54,149,169,154,87,151,12,132,136,95,106,76,181,67,151,75,255,59,148,27,10,110,255,204,154,161,230,190,128,29,177,124,115,76,122,91,137,76,49,59,135,89,193,58,136,118,169,103,234,127,36,248,0,133,209,71,13,226,178,148,189,72,215,169,11,140,255,255,204,101,113,48,91,119,94,190,184,101,129,72,184,44,234,108,31,32,174,216,72,156,129,100,64,204,51,248,203,61,242,0,244,216,255,255,255,255,204,109,114,185,195,114,167,62,131,255,89,0,0,255,0,210,255
181,4,161,93,180,68,157,164,146,67,145,46,144,142,79,122,79,186,103,170,49,255,71,158,59,33,130,255,222,117,171,182,169,145,38,142,142,98,85,83,96,178,59,123,82,160,54,207,70,105,137,149,127,203,121,50,196,0,166,235,60,47,178,162,172,225,77,215,191,50,169,255,255,147,65,95,132,154,139,58,164,175,136,129,26,206,45,254,170,114,0,89,255,2,126,42,35,18,217,117,216,153,65,217,0,150,238,255,255,236,222,160,77,133,188,247,61,181,19,86,255,216,0,0,243,0,223,255
183,7,170,74,165,64,143,163,121,132,169,74,109,118,104,82,83,135,66,168,31,255,52,146,85,84,135,255,180,142,135,142,172,100,77,175,106,72,61,74,145,192,121,133,129,180,141,166,92,149,134,76,30,181,156,7,237,0,109,182,113,51,161,220,235,208,112,175,164,54,140,194,255,218,169,169,30,172,127,139,177,108,148,125,112,149,121,243,191,49,162,138,174,58,74,142,64,0,172,100,207,165,90,146,0,158,191,255,220,255,255,228,40,111,195,158,71,181,66,114,253,118,34,0,242,0,226,255
180,8,160,91,189,67,148,172,139,108,166,41,136,141,91,95,102,161,91,160,64,255,63,135,71,47,141,255,216,133,145,160,148,115,53,154,111,109,86,90,106,171,78,86,81,148,90,170,49,147,111,147,112,208,152,43,203,0,136,214,105,72,191,157,181,213,82,174,127,68,102,255,250,188,91,143,85,148,108,89,140,142,117,99,34,196,40,255,135,68,60,133,175,109,132,96,101,47,176,63,239,169,103,160,33,232,214,255,255,255,255,172,77,120,218,169,109,155,44,62,237,83,2,0,255,0,107,255
183,8,161,87,185,69,139,179,129,116,174,57,140,121,100,71,95,146,74,181,69,255,47,158,58,42,142,255,191,146,139,161,166,121,68,147,109,97,81,77,117,206,88,86,101,157,145,191,73,155,125,139,81,206,164,5,209,0,128,200,101,72,187,199,230,233,86,182,115,41,133,242,255,183,132,196,51,139,87,143,167,118,144,96,87,158,58,255,163,23,111,121,181,121,135,91,111,10,173,80,228,128,87,159,17,240,205,255,255,233,243,228,76,91,194,199,97,160,64,36,255,82,0,0,255,0,161,255
179,6,161,84,188,77,139,177,126,111,166,82,134,131,92,82,90,129,83,166,46,255,61,161,58,86,152,255,192,138,136,148,176,128,68,132,108,78,67,58,141,190,140,106,106,183,127,181,76,159,111,109,70,169,136,3,194,0,116,192,101,45,149,215,225,204,66,164,120,75,126,250,245,187,155,181,95,206,84,171,144,112,143,100,65,157,61,247,177,69,144,74,145,71,104,119,103,35,166,131,231,150,56,114,0,185,215,255,255,201,223,175,42,149,187,206,79,154,6,14,255,136,25,0,255,0,177,255
185,8,171,75,179,67,132,182,125,117,175,57,114,115,92,75,81,154,65,171,47,255,42,142,55,70,155,255,150,178,151,154,173,128,72,172,73,60,66,99,120,172,135,62,121,168,157,192,90,153,148,89,30,176,125,0,238,0,93,157,79,10,166,214,201,190,78,182,160,66,101,193,255,192,205,185,41,181,65,203,139,115,98,79,71,167,84,210,172,66,154,114,169,75,61,126,77,21,218,135,186,150,49,142,0,212,196,255,212,232,221,248,21,88,199,184,61,178,89,123,255,99,39,0,255,0,164,255
180,5,162,82,182,86,145,174,135,112,164,81,141,126,88,87,88,172,119,182,31,255,77,174,64,82,145,255,199,140,134,138,163,164,62,122,122,61,98,44,114,214,107,124,102,192,136,233,91,139,143,124,77,183,145,0,215,0,144,226,97,70,182,222,230,198,41,192,154,60,143,255,255,146,113,199,87,187,120,143,148,121,182,134,44,159,90,255,255,49,99,47,242,72,76,87,45,11,218,121,180,144,80,137,0,170,213,255,255,221,199,219,92,150,160,251,64,237,51,44,255,132,0,0,250,0,201,255
186,4,166,81,168,50,148,185,131,75,171,24,144,125,93,106,76,179,75,164,48,255,37,171,43,32,122,255,226,125,144,218,189,110,39,162,115,88,48,86,102,172,120,36,79,131,123,210,88,120,121,116,42,241,173,14,250,0,149,221,32,0,215,197,178,220,83,222,209,0,150,255,255,167,152,131,47,127,88,129,165,159,100,92,77,170,68,255,159,54,20,129,215,0,133,78,51,0,220,38,234,180,73,232,0,197,255,255,255,255,255,240,51,67,177,234,101,255,85,110,255,79,0,0,255,0,255,255
185,0,170,70,153,44,130,197,126,100,178,33,135,96,99,55,65,148,88,184,41,255,0,185,78,59,138,255,187,125,106,217,211,94,43,159,117,71,25,59,153,174,162,54,123,135,198,202,91,119,148,37,10,187,176,0,255,0,107,204,54,0,159,212,205,162,118,242,239,16,142,236,255,183,220,186,16,165,77,179,131,105,95,66,145,183,49,232,254,90,15,124,223,0,96,60,93,0,180,68,255,165,18,252,0,216,255,255,244,255,255,253,0,10,180,243,90,254,92,91,255,0,6,0,255,0,255,255
181,7,159,90,186,70,152,173,131,92,175,52,152,125,98,112,81,169,92,175,49,255,61,154,57,41,136,255,218,139,143,165,163,119,56,151,134,84,67,78,79,211,106,119,79,155,114,181,80,149,114,164,100,211,169,32,199,0,171,212,98,85,168,192,217,233,68,167,157,20,138,255,255,182,88,139,92,175,131,92,162,138,173,81,47,175,44,255,136,69,39,95,236,82,116,91,51,27,190,63,209,109,44,163,0,171,214,255,255,241,255,144,70,107,181,217,71,154,0,90,255,102,0,0,255,0,203,255
181,6,164,89,176,64,140,178,139,90,163,43,136,123,96,89,76,157,101,172,40,255,47,146,59,64,143,255,198,145,143,187,172,131,50,158,125,69,70,73,139,180,106,105,84,162,143,177,88,134,134,131,70,189,154,4,238,0,111,199,88,49,144,199,165,213,86,184,146,59,113,255,255,176,128,144,87,198,105,117,146,142,122,114,60,179,46,231,144,59,56,99,181,50,128,93,85,15,164,79,226,143,31,174,0,188,230,255,237,255,255,170,29,88,183,208,58,154,47,78,255,74,0,0,255,0,227,255
185,7,172,80,169,51,146,176,131,82,162,28,129,145,104,89,80,167,56,154,62,255,22,156,40,37,125,255,189,144,150,207,191,113,46,193,102,101,71,118,119,141,121,38,83,125,136,204,78,143,127,91,36,203,151,10,255,0,115,199,61,0,196,185,152,190,91,210,209,0,148,226,255,181,149,108,36,109,128,152,173,164,76,92,106,147,60,234,111,30,47,130,197,0,122,92,77,29,216,50,233,200,55,210,0,181,227,255,255,255,255,254,39,136,154,202,140,147,45,109,255,120,0,0,255,0,255,255
178,7,157,92,187,53,146,181,140,92,194,33,135,127,106,93,121,147,90,184,70,255,65,150,63,28,136,255,235,134,136,153,158,124,58,164,130,77,62,84,102,182,84,77,89,145,121,176,63,177,110,110,111,203,183,21,214,0,128,218,46,87,167,151,211,214,101,160,138,33,124,255,255,155,90,161,88,152,76,117,167,160,102,81,47,181,20,255,120,61,43,125,195,97,169,87,79,24,202,26,247,86,115,185,75,244,177,255,255,255,255,188,67,114,247,195,173,193,79,70,241,32,0,0,255,0,243,255
181,10,168,80,189,65,155,183,135,101,193,35,119,152,94,93,128,161,87,182,60,255,42,152,64,57,142,255,212,156,147,148,175,122,73,183,110,67,82,85,107,159,85,59,91,146,145,180,54,184,133,76,73,214,181,11,239,0,155,204,71,61,191,170,204,211,102,183,145,28,121,241,255,159,147,176,85,169,71,120,166,157,63,127,77,175,38,244,144,49,91,129,232,102,119,104,28,0,220,45,224,139,118,189,33,196,206,255,255,255,255,224,6,102,196,204,62,140,81,88,255,18,0,0,255,0,192,255
179,3,157,88,176,55,149,173,143,83,185,36,130,124,93,98,105,148,99,184,67,255,77,152,70,40,136,255,235,132,152,162,157,137,49,166,139,49,76,65,119,174,86,102,62,173,116,180,61,129,142,107,95,179,168,19,216,0,128,218,39,53,149,172,211,252,83,156,136,72,144,255,255,120,84,145,88,176,127,96,175,171,114,99,39,182,61,233,138,101,37,83,208,35,141,75,45,17,195,87,218,113,89,195,0,146,199,255,255,255,255,158,60,171,226,209,131,214,79,153,228,137,0,0,255,0,255,255
182,6,166,88,179,62,151,171,151,75,161,27,125,137,91,104,92,190,90,172,76,255,54,157,48,35,128,255,212,146,176,208,177,158,44,183,119,82,89,91,116,146,63,68,64,146,81,210,47,139,159,132,108,197,135,27,235,0,133,241,53,13,182,173,182,218,96,211,172,41,136,255,255,137,97,112,95,138,122,68,169,190,77,110,41,199,49,214,123,110,37,103,237,66,164,62,49,46,228,92,218,159,69,212,0,194,216,255,255,255,225,196,49,155,192,215,84,166,52,145,255,157,0,0,255,0,255,255
186,4,169,77,163,54,136,187,135,100,169,42,135,113,106,75,76,167,86,193,50,255,23,180,54,51,125,255,210,128,135,204,186,112,58,139,112,90,59,57,138,219,114,66,130,143,211,203,101,133,133,101,28,205,164,1,255,0,109,205,71,29,224,198,182,201,101,212,243,12,114,255,255,202,158,170,23,161,93,110,146,122,102,96,94,189,50,255,201,61,13,170,216,19,111,79,108,7,171,68,255,165,53,206,0,252,249,255,255,255,255,198,0,3,198,218,30,233,126,112,255,0,0,0,255,0,255,255
180,6,162,85,177,51,133,188,132,108,187,28,140,103,103,69,97,144,87,183,58,255,39,146,75,41,145,255,211,137,115,142,183,93,64,149,124,80,37,92,126,184,125,77,94,145,159,156,69,156,105,98,80,194,144,0,215,0,136,188,73,73,144,181,215,179,106,157,147,27,106,235,255,181,156,192,61,159,93,170,155,109,100,49,70,161,33,255,133,102,69,112,191,71,146,112,90,25,190,66,225,78,47,174,47,218,206,255,249,247,255,188,5,76,184,212,127,203,39,101,251,2,0,0,255,0,255,255
182,7,164,86,182,69,149,179,131,95,168,54,131,138,100,90,91,162,92,175,52,255,48,169,51,54,144,255,207,145,139,178,185,139,54,164,122,83,71,68,119,175,104,100,87,166,140,194,85,154,138,116,86,199,171,6,241,0,123,200,79,62,173,211,199,231,84,196,149,39,152,255,255,163,132,179,93,182,85,118,149,134,127,151,87,166,49,253,199,62,61,92,207,61,121,84,97,0,182,79,244,161,90,202,0,192,233,255,255,255,255,203,13,91,208,232,58,157,65,31,255,64,0,0,255,0,228,255
185,4,176,62,171,66,146,195,135,118,153,53,119,130,102,73,72,164,73,171,56,255,15,171,62,56,142,255,161,129,152,187,192,129,41,192,87,100,74,83,147,167,135,43,136,146,141,211,85,179,143,34,0,207,131,0,255,0,108,228,84,0,235,213,172,140,72,251,227,4,110,202,255,173,232,202,18,103,86,163,171,176,98,115,87,170,72,255,230,38,129,156,230,37,55,101,66,0,239,71,214,228,76,203,0,242,226,255,255,253,255,255,7,76,155,164,81,151,78,27,255,40,28,0,255,0,255,255
183,5,158,91,170,47,133,175,137,93,171,27,139,111,90,81,94,144,67,162,50,255,53,160,56,39,127,255,198,141,129,194,172,109,55,145,128,61,61,96,128,176,140,91,76,151,133,169,75,129,104,126,65,189,145,14,208,0,115,192,56,25,161,183,187,229,99,167,158,62,136,250,255,182,142,143,52,160,110,157,152,145,124,68,99,173,59,255,105,60,57,139,180,23,179,102,97,1,196,61,249,113,43,184,0,194,204,255,227,255,255,221,44,96,185,215,113,224,68,132,255,34,0,0,255,0,206,255
178,9,155,90,190,58,136,174,129,117,197,45,135,112,108,81,109,131,81,185,68,255,64,132,83,51,151,255,217,153,122,110,157,119,75,153,121,66,51,91,100,205,110,102,90,161,130,156,67,183,105,124,87,185,159,17,191,0,119,179,85,100,112,187,216,207,105,149,105,66,112,223,255,187,120,207,108,169,110,147,169,151,145,67,58,170,43,255,119,49,97,130,172,133,107,121,99,25,184,52,219,59,99,176,94,201,184,255,219,210,252,205,38,124,220,179,126,159,37,77,236,38,0,0,255,0,159,255
181,10,164,89,187,47,142,193,137,105,188,10,134,117,93,80,114,165,83,183,72,255,59,116,69,23,136,255,204,159,127,150,175,131,47,172,122,72,73,128,96,165,94,47,80,125,129,163,40,179,103,119,101,212,148,7,210,0,150,211,66,69,175,160,184,176,79,194,105,37,84,216,255,178,149,191,81,159,81,173,160,169,84,71,38,163,26,255,82,63,86,107,220,115,143,115,90,35,216,0,214,99,62,217,72,207,195,255,239,255,255,204,48,79,176,187,151,174,27,115,233,0,0,0,255,0,207,255
175,8,151,98,189,56,140,175,137,138,169,26,143,93,101,80,110,134,112,183,86,255,99,90,98,58,124,252,212,149,110,101,132,138,47,140,147,71,91,99,147,194,87,142,56,127,79,138,38,152,89,165,141,175,154,35,145,0,131,202,115,129,87,194,151,212,119,136,65,102,54,236,226,170,77,216,75,212,122,119,145,136,162,79,0,162,23,255,97,95,108,141,169,106,117,118,102,102,163,52,157,47,72,169,89,176,159,255,224,202,255,136,88,112,158,104,147,161,0,99,146,73,0,0,255,0,178,255
185,5,154,98,185,48,149,182,129,70,170,12,172,121,108,120,83,187,84,168,68,255,53,142,39,8,84,255,248,139,133,200,169,124,31,142,152,76,80,111,77,179,87,64,43,107,99,166,78,133,105,186,118,255,144,38,209,0,105,219,95,84,189,171,124,233,80,191,155,0,91,255,255,204,43,120,80,158,120,56,148,167,153,68,34,190,39,255,64,81,0,118,228,89,146,119,101,71,177,18,204,29,16,255,31,215,255,255,208,252,255,181,53,1,160,198,184,174,41,97,255,59,0,0,255,0,255,255
174,6,152,92,183,60,145,161,124,125,191,54,134,120,122,78,111,119,98,173,59,255,81,122,73,76,140,248,227,138,102,98,160,129,58,162,124,67,34,81,122,182,114,135,72,162,144,143,68,135,107,110,93,147,184,21,178,0,154,177,70,82,95,192,239,238,99,118,114,76,154,187,245,133,66,163,97,230,127,175,151,68,196,65,77,119,78,255,142,73,101,106,144,95,99,121,116,32,141,87,201,67,119,121,56,109,198,255,195,226,255,179,24,200,232,148,191,162,46,126,187,79,11,0,255,0,194,255
182,11,165,93,181,38,140,182,130,95,198,14,123,121,101,81,125,152,63,186,80,255,55,126,58,36,134,255,220,170,127,154,164,129,63,180,113,71,73,118,113,172,103,59,77,144,150,172,39,172,113,121,102,183,167,18,210,0,117,183,53,84,150,146,230,199,110,164,131,45,124,199,255,192,138,158,93,170,119,145,161,153,64,68,95,168,40,226,46,66,82,136,202,106,196,97,84,39,206,0,251,99,86,230,84,175,193,255,214,255,255,181,26,109,217,180,185,167,21,148,232,10,0,0,255,0,207,255
185,7,164,80,168,33,142,195,126,93,179,0,143,120,88,77,93,160,62,156,63,255,23,128,62,16,140,255,201,148,115,200,180,92,25,188,110,79,52,138,97,147,104,17,61,134,152,180,61,134,124,76,46,235,169,0,255,0,130,194,23,21,182,186,151,191,88,221,169,7,139,216,255,178,196,154,27,126,74,194,165,188,82,98,100,146,70,250,116,24,34,131,219,0,124,74,69,0,226,0,234,170,94,255,0,203,255,255,219,255,255,245,12,43,168,212,166,210,66,128,255,0,0,0,255,0,255,255
185,7,164,85,178,55,146,181,133,93,182,26,139,129,102,103,94,179,81,167,50,255,54,142,46,44,124,255,209,156,140,189,171,131,49,173,115,69,61,107,89,189,90,57,80,145,159,186,73,154,126,126,72,225,164,22,248,0,137,213,64,45,205,185,181,204,67,197,175,1,114,234,255,188,128,141,60,170,104,124,173,177,132,107,68,168,69,255,116,31,58,125,226,78,106,99,81,14,206,6,219,123,78,200,0,208,231,255,218,255,255,213,42,72,179,217,126,186,81,136,255,66,0,0,255,0,228,255
182,6,149,108,188,50,141,165,144,76,163,14,156,131,89,100,115,163,67,155,86,255,95,138,33,11,100,255,222,138,150,213,158,135,46,133,135,81,94,98,93,167,50,87,36,123,76,178,25,131,95,195,145,226,129,61,184,0,124,211,56,57,186,185,161,234,93,184,120,48,143,255,255,175,51,87,96,136,110,95,166,166,136,50,11,221,45,234,45,65,0,179,181,93,160,115,94,49,183,42,226,92,79,235,70,205,217,255,255,240,255,210,145,87,203,175,198,186,30,102,255,181,0,0,255,0,175,255
182,8,154,102,190,66,140,164,136,94,168,39,158,120,84,89,100,157,86,170,79,255,76,147,53,24,138,255,203,143,143,179,142,130,47,139,116,94,89,81,94,183,70,113,75,136,97,191,44,141,113,200,147,194,130,34,191,0,128,215,108,78,166,194,213,221,71,167,113,54,125,255,255,184,84,140,94,167,139,83,156,141,166,77,30,201,40,248,117,70,28,131,190,104,121,108,113,52,160,71,241,126,57,190,31,183,203,255,255,187,248,151,92,139,205,200,147,165,5,46,255,135,0,0,255,0,158,255
184,8,159,96,182,52,143,180,134,87,166,21,157,122,96,100,95,169,74,164,59,255,55,143,47,29,116,255,220,139,139,204,161,121,43,138,128,88,79,101,100,181,91,75,70,126,123,187,52,139,104,170,102,233,152,30,213,0,118,207,83,69,196,172,145,201,79,203,151,26,96,255,255,216,106,144,80,156,104,106,153,162,129,93,48,191,39,255,104,22,21,143,200,79,137,113,86,25,176,8,236,127,47,225,28,214,235,255,239,255,255,193,82,42,184,192,138,183,43,74,255,48,0,0,255,0,213,255
183,8,162,91,182,55,138,179,138,113,172,20,141,108,97,83,101,156,76,164,72,255,61,123,66,41,139,255,211,150,128,163,163,114,56,155,109,95,69,104,131,175,96,83,53,146,121,167,45,143,108,170,112,203,142,42,202,0,145,203,100,89,168,177,196,210,89,167,104,45,90,244,255,191,141,169,56,155,129,131,151,125,115,89,54,173,42,255,94,66,104,151,180,99,168,105,89,53,181,49,202,139,65,163,55,225,183,255,250,255,255,197,65,120,180,180,126,203,34,119,255,74,0,0,255,0,109,255
186,10,166,90,177,55,138,173,122,97,163,23,145,121,97,85,91,182,92,175,65,255,56,127,55,54,112,255,200,154,124,192,167,151,41,154,129,76,88,97,140,176,58,91,63,134,149,178,59,123,162,132,112,195,137,23,241,0,98,197,89,65,175,219,131,204,93,188,148,44,84,245,255,197,119,132,86,168,95,117,149,138,132,109,58,181,48,223,116,82,31,145,212,68,104,141,97,15,176,47,240,140,68,229,0,201,225,255,204,255,249,225,6,63,234,151,149,164,63,130,230,83,0,0,255,0,255,255
182,8,163,91,182,61,138,176,131,95,174,47,135,132,100,82,101,150,81,178,62,255,57,153,54,46,131,255,205,138,138,165,159,133,53,142,130,87,80,77,126,188,97,84,104,139,154,183,63,156,125,131,89,198,162,18,222,0,117,210,89,55,180,177,194,218,89,180,140,35,112,255,255,182,104,170,90,164,97,138,165,150,106,87,67,180,36,255,135,41,66,131,169,78,121,96,96,19,163,42,235,117,65,180,27,201,215,255,230,253,255,212,61,113,204,192,132,164,42,43,255,103,0,0,255,0,229,255
180,7,165,88,185,66,141,180,131,116,169,45,126,126,103,83,95,156,90,170,71,255,61,133,65,57,131,255,207,142,122,147,160,135,57,150,120,97,83,81,141,175,99,93,80,136,131,156,53,154,118,131,106,213,162,20,218,0,135,207,107,68,175,198,199,207,102,165,126,47,97,254,255,179,121,177,60,153,93,143,167,122,105,80,54,171,17,253,121,101,91,140,162,86,114,120,101,56,166,48,202,112,69,176,46,219,193,255,220,255,244,187,68,121,184,160,106,151,0,62,215,110,10,0,255,0,219,255
184,5,162,92,178,50,145,186,142,78,163,9,161,103,79,108,80,166,68,152,71,255,57,122,53,22,116,255,241,131,132,186,150,92,52,127,125,86,77,93,120,189,79,61,53,142,93,188,38,111,100,187,111,255,134,59,191,0,154,207,63,47,191,160,154,183,55,197,152,22,94,255,255,194,104,140,55,122,127,92,170,156,105,41,26,218,22,255,63,44,33,201,208,39,165,60,9,86,211,30,158,94,20,210,41,198,249,255,255,255,255,186,77,49,155,177,89,233,0,103,255,130,0,0,255,0,195,255
179,7,157,95,188,59,143,177,140,104,171,26,144,120,101,89,99,156,92,168,74,255,74,128,64,39,127,255,227,143,124,156,168,125,46,153,132,84,73,87,114,162,70,99,56,128,108,165,37,143,97,167,125,206,162,42,190,0,139,232,82,73,152,185,174,234,114,186,94,59,98,255,255,161,106,151,98,172,113,126,155,143,122,73,37,180,11,255,88,83,50,146,176,98,166,95,97,62,167,34,224,103,73,174,60,204,219,255,255,240,255,180,81,124,177,172,147,163,9,63,229,68,0,0,255,0,175,255
183,7,164,86,181,65,145,180,143,90,167,40,124,126,96,84,97,171,104,185,61,255,43,174,59,37,136,255,206,145,159,203,180,159,43,166,117,90,79,70,112,172,82,69,102,139,130,206,66,160,145,123,93,192,156,0,246,0,104,245,85,44,227,173,205,226,85,216,160,46,129,255,255,156,107,163,66,143,96,78,148,179,100,138,66,202,37,255,193,83,28,116,227,97,140,61,97,24,189,67,255,179,86,211,0,244,218,255,255,255,255,214,37,118,238,226,70,165,87,94,239,36,0,0,255,0,232,255
182,9,169,82,176,53,131,187,137,115,174,23,104,126,89,57,93,151,85,162,60,255,28,120,79,33,158,255,170,143,132,170,177,90,60,188,96,99,58,107,119,166,112,40,113,158,165,143,73,172,153,54,68,211,157,0,255,0,117,161,72,72,178,175,184,160,114,175,159,35,126,210,255,173,194,161,39,117,55,176,137,144,62,103,111,184,28,248,183,74,65,140,197,71,113,116,94,0,207,53,236,176,100,226,28,255,198,255,212,255,255,255,3,54,240,200,134,183,86,85,205,0,0,0,255,0,160,255
184,9,168,85,176,52,137,181,122,101,171,22,142,119,102,76,94,172,80,166,56,255,20,146,56,53,134,255,193,152,112,189,180,120,55,158,117,87,49,97,121,162,97,56,73,135,173,192,66,149,143,120,89,220,147,5,255,0,128,185,78,60,163,202,172,194,99,204,165,0,121,247,255,216,153,157,52,155,71,174,147,117,95,102,101,167,29,230,145,48,50,139,194,63,124,108,89,16,175,6,246,164,74,204,5,234,230,255,222,255,255,220,10,48,198,180,107,183,41,87,255,54,0,0,255,0,254,255
184,7,171,76,172,62,132,183,123,120,174,52,120,118,99,73,87,169,73,167,51,255,36,163,74,67,147,255,184,143,121,178,179,105,71,154,103,87,39,77,140,190,111,72,111,156,169,183,78,160,141,83,57,206,164,5,255,0,120,182,87,46,195,220,226,189,106,197,173,16,126,224,255,193,187,170,63,149,83,150,143,113,86,88,112,197,69,233,208,90,111,152,196,73,107,96,105,0,192,84,232,186,92,180,0,233,230,255,255,255,255,254,0,76,186,205,71,202,41,73,255,15,0,0,255,0,191,255
182,7,162,79,184,68,142,187,126,109,178,46,140,114,93,80,94,158,86,180,66,255,44,146,73,38,142,255,205,134,131,150,173,123,57,154,121,78,71,83,119,190,99,75,73,141,127,180,70,159,129,116,101,207,165,2,219,0,143,225,98,65,185,215,199,220,70,178,113,28,107,255,255,156,137,183,34,139,79,165,175,142,117,83,46,161,31,255,161,103,82,83,206,68,115,88,72,42,221,73,203,108,46,164,0,228,185,255,252,249,255,209,62,128,149,237,99,180,0,76,255,76,0,0,255,0,238,255
180,8,160,90,189,63,152,180,143,96,164,20,136,131,90,89,101,181,97,175,78,255,63,146,66,24,138,255,207,149,140,195,177,153,37,175,135,77,90,108,98,143,61,98,38,124,90,182,46,151,127,146,130,205,159,24,225,0,136,229,74,70,192,195,171,227,95,216,106,58,112,255,255,152,116,154,99,135,95,102,156,197,108,121,23,190,30,240,144,95,21,102,247,96,130,86,93,16,201,41,250,140,77,224,0,223,220,255,255,255,255,208,70,123,190,194,83,141,33,89,212,40,0,0,255,0,192,255
182,9,163,98,187,52,147,182,136,80,170,15,140,133,97,94,109,176,84,172,72,255,47,139,40,24,124,255,219,159,136,199,177,139,36,164,121,94,89,106,97,153,68,66,68,121,118,171,51,156,126,154,134,223,145,28,226,0,130,213,67,81,175,181,181,203,101,218,131,29,129,255,255,192,115,153,106,171,95,99,139,136,92,109,52,168,30,249,94,70,12,116,218,77,159,95,108,34,174,28,227,104,73,255,34,199,245,255,247,253,255,202,10,63,210,192,124,165,37,82,255,53,0,0,255,0,213,255
181,5,157,96,177,53,140,167,145,81,162,15,147,115,86,102,87,166,88,151,68,255,62,143,69,29,134,255,230,121,141,200,135,107,42,140,119,102,65,81,103,169,74,85,71,132,92,183,44,124,120,179,110,229,151,51,220,0,126,214,61,63,185,167,178,221,94,187,149,42,132,255,255,170,78,115,79,112,143,63,161,180,115,79,51,217,29,247,123,55,0,170,189,36,149,65,64,46,161,32,220,168,77,203,14,205,227,255,255,255,255,191,79,150,231,187,133,205,10,106,255,148,0,0,255,0,209,255
181,9,159,97,188,63,142,174,142,98,173,25,134,131,98,89,114,176,93,176,65,255,63,139,59,37,122,255,217,139,141,177,169,150,59,153,134,65,75,99,120,176,72,86,68,130,129,161,65,157,133,153,122,212,161,27,214,0,139,211,87,84,184,168,176,228,97,174,121,42,106,255,255,161,80,120,100,166,82,129,157,152,103,99,61,203,29,255,103,84,39,136,200,134,174,114,98,16,193,37,233,88,70,189,64,241,184,255,230,255,237,234,68,110,188,210,130,162,61,113,212,35,0,0,255,0,143,255
181,6,157,91,184,60,138,179,143,107,165,22,141,111,89,78,100,161,79,159,84,255,75,139,68,27,126,255,205,135,134,177,159,131,44,149,120,85,75,98,124,166,86,77,49,121,85,172,26,140,109,169,114,213,155,30,199,0,124,232,73,57,209,199,183,230,102,191,98,59,97,255,255,147,127,149,42,115,105,127,165,170,114,75,38,193,29,255,116,97,65,158,179,90,166,88,93,51,205,48,219,131,71,178,36,248,194,255,255,255,255,255,112,135,181,188,132,204,10,95,231,88,0,0,255,0,173,255
185,4,162,94,172,55,137,176,138,79,156,12,160,114,86,116,82,181,85,150,41,255,47,146,38,44,111,255,219,133,122,226,165,113,42,116,121,104,65,84,116,172,79,75,58,142,137,189,50,104,118,180,108,250,122,59,237,0,144,180,69,40,204,190,144,175,50,209,191,0,134,255,255,206,90,105,55,148,125,109,162,143,137,65,74,236,22,216,122,74,0,194,213,8,103,92,49,47,158,38,172,122,10,227,0,166,255,255,229,255,255,170,14,52,176,207,88,216,0,124,255,130,0,0,255,0,255,255
173,6,147,96,188,59,144,152,138,130,182,42,142,129,121,96,119,133,114,155,95,238,101,119,89,61,133,243,250,119,125,112,127,108,61,138,125,90,83,75,125,184,58,143,52,151,64,141,29,139,126,126,110,180,172,81,160,0,172,221,88,110,114,191,201,246,125,114,97,86,123,255,213,138,48,144,80,117,147,94,198,111,163,69,11,157,98,255,134,69,86,147,154,114,106,126,73,77,163,102,201,130,163,126,73,210,138,237,255,255,236,148,152,212,216,113,175,228,1,138,190,181,4,31,255,0,177,255
178,8,157,89,190,80,143,163,140,135,172,48,134,132,96,87,100,158,105,164,73,254,74,134,90,61,144,255,201,125,137,135,132,125,66,144,113,96,95,79,127,180,80,134,66,153,76,155,39,155,127,148,120,182,145,50,172,0,160,233,159,74,167,182,208,233,86,132,90,101,91,235,199,170,71,149,55,125,133,107,174,124,138,79,32,203,68,255,124,97,115,113,162,149,134,124,64,64,179,88,209,162,92,108,40,221,163,255,255,239,211,153,124,211,172,158,121,131,0,106,189,121,29,0,255,0,118,255
183,5,161,92,174,61,143,177,149,95,159,25,135,115,95,96,83,163,95,157,40,255,52,149,69,48,135,255,218,127,150,193,167,113,49,152,125,88,47,90,120,179,102,108,79,150,120,161,69,127,117,143,75,219,146,25,231,0,133,214,80,55,192,168,172,213,90,191,178,60,128,255,255,171,120,132,61,157,134,106,148,158,116,94,69,195,43,255,127,80,23,138,191,41,154,76,57,6,164,46,228,177,63,183,0,195,228,255,244,255,255,216,40,117,205,233,69,187,48,124,255,74,0,0,255,0,175,255
182,8,169,89,172,50,126,177,134,98,178,33,116,112,94,69,92,151,82,185,61,255,41,134,56,52,133,255,187,165,129,198,169,127,58,153,124,82,81,80,139,180,109,61,100,153,166,169,71,150,150,106,82,183,147,0,246,0,91,160,77,60,150,177,199,171,101,186,143,60,104,255,255,219,144,164,68,151,84,148,156,116,72,72,88,194,19,205,159,60,75,142,170,80,126,128,116,32,160,55,248,140,39,229,0,248,197,255,210,255,255,206,36,55,239,152,116,196,75,104,231,11,0,0,255,0,224,255
180,10,164,90,183,55,138,178,132,110,189,43,120,126,102,78,110,139,91,186,59,255,58,132,65,51,142,255,205,154,126,153,175,133,56,164,119,68,76,97,115,178,111,69,96,159,157,158,58,165,136,98,91,175,162,0,232,0,115,189,81,87,153,163,214,201,96,167,119,50,123,250,255,188,136,179,91,181,102,156,161,145,105,113,95,157,42,234,155,53,93,101,190,107,127,131,102,15,154,55,247,124,78,194,24,203,199,255,217,255,255,191,26,118,236,186,141,168,68,98,219,5,0,0,255,0,200,255
181,8,160,97,185,55,155,172,138,73,160,19,149,136,88,109,105,181,83,166,75,255,73,138,48,28,121,255,226,134,155,204,164,139,45,165,130,77,106,110,99,152,62,92,37,117,68,189,44,138,114,167,137,213,151,56,211,0,131,225,64,58,163,188,159,232,102,202,127,34,119,255,255,177,83,105,103,151,118,87,159,189,115,82,9,185,47,239,72,87,8,105,220,62,150,91,69,31,188,29,232,110,49,224,22,177,232,255,247,255,255,180,92,105,179,187,142,151,2,98,255,167,0,0,255,0,245,255
180,6,156,98,183,59,150,157,150,85,147,31,140,135,94,112,87,179,89,156,72,254,84,133,57,33,120,255,221,127,162,183,150,141,31,156,134,108,89,101,96,155,48,104,60,137,57,187,33,117,121,180,143,200,137,62,196,0,130,234,64,55,189,164,177,225,94,191,154,56,132,255,255,167,38,92,96,122,154,55,174,190,143,95,17,196,61,240,115,90,0,149,203,65,132,75,91,70,181,76,227,141,75,192,0,207,211,255,255,255,218,173,130,157,217,180,142,163,0,121,249,190,0,0,255,0,221,255
181,9,166,81,191,70,156,178,145,114,186,40,123,133,86,87,110,168,91,179,79,255,55,153,67,48,135,255,218,146,149,155,159,150,61,181,101,51,96,87,103,150,71,67,105,137,96,193,33,173,153,104,111,215,147,0,212,0,150,255,84,43,213,162,228,208,78,206,144,66,108,248,255,173,131,191,83,134,89,96,185,167,86,122,62,199,52,224,181,58,112,146,246,145,105,104,44,31,205,55,228,150,115,197,4,219,204,255,255,255,245,213,43,163,195,190,75,150,73,78,211,14,0,0,255,0,206,255
184,4,166,76,175,68,134,186,133,114,176,57,129,118,103,90,83,157,72,180,43,255,33,183,69,51,138,255,194,118,150,174,187,90,75,147,103,87,43,61,113,202,133,57,133,152,144,179,93,167,123,100,29,217,163,0,238,0,136,212,82,18,206,197,231,212,89,193,182,17,145,253,255,186,163,176,46,114,86,162,166,113,95,57,95,196,70,255,190,66,115,150,176,74,142,101,61,0,187,97,213,154,71,132,0,243,209,255,255,255,255,242,48,98,189,228,98,204,70,69,255,54,0,0,255,0,242,255
183,7,167,83,180,51,139,192,134,92,195,29,118,126,94,75,112,162,84,196,71,255,51,160,52,28,139,255,202,159,130,182,189,141,53,167,114,75,68,88,108,176,100,39,114,136,157,189,78,186,129,76,83,200,171,0,247,0,113,210,39,50,206,176,231,184,100,211,154,30,129,246,255,164,164,189,75,139,55,144,166,167,54,84,70,189,25,255,166,77,66,131,225,84,151,73,89,1,217,30,255,123,102,244,9,254,213,255,255,255,255,239,14,69,231,216,130,189,85,79,244,0,0,0,255,0,255,255
179,9,159,100,182,43,136,177,137,102,176,20,136,116,116,74,100,148,93,178,80,255,53,121,66,32,121,255,230,146,125,147,159,132,47,152,131,96,69,97,126,179,93,86,106,123,130,152,64,153,117,144,106,195,148,12,209,0,115,212,77,90,144,164,162,202,114,176,117,43,116,253,255,182,90,186,108,172,100,119,154,127,112,86,48,154,23,255,109,49,55,133,188,106,159,110,135,61,152,40,211,77,71,213,79,211,209,255,214,246,255,198,32,83,211,153,160,178,47,93,221,46,0,0,255,0,255,255
181,8,166,89,184,57,152,176,128,89,177,35,126,129,108,101,94,181,98,190,76,255,59,126,45,52,104,255,227,161,136,174,161,167,44,183,136,81,110,85,125,171,58,98,66,125,121,175,74,150,154,139,120,210,169,22,219,0,124,224,98,78,167,183,199,228,86,191,120,40,112,235,255,171,71,154,97,166,108,84,168,144,110,101,48,160,36,242,93,83,40,92,222,109,116,102,108,80,181,30,207,71,48,253,0,187,211,255,188,255,235,184,46,108,207,142,151,151,28,111,235,101,0,0,255,0,255,255
182,8,172,84,180,66,146,162,143,118,160,39,108,124,109,78,86,168,91,165,64,255,52,146,35,70,113,255,190,166,146,180,177,147,57,187,95,94,83,92,116,149,105,76,116,142,139,197,45,174,153,137,64,173,153,0,214,0,133,205,105,31,206,165,225,202,74,205,161,37,106,229,255,203,118,140,44,104,134,128,178,99,112,136,123,177,45,229,183,29,101,169,190,123,115,138,91,50,162,60,211,235,83,165,0,229,169,255,255,251,242,229,82,201,205,147,118,142,63,149,211,54,0,0,255,0,146,255
179,9,159,84,194,73,142,171,125,136,182,69,127,127,103,82,110,129,83,163,62,255,66,133,80,61,161,255,196,130,116,120,150,115,82,155,70,99,72,91,105,190,115,104,93,178,100,158,50,183,106,118,96,172,149,32,196,0,121,192,121,94,179,190,243,226,86,134,91,74,130,209,228,186,139,174,52,134,102,142,155,121,161,106,83,175,77,255,168,67,134,111,150,144,112,146,100,20,168,86,242,165,126,113,79,248,171,255,247,236,235,196,75,166,243,159,139,163,30,30,212,76,28,0,255,0,85,255
184,5,167,80,172,53,130,189,146,103,172,25,129,118,91,64,88,170,76,181,70,255,25,166,45,28,139,255,181,147,136,212,190,133,36,156,110,83,65,86,131,149,109,16,104,141,155,208,90,143,150,95,53,209,123,0,255,0,94,206,50,14,213,187,193,163,81,226,183,33,101,255,255,181,178,182,48,115,57,169,154,151,64,72,60,190,44,236,196,62,90,164,195,82,133,101,121,25,198,86,255,164,78,208,0,255,206,255,255,255,255,242,25,51,207,215,95,224,133,93,255,0,0,0,255,0,255,255
180,6,166,80,183,65,158,178,147,97,179,28,117,122,90,99,104,165,106,174,68,247,70,127,76,38,165,255,228,139,146,148,161,130,43,190,95,77,76,87,118,154,69,87,75,178,70,176,56,182,145,85,93,203,136,33,216,0,149,227,62,81,164,171,236,175,84,193,134,63,97,246,255,130,155,163,79,119,126,78,186,176,92,114,10,191,54,255,157,119,93,113,218,74,137,77,13,31,231,72,184,182,137,200,7,215,165,255,255,255,255,184,27,174,238,181,93,175,44,132,231,125,0,0,255,0,197,255
187,6,170,85,173,44,154,189,155,63,163,0,138,140,103,111,84,204,75,169,69,255,24,167,24,24,106,255,219,148,151,255,217,148,39,191,113,80,58,122,92,137,83,12,76,92,139,213,71,141,121,125,66,251,159,22,255,0,125,238,0,0,246,143,117,184,108,255,250,0,143,255,255,176,137,103,62,131,84,77,159,244,58,109,87,211,1,255,102,29,0,195,255,38,174,41,64,3,222,0,255,148,51,255,0,255,255,255,255,255,255,255,0,0,191,220,69,188,120,126,255,0,0,0,255,0,255,255
184,4,168,82,168,61,142,168,127,105,156,61,136,139,117,94,76,170,64,152,49,255,36,185,53,72,121,255,210,134,145,175,165,124,47,150,118,118,58,79,139,182,112,104,110,145,150,199,86,121,127,112,33,205,144,37,237,11,120,221,85,24,201,186,204,215,106,198,240,9,149,223,255,208,125,133,54,150,161,117,153,115,119,95,110,152,90,255,123,57,65,151,175,8,111,71,97,40,184,77,222,191,108,168,0,160,229,255,255,255,255,241,47,140,163,203,104,210,15,103,255,161,27,0,255,0,244,255
185,7,167,77,170,47,133,187,130,121,178,34,123,106,103,66,91,149,54,180,66,255,32,155,62,47,133,255,183,150,129,180,182,101,72,165,96,76,54,95,134,190,138,62,118,146,179,175,81,163,120,85,31,191,154,0,236,0,104,174,64,41,197,184,220,191,107,170,189,31,135,215,255,206,186,177,19,134,86,170,163,122,78,70,115,176,78,252,136,42,127,182,197,68,151,109,81,13,201,69,241,149,72,180,0,249,186,255,255,255,255,232,32,58,190,182,115,187,68,134,255,0,0,0,255,0,247,255
182,8,159,94,186,64,142,173,141,109,170,36,141,122,95,88,101,152,78,165,64,255,59,139,61,43,143,255,206,144,142,163,152,118,65,150,116,86,75,90,118,185,92,97,65,171,108,162,62,160,120,163,101,209,140,42,209,0,123,191,100,86,165,184,194,220,71,172,99,58,110,255,250,203,119,161,57,154,117,122,170,137,132,100,60,185,44,254,95,54,90,130,159,109,168,112,96,29,169,50,219,143,72,168,54,224,188,255,252,239,255,202,65,101,194,188,82,174,40,91,255,89,0,0,255,0,124,255
188,4,167,81,158,36,137,182,132,92,183,10,142,102,103,82,71,176,63,183,57,255,20,178,36,36,104,255,193,159,119,252,200,137,55,155,118,69,54,113,126,190,128,71,85,142,187,236,93,117,125,114,31,181,147,5,243,0,111,182,52,0,187,202,158,212,98,226,232,14,139,249,255,220,157,133,13,152,99,170,167,148,117,75,148,193,68,213,135,29,19,155,246,29,145,96,98,8,183,21,255,182,41,249,0,198,246,255,255,255,255,193,0,41,163,228,75,221,115,178,255,0,0,0,255,0,255,255
185,4,167,85,169,53,138,180,142,88,165,25,129,124,93,88,97,161,64,157,51,255,34,165,52,42,129,255,213,119,147,198,172,94,69,150,103,95,47,74,141,169,127,40,97,152,126,177,70,153,119,103,48,234,138,16,250,0,123,200,51,15,216,163,195,195,85,190,210,17,148,255,255,173,145,125,36,106,108,125,169,130,54,50,97,209,38,251,123,77,70,192,163,26,201,69,45,14,202,52,221,190,77,185,0,225,211,255,255,255,255,239,32,96,190,214,97,197,53,96,255,98,0,0,255,0,237,255
185,4,165,77,163,51,134,188,123,107,165,34,143,105,98,71,78,158,72,170,51,255,27,175,70,58,137,255,188,133,111,195,186,110,48,139,115,69,42,76,150,178,139,81,82,135,166,195,88,131,113,90,33,203,153,3,228,4,113,205,84,1,169,238,172,212,114,209,190,40,115,225,255,186,188,178,23,168,97,154,135,132,112,76,98,173,74,253,163,83,52,136,194,0,123,90,92,3,211,63,245,175,40,224,0,182,255,255,255,255,255,220,0,53,127,211,74,212,36,114,255,2,20,0,255,0,255,255
181,9,160,92,186,52,130,183,134,101,184,27,138,116,93,72,111,155,76,182,79,255,59,142,57,25,136,255,202,149,126,162,166,123,61,144,118,98,69,96,116,187,93,50,86,127,143,168,51,166,109,143,112,207,151,17,223,0,121,193,62,74,189,178,208,200,95,164,116,24,118,251,255,179,127,174,61,132,76,151,169,147,83,61,59,185,15,255,97,76,62,154,176,99,158,96,120,48,198,43,234,77,68,197,79,255,189,255,255,255,255,225,68,82,203,198,138,205,20,70,252,42,0,0,255,0,212,255
179,8,149,93,189,65,125,179,126,135,153,31,166,78,83,65,83,137,97,156,92,255,83,111,87,45,130,250,195,132,118,128,126,96,65,101,116,90,94,78,165,208,96,118,49,122,92,170,53,118,83,196,134,200,113,35,148,0,94,190,166,99,140,249,124,220,104,94,43,72,35,255,202,173,101,212,22,157,97,120,120,133,181,65,0,179,50,255,104,94,120,156,159,120,104,155,101,142,204,142,147,45,21,136,83,239,191,255,229,221,255,177,133,67,113,134,135,209,0,82,209,151,33,0,255,0,170,255
185,7,170,83,172,50,137,183,124,109,161,37,138,109,96,85,68,163,62,168,66,255,32,129,54,55,121,255,199,145,116,184,164,100,56,143,107,108,75,91,130,194,108,62,99,139,167,192,76,130,118,151,67,225,152,26,234,0,123,175,95,53,181,195,181,177,84,194,159,0,109,241,255,237,145,168,37,155,97,145,150,127,105,80,84,167,52,255,137,17,90,158,198,50,104,112,91,71,159,43,209,141,13,187,0,234,236,255,232,255,255,186,51,44,165,150,116,208,9,81,255,78,42,0,255,0,255,255
181,7,159,89,187,61,142,183,134,98,177,37,135,121,97,81,97,151,83,177,67,255,52,158,56,30,144,255,204,142,134,174,174,133,48,163,118,81,72,78,103,168,113,77,78,145,122,180,64,171,120,134,100,196,169,0,215,0,115,215,79,65,193,193,210,231,75,189,102,50,131,255,255,166,131,176,65,130,91,138,162,155,118,105,69,180,28,255,156,64,52,109,190,90,149,101,100,19,185,46,249,147,68,199,11,234,195,255,255,248,255,214,67,134,223,210,121,159,30,66,253,21,0,0,255,0,219,255
188,6,174,77,162,46,127,190,122,102,186,25,128,111,107,70,71,166,69,185,50,255,0,159,62,53,130,255,177,159,112,209,202,109,56,156,106,102,35,96,116,194,122,34,129,123,211,215,86,150,129,92,25,198,172,0,255,0,116,179,79,6,174,214,186,179,126,232,219,0,144,229,255,218,167,175,31,141,75,185,148,115,68,64,142,187,55,233,192,18,65,158,208,46,101,71,73,0,172,23,248,198,66,222,0,215,255,255,255,255,255,238,0,26,172,229,106,167,58,82,255,0,0,0,255,0,255,255
186,8,177,76,167,45,130,193,125,110,196,24,125,108,102,71,86,165,86,199,63,255,32,122,51,50,116,255,166,182,117,175,184,131,44,179,109,63,90,111,124,175,78,33,122,130,179,222,80,136,168,90,46,207,161,0,234,0,106,178,85,54,189,181,171,156,72,242,154,51,76,243,255,213,183,176,37,112,56,193,153,111,88,83,89,197,32,239,227,27,74,175,210,124,79,119,92,48,235,19,246,152,54,253,0,255,213,255,237,255,255,235,44,0,217,135,150,232,148,115,246,0,0,0,255,0,236,255
181,7,162,89,169,51,130,165,131,127,176,39,126,102,110,78,87,131,73,163,64,255,58,135,71,58,136,255,204,138,129,148,159,89,65,159,105,92,49,86,137,192,122,104,107,167,137,153,56,136,134,128,64,161,147,36,201,0,117,187,87,74,146,172,232,223,113,141,140,54,137,223,255,202,139,145,39,141,162,141,168,102,129,76,115,175,86,255,134,72,129,170,150,81,164,116,65,43,156,89,207,159,90,131,39,188,180,255,220,255,255,200,57,143,224,151,170,229,39,172,248,105,1,0,255,0,204,255
177,8,150,97,187,43,127,172,134,122,204,29,139,99,115,73,112,116,88,188,92,255,75,111,86,45,144,255,227,155,112,107,155,110,65,163,122,64,48,105,113,203,111,102,76,148,124,136,44,168,100,139,93,153,161,24,174,0,118,191,68,101,68,168,228,208,131,122,82,69,116,221,255,172,128,185,108,183,143,156,175,152,142,40,58,163,49,255,62,76,98,138,153,139,148,121,112,56,168,51,225,26,91,170,118,197,167,255,196,196,255,186,53,136,212,158,217,216,20,112,205,26,0,0,255,0,203,255
181,10,163,92,180,40,143,182,132,90,178,18,136,127,99,72,115,144,66,172,80,255,44,134,55,24,135,255,222,153,128,169,166,122,38,179,122,95,76,119,121,157,87,42,78,135,136,172,36,154,113,119,103,199,159,15,232,0,107,207,50,68,171,157,194,199,105,187,133,18,117,234,255,194,136,165,79,153,100,128,165,171,86,105,82,149,31,253,89,51,58,142,191,70,165,88,128,35,188,13,254,111,90,227,51,206,226,255,239,255,255,200,21,92,209,177,166,166,48,88,255,39,0,0,255,0,238,255
178,11,161,96,184,28,142,185,135,100,207,2,139,98,109,86,130,153,109,207,77,255,64,94,80,43,139,255,238,167,121,108,145,143,40,183,138,73,90,117,123,170,71,78,74,128,121,161,36,165,114,123,148,155,137,38,173,0,123,234,90,121,95,128,210,199,114,142,75,57,45,176,255,192,94,209,105,219,150,104,133,171,117,57,23,149,31,249,8,106,74,94,209,137,155,108,116,96,175,0,201,22,58,242,110,139,189,255,153,246,255,123,0,72,224,134,201,205,35,195,171,0,23,0,255,0,255,255
175,9,151,98,191,48,138,171,138,135,190,17,153,90,108,81,123,131,124,183,94,255,89,79,97,70,134,233,242,144,106,97,145,143,49,153,138,63,91,107,158,179,72,122,47,115,90,148,23,132,110,159,144,164,146,52,131,0,168,233,118,116,51,183,182,209,111,111,62,100,41,208,231,156,67,203,95,201,149,150,158,138,170,49,1,141,44,255,43,88,131,126,163,155,117,127,108,129,176,48,170,33,68,163,100,150,149,255,177,218,252,113,90,158,162,109,205,208,0,175,160,88,13,0,255,0,165,255
181,6,162,89,174,46,139,167,133,116,182,30,125,110,115,74,102,146,69,169,75,255,64,130,74,69,125,255,229,144,116,141,169,120,62,171,121,62,52,97,156,173,99,106,71,138,132,150,48,149,112,128,82,177,156,36,190,5,128,205,75,72,123,193,235,228,152,156,125,46,100,204,255,193,132,147,85,168,149,124,167,118,110,71,78,154,71,242,66,93,121,166,155,93,162,120,116,47,160,52,215,101,105,165,68,178,181,255,206,255,255,218,27,159,186,153,144,190,20,181,211,88,0,0,255,0,206,255
181,7,163,97,177,44,151,167,143,90,157,8,139,123,98,97,105,163,88,162,87,247,66,120,62,43,129,255,232,137,133,186,146,124,31,168,128,107,92,112,133,147,44,93,44,129,78,180,29,131,119,160,133,199,132,76,208,0,133,215,71,66,134,178,178,209,116,208,123,34,99,255,255,203,96,146,99,136,167,64,162,169,102,106,19,171,55,221,85,68,39,162,183,41,128,84,114,73,129,25,220,169,111,222,24,166,231,253,255,255,255,155,44,154,212,124,130,182,8,125,255,178,3,0,255,0,201,255
177,7,150,97,187,54,149,158,138,96,173,33,158,125,110,102,111,152,92,171,89,250,75,141,68,31,137,255,239,132,138,159,134,128,40,151,130,103,74,97,87,175,48,118,54,134,86,182,38,126,110,172,121,188,164,65,183,0,160,216,55,87,135,157,213,233,99,153,136,53,137,255,255,169,33,124,97,134,140,73,178,153,167,74,20,168,75,255,97,42,15,144,186,94,120,85,97,61,176,59,246,101,118,165,41,192,184,255,255,255,242,121,134,167,234,139,168,198,17,118,255,146,0,0,255,0,211,255
183,7,160,93,182,55,145,173,140,108,160,21,143,114,93,82,105,160,68,153,91,255,60,144,65,22,129,255,215,136,138,180,148,104,60,161,98,91,86,100,112,158,73,74,65,135,79,181,31,147,118,178,110,227,145,39,215,0,117,220,83,74,206,190,192,234,95,195,93,27,129,255,255,177,133,156,48,102,128,84,166,158,116,113,66,185,52,255,129,56,73,168,196,101,180,103,99,51,182,59,219,163,87,187,51,236,201,255,255,255,255,228,85,127,197,170,125,207,42,90,255,107,0,0,255,0,169,255
184,8,161,95,185,55,142,180,140,86,164,18,142,127,90,97,87,176,77,163,58,255,50,137,31,23,124,255,198,159,143,225,178,142,36,156,113,104,80,110,79,164,94,58,76,136,122,198,61,157,109,169,95,223,131,16,235,0,113,203,79,42,207,176,163,196,64,225,140,30,127,255,255,209,123,137,73,151,92,143,154,178,119,98,60,190,32,236,102,19,32,129,198,96,133,115,97,32,155,0,254,183,60,233,0,233,228,255,241,255,255,212,73,66,213,206,123,158,43,62,255,50,0,0,255,0,196,255
182,8,163,89,177,56,138,168,146,98,170,29,139,121,96,89,100,177,83,170,62,255,59,152,56,37,117,255,218,131,145,200,149,137,52,146,124,92,80,95,126,171,61,57,81,142,120,197,35,142,148,151,112,210,134,36,247,0,126,230,62,42,228,156,200,192,54,200,160,9,108,255,255,202,89,139,60,107,112,108,201,165,100,95,53,194,58,241,144,53,70,162,195,90,142,86,104,58,177,51,219,135,68,163,0,251,200,255,255,255,233,202,81,140,196,183,108,238,73,134,255,104,0,0,255,0,238,255
182,9,165,85,173,52,132,168,129,113,178,29,130,119,104,76,117,169,95,184,68,255,61,135,84,52,113,255,205,141,133,148,151,135,67,161,126,65,90,83,142,178,67,77,82,125,151,186,32,144,151,134,94,184,162,14,230,0,118,217,95,62,196,186,185,238,85,164,126,43,105,225,255,155,92,150,66,126,118,138,171,132,115,92,81,174,50,228,133,85,75,158,191,115,136,114,123,57,215,48,229,113,75,179,0,181,179,255,229,255,255,195,63,106,199,143,149,208,52,165,185,88,0,0,255,0,227,255
184,9,164,91,176,47,135,176,129,97,167,18,144,106,96,87,81,160,71,167,71,255,54,124,54,42,126,255,210,157,129,182,163,118,42,159,122,94,74,108,120,174,98,74,71,129,137,183,42,141,111,161,107,187,129,36,210,0,124,203,101,59,170,182,178,205,87,168,136,17,93,250,255,220,111,151,68,156,143,110,151,158,116,74,52,191,54,239,105,65,67,153,212,66,104,121,75,76,169,43,197,145,23,199,16,176,221,255,224,255,255,175,57,104,166,149,152,174,0,143,255,110,38,0,255,0,237,255
184,8,169,79,173,50,137,185,125,99,178,31,142,117,100,76,90,164,71,175,70,255,32,140,61,42,145,255,208,138,116,170,168,116,45,148,114,101,52,96,138,179,85,39,83,145,156,197,65,147,138,103,72,216,137,29,246,0,137,205,72,43,166,198,199,170,89,196,167,0,95,235,255,200,151,175,58,128,86,154,184,139,79,76,54,161,65,255,132,53,101,136,185,50,113,90,82,49,210,48,209,145,78,193,0,230,225,255,249,255,255,193,41,89,155,177,129,211,29,97,255,118,21,0,255,0,255,255
182,7,162,90,179,53,136,176,131,116,163,29,137,110,100,75,94,169,82,169,79,255,65,130,73,35,124,255,204,136,120,169,151,125,51,147,120,102,74,95,135,189,69,85,74,136,114,160,53,156,118,151,105,215,137,43,218,0,128,208,98,78,192,205,189,214,95,186,101,27,111,237,255,190,116,158,53,126,108,110,167,134,113,86,51,189,59,255,119,86,69,154,186,100,146,115,132,69,174,47,213,140,77,202,49,235,204,255,255,255,255,215,77,96,174,136,126,199,8,91,227,89,9,0,255,0,218,255
180,9,164,88,178,51,150,169,128,101,177,30,137,119,101,90,105,156,85,172,73,255,58,121,65,51,141,255,229,151,111,152,153,122,49,173,120,73,80,98,121,161,70,97,46,153,128,178,53,137,135,133,127,188,156,50,222,0,136,186,75,93,123,199,196,220,99,171,114,32,110,231,255,190,110,173,87,183,132,101,151,123,130,118,51,150,61,234,141,68,68,116,205,55,103,115,96,47,171,53,208,119,90,201,31,154,218,255,238,255,255,168,12,116,206,135,117,207,59,125,242,97,0,0,249,0,203,255
182,8,166,79,169,70,140,179,114,182,126,61,137,91,73,46,58,114,140,137,101,254,81,82,109,61,160,255,215,108,74,113,74,75,46,116,77,104,181,127,225,198,0,125,53,183,60,127,50,49,183,85,143,198,130,51,203,0,126,210,243,86,75,241,148,164,102,96,110,110,94,247,216,197,139,186,0,63,125,80,215,203,195,101,30,160,102,216,212,161,115,141,129,101,57,50,30,99,202,163,143,119,111,207,0,168,244,182,219,255,241,154,105,23,77,61,84,195,0,73,153,177,16,82,255,0,112,255
183,8,168,84,173,50,144,167,142,104,166,32,112,119,92,92,90,169,61,167,73,255,69,115,51,58,123,255,225,160,123,172,159,132,51,184,132,48,94,94,155,157,84,60,37,179,101,161,74,147,153,125,108,204,139,44,246,0,98,185,64,76,158,196,187,190,76,179,120,38,95,255,255,194,135,141,83,141,128,77,188,173,93,115,52,191,67,210,153,89,125,174,214,88,145,140,88,73,212,83,198,130,56,223,0,240,175,255,250,255,255,222,46,107,155,116,114,214,102,127,235,45,0,0,255,0,196,255
176,7,156,88,184,65,146,163,152,117,173,26,150,88,83,103,98,140,115,145,70,255,112,111,90,55,155,243,243,154,124,127,150,119,39,156,108,80,40,110,142,171,77,110,30,181,62,203,6,133,97,154,151,161,132,59,160,0,155,228,89,72,115,182,193,148,110,124,164,87,39,246,254,144,114,139,39,187,142,106,183,178,200,104,11,183,45,255,127,130,108,191,189,85,147,82,18,122,255,88,192,114,118,135,5,201,187,248,255,255,255,120,65,167,175,168,133,224,0,157,203,128,0,0,195,0,86,255
180,7,154,98,190,70,147,175,132,110,133,19,170,92,70,104,76,153,105,140,84,255,94,88,76,37,126,243,228,131,133,159,130,108,25,119,113,114,108,107,154,181,50,119,31,132,22,169,38,93,88,205,148,233,101,76,135,0,118,194,155,83,122,230,105,180,96,156,101,83,24,255,209,187,90,143,66,158,124,73,133,153,182,74,0,219,44,255,81,138,62,197,158,82,91,112,45,135,211,116,113,94,62,204,66,172,246,208,231,220,255,141,103,53,124,100,134,155,0,65,236,242,1,0,248,0,95,255
177,10,159,87,188,71,141,171,138,166,148,40,151,70,78,78,83,138,130,154,93,241,92,62,103,83,140,221,240,150,86,101,103,129,47,118,107,91,136,105,211,174,33,142,14,157,45,141,32,74,137,167,171,188,109,41,145,0,138,214,212,106,63,227,134,138,107,89,95,137,0,255,205,198,95,200,33,162,128,90,188,148,187,74,0,167,56,255,117,151,164,172,129,146,90,104,54,210,207,154,99,47,53,142,18,199,172,166,196,255,173,92,129,89,65,50,62,186,0,127,99,118,76,0,255,0,62,255
179,9,159,90,190,63,151,175,133,135,140,28,157,89,81,104,83,155,103,154,91,250,92,64,87,66,118,241,248,142,111,120,114,122,30,130,134,93,128,109,200,170,16,138,8,148,37,146,45,88,122,178,161,225,107,76,131,9,133,202,182,112,72,205,106,163,109,136,88,93,0,255,206,217,85,171,84,182,134,73,168,158,157,84,0,186,56,255,50,128,115,190,135,114,96,114,56,185,191,107,101,51,75,196,63,176,197,160,177,252,220,117,119,58,86,45,108,173,0,104,189,185,52,0,255,0,93,255
177,9,160,87,193,80,139,164,129,177,141,62,131,77,80,86,74,122,129,152,92,249,98,60,106,107,127,206,232,159,89,88,107,122,73,110,103,66,128,85,205,177,63,153,40,161,69,116,61,94,141,168,145,185,120,41,156,40,97,174,239,130,50,214,108,161,106,80,71,156,0,255,179,219,84,194,45,214,118,83,162,124,186,112,0,164,45,255,149,127,184,180,112,164,80,148,64,223,150,160,119,49,25,125,38,201,175,161,180,241,139,104,96,70,101,27,71,148,0,87,84,105,72,1,255,0,31,255
