175,8,146,96,214,76,77,129,148,174,151,51,120,147,101,35,109,238,196,193,0,208,99,177,69,152,150,185,123,68,193,131,106,82,139,130,139,120,184,136,115,174,31,144,123,163,132,92,123,110,126,93,129,77,86,150,125,106,113,206,130,121,121,97,174,168,81,124,144,135,146,112,127,188,138,154,132,137,93,168,100,193,152,130,91,102,138,202,146,88,63,145,95,112,110,171,88,50,122,210,207,121,120,114,106,182,84,114,170,130,178,136,67,136,72,55,147,184,48,216,101,116,100,83,170,147,69,255
175,8,146,96,214,76,77,129,148,174,151,51,120,147,101,35,109,238,196,193,0,208,99,177,69,152,150,185,123,68,193,131,106,82,139,130,139,120,184,136,115,174,31,144,123,163,132,92,123,110,126,93,129,77,86,150,125,106,113,206,130,121,121,97,174,168,81,124,144,135,146,112,127,188,138,154,132,137,93,168,100,193,152,130,91,102,138,202,146,88,63,145,95,112,110,171,88,50,122,210,207,121,120,114,106,182,84,114,170,130,178,136,67,136,72,55,147,184,48,216,101,116,100,83,170,147,69,255
175,8,146,96,214,76,77,129,148,174,151,51,120,147,101,35,109,238,196,193,0,208,99,177,69,152,150,185,123,68,193,131,106,82,139,130,139,120,184,136,115,174,31,144,123,163,132,92,123,110,126,93,129,77,86,150,125,106,113,206,130,121,121,97,174,168,81,124,144,135,146,112,127,188,138,154,132,137,93,168,100,193,152,130,91,102,138,202,146,88,63,145,95,112,110,171,88,50,122,210,207,121,120,114,106,182,84,114,170,130,178,136,67,136,72,55,147,184,48,216,101,116,100,83,170,147,69,255
175,8,146,96,214,76,77,129,148,174,151,51,120,147,101,35,109,238,196,193,0,208,99,177,69,152,150,185,123,68,193,131,106,82,139,130,139,120,184,136,115,174,31,144,123,163,132,92,123,110,126,93,129,77,86,150,125,106,113,206,130,121,121,97,174,168,81,124,144,135,146,112,127,188,138,154,132,137,93,168,100,193,152,130,91,102,138,202,146,88,63,145,95,112,110,171,88,50,122,210,207,121,120,114,106,182,84,114,170,130,178,136,67,136,72,55,147,184,48,216,101,116,100,83,170,147,69,255
175,8,146,96,214,76,77,129,148,174,151,51,120,147,101,35,109,238,196,193,0,208,99,177,69,152,150,185,123,68,193,131,106,82,139,130,139,120,184,136,115,174,31,144,123,163,132,92,123,110,126,93,129,77,86,150,125,106,113,206,130,121,121,97,174,168,81,124,144,135,146,112,127,188,138,154,132,137,93,168,100,193,152,130,91,102,138,202,146,88,63,145,95,112,110,171,88,50,122,210,207,121,120,114,106,182,84,114,170,130,178,136,67,136,72,55,147,184,48,216,101,116,100,83,170,147,69,255
157,16,142,87,229,64,102,121,143,191,143,52,184,111,100,47,148,126,186,180,69,217,104,138,118,121,203,168,128,127,171,135,85,115,95,128,158,59,73,66,99,252,78,210,36,78,62,60,174,192,118,135,102,63,88,107,161,0,8,199,207,115,44,218,44,95,141,48,109,136,73,185,255,131,138,136,74,169,126,119,108,150,208,39,0,167,157,191,113,52,123,187,102,135,0,192,72,64,147,168,180,1,188,6,142,242,161,239,45,255,255,144,114,160,181,0,104,91,87,50,39,30,0,78,229,83,0,255
153,23,120,57,255,60,130,58,126,194,160,14,144,174,81,65,77,139,255,125,69,217,28,63,100,101,165,222,108,96,131,200,12,97,93,181,198,59,61,207,127,93,0,134,107,169,59,97,215,255,209,139,68,128,63,164,160,0,170,211,223,141,7,234,112,130,194,100,58,0,120,183,240,154,183,92,112,1,46,190,52,255,174,69,0,129,122,129,126,0,51,183,255,176,123,167,21,0,49,201,255,0,117,0,0,255,247,96,86,255,255,206,0,34,232,25,122,185,108,130,208,66,156,209,255,29,33,255
158,34,114,47,255,54,135,42,99,176,193,0,107,152,37,96,41,144,249,94,0,255,36,42,107,76,149,203,106,89,178,180,43,104,129,192,221,101,243,225,218,0,13,121,154,233,97,105,255,255,255,132,143,190,0,242,201,0,210,178,218,138,9,255,255,210,255,74,66,0,111,255,255,195,100,190,0,50,59,255,77,253,67,0,216,0,255,90,175,88,0,255,255,255,255,146,138,0,0,17,230,0,74,0,0,100,161,164,255,218,244,177,0,89,99,202,235,255,140,0,109,255,80,255,255,0,106,255
154,28,109,44,255,75,156,40,94,197,183,0,128,221,0,106,135,151,255,137,28,255,0,36,74,186,88,181,67,99,176,166,7,130,103,116,219,95,172,233,181,78,0,110,115,177,33,151,253,255,242,141,153,51,71,199,146,0,204,150,174,92,122,210,207,138,237,134,174,0,160,200,255,213,84,122,0,132,10,255,20,255,78,31,124,78,255,218,255,159,33,255,255,214,255,115,0,0,109,0,255,81,75,0,0,76,255,152,255,255,255,254,0,44,98,108,224,255,255,76,151,255,205,248,255,0,0,255
152,23,119,44,255,62,109,54,118,188,181,0,141,121,98,51,7,115,241,158,43,211,40,79,133,55,188,154,118,62,129,214,9,127,87,218,217,0,49,246,141,113,0,172,84,235,44,81,202,255,203,128,61,149,47,102,162,0,165,133,193,143,0,255,113,196,197,44,100,0,119,212,208,174,184,161,89,0,24,190,0,255,201,0,28,97,123,141,81,84,88,200,255,229,169,179,0,0,68,250,187,0,55,47,0,255,255,129,66,255,250,255,0,95,156,15,165,205,168,117,255,45,0,120,235,4,20,255
152,24,106,44,255,61,118,67,90,198,204,0,137,147,78,66,60,120,235,138,80,255,80,75,84,50,170,149,81,125,104,229,0,149,156,231,228,0,53,255,172,61,0,130,78,233,63,82,221,243,224,112,125,73,51,112,201,0,170,134,149,162,0,255,70,195,224,38,56,0,131,191,255,112,201,145,55,0,36,255,0,255,139,1,59,42,137,134,159,59,89,241,255,176,109,131,32,0,98,193,192,0,81,0,0,114,255,196,200,255,255,225,0,93,114,0,218,255,247,89,255,221,113,173,255,0,0,255
152,28,115,24,255,78,131,75,99,203,192,0,138,164,94,60,40,118,211,148,78,255,82,86,98,54,214,203,41,91,139,189,0,176,127,180,214,13,110,227,157,91,0,233,70,229,35,106,208,221,255,107,152,107,56,87,203,0,168,128,193,142,59,255,131,189,238,91,33,0,119,215,255,139,102,177,10,45,67,255,0,255,139,0,125,83,201,174,104,126,0,255,255,255,208,189,0,0,131,144,229,0,37,0,0,247,242,162,188,255,222,222,0,27,100,51,255,255,176,119,221,103,12,212,255,0,23,255
150,23,99,36,255,71,117,64,83,203,202,0,127,183,66,75,80,126,255,163,89,255,31,70,103,68,187,161,92,95,115,248,0,145,158,198,255,0,47,216,155,54,0,124,104,255,30,55,197,235,236,99,195,20,48,72,158,0,186,153,124,122,42,255,103,172,255,97,54,0,106,169,192,121,199,23,0,15,2,255,0,255,97,2,49,65,181,195,209,92,90,255,255,216,157,103,8,0,150,157,244,67,5,0,0,57,255,203,255,255,255,255,0,9,91,65,255,255,255,101,255,203,110,89,255,0,0,255
154,25,121,40,255,80,132,64,101,192,166,0,123,162,97,79,32,140,214,175,47,236,73,64,121,69,135,132,68,50,144,172,22,172,103,216,186,5,113,255,158,94,0,160,62,194,59,112,173,247,227,86,134,156,129,136,158,0,180,120,175,120,70,255,136,178,207,109,70,0,149,186,255,179,157,134,36,29,37,249,27,255,148,59,37,48,142,174,126,119,24,255,255,181,169,133,4,0,131,180,211,26,123,0,0,255,255,152,108,255,255,227,0,37,54,33,198,255,148,72,212,79,5,145,211,0,0,255
152,31,113,40,255,78,130,73,84,213,198,0,108,229,120,73,85,143,207,132,63,255,71,85,96,155,144,205,42,74,169,208,0,150,121,147,148,46,101,144,197,78,0,187,131,222,49,104,170,254,255,72,183,55,167,85,220,0,164,178,146,144,50,209,147,104,239,178,94,0,156,165,255,134,32,117,19,109,131,255,0,255,103,45,111,41,255,244,193,161,0,255,255,204,239,209,0,0,255,0,177,11,10,0,0,44,255,185,255,255,255,198,0,13,58,72,232,255,118,140,180,200,183,255,255,0,0,255
157,18,128,83,228,54,109,60,121,185,148,40,132,133,128,48,75,114,240,166,35,149,64,69,131,146,183,167,139,88,160,172,97,110,105,152,166,61,16,103,153,172,80,213,125,114,54,134,159,255,164,119,45,127,150,120,174,36,108,179,170,77,95,223,74,76,160,86,147,58,136,102,255,176,153,87,144,153,44,32,214,244,245,61,0,171,129,126,110,5,103,174,236,230,124,156,87,0,57,121,255,5,70,97,63,255,255,48,12,242,255,167,87,134,255,0,178,56,40,137,83,15,135,143,197,193,127,255
154,22,143,61,255,91,137,99,119,211,164,116,127,221,134,71,97,99,109,116,44,227,54,89,153,196,152,128,91,53,187,138,122,134,87,156,126,79,114,127,195,134,74,116,44,135,109,123,25,160,182,36,96,116,122,136,73,0,195,168,182,0,123,200,159,132,159,104,88,75,167,132,255,190,86,33,68,225,77,184,46,139,213,66,111,107,145,178,151,82,66,240,167,216,93,166,76,0,127,231,255,0,177,67,0,255,164,81,142,255,255,143,0,2,216,12,148,205,0,175,93,0,0,134,218,100,63,255
150,17,141,45,252,82,137,92,139,195,129,138,120,248,126,97,89,111,91,73,38,212,38,73,151,239,156,144,115,18,188,154,166,79,91,161,104,77,111,106,235,111,41,162,9,155,118,125,0,255,154,44,31,177,168,135,107,0,147,189,195,0,118,184,160,48,107,71,79,0,226,81,255,181,147,31,49,242,116,127,0,200,201,68,183,156,234,222,35,0,19,255,187,247,72,246,91,0,175,184,255,0,89,0,0,255,188,16,44,255,193,184,0,12,255,14,141,140,0,247,0,48,0,202,206,0,179,255
151,21,142,52,255,92,150,96,141,212,136,141,132,255,118,110,108,118,84,69,23,247,8,98,183,223,129,158,88,24,217,153,161,92,96,188,99,109,108,113,255,98,25,148,64,202,162,134,28,237,142,10,39,204,168,200,119,0,170,192,207,0,101,150,157,7,114,88,118,30,169,137,255,214,105,0,123,243,122,139,0,196,209,115,124,129,212,227,117,0,92,226,147,255,86,217,143,0,145,182,255,5,123,67,0,255,114,47,141,255,237,191,0,0,255,14,211,207,41,255,72,29,0,83,253,28,159,255
152,11,149,64,231,75,100,93,164,189,141,85,125,209,107,62,98,73,109,103,69,149,23,135,155,220,193,120,143,66,219,141,166,97,71,141,128,81,126,72,213,137,9,92,92,203,173,92,9,151,119,48,77,114,115,55,114,0,183,244,142,1,73,145,183,104,134,48,109,62,189,163,184,185,89,130,132,253,90,68,0,105,209,29,97,127,80,173,101,54,238,215,110,252,36,255,74,0,59,255,137,6,107,73,60,255,191,0,241,255,218,246,0,53,223,0,160,203,26,177,171,58,0,8,186,32,159,255
150,13,150,47,232,75,117,87,165,207,130,134,110,248,131,86,105,89,98,85,80,195,3,108,142,226,173,168,138,21,180,112,167,49,37,157,111,101,126,49,249,118,0,105,135,207,187,162,0,211,157,47,45,163,179,73,110,0,146,255,153,0,53,115,181,57,114,36,165,0,203,157,197,160,101,128,117,255,157,60,0,142,186,42,165,162,126,221,37,0,207,255,96,255,65,226,62,23,147,255,193,0,77,12,27,255,176,3,121,255,85,174,0,1,255,33,187,137,0,188,109,4,0,67,111,3,246,255
152,21,133,50,255,108,143,63,103,237,169,128,73,255,179,101,30,128,112,152,13,190,0,94,224,251,83,104,125,0,244,199,81,136,69,185,140,144,55,40,244,63,0,119,216,198,175,121,105,207,197,0,126,122,230,116,126,0,207,123,163,54,163,138,213,8,121,151,176,27,145,162,238,255,0,45,70,255,75,242,0,128,113,122,127,58,255,255,255,62,53,255,19,249,170,145,98,0,206,163,255,121,144,76,0,181,198,0,255,255,232,152,7,0,165,24,255,255,17,141,248,63,0,0,0,143,86,255
150,14,133,55,242,80,126,83,131,200,146,134,114,255,119,78,92,108,98,89,42,199,16,84,166,255,131,102,131,16,173,184,132,52,73,123,129,111,61,75,243,107,37,128,60,150,128,112,0,255,181,28,57,86,216,101,108,0,105,151,148,0,94,154,212,37,79,83,55,60,223,90,255,182,139,8,0,255,124,183,0,143,172,120,206,134,255,255,106,0,28,255,95,255,55,243,107,0,245,207,255,117,39,0,0,255,255,95,125,255,197,255,0,30,204,0,94,96,0,255,31,121,51,100,188,85,185,255
150,9,136,64,230,80,96,81,153,204,169,96,115,255,129,53,92,75,114,113,75,144,0,121,197,239,163,97,137,15,198,182,150,71,38,147,164,103,74,43,255,88,0,107,172,209,185,116,0,183,182,0,76,67,177,60,104,0,228,184,108,0,64,106,181,94,120,74,55,56,204,173,161,252,51,97,123,255,54,83,0,98,154,19,140,161,181,239,148,34,255,223,0,255,83,211,57,0,126,251,249,98,49,104,0,255,255,40,238,255,204,255,0,78,234,0,225,202,53,219,225,0,39,0,70,98,147,255
152,19,133,64,238,75,116,89,138,202,167,110,140,255,96,56,132,87,89,80,50,251,26,102,164,225,155,123,88,57,178,168,140,57,98,144,163,105,108,108,255,66,25,115,80,188,192,110,0,196,170,0,60,104,174,149,131,0,187,162,168,0,72,134,163,65,133,32,5,68,174,135,255,207,78,34,84,255,97,188,10,178,139,52,181,138,206,220,105,0,121,234,99,238,109,201,146,0,175,172,255,27,76,10,0,255,202,34,195,255,252,193,0,49,191,3,227,213,112,250,65,63,88,55,153,108,118,255
150,14,141,55,241,72,103,87,148,192,156,119,106,236,131,66,102,71,90,69,59,196,14,106,137,241,195,139,115,17,182,161,169,57,76,152,143,110,92,70,251,118,0,93,74,215,218,127,0,176,133,49,64,114,151,84,107,0,172,242,138,0,83,160,172,57,131,32,83,4,219,177,209,158,96,117,88,233,76,64,0,163,188,0,143,122,113,190,74,46,143,204,60,255,71,255,77,0,100,255,250,18,58,34,25,255,196,61,147,255,181,159,0,35,255,15,204,164,0,193,105,23,19,148,104,36,135,255
149,20,153,51,255,93,140,107,148,218,136,146,114,236,178,138,67,142,96,91,30,209,0,100,155,203,168,188,127,9,188,134,182,95,109,214,132,94,92,98,236,117,0,154,72,211,191,148,59,217,142,27,73,221,125,153,109,0,255,255,246,20,38,174,118,67,196,68,225,0,178,188,216,204,94,47,207,242,89,58,0,122,206,43,100,140,87,216,103,27,202,200,111,255,21,211,16,0,95,213,255,0,188,136,0,255,82,12,106,255,183,128,86,0,255,50,234,158,0,189,146,0,0,135,190,0,129,255
149,16,154,32,251,72,115,83,148,197,100,132,96,243,151,115,69,125,75,44,37,168,29,63,121,255,192,165,147,0,147,125,229,14,72,135,103,53,111,123,209,155,0,175,0,225,166,107,0,255,142,87,48,214,185,113,54,0,106,255,158,0,80,206,156,61,130,79,154,0,255,127,255,140,192,18,32,219,162,117,0,171,185,36,209,104,202,234,0,6,9,204,153,255,65,255,79,0,147,213,143,33,2,0,51,255,123,83,0,255,149,189,0,0,196,72,157,116,0,255,22,91,0,203,206,5,190,255
149,16,163,44,245,73,125,96,154,196,126,111,97,221,156,145,101,141,120,100,65,165,2,132,110,185,236,227,153,0,182,49,225,83,61,178,120,24,190,80,194,128,0,145,93,255,155,112,95,237,194,105,38,164,67,60,85,0,215,255,79,50,46,156,136,122,179,134,255,0,253,209,152,136,120,182,229,213,56,0,0,189,160,32,122,187,9,170,94,235,255,191,97,255,0,255,0,0,154,242,64,0,71,253,82,216,87,0,189,255,153,255,16,58,255,0,172,219,0,227,19,0,3,162,148,0,100,255
151,21,163,51,252,102,128,105,145,226,126,169,99,230,182,134,67,150,131,87,59,216,0,96,86,198,188,255,129,61,195,86,180,125,56,204,151,136,148,70,187,156,0,158,78,217,231,201,110,161,177,66,82,198,108,124,132,7,214,255,255,38,78,211,130,95,212,86,228,0,173,249,201,183,122,75,145,201,98,84,0,109,209,47,73,141,70,193,100,110,233,173,130,255,0,255,0,0,112,255,240,0,200,94,23,255,76,22,132,255,226,167,144,0,255,145,255,244,0,185,117,0,0,113,169,0,82,255
150,20,155,45,246,87,114,94,134,202,110,148,92,200,160,121,95,152,120,81,56,219,0,83,98,225,198,237,111,48,205,70,174,99,42,166,161,105,77,51,198,179,7,142,57,228,196,170,47,183,174,105,104,146,160,82,153,0,135,255,180,40,62,254,203,110,192,104,183,0,203,218,225,128,129,64,99,186,134,111,0,131,219,38,78,93,134,223,133,195,157,185,70,248,15,255,0,0,145,255,166,0,107,77,0,255,109,60,69,255,255,255,96,17,254,75,216,239,0,252,48,43,0,149,236,0,97,255
149,16,154,55,236,63,101,97,150,184,143,55,131,203,144,90,91,132,136,133,66,119,7,129,144,169,255,168,167,0,169,80,232,75,47,140,129,0,173,123,167,127,0,124,87,244,92,99,61,255,255,75,45,106,91,40,48,0,221,255,37,52,1,206,146,196,227,149,150,0,255,172,147,142,41,169,197,255,0,68,0,176,109,0,152,241,47,157,112,255,178,222,93,255,0,224,0,0,223,157,78,0,98,238,82,255,151,0,165,255,204,255,0,106,255,0,215,219,0,127,0,0,68,140,72,20,97,255
154,15,155,60,222,72,73,96,163,183,146,65,132,193,169,48,78,133,118,127,45,137,64,158,129,186,255,131,113,88,133,141,199,88,41,100,197,57,69,143,123,130,20,178,19,179,156,112,39,181,184,47,56,90,108,29,52,20,159,224,164,51,18,234,158,207,246,52,50,25,238,116,255,152,21,191,138,207,63,133,110,176,164,0,173,172,121,143,49,122,60,139,222,210,1,255,0,0,140,214,138,18,255,44,108,255,90,38,104,255,235,211,132,98,175,68,197,251,0,27,101,0,0,116,128,59,218,255
153,17,145,92,252,88,107,95,126,196,186,55,120,164,119,69,15,98,184,173,30,164,39,88,94,143,165,74,149,71,154,189,164,128,77,150,86,64,133,139,80,239,26,151,42,116,159,90,120,241,148,72,170,98,106,142,88,0,181,255,183,5,156,244,142,48,147,68,165,147,227,166,250,168,157,92,0,153,0,85,116,136,171,0,71,122,164,180,223,164,113,238,108,157,133,155,104,97,187,217,255,0,239,10,33,195,238,255,120,227,255,124,79,31,182,145,207,127,70,106,59,90,90,5,153,241,11,255
152,28,121,51,255,89,139,64,108,169,124,42,160,150,0,78,143,107,184,132,8,239,0,63,194,128,99,160,98,8,255,155,53,172,115,213,92,60,144,199,180,120,9,56,52,229,25,139,177,255,52,144,95,230,0,226,103,0,163,255,156,8,117,153,174,42,103,164,206,34,117,171,255,215,160,34,55,0,0,140,53,255,225,33,0,83,153,232,255,152,0,255,217,194,206,113,101,0,91,51,255,0,57,172,0,255,208,59,255,255,255,229,0,0,219,154,213,255,138,255,55,198,0,135,255,0,0,255
151,31,137,45,255,108,155,87,123,212,117,106,138,238,82,109,105,145,154,106,20,255,17,75,167,151,121,255,46,9,255,135,111,164,54,196,69,62,207,127,244,89,0,140,69,214,96,151,156,255,222,116,121,235,134,223,206,0,125,255,249,6,84,158,251,22,151,194,171,84,198,169,255,255,73,37,46,102,144,194,0,243,190,136,18,40,254,247,205,25,49,255,230,204,177,168,87,0,153,64,255,0,131,152,0,255,148,31,194,139,255,69,0,0,255,84,255,255,104,255,0,199,0,160,255,0,38,255
151,34,144,48,255,102,153,93,124,214,126,94,112,252,129,97,65,173,140,105,0,246,36,76,159,190,109,244,53,24,255,162,120,119,47,179,114,69,154,141,195,90,0,147,48,166,85,123,120,255,241,107,128,192,155,236,198,0,158,255,230,35,118,196,226,52,167,201,91,93,149,177,255,210,101,41,50,150,170,243,0,207,172,140,22,2,255,255,181,92,0,255,214,209,203,188,0,0,221,74,238,0,100,143,0,255,151,14,175,233,255,171,0,0,196,109,196,255,38,255,56,172,0,160,255,100,77,255
154,32,139,68,255,78,134,93,143,217,148,30,157,178,151,83,89,176,147,146,18,255,99,145,202,101,191,230,0,64,196,168,47,162,99,164,125,11,58,192,179,131,74,196,0,136,121,108,63,223,186,84,127,106,79,204,199,0,106,144,223,41,26,229,120,136,121,149,187,108,113,118,255,154,121,127,147,98,224,199,93,255,255,133,54,79,251,195,198,1,32,255,255,106,98,117,0,0,224,122,255,0,213,153,0,236,76,150,112,100,255,93,0,4,197,0,114,159,101,203,90,51,0,169,255,207,34,255
149,31,135,41,255,100,156,94,121,230,152,101,147,241,142,91,68,156,132,116,10,255,56,115,198,154,142,214,15,0,233,211,84,164,37,177,84,25,84,138,241,95,12,173,14,177,29,127,141,255,248,58,105,175,118,233,196,0,110,198,236,47,25,184,189,28,156,210,169,84,169,86,255,224,109,24,76,158,223,255,0,246,227,98,40,55,255,238,154,0,0,255,255,174,185,198,58,0,255,108,255,0,117,160,0,255,191,117,156,122,255,138,0,0,255,0,154,255,121,255,108,113,0,136,255,119,34,255
151,33,130,48,255,103,137,78,105,223,170,84,115,216,154,90,17,160,165,154,0,255,43,105,216,118,124,212,40,0,238,199,51,174,47,182,104,36,112,97,249,95,3,152,69,215,79,83,146,255,255,87,135,188,116,191,213,0,151,239,239,135,43,205,223,26,223,209,192,71,128,177,255,254,101,48,39,106,192,255,0,195,159,98,25,0,255,204,160,67,0,255,243,192,255,176,67,0,237,89,187,0,35,96,0,162,209,129,210,96,255,80,0,0,188,0,146,255,47,255,132,175,15,109,255,110,0,255
153,30,127,41,255,104,141,66,117,219,175,65,118,203,162,80,7,158,182,197,7,233,22,113,201,112,142,185,57,0,206,207,40,187,38,174,135,56,89,120,232,109,0,164,65,182,73,108,177,255,244,66,99,176,125,178,161,0,195,203,255,185,77,230,163,75,175,186,176,4,116,166,255,238,119,107,69,96,144,239,0,255,196,54,41,56,243,151,129,118,0,255,255,224,255,139,0,0,208,114,255,0,121,93,0,255,255,109,116,194,255,140,0,0,177,0,118,255,7,186,215,0,0,89,196,141,25,255
150,27,123,54,255,76,152,73,107,219,168,79,124,235,127,96,59,154,202,104,11,255,33,60,111,170,122,225,5,48,212,197,68,128,62,158,193,52,131,181,178,64,19,127,27,170,47,165,176,255,255,112,72,96,94,190,190,0,218,170,214,134,111,242,194,64,255,174,123,0,150,156,255,191,130,109,18,212,52,255,27,255,178,82,72,64,228,178,111,124,99,255,255,235,255,170,0,0,204,76,255,0,131,32,0,124,255,0,196,185,255,222,0,28,255,36,180,255,107,152,188,118,191,229,255,26,0,255
151,30,113,30,255,89,141,61,85,233,193,16,94,196,92,87,55,151,235,124,70,255,0,74,101,158,154,255,90,36,149,224,0,158,87,201,172,57,68,181,183,64,0,186,123,242,49,133,246,255,255,94,190,94,91,152,209,0,213,216,189,233,44,255,165,40,255,124,105,0,112,232,255,161,69,116,0,107,54,255,0,255,98,7,34,0,228,187,201,128,0,255,255,223,255,176,0,0,134,61,203,0,43,0,0,87,221,165,255,255,255,125,0,0,114,16,255,255,155,116,237,161,121,208,255,0,0,255
153,34,140,40,255,93,134,72,104,217,162,51,115,182,150,99,0,171,198,132,40,255,68,102,108,96,208,255,60,37,192,185,77,152,56,199,173,38,107,178,156,111,0,224,70,205,73,97,224,255,255,139,119,200,49,147,203,0,212,255,255,178,50,255,148,111,255,130,120,0,133,205,255,200,77,116,67,126,97,249,0,228,136,10,42,26,171,186,81,118,0,225,255,255,198,214,0,0,129,103,197,0,101,43,0,226,167,107,140,255,255,98,0,0,194,2,231,255,4,178,99,83,28,149,255,0,0,255
148,29,102,10,255,85,137,31,78,206,200,0,65,146,44,88,0,163,245,137,20,238,0,0,137,111,116,252,148,33,157,216,0,166,111,226,238,83,164,209,191,24,0,162,33,255,18,142,255,255,243,176,164,154,0,185,223,0,242,255,248,217,42,255,211,85,255,102,69,0,81,255,255,238,77,164,0,9,0,255,0,255,96,0,25,0,255,175,255,167,0,255,255,255,255,229,42,0,0,0,156,0,59,0,0,119,153,187,255,255,255,99,0,0,27,88,255,255,237,136,198,255,0,255,255,0,0,255
150,24,100,20,255,95,144,34,86,209,195,0,93,191,10,98,99,155,255,176,50,222,0,55,141,116,84,206,151,20,144,219,0,170,89,170,230,97,126,204,166,69,0,115,115,240,19,171,255,255,163,111,196,89,21,145,115,0,209,188,186,139,120,255,175,76,233,149,144,0,65,255,165,176,134,126,0,46,0,255,0,255,88,0,0,0,199,255,255,250,0,255,255,186,255,156,0,0,150,12,255,0,144,0,0,162,233,246,255,255,255,255,0,0,22,64,207,255,255,0,255,148,0,247,255,0,0,255
149,27,105,27,255,78,142,52,77,210,190,2,96,185,33,104,83,158,244,122,52,255,0,43,84,130,104,222,68,65,166,194,0,168,107,171,213,52,149,239,161,59,0,148,75,221,28,200,246,255,229,139,179,87,65,148,216,0,215,185,171,162,94,254,174,99,255,121,121,0,134,255,255,154,96,175,0,100,0,255,0,255,111,0,41,0,212,224,221,190,16,255,255,240,255,200,0,0,114,0,255,17,99,0,0,17,255,178,255,255,255,191,0,6,118,87,255,255,255,32,184,255,119,255,255,0,0,255
151,26,123,43,255,90,136,79,131,183,152,39,152,178,49,83,106,163,213,163,29,210,3,71,151,60,167,215,89,15,205,157,92,123,57,139,209,62,130,172,149,130,0,101,10,122,15,138,181,255,255,130,113,173,120,164,198,0,170,255,255,105,54,244,171,127,204,166,72,15,160,246,255,153,138,121,9,53,34,222,61,207,163,9,0,130,182,244,112,153,26,255,255,245,143,240,0,0,230,105,255,0,133,55,0,255,255,148,70,255,255,255,0,40,214,73,90,171,179,103,38,44,0,173,255,0,0,255
152,21,125,71,244,64,111,85,138,180,143,75,146,215,26,45,136,86,191,99,50,211,45,79,65,186,155,198,96,101,253,135,108,51,44,128,96,87,124,112,160,178,22,84,122,151,59,95,125,245,186,132,0,78,192,131,159,0,98,255,155,42,132,110,95,30,74,85,98,177,205,170,255,132,231,171,16,149,90,185,10,183,192,55,56,190,227,203,33,110,50,147,222,235,200,255,0,0,255,169,145,71,0,90,37,223,255,17,127,255,185,255,0,111,255,63,166,118,96,205,15,111,66,68,203,94,0,255
151,17,138,48,235,69,123,81,136,194,127,109,114,212,96,93,99,86,98,90,22,183,4,68,123,218,154,148,120,22,238,114,152,32,48,148,98,17,169,121,255,134,0,85,102,234,117,49,107,233,209,85,1,117,203,24,103,0,144,223,115,86,66,47,104,106,58,96,139,27,214,208,255,222,163,199,71,227,105,73,0,147,210,53,183,145,193,209,63,147,224,207,68,235,103,255,16,0,207,181,145,15,0,188,0,227,254,0,148,255,108,255,0,77,255,20,207,194,52,228,27,12,96,134,42,51,0,255
149,13,127,45,255,79,153,72,125,206,144,102,96,255,158,125,34,139,68,162,0,160,0,69,226,230,96,24,110,0,206,200,120,81,133,196,130,64,32,141,255,40,0,143,109,183,147,82,109,255,110,0,83,160,251,128,40,0,176,91,137,34,50,75,133,61,58,140,167,0,211,67,255,255,143,73,151,255,93,194,0,154,157,118,194,75,255,218,174,0,6,255,75,143,109,187,152,0,194,86,255,42,157,91,0,255,213,0,209,212,199,151,0,44,181,0,255,114,86,179,115,97,0,123,0,140,0,255
148,17,147,48,255,73,144,90,150,198,110,109,123,220,121,111,113,104,55,64,8,174,12,115,174,225,117,106,123,0,229,160,166,65,94,245,51,41,88,127,255,103,0,137,141,255,146,86,30,255,40,44,25,209,117,115,57,0,191,212,141,32,27,43,127,36,0,152,162,0,232,48,223,255,152,110,229,204,179,22,0,170,255,73,185,90,174,234,94,0,118,241,91,175,79,255,81,0,69,206,238,0,32,255,0,255,213,0,138,205,133,165,0,4,255,0,177,127,0,255,140,0,0,208,77,0,61,255
150,12,162,42,234,70,82,91,163,165,67,125,126,177,120,118,125,72,103,65,56,184,0,70,94,201,255,216,149,43,228,30,202,63,8,173,65,40,163,54,209,157,20,61,70,255,141,97,22,198,206,151,0,148,49,19,137,0,85,255,84,134,107,140,137,137,21,75,210,0,255,93,208,152,210,188,182,207,188,109,0,239,255,42,214,177,42,70,72,158,255,203,122,130,73,255,0,120,164,255,51,0,54,123,30,255,175,0,37,204,166,255,0,0,255,44,255,255,0,226,174,52,0,146,76,0,21,255
147,18,152,39,255,59,134,87,140,158,68,102,134,183,65,106,134,71,36,0,0,231,70,53,109,255,39,76,148,98,230,106,172,70,143,239,8,64,20,141,255,161,22,176,9,255,116,0,0,255,0,83,10,255,65,202,44,0,136,231,108,10,72,85,139,0,0,111,255,0,158,14,255,221,255,0,136,35,255,59,0,205,255,82,251,18,255,255,26,0,131,152,88,47,189,255,123,59,0,255,97,0,0,193,0,255,255,78,56,255,169,255,0,0,186,231,172,142,0,255,123,224,0,176,255,0,147,255
147,18,130,35,255,91,119,76,106,223,142,95,52,244,190,118,14,137,101,157,5,153,0,80,205,234,132,106,103,0,236,206,116,111,54,207,119,49,20,41,246,99,0,129,184,255,124,103,68,214,129,0,199,154,249,51,123,0,205,162,144,105,59,171,196,85,175,153,156,0,202,171,206,255,91,111,116,255,182,232,0,100,165,0,65,0,247,255,206,163,22,255,14,153,250,213,33,0,194,151,215,25,84,129,0,243,248,0,178,255,255,137,23,0,189,0,255,255,0,167,255,133,0,139,0,136,0,255
147,20,139,49,255,71,117,89,144,214,133,98,96,240,147,106,77,112,67,99,0,220,15,99,151,210,146,135,78,0,229,165,146,107,92,188,67,41,110,154,255,76,0,80,108,255,223,139,49,235,124,84,66,163,166,149,154,0,112,188,150,84,64,80,133,65,43,97,140,0,240,112,255,206,179,192,148,249,184,146,0,164,236,48,182,23,160,207,119,41,123,255,75,126,140,219,55,0,140,126,230,0,100,176,0,255,198,0,116,222,164,89,13,3,255,49,255,187,35,207,110,123,0,186,62,129,79,255
151,18,161,60,255,72,91,113,145,184,64,137,134,158,96,101,142,97,31,34,23,210,24,49,101,244,130,97,129,52,255,81,167,129,105,227,24,86,91,79,165,183,57,0,46,255,162,47,0,175,0,121,12,221,0,140,126,0,110,197,146,136,142,192,118,63,0,76,138,10,225,26,255,149,255,68,102,106,243,177,0,197,255,50,255,71,205,106,151,59,198,177,13,0,116,255,74,131,45,255,174,0,112,101,0,255,255,28,0,255,224,234,33,0,255,198,108,217,0,255,123,218,0,177,139,0,42,255
150,25,163,66,255,59,126,112,150,188,98,117,124,179,62,107,129,121,67,47,0,206,91,90,100,255,77,90,174,84,246,132,153,106,95,255,59,43,101,190,156,188,0,81,102,255,91,57,17,255,0,75,83,255,53,145,96,0,137,244,173,14,2,158,128,68,0,109,213,0,208,87,255,136,255,72,128,78,192,84,0,75,255,92,165,5,216,255,81,43,82,122,59,83,46,255,63,0,68,255,170,0,39,255,23,255,255,96,102,255,233,245,0,0,255,151,45,0,19,255,162,189,0,140,255,78,33,255
148,21,135,43,255,93,145,85,132,215,141,109,114,252,178,119,49,136,78,115,0,208,0,89,198,202,153,140,61,0,210,193,125,127,133,207,113,80,84,140,239,55,0,168,93,207,177,136,115,254,120,10,98,202,148,184,71,0,232,209,195,38,80,156,118,31,112,148,190,0,173,128,255,255,125,98,191,184,120,185,0,225,174,32,142,100,191,221,167,45,9,255,72,192,180,151,36,0,158,105,255,0,171,161,0,255,122,0,186,255,229,75,68,0,249,40,255,239,0,178,155,0,0,158,9,78,31,255
150,21,135,56,255,102,153,88,118,218,143,123,100,255,180,130,41,140,93,146,0,223,0,68,219,201,132,135,63,0,223,185,108,145,128,203,136,101,151,100,216,32,0,179,62,170,196,143,133,239,177,0,138,195,125,209,65,0,220,199,171,0,159,199,195,2,149,184,169,0,164,161,255,250,127,52,146,233,79,219,0,249,111,113,83,104,233,222,253,48,14,255,83,220,175,52,130,0,190,72,255,53,255,81,0,255,90,0,234,201,255,70,13,0,220,47,255,255,0,171,140,100,0,99,63,64,90,255
149,18,140,57,255,84,110,86,133,215,158,117,91,242,195,102,36,126,106,134,0,194,13,61,190,222,173,122,132,0,196,187,119,95,80,197,175,42,108,107,214,46,0,118,77,188,199,146,76,226,218,8,59,137,132,126,76,0,184,165,157,49,75,157,126,111,142,129,105,14,213,161,255,233,108,117,102,255,43,163,0,120,110,0,138,151,215,240,157,116,108,255,53,152,169,97,0,0,191,130,255,7,236,90,0,255,172,0,90,255,255,121,0,0,255,86,255,255,0,147,125,61,0,124,0,189,121,255
150,17,139,60,246,89,116,81,147,205,147,93,104,241,160,85,51,133,109,141,0,179,18,116,207,206,164,104,109,1,198,199,128,87,75,141,156,71,110,83,202,37,0,171,89,161,176,103,64,255,208,28,44,115,135,131,86,0,170,181,134,42,97,147,174,78,113,159,85,40,208,158,255,240,118,109,106,255,66,152,0,138,112,77,133,142,238,255,174,63,120,246,39,182,131,144,0,0,189,155,255,87,165,95,0,255,146,5,166,255,255,188,0,15,250,52,213,241,0,235,131,59,0,85,19,179,187,255
152,18,146,58,244,96,106,101,154,201,142,91,138,195,120,81,111,138,115,141,37,201,55,142,162,137,218,135,76,30,174,157,145,123,84,110,135,66,134,131,153,94,0,135,15,116,156,145,68,205,189,92,69,137,117,123,116,0,126,241,198,57,83,236,112,127,171,103,103,102,237,135,255,145,122,197,64,190,63,155,42,113,150,13,67,132,112,206,114,114,79,200,169,131,66,232,0,0,211,203,255,1,255,49,62,255,133,65,147,255,255,156,137,15,228,60,183,219,0,114,0,50,0,72,83,33,116,255
153,15,144,64,236,88,99,87,136,209,155,102,109,220,169,72,66,112,113,133,15,190,47,105,169,218,174,98,123,15,181,186,133,110,72,135,161,59,113,78,209,62,12,128,91,147,177,122,35,179,199,38,94,105,122,88,104,0,164,162,154,44,83,199,169,146,172,104,67,83,205,162,255,241,73,168,76,255,57,153,0,50,115,2,81,132,163,236,162,130,191,222,42,148,109,170,7,0,129,220,255,115,247,23,0,255,178,0,140,255,255,128,29,20,240,54,216,255,0,79,166,114,0,94,21,128,186,255
154,13,158,57,230,86,85,105,174,195,125,62,137,205,143,76,106,134,122,163,60,129,49,164,158,163,255,161,144,28,159,104,198,102,32,112,130,33,158,118,143,75,0,172,47,204,111,138,34,239,229,85,64,115,88,69,81,0,165,255,76,74,42,211,159,207,204,100,140,59,255,160,229,157,74,192,164,213,31,148,0,144,103,0,100,204,77,110,138,155,171,223,145,123,20,199,0,0,174,213,75,24,232,92,65,255,49,3,233,255,209,222,24,44,255,23,210,255,0,115,135,75,0,67,168,44,188,255
158,23,156,104,236,58,101,129,161,207,154,32,142,218,107,36,113,124,105,129,34,162,111,136,96,200,218,123,124,115,183,171,136,152,144,122,127,101,157,141,174,118,51,118,132,141,57,81,0,150,151,145,132,96,119,118,125,54,171,229,139,55,0,210,121,187,159,150,71,100,161,109,207,169,92,155,204,255,9,207,103,109,157,83,122,132,85,182,102,136,148,152,91,201,158,151,0,0,63,183,196,0,186,109,81,255,185,52,191,255,204,106,29,33,169,31,88,137,0,61,170,47,0,191,146,84,152,255
153,9,137,106,215,55,89,100,134,180,164,48,168,159,116,32,106,114,183,135,88,176,109,129,107,175,183,119,92,129,158,188,125,125,95,85,169,67,51,70,71,225,31,169,74,78,97,75,120,161,144,69,80,45,70,114,87,18,82,237,138,3,72,254,43,38,169,113,123,137,124,102,255,139,41,123,108,226,42,152,143,155,199,43,61,140,145,225,169,54,90,151,93,157,0,138,135,64,124,88,255,83,255,68,137,185,242,113,87,255,255,246,123,148,202,0,245,161,47,26,84,128,70,95,176,87,107,255
150,22,153,57,255,87,143,117,165,212,90,107,202,162,0,71,207,145,169,143,94,255,72,151,161,46,186,240,94,134,188,102,61,117,38,233,57,85,150,78,136,171,10,180,14,123,95,69,154,175,145,44,140,143,17,68,227,0,79,255,190,121,109,131,49,61,178,134,179,53,190,69,169,201,211,52,65,103,94,238,25,173,255,168,0,142,163,255,255,41,75,228,162,135,9,182,2,171,241,232,97,0,255,236,0,255,255,188,179,255,255,255,140,134,255,0,255,255,0,255,152,2,0,0,227,0,0,255
148,24,133,50,255,91,154,100,150,194,108,63,204,187,0,59,240,65,185,104,84,255,88,143,165,56,246,255,51,66,157,99,52,124,101,186,69,125,82,86,242,139,0,234,104,226,71,54,117,223,201,80,143,176,65,76,171,0,160,255,180,117,90,89,145,0,182,186,255,0,253,30,160,216,151,0,126,0,53,71,0,255,255,236,5,141,93,204,255,0,50,255,141,174,53,99,52,65,0,226,255,88,81,255,0,255,222,255,150,255,255,255,0,110,255,97,255,255,0,255,199,0,0,109,255,0,31,255
149,26,135,60,255,105,127,117,139,196,161,72,210,159,84,44,144,107,172,165,39,255,116,202,170,0,255,188,34,48,197,125,90,225,108,127,147,112,69,95,171,227,0,231,156,212,47,144,101,195,199,94,82,192,38,66,179,0,120,255,255,78,21,215,162,45,204,222,255,0,144,137,182,229,126,47,141,0,142,137,0,210,255,61,19,118,85,206,115,19,9,255,157,255,1,194,0,0,178,244,255,0,115,255,0,255,175,254,210,255,255,205,78,51,255,57,80,249,8,255,110,0,0,88,255,0,7,255
151,32,137,60,255,92,127,99,135,186,145,40,213,144,0,43,214,127,187,161,32,255,74,153,206,0,215,197,57,29,200,102,97,176,88,126,122,109,83,138,171,201,18,119,78,186,33,142,112,242,169,139,144,255,19,221,214,0,70,255,198,34,31,216,130,148,183,213,238,48,148,161,185,129,175,0,103,0,94,192,2,248,209,72,0,102,104,242,255,71,32,255,201,179,50,157,0,0,160,200,255,0,37,255,0,255,171,255,237,255,255,255,65,0,255,136,85,211,153,255,10,77,0,51,255,0,45,255
150,25,119,58,255,87,112,92,114,191,178,20,160,114,96,46,38,102,211,171,53,255,82,128,134,18,233,156,48,60,181,193,18,188,123,209,210,67,0,158,183,211,0,181,178,255,73,86,174,207,221,95,82,149,62,82,162,5,148,247,220,108,0,255,165,84,223,126,193,0,103,199,159,198,106,48,88,0,103,152,0,236,221,1,12,73,166,174,153,49,28,255,194,255,55,150,0,0,96,216,255,16,26,129,0,255,230,236,237,255,255,182,12,0,208,18,143,255,84,255,215,0,0,102,255,0,44,255
154,25,130,58,254,74,122,75,121,212,213,51,144,171,185,46,21,110,203,159,76,255,124,153,86,78,229,208,71,101,146,203,44,181,92,203,184,90,0,143,155,181,3,216,183,235,75,104,188,234,220,43,56,130,120,45,162,13,155,192,252,97,0,255,106,80,156,75,149,0,91,165,214,179,74,87,175,62,153,220,0,212,255,28,26,123,136,79,96,39,0,202,209,255,61,255,83,0,170,255,247,0,85,53,0,255,215,210,141,255,225,120,47,59,138,0,72,192,22,175,168,0,0,78,185,63,102,255
152,26,123,37,255,92,108,70,97,202,192,0,135,110,132,43,3,112,201,173,77,235,42,120,150,20,210,193,110,29,144,194,18,181,111,249,210,26,14,174,202,172,0,208,150,255,86,85,224,202,230,96,122,179,105,83,190,10,173,235,229,129,0,255,127,132,206,96,121,0,83,255,191,183,58,115,99,0,71,201,0,214,193,0,0,77,151,175,131,159,52,198,195,255,83,255,0,0,110,245,167,0,0,71,0,255,223,255,201,255,233,221,3,0,96,34,171,255,79,161,225,0,0,37,182,0,80,255
151,33,141,49,255,91,115,63,101,202,144,59,69,219,139,85,5,132,229,94,34,172,0,44,105,195,160,255,110,47,246,156,114,118,0,230,149,46,165,98,164,170,0,213,109,255,109,42,166,222,255,87,103,185,151,109,191,0,220,255,195,19,119,226,223,63,255,120,133,68,141,220,255,255,10,4,70,130,92,160,0,255,165,61,0,51,224,255,147,103,69,237,231,255,240,255,123,0,94,89,132,73,0,115,0,163,210,69,122,226,255,182,0,0,116,155,255,255,0,242,121,14,141,145,255,7,0,255
152,32,138,36,255,104,130,52,106,232,147,53,72,209,142,113,0,170,208,141,41,198,0,74,114,152,175,255,99,21,212,191,72,132,8,237,161,57,172,148,154,69,0,202,100,215,123,123,255,255,255,145,119,166,99,159,190,0,239,255,253,154,104,255,164,78,206,131,121,0,164,235,255,218,52,126,41,191,51,231,0,203,131,31,29,33,223,219,160,161,58,255,231,255,250,191,0,0,123,50,205,0,88,53,0,207,176,46,140,255,255,110,0,0,188,42,255,255,2,119,156,57,40,127,171,15,0,255
160,27,142,86,232,23,89,42,117,175,109,0,96,145,128,126,53,159,255,76,0,139,26,52,148,153,167,232,150,139,255,203,94,54,4,249,200,81,150,157,112,88,92,183,101,179,224,43,165,255,136,78,108,160,55,154,255,47,255,252,132,214,19,232,81,176,152,91,71,79,124,216,140,169,176,169,119,152,63,137,195,178,144,0,24,15,234,255,240,15,245,222,255,255,123,128,219,0,0,123,186,102,46,0,28,41,171,44,84,220,173,208,118,39,175,212,216,134,0,93,106,113,187,93,192,232,0,255
156,29,130,52,249,58,76,49,80,167,192,0,87,104,110,33,2,108,226,159,36,158,45,55,132,59,173,176,190,70,100,164,63,92,89,255,226,0,85,183,142,118,0,194,77,255,137,16,132,219,181,95,164,195,96,80,231,3,151,156,144,98,6,252,127,255,159,0,23,0,76,255,212,161,34,163,115,0,75,206,33,242,110,7,0,47,115,233,153,143,50,169,202,235,140,255,125,0,41,176,25,0,0,0,44,181,194,185,80,255,221,220,74,95,0,116,255,255,99,135,129,120,29,55,62,1,24,255
158,27,144,99,223,5,62,34,102,200,114,8,117,118,116,74,59,140,255,91,13,116,34,58,139,190,124,153,154,124,234,200,79,75,48,255,149,20,78,150,14,94,62,220,157,204,141,89,149,255,38,113,62,212,101,173,198,18,138,175,125,158,51,175,41,182,120,112,227,0,132,146,242,59,201,229,174,107,17,94,238,199,144,32,0,82,178,254,215,75,231,67,255,151,175,103,73,0,0,184,115,75,65,0,82,178,255,0,32,255,220,214,111,53,223,219,178,81,0,147,253,202,100,8,131,239,0,255
152,23,139,62,247,67,86,39,96,201,172,0,119,98,108,49,4,128,255,153,33,128,0,77,123,114,126,169,148,114,145,157,82,111,51,251,255,18,66,191,101,181,20,216,74,188,132,89,229,255,234,108,35,191,103,180,194,41,174,180,185,128,0,241,80,209,141,34,203,0,103,191,165,161,82,92,111,101,16,97,113,156,183,1,11,137,184,176,192,184,186,90,210,214,135,202,0,0,24,235,82,24,81,0,32,237,255,121,104,255,255,255,54,84,83,115,255,187,98,237,155,0,0,0,124,23,15,255
154,30,127,40,255,103,127,76,104,217,186,34,136,130,118,63,15,127,204,172,66,255,86,144,145,26,194,178,57,36,172,193,0,215,107,201,157,81,25,163,206,178,0,207,199,242,78,104,223,217,240,107,111,191,88,108,176,33,170,255,255,206,0,255,135,109,220,135,180,0,114,251,188,184,99,104,69,0,107,222,0,227,185,22,45,42,156,109,124,97,0,215,255,255,136,190,0,0,62,255,168,2,34,69,0,255,218,255,224,255,255,148,0,0,175,4,106,255,0,225,229,0,0,63,244,0,120,255
151,15,143,59,255,101,117,85,144,211,131,104,165,111,126,66,20,96,194,196,39,255,63,191,145,35,223,194,73,96,244,137,21,245,8,151,149,130,96,74,143,255,41,255,240,187,134,149,235,167,178,89,4,150,51,8,151,89,70,206,255,85,49,235,176,0,83,150,255,38,112,145,139,255,121,109,110,98,199,85,0,177,255,38,34,227,154,144,29,0,23,249,181,243,44,248,0,26,250,255,255,1,163,228,31,255,213,41,173,168,255,174,159,55,246,2,131,232,0,157,107,0,0,89,179,0,3,255
152,23,152,68,255,96,126,126,189,187,116,75,215,149,35,61,187,144,174,192,54,248,46,201,184,32,225,162,51,76,195,127,100,142,73,73,122,136,138,92,142,233,25,191,5,76,71,135,85,229,160,84,167,209,38,99,172,0,44,255,255,42,102,166,129,125,198,170,139,144,189,133,197,159,202,67,40,101,197,144,121,242,232,117,0,157,109,255,204,0,60,255,207,192,7,189,0,0,255,200,255,0,231,148,14,255,183,189,196,255,255,253,170,0,255,96,116,197,65,255,3,34,0,84,255,0,4,255
