163,17,169,126,191,93,101,100,171,228,112,18,135,145,108,34,114,141,214,118,67,164,151,102,69,217,132,139,186,161,134,108,122,151,110,152,97,118,81,79,74,130,67,206,102,188,152,81,63,215,168,171,80,91,109,98,189,90,132,181,129,167,35,203,117,119,194,169,175,161,47,124,251,202,102,53,78,209,94,218,177,172,232,160,195,196,49,186,185,106,126,253,88,173,126,220,33,32,109,31,139,131,142,66,116,255,246,176,189,182,111,187,20,182,33,130,163,184,50,109,36,168,111,94,255,96,33,255
166,20,158,118,216,92,106,85,163,214,136,9,135,138,111,56,140,123,166,130,106,205,151,63,56,120,207,155,127,153,127,81,155,84,96,123,112,93,90,86,88,134,86,197,139,150,124,94,105,186,145,185,59,87,112,102,157,24,137,186,191,20,66,120,60,163,114,124,92,149,145,190,255,155,192,147,93,169,55,210,164,84,209,140,60,151,37,176,205,66,79,193,157,166,63,255,60,77,169,82,214,0,151,123,0,195,53,251,186,158,104,166,34,138,49,143,170,155,57,172,41,160,33,136,201,21,0,255
162,14,150,138,203,73,98,77,144,228,151,0,131,153,118,54,129,100,179,128,81,176,122,87,71,160,179,153,172,180,108,96,146,80,170,104,107,111,77,75,119,142,111,200,159,146,104,109,61,183,175,170,90,87,193,133,193,94,92,178,143,97,70,130,86,86,126,146,176,207,113,93,255,183,163,97,117,216,61,223,183,61,186,172,67,124,12,233,255,74,111,135,156,78,128,206,97,79,138,82,176,59,157,67,34,145,70,216,176,150,156,148,54,141,92,147,141,106,42,218,26,197,29,182,141,67,86,255
170,13,151,154,167,32,115,48,162,195,130,0,164,171,152,103,137,118,255,125,90,214,71,41,106,179,158,130,250,130,30,95,94,40,240,88,37,90,33,107,120,80,104,255,209,205,23,63,177,127,131,162,51,19,212,2,164,76,95,191,213,86,103,144,118,102,170,144,110,192,200,231,255,146,61,5,121,97,138,160,255,140,229,224,121,163,220,145,254,0,42,135,243,189,202,231,94,19,142,194,49,0,85,107,0,183,83,36,85,255,255,85,60,232,86,141,143,226,192,255,65,120,144,156,179,158,204,255
166,15,153,147,201,56,97,60,151,226,135,0,142,153,105,71,107,105,221,135,104,217,133,81,61,135,154,133,127,142,110,111,139,106,200,137,97,109,60,69,104,130,135,224,203,129,66,98,110,188,157,129,34,40,188,47,182,66,145,238,198,0,53,169,77,134,88,134,149,158,156,172,255,196,143,128,160,180,38,192,183,135,198,121,59,128,134,213,177,0,87,117,171,158,99,255,78,25,164,166,163,13,149,122,0,135,67,155,99,158,243,100,85,204,1,114,158,150,108,124,119,193,46,161,136,181,35,255
169,23,173,123,209,88,103,70,170,230,99,0,121,165,108,44,99,147,230,139,102,163,126,34,36,136,139,178,133,142,66,68,170,139,101,191,94,124,71,152,70,52,92,150,123,83,154,84,56,196,184,158,18,80,141,105,159,27,199,216,138,111,0,135,96,192,174,195,105,143,68,206,195,82,148,94,150,211,70,206,185,115,198,133,59,96,111,255,153,67,133,196,129,185,170,242,0,18,189,124,73,50,93,6,48,207,147,255,117,166,136,134,129,132,0,106,238,255,97,158,94,171,169,58,242,255,0,255
165,8,163,157,171,60,96,62,159,206,119,12,145,84,130,91,90,93,209,143,83,195,165,95,58,200,160,132,203,108,65,104,163,120,156,148,113,75,60,98,160,191,131,241,157,160,34,98,56,158,191,145,78,37,201,23,138,11,125,225,172,142,48,111,206,87,201,145,170,242,104,124,214,255,103,133,0,219,94,223,108,128,255,136,147,180,37,236,255,89,76,75,188,209,178,255,118,91,159,57,8,0,109,178,0,186,0,209,26,139,232,183,0,171,120,194,255,255,112,183,6,177,16,255,255,69,210,255
162,18,187,147,200,77,151,86,165,233,110,0,133,125,160,10,149,113,188,115,45,228,120,118,52,202,104,148,162,127,127,102,133,121,136,96,139,106,55,137,149,180,44,248,49,171,112,83,77,159,248,114,67,117,124,24,106,52,155,195,117,107,47,160,199,74,247,205,228,152,107,196,226,181,129,126,102,173,29,152,165,79,164,205,138,185,81,226,255,106,89,144,194,205,102,255,92,38,174,52,220,0,164,75,20,111,117,163,34,239,39,163,163,17,181,198,255,255,0,38,125,212,14,252,255,116,0,255
159,17,181,146,209,91,120,97,153,223,125,0,113,131,153,48,140,124,179,104,59,205,172,100,53,146,164,161,154,145,142,93,143,33,87,105,199,105,72,71,81,135,72,235,134,190,125,39,95,213,164,154,86,110,160,83,182,0,135,204,183,42,57,118,185,118,171,174,190,152,128,203,240,216,154,102,115,194,5,255,174,31,175,237,133,167,42,177,255,179,38,144,166,178,130,255,133,101,108,45,221,0,255,58,0,169,54,196,207,138,126,169,79,63,87,255,255,106,76,146,0,214,84,131,193,0,0,255
164,16,159,110,215,77,96,95,162,207,136,25,164,150,110,60,140,123,144,142,82,190,128,30,73,160,201,176,159,159,125,36,109,89,90,152,128,113,64,78,72,157,84,132,139,153,151,104,82,198,133,198,47,65,103,155,163,61,107,151,156,150,25,95,21,179,120,55,121,153,79,129,255,254,103,114,110,182,64,251,77,80,194,140,116,169,0,219,197,79,66,211,112,167,70,143,50,109,187,53,167,27,154,83,0,245,75,174,179,175,73,90,35,150,99,64,255,138,9,173,125,169,0,77,240,29,0,255
166,9,149,139,190,69,97,83,176,203,153,7,128,112,121,69,97,114,179,142,111,173,180,41,64,164,183,157,210,178,91,116,169,57,129,108,98,70,95,84,104,154,154,221,171,165,102,95,99,193,128,205,113,44,196,88,136,34,65,199,149,91,0,166,97,106,177,104,107,209,99,176,244,154,123,81,3,184,47,195,170,58,216,126,23,117,12,200,138,34,82,174,124,137,131,251,120,106,146,70,100,7,86,77,39,255,0,236,140,149,213,89,0,238,102,172,175,65,56,255,117,116,0,159,255,0,0,255
