162,32,149,129,245,53,66,71,183,205,131,59,148,176,60,36,165,116,200,81,0,230,122,70,141,211,97,215,53,115,180,165,123,46,13,184,112,108,70,53,89,103,25,124,178,175,156,136,57,255,141,169,84,136,133,242,98,9,132,168,225,45,72,147,117,168,115,122,187,121,183,79,255,79,148,170,150,75,178,151,210,64,75,155,146,101,114,176,128,20,169,34,247,0,110,134,0,0,162,106,179,65,0,203,83,239,160,177,168,150,255,235,0,221,140,114,24,37,0,255,154,238,64,136,166,222,131,255
154,29,164,89,255,78,129,94,156,187,67,119,206,162,0,59,212,84,188,127,66,255,67,107,106,119,84,223,116,101,229,96,128,125,43,255,0,67,148,42,103,173,0,92,101,250,29,97,112,100,121,124,90,69,52,141,203,0,120,255,176,80,163,84,171,172,94,117,105,168,12,130,188,255,225,112,85,69,22,120,116,67,255,95,17,78,68,255,255,80,222,108,36,187,0,67,0,126,154,181,22,0,96,255,0,253,173,23,171,255,255,255,10,177,255,178,101,251,0,255,23,75,0,0,255,103,41,255
158,36,177,93,255,81,153,103,213,215,89,107,232,187,0,50,255,120,238,85,0,255,56,64,133,168,55,235,145,93,153,118,222,56,23,219,41,196,124,141,255,212,81,140,179,255,156,134,180,223,191,92,193,255,142,250,164,0,48,224,170,121,17,164,255,255,229,86,218,165,44,193,240,211,250,0,145,0,236,0,255,117,202,126,22,49,113,218,229,13,118,27,96,204,0,53,0,35,219,135,0,0,104,255,0,255,165,98,121,255,255,255,156,153,255,143,65,255,100,255,7,134,42,73,255,92,200,255
159,28,175,121,255,87,104,105,130,230,56,140,145,86,0,89,219,71,138,124,33,255,61,0,76,90,141,209,129,177,214,101,150,70,53,255,9,22,137,85,108,160,41,56,220,255,171,200,95,19,159,102,142,145,33,164,100,0,87,255,129,78,108,30,255,255,60,27,0,242,57,210,255,209,187,49,15,69,160,100,117,0,255,130,39,0,27,239,255,117,221,102,130,87,0,31,3,248,0,135,0,0,53,72,0,73,29,2,115,226,255,173,144,35,255,148,144,251,58,255,63,93,0,21,240,27,214,255
159,23,179,111,250,90,104,83,132,239,71,127,109,96,112,153,117,90,139,82,50,255,24,63,40,119,85,134,170,230,152,158,162,131,72,234,0,101,163,128,79,135,0,193,255,125,146,202,123,83,246,46,139,100,108,74,154,0,217,255,130,210,92,87,255,182,16,95,0,106,62,255,146,182,252,148,0,249,55,68,0,144,255,221,0,21,0,129,255,39,255,0,229,186,115,24,4,87,174,196,0,0,104,23,0,154,80,52,246,255,255,185,147,118,251,211,209,148,0,255,103,106,85,116,156,129,190,255
149,4,135,150,157,0,64,31,136,236,142,120,190,167,2,29,0,102,207,107,142,212,42,0,69,130,103,255,113,14,205,66,124,45,28,255,136,118,115,51,16,255,80,140,172,191,86,98,231,209,166,48,0,32,110,210,24,0,240,255,81,12,0,255,163,11,190,99,255,128,70,0,255,255,77,23,0,131,0,180,112,192,255,49,164,255,86,255,111,170,0,89,92,225,40,0,139,24,255,152,53,178,249,94,0,237,179,121,169,132,255,246,0,80,170,255,255,255,0,255,255,136,0,77,255,178,147,255
160,27,159,103,255,53,91,84,146,202,93,126,186,157,42,60,193,103,177,145,39,234,100,138,44,158,78,145,72,106,143,92,157,157,0,221,7,90,5,121,24,255,31,0,172,208,0,162,75,140,170,88,63,93,208,224,124,0,122,58,190,150,155,77,76,216,117,61,215,119,92,34,134,160,206,175,89,153,136,255,158,171,158,91,48,67,37,4,255,144,132,62,194,57,40,90,0,0,167,255,115,0,136,21,118,255,252,146,190,255,255,156,0,66,193,113,70,90,0,110,174,144,10,56,255,137,43,255
165,45,170,96,255,47,89,125,132,255,226,83,203,255,195,48,255,67,194,209,0,255,205,215,181,130,173,140,0,133,186,0,164,104,0,155,0,0,142,75,23,255,115,151,0,255,126,255,0,0,143,37,0,225,255,255,159,22,128,0,212,55,255,255,0,255,255,67,255,0,134,185,230,80,255,0,234,255,206,255,0,204,8,146,0,15,0,0,87,0,254,213,255,99,84,24,0,49,199,255,198,0,169,48,135,255,79,255,67,255,230,0,0,0,172,191,0,248,51,255,255,236,0,56,255,255,0,255
152,23,131,114,225,13,101,82,108,207,194,126,199,203,145,47,206,105,196,73,37,255,197,137,88,49,164,171,0,151,135,100,201,97,70,167,123,0,119,81,51,135,72,125,95,121,12,232,44,166,255,0,20,92,242,169,217,0,107,136,219,69,168,199,38,146,212,184,255,0,178,78,255,23,216,255,142,189,125,255,48,223,117,29,162,81,162,82,213,63,249,28,255,166,71,99,0,2,255,147,255,0,210,65,0,147,208,187,92,131,255,77,0,255,255,0,78,182,0,237,60,117,12,116,255,186,0,255
151,22,141,72,255,82,138,50,94,198,127,97,141,117,88,126,117,106,182,118,33,255,0,84,156,135,110,169,127,52,227,132,15,116,117,189,159,86,90,148,125,168,27,92,127,133,76,168,198,205,170,117,91,173,0,96,141,0,202,240,212,63,144,255,195,56,110,128,221,0,106,170,174,254,186,95,81,148,4,121,23,122,202,71,0,106,88,202,255,100,150,171,165,193,133,122,84,0,153,255,255,0,142,111,4,105,169,0,254,115,255,210,39,56,218,66,131,225,32,215,54,105,4,55,253,0,6,255
150,24,137,85,255,89,145,85,90,202,132,85,162,128,33,123,172,99,180,129,61,255,50,90,181,58,181,220,3,1,223,126,82,99,170,192,145,33,163,157,130,120,40,140,0,96,127,238,184,159,214,79,140,180,0,255,181,37,220,246,118,27,162,255,151,49,240,148,234,59,125,197,137,154,228,0,36,171,0,79,54,177,177,58,0,148,92,119,255,48,198,228,209,199,184,0,127,0,87,161,255,0,86,178,85,210,126,123,255,54,255,171,0,67,255,130,255,254,121,255,0,100,22,48,255,0,0,255
155,27,142,119,255,78,112,63,54,188,137,83,151,87,32,101,143,85,190,184,0,255,89,82,161,30,191,187,82,0,176,84,112,87,184,182,190,41,84,108,51,128,43,38,141,41,60,218,188,186,255,103,120,216,5,245,219,89,227,245,124,85,154,227,119,41,156,146,255,127,136,38,186,218,125,59,68,218,0,162,137,81,103,111,0,222,91,170,255,181,53,254,153,193,183,0,97,0,119,192,255,0,86,54,160,46,144,134,255,172,255,75,20,225,255,100,255,118,73,212,54,187,79,0,255,0,0,255
149,17,111,53,255,91,120,32,57,188,173,37,102,80,40,110,50,98,183,187,0,222,0,53,255,85,56,77,178,0,176,164,0,201,156,224,220,54,45,185,170,135,28,78,58,145,64,158,240,255,136,120,72,182,0,203,109,4,226,189,128,69,143,252,124,0,149,131,255,51,100,131,105,244,135,0,0,134,0,169,0,131,143,0,0,51,131,255,255,255,45,255,135,126,175,36,70,0,175,95,255,0,77,83,0,104,193,197,255,255,255,183,0,106,91,11,255,184,120,136,89,111,0,183,255,0,0,255
156,24,146,132,248,77,114,49,79,171,133,66,148,113,31,99,156,93,202,173,0,255,75,97,150,64,200,205,134,0,174,120,130,84,212,172,161,58,153,80,87,125,36,76,152,41,107,203,155,181,214,127,128,186,34,150,210,81,193,220,172,50,200,255,210,14,84,146,255,158,75,87,142,239,183,141,123,168,16,141,224,132,56,126,0,255,124,225,222,160,35,207,105,223,255,80,100,0,173,255,255,0,113,26,160,43,99,176,255,129,255,190,95,190,223,138,255,166,131,148,0,221,110,29,245,0,0,255
154,24,141,122,255,60,124,27,94,184,164,45,142,165,25,63,99,84,231,190,0,255,102,135,165,82,149,120,76,8,151,178,82,43,196,134,105,77,77,97,138,60,37,128,132,104,87,128,82,234,173,66,72,102,98,124,220,99,173,255,133,125,194,178,147,37,39,178,207,15,79,66,218,255,171,186,52,149,0,74,224,95,186,192,78,255,161,58,191,4,79,162,109,151,252,25,60,23,182,255,237,0,156,0,206,30,138,192,255,171,255,165,0,169,255,172,220,219,155,160,90,255,139,13,196,0,54,255
149,18,124,103,250,55,124,38,77,187,144,61,139,131,37,105,127,59,209,154,0,238,30,41,159,162,119,150,125,18,152,152,29,82,217,222,182,41,71,96,103,141,58,112,16,74,81,169,220,233,167,64,62,138,23,206,174,2,210,199,154,67,154,193,169,0,150,113,255,40,71,48,255,214,170,61,49,213,0,82,122,148,150,80,0,189,92,154,255,124,77,255,186,166,173,0,133,0,131,81,255,12,116,0,0,47,245,0,255,147,255,154,0,231,255,70,255,78,138,238,131,109,17,47,255,94,0,255
150,26,162,87,255,101,173,59,91,222,120,112,107,175,127,148,56,151,171,151,25,255,58,99,128,149,106,211,77,69,222,84,70,153,107,246,127,103,134,174,116,188,6,168,55,127,195,172,214,197,157,97,128,165,85,185,145,134,247,237,224,0,166,255,209,46,122,176,255,0,106,169,198,255,131,5,144,143,0,38,39,90,251,130,24,172,149,198,255,92,172,198,125,130,59,120,110,0,170,198,255,0,205,176,0,22,48,157,255,133,255,221,40,29,180,200,248,160,0,255,65,132,82,106,255,17,34,255
147,26,121,72,255,92,139,57,80,199,179,47,138,142,58,102,117,119,199,121,4,255,0,76,228,121,100,164,76,4,210,174,30,128,134,221,201,63,140,206,146,116,43,125,29,173,129,201,186,254,191,70,123,187,0,250,121,0,244,228,98,0,149,255,189,0,216,155,255,0,124,218,202,208,124,0,62,145,0,144,0,197,102,1,0,49,143,241,255,170,83,237,116,219,227,0,139,0,156,68,255,0,115,113,0,48,138,147,255,150,255,223,0,53,172,2,255,255,187,255,76,165,25,74,255,0,0,255
152,33,127,96,255,74,124,56,81,213,174,23,112,147,81,90,100,102,219,116,16,255,9,65,184,124,153,201,85,55,219,155,34,71,185,200,132,108,149,163,168,132,32,154,171,240,174,147,181,203,241,96,135,205,69,199,161,80,167,255,105,55,131,255,188,16,206,182,207,0,138,255,255,190,162,38,102,104,0,163,10,178,83,18,0,23,193,141,255,119,33,166,143,173,255,0,129,0,148,105,170,0,55,16,0,0,71,106,255,132,255,155,0,36,171,171,255,255,120,255,61,255,158,81,255,76,0,255
158,37,138,155,255,25,92,94,87,173,156,30,117,109,37,36,97,83,255,85,30,255,86,45,123,176,174,119,138,99,255,218,65,75,187,210,71,107,236,93,57,77,22,129,44,147,109,192,184,188,143,37,17,192,60,130,217,78,194,255,0,90,109,255,196,118,171,255,206,0,165,168,255,96,87,95,0,121,5,147,226,126,221,27,0,110,132,105,255,100,170,231,158,255,248,0,135,0,212,255,255,68,46,85,84,144,132,125,255,189,249,112,136,120,226,210,255,218,0,217,180,255,0,74,255,94,0,255
153,28,122,90,255,70,129,43,74,203,182,2,124,137,63,73,106,87,235,119,18,255,0,64,155,176,109,167,163,80,171,195,12,65,177,204,171,85,42,155,140,124,45,130,96,171,44,98,227,253,230,81,119,130,34,182,142,65,186,219,132,94,81,255,165,5,168,154,228,22,78,170,238,194,131,22,68,121,0,196,77,131,104,25,0,75,198,183,255,132,23,197,255,140,255,19,86,0,177,129,227,0,106,0,0,0,145,131,255,219,255,238,0,66,75,201,232,255,158,221,185,237,163,79,255,116,0,255
152,33,115,58,255,94,139,64,73,216,188,0,87,206,19,87,65,139,254,119,95,255,0,51,88,201,95,237,143,78,192,186,6,117,69,203,127,122,107,219,106,84,0,158,134,223,55,161,255,255,240,73,159,70,72,230,195,0,202,208,92,118,100,255,202,14,210,101,109,64,147,228,255,213,28,60,0,183,0,255,0,232,50,12,0,0,255,255,255,142,0,255,255,242,242,53,89,0,187,34,237,86,108,0,0,36,245,247,255,211,255,126,0,0,0,107,255,255,242,171,124,255,149,131,255,0,0,255
166,35,154,199,247,3,65,67,67,238,168,38,74,211,24,102,143,118,255,79,136,255,0,9,60,233,152,121,206,175,182,205,33,25,255,127,58,31,124,67,0,0,15,253,58,177,148,153,221,243,102,0,0,231,148,5,255,208,130,255,125,149,178,251,61,128,73,255,151,0,255,156,255,78,57,117,32,254,68,77,255,30,212,116,0,255,213,110,255,18,255,0,184,122,156,0,112,40,255,255,255,52,139,120,139,41,52,114,142,228,94,150,220,255,147,13,255,255,0,134,255,255,193,63,136,0,0,255
158,29,141,163,254,0,114,62,62,162,125,56,94,135,84,119,72,105,225,62,12,255,72,29,85,230,170,133,172,97,255,186,70,102,255,255,120,11,241,129,1,36,54,148,10,95,176,187,229,255,140,27,2,230,59,180,175,118,166,255,86,101,135,255,208,19,125,251,255,0,119,141,255,162,190,110,37,159,0,81,157,136,217,19,0,254,255,185,227,72,190,162,211,242,255,0,255,0,255,167,255,76,134,36,16,0,161,0,255,97,195,219,181,255,255,255,255,52,0,231,255,255,139,4,251,250,1,255
149,31,154,81,255,91,157,85,83,209,131,144,103,184,121,184,61,170,208,38,6,255,43,95,121,141,146,255,93,84,239,73,147,138,101,243,150,78,223,166,129,127,108,255,21,207,171,155,207,244,208,38,73,198,0,255,133,148,255,255,231,0,154,255,218,0,255,181,255,102,86,199,151,255,184,0,20,183,0,181,64,49,255,35,16,61,244,205,229,79,158,189,245,255,116,137,199,0,96,110,255,6,75,190,15,0,0,165,215,64,255,217,0,0,255,255,255,255,0,255,0,0,79,116,255,0,0,255
151,30,143,55,255,116,165,86,93,232,132,128,80,202,48,169,62,141,210,88,56,255,0,12,99,137,120,255,129,72,198,109,110,140,94,255,115,109,255,149,134,127,6,211,44,228,148,167,255,209,227,104,134,255,34,212,166,18,255,255,255,35,178,255,179,0,255,97,255,41,159,255,225,225,131,0,5,168,0,182,0,177,167,111,0,0,118,170,255,82,93,245,224,255,159,170,169,0,0,46,255,61,161,80,0,160,61,170,255,207,255,13,0,0,255,124,255,255,0,255,37,125,33,252,255,0,0,255
