175,8,146,96,214,76,77,129,148,174,151,51,120,147,101,35,109,238,196,193,0,208,99,177,69,152,150,185,123,68,193,131,106,82,139,130,139,120,184,136,115,174,31,144,123,163,132,92,123,110,126,93,129,77,86,150,125,106,113,206,130,121,121,97,174,168,81,124,144,135,146,112,127,188,138,154,132,137,93,168,100,193,152,130,91,102,138,202,146,88,63,145,95,112,110,171,88,50,122,210,207,121,120,114,106,182,84,114,170,130,178,136,67,136,72,55,147,184,48,216,101,116,100,83,170,147,69,255
175,8,146,96,214,76,77,129,148,174,151,51,120,147,101,35,109,238,196,193,0,208,99,177,69,152,150,185,123,68,193,131,106,82,139,130,139,120,184,136,115,174,31,144,123,163,132,92,123,110,126,93,129,77,86,150,125,106,113,206,130,121,121,97,174,168,81,124,144,135,146,112,127,188,138,154,132,137,93,168,100,193,152,130,91,102,138,202,146,88,63,145,95,112,110,171,88,50,122,210,207,121,120,114,106,182,84,114,170,130,178,136,67,136,72,55,147,184,48,216,101,116,100,83,170,147,69,255
175,8,146,96,214,76,77,129,148,174,151,51,120,147,101,35,109,238,196,193,0,208,99,177,69,152,150,185,123,68,193,131,106,82,139,130,139,120,184,136,115,174,31,144,123,163,132,92,123,110,126,93,129,77,86,150,125,106,113,206,130,121,121,97,174,168,81,124,144,135,146,112,127,188,138,154,132,137,93,168,100,193,152,130,91,102,138,202,146,88,63,145,95,112,110,171,88,50,122,210,207,121,120,114,106,182,84,114,170,130,178,136,67,136,72,55,147,184,48,216,101,116,100,83,170,147,69,255
175,8,146,96,214,76,77,129,148,174,151,51,120,147,101,35,109,238,196,193,0,208,99,177,69,152,150,185,123,68,193,131,106,82,139,130,139,120,184,136,115,174,31,144,123,163,132,92,123,110,126,93,129,77,86,150,125,106,113,206,130,121,121,97,174,168,81,124,144,135,146,112,127,188,138,154,132,137,93,168,100,193,152,130,91,102,138,202,146,88,63,145,95,112,110,171,88,50,122,210,207,121,120,114,106,182,84,114,170,130,178,136,67,136,72,55,147,184,48,216,101,116,100,83,170,147,69,255
168,10,148,111,197,68,108,128,122,194,165,86,126,123,137,75,104,125,156,152,62,208,79,94,102,176,120,162,223,133,102,132,112,141,126,123,147,91,120,46,209,219,113,194,120,141,45,83,90,132,177,145,102,159,151,103,162,133,92,231,204,159,84,207,128,144,156,59,141,161,84,178,208,201,84,124,126,184,156,45,135,118,169,108,40,139,101,229,168,116,211,90,73,178,81,190,145,146,63,136,201,88,98,87,90,226,123,159,139,248,157,79,98,193,157,21,140,186,0,119,99,121,75,188,255,50,110,255
170,7,145,100,187,52,102,151,116,177,186,66,113,69,118,31,79,77,113,176,91,255,86,54,104,122,136,227,214,154,73,107,181,136,94,158,130,65,61,8,219,211,142,137,71,137,74,109,64,125,143,122,136,112,158,0,140,51,71,211,152,128,11,229,183,170,167,78,82,150,97,194,206,138,87,182,120,209,152,141,135,79,173,55,30,143,31,250,172,142,230,170,151,174,95,162,149,206,138,165,161,0,47,128,41,255,128,249,78,229,201,176,61,194,208,112,203,161,0,156,50,0,39,51,255,111,175,255
183,0,158,73,159,45,110,186,129,127,184,36,128,79,101,42,90,123,93,192,47,255,44,152,102,83,123,255,178,113,102,166,194,99,94,132,109,45,24,46,194,214,183,75,78,136,222,159,74,118,107,74,12,133,173,0,228,17,95,175,75,0,152,225,204,200,108,115,166,55,125,169,255,121,163,165,18,177,106,202,155,124,125,8,106,175,82,254,142,107,97,139,186,38,123,104,131,14,189,134,209,18,0,132,0,205,225,255,144,255,254,212,3,158,108,221,166,235,48,192,161,0,49,0,255,0,255,255
182,0,160,75,167,54,116,191,132,118,178,51,116,82,89,30,72,113,95,190,65,255,46,148,100,66,147,255,172,117,118,166,196,122,61,133,105,70,26,64,194,204,161,80,121,145,169,160,86,121,121,45,18,143,143,0,212,0,83,180,70,3,166,209,253,153,113,141,152,91,140,203,255,106,176,181,32,142,71,197,154,142,99,24,84,179,86,255,195,122,112,108,173,54,104,80,104,20,185,179,224,83,14,176,0,243,215,255,204,230,255,255,16,163,196,238,160,190,16,121,181,4,53,0,255,0,255,255
174,3,152,88,185,70,111,180,133,133,176,77,117,104,84,38,84,84,108,157,69,255,73,132,97,103,168,255,158,141,116,140,167,119,81,127,112,54,74,58,172,196,134,135,93,190,147,115,28,127,114,41,103,128,96,0,181,14,100,193,112,43,87,233,255,194,123,72,94,146,157,218,175,138,146,204,66,182,98,198,131,116,136,40,64,156,84,175,137,144,166,51,134,64,58,138,99,72,132,212,197,76,61,103,0,183,221,255,180,186,176,169,50,200,219,193,118,146,0,107,150,188,127,0,255,0,212,255
184,3,167,73,163,39,119,196,117,129,176,42,126,75,87,37,66,103,61,173,86,255,23,126,103,42,145,255,177,120,104,155,172,67,56,152,90,79,28,98,152,204,144,40,136,149,184,162,62,103,134,66,19,165,165,0,221,0,89,171,59,28,165,193,234,181,118,163,133,38,149,194,255,167,217,174,10,132,80,216,142,150,104,41,148,171,97,255,206,69,128,157,198,50,108,96,62,16,180,121,221,112,28,171,0,227,255,255,208,255,255,255,20,85,181,167,231,255,26,97,234,22,91,0,255,0,255,255
189,2,167,79,141,26,108,184,117,110,169,27,149,87,94,55,29,130,50,156,49,255,1,150,95,50,102,255,151,136,86,197,194,36,46,126,114,64,23,103,170,198,121,53,141,113,215,196,122,51,101,96,0,203,160,0,221,27,88,172,105,0,108,254,125,184,177,188,199,9,140,170,255,226,164,118,0,174,77,191,113,110,125,35,183,172,129,232,108,0,34,207,191,0,130,100,120,51,215,139,221,53,0,222,0,191,255,255,225,255,255,226,0,0,68,213,181,255,45,168,255,0,32,0,217,0,255,255
183,5,176,66,157,52,126,174,118,101,202,54,105,110,100,65,71,119,92,195,35,255,19,129,95,86,150,255,181,162,109,159,220,82,68,191,119,68,44,84,133,180,119,68,129,151,196,179,63,134,150,13,20,138,169,0,255,0,117,176,91,18,110,204,239,160,131,177,183,44,141,211,255,179,185,168,62,128,131,173,182,128,94,68,144,155,56,208,253,72,104,88,208,29,18,111,54,0,189,102,251,165,32,197,0,149,239,255,220,255,255,191,0,111,210,206,149,157,77,123,255,49,54,0,255,0,255,255
177,5,145,98,185,66,105,166,123,146,170,60,121,90,103,49,104,107,106,183,69,255,87,120,92,120,125,241,184,141,104,134,166,138,114,116,120,46,86,29,197,231,140,167,60,128,148,137,57,134,107,166,105,121,175,5,154,58,87,197,142,68,67,244,202,255,145,88,68,151,140,177,168,139,88,173,96,227,120,173,107,103,154,32,34,177,60,228,86,117,126,123,123,107,127,105,146,93,125,145,176,0,5,86,0,203,186,255,72,151,146,184,86,212,163,170,160,159,0,155,102,119,60,55,211,10,105,255
182,1,168,71,163,56,102,180,126,145,167,73,74,79,81,13,71,100,84,193,74,255,43,111,121,112,135,255,135,123,104,155,202,120,103,133,80,56,57,36,240,211,183,96,128,150,206,125,90,126,144,22,30,109,139,0,215,43,58,121,104,42,129,230,255,152,171,91,135,137,156,145,220,128,194,162,27,171,72,193,104,98,62,18,125,190,87,220,203,143,176,132,168,68,89,133,102,37,165,234,218,64,0,173,0,255,177,255,125,232,186,255,12,154,190,169,159,192,0,139,85,13,94,0,255,33,255,255
180,3,177,73,156,60,111,170,131,143,164,80,80,90,75,24,62,94,99,194,49,255,47,105,105,127,135,255,144,127,114,153,207,100,101,159,95,89,79,25,217,177,159,124,124,176,176,129,80,119,145,22,58,88,115,0,235,25,51,129,126,50,74,255,243,157,174,117,147,137,129,172,243,190,204,173,46,174,95,179,125,62,87,34,109,160,42,174,215,171,182,90,152,49,52,176,107,21,133,221,224,125,0,180,0,203,224,255,150,235,191,172,0,128,169,152,129,187,12,97,110,99,116,0,255,60,255,255
189,9,188,68,134,26,98,173,117,137,152,39,62,98,75,25,99,135,75,212,67,255,16,118,64,117,93,255,131,175,76,220,230,104,91,168,60,107,146,60,223,194,176,25,122,134,236,198,111,179,122,2,27,97,132,0,248,4,47,74,111,56,142,255,215,126,206,164,255,54,138,116,255,224,231,204,0,136,104,103,33,69,35,95,157,184,111,255,255,111,119,235,237,2,89,164,160,62,220,163,255,137,47,255,0,255,199,255,201,255,255,245,0,0,177,96,75,255,101,158,181,0,0,0,255,53,203,255
179,3,157,88,182,70,112,186,136,133,157,65,116,90,79,32,71,104,105,175,69,255,63,132,82,94,153,255,155,123,121,161,183,122,89,118,90,64,81,41,190,209,150,124,107,156,149,149,75,125,120,107,83,129,113,0,175,28,92,191,124,33,116,254,231,218,131,110,89,138,152,215,177,152,166,191,61,183,73,196,91,98,119,46,41,177,70,206,149,122,154,93,144,73,110,121,102,57,130,208,189,91,15,109,0,234,230,255,174,170,208,200,53,157,184,191,107,178,0,106,163,152,90,0,255,0,182,255
180,6,155,92,187,60,116,179,130,118,182,64,118,114,92,47,107,115,89,178,75,255,81,145,81,68,147,255,178,145,132,154,155,133,87,127,116,70,79,91,143,220,102,111,107,159,127,154,44,163,115,85,89,154,116,0,199,0,87,209,97,54,150,192,255,219,124,119,113,104,159,228,198,171,130,182,89,138,83,172,146,162,86,41,41,187,97,222,110,100,115,80,143,108,106,98,110,44,156,129,243,99,106,143,19,242,205,255,205,211,205,222,112,166,227,193,160,184,0,64,188,184,82,0,255,0,167,255
179,4,154,85,188,65,115,187,142,127,188,56,126,109,86,51,106,123,89,179,67,255,78,158,70,62,159,255,168,134,123,159,175,133,85,126,103,66,72,68,148,191,136,78,89,166,113,164,30,170,108,79,99,160,104,0,199,1,108,220,81,33,173,208,246,203,104,113,123,107,134,255,225,161,167,202,48,112,60,190,163,147,87,33,31,212,51,225,149,127,150,107,149,107,126,130,91,36,198,138,239,125,81,127,4,255,160,255,255,236,238,196,124,147,206,216,123,203,6,71,179,85,36,0,255,0,213,255
183,3,157,81,180,54,123,193,127,108,188,38,134,88,88,43,85,118,77,188,79,255,50,153,85,42,159,255,184,127,111,153,182,123,69,128,106,53,32,82,149,195,141,85,93,141,153,175,77,133,114,89,45,162,137,0,188,0,103,189,69,18,154,205,241,218,108,154,110,88,134,229,251,122,170,196,65,125,75,211,156,155,94,19,65,192,75,243,147,88,103,118,169,75,124,78,65,4,189,121,225,93,50,168,5,220,224,255,214,224,255,255,49,167,196,221,154,185,24,102,235,69,48,0,255,0,242,255
180,1,170,66,153,44,117,174,131,102,178,49,82,91,91,39,89,126,116,200,29,255,26,135,105,94,131,255,174,132,123,187,214,116,70,161,110,77,49,31,194,180,150,59,114,159,220,175,86,141,159,0,4,108,153,0,255,0,69,127,55,21,142,188,227,135,141,159,183,66,127,203,255,129,178,150,56,160,96,149,105,116,76,65,118,187,72,221,255,120,37,95,215,23,27,139,101,0,163,165,241,146,49,244,0,212,204,255,163,255,254,255,0,142,253,175,131,255,134,157,114,0,53,0,255,7,255,255
175,3,153,80,180,55,113,175,121,124,208,68,113,87,96,43,82,89,76,175,81,255,64,135,106,65,160,255,172,167,112,135,172,105,70,156,125,61,33,89,139,210,155,114,108,170,148,121,45,139,118,34,69,120,153,0,181,0,77,155,63,64,118,188,255,168,129,97,100,131,142,212,245,153,179,197,75,126,117,177,176,147,135,1,110,173,73,242,185,116,139,99,164,112,60,112,113,33,186,157,255,39,73,172,0,222,182,255,173,204,229,255,56,180,255,181,187,170,0,83,146,1,75,0,255,0,255,255
185,2,167,68,166,56,132,188,122,114,177,61,123,108,95,67,82,130,53,172,55,255,20,165,94,63,141,255,189,117,130,164,189,84,73,154,101,57,29,89,142,196,149,60,119,153,170,170,71,127,132,51,0,193,171,0,240,0,125,186,52,0,183,202,242,197,99,179,197,29,161,205,255,154,196,163,38,138,88,204,166,137,88,48,130,163,113,246,194,76,120,123,193,6,87,78,56,0,199,134,215,123,44,139,0,188,232,255,240,255,255,255,4,141,162,242,116,213,39,105,255,62,36,0,255,0,255,255
187,4,166,81,160,48,123,185,125,121,183,47,122,101,101,59,80,138,73,187,56,255,32,160,87,65,130,255,185,134,110,169,186,95,74,129,109,39,36,89,150,215,157,76,132,142,219,180,118,118,131,79,0,189,190,0,229,8,99,156,87,16,145,185,216,188,123,170,196,55,127,209,255,171,168,183,51,187,95,191,123,123,102,55,155,175,114,255,182,28,94,153,179,63,125,92,96,0,176,101,247,99,43,198,0,208,241,255,210,255,255,255,0,55,173,253,146,246,105,123,255,0,0,0,255,0,219,255
187,3,169,74,156,38,113,173,122,112,187,50,87,98,89,43,80,124,47,191,65,255,43,141,82,82,133,255,172,161,104,170,197,118,71,149,101,60,40,58,185,188,169,69,111,155,215,175,94,134,133,48,15,130,166,0,229,26,58,132,57,13,138,221,255,181,164,140,200,96,150,164,255,174,185,157,45,169,104,166,147,120,43,40,141,183,101,198,155,90,129,180,174,3,118,92,102,19,213,146,248,128,43,234,0,213,197,255,171,255,255,255,1,141,184,205,161,213,48,191,197,0,52,0,255,0,255,255
181,4,155,82,176,45,105,184,125,127,193,47,118,94,101,38,111,108,81,176,76,255,58,147,90,63,148,255,163,151,108,156,181,113,101,127,88,60,33,96,159,206,156,68,94,165,170,154,53,158,99,37,42,140,102,0,215,16,73,182,82,13,145,173,255,180,123,80,159,90,165,183,236,142,171,167,28,135,85,207,156,156,84,2,101,183,111,250,85,120,139,113,152,111,162,110,102,60,228,146,255,73,72,148,0,255,180,255,185,232,248,191,81,134,180,204,212,208,5,138,181,62,79,0,255,53,249,255
179,0,149,88,182,50,129,177,131,90,209,43,125,111,99,66,111,128,84,187,77,255,85,167,80,51,132,255,215,153,128,144,158,147,84,144,133,23,37,72,114,193,135,93,78,155,150,173,56,143,110,85,57,164,183,0,188,0,98,193,25,16,152,155,255,253,98,114,142,106,163,229,255,89,79,154,106,148,100,151,182,174,102,1,80,194,73,228,104,92,55,98,176,103,149,52,93,17,209,86,248,32,86,180,0,183,199,255,208,237,233,197,96,233,225,233,209,157,39,134,164,73,26,0,255,0,255,255
182,0,162,72,155,50,110,180,126,139,173,62,112,73,98,30,52,105,86,186,59,255,44,137,131,83,138,255,168,115,105,158,193,92,63,117,125,73,15,58,213,217,144,127,133,156,189,146,89,84,128,42,0,126,150,0,198,16,93,165,103,0,115,228,243,156,147,150,141,103,128,192,248,143,174,176,58,166,105,205,156,108,121,12,106,181,125,221,205,106,142,130,166,46,67,109,111,12,142,214,202,89,3,155,0,187,240,255,173,231,255,252,6,168,161,191,161,219,13,158,170,14,108,0,255,12,255,255
185,4,167,76,170,56,143,189,128,95,180,38,129,117,93,93,77,155,61,161,44,255,37,152,52,55,128,255,212,140,130,185,189,92,54,175,107,59,45,99,99,180,127,58,93,143,148,183,77,138,129,84,30,228,188,0,235,0,148,214,40,0,199,198,222,201,74,216,205,25,161,220,255,165,184,147,43,129,101,184,175,147,94,63,111,155,85,252,157,41,70,129,216,0,104,62,25,0,223,51,202,149,53,191,0,186,252,255,231,255,255,255,32,132,163,251,140,215,56,115,255,48,7,0,255,0,216,255
187,1,169,75,147,40,107,186,124,138,184,41,113,74,97,24,69,131,72,202,43,255,18,140,116,100,123,255,145,125,79,203,228,94,94,121,95,36,32,73,208,209,187,106,111,113,244,168,108,96,115,63,4,122,181,0,222,43,61,124,103,0,106,236,209,151,181,183,176,97,113,135,255,198,216,169,26,217,103,225,84,77,93,0,152,185,94,206,164,80,91,129,172,40,113,101,157,0,122,137,255,71,0,216,0,215,255,255,126,234,255,255,0,45,154,250,127,240,74,190,183,0,0,0,255,0,255,255
189,4,172,77,143,23,104,177,123,114,174,32,80,89,80,29,85,134,55,205,70,255,29,123,87,74,99,255,152,156,101,217,217,108,85,149,96,53,81,83,193,210,173,16,116,130,232,187,106,129,125,43,0,123,177,0,239,2,40,95,62,0,145,191,218,163,169,163,186,76,148,156,255,179,175,131,38,152,102,167,79,145,41,5,170,210,110,220,178,65,89,203,202,55,131,102,140,4,188,134,255,104,17,255,0,234,228,255,157,255,255,255,0,33,182,176,179,255,109,196,189,0,0,0,255,8,246,255
180,3,153,84,178,47,111,176,114,130,205,50,119,84,106,51,92,104,74,193,83,255,72,130,100,65,130,255,191,158,98,134,173,117,109,130,115,49,30,78,143,230,157,105,89,149,181,136,63,119,95,99,37,141,165,0,189,21,89,169,92,22,125,176,255,223,125,85,112,113,169,178,228,128,122,164,79,159,132,191,185,139,125,0,119,178,107,238,83,90,138,134,169,144,141,119,98,55,168,118,238,0,26,141,15,182,214,255,146,244,226,193,104,205,175,178,243,152,0,146,149,39,78,0,255,10,255,255
180,1,162,79,172,52,128,185,137,97,201,53,104,95,101,67,98,129,114,209,43,255,59,155,102,77,129,255,214,134,139,150,194,131,78,142,119,68,38,30,162,219,141,91,136,162,175,176,70,155,118,56,50,143,171,0,204,4,97,188,66,57,162,166,254,163,119,154,152,79,124,224,255,121,136,189,84,197,92,106,144,132,98,74,82,200,40,255,221,110,55,75,227,90,117,88,90,17,182,131,239,77,30,203,0,223,197,255,220,247,229,215,0,150,255,238,144,215,102,130,145,0,0,0,255,0,255,255
181,7,170,73,163,30,110,171,127,122,203,36,81,88,97,35,106,127,89,216,63,255,51,112,90,105,117,255,166,179,124,176,204,134,98,184,108,57,89,76,195,185,133,52,90,133,193,173,30,146,129,38,64,84,138,0,223,25,52,147,95,27,113,187,244,184,163,93,147,95,106,135,255,191,153,157,55,142,94,147,124,143,49,49,106,195,64,185,149,135,126,123,203,147,81,179,118,66,196,158,255,101,33,209,0,213,165,255,167,255,244,177,38,130,194,121,169,175,86,248,33,0,30,0,255,39,255,255
186,1,171,62,157,38,110,184,125,112,192,43,82,88,87,27,85,133,66,202,69,255,26,145,83,74,128,255,146,186,107,199,222,151,58,172,107,38,51,79,184,168,162,13,115,160,195,189,96,164,164,0,0,123,115,0,255,0,27,127,33,0,161,206,250,133,120,203,171,86,114,188,255,162,226,204,46,125,61,185,146,152,39,46,121,206,89,211,255,99,145,149,209,67,56,98,149,22,215,155,255,139,68,255,0,255,184,255,193,255,255,255,0,88,235,170,131,214,167,143,164,0,46,0,255,30,255,255
188,6,181,67,155,33,120,194,118,109,189,33,90,100,91,35,102,145,67,215,69,255,25,145,71,66,122,255,143,159,119,200,210,144,71,177,63,60,84,80,192,167,170,29,149,109,212,226,79,158,151,24,3,119,158,0,250,0,32,145,66,0,208,202,207,150,124,202,197,73,108,139,255,160,238,183,6,146,53,204,119,114,26,75,141,183,54,200,215,83,105,138,207,41,109,112,141,18,230,99,255,197,12,255,0,231,184,255,213,255,255,255,0,33,249,160,175,208,138,167,176,0,0,0,255,0,255,255
182,1,162,72,170,61,123,188,134,114,184,57,127,103,96,54,90,124,88,194,39,255,44,174,90,69,162,255,184,117,118,160,197,112,59,126,112,78,20,58,158,182,143,82,115,158,174,176,74,135,118,50,17,157,146,0,227,3,116,198,58,9,158,211,253,172,115,171,174,70,126,222,255,140,186,197,62,151,66,207,173,129,92,46,71,169,79,253,206,100,120,97,165,26,98,92,81,0,183,149,227,119,45,131,0,223,216,255,248,241,255,217,23,172,186,251,127,205,66,101,245,38,46,0,255,0,255,255
188,0,168,74,149,41,125,184,131,96,176,47,112,104,83,59,62,142,71,188,50,255,27,177,80,56,131,255,181,138,111,197,198,131,26,140,126,28,44,55,165,179,163,66,136,150,188,193,118,104,157,38,0,183,169,0,227,17,105,199,44,0,162,207,225,181,107,227,228,94,153,222,255,147,186,181,56,177,96,151,143,144,88,70,141,196,112,225,243,62,51,156,222,0,93,59,85,0,225,124,242,148,26,255,0,168,255,255,232,255,255,255,0,77,170,251,94,255,104,153,255,0,17,0,255,0,255,255
181,4,165,79,170,56,126,182,136,111,186,51,103,108,94,49,99,129,94,193,54,255,57,151,76,68,143,255,178,147,127,156,197,144,57,157,116,50,52,65,160,181,140,64,116,168,167,177,80,150,147,39,40,153,144,0,222,0,99,175,58,29,151,182,241,160,105,183,148,85,128,212,255,134,175,199,76,162,78,185,148,132,96,76,96,189,63,249,245,83,111,119,187,90,99,106,93,0,206,119,231,119,74,214,0,231,200,255,217,237,251,255,13,120,243,200,156,216,138,104,181,4,0,0,255,0,253,255
189,0,171,71,141,12,119,186,120,89,199,25,92,106,98,39,84,157,69,201,64,255,26,151,98,39,100,255,175,153,103,225,210,147,48,170,125,5,40,97,171,170,172,0,111,128,242,194,117,97,164,0,0,147,217,0,255,0,40,144,13,0,186,144,191,169,112,200,209,49,125,176,255,113,157,109,37,183,76,170,128,176,60,53,190,191,116,222,204,71,0,105,238,35,117,92,189,0,225,85,255,113,10,255,0,214,228,255,152,255,255,255,0,59,197,230,235,255,202,240,123,0,0,0,255,26,255,255
186,0,170,70,158,46,114,197,129,111,167,61,105,106,73,27,55,120,62,177,69,255,17,168,92,47,137,255,134,145,131,195,200,76,52,151,115,64,43,76,156,194,152,16,195,138,219,170,106,113,139,12,0,187,179,0,255,0,71,164,39,0,181,213,218,146,126,206,187,36,139,199,255,158,223,187,26,169,12,208,122,159,72,41,147,179,63,231,248,66,99,153,203,2,59,75,159,0,198,168,236,88,0,214,0,255,255,255,254,222,255,255,0,8,182,235,122,230,95,74,250,0,55,0,255,0,255,255
181,1,167,71,168,52,114,189,127,115,177,56,82,89,80,24,83,107,85,198,73,255,49,136,95,89,139,255,155,147,123,181,207,130,75,151,98,64,65,38,218,193,155,81,122,144,192,161,69,144,137,11,27,123,165,0,203,4,66,142,65,21,149,215,254,150,160,147,143,122,128,200,255,120,213,173,40,156,45,178,128,127,38,48,100,205,43,211,214,128,110,140,184,36,85,94,89,26,195,182,241,117,20,226,0,255,184,255,184,245,255,255,12,146,237,176,137,168,21,126,114,0,57,0,255,7,255,255
185,5,163,85,177,55,123,192,123,107,155,44,137,97,87,51,88,135,64,168,80,255,38,165,64,49,139,255,175,126,129,185,175,125,53,122,88,90,47,95,151,192,130,47,119,118,140,180,76,141,113,117,51,198,113,0,221,0,82,191,62,23,208,224,218,195,103,195,145,45,153,212,255,176,180,187,35,124,56,187,126,148,83,61,75,169,88,255,159,80,102,151,153,40,128,77,110,45,179,117,227,128,61,179,0,236,255,255,246,255,255,255,30,93,198,184,122,207,0,67,255,149,49,0,255,0,255,255
185,0,174,61,162,65,130,210,131,112,172,57,130,108,88,48,44,143,90,195,43,255,0,195,83,73,160,255,154,129,138,193,221,100,45,150,101,74,32,43,157,175,176,66,175,126,214,200,120,123,142,17,0,194,157,0,255,0,93,189,58,0,170,247,203,125,112,255,254,56,118,249,255,179,255,235,41,175,52,220,141,112,63,52,90,170,44,197,255,77,79,123,194,0,8,64,75,0,159,133,231,173,20,224,0,196,255,255,255,225,255,252,0,30,156,255,5,171,37,20,255,0,41,0,255,0,255,255
188,0,175,70,150,37,112,189,119,96,189,41,82,93,90,33,89,138,75,216,60,255,41,163,93,78,117,255,155,159,99,231,223,133,78,127,88,69,59,59,203,222,164,54,130,134,225,194,103,148,127,6,0,137,187,0,225,21,64,113,54,0,168,208,252,125,175,207,204,98,138,146,255,135,213,171,45,131,64,131,127,116,23,47,160,213,94,255,255,67,56,135,223,17,134,57,126,0,220,142,255,145,26,255,0,255,233,255,231,255,255,255,0,98,228,211,168,193,131,141,195,0,0,0,255,0,255,255
187,4,180,63,136,0,118,173,115,136,216,16,80,77,114,33,91,155,103,255,57,255,61,83,119,108,92,255,190,175,86,180,251,127,103,170,108,42,49,103,186,201,160,0,117,110,255,178,86,84,73,54,16,96,185,0,255,1,0,113,83,0,122,178,217,125,162,138,171,32,129,23,255,198,170,138,39,227,100,155,127,195,110,98,155,163,117,229,179,138,86,154,255,196,109,205,169,30,151,112,255,1,0,255,0,134,255,255,134,255,255,173,0,0,90,110,221,207,184,255,0,0,0,0,255,58,255,255
182,5,166,75,169,61,113,175,128,131,176,62,92,81,91,38,91,104,104,186,49,255,44,123,91,113,132,255,162,144,100,156,198,108,115,139,74,67,61,31,183,207,172,95,93,148,222,156,66,144,123,70,67,111,164,0,227,19,77,139,116,52,145,234,244,194,150,91,149,99,141,179,255,158,169,184,17,176,100,143,97,91,121,58,121,173,62,243,209,106,118,134,200,78,72,150,91,34,159,168,221,78,5,146,0,242,219,255,130,255,181,210,7,150,191,178,112,221,34,138,109,3,82,0,255,18,210,255
183,0,161,75,165,57,121,185,132,109,179,50,130,102,97,51,71,137,91,185,52,255,37,193,77,52,150,255,172,129,129,181,190,129,46,138,117,69,32,69,158,182,165,81,114,155,161,188,115,112,140,46,0,152,124,0,233,12,82,186,63,0,159,214,241,178,95,181,199,76,143,218,255,141,181,190,59,127,108,206,154,123,115,31,92,176,117,217,191,107,79,118,162,29,79,93,120,0,187,166,227,115,75,199,0,182,245,255,239,230,255,255,0,154,193,234,124,237,75,117,245,22,32,0,255,0,255,255
179,4,157,86,182,62,112,183,142,121,182,57,92,125,92,37,111,132,117,186,65,255,82,168,69,86,153,255,142,158,129,176,188,193,94,148,106,24,91,87,176,189,155,97,97,162,144,157,76,169,139,0,49,113,105,0,212,66,92,201,70,0,141,177,246,208,133,90,179,147,171,195,239,100,146,160,88,129,69,188,117,174,71,39,71,214,105,200,129,151,122,89,181,117,115,113,84,0,232,165,239,107,131,186,0,241,163,255,205,223,189,247,82,177,198,195,134,177,21,144,85,72,19,0,255,35,166,255
184,3,162,78,167,46,101,186,132,131,176,43,102,90,77,23,97,108,68,176,73,255,52,130,91,78,136,255,132,144,103,175,205,114,102,141,86,42,47,85,182,190,179,49,91,142,208,147,58,143,113,49,50,113,126,0,233,13,53,149,60,0,155,217,227,194,136,101,154,102,155,149,241,149,190,151,22,160,84,225,111,160,72,0,122,189,80,205,101,124,158,163,168,60,137,94,119,30,205,153,236,48,19,153,0,233,224,255,128,230,235,245,9,128,139,204,166,206,0,166,146,18,72,0,255,18,214,255
177,3,155,83,173,57,104,178,132,163,173,54,110,66,92,25,75,88,116,163,68,255,65,93,115,95,144,255,171,131,84,113,183,87,110,149,82,65,50,62,185,202,151,115,102,178,134,121,45,149,128,63,79,103,145,0,191,14,52,166,107,63,85,250,195,200,149,91,82,121,124,186,218,141,174,186,34,150,94,185,119,120,159,32,99,190,55,235,190,164,163,134,160,114,94,126,109,51,164,188,149,47,43,123,0,252,212,255,121,168,218,208,0,143,149,171,161,231,0,115,45,25,85,0,255,70,216,255
178,3,158,89,178,68,125,175,137,115,176,58,135,95,95,64,77,120,109,179,61,255,68,141,70,83,136,255,198,146,108,158,168,129,65,110,129,72,69,45,147,204,115,120,86,176,144,188,53,117,125,130,99,166,138,0,185,0,116,186,103,50,104,229,214,173,99,171,118,103,109,255,254,181,123,211,75,177,91,163,156,101,163,53,46,182,26,225,228,71,91,102,167,88,67,122,92,59,141,120,210,91,22,157,0,225,240,255,223,210,194,158,62,127,211,172,112,202,37,58,220,114,46,0,255,0,255,255
183,1,167,77,166,62,129,188,139,88,167,52,123,111,83,59,76,144,94,188,42,255,27,189,64,56,150,255,183,124,134,196,191,124,46,135,114,69,52,36,156,174,141,74,130,152,169,189,106,132,148,53,31,187,143,0,250,6,107,206,49,0,180,229,219,173,100,210,207,67,152,252,255,137,184,184,49,156,63,156,152,119,77,71,80,180,49,226,241,103,40,108,204,0,99,77,74,0,201,146,226,144,18,217,0,213,244,255,255,241,255,251,0,114,189,255,56,217,79,79,255,27,0,0,255,0,255,255
185,2,173,71,148,44,109,184,114,147,152,61,108,77,84,30,45,113,61,167,67,255,3,139,122,75,127,255,137,129,118,175,177,47,60,159,105,80,43,90,178,204,129,62,177,142,188,139,86,99,159,34,0,169,158,0,235,0,82,162,104,0,114,217,227,166,156,192,165,37,156,145,255,220,214,165,1,150,80,211,117,115,94,33,190,189,117,207,221,95,134,177,183,26,69,96,103,12,161,167,187,107,0,187,0,206,255,255,181,210,255,255,0,39,144,147,179,249,4,122,221,38,136,0,255,0,255,255
186,2,168,79,149,39,102,194,117,140,138,44,109,65,74,3,40,116,80,172,81,255,23,121,119,71,114,255,124,100,85,210,194,86,55,125,89,81,63,81,246,209,136,87,148,102,181,166,93,73,137,71,38,133,152,0,208,4,56,161,125,0,140,255,183,161,169,182,113,66,176,122,223,141,183,162,8,173,54,211,59,104,93,48,156,201,138,206,223,95,103,157,210,13,117,75,147,45,137,223,187,88,0,217,0,220,255,255,179,200,255,255,0,62,144,163,214,237,0,112,162,0,90,0,244,0,255,255
188,1,167,71,147,42,108,192,122,128,145,41,131,87,77,46,44,146,80,170,48,255,8,175,98,59,124,255,142,101,90,206,213,60,45,114,78,88,40,51,166,190,133,38,160,117,216,195,112,83,132,73,10,195,145,0,232,27,119,199,92,0,174,255,179,188,143,212,196,24,198,129,255,166,197,178,0,164,57,179,76,110,116,87,174,186,138,254,241,58,48,177,249,0,108,76,119,11,205,197,195,106,0,224,0,209,255,255,255,239,255,253,0,20,109,228,149,255,51,151,255,0,103,0,255,0,255,255
182,2,171,75,155,63,105,194,105,199,124,74,130,63,54,27,0,109,91,142,87,255,38,121,159,97,136,255,126,104,144,150,145,2,70,152,83,101,69,55,177,230,88,151,186,170,146,101,110,60,97,70,11,192,102,0,175,0,48,183,219,12,71,255,185,186,167,199,108,74,85,189,172,203,255,192,0,181,109,202,112,106,156,32,165,219,118,172,171,191,159,198,168,80,65,109,114,97,105,233,177,143,7,146,0,200,255,255,205,187,255,240,0,0,108,134,121,153,0,77,197,112,193,0,255,0,214,255
180,5,160,89,178,69,101,176,127,139,153,81,107,80,73,31,37,103,103,179,78,255,67,101,96,89,143,255,149,122,107,156,178,105,100,108,81,79,97,45,196,254,156,105,141,150,141,132,98,114,110,133,94,118,115,0,179,40,61,184,175,27,100,255,231,211,166,72,67,130,150,206,148,177,136,168,53,177,80,166,96,103,138,22,70,193,81,225,144,128,192,121,141,117,135,152,129,104,123,239,193,29,0,104,0,255,251,255,155,191,209,207,66,92,163,159,151,162,0,66,144,132,75,0,222,8,190,255
180,4,161,82,161,60,98,168,132,165,155,78,104,64,72,29,45,74,96,177,56,255,62,76,126,123,132,255,145,98,99,121,190,65,113,113,90,88,79,21,229,254,166,128,115,168,190,120,76,101,98,107,94,85,118,0,178,37,71,139,181,59,58,255,186,206,179,37,73,124,128,160,169,212,146,177,3,221,138,166,72,95,171,32,92,175,69,232,132,119,202,139,142,64,63,188,99,86,108,238,163,44,0,107,0,186,236,255,113,213,211,170,22,112,105,166,131,245,0,143,136,119,110,0,188,32,226,255
180,4,163,78,171,52,102,187,131,153,172,57,90,69,75,13,96,77,92,184,70,255,51,97,116,116,127,255,147,114,87,164,206,106,122,139,73,76,79,47,235,200,176,97,72,135,173,138,17,133,96,60,115,68,139,0,198,16,61,168,131,40,133,253,245,186,169,55,94,124,155,147,195,161,173,162,0,166,90,191,83,115,87,14,92,180,60,203,129,165,183,113,190,80,109,145,99,81,145,208,208,52,0,117,0,241,208,255,101,231,197,177,38,214,130,179,180,201,0,156,33,12,126,0,255,47,247,255
182,4,162,83,160,50,102,180,129,148,145,51,123,62,72,25,55,107,91,187,71,255,63,114,105,80,131,255,154,108,89,160,191,102,53,102,95,86,69,45,238,202,158,78,106,135,157,169,85,85,102,136,66,113,116,0,178,23,56,173,148,13,108,255,187,171,152,134,68,103,96,177,211,175,179,189,28,199,97,192,96,112,139,51,80,184,86,245,183,117,178,170,150,71,149,153,153,91,155,215,200,68,0,158,0,227,255,255,187,222,255,213,27,96,108,148,204,249,0,118,149,17,73,0,248,31,255,255
182,5,165,76,164,55,119,183,117,141,158,65,116,89,82,41,75,105,84,163,66,255,39,131,114,69,149,255,160,117,125,135,158,60,70,145,86,82,52,83,154,218,120,80,146,180,177,151,71,122,150,54,32,166,139,0,225,0,84,160,100,52,137,227,234,187,125,142,136,64,163,160,233,182,200,178,15,161,87,191,113,133,129,86,136,154,138,242,213,92,126,117,176,43,73,112,72,20,176,172,201,116,67,156,0,193,255,255,195,229,255,223,2,86,185,163,173,253,11,92,216,146,128,0,248,0,255,255
191,6,174,80,150,39,107,185,120,130,167,45,127,89,89,38,69,151,43,170,52,255,7,137,99,63,121,255,135,143,96,161,147,87,79,111,91,65,45,116,167,215,111,38,168,151,207,201,102,113,145,92,25,209,125,0,255,13,76,149,112,16,156,211,165,164,112,183,191,16,154,117,255,223,128,188,0,175,53,197,112,103,76,42,167,198,139,236,188,0,136,150,201,58,132,77,98,34,207,126,171,107,0,183,0,218,255,255,255,239,255,255,0,0,103,226,170,229,81,111,255,32,47,0,255,0,255,255
186,3,175,69,144,28,104,189,117,128,167,37,90,60,74,7,71,117,74,201,74,255,27,116,128,75,106,255,131,132,86,207,209,97,79,138,93,68,68,76,239,205,171,58,127,110,206,181,70,111,126,32,43,106,160,0,240,0,25,115,101,7,154,236,187,108,171,164,138,62,128,123,255,167,205,178,0,174,58,179,100,125,56,55,153,201,74,232,255,110,92,125,249,9,101,110,145,47,188,177,249,91,0,255,0,255,244,255,184,255,255,255,0,42,167,163,204,236,60,153,94,0,54,0,255,22,255,255
180,3,157,86,178,69,121,178,135,110,168,63,123,105,81,59,92,127,100,187,51,255,77,157,70,94,149,255,187,131,126,161,176,137,77,118,111,49,79,36,178,201,144,108,79,170,137,175,74,138,125,112,70,153,137,0,188,31,97,190,93,41,120,224,250,220,111,127,129,123,135,242,211,145,140,186,83,177,91,156,135,118,102,63,43,188,80,228,161,110,129,98,136,55,138,87,83,27,174,165,207,95,40,137,0,219,204,255,211,219,208,184,71,166,188,219,110,188,12,96,214,135,29,0,250,0,206,255
187,2,168,76,161,54,114,193,122,113,159,55,126,95,92,61,68,153,82,185,44,255,18,190,74,71,125,255,156,114,102,214,206,108,65,122,75,79,46,46,157,204,180,48,151,118,182,196,104,134,123,111,23,174,161,0,232,21,105,203,86,0,196,234,241,188,113,210,187,30,192,166,255,165,189,179,39,160,69,167,98,91,108,69,157,196,111,255,248,66,86,145,221,27,164,74,124,0,182,144,228,101,0,173,0,242,255,255,249,228,255,255,0,67,169,214,151,250,46,74,255,0,13,0,255,0,255,255
182,6,167,83,171,64,111,189,114,147,158,63,137,79,78,39,70,119,88,162,76,255,32,135,109,71,148,255,152,122,111,152,137,60,98,110,91,93,70,82,170,227,124,88,150,140,153,164,52,98,135,114,72,193,135,0,218,0,97,187,149,33,150,198,224,167,104,144,118,50,127,200,224,200,181,200,21,150,88,196,114,112,118,10,105,196,73,238,199,104,156,136,171,104,98,93,78,68,139,145,180,71,0,100,4,222,255,255,205,206,226,194,43,58,154,159,147,222,0,28,224,141,128,0,255,0,244,255
188,4,172,77,155,42,112,176,113,132,162,55,119,96,92,49,51,123,18,155,72,255,27,133,97,68,125,255,146,146,108,160,171,59,74,135,101,74,44,120,179,197,127,93,144,134,167,153,106,99,111,92,9,176,127,16,222,32,57,137,102,0,117,250,186,205,180,172,162,54,133,150,215,248,203,149,29,162,99,212,125,104,69,9,135,173,126,192,100,72,159,192,133,0,105,103,118,44,163,167,197,104,22,157,0,174,255,255,202,228,255,255,0,49,119,162,137,199,1,124,255,140,82,0,255,0,218,255
191,2,169,75,137,24,107,196,113,134,166,22,148,83,98,32,45,151,43,162,51,255,0,162,110,46,103,255,132,127,71,212,195,44,58,116,104,52,23,133,166,190,130,44,152,95,246,189,118,49,134,57,0,228,180,0,246,24,89,143,91,0,133,227,109,172,164,232,229,11,148,119,255,221,184,177,0,176,42,237,76,89,107,28,236,183,149,226,173,0,20,193,212,0,95,73,155,0,185,122,214,62,0,255,0,196,255,255,223,240,255,255,0,0,82,248,154,255,109,148,255,0,23,0,255,0,255,255
193,0,179,85,111,0,83,195,126,146,173,22,138,97,103,47,47,144,55,170,0,255,0,173,132,114,67,255,101,116,49,221,202,64,40,90,97,61,17,39,175,145,131,122,202,120,255,162,151,51,32,38,0,215,148,0,208,106,97,177,135,0,75,229,101,123,208,255,255,34,116,98,255,227,132,135,0,255,10,234,69,0,100,38,255,207,140,237,106,0,0,205,205,0,192,91,167,0,164,106,213,126,0,245,0,234,255,255,194,255,255,205,0,0,105,255,133,255,96,255,255,0,2,0,255,0,255,255
194,3,190,91,110,5,80,176,113,111,146,13,85,129,102,7,77,152,23,193,89,255,0,111,103,43,60,255,121,155,37,255,205,102,68,119,117,73,71,184,182,201,182,0,140,101,250,158,176,118,126,5,0,186,244,4,255,4,94,58,93,0,96,173,164,118,232,255,255,8,220,61,255,183,110,82,10,119,111,227,53,103,12,0,255,201,177,255,101,0,0,179,131,89,255,117,186,0,203,0,255,0,0,255,0,171,255,255,127,217,255,255,0,0,69,219,255,191,3,79,255,0,0,0,255,0,238,255
186,6,165,83,161,46,118,179,125,127,168,46,109,111,94,57,94,139,52,171,48,255,36,154,82,77,130,255,164,146,101,175,191,96,70,144,111,41,47,102,145,189,140,72,102,150,193,162,89,133,126,81,21,182,179,0,224,20,122,154,73,17,138,213,223,211,138,173,172,59,175,155,255,183,166,160,58,176,83,205,103,124,89,65,160,181,133,228,176,49,110,162,193,35,132,101,100,0,204,114,222,115,48,181,0,199,239,255,205,252,255,255,0,83,155,220,148,240,75,166,255,0,10,0,220,0,129,255
184,1,165,72,166,53,117,193,121,118,178,60,112,93,83,32,69,124,75,188,63,255,31,156,112,69,136,255,163,127,110,181,195,93,74,137,117,58,34,67,169,215,145,78,133,128,212,168,86,119,130,58,19,164,201,0,234,0,83,162,76,14,169,230,240,183,140,173,144,56,141,195,255,141,189,180,51,172,44,194,126,140,85,58,133,178,84,244,230,74,86,107,210,36,75,74,135,0,164,151,248,79,0,184,0,252,255,255,214,238,255,255,0,114,177,251,145,200,51,75,199,0,46,0,255,0,255,255
191,2,177,77,146,32,115,195,121,93,173,33,129,119,90,44,57,160,47,172,48,255,0,170,72,34,117,255,145,144,90,234,212,68,53,147,99,61,41,130,134,173,138,0,156,107,223,195,133,96,138,58,0,210,192,0,255,0,66,167,51,0,156,235,140,167,150,255,226,0,142,148,255,205,204,141,25,176,20,218,102,120,64,40,192,160,90,232,196,32,20,122,206,0,135,65,210,0,192,106,255,80,0,247,0,255,255,255,239,246,255,255,0,0,112,255,166,247,165,83,255,0,0,0,255,0,255,255
190,4,172,75,157,44,117,190,117,127,170,53,120,120,96,55,88,150,20,164,28,255,18,175,84,74,126,255,143,133,102,182,194,65,102,129,97,53,28,110,136,205,157,54,147,149,211,161,101,152,99,58,0,216,171,3,255,36,104,138,55,0,161,241,177,207,148,211,220,17,172,103,255,233,221,163,35,188,29,253,117,96,65,30,185,181,106,209,145,43,108,153,176,0,136,97,139,0,193,84,224,113,19,172,0,201,255,255,244,230,255,255,0,0,108,246,104,205,91,99,255,0,11,0,255,0,202,255
191,5,179,90,119,8,81,173,120,134,162,39,107,96,95,37,47,146,57,175,20,255,0,144,142,85,63,255,76,141,86,227,186,103,55,110,108,52,58,68,215,201,166,114,201,123,241,164,140,69,89,71,0,140,144,0,215,61,29,127,156,0,80,229,99,131,214,225,235,83,128,98,255,212,120,111,0,255,55,175,55,1,113,62,255,231,168,232,151,3,25,200,208,31,210,123,214,1,197,157,255,82,0,255,0,212,255,255,163,255,255,255,0,0,138,178,168,255,99,214,186,0,0,0,210,0,255,255
193,0,172,81,138,28,101,183,126,103,186,27,121,104,103,43,69,150,43,191,37,255,4,166,86,83,111,255,149,138,65,209,223,102,85,112,106,13,11,87,175,180,183,42,121,109,255,186,131,86,110,90,0,175,180,0,251,75,89,150,61,0,110,196,193,201,171,211,231,50,159,143,255,187,162,112,53,196,105,231,104,95,48,0,200,213,87,198,113,32,58,185,156,6,199,51,141,0,164,69,255,74,0,208,0,194,255,255,160,255,255,255,0,34,99,255,179,221,100,201,255,0,0,0,255,0,255,255
181,4,155,81,175,52,103,181,121,147,187,50,116,84,105,38,92,109,77,192,78,255,68,133,96,82,134,255,168,144,89,150,191,119,101,122,100,64,42,84,172,227,163,79,80,147,179,142,61,128,92,96,34,124,160,0,196,26,93,158,96,16,128,213,254,202,146,88,109,94,164,173,225,144,148,171,58,127,88,229,169,140,122,0,116,193,99,243,131,99,185,170,159,146,150,133,116,33,189,152,223,11,22,113,0,255,208,255,154,254,220,228,102,156,150,164,229,167,0,149,134,17,52,0,255,32,223,255
179,5,151,93,194,59,113,189,138,122,188,39,119,103,97,45,125,111,107,187,73,255,79,144,73,76,147,255,178,145,104,158,186,151,104,124,102,71,65,66,159,194,133,106,54,140,134,153,18,178,74,103,111,132,124,0,177,24,122,225,103,27,137,208,252,233,138,86,102,112,160,220,203,133,127,174,66,147,66,192,137,146,85,9,29,204,39,219,45,151,111,107,156,128,166,114,88,60,185,105,230,66,62,122,29,253,182,255,177,207,215,149,120,199,168,193,155,157,0,122,116,112,75,0,255,41,169,255
176,6,146,90,192,45,113,177,137,135,213,40,105,107,109,50,128,107,107,187,85,255,95,123,103,65,147,255,192,177,128,119,161,140,105,165,117,42,49,108,130,198,119,103,75,158,123,114,23,164,94,44,75,125,130,0,199,17,108,214,72,22,102,159,255,216,138,44,114,126,164,192,219,106,127,168,90,168,78,180,186,183,100,15,36,173,99,215,37,160,126,72,172,178,112,151,110,60,214,141,237,21,111,149,29,228,137,255,175,215,186,149,132,208,180,173,219,182,12,166,42,63,75,0,255,73,225,255
178,1,154,80,181,55,130,183,127,101,204,53,130,107,106,56,99,114,85,184,75,255,59,158,90,38,158,255,202,136,115,140,173,116,66,144,126,67,37,88,115,190,124,94,92,170,126,153,50,159,113,46,59,160,143,0,194,0,115,204,56,41,146,180,255,207,102,133,119,84,151,236,248,125,124,190,77,90,102,170,194,141,111,5,61,162,94,255,151,107,99,53,159,92,115,88,79,11,184,119,234,86,108,155,3,208,194,255,238,236,255,199,74,211,242,211,186,160,10,90,227,112,57,0,255,0,255,255
181,8,171,78,170,50,117,174,122,113,190,53,82,104,84,47,103,123,82,193,61,255,45,112,88,80,141,255,167,169,119,166,189,100,97,164,92,77,91,75,159,193,138,66,92,177,177,164,70,168,143,38,77,122,141,0,232,0,61,107,105,74,111,206,255,153,143,121,121,94,123,179,255,192,179,174,68,152,98,153,108,101,52,52,96,172,81,205,191,113,118,72,186,88,85,153,110,43,175,166,247,118,55,213,0,241,187,255,162,255,196,206,0,135,245,169,157,197,70,123,147,15,35,0,255,0,191,255
185,2,170,72,154,45,115,185,123,123,166,57,104,91,80,39,72,123,73,188,59,255,30,149,102,84,129,255,150,138,111,194,200,114,57,144,105,38,58,66,188,186,164,55,128,145,199,174,95,111,151,34,0,146,169,0,237,9,69,148,66,0,133,220,217,162,128,194,153,84,147,175,255,161,210,178,51,189,84,190,113,142,88,69,156,181,114,215,241,62,127,133,203,23,82,107,110,0,182,161,228,118,0,237,0,182,255,255,206,255,255,255,0,92,154,193,158,247,65,125,210,0,38,0,255,0,255,255
189,1,174,72,155,49,110,198,129,111,149,54,105,124,91,30,88,160,79,185,55,255,6,187,80,62,124,255,132,112,98,209,217,138,49,131,87,70,63,75,197,173,181,6,151,104,198,198,120,138,145,31,0,174,154,0,255,16,81,191,56,0,210,217,200,139,125,233,237,22,166,135,255,112,200,177,53,144,36,207,70,117,53,54,143,185,115,255,255,87,74,151,215,0,130,50,179,0,229,161,224,93,17,217,0,255,255,255,240,222,255,255,0,43,144,230,158,255,107,48,251,0,0,0,255,0,255,255
184,5,169,77,151,42,107,165,128,123,169,65,85,98,90,53,104,122,76,186,42,255,42,148,92,96,111,255,153,132,122,190,193,112,83,141,90,75,65,32,193,204,170,57,118,170,211,175,81,155,145,48,36,105,150,0,244,6,50,141,86,22,157,228,255,176,134,130,183,86,163,141,255,189,158,134,35,181,124,127,94,103,97,72,155,170,143,237,185,87,126,146,180,47,127,139,137,27,193,178,249,110,45,201,0,194,209,255,145,255,228,208,0,142,180,167,164,255,64,176,177,0,30,0,255,2,255,255
190,0,171,76,149,32,108,199,124,98,181,30,120,107,91,37,77,138,40,174,63,255,1,165,87,41,120,255,154,129,82,226,202,83,66,123,92,62,8,112,136,185,155,0,140,118,240,161,104,108,131,39,0,212,200,0,255,5,80,162,9,0,186,203,213,166,139,240,226,25,197,119,255,144,196,132,20,136,45,240,139,146,39,0,210,174,91,250,157,38,41,137,185,0,179,27,142,0,187,73,250,57,0,232,0,247,255,255,192,227,255,255,0,76,138,255,247,220,81,99,255,0,8,0,255,0,255,255
189,3,173,75,149,38,119,183,128,103,186,44,109,107,91,53,78,139,50,179,44,255,12,160,84,59,123,255,160,149,117,193,189,83,62,155,105,61,57,92,162,182,122,65,149,144,182,197,96,123,153,42,28,173,153,0,248,1,73,172,69,1,158,215,206,170,142,211,220,51,145,169,255,211,185,169,15,148,75,165,125,99,49,65,138,187,106,217,206,51,69,135,206,0,106,61,105,0,211,142,229,145,35,229,0,228,244,255,234,244,255,255,0,47,197,247,128,255,146,153,255,0,5,0,255,0,255,255
181,0,160,79,171,61,120,185,131,113,181,59,122,96,92,49,64,127,98,192,59,255,63,165,80,70,139,255,187,139,127,165,188,126,64,134,129,54,45,53,170,208,163,99,118,153,172,169,97,116,125,72,15,151,157,0,206,8,79,182,78,4,154,195,241,192,107,153,161,104,114,255,255,135,173,188,90,158,103,171,156,137,108,26,84,197,69,239,204,106,97,129,166,77,95,89,113,8,165,150,247,92,34,180,0,216,234,255,225,235,255,239,44,141,191,221,133,184,55,64,191,0,35,0,255,0,255,255
185,0,163,74,169,52,132,199,134,86,183,31,140,111,95,62,92,157,89,182,50,255,9,204,67,32,146,255,186,127,119,212,194,137,40,144,120,67,31,74,133,161,146,46,104,133,159,214,88,143,142,48,24,197,154,0,255,0,106,222,30,0,208,194,210,194,82,226,213,30,147,255,255,123,172,195,41,121,50,178,145,152,84,67,100,192,62,255,229,81,23,104,219,8,117,39,87,0,217,77,250,152,76,225,0,237,241,255,255,255,255,255,0,93,201,255,95,238,104,64,255,0,0,0,255,0,255,255
184,0,169,70,163,67,126,189,129,109,161,66,121,96,78,59,54,125,92,181,47,255,20,179,87,79,151,255,172,120,135,171,196,82,62,142,97,74,42,27,155,202,150,87,158,158,184,183,97,115,147,69,12,180,150,0,232,0,114,190,74,3,160,239,246,185,114,201,199,65,174,234,255,157,221,197,46,166,94,151,129,116,105,78,122,190,69,234,255,95,79,145,214,0,64,57,38,0,178,172,210,135,14,178,0,181,255,255,255,217,255,233,0,89,182,229,51,219,31,51,255,84,68,0,255,0,255,255
182,4,165,73,179,69,131,194,127,115,174,61,120,116,88,48,104,136,97,187,49,255,35,181,86,57,164,255,172,125,123,155,196,125,66,138,99,73,49,66,144,184,143,77,116,156,168,187,80,158,129,44,42,178,152,0,235,0,119,190,75,36,198,221,246,175,97,179,171,60,150,219,255,124,199,210,48,144,34,202,136,124,99,100,87,165,73,255,255,112,78,85,208,43,83,93,92,0,222,145,245,130,75,174,0,246,219,255,255,233,243,254,3,118,205,254,76,194,57,50,215,11,20,0,255,0,243,255
182,3,161,79,180,61,126,197,141,107,180,40,118,104,85,42,104,134,91,181,62,255,41,176,77,39,156,255,167,134,134,182,192,141,53,147,111,58,34,90,137,166,137,58,110,147,144,183,67,161,137,47,49,174,126,0,235,0,101,207,46,15,213,190,252,165,80,192,161,74,150,234,255,116,182,197,51,111,38,217,149,161,70,60,69,187,77,241,222,101,92,97,202,71,113,74,80,0,214,125,243,138,81,176,0,255,207,255,255,217,255,255,33,164,227,253,128,196,76,87,211,16,15,0,255,0,251,255
181,1,164,78,163,64,118,184,134,118,147,58,124,103,83,50,78,129,104,176,31,255,33,171,69,95,149,255,161,112,111,180,200,99,56,124,90,96,62,14,187,165,146,100,101,155,188,177,92,107,134,83,54,151,135,0,220,30,108,181,82,11,136,255,211,190,130,174,172,85,155,181,255,155,201,176,35,199,76,177,81,66,117,79,81,157,63,219,212,137,50,110,174,0,90,105,116,10,169,204,195,110,0,163,0,201,255,255,211,197,252,194,0,123,165,215,79,255,29,122,219,65,95,0,255,0,255,255
189,0,170,68,137,35,106,194,111,133,156,29,149,71,99,37,18,155,63,179,55,255,0,180,104,72,122,255,137,106,72,241,214,92,25,120,96,63,26,53,203,177,168,70,129,84,233,195,118,48,154,71,0,181,168,0,227,47,96,193,108,0,115,255,137,177,164,255,212,56,152,145,255,211,240,169,0,182,107,229,94,71,121,21,208,200,113,144,193,58,14,201,200,0,73,96,135,0,148,122,225,139,0,255,0,130,255,255,202,255,255,255,0,2,70,196,107,255,0,163,255,0,70,0,255,0,255,255
178,4,165,76,158,55,106,188,106,211,144,60,122,54,64,6,24,90,98,159,109,255,64,84,162,80,167,255,153,133,106,107,143,20,57,159,109,93,75,103,198,220,76,146,137,185,122,89,90,82,113,39,38,152,98,0,178,0,24,165,199,93,53,253,193,163,170,156,55,123,36,206,187,218,255,219,2,153,147,196,123,156,143,22,89,201,96,187,200,245,194,176,140,106,43,132,138,116,115,206,208,166,84,171,10,215,255,238,206,229,255,180,0,21,131,111,155,166,0,108,87,80,207,0,255,93,168,255
181,4,171,69,172,61,131,191,130,118,184,48,100,101,104,44,84,129,119,202,56,255,27,130,84,83,132,255,168,161,125,152,211,142,59,191,110,71,74,66,162,168,113,80,118,142,174,196,46,148,159,31,48,141,154,0,215,0,109,212,115,25,155,195,216,161,112,192,162,85,97,204,255,136,176,196,28,143,57,189,144,114,109,87,91,175,12,227,254,118,79,91,225,110,40,111,83,43,225,101,238,140,21,208,0,252,204,255,184,217,216,214,10,88,227,160,144,150,93,123,131,0,85,0,255,44,255,255
179,2,158,78,171,51,110,171,128,108,197,60,103,91,101,37,75,118,104,190,60,255,66,139,95,76,147,255,175,155,107,161,182,138,101,146,109,43,42,76,161,217,169,85,98,171,170,149,71,140,132,40,40,91,147,0,227,26,58,167,75,0,114,210,255,204,137,76,148,104,139,193,255,113,123,144,72,138,93,154,173,143,129,18,105,178,108,218,166,136,112,63,176,111,102,133,131,22,192,184,238,46,26,155,0,238,202,255,163,255,192,211,39,197,186,189,178,173,54,143,97,17,42,0,255,28,255,255
180,3,164,79,139,37,95,164,129,189,134,65,91,59,43,11,7,98,80,161,73,255,75,67,158,110,113,255,114,126,146,166,176,57,49,178,107,96,82,55,203,202,99,115,179,167,126,78,95,56,112,38,41,123,108,0,204,10,16,151,126,30,59,255,203,135,195,148,86,115,152,130,188,187,180,168,0,194,86,180,151,137,142,69,135,192,125,190,179,142,238,187,177,57,74,123,139,76,137,255,138,87,0,208,0,232,255,255,159,237,255,255,27,0,166,140,206,216,0,225,80,49,128,0,156,63,255,255
177,6,166,85,156,56,110,185,126,192,129,57,128,73,46,7,54,96,104,143,71,255,77,98,151,116,130,255,144,102,146,131,127,35,76,159,108,82,88,92,205,200,92,168,128,167,143,94,34,60,93,66,81,159,99,0,202,0,54,186,170,92,97,245,176,167,155,120,130,93,87,158,178,168,220,198,0,215,88,220,128,125,132,91,109,144,102,211,173,192,173,103,182,29,76,113,119,81,121,210,194,122,0,93,0,203,255,255,213,207,251,198,31,74,111,190,170,167,0,109,99,155,182,0,195,4,244,255
182,5,164,83,153,47,99,167,109,170,156,65,111,53,73,27,16,88,81,172,84,255,66,87,133,83,129,255,153,128,99,139,169,53,81,139,126,71,65,64,210,247,128,126,160,152,150,135,88,69,129,111,52,122,133,8,179,18,44,183,193,16,50,239,186,202,176,130,61,98,99,183,203,220,170,175,35,198,160,175,123,142,163,35,133,212,108,202,180,114,209,191,158,106,88,151,103,107,100,174,185,85,0,151,7,170,255,255,142,232,255,236,39,62,132,104,222,219,0,132,140,104,135,0,138,49,244,255
184,4,170,77,161,53,115,183,125,124,161,62,111,93,90,42,65,124,78,186,65,255,30,147,83,78,131,255,159,126,120,173,188,97,65,142,98,78,59,54,180,210,156,55,141,149,192,178,92,121,146,92,28,149,153,0,227,0,89,168,101,16,138,228,230,177,128,166,151,47,137,186,255,182,185,183,43,176,81,178,112,100,105,71,125,171,96,255,240,69,138,136,181,57,107,121,122,26,166,164,221,109,0,157,0,244,252,255,213,241,248,247,6,83,175,169,172,243,75,90,239,50,47,0,255,0,255,255
186,0,165,77,163,51,110,193,133,103,163,38,108,105,88,43,91,151,100,199,55,255,36,194,56,83,132,255,145,130,98,237,248,151,59,131,84,70,55,41,189,155,171,42,99,104,179,209,106,150,123,60,27,140,141,0,228,42,89,178,48,0,177,230,247,176,138,205,182,71,177,188,255,117,193,179,68,130,56,171,73,130,54,48,97,220,79,246,232,119,61,153,194,28,138,50,141,0,194,167,250,121,36,231,0,255,251,255,219,241,255,255,0,105,217,221,124,244,67,129,221,0,15,0,255,0,255,255
191,1,176,71,134,14,100,181,113,100,181,27,84,94,90,38,105,152,55,211,77,255,11,170,101,73,93,255,155,129,94,255,230,120,69,142,78,52,63,82,197,209,183,0,109,92,239,205,92,123,145,29,0,123,200,0,254,9,61,125,28,0,194,184,255,145,178,215,233,47,185,109,255,156,214,97,43,107,128,138,76,160,15,21,210,215,160,255,226,84,17,182,240,7,155,57,162,0,212,120,255,123,24,255,0,242,255,255,157,255,255,255,0,88,215,186,227,255,107,242,211,0,0,0,255,0,255,255
190,0,163,83,144,30,105,186,124,129,157,30,116,84,100,30,76,134,76,188,61,255,26,144,108,96,89,255,164,123,63,219,224,141,61,97,122,24,41,67,237,200,179,56,67,109,243,188,92,48,117,106,0,152,215,0,205,45,89,160,104,0,108,206,170,188,156,189,180,87,151,149,255,126,121,128,26,231,81,216,81,110,126,50,203,191,122,240,155,48,66,182,177,63,190,66,159,0,177,116,245,55,0,252,0,202,255,255,107,255,255,255,0,52,78,217,226,251,50,211,190,0,0,0,149,46,255,255
180,2,156,85,171,31,116,185,124,118,210,22,127,80,115,60,95,124,92,198,79,255,53,128,100,54,105,255,240,159,91,128,195,94,89,136,115,60,24,74,145,216,169,68,103,122,197,142,82,113,82,115,46,156,199,0,200,8,76,179,60,43,133,174,227,161,135,130,140,64,124,185,255,129,152,182,91,197,120,154,170,125,133,7,113,143,48,255,112,108,67,148,225,122,183,100,169,75,196,112,233,0,0,202,0,225,243,255,134,231,255,180,0,108,151,223,239,225,47,164,129,0,0,0,255,0,255,255
178,3,156,76,169,34,104,176,116,158,207,30,114,61,107,28,82,118,105,218,79,255,84,114,113,71,126,255,197,172,85,94,223,123,90,165,111,54,5,97,178,219,193,40,105,134,192,109,105,109,94,81,26,109,158,0,228,30,53,133,72,18,103,219,255,120,139,83,124,76,127,81,255,115,193,216,74,182,102,208,219,146,167,35,132,111,115,255,156,168,190,161,204,197,115,176,195,60,209,172,217,0,0,211,23,210,236,255,144,255,214,206,0,125,101,150,255,177,56,166,36,0,0,0,255,20,255,255
176,2,154,83,171,35,111,171,124,151,212,26,114,63,125,45,77,111,111,215,82,255,94,102,110,85,107,255,237,167,95,96,194,117,86,162,142,71,21,72,195,221,148,81,93,115,162,107,104,91,108,107,57,118,164,0,201,50,65,173,77,31,68,206,234,139,149,93,123,89,94,112,255,114,121,198,103,198,139,154,206,144,166,20,66,132,88,255,116,182,156,159,195,184,107,155,171,127,164,177,174,0,11,199,27,185,224,255,128,245,187,169,0,184,126,152,255,193,40,183,56,0,6,0,255,0,255,255
181,4,160,82,166,37,102,179,120,136,182,36,121,72,104,31,74,113,90,191,81,255,47,116,87,81,111,255,175,160,82,162,199,108,104,140,104,67,43,79,198,209,178,63,83,125,217,141,86,116,102,103,52,107,166,0,233,16,29,136,94,0,99,236,183,180,141,91,125,61,116,152,255,163,156,163,43,189,96,186,147,136,140,11,136,152,56,239,93,114,124,159,178,118,132,138,200,88,168,156,221,0,0,181,0,223,255,255,105,219,227,170,0,108,80,165,204,182,0,138,110,0,31,0,255,35,255,255
176,3,154,85,174,41,117,177,126,136,202,36,131,68,120,52,86,109,118,207,76,255,68,103,99,88,126,255,244,163,86,104,178,105,99,150,124,62,41,76,173,225,145,100,95,146,170,116,65,126,88,113,73,111,170,0,194,17,71,181,79,75,65,202,223,178,152,85,111,74,90,181,255,157,139,201,81,212,129,139,180,119,171,20,63,132,47,255,111,150,130,122,193,128,115,129,161,101,140,135,180,0,0,142,29,197,222,255,140,225,209,119,0,122,149,155,191,191,17,154,92,0,29,0,255,4,255,255
