161,29,148,82,241,74,109,75,97,188,218,50,111,159,128,43,20,92,166,150,57,217,68,80,78,94,188,145,140,117,68,105,130,98,87,150,160,56,129,131,147,142,76,194,68,162,121,71,98,193,213,80,180,147,91,125,166,81,169,194,255,106,52,242,185,231,159,0,124,5,114,235,186,255,63,168,88,120,111,117,108,80,150,70,93,47,131,138,142,66,73,130,172,230,95,250,98,92,41,230,180,25,54,76,33,227,188,253,148,252,255,70,39,132,122,68,173,159,0,229,85,71,90,0,177,141,4,255
153,29,126,61,255,75,79,80,78,190,252,18,80,138,197,26,0,80,182,235,0,124,16,16,186,19,205,112,146,44,66,98,123,218,42,226,165,37,90,145,182,159,36,222,49,255,121,0,107,197,255,0,145,203,152,113,208,80,167,168,158,138,14,145,173,239,137,11,235,0,122,221,208,255,175,192,151,33,114,243,35,239,212,47,151,0,255,145,186,241,0,214,88,255,255,255,73,0,124,185,91,31,0,151,0,255,255,255,63,255,242,43,0,0,0,131,255,253,27,255,77,43,0,0,96,199,40,255
154,30,120,46,255,101,114,90,61,210,255,21,69,170,204,50,0,134,121,234,0,174,35,39,236,62,98,23,124,19,97,146,70,255,97,242,145,46,79,219,239,113,0,187,0,231,130,0,126,220,255,0,149,157,178,162,206,45,165,149,139,172,31,186,139,169,146,64,229,0,55,255,238,255,94,255,85,27,123,255,22,250,126,32,166,0,255,222,255,235,0,255,101,255,255,213,134,0,255,81,79,0,71,82,0,231,235,255,255,255,255,0,0,0,0,0,240,255,119,255,0,255,0,0,19,209,0,255
154,25,164,70,255,79,133,129,132,204,167,131,147,184,143,113,55,150,204,104,40,207,65,116,20,120,252,178,114,147,150,67,225,168,40,99,133,118,243,183,89,236,85,192,74,144,75,78,199,165,231,23,100,155,39,111,104,74,173,255,255,162,50,229,119,175,249,161,207,51,211,170,162,249,151,131,0,169,142,162,127,119,255,0,189,60,162,200,72,110,55,137,255,255,0,255,0,21,173,180,228,21,168,144,46,255,212,197,143,212,255,116,135,0,255,152,202,220,0,212,0,0,34,135,255,94,0,255
153,32,154,63,255,74,135,120,110,208,190,67,132,158,141,80,43,93,185,79,57,255,100,89,60,105,255,161,75,98,160,112,160,112,1,118,95,102,114,214,89,223,0,190,97,246,0,23,146,207,255,26,91,174,56,0,86,38,161,255,154,212,121,188,178,153,235,89,232,0,219,188,138,192,179,135,62,201,32,189,0,209,196,142,227,0,161,203,146,143,0,117,255,255,91,236,42,33,166,250,87,22,104,184,0,255,208,224,211,218,255,218,0,0,242,125,165,255,0,255,22,4,15,29,255,0,0,255
151,22,160,64,255,48,142,130,158,204,160,124,190,199,129,71,114,120,169,101,38,255,116,141,70,128,236,127,49,112,154,119,208,140,50,86,84,113,156,205,99,204,53,127,68,148,0,127,12,213,251,0,88,228,52,32,73,0,108,255,229,119,73,137,120,159,224,140,178,38,255,72,167,162,165,105,96,255,165,175,51,192,245,120,212,110,102,185,105,47,40,171,255,255,18,255,0,4,231,167,172,0,225,72,25,255,223,103,128,234,255,221,3,100,255,74,90,160,0,221,0,0,0,215,255,31,22,255
154,32,156,66,255,84,146,129,122,207,185,84,161,173,119,90,77,114,196,126,56,255,136,132,56,45,255,150,27,134,163,96,152,143,49,96,86,104,132,227,51,233,38,211,84,168,11,72,132,184,255,35,123,176,20,50,82,6,157,255,244,187,171,222,161,182,245,110,220,0,221,195,187,194,197,149,40,150,91,204,0,198,220,105,199,19,109,178,139,134,0,140,255,255,77,188,0,54,175,247,118,0,189,186,0,255,186,255,146,254,255,177,11,26,255,92,131,255,0,255,67,0,0,52,255,0,0,255
155,25,174,61,250,76,120,104,132,202,160,148,143,157,165,111,45,141,171,86,26,255,63,146,55,132,205,169,135,134,185,81,170,189,18,104,142,107,150,150,112,241,81,183,160,155,65,108,117,179,207,51,93,207,28,20,117,45,127,255,255,86,82,165,163,179,157,110,231,99,150,149,172,242,68,132,65,206,160,206,128,137,255,71,173,124,109,255,138,137,91,140,255,255,0,255,0,39,241,255,190,0,202,100,10,143,130,64,145,159,255,157,162,19,255,137,163,255,0,140,0,0,0,119,222,59,2,255
154,28,156,67,255,84,132,107,112,213,169,127,137,166,132,104,58,109,180,105,57,255,68,97,71,85,191,218,96,125,167,73,132,185,26,161,84,101,148,183,103,220,57,136,147,220,62,90,145,156,255,65,101,143,36,36,160,11,189,255,225,146,74,180,150,169,170,86,233,14,151,197,163,231,146,143,64,163,124,187,25,115,255,68,176,52,99,158,168,124,95,131,231,255,38,255,9,0,173,255,160,0,75,154,0,188,163,155,199,249,255,132,55,25,255,105,183,214,0,255,0,0,49,59,255,26,0,255
151,24,157,48,252,67,116,109,125,209,172,129,114,224,191,106,11,119,168,60,69,248,78,99,44,176,253,234,68,78,181,152,181,143,16,147,140,100,130,150,95,190,4,129,140,246,74,87,115,183,255,4,51,198,71,0,93,0,148,255,227,85,66,191,135,110,199,93,183,45,177,200,129,167,48,90,130,222,86,169,0,237,227,92,155,89,161,212,125,176,21,137,173,255,38,255,8,0,187,202,155,45,170,47,0,255,136,84,101,255,255,206,51,0,174,28,204,255,0,129,76,0,0,147,188,0,65,255
151,29,153,57,255,97,126,110,110,216,172,112,118,217,146,114,33,131,183,98,66,207,20,89,69,118,221,255,89,72,173,106,191,132,26,158,106,73,227,161,111,198,1,166,43,251,89,76,183,177,255,61,77,145,65,73,126,0,213,255,243,96,97,234,130,134,247,112,215,16,189,251,165,208,118,114,60,164,60,153,0,164,231,34,141,36,142,189,131,176,105,129,234,255,45,255,37,0,176,156,165,8,83,171,0,255,156,146,158,255,255,195,59,0,225,107,251,255,0,244,0,0,51,64,255,0,0,255
154,31,152,57,255,102,127,108,98,227,189,91,115,194,168,100,25,134,139,132,55,255,69,114,107,109,221,153,84,70,160,115,134,164,67,138,116,111,102,164,105,184,0,219,108,185,100,81,155,195,255,57,106,154,110,71,115,10,199,254,220,119,119,237,136,173,214,89,215,0,204,202,215,191,64,109,93,204,27,230,0,173,168,97,183,52,167,198,172,158,0,195,205,255,55,250,19,0,202,193,197,27,148,135,0,255,142,252,193,255,227,119,5,0,154,67,172,255,0,215,45,10,0,73,212,0,39,255
154,28,174,78,252,58,111,142,133,213,157,85,153,150,116,94,87,159,130,96,35,192,38,161,62,135,255,101,122,119,126,82,220,80,110,105,129,88,114,230,133,212,0,174,139,203,55,60,89,158,255,77,140,178,69,26,101,29,149,255,199,121,27,156,125,167,232,115,134,0,255,73,193,149,5,167,67,255,31,105,58,164,215,108,224,91,142,255,201,161,161,62,235,255,0,255,0,42,154,160,80,0,255,201,77,232,216,119,149,255,234,186,102,54,255,143,213,228,0,153,0,0,17,142,232,10,114,255
148,26,147,57,251,72,112,101,124,201,180,80,154,199,125,80,83,107,209,91,68,212,44,112,81,124,255,232,77,62,139,111,174,100,6,99,107,43,169,171,99,224,9,169,48,254,27,61,96,225,255,35,78,146,53,0,115,0,146,255,176,112,62,207,133,138,234,114,234,0,249,182,119,181,140,106,60,174,79,112,0,210,218,50,184,94,154,192,110,161,102,84,202,255,82,255,16,0,213,179,124,44,19,179,0,255,255,172,125,255,255,255,0,48,255,37,245,255,0,255,19,0,77,41,255,0,0,255
148,23,157,55,254,68,133,112,148,219,163,94,169,213,130,111,146,122,168,120,79,198,47,145,131,56,255,255,74,46,102,27,190,106,51,145,113,42,254,140,141,170,0,145,51,255,77,66,100,227,255,104,52,89,24,0,109,0,230,255,149,176,29,157,80,148,255,195,255,0,255,192,79,157,167,177,181,169,99,0,0,176,255,108,182,82,8,111,93,211,255,104,143,255,45,255,0,33,155,219,84,0,4,255,0,255,237,176,149,255,155,255,0,152,255,0,191,200,0,255,99,0,96,39,255,0,0,255
151,25,135,58,255,71,136,97,117,201,189,37,153,158,100,52,84,73,213,166,43,217,101,78,118,13,240,208,101,103,102,74,107,159,61,188,136,60,134,154,159,176,0,192,103,255,37,22,132,199,255,72,101,143,76,7,197,0,146,230,152,217,28,159,151,137,191,141,255,0,167,168,150,223,181,143,107,51,97,124,0,235,255,138,149,37,122,152,118,131,100,180,184,255,148,240,0,69,113,251,106,0,0,255,0,255,255,255,160,255,220,226,0,128,255,28,197,217,53,255,138,0,16,29,255,0,0,255
154,29,130,65,255,51,171,110,126,180,199,43,167,182,109,26,147,73,209,115,27,253,223,55,71,115,214,222,44,144,76,68,132,95,19,82,123,92,99,210,157,145,25,161,0,120,0,57,73,255,255,0,144,160,156,79,144,20,149,148,127,255,17,212,174,150,255,143,229,0,64,209,251,99,255,174,78,51,181,255,35,240,239,187,112,0,168,83,46,109,0,237,255,153,255,245,169,0,129,167,106,22,28,105,0,255,255,245,175,232,183,255,0,112,220,109,23,93,0,255,155,48,84,40,255,66,0,255
153,28,125,44,255,91,119,85,98,197,217,0,139,140,132,49,19,116,182,218,34,182,76,79,172,0,210,145,107,49,68,104,112,196,95,195,176,38,127,140,153,160,0,210,39,228,42,18,141,255,255,77,113,133,120,63,174,0,169,255,161,181,0,192,117,202,174,166,247,0,69,255,134,194,119,171,122,0,115,214,0,255,225,55,108,0,210,175,193,220,0,255,90,255,187,236,0,0,167,131,94,0,0,187,0,255,216,255,161,255,169,173,0,28,41,0,161,242,45,255,142,0,0,23,214,0,0,255
151,27,135,67,255,69,146,92,117,198,213,15,134,203,113,35,76,74,207,129,39,216,140,82,74,133,237,198,83,109,84,112,157,125,3,114,106,97,76,199,132,180,43,208,0,188,8,27,86,255,255,0,139,104,149,79,107,50,115,168,137,172,77,206,212,93,173,127,218,0,111,150,162,165,240,101,86,118,79,223,7,212,222,140,154,9,235,179,120,127,0,182,219,201,255,220,115,20,218,181,169,33,76,87,0,255,255,255,181,172,255,255,0,0,126,86,145,182,67,255,149,0,39,0,255,89,61,255
151,21,161,49,243,57,131,99,148,216,135,58,163,177,131,105,108,135,181,130,105,142,75,114,127,78,255,255,129,32,45,15,199,79,46,168,54,0,254,174,111,136,0,184,81,255,35,52,99,255,255,137,79,91,67,0,74,0,201,255,68,178,0,177,91,164,255,186,255,0,255,113,66,144,90,159,155,207,36,10,0,220,255,121,162,115,44,97,96,212,195,159,136,255,81,255,33,95,137,169,0,0,0,255,33,255,213,147,136,207,145,255,0,127,255,0,223,208,0,255,104,0,134,45,217,0,24,255
152,30,139,55,255,87,119,106,99,197,187,16,143,144,114,60,50,84,185,168,66,197,75,79,103,7,255,185,105,88,112,76,158,114,55,188,124,70,128,172,95,192,0,141,47,255,19,0,173,202,255,88,104,118,51,0,131,0,149,255,113,255,50,202,103,172,184,156,204,0,143,255,63,174,192,189,91,61,76,136,0,191,193,77,150,0,144,154,171,232,37,128,138,255,142,250,17,23,175,237,0,1,0,169,0,255,186,255,219,255,231,247,0,0,124,25,245,255,4,255,144,0,0,0,189,0,0,255
151,27,133,37,255,76,117,94,119,195,202,0,163,140,108,68,131,125,170,167,68,223,74,131,163,15,255,193,107,16,101,89,102,164,54,154,163,36,98,160,153,190,0,158,42,255,41,16,152,255,255,124,91,72,80,0,120,0,196,255,95,201,8,197,50,189,225,168,222,0,141,207,71,106,128,183,160,71,23,165,0,255,204,18,105,53,59,186,137,255,0,165,78,255,126,255,8,0,242,151,116,0,0,255,0,255,229,255,168,255,91,255,0,117,166,0,213,177,37,255,73,0,0,50,208,0,0,255
158,32,128,52,255,78,113,77,94,184,222,0,106,105,52,19,78,83,192,183,15,166,34,45,146,52,150,116,166,68,84,86,110,140,36,160,149,106,91,213,183,155,0,87,0,200,52,83,109,255,213,124,151,157,87,154,152,0,140,218,158,246,91,169,159,205,159,56,197,0,148,255,154,111,166,233,11,18,51,243,51,208,130,94,64,0,144,197,250,255,0,200,255,155,187,216,0,0,127,178,54,0,22,160,0,255,237,255,212,255,185,255,0,47,76,174,142,235,106,198,71,139,5,42,167,111,0,255
153,28,123,56,255,62,117,79,86,188,235,0,136,119,105,33,48,87,202,187,33,163,34,31,132,45,204,139,121,64,31,103,102,102,107,187,214,25,49,236,183,136,0,74,0,222,38,0,168,221,255,91,155,106,58,103,205,0,159,214,131,255,0,208,119,241,232,36,223,0,145,229,163,129,149,218,56,28,58,145,36,214,159,60,125,0,141,133,212,255,98,206,255,228,162,234,39,0,144,160,17,0,0,112,0,255,255,255,206,255,226,248,0,140,95,19,183,153,167,255,106,99,97,16,255,24,0,255
151,25,120,47,255,69,131,70,97,201,192,9,140,171,62,52,116,98,208,155,59,205,16,52,114,111,184,225,85,33,92,117,85,123,59,134,177,67,53,180,182,158,0,90,8,232,0,97,168,224,255,123,131,52,71,104,195,0,164,214,131,212,18,202,148,152,237,111,183,0,112,200,180,129,131,127,41,108,38,202,13,228,203,39,82,5,134,156,173,240,71,254,211,250,184,238,27,0,180,98,137,0,0,102,0,242,255,255,224,255,254,255,0,131,175,0,155,150,154,255,134,12,211,132,255,0,0,255
151,25,144,54,255,60,139,93,128,198,171,21,147,162,90,75,127,114,180,170,64,166,66,85,124,78,222,215,114,73,53,18,154,70,61,163,116,41,170,179,134,150,0,151,22,248,56,49,131,255,255,146,95,72,95,19,108,0,183,255,84,224,0,150,124,170,250,155,255,0,209,124,126,127,102,206,118,174,78,84,0,216,238,118,156,0,96,126,149,207,54,208,163,255,147,228,67,37,121,93,0,0,0,243,0,255,255,210,187,255,168,233,0,148,223,1,219,117,0,255,38,0,110,102,255,0,0,255
162,29,146,69,244,51,147,114,110,207,180,26,141,132,79,40,124,105,148,163,55,225,128,43,62,121,179,176,127,159,46,26,161,96,105,185,149,41,102,184,225,157,17,157,0,192,66,62,56,189,248,137,167,67,122,124,138,41,176,179,145,252,0,198,102,214,237,78,181,0,93,106,182,159,176,170,79,170,140,151,88,180,241,212,40,0,134,126,162,187,93,153,220,196,118,224,0,136,75,194,54,0,16,194,0,212,255,222,162,255,206,191,0,160,154,0,93,109,36,255,137,18,128,41,255,30,0,255
151,26,129,51,255,64,148,89,116,197,192,14,155,176,75,62,135,104,191,139,53,221,108,71,115,92,201,202,100,74,75,70,112,108,51,132,139,42,97,209,169,155,0,124,0,211,0,36,100,255,255,94,113,76,110,19,168,0,167,179,101,255,5,204,130,155,255,151,226,0,132,190,152,113,179,138,61,113,77,189,0,219,209,117,136,0,124,165,140,192,30,239,165,230,199,239,65,0,206,155,53,0,0,171,0,255,255,255,197,255,222,255,0,163,204,0,107,136,112,255,140,0,148,41,255,0,0,255
152,29,118,60,255,59,135,78,93,183,219,9,143,138,90,35,47,91,210,171,0,208,68,1,104,78,164,147,79,94,87,98,94,114,68,164,219,64,51,239,181,159,38,52,0,214,0,25,177,241,255,85,89,117,80,129,196,5,200,161,137,255,0,208,126,211,255,87,224,0,92,248,221,175,205,161,72,47,43,231,92,227,181,62,85,0,138,55,160,211,39,231,255,252,255,212,62,0,94,152,39,0,9,34,0,255,255,236,214,255,255,255,0,82,101,43,126,158,203,255,174,153,109,117,255,70,0,255
157,29,134,69,255,56,131,89,91,188,221,7,136,108,109,35,9,97,170,206,31,151,62,0,92,67,161,110,116,110,34,85,117,132,147,237,196,6,101,218,194,174,6,93,0,207,23,8,141,187,255,101,146,122,74,121,168,104,216,218,178,187,0,158,68,255,218,34,191,0,94,215,195,207,101,205,139,58,111,128,77,197,196,65,96,4,127,75,204,203,92,212,211,255,191,255,33,3,32,154,0,0,0,110,0,255,255,222,218,255,246,170,0,92,45,0,138,57,124,255,104,76,25,55,255,61,0,255
153,25,154,64,244,40,151,111,135,209,167,63,173,147,100,68,128,119,176,151,56,177,109,69,100,64,246,216,137,126,16,0,182,48,67,190,132,35,172,205,178,154,0,155,0,230,41,0,107,255,255,120,76,103,66,0,115,8,246,255,116,255,0,165,65,181,255,128,255,0,241,80,109,152,200,188,153,197,71,59,2,200,255,161,133,7,43,106,87,219,139,86,194,255,190,248,53,130,82,193,0,0,21,255,13,255,255,193,103,255,147,255,0,180,255,0,163,73,0,255,107,0,128,49,255,20,0,255
154,26,130,76,246,35,123,90,101,171,201,26,148,151,98,36,98,85,195,131,49,189,52,0,40,149,211,182,106,132,75,54,132,47,95,128,195,42,76,210,196,177,61,51,0,225,37,0,126,183,255,100,109,53,86,90,178,48,159,196,112,243,0,207,124,255,255,31,161,0,140,185,196,148,220,163,74,127,69,137,149,188,187,50,126,0,124,83,127,229,182,133,235,255,174,251,89,9,72,164,79,0,0,66,0,248,255,144,126,255,255,255,0,136,171,110,155,98,102,255,69,88,244,101,255,93,0,255
156,25,131,76,250,45,133,97,103,187,201,27,142,158,90,48,98,87,189,140,54,211,61,0,37,161,184,160,97,132,74,83,132,89,119,120,156,45,91,208,198,173,84,93,0,209,4,47,111,160,255,98,130,34,73,104,149,77,158,188,144,206,14,189,110,236,255,32,127,0,130,173,226,154,212,172,52,174,76,164,147,176,208,65,126,23,117,81,118,188,162,160,255,255,169,250,61,17,87,144,90,1,0,41,0,214,255,166,155,255,255,255,0,118,176,69,102,94,106,255,75,65,208,108,255,72,0,255
151,27,129,76,253,46,117,81,91,187,198,16,141,178,61,44,141,67,198,86,53,213,68,37,13,176,221,229,44,119,96,61,155,93,70,86,168,15,84,255,180,204,49,40,0,188,22,77,138,140,255,83,118,29,116,119,203,21,147,202,176,199,19,154,136,248,255,33,171,0,142,162,253,69,178,162,57,150,58,126,188,170,210,37,191,26,124,110,147,255,191,152,255,204,182,255,70,0,157,96,81,15,0,32,0,162,255,143,219,255,255,255,0,155,241,97,172,156,86,255,70,40,255,0,255,92,6,255
157,31,132,65,255,55,119,93,93,191,210,0,144,121,88,22,64,89,173,170,44,184,56,0,63,92,202,186,112,132,33,53,137,133,99,190,163,32,97,243,194,149,3,74,0,243,26,23,116,157,255,121,147,73,55,115,203,44,182,210,135,244,0,174,76,255,232,9,116,0,109,228,226,155,136,236,117,81,79,202,114,190,198,70,143,0,101,65,197,255,138,157,200,255,192,255,52,0,68,126,0,0,0,83,0,245,255,216,194,255,223,235,0,120,89,66,197,143,127,255,43,109,95,60,255,64,0,255
153,28,134,54,255,66,137,97,91,192,215,61,146,154,104,63,33,85,194,110,58,213,80,40,70,73,198,153,68,107,108,141,140,98,87,188,166,31,104,231,134,203,28,117,22,214,0,12,148,207,255,54,68,147,75,70,137,0,235,255,198,168,45,167,84,214,226,46,191,0,119,255,194,177,107,91,77,64,71,179,0,254,237,32,110,32,125,148,146,184,20,137,255,255,156,255,29,0,81,192,84,0,0,80,0,255,255,255,187,255,255,238,0,64,176,0,95,212,41,255,125,0,92,81,255,0,0,255
154,26,141,59,255,59,147,99,118,210,172,62,159,153,85,71,105,116,171,168,55,183,77,35,107,66,196,195,77,87,56,47,164,80,108,181,142,23,166,183,170,161,0,132,0,203,38,66,121,243,255,127,76,112,117,94,139,24,253,253,153,209,0,153,43,239,255,114,226,0,147,182,192,136,144,138,131,160,48,135,56,225,255,83,58,49,68,60,126,199,102,165,193,255,213,254,9,44,17,142,79,0,6,154,0,255,255,203,134,255,219,204,0,85,255,0,117,96,0,255,114,0,88,132,255,0,0,255
155,20,171,58,232,48,148,126,153,222,143,98,143,194,112,101,124,144,127,144,88,144,96,87,96,103,206,203,174,122,47,0,217,39,79,201,109,14,255,155,177,176,0,163,90,241,87,0,71,239,255,113,51,61,91,0,76,0,255,255,110,204,0,101,51,221,255,124,255,0,255,138,128,184,136,204,195,255,164,97,0,163,255,92,121,77,26,163,77,255,194,163,164,255,112,255,3,168,114,200,0,0,86,255,109,158,255,158,175,255,113,255,0,26,252,0,44,156,0,255,83,0,68,117,223,5,0,255
153,22,137,64,244,35,140,92,106,210,185,63,157,157,109,69,116,107,173,154,53,218,109,21,96,91,182,169,70,124,36,62,149,53,96,175,204,0,145,232,199,126,0,127,0,217,56,47,118,235,255,108,77,35,117,31,123,0,233,194,88,241,0,139,49,255,255,94,230,0,128,156,216,137,203,173,104,216,45,133,66,187,255,61,101,6,84,75,116,201,209,150,186,255,176,197,103,70,54,102,70,0,17,148,0,155,255,107,149,255,255,231,0,172,255,0,183,92,46,255,114,23,202,99,255,89,0,255
152,25,133,64,255,44,141,76,121,189,177,34,166,149,78,61,132,111,231,175,22,183,88,42,84,85,224,174,56,106,46,11,132,62,51,87,178,78,121,196,146,148,0,81,0,179,23,67,155,255,255,164,78,62,108,64,138,0,158,242,99,255,3,172,118,227,255,173,255,0,221,168,156,129,209,227,64,127,53,147,64,210,227,141,167,0,99,24,140,210,130,172,251,227,240,176,25,75,19,126,0,0,5,172,0,255,255,203,138,255,218,255,0,231,255,71,205,81,1,255,145,73,155,103,255,25,0,255
151,25,140,46,254,61,145,81,126,205,173,24,149,174,89,91,136,138,196,173,80,191,71,61,95,83,207,234,83,90,73,11,142,75,53,136,149,24,174,184,116,167,0,127,0,229,39,69,176,255,255,174,60,40,114,19,113,0,227,255,93,219,0,216,61,255,255,160,250,0,158,189,120,111,113,216,125,191,0,143,0,215,240,42,138,39,76,54,123,255,142,181,143,255,169,255,10,13,97,99,0,0,0,197,0,255,255,230,171,255,182,255,0,130,212,0,201,135,34,255,79,0,105,157,255,0,0,255
154,25,159,62,241,50,147,109,141,214,152,66,167,166,104,91,127,146,174,164,62,173,106,67,80,88,233,202,108,115,45,0,188,66,69,164,101,33,238,198,117,173,0,115,42,234,46,39,95,255,255,163,36,46,91,0,86,15,234,255,86,255,0,159,48,240,255,171,255,0,255,114,125,142,153,184,155,220,85,98,14,183,255,137,168,33,18,51,78,253,189,112,176,255,197,255,14,102,98,180,0,0,0,255,43,246,255,200,164,253,182,255,0,96,255,0,181,128,0,255,99,0,128,81,255,13,0,255
154,23,133,81,236,19,132,87,119,208,173,73,185,191,79,29,176,116,184,126,30,255,156,63,62,121,170,158,0,176,63,55,166,65,64,104,222,37,131,231,209,125,91,89,0,142,73,88,25,172,255,129,58,0,151,112,169,0,208,163,64,241,83,144,73,230,255,111,255,0,178,94,251,92,255,191,77,219,56,190,179,217,254,143,119,0,57,51,105,228,255,82,228,232,238,102,7,66,105,140,64,44,76,134,0,105,255,148,137,247,255,255,0,255,255,0,141,44,0,255,207,97,176,102,255,199,0,255
150,25,162,50,254,58,141,103,137,208,161,51,140,189,124,119,119,131,173,126,92,175,58,87,86,118,241,242,126,74,87,0,230,29,47,153,100,0,237,180,138,173,0,167,20,255,49,0,160,255,255,170,33,61,62,0,74,0,237,255,70,218,0,176,89,229,255,151,255,0,247,165,89,139,122,236,146,255,28,0,0,170,223,46,181,49,45,107,85,255,238,132,165,255,73,255,0,73,136,131,0,0,0,255,17,181,243,151,185,255,216,255,0,64,255,0,148,199,0,255,0,0,164,97,255,0,13,255
154,32,129,58,255,47,147,92,111,186,180,28,171,182,31,51,185,94,201,134,37,255,125,25,31,121,238,219,5,123,140,0,128,150,43,24,112,115,129,244,188,183,21,57,0,212,0,88,128,181,255,184,90,19,107,113,194,0,172,152,82,255,80,174,82,255,255,160,205,0,153,215,255,108,243,206,36,119,9,255,128,255,233,54,144,0,55,50,139,255,114,242,255,255,255,244,48,0,66,88,57,45,0,113,0,242,255,248,244,255,255,255,0,101,255,167,138,171,114,255,41,148,247,115,255,48,0,255
153,24,145,59,255,43,148,103,131,203,154,59,176,189,65,73,181,108,181,147,72,255,118,58,63,111,194,208,35,129,85,16,148,45,69,116,151,56,193,193,212,165,0,134,0,231,77,61,142,193,255,177,62,0,85,42,134,0,203,224,94,247,86,181,60,242,255,117,211,0,185,146,171,143,255,221,63,209,45,125,77,219,255,79,83,0,38,98,96,255,209,167,143,255,188,193,13,98,79,137,15,0,0,255,0,197,255,156,119,255,255,255,0,204,255,53,153,98,0,255,132,26,167,137,255,6,0,255
148,20,116,63,255,56,138,60,103,193,181,73,137,193,73,62,106,81,221,103,18,221,26,22,92,155,147,211,63,77,117,151,125,73,108,164,206,54,91,150,204,137,73,106,0,196,22,120,154,237,255,86,34,96,84,162,219,0,243,242,157,175,66,203,116,86,255,72,227,0,109,180,222,199,211,83,58,133,0,111,21,204,255,22,77,70,152,65,132,162,177,145,211,255,210,220,32,0,67,66,192,52,0,89,0,207,255,101,215,255,255,255,0,194,255,10,200,147,85,255,165,20,165,206,255,0,0,255
154,23,154,63,244,51,136,115,130,206,149,63,169,154,86,66,123,125,166,129,76,184,86,53,85,103,211,194,103,101,64,35,188,68,79,150,111,23,206,202,159,180,0,128,20,212,33,51,57,206,255,144,67,73,51,30,120,34,194,255,110,207,14,178,82,243,255,108,188,0,208,151,154,139,169,168,123,197,84,121,15,182,255,83,127,39,24,144,86,240,208,104,182,255,127,255,12,83,105,177,20,0,14,201,61,246,255,170,141,255,255,255,0,74,255,0,130,145,0,255,35,0,121,139,255,14,0,255
153,21,175,53,246,62,138,116,159,207,125,72,149,199,114,139,111,173,153,137,83,132,59,128,91,123,255,213,159,44,64,0,245,66,73,160,47,0,255,170,111,158,0,156,92,255,35,52,103,255,255,181,9,56,17,0,17,0,202,255,56,130,13,138,73,179,255,203,255,0,255,113,112,137,103,171,194,244,86,0,0,202,246,108,184,135,5,112,67,255,239,177,182,255,19,255,1,84,185,110,0,0,14,255,155,195,197,158,190,221,165,255,0,4,255,0,140,223,0,255,32,0,129,117,204,0,73,255
154,29,141,60,255,68,155,99,121,223,140,85,146,201,66,123,105,152,201,140,67,255,86,28,45,122,196,241,14,109,104,70,90,126,95,159,122,65,199,239,114,123,0,133,10,196,56,165,166,229,255,140,95,101,77,141,170,77,246,218,166,144,75,238,50,233,255,98,171,0,236,175,255,122,203,94,76,208,0,228,29,255,229,143,113,83,74,31,163,88,135,196,234,255,166,144,0,0,3,131,195,12,113,92,0,255,255,139,126,255,255,206,0,79,255,49,255,149,39,255,103,109,128,241,255,0,0,255
153,23,143,68,249,47,147,98,131,203,160,64,174,171,89,82,124,141,181,149,60,217,70,34,65,127,198,187,56,101,88,36,154,66,122,141,178,24,199,235,161,141,0,101,0,194,65,120,88,237,255,172,61,53,75,95,86,22,255,230,135,116,16,242,71,254,255,115,139,0,199,178,244,134,198,143,104,228,0,115,106,195,240,60,74,101,9,69,74,213,255,126,187,255,188,208,44,0,30,134,151,0,42,139,89,225,255,78,138,255,255,255,0,127,255,34,166,76,32,255,66,18,162,178,255,18,0,255
151,30,147,62,255,76,133,115,113,197,189,80,145,192,114,106,43,135,186,78,48,195,26,52,74,115,229,212,92,60,120,113,202,81,77,150,129,31,168,255,126,185,28,141,0,209,39,40,161,220,255,36,84,162,35,159,127,32,252,255,247,102,32,255,99,198,255,55,173,0,225,240,204,182,129,64,48,145,0,155,59,183,204,0,131,64,128,181,121,164,96,102,255,255,56,255,21,0,118,139,242,0,107,131,0,255,216,231,72,255,255,203,0,0,255,88,188,196,8,254,0,0,112,154,255,43,0,255
153,26,171,55,244,79,119,100,123,216,160,118,116,166,166,135,45,144,171,96,47,223,35,129,75,150,203,212,152,107,118,82,164,119,53,177,129,18,183,160,131,197,0,219,106,236,137,65,163,202,255,56,100,175,35,46,122,97,209,255,239,96,35,184,102,192,223,48,231,0,199,192,161,204,58,133,119,226,155,85,0,132,214,29,164,134,57,196,115,151,143,115,220,255,0,255,0,3,142,229,80,0,109,164,54,136,101,77,109,255,252,188,114,36,246,66,230,255,0,243,26,0,52,80,168,0,0,255
153,32,137,60,255,58,164,112,102,196,192,88,146,176,70,84,128,102,183,78,19,255,99,22,106,88,161,207,40,122,107,70,175,91,80,181,162,62,146,255,176,183,92,127,0,255,19,72,86,205,255,42,83,206,84,122,171,28,255,211,165,225,79,206,116,158,255,71,255,0,128,255,255,129,167,24,70,102,25,214,101,255,253,126,46,0,53,76,179,116,0,133,255,255,185,244,149,0,24,117,71,17,91,142,0,234,214,231,185,255,255,252,0,94,255,103,84,200,49,255,91,74,136,199,255,0,0,255
156,33,133,63,255,58,135,119,104,191,207,38,142,144,88,49,47,100,171,153,53,203,60,11,100,20,243,216,68,87,68,42,163,111,85,191,143,80,137,222,125,170,3,91,0,255,14,61,117,215,255,117,104,133,39,107,161,46,253,230,158,254,19,202,67,219,255,71,145,0,144,255,207,116,132,134,115,77,16,201,35,255,228,95,50,0,64,31,136,180,0,149,255,255,231,255,72,0,71,169,26,0,0,114,32,255,255,255,213,255,255,196,0,55,220,38,125,157,50,255,99,50,177,99,255,12,0,255
152,26,116,54,255,59,126,85,102,188,206,22,163,133,99,41,90,111,210,174,52,246,49,10,101,80,216,205,52,98,77,110,66,89,96,144,239,22,26,201,185,155,5,104,0,203,27,70,188,203,255,109,118,49,68,105,228,0,203,162,141,255,0,240,73,255,255,39,151,0,68,243,255,147,188,175,82,65,31,218,42,243,224,0,82,39,156,23,118,215,127,213,239,255,193,237,10,0,92,101,103,0,0,38,0,255,255,183,223,255,255,255,0,160,179,4,192,178,207,255,117,140,141,163,255,0,0,255
155,27,138,59,255,58,135,91,110,202,182,42,142,153,72,73,129,109,181,155,42,204,38,39,81,104,186,214,130,113,85,54,158,65,97,178,181,44,143,193,190,167,0,125,0,250,72,63,145,222,255,161,78,90,76,93,134,0,240,242,160,217,22,174,76,212,255,64,199,0,131,201,195,147,149,173,93,175,32,143,38,191,226,44,70,64,60,135,126,255,145,130,208,255,136,255,10,18,89,98,85,0,0,194,19,175,255,159,174,255,178,255,0,144,255,73,135,129,50,255,106,0,157,139,255,0,0,255
150,26,122,47,255,62,121,78,93,201,176,33,131,173,89,78,133,115,202,122,73,255,44,28,69,135,193,255,41,101,84,95,93,83,34,133,187,45,71,191,162,130,0,107,0,248,50,106,192,214,255,129,128,10,95,63,211,0,181,202,81,255,0,248,104,239,255,75,177,0,118,206,207,92,180,195,50,171,11,254,0,220,222,4,116,0,155,82,172,255,145,185,181,248,158,243,43,0,140,67,77,0,0,43,0,172,255,187,190,255,255,255,0,180,219,57,255,229,105,253,121,122,238,198,255,0,0,255
153,29,133,54,255,58,145,98,110,190,178,48,148,162,63,60,137,96,199,129,36,235,75,37,88,97,199,205,88,103,120,53,143,79,72,140,141,74,117,188,195,169,2,92,0,234,31,29,133,208,255,121,86,124,90,121,185,0,221,246,122,255,68,194,85,199,255,94,204,0,121,234,172,150,219,158,46,92,25,199,19,225,229,57,72,0,86,85,144,223,44,155,244,255,230,234,10,0,38,150,22,0,0,172,0,255,255,216,178,255,227,255,0,77,255,112,118,187,14,255,139,74,81,157,255,0,0,255
154,27,139,56,255,57,134,111,103,202,179,71,159,159,76,62,122,109,160,130,74,217,84,27,76,73,196,218,63,99,90,58,169,84,70,154,150,28,160,194,187,196,9,115,0,218,42,71,118,178,255,113,79,101,104,77,166,12,215,243,151,191,22,171,37,255,255,74,156,0,109,246,238,108,168,166,99,150,45,225,56,254,255,21,37,44,72,116,89,249,103,137,209,255,176,255,39,26,88,148,87,0,15,108,5,242,255,227,112,255,245,255,0,62,255,22,92,151,27,255,60,33,140,167,255,0,0,255
156,31,124,53,255,45,117,101,82,192,201,11,158,173,64,46,154,105,159,129,81,255,144,24,14,105,222,224,0,151,72,21,121,100,84,99,202,35,88,245,159,185,17,92,0,234,55,119,158,178,255,165,82,0,140,117,244,30,175,83,79,255,15,209,0,255,255,35,91,0,82,226,255,20,163,255,87,169,57,255,83,255,216,0,68,0,125,40,122,255,40,186,211,255,246,255,46,0,109,30,0,0,0,0,0,84,255,218,255,255,255,255,0,113,165,62,200,214,178,255,99,255,255,114,255,0,0,255
153,30,126,37,255,84,142,78,89,219,160,68,114,203,61,109,133,148,193,137,88,255,53,5,52,135,156,255,14,88,145,73,81,156,36,156,160,93,181,170,157,119,0,122,0,220,56,200,227,184,255,177,141,33,110,108,236,0,224,193,131,185,88,255,86,208,255,126,145,0,119,255,255,115,153,197,0,180,0,255,46,255,219,3,12,0,161,85,187,255,90,255,217,255,255,255,56,0,114,20,138,3,20,0,0,104,255,228,251,255,255,230,0,53,154,76,255,255,126,246,75,221,161,255,255,0,0,255
153,31,125,42,255,69,128,90,83,214,185,55,133,181,50,80,116,112,180,104,97,255,49,36,54,94,199,255,7,116,114,76,120,122,54,164,153,59,159,210,147,126,20,118,0,255,44,153,198,189,255,158,85,52,94,148,255,0,216,195,107,191,63,246,56,200,255,48,137,0,125,236,255,45,109,157,27,204,0,255,31,255,236,0,24,2,138,48,185,227,67,213,255,255,230,255,88,0,83,52,107,3,41,0,2,93,255,236,245,255,255,242,0,47,216,80,251,255,133,255,67,175,220,196,255,0,0,255
