172,33,172,62,255,116,43,0,78,251,175,0,87,103,197,70,0,133,161,255,0,91,46,176,182,27,126,117,158,22,150,136,57,151,0,255,124,18,90,175,160,64,0,255,90,151,144,98,58,110,0,20,207,255,100,211,255,95,186,2,218,126,6,255,108,255,0,0,255,0,236,235,208,147,162,255,159,253,185,122,102,27,255,74,0,42,248,255,214,243,207,179,0,104,185,114,0,143,205,60,35,64,86,255,0,255,255,214,233,200,41,112,184,27,0,249,105,255,134,0,255,35,0,0,0,255,88,255
175,28,167,124,232,85,51,35,84,227,181,53,126,104,106,148,57,118,113,255,27,248,75,112,127,179,197,166,182,146,164,78,193,92,86,186,139,65,152,162,144,159,102,126,130,166,130,151,85,194,215,89,200,170,96,138,197,94,90,126,121,139,10,153,215,160,115,69,255,165,217,104,229,240,116,147,158,192,160,133,19,122,179,76,144,188,200,228,233,134,147,78,213,129,133,115,52,118,249,67,130,60,146,164,25,171,127,200,132,123,103,229,114,189,159,155,212,106,119,67,128,157,52,7,229,0,16,255
152,6,159,87,210,68,12,49,98,250,101,18,98,98,90,183,99,81,97,230,6,227,106,52,241,119,236,183,43,181,255,158,194,13,15,171,170,49,50,239,1,107,59,57,81,67,147,0,125,104,191,85,201,28,91,23,255,162,125,121,21,59,0,68,229,125,155,68,208,241,222,181,128,138,125,52,254,255,231,80,0,255,107,172,88,255,255,255,255,0,255,152,132,54,207,86,163,0,255,1,84,164,207,255,15,239,255,0,165,0,47,16,0,55,127,0,255,113,166,187,255,172,3,156,255,0,0,255
162,28,161,62,255,101,72,0,89,239,202,0,108,112,220,62,0,108,121,255,0,179,89,175,152,0,130,67,155,47,125,135,26,118,29,246,123,21,64,141,223,106,0,238,172,124,134,161,169,170,3,22,174,255,81,153,255,125,206,40,230,67,0,255,20,255,0,0,255,0,179,228,224,255,184,229,200,156,144,215,27,0,236,68,22,57,255,227,255,190,210,132,0,140,177,10,0,48,210,86,117,0,176,255,0,255,255,121,150,9,170,0,173,87,0,162,109,255,59,0,255,40,0,0,0,158,159,255
171,36,182,46,238,87,44,2,103,255,160,0,67,105,209,79,35,145,195,216,52,69,39,63,100,85,200,207,134,97,64,175,104,153,0,255,185,0,82,198,115,139,0,226,55,151,137,8,130,192,21,53,137,253,100,167,255,117,255,100,221,106,0,243,10,255,71,0,255,0,175,232,234,113,173,207,148,206,227,11,139,14,168,33,0,90,126,255,147,234,216,36,118,51,144,177,0,142,148,171,0,20,28,255,0,255,255,202,163,255,37,163,255,0,0,70,196,182,117,0,255,55,0,0,5,255,71,255
164,20,176,100,255,105,57,21,85,234,152,58,136,31,121,170,60,116,130,255,2,255,114,116,154,97,120,177,166,90,190,140,67,78,86,173,24,77,36,229,44,149,0,142,232,0,120,113,179,163,84,67,184,170,13,151,255,98,176,76,136,161,0,126,255,189,112,0,227,78,254,228,75,188,120,147,86,201,120,159,0,136,198,119,0,255,166,130,255,38,154,23,183,87,207,106,0,0,255,71,136,16,196,255,58,247,255,174,255,0,80,98,61,57,15,114,157,255,110,69,163,7,118,255,40,14,21,255
171,34,168,92,255,103,52,0,88,239,160,16,102,102,163,116,45,138,139,255,2,156,89,126,142,84,146,179,154,41,133,98,80,131,49,254,113,87,48,133,134,102,0,147,148,84,147,120,116,187,22,100,116,255,53,177,255,87,249,109,203,132,0,231,98,255,28,4,255,21,255,197,219,140,201,181,100,209,164,164,73,0,221,122,0,87,166,213,251,219,153,42,57,75,106,147,30,54,202,89,82,0,118,244,0,255,255,242,229,129,125,173,142,84,0,185,178,255,60,0,226,81,0,3,0,185,72,255
167,28,179,77,231,91,54,10,105,219,120,38,85,131,148,89,101,116,169,170,7,127,59,122,83,114,173,198,144,126,184,148,76,106,0,236,138,7,131,138,87,162,64,145,137,148,208,136,21,125,114,133,160,254,27,42,255,66,164,161,137,148,141,255,89,225,72,51,255,29,255,154,175,118,118,156,98,222,204,2,69,73,152,91,42,72,109,223,195,133,255,162,84,80,162,191,56,152,168,180,18,72,84,203,64,170,255,100,220,245,52,155,228,122,137,206,86,239,0,42,255,103,0,0,112,82,40,255
165,29,159,71,253,90,39,0,124,185,146,0,81,140,152,79,26,111,132,255,0,146,38,204,255,20,233,117,111,28,133,122,57,121,0,161,154,30,44,97,142,25,37,247,153,151,157,64,25,125,13,28,198,255,0,88,255,140,255,24,146,66,68,255,86,255,92,0,255,16,213,170,255,255,149,216,172,184,93,66,76,78,147,39,37,113,154,255,154,163,255,210,0,88,219,186,61,41,185,164,110,32,34,152,59,255,255,255,195,212,210,127,146,155,41,148,173,255,0,70,255,118,0,0,5,235,20,255
170,35,160,69,255,98,55,0,103,209,190,0,94,100,187,64,2,116,146,255,0,146,58,207,232,0,140,115,130,4,138,136,17,82,6,194,92,19,51,129,207,71,0,203,131,160,140,103,103,148,0,53,181,255,0,112,255,152,241,74,251,91,0,255,48,255,0,15,255,27,190,249,220,223,178,218,112,158,121,151,123,0,177,31,17,69,205,243,137,255,209,78,0,115,136,230,32,7,175,141,77,0,68,142,7,255,255,255,255,114,222,150,222,56,0,164,79,255,19,0,255,0,0,0,0,255,86,255
163,29,144,97,252,89,59,16,76,209,227,0,121,107,158,33,0,71,161,255,0,202,50,204,179,44,159,32,150,36,135,116,58,92,136,155,161,34,50,132,235,162,63,229,164,140,111,146,98,146,139,53,146,255,51,118,226,132,166,75,205,21,70,255,64,206,16,6,255,10,167,143,236,255,141,201,83,152,69,116,166,70,190,76,86,106,218,230,248,154,202,190,0,185,91,117,69,62,181,112,126,0,102,130,38,175,255,136,255,153,189,134,84,157,59,255,125,255,46,72,255,153,0,0,40,190,160,255
158,18,166,78,227,82,72,70,116,199,118,40,124,114,148,133,81,134,163,187,55,170,62,41,127,105,238,211,163,138,134,56,152,132,48,208,136,73,82,152,119,86,36,181,52,120,137,52,160,204,217,148,134,98,39,114,255,65,233,255,155,143,8,218,145,252,143,16,244,18,233,162,218,162,111,187,225,212,58,127,35,119,138,71,36,165,45,175,210,167,235,226,139,121,81,215,33,10,161,134,74,0,48,130,71,241,107,131,150,171,255,130,54,109,91,0,255,164,32,186,175,96,42,44,126,95,0,255
164,30,147,51,255,117,75,0,78,238,217,0,97,73,191,76,0,134,115,255,0,234,83,227,255,0,86,31,98,0,154,149,0,176,60,202,71,8,38,199,255,87,0,255,152,138,206,125,163,166,25,24,208,255,34,185,255,134,168,48,213,113,0,255,64,255,0,5,255,0,157,255,145,233,222,255,86,106,203,212,0,37,195,22,24,22,255,226,255,217,118,186,0,82,249,113,0,0,255,5,38,0,35,255,0,255,255,255,255,13,252,1,21,0,0,64,38,255,107,77,255,128,0,0,0,178,199,255
158,22,147,97,249,90,106,41,82,215,183,41,119,48,149,119,28,128,169,255,0,255,125,113,213,61,162,140,123,64,174,122,0,152,156,198,142,21,23,158,114,191,74,212,154,76,168,119,196,161,169,99,177,83,58,66,222,118,117,84,170,58,0,227,146,120,72,84,255,93,111,165,248,255,46,163,99,141,0,104,92,10,230,27,24,225,248,181,255,104,144,255,94,118,125,118,86,65,253,87,255,0,212,69,0,0,152,241,255,98,255,0,17,147,122,97,230,128,139,119,25,121,0,31,216,62,0,255
150,21,159,101,255,117,103,94,98,233,130,89,161,53,87,158,128,138,140,255,13,255,80,123,208,96,153,180,135,16,190,130,0,161,99,195,123,71,51,181,96,255,0,140,30,0,95,188,224,195,136,70,194,65,49,153,248,14,116,179,197,0,0,246,255,103,140,104,255,215,206,213,213,255,54,42,93,93,1,125,0,142,197,76,0,255,202,239,255,42,152,255,176,107,44,51,107,44,255,38,255,0,155,226,104,255,207,194,255,0,255,0,33,12,207,156,201,112,253,183,0,178,0,73,255,0,10,255
154,23,166,117,255,118,124,92,110,247,147,65,170,47,124,152,91,153,148,255,0,255,77,141,224,67,146,144,121,66,192,130,13,175,105,184,95,114,93,168,133,227,3,212,127,3,146,133,183,183,138,75,190,71,45,129,199,13,126,173,231,29,97,255,255,172,149,122,255,134,120,255,207,255,36,178,115,69,3,96,30,167,215,103,0,255,227,231,255,111,109,146,240,118,187,89,5,149,255,60,255,0,176,197,98,193,98,229,255,0,255,0,50,0,107,147,17,196,203,201,121,198,0,58,238,0,155,255
157,27,142,72,255,96,82,27,118,212,222,17,131,109,217,25,0,110,132,255,0,255,39,255,255,45,157,3,118,0,196,161,0,218,75,95,95,73,40,123,255,193,15,255,187,213,193,162,0,174,59,0,140,255,99,39,159,100,107,28,210,28,73,244,132,177,0,92,255,33,99,190,230,255,114,255,201,59,66,196,59,154,247,0,159,144,255,203,247,63,23,255,0,238,162,103,31,0,240,173,252,0,233,138,0,193,253,160,214,181,188,59,73,26,60,208,100,255,7,107,212,98,0,0,0,255,200,255
162,30,143,64,255,112,74,7,96,212,208,0,113,87,202,39,0,128,133,255,0,215,66,250,255,0,126,0,136,38,196,131,0,216,49,177,132,35,77,200,255,138,0,255,105,177,213,169,28,134,0,15,160,255,94,90,255,75,167,0,151,72,101,255,72,251,0,31,255,0,98,255,242,255,189,255,130,58,121,143,42,138,255,0,12,63,255,255,255,182,199,206,0,219,173,43,33,0,255,34,130,0,136,246,0,255,255,167,255,200,141,121,94,0,0,187,53,255,103,93,255,130,0,0,0,238,176,255
171,30,155,57,255,112,53,0,90,239,192,0,94,78,158,71,10,90,141,255,0,118,59,204,231,0,140,38,120,45,107,155,45,156,39,230,109,0,73,153,184,80,0,255,115,112,114,125,115,126,0,51,194,255,24,180,255,133,215,40,229,42,0,255,49,255,0,0,255,0,181,253,178,215,218,255,64,178,195,68,64,44,230,3,0,86,255,255,237,254,179,131,0,66,163,185,0,66,176,66,151,0,13,255,0,255,255,222,255,159,146,81,244,0,0,179,97,255,175,0,255,23,0,0,0,255,69,255
171,34,166,63,255,110,59,0,98,235,179,0,91,150,182,63,5,126,126,255,0,144,64,207,198,0,169,91,104,57,118,105,69,155,0,217,123,23,110,145,178,50,0,245,135,154,129,147,54,116,0,29,200,255,74,165,255,153,237,0,208,86,41,255,30,255,0,0,255,0,195,220,255,247,209,223,126,203,115,178,105,7,202,147,27,28,255,255,203,219,251,91,0,134,125,117,15,67,149,98,145,0,101,205,21,255,255,237,255,192,113,110,213,8,0,200,145,255,18,0,255,107,0,0,9,190,106,255
174,36,170,87,243,83,41,0,114,197,133,0,74,114,148,39,110,114,141,225,15,95,69,108,130,41,229,143,121,89,93,166,98,108,3,225,163,62,53,93,114,76,0,134,124,127,120,98,36,148,22,113,122,255,53,103,255,143,226,82,165,120,19,195,79,255,72,55,239,50,231,97,255,155,129,161,133,247,130,78,124,89,133,95,12,60,170,255,115,148,183,90,49,100,155,207,16,127,121,138,76,0,16,142,27,255,255,255,255,205,119,177,255,121,61,222,163,255,55,3,255,118,0,0,84,243,14,255
170,34,153,74,255,95,51,0,103,209,157,0,73,118,159,65,41,122,142,255,0,117,52,148,216,1,178,116,121,57,143,133,59,128,0,239,140,43,77,145,130,44,0,160,110,134,137,130,38,148,0,81,168,255,71,145,255,133,255,9,141,111,33,255,63,255,17,24,255,24,232,173,255,225,200,175,143,230,110,90,90,60,146,57,0,37,197,255,193,212,217,120,0,112,165,87,53,29,159,105,139,0,64,144,0,255,255,255,255,165,156,136,219,90,9,161,243,255,91,0,255,111,0,0,0,255,0,255
165,29,154,74,243,79,52,27,141,182,139,0,100,125,141,51,54,106,154,222,15,116,27,130,209,25,255,117,114,53,116,167,86,111,0,165,155,22,78,106,130,53,8,224,108,149,104,35,15,142,57,78,168,255,13,63,255,150,231,83,129,76,60,198,76,255,57,0,213,4,225,123,255,249,172,223,204,156,106,57,50,199,149,62,35,108,129,255,169,102,237,197,15,170,144,194,22,34,146,191,168,22,37,120,9,255,255,244,218,215,184,143,226,97,56,103,179,229,12,114,255,126,0,0,16,193,0,255
163,25,156,117,242,71,74,89,108,206,136,26,100,140,130,74,65,84,127,157,55,175,42,35,116,131,223,168,160,114,139,87,139,120,108,201,143,83,171,102,144,129,73,163,73,148,172,134,27,133,192,120,141,179,93,92,188,51,169,192,162,107,122,163,154,220,151,39,157,113,177,188,230,185,148,147,178,230,55,77,46,110,137,97,4,111,110,211,230,73,201,129,185,141,157,126,81,107,107,164,128,50,127,80,4,153,116,130,126,147,224,149,104,103,159,126,224,161,0,199,120,224,107,67,172,87,17,255
168,23,169,89,219,90,61,69,141,178,114,47,120,146,136,63,71,137,174,145,57,143,82,85,126,77,242,186,129,136,142,127,117,151,23,173,151,109,93,146,131,76,83,169,105,122,158,83,52,153,103,117,141,203,56,88,250,129,188,199,203,119,74,182,162,255,211,5,133,78,189,170,244,176,124,211,205,224,93,126,128,159,173,110,66,84,99,230,106,76,188,255,76,121,73,245,43,53,109,205,138,74,102,118,98,236,146,213,255,223,213,178,141,132,157,61,162,187,10,82,177,235,56,39,222,131,0,255
159,11,180,80,211,102,90,95,118,232,110,99,119,112,145,123,116,103,163,145,69,187,61,97,75,146,213,216,202,132,151,54,91,138,15,215,148,90,183,76,182,157,73,134,70,186,86,109,111,101,213,93,116,101,80,3,231,74,114,255,209,141,78,192,188,210,144,62,250,89,146,157,162,222,85,192,122,252,127,145,17,148,201,137,106,198,0,172,243,196,224,255,133,168,34,254,61,142,152,181,71,27,86,149,165,157,175,45,209,159,94,138,89,105,177,0,206,198,3,151,122,64,61,48,188,15,0,255
146,14,148,69,255,110,116,59,81,255,143,80,126,122,135,162,91,141,106,255,11,255,15,127,208,66,161,107,70,0,208,108,20,208,71,206,79,83,59,142,86,172,0,139,115,40,226,141,242,154,156,25,229,42,85,93,192,53,181,246,141,50,46,237,116,97,0,145,255,0,199,229,47,191,94,145,197,172,0,90,0,57,250,66,0,255,222,181,255,59,157,222,0,10,168,78,64,0,255,0,255,72,255,255,0,255,255,126,255,53,207,0,52,20,143,15,195,115,83,94,132,86,0,102,42,0,0,255
171,30,160,83,253,94,30,0,94,216,173,2,80,86,185,85,32,125,151,255,1,124,93,102,157,69,190,139,155,52,107,113,106,95,0,255,166,40,53,132,149,116,42,184,121,107,140,118,45,162,50,63,121,255,52,139,255,132,251,2,158,71,0,240,106,255,60,0,255,0,255,160,254,225,223,175,60,228,152,95,145,53,175,70,0,130,236,255,201,198,135,102,0,98,100,117,52,135,209,53,53,0,126,195,0,255,255,207,255,0,196,156,82,87,0,250,195,255,94,0,255,149,0,0,34,184,68,255
168,28,161,79,247,100,60,14,114,220,140,12,106,107,125,54,63,116,135,255,10,143,56,140,140,55,214,107,130,89,131,140,80,180,14,203,109,83,113,112,109,100,0,177,134,90,117,128,36,144,8,119,217,255,88,108,255,149,181,72,134,133,84,243,128,255,76,33,255,4,212,136,215,219,148,174,128,214,123,12,78,126,220,97,0,115,151,255,201,102,227,153,0,117,180,91,22,118,200,50,170,63,29,255,34,255,255,255,255,255,24,93,184,108,109,214,160,226,40,63,255,178,0,0,96,74,67,255
171,34,181,87,241,71,56,0,88,207,160,19,85,97,179,73,64,102,160,232,6,168,49,128,92,58,165,184,144,123,109,107,68,115,30,230,111,27,35,150,142,106,35,203,169,127,137,86,131,158,85,87,116,255,24,135,255,160,208,106,213,103,0,227,111,255,38,0,255,18,199,151,211,107,93,136,164,250,168,133,115,43,163,94,29,166,125,224,157,127,220,80,48,130,165,248,0,61,201,179,31,23,32,165,64,237,207,165,198,122,154,92,225,156,90,243,107,246,53,21,255,0,0,0,95,205,4,255
173,34,201,89,204,70,55,44,146,165,111,19,75,135,146,56,157,130,178,110,67,138,44,89,77,102,250,196,110,62,133,198,125,105,0,141,156,65,136,174,174,182,57,74,123,165,152,18,33,183,106,50,84,192,0,33,236,75,163,177,193,113,100,82,174,223,191,9,227,102,197,86,228,186,57,214,115,141,119,85,179,156,79,113,144,82,86,255,166,58,209,202,179,139,113,255,36,75,167,243,61,88,157,88,73,176,86,144,219,205,170,187,197,41,152,150,43,115,0,129,122,183,0,25,210,50,0,255
164,28,163,68,253,94,55,5,87,214,162,4,85,120,164,56,0,74,134,255,0,170,34,177,146,23,255,76,146,46,97,93,104,149,0,166,182,16,124,96,149,96,41,255,140,172,120,150,93,112,69,40,205,255,80,139,255,217,210,0,138,12,133,255,150,255,85,0,255,0,206,139,255,255,127,149,147,193,61,46,130,160,222,104,0,149,155,195,187,82,255,213,19,180,187,116,92,170,193,76,105,32,53,255,100,255,255,179,174,141,63,38,95,158,77,211,148,202,0,79,255,158,0,0,120,57,120,255
163,23,168,82,227,83,31,31,89,205,134,45,104,78,155,73,26,68,168,183,6,166,12,80,112,85,255,175,173,67,122,78,155,138,0,184,208,28,109,118,125,119,128,186,49,180,152,112,63,115,145,108,184,202,45,94,227,187,205,157,118,56,157,243,234,233,188,0,216,58,232,143,223,167,104,109,147,255,17,70,180,129,224,46,13,150,78,187,194,161,255,234,99,185,175,141,63,130,178,164,34,56,0,161,162,168,230,111,102,149,147,117,61,207,154,170,180,194,0,149,124,166,96,0,224,33,77,255
166,32,165,71,255,96,58,6,80,244,194,0,107,117,168,72,14,111,146,255,0,186,71,171,155,7,152,99,121,77,120,102,76,142,39,221,149,0,56,135,174,90,18,255,142,131,126,95,116,133,53,28,186,255,55,190,255,159,207,63,223,54,0,255,70,255,1,0,255,0,184,220,211,198,166,189,173,190,162,143,122,8,205,107,13,94,254,217,220,137,201,132,0,60,137,175,17,130,168,105,68,0,68,255,19,255,255,194,192,100,200,58,150,65,12,188,93,255,52,37,255,126,0,0,38,119,122,255
177,37,173,81,255,122,61,0,97,237,194,0,111,96,203,70,0,143,159,255,0,131,78,177,148,24,122,118,131,7,167,140,60,128,17,222,152,19,172,122,204,106,0,220,125,155,102,124,71,169,0,0,154,255,102,181,255,157,214,84,255,150,13,241,117,255,7,0,255,0,202,255,255,157,228,255,65,250,159,173,127,34,255,201,0,21,251,251,191,230,142,72,0,183,75,100,0,145,235,19,80,0,182,207,0,255,255,210,255,149,86,208,158,0,0,255,20,255,12,0,255,3,0,0,52,237,164,255
180,33,172,80,247,115,27,0,96,237,183,19,94,106,157,54,113,145,159,224,6,165,97,132,62,13,226,176,135,42,126,92,104,65,0,250,173,49,105,114,139,128,21,102,139,156,30,183,59,152,0,38,144,255,156,157,255,209,210,86,229,130,0,215,56,255,62,43,171,50,252,128,255,103,231,114,125,255,103,140,176,97,238,136,33,64,151,215,81,222,35,74,0,138,55,132,23,252,197,40,112,42,118,255,59,207,255,255,255,109,20,228,121,110,89,255,157,255,69,0,255,110,0,0,133,164,188,255
162,31,168,92,242,69,60,0,86,195,131,0,81,115,179,54,46,84,154,255,11,147,54,131,121,110,221,109,157,64,129,127,96,100,9,238,163,36,37,121,158,82,27,228,134,139,165,138,92,138,80,66,144,255,78,114,255,87,233,35,99,50,12,255,144,249,10,0,255,0,255,37,255,180,61,151,199,228,98,142,0,130,160,49,0,148,103,255,255,98,255,175,36,163,147,42,58,74,135,138,66,62,174,51,0,253,255,75,126,111,255,102,135,232,86,235,255,163,20,124,255,140,0,0,123,180,0,255
167,31,159,74,255,99,69,0,84,224,203,0,112,79,207,69,6,106,130,255,0,171,90,166,144,15,148,84,164,40,138,115,50,93,48,233,156,21,87,101,220,103,0,222,185,119,109,146,180,199,10,38,156,255,90,152,255,134,222,92,226,77,0,255,30,255,0,13,255,0,177,235,206,231,222,208,128,135,161,213,36,0,248,68,0,93,218,233,255,195,189,71,0,152,120,91,0,98,239,47,109,0,146,255,0,255,255,135,222,96,93,109,142,67,0,238,134,255,37,0,255,24,0,0,0,207,167,255
164,32,162,98,255,80,57,28,93,218,152,0,103,118,131,71,69,111,132,245,13,187,96,92,93,51,176,117,122,113,115,127,110,146,74,235,148,42,83,92,140,71,15,203,115,99,113,95,87,135,76,89,131,255,53,180,255,139,210,187,182,41,0,222,101,255,37,44,255,23,214,150,227,110,209,119,190,238,128,157,100,46,167,107,0,85,190,242,248,113,221,84,41,87,147,95,8,88,163,35,92,0,132,204,0,255,255,151,203,63,255,102,188,87,16,237,187,255,92,141,174,168,0,0,94,122,90,255
175,32,166,74,255,105,55,0,100,217,201,0,115,53,185,84,20,140,160,255,13,161,102,170,170,33,96,163,135,44,148,125,11,80,48,255,99,23,12,179,249,132,0,212,94,109,152,80,134,162,0,90,126,255,12,123,255,117,217,116,255,137,0,255,64,255,0,0,255,0,238,255,187,116,185,209,105,186,185,126,146,0,214,48,21,106,227,218,152,255,129,81,0,90,0,201,0,36,191,61,51,0,69,197,0,255,255,255,255,43,202,201,225,78,0,165,14,255,80,0,253,0,0,0,0,255,150,255
159,25,158,88,249,87,73,27,115,194,142,17,123,115,137,72,40,114,128,246,6,189,72,164,146,47,197,107,125,89,145,113,59,156,76,198,112,90,26,140,127,136,0,183,166,109,137,125,62,130,85,96,126,242,52,69,255,68,198,93,167,72,25,255,123,236,45,9,255,49,150,158,189,255,104,245,153,192,58,136,78,86,207,99,60,126,161,207,255,72,209,158,3,164,125,132,71,0,201,157,181,20,154,209,119,255,255,180,251,148,255,49,208,97,117,179,153,192,100,90,150,159,0,28,88,123,126,255
173,39,181,74,253,103,60,0,106,219,150,58,89,137,165,117,87,153,180,239,10,164,89,153,92,98,109,203,154,85,139,95,39,142,0,255,75,43,101,134,193,126,0,185,155,148,178,158,63,116,4,94,117,255,49,43,255,79,255,114,255,164,26,255,119,255,0,44,255,0,248,252,159,189,217,190,33,193,197,115,78,24,212,117,23,81,215,220,136,215,133,73,0,97,81,182,0,82,107,236,57,0,57,205,0,255,255,241,234,137,252,202,233,27,61,222,83,255,45,0,255,2,0,0,45,255,155,255
169,34,156,79,255,121,61,2,78,225,198,12,85,109,181,114,0,166,117,255,0,245,92,199,254,0,85,98,102,0,155,81,15,148,103,191,70,50,106,167,248,49,32,255,158,128,213,147,96,127,60,55,179,255,0,210,255,120,213,79,255,68,59,255,91,255,0,48,255,81,200,234,215,255,255,211,71,173,48,245,140,0,96,112,74,13,255,227,205,255,93,205,0,88,191,159,53,0,239,13,120,0,122,214,24,248,255,255,255,0,255,6,39,0,0,252,103,255,60,0,193,169,0,0,0,140,195,255
171,31,151,51,255,106,42,0,95,229,192,0,48,112,199,78,0,118,128,255,0,79,54,190,255,0,101,71,89,19,78,198,14,110,0,255,114,0,62,194,237,0,0,229,66,133,199,108,92,133,0,0,240,255,66,229,255,128,255,0,199,61,0,255,21,255,0,0,255,18,236,190,237,254,220,255,104,235,227,148,47,20,177,0,0,0,255,255,235,254,243,187,0,0,213,126,48,80,153,64,74,0,95,142,0,255,255,255,255,10,255,33,176,10,0,78,255,255,198,0,255,92,0,0,0,255,0,255
167,31,153,59,255,129,78,0,89,249,227,0,110,76,216,59,0,134,135,255,0,207,66,255,233,0,88,22,134,2,173,118,0,222,46,209,74,26,77,203,255,154,0,255,153,197,196,181,136,138,0,9,176,255,57,169,255,135,179,2,240,95,13,255,78,255,0,0,255,0,133,255,189,255,230,255,69,95,151,149,24,47,246,15,3,65,255,255,255,255,157,154,0,137,130,62,0,0,226,31,117,0,96,255,0,255,255,251,255,95,230,80,64,0,0,188,42,255,48,0,255,67,0,0,0,238,240,255
168,27,151,83,243,101,65,11,101,197,202,32,117,61,158,66,39,91,153,255,0,207,78,189,169,29,168,100,143,88,134,98,59,110,61,155,130,53,19,115,172,159,31,221,143,101,103,134,125,153,34,55,171,255,37,97,255,133,208,84,255,40,0,255,136,212,72,0,255,38,156,201,255,244,125,240,49,166,144,113,143,64,255,23,0,145,153,239,167,196,202,104,0,185,75,255,70,91,231,118,162,0,57,246,68,255,255,255,255,150,166,151,168,135,39,250,77,255,44,0,255,10,0,0,94,186,147,255
164,23,149,59,255,126,56,0,77,255,238,0,103,9,255,84,0,128,116,255,0,193,33,220,255,0,56,0,157,0,156,114,0,221,63,247,110,5,41,243,255,156,0,255,67,161,255,158,203,143,0,49,144,242,6,211,255,169,181,0,245,115,0,255,109,242,0,0,255,0,161,255,144,255,245,255,91,122,223,67,49,0,255,0,0,96,255,255,255,255,255,171,0,149,133,0,0,0,253,0,113,0,126,255,0,255,255,151,239,0,211,0,0,0,0,164,0,255,100,67,255,15,0,0,0,255,255,255
174,34,159,64,255,114,45,0,68,242,239,0,79,97,240,73,0,123,117,255,0,133,79,225,236,0,41,41,128,0,109,125,17,135,45,255,79,0,74,198,255,30,0,255,139,169,206,171,94,125,0,1,176,255,29,214,255,138,216,0,255,100,0,255,53,255,0,0,255,0,238,255,177,245,255,255,73,152,233,197,78,0,213,46,65,16,255,215,222,255,169,91,0,111,145,92,0,5,170,34,61,0,152,217,0,255,255,194,255,0,177,105,115,0,0,218,105,255,118,0,255,2,0,0,0,255,206,255
176,36,165,87,255,104,50,0,100,213,206,0,94,94,194,94,0,150,131,255,0,137,94,196,227,10,45,85,95,0,141,144,20,95,61,254,81,40,87,154,255,37,0,201,105,140,193,55,73,175,0,33,128,255,14,166,255,131,233,85,255,176,0,255,112,255,0,8,255,33,251,255,204,174,249,255,73,228,202,176,175,0,149,161,98,0,255,234,191,255,153,105,0,80,52,115,13,26,173,39,68,0,176,38,0,255,255,253,255,4,255,146,177,16,0,138,66,255,43,0,255,34,0,0,0,255,96,255
171,32,156,85,255,109,58,1,99,235,175,28,82,110,179,108,0,146,139,255,0,155,95,171,176,16,99,127,104,78,121,130,64,139,29,255,88,81,29,159,201,92,0,193,136,102,190,138,108,143,38,70,141,255,55,176,255,130,255,48,245,99,0,255,91,255,0,0,255,69,226,175,194,209,200,225,83,255,191,138,136,0,173,72,24,34,255,255,210,225,153,130,0,37,37,155,37,44,193,32,144,0,139,195,0,255,255,255,255,22,252,62,158,41,0,115,77,255,68,0,255,86,0,0,0,255,123,255
167,28,171,95,254,90,37,24,116,200,170,15,133,80,149,105,82,119,169,201,26,188,112,135,136,102,150,164,130,111,131,129,37,105,56,255,116,5,0,219,135,156,0,206,128,82,203,120,78,139,8,50,145,217,3,111,255,29,215,139,240,55,16,255,125,255,99,0,208,83,255,255,233,151,125,143,70,174,150,135,128,24,255,38,30,115,201,201,222,74,139,126,226,56,93,143,23,91,197,166,58,0,74,214,0,255,255,248,167,23,255,81,160,89,8,178,85,255,121,48,84,121,0,47,215,188,112,255
166,28,148,57,255,110,46,0,60,241,239,0,73,91,246,76,0,107,100,255,0,152,55,207,255,0,55,0,130,0,114,136,0,167,54,255,105,0,84,205,255,10,0,255,90,147,245,122,137,135,0,0,231,255,30,208,255,127,227,0,198,47,0,255,45,255,0,0,255,0,207,255,173,255,253,255,108,184,185,192,31,0,186,0,33,2,255,250,255,255,228,221,0,49,255,25,64,0,242,0,75,0,106,255,0,255,255,160,255,0,254,0,13,7,0,131,194,255,191,0,255,107,0,0,0,255,126,255
170,24,150,92,248,108,58,13,114,226,187,40,104,74,161,106,19,128,142,255,16,173,96,144,196,93,147,135,91,126,145,138,91,145,32,207,144,76,23,187,182,121,0,187,110,73,169,132,89,140,56,91,121,238,32,150,255,96,247,54,188,125,0,252,102,209,87,6,255,42,215,171,239,255,169,211,122,180,162,103,98,42,201,49,42,98,220,255,218,176,187,158,0,144,32,178,58,0,196,78,197,0,155,172,0,249,255,224,255,182,153,119,187,65,0,140,147,219,108,0,255,66,0,0,79,120,72,255
166,26,148,60,255,118,65,0,84,243,234,0,110,38,243,70,0,130,111,255,0,156,54,208,255,0,73,17,150,0,144,132,0,193,57,255,122,4,41,238,255,109,0,255,82,149,241,151,169,162,0,31,158,255,18,206,255,110,197,0,240,102,0,255,62,255,0,0,255,0,169,255,165,255,255,255,65,117,215,115,21,0,255,0,0,65,255,255,255,255,241,142,0,137,132,25,0,0,255,0,121,0,153,255,0,255,255,151,255,42,191,51,41,0,0,144,36,255,151,0,255,1,0,0,0,255,239,255
163,20,138,86,255,109,53,0,97,235,246,15,135,12,216,65,0,91,145,255,6,249,57,237,230,49,132,16,128,82,164,98,0,205,96,189,147,26,0,187,255,250,80,255,146,165,190,190,176,125,0,60,114,196,26,131,245,109,152,0,222,21,0,255,93,203,0,0,255,34,124,130,224,255,150,209,107,141,135,88,96,41,255,0,0,136,255,255,255,143,251,243,0,160,0,66,139,9,195,39,201,0,134,255,0,255,255,188,255,81,238,67,103,115,28,215,76,243,87,83,255,73,0,0,129,206,249,255
173,33,165,62,255,114,54,0,75,255,220,0,78,70,243,104,0,150,136,255,0,110,71,170,223,26,23,89,130,17,113,136,0,155,27,255,59,0,47,227,255,60,0,255,113,146,239,85,159,151,0,39,159,255,28,255,255,129,233,30,255,138,0,255,62,255,0,0,255,0,255,255,137,197,255,228,89,194,255,132,59,0,220,63,21,60,255,222,255,255,187,69,0,34,108,90,0,21,159,0,41,0,138,255,0,255,255,201,248,0,220,80,140,0,0,130,110,255,138,0,255,0,0,0,0,255,194,255
170,29,157,91,255,112,57,11,96,240,185,41,87,64,171,129,0,144,153,255,13,205,101,146,199,33,103,137,101,74,125,126,39,106,84,255,129,62,30,206,194,106,3,235,140,68,219,161,150,118,90,74,129,255,0,211,255,108,232,63,247,72,0,253,144,255,34,0,255,41,235,211,202,239,222,173,61,215,70,89,134,0,126,73,19,76,255,250,195,184,134,150,0,69,53,167,41,0,144,133,127,0,113,255,28,247,255,255,255,0,255,69,101,71,0,168,155,255,129,0,255,129,0,0,0,142,158,255
162,30,159,78,255,102,68,0,86,230,202,0,120,64,192,99,0,140,128,255,0,195,72,162,201,55,80,78,144,13,143,118,0,156,70,255,119,0,64,156,255,103,0,249,82,153,225,83,162,189,0,17,169,255,24,214,255,64,226,74,249,73,0,255,118,255,0,0,255,0,201,200,197,255,167,183,132,152,147,172,68,0,207,52,3,89,255,242,255,199,206,143,0,43,76,23,51,4,164,1,134,0,207,248,0,255,255,134,197,0,255,17,68,36,0,160,200,255,149,106,167,46,0,0,0,255,113,255
169,24,154,43,255,126,57,0,65,255,249,0,87,37,255,70,0,120,67,255,0,86,32,214,255,0,28,0,158,0,99,141,0,200,38,255,97,0,23,227,255,23,0,255,57,160,255,125,232,136,0,0,179,255,38,253,255,111,204,0,255,151,0,255,33,255,0,0,255,0,179,255,119,255,255,255,94,121,254,137,0,0,255,0,0,19,255,250,255,255,255,107,0,78,153,0,0,0,255,0,19,0,158,255,0,255,255,184,255,0,187,0,41,0,0,106,0,255,222,0,255,0,0,0,0,255,255,255
174,34,170,56,255,118,48,0,77,254,198,0,73,76,230,107,0,139,130,255,0,116,76,168,181,5,103,88,137,0,94,135,39,123,0,255,146,0,94,159,245,51,0,255,117,154,176,110,208,191,0,32,151,255,92,211,255,147,225,15,255,145,0,255,47,255,0,11,255,0,227,255,171,239,255,236,106,244,203,138,78,0,218,91,0,10,255,224,218,255,187,80,0,55,147,82,0,124,196,0,0,0,104,255,0,255,255,242,245,3,150,60,136,0,0,123,170,255,144,0,255,0,0,0,0,255,171,255
168,29,158,62,252,112,63,0,89,218,195,0,131,24,178,80,0,116,135,255,0,176,61,165,177,5,174,87,162,20,104,127,24,136,52,207,194,0,35,130,192,143,0,252,84,145,99,78,222,196,3,51,151,255,76,155,255,145,169,45,244,104,0,255,79,255,0,0,255,0,124,225,190,255,138,251,123,184,134,122,104,0,255,21,0,79,238,213,242,233,167,189,0,147,88,179,0,123,231,65,104,0,65,255,0,255,255,221,255,206,116,105,123,99,0,48,155,255,191,70,239,0,0,0,0,176,126,255
164,22,150,63,255,118,77,1,100,254,195,23,113,11,202,105,0,122,138,255,0,223,54,192,219,77,138,23,142,113,118,133,0,230,50,178,158,18,42,198,219,169,0,255,121,128,197,141,206,127,56,58,118,191,41,171,255,179,159,43,227,136,0,255,113,208,0,8,255,18,114,245,183,255,137,255,86,177,150,18,11,85,255,0,0,152,255,255,255,175,235,185,0,192,108,132,0,0,255,32,167,0,73,255,0,255,255,200,241,189,120,0,103,0,0,44,20,207,127,92,255,0,0,0,15,160,180,255
172,26,163,73,242,124,57,14,99,255,197,19,108,38,187,97,0,133,162,255,0,174,59,138,196,97,155,65,149,114,124,170,82,245,42,188,180,36,94,145,179,140,0,255,113,143,126,92,135,137,36,83,112,255,86,207,255,214,138,18,240,92,0,223,128,254,106,2,255,11,111,251,168,255,204,255,150,192,255,61,82,87,255,79,5,108,255,255,255,213,201,196,0,255,156,144,0,90,206,80,155,5,87,255,0,255,255,178,255,247,3,94,157,0,0,164,112,242,118,89,255,0,0,0,85,124,190,255
174,28,166,53,255,132,77,0,119,255,183,0,110,81,205,66,18,126,136,255,0,138,31,121,150,0,193,53,133,80,144,146,70,204,0,219,234,19,169,99,144,106,0,224,80,142,94,111,173,216,0,19,152,255,165,165,255,168,238,36,188,110,3,255,122,255,0,0,255,0,137,255,252,240,255,255,142,253,145,56,45,78,240,183,0,26,255,255,255,155,127,66,0,139,101,47,0,168,255,0,165,19,13,255,0,255,255,239,255,136,50,73,151,0,0,143,120,255,0,41,255,116,0,0,11,131,190,255
177,28,163,65,255,137,52,0,84,255,246,0,96,27,255,108,0,141,106,255,0,131,62,217,255,16,57,28,140,0,121,132,0,179,48,255,108,0,126,188,255,103,0,255,91,195,188,154,212,174,0,0,127,255,78,223,255,176,176,0,255,193,0,255,67,255,0,2,255,0,236,255,205,255,255,255,51,201,192,154,33,0,255,79,0,10,255,255,255,255,184,173,0,187,29,0,0,80,251,0,123,0,210,191,0,255,255,255,214,21,156,72,80,0,0,157,143,255,31,0,255,0,0,0,0,255,170,255
169,18,154,43,255,138,51,0,46,255,251,0,73,12,255,127,0,121,92,255,0,83,29,145,255,28,68,0,179,22,79,137,13,255,60,255,163,0,56,211,255,93,0,255,73,143,255,101,255,144,47,0,157,255,78,255,255,152,145,0,224,141,0,255,26,255,0,0,255,0,194,255,92,255,255,255,114,163,255,81,0,0,255,2,0,77,255,255,255,255,255,180,0,107,199,0,0,78,255,0,50,0,99,255,0,255,255,207,129,39,81,0,0,0,0,141,197,255,113,125,255,0,0,0,0,166,250,255
178,34,173,81,255,122,50,0,115,216,182,16,109,54,175,128,39,163,180,255,0,180,137,174,162,53,107,191,121,9,130,128,28,99,36,227,130,0,68,166,199,155,0,189,170,104,137,147,145,214,0,95,80,255,38,114,254,145,220,81,255,171,0,246,83,246,53,53,255,101,215,246,191,225,229,217,41,238,155,149,174,0,225,82,10,81,222,188,134,251,39,120,0,119,49,174,0,101,165,127,91,0,113,201,0,193,255,255,255,26,175,201,164,33,8,159,75,255,67,0,243,0,0,0,2,255,157,255
175,32,163,102,234,106,67,0,91,244,178,41,121,73,140,125,28,113,167,255,4,212,103,195,130,102,162,179,151,109,135,76,97,112,88,191,156,41,12,69,208,167,0,244,227,127,79,169,138,174,78,61,91,255,90,160,255,204,206,93,255,152,0,251,93,212,39,70,255,99,71,133,255,251,113,140,36,247,155,171,123,27,255,104,60,180,209,235,148,166,169,31,68,152,36,255,0,141,149,109,100,0,90,167,17,206,184,203,190,198,154,242,179,109,0,205,69,255,92,0,255,0,0,0,118,81,65,255
175,29,168,48,255,124,50,0,79,255,228,0,115,8,232,62,0,117,128,255,0,106,54,187,185,3,118,71,154,0,125,140,14,201,21,255,179,0,65,183,253,136,0,255,80,214,139,109,246,180,0,23,111,255,88,230,255,163,161,47,252,177,0,255,27,255,0,0,255,0,131,255,154,116,255,255,59,184,214,51,48,10,255,34,0,73,255,253,255,255,162,44,0,113,84,91,0,87,254,0,23,0,0,255,0,255,255,203,154,163,27,170,159,0,0,182,74,255,55,3,255,0,0,0,0,254,195,255
169,26,157,55,255,105,59,0,67,255,198,0,86,59,221,81,0,109,123,255,0,97,57,144,168,22,122,72,161,68,87,134,46,158,34,255,192,0,0,160,223,69,0,255,123,148,166,100,225,172,51,35,154,255,112,230,255,118,232,39,229,111,0,255,0,255,0,0,255,0,162,243,172,221,189,254,173,215,253,71,0,0,255,41,0,78,255,237,255,232,235,57,0,69,148,84,0,99,195,0,27,0,30,255,0,255,255,150,247,152,110,38,146,26,0,116,209,255,151,0,255,0,0,0,0,222,102,255
176,30,159,81,251,112,60,4,113,252,168,3,82,96,151,65,81,141,169,255,30,105,97,111,143,2,187,138,127,86,110,144,107,88,19,253,152,38,78,122,74,107,0,150,174,88,46,152,131,178,21,99,140,255,123,172,255,158,246,92,225,84,0,244,30,255,47,70,255,88,165,212,255,154,190,149,77,238,175,74,148,91,203,114,0,97,173,255,190,199,95,60,33,110,66,183,17,184,164,79,145,8,123,255,0,255,254,201,255,104,104,164,213,21,17,204,140,255,86,0,255,116,0,0,44,157,60,255
173,28,160,57,255,121,72,0,102,255,185,0,97,74,175,91,47,144,144,255,23,116,74,142,166,3,111,111,130,35,143,161,24,163,3,255,105,45,52,160,147,87,0,191,140,64,120,123,206,196,0,81,172,255,83,207,255,85,255,121,251,127,0,255,35,255,0,0,255,0,193,255,164,106,255,249,80,183,212,44,56,0,249,64,0,99,169,255,245,222,92,56,0,0,122,148,0,58,255,34,139,0,52,255,0,255,255,224,255,58,102,114,207,0,0,117,36,255,129,0,255,10,0,0,0,230,76,255
170,27,165,99,237,94,59,24,100,221,129,0,113,72,144,98,63,104,146,235,36,198,122,99,94,90,157,146,134,77,110,169,95,128,35,212,176,43,68,80,102,101,0,225,125,72,94,87,189,189,40,76,139,196,103,156,255,94,252,159,217,86,0,237,98,244,84,0,245,78,179,183,209,133,177,182,162,250,109,186,94,20,255,129,0,98,138,137,245,105,177,65,117,145,129,101,35,189,255,25,65,0,103,197,0,255,255,143,209,166,186,163,154,160,0,116,208,164,89,94,108,83,0,3,123,56,0,255
170,30,158,73,253,96,48,0,86,226,190,0,105,35,170,88,21,107,147,255,0,185,80,162,161,15,145,105,154,66,110,134,37,94,77,209,155,6,20,104,190,135,0,243,154,125,99,66,182,201,0,82,112,255,61,142,255,192,190,108,255,109,0,255,48,255,0,2,255,18,168,228,194,195,207,221,142,179,198,114,112,0,230,41,0,101,225,224,206,226,174,63,0,96,99,195,0,91,212,62,48,0,8,255,0,255,255,198,214,82,129,104,192,118,0,122,86,255,90,33,255,0,0,0,0,222,107,255
173,36,193,87,202,53,56,11,100,192,89,0,88,98,127,66,111,83,175,166,26,172,70,112,71,75,255,170,106,0,71,130,173,94,5,173,186,17,159,86,152,145,14,175,153,143,72,73,151,205,52,62,98,239,86,154,255,148,246,120,190,61,58,125,200,254,143,3,255,78,138,47,253,195,79,120,64,226,123,167,217,123,160,165,37,121,120,255,148,85,201,195,214,118,180,187,112,161,95,191,47,0,23,138,131,174,156,85,162,135,113,142,175,143,131,168,218,107,0,86,152,137,0,0,155,99,0,255
169,27,170,52,255,116,49,0,78,255,182,0,88,66,208,100,0,119,148,255,0,147,53,178,176,75,140,74,160,64,109,142,14,197,0,255,155,0,41,164,175,112,0,255,145,160,173,94,198,148,0,19,177,255,95,216,255,174,227,9,252,130,0,255,63,255,0,0,255,0,175,254,161,242,136,255,126,232,254,49,10,0,255,61,0,113,255,255,241,215,255,78,0,97,188,146,0,120,198,0,43,0,40,255,0,255,255,201,194,176,62,0,185,0,0,129,94,255,95,9,255,0,0,0,0,219,142,255
176,26,156,74,244,118,77,18,105,245,194,42,123,80,144,11,101,123,128,240,0,152,46,145,113,0,242,74,119,84,101,116,118,179,64,192,210,45,90,108,87,120,0,184,111,163,0,216,131,188,3,72,117,255,174,193,255,147,197,119,200,43,5,205,96,255,66,15,255,0,60,216,248,209,158,243,104,177,97,94,161,116,244,148,0,54,177,255,190,201,55,153,0,233,37,229,0,195,204,159,218,16,87,255,79,254,255,108,255,255,0,246,177,0,117,255,132,255,185,0,255,90,0,0,121,68,234,255
175,28,153,62,255,128,67,0,95,255,205,0,91,73,211,83,0,132,131,255,0,134,41,122,182,0,171,48,113,66,103,135,119,204,49,255,234,29,127,101,200,117,0,255,119,154,122,134,201,211,36,69,153,255,160,225,255,172,191,14,236,93,0,254,75,255,0,0,255,0,111,187,247,255,255,255,120,243,251,89,54,84,211,154,0,52,255,255,255,255,127,97,0,187,64,0,0,182,221,0,135,0,95,255,0,255,255,204,255,123,34,139,132,0,0,144,202,255,75,85,255,129,0,0,0,78,193,255
175,25,149,75,255,132,52,0,94,255,232,0,90,35,251,95,0,139,115,255,0,115,57,164,236,39,92,22,111,40,133,131,86,190,43,255,157,10,123,160,255,119,0,255,105,151,168,157,137,176,20,1,127,255,113,255,255,141,198,0,217,178,0,222,102,255,0,0,255,0,196,201,247,255,255,255,24,238,254,92,15,109,199,137,0,49,255,255,255,255,131,123,0,129,37,7,0,62,255,0,140,0,141,255,0,255,255,216,225,0,108,129,78,0,0,255,155,255,34,0,255,78,0,0,0,179,183,255
177,25,163,55,255,123,44,0,81,255,215,0,99,0,245,104,0,119,129,255,8,111,79,181,195,24,104,88,130,30,107,127,0,162,1,255,142,0,55,205,255,143,0,255,93,140,174,97,192,146,0,16,97,255,64,210,255,187,215,7,255,214,0,255,35,255,0,0,255,0,200,255,144,174,255,244,46,206,255,87,0,28,255,39,0,109,255,235,255,255,222,0,0,157,90,45,0,57,255,0,3,0,84,255,0,255,255,212,199,74,70,109,140,0,0,162,0,255,142,0,255,0,0,0,0,255,247,255
176,28,163,84,253,118,48,0,107,238,211,4,116,30,184,109,0,138,152,255,0,175,95,173,170,68,107,129,115,66,153,135,62,111,47,217,161,23,69,179,241,154,0,200,147,127,131,84,118,181,0,30,102,255,75,181,255,169,197,76,255,213,0,223,107,215,12,9,255,5,199,248,210,196,197,244,128,211,228,131,85,49,255,109,26,67,215,255,215,209,139,65,0,172,19,148,0,33,211,5,89,0,140,255,0,255,255,231,255,150,39,198,181,34,0,206,5,255,83,35,255,0,0,0,11,171,162,255
168,28,157,66,255,113,64,0,94,248,177,0,79,59,201,127,0,153,151,255,0,132,82,140,206,47,119,132,132,98,122,148,37,156,5,255,158,0,22,194,186,102,0,255,123,91,197,44,210,174,52,77,149,255,60,198,255,150,228,10,234,135,0,255,51,255,0,0,255,14,180,202,178,255,177,233,103,239,255,69,29,0,237,34,0,94,255,255,255,204,255,166,0,51,129,152,0,66,230,0,102,0,78,255,0,255,255,240,184,86,159,24,148,50,0,30,174,255,130,24,255,0,0,0,0,210,35,255
169,21,152,49,255,131,51,0,67,255,248,0,103,0,255,96,0,119,100,255,0,133,51,194,255,14,83,0,179,0,124,140,0,218,33,255,121,0,68,221,255,139,0,255,69,167,221,112,255,157,0,3,163,255,31,232,255,170,161,0,234,166,0,255,24,255,0,0,255,0,162,255,136,255,255,255,68,87,255,87,0,20,255,0,0,107,255,255,255,255,255,130,0,156,147,0,0,26,255,0,74,0,119,255,0,255,255,186,129,45,97,0,11,0,0,111,70,255,115,92,255,0,0,0,0,222,197,255
165,23,155,62,255,117,68,0,61,255,209,0,101,35,218,123,0,131,120,255,0,152,70,135,176,81,115,92,171,56,95,126,47,174,46,255,162,0,26,175,229,127,0,255,116,107,183,96,255,180,83,31,170,227,82,235,255,121,201,33,224,130,0,255,38,255,0,0,255,0,184,206,146,255,151,230,118,185,239,97,0,0,255,21,0,146,255,233,255,223,236,141,0,93,108,99,0,85,255,0,100,0,126,255,0,255,255,163,169,86,94,0,53,55,0,78,204,255,168,57,255,0,0,0,0,86,69,255
182,30,167,87,255,126,26,0,112,253,195,13,88,38,170,124,42,159,143,255,16,159,132,97,139,53,158,163,113,24,108,132,125,90,21,239,190,38,93,106,176,161,0,135,180,113,100,104,111,204,0,74,103,255,49,212,255,185,231,78,255,173,0,126,80,255,4,48,232,60,255,165,255,224,255,152,52,255,168,154,183,6,163,153,11,73,244,251,128,255,0,53,0,103,41,170,0,157,182,0,137,0,141,255,0,197,255,255,255,0,48,227,87,49,0,255,153,255,100,0,255,76,0,0,0,98,150,255
183,37,175,78,255,116,41,0,106,228,214,0,95,60,183,137,0,170,165,255,0,168,142,183,195,20,60,173,92,0,134,125,51,58,32,255,87,17,83,174,255,115,0,187,117,115,130,79,144,190,0,93,79,255,12,156,255,155,236,84,255,210,0,243,72,255,1,58,255,56,255,255,181,166,255,192,65,245,202,176,234,0,140,134,47,20,255,206,84,255,33,66,0,91,11,161,0,65,133,76,33,0,148,164,0,255,255,255,255,0,236,233,195,37,0,178,54,255,91,0,255,0,0,0,0,255,145,255
170,17,146,56,255,140,64,0,65,255,253,0,92,0,255,146,0,156,80,255,0,119,59,160,255,23,19,6,141,0,93,162,0,238,96,255,92,0,35,231,255,87,0,255,93,107,255,73,255,183,0,43,138,211,1,255,255,118,155,0,255,193,0,255,23,245,0,0,255,0,219,255,69,255,255,255,91,130,255,115,0,0,255,23,0,70,255,255,255,255,208,212,0,59,115,0,0,0,255,0,153,0,196,255,0,255,255,250,248,0,135,0,31,0,0,13,71,255,148,56,255,0,0,0,0,219,209,255
169,26,160,80,248,115,57,0,80,246,193,1,126,12,176,129,0,127,147,255,0,198,72,155,177,98,146,119,162,60,117,120,66,146,73,235,191,0,67,143,194,168,8,255,150,139,156,86,212,158,60,22,124,254,62,209,255,141,159,35,245,151,0,255,122,248,16,0,255,6,106,204,200,254,124,242,130,183,205,135,65,45,255,57,0,147,255,217,255,234,178,118,0,174,150,156,0,82,255,14,71,0,97,255,0,255,255,160,140,198,106,84,145,89,0,98,118,202,152,141,255,0,0,0,69,15,102,255
179,42,205,96,239,84,57,0,125,165,164,0,91,94,210,82,44,130,165,180,44,155,91,147,52,50,192,169,131,0,113,197,125,85,0,156,156,22,150,116,159,169,0,138,125,195,148,60,165,255,0,51,35,255,66,126,255,59,213,147,255,94,62,97,189,243,69,39,255,80,137,181,252,153,163,221,106,202,105,255,225,90,162,241,69,16,72,233,117,123,128,49,167,255,99,225,46,166,177,208,17,0,238,65,0,156,204,134,167,64,119,255,174,138,60,255,134,216,81,100,125,30,0,0,99,189,0,255
182,40,191,64,255,103,51,0,95,202,210,0,144,35,200,50,22,99,172,255,0,152,84,159,98,0,182,172,128,0,114,142,47,75,0,230,229,0,139,83,185,177,0,134,39,202,0,107,176,232,0,0,79,255,142,145,255,170,205,65,255,157,0,249,134,255,13,0,248,0,97,255,234,116,252,180,121,249,72,249,219,15,217,204,0,40,168,138,119,255,41,25,20,193,30,117,0,255,203,210,20,0,90,144,13,248,255,190,218,134,141,255,199,20,94,168,97,255,110,9,178,0,0,0,69,255,92,255
165,27,158,50,255,113,58,0,85,234,193,0,96,82,194,69,1,92,114,255,0,169,36,162,158,0,193,44,151,41,65,114,55,156,0,241,203,0,91,99,175,62,0,242,72,133,120,119,179,188,0,0,228,255,130,184,255,162,235,0,190,52,0,255,119,255,0,0,255,0,143,228,229,255,192,221,145,173,156,120,61,31,255,40,0,65,244,244,255,206,248,149,0,79,158,102,15,178,255,49,98,0,54,255,0,255,255,220,255,157,67,65,79,68,0,124,150,255,143,78,255,137,0,0,0,170,178,255
175,30,164,50,255,121,56,0,85,255,228,0,118,28,240,40,0,109,112,255,0,114,48,185,175,0,142,57,151,0,112,126,24,163,30,255,215,0,73,141,255,129,0,255,65,210,105,138,196,187,0,4,123,255,132,165,255,174,216,11,249,160,0,255,42,255,0,0,255,0,126,255,222,182,246,255,108,206,159,106,83,0,255,78,0,36,255,226,255,255,200,16,0,191,0,32,0,125,178,0,62,0,45,255,0,255,255,174,255,157,50,173,152,0,0,149,103,255,67,0,255,0,0,0,0,255,230,255
168,31,165,71,255,103,64,0,91,220,171,0,119,64,158,78,53,104,138,255,0,174,67,173,132,13,174,94,145,10,126,144,47,119,35,216,187,25,68,76,148,120,0,190,151,113,85,133,161,200,0,45,146,255,101,142,255,131,224,88,230,97,0,248,116,255,0,4,255,21,135,230,212,212,164,225,136,189,112,154,116,30,239,105,0,101,149,215,247,159,155,80,0,130,117,135,0,107,234,114,94,0,118,255,7,255,255,157,255,83,149,92,187,67,17,162,39,255,133,22,233,32,0,0,0,177,99,255
174,30,165,65,255,126,54,0,88,238,209,0,114,55,211,63,0,112,120,255,0,152,54,195,180,6,145,43,151,0,122,135,34,162,34,212,176,26,116,117,232,116,0,251,118,170,110,145,124,167,0,0,146,255,116,177,255,171,192,13,255,124,0,255,118,255,0,0,255,0,173,255,229,250,231,255,93,194,146,136,63,15,255,111,0,25,255,235,255,255,195,96,0,226,64,52,0,124,229,15,120,0,141,255,0,255,255,205,255,172,43,134,141,0,0,212,67,255,87,7,255,0,0,0,0,222,208,255
175,24,159,70,255,137,62,0,90,255,223,6,100,15,225,143,0,148,146,255,14,183,77,145,172,74,100,131,136,52,105,110,61,160,64,255,171,3,99,166,255,165,0,245,117,139,148,139,236,208,15,20,130,246,114,255,255,183,205,51,255,229,0,249,84,243,0,17,255,0,156,195,217,255,234,221,151,209,219,131,0,22,255,83,0,59,255,255,255,255,149,61,0,124,15,55,0,41,217,0,123,0,106,255,0,255,255,255,199,131,26,105,94,11,0,150,136,255,83,60,255,0,0,0,0,115,204,255
176,27,167,61,255,127,47,0,78,255,225,0,98,45,223,112,0,136,142,255,0,149,64,113,150,46,117,140,140,37,109,122,75,157,24,255,208,0,74,142,224,118,0,255,121,121,114,97,225,217,0,35,153,255,157,255,255,219,207,11,255,154,0,235,72,255,0,0,255,0,165,226,199,228,236,216,158,255,250,146,65,0,255,109,0,54,255,255,252,250,165,91,0,137,53,56,0,200,182,0,105,0,107,255,0,255,255,205,255,90,0,119,114,25,0,181,171,255,150,43,255,0,0,0,0,154,218,255
169,23,149,71,255,125,59,0,88,246,226,0,109,18,223,101,0,133,132,255,0,161,58,180,254,32,99,53,143,22,138,126,8,163,74,236,156,3,55,194,255,132,2,255,123,124,176,109,178,156,29,21,165,255,49,210,255,123,185,0,236,152,0,255,65,239,0,3,255,0,176,201,187,255,198,255,160,168,171,121,0,2,255,34,0,57,255,255,255,255,224,236,0,148,92,65,0,0,232,0,148,0,135,255,0,255,255,223,255,159,123,32,87,74,0,162,137,255,146,96,255,0,0,0,0,198,137,255
180,27,161,111,240,122,35,19,128,211,187,29,139,19,145,137,10,152,183,255,55,190,126,115,142,135,148,216,130,57,156,111,121,111,108,180,151,83,82,118,198,209,47,169,109,80,96,106,13,152,36,72,84,233,9,180,255,92,168,127,247,178,0,145,147,188,166,33,238,76,184,148,255,175,199,214,63,249,113,188,190,116,193,117,3,88,145,255,92,229,58,179,79,226,10,187,4,103,219,121,141,0,125,140,0,199,207,255,224,201,108,255,186,124,0,255,153,247,111,0,210,26,0,11,199,40,114,255
173,29,156,82,255,122,57,0,92,233,234,0,133,44,198,60,0,123,134,255,0,169,59,200,189,22,131,61,125,0,156,108,47,160,85,229,176,5,107,131,255,171,0,235,133,171,111,178,143,193,0,22,143,255,85,166,255,155,195,63,255,152,0,246,59,246,0,0,255,0,137,230,251,252,239,255,62,169,134,147,103,18,255,156,26,34,255,255,251,255,137,110,0,205,0,16,0,75,209,24,153,0,151,197,0,255,255,191,255,168,122,174,138,2,49,255,85,255,0,42,255,44,0,0,63,150,199,255
167,29,162,52,255,124,71,0,79,255,195,0,81,91,230,105,0,137,120,255,0,123,47,143,173,22,111,55,146,13,104,156,32,187,0,255,136,10,115,146,204,72,0,255,160,113,176,125,231,204,0,21,213,255,139,222,255,137,255,36,230,124,0,255,45,255,0,0,255,0,209,255,179,255,244,229,141,205,226,112,0,0,255,94,0,49,255,255,255,215,211,47,0,32,171,20,0,115,245,0,88,1,151,255,0,255,255,188,255,48,68,0,103,0,0,91,125,255,133,0,255,55,0,0,0,211,160,255
174,32,161,43,255,154,94,0,89,255,223,0,75,83,255,97,0,180,118,255,0,93,32,178,228,0,38,50,160,0,105,143,0,241,23,255,95,8,176,221,255,54,0,255,16,203,237,196,253,208,0,0,175,255,141,255,255,139,230,5,255,202,0,255,49,255,0,0,255,0,214,255,200,255,255,255,76,191,181,120,0,7,235,84,0,0,255,255,255,255,214,175,0,94,20,0,0,55,255,0,135,0,132,240,0,255,255,255,207,35,180,12,83,0,0,9,131,255,0,0,255,0,0,0,0,255,191,255
184,32,166,78,243,120,39,0,120,228,217,0,113,22,199,97,28,156,190,255,47,167,106,135,102,94,164,197,116,17,125,123,84,75,0,255,208,0,80,156,245,229,0,151,90,164,74,142,144,232,0,50,96,255,148,146,255,192,222,58,255,219,0,205,31,255,48,11,197,66,184,193,255,179,204,169,107,255,186,145,206,51,255,145,5,30,157,254,61,255,72,17,26,180,0,62,0,191,156,58,29,0,143,123,0,204,247,255,255,117,32,255,236,83,46,220,126,255,76,0,255,0,0,0,145,255,228,255
174,36,178,46,255,118,49,0,80,255,197,0,77,110,210,83,0,112,128,255,0,113,33,131,114,0,196,93,146,0,44,125,126,133,0,255,244,0,175,71,132,31,0,243,58,189,52,93,222,238,0,0,201,255,191,228,255,174,255,18,227,48,0,232,101,255,0,0,255,0,169,255,247,234,255,223,168,255,115,154,169,0,160,160,0,0,255,226,214,255,169,90,0,60,108,111,19,255,143,114,39,0,54,255,0,255,255,213,255,126,62,125,156,0,0,150,255,255,140,0,255,128,0,0,0,255,143,255
172,26,153,61,255,138,60,0,95,215,214,0,126,10,223,81,0,126,139,255,0,150,50,152,255,0,150,49,167,17,135,146,16,180,71,189,182,0,150,184,225,143,0,255,10,153,121,107,163,165,0,9,121,255,68,189,255,149,133,0,217,126,0,255,124,235,0,0,255,0,168,255,209,255,255,255,98,149,137,85,21,161,255,33,0,54,255,255,255,255,209,230,0,255,80,1,0,77,255,0,210,0,128,255,0,255,255,225,255,142,20,121,30,0,0,143,115,255,203,115,255,30,0,0,0,223,126,255
168,30,167,47,255,125,65,0,92,255,212,0,112,69,240,66,0,125,98,255,0,162,44,198,201,0,147,13,162,0,115,122,14,190,21,235,172,4,115,117,242,115,0,255,98,189,135,134,208,206,0,13,167,255,113,139,255,141,223,0,251,116,0,255,77,255,0,0,255,0,147,255,206,255,246,255,131,176,129,145,61,0,229,94,5,15,255,248,255,255,217,90,0,163,99,0,1,110,187,14,120,0,115,255,0,255,255,169,217,94,136,43,106,0,0,114,148,255,37,0,255,65,0,0,0,216,242,255
181,31,174,84,245,130,32,0,133,213,180,0,108,54,170,77,86,156,170,219,36,159,118,86,86,57,174,179,127,0,148,183,95,83,0,216,215,31,129,91,143,180,0,86,124,119,94,110,52,255,0,24,165,255,121,174,255,140,218,82,233,144,34,162,144,244,74,0,134,10,255,192,255,153,255,159,64,255,137,158,232,58,255,151,0,16,117,200,120,195,0,117,48,149,10,53,0,255,211,25,154,0,186,242,0,180,255,255,255,41,0,255,61,96,0,255,122,255,96,13,255,154,0,0,153,185,143,255
171,31,165,107,231,99,49,15,116,199,142,0,119,86,137,66,72,127,155,196,34,134,112,78,45,62,224,123,128,36,98,148,148,119,26,213,202,3,171,47,43,141,0,118,177,118,52,126,75,255,0,42,95,255,181,149,255,79,201,124,149,69,17,168,183,254,103,42,251,95,180,137,255,136,206,131,94,255,79,249,153,113,236,211,0,35,157,172,208,94,25,52,99,185,126,93,50,255,252,56,98,0,229,216,0,245,255,150,255,95,130,226,126,80,32,255,219,251,134,118,220,189,0,0,183,31,64,255
173,35,174,67,255,114,60,0,93,234,192,0,128,75,163,79,7,127,129,255,0,151,64,172,142,5,141,115,142,0,116,137,60,140,70,253,178,8,90,108,152,96,0,183,92,141,78,87,172,208,0,19,146,255,103,172,255,81,226,102,255,100,0,232,128,255,0,0,255,0,147,255,185,157,190,255,124,216,110,177,192,0,193,145,0,30,230,196,211,235,87,95,0,77,66,170,31,144,185,145,99,0,82,255,11,255,255,202,255,152,164,157,200,5,17,162,163,255,128,0,255,42,0,0,0,247,113,255
184,33,178,60,255,137,33,0,92,255,196,6,78,132,219,42,89,187,159,255,0,144,103,104,62,0,226,173,187,27,91,106,117,63,0,255,218,5,184,125,142,95,0,210,31,171,33,228,68,87,0,0,183,255,201,158,255,193,255,0,235,73,0,237,58,255,0,54,159,0,220,233,255,137,255,108,61,255,94,118,152,154,252,152,0,89,255,204,97,255,49,107,0,191,87,52,73,255,203,0,178,101,132,240,0,255,255,117,255,9,118,214,0,0,0,216,255,255,115,0,255,159,0,0,130,129,234,255
175,26,167,62,251,125,31,0,87,255,182,0,95,75,168,62,84,128,157,253,6,157,96,89,97,13,242,140,155,30,103,110,113,100,0,255,219,8,108,80,115,132,6,176,97,104,21,162,112,163,0,43,195,255,164,184,255,212,220,26,233,50,18,218,65,255,26,0,206,0,186,139,255,138,255,79,76,255,206,71,149,84,255,92,0,168,216,255,167,238,25,78,0,105,180,47,47,255,241,0,150,85,72,255,16,255,255,175,255,0,10,126,22,70,0,255,204,255,123,0,255,159,0,0,152,28,129,255
176,30,175,33,255,128,62,0,79,255,218,0,114,42,235,57,0,115,146,255,3,119,41,166,152,0,110,124,156,2,110,126,0,186,0,255,181,0,71,176,227,98,0,255,64,173,96,139,230,163,0,0,168,255,136,214,255,189,229,5,255,160,0,255,60,255,0,0,255,0,127,255,161,112,250,237,165,197,166,133,93,0,255,26,0,67,255,180,206,255,143,57,0,91,113,102,0,152,235,49,61,0,0,255,0,255,255,212,238,154,17,110,203,0,0,99,0,255,138,0,255,0,0,0,0,255,199,255
165,23,147,45,255,125,79,0,90,240,208,0,131,38,208,60,0,106,117,255,16,143,47,189,219,0,169,22,167,53,124,114,0,212,35,234,152,0,58,178,240,137,0,255,29,116,146,134,194,136,0,24,187,255,40,134,255,87,190,0,190,97,0,255,35,255,0,0,255,0,96,255,164,249,213,255,60,71,176,79,0,114,255,0,0,148,255,255,255,240,252,125,0,206,125,120,0,28,255,0,133,0,39,255,0,255,255,197,255,189,88,97,64,0,0,112,0,255,167,71,255,0,0,0,0,108,169,255
168,19,157,38,255,138,72,0,68,255,220,0,92,69,249,74,0,98,91,255,0,72,15,141,223,0,146,0,182,0,123,120,50,245,28,255,189,0,137,145,224,28,0,255,68,120,169,138,236,170,7,0,229,255,127,244,255,48,200,0,196,72,0,255,10,255,0,0,255,0,180,255,120,255,255,255,88,117,239,80,0,92,255,73,0,84,255,255,255,233,203,126,0,125,255,0,0,127,255,0,86,5,19,255,0,255,255,213,239,96,112,25,0,0,0,235,215,255,68,121,255,99,0,0,0,21,193,255
173,33,170,76,247,113,66,0,97,228,182,0,129,91,142,49,59,104,149,234,8,163,66,172,99,7,201,118,141,31,122,140,85,116,47,196,222,37,104,65,124,126,0,186,161,137,18,137,141,182,0,30,134,255,141,160,255,163,202,104,255,60,30,219,107,255,38,3,255,52,86,225,251,193,161,208,147,210,90,158,184,43,246,167,0,81,151,206,176,162,138,76,4,205,90,183,14,173,184,142,146,0,106,255,80,255,255,175,255,237,42,175,200,73,57,240,72,255,123,22,255,18,0,0,72,132,129,255
173,30,160,50,255,127,78,0,104,255,209,0,110,71,197,42,0,115,127,255,0,109,40,163,182,0,136,54,148,10,127,151,36,183,41,243,190,24,130,135,181,69,0,186,87,160,93,155,189,208,0,28,178,255,119,191,255,112,218,75,255,121,0,255,43,255,0,0,255,0,112,255,205,208,255,255,160,89,137,104,40,57,240,108,0,8,255,255,255,255,142,72,0,111,98,70,0,74,241,87,150,0,8,255,0,255,255,250,255,255,21,170,199,0,0,161,81,255,34,18,255,42,0,0,0,208,159,255
169,31,161,55,255,109,66,0,90,244,192,0,100,60,203,51,15,92,145,255,0,134,54,157,159,0,159,52,165,65,107,136,47,146,0,247,175,0,99,137,188,110,0,229,123,174,108,143,166,179,0,8,160,255,108,195,255,162,235,49,215,79,0,255,62,255,0,0,255,0,149,255,194,209,247,220,102,151,205,66,23,56,255,44,0,93,224,255,255,202,194,0,0,88,180,111,0,102,231,44,59,0,0,255,0,255,255,165,204,92,99,97,171,0,0,208,95,255,116,0,255,0,0,0,0,255,138,255
170,31,158,41,255,126,58,0,82,255,219,0,97,68,247,39,0,98,123,255,0,90,24,187,223,0,151,4,164,0,101,151,22,211,0,255,180,0,149,150,230,88,0,255,60,219,113,185,170,168,0,0,211,255,151,194,255,151,226,0,188,92,0,255,33,255,0,0,255,0,132,255,252,255,255,255,97,154,165,100,22,37,255,28,0,22,255,255,255,255,229,99,0,144,144,0,0,177,202,21,108,0,57,255,0,255,255,184,202,163,76,88,112,0,0,142,228,255,104,0,255,49,0,0,0,255,127,255
174,31,160,51,255,130,76,0,111,236,224,0,133,59,198,44,0,110,160,255,0,224,57,233,228,0,167,28,130,0,173,117,0,215,0,129,126,0,151,160,221,195,0,255,97,176,78,183,98,150,0,0,163,255,62,113,255,195,185,0,232,70,100,255,81,255,0,0,255,0,105,255,227,255,255,255,23,108,143,141,126,154,255,43,0,81,236,251,190,233,127,71,0,195,128,84,0,75,255,67,137,0,5,255,0,255,255,255,234,125,136,200,90,0,0,224,0,255,0,14,255,34,0,0,92,196,255,255
173,34,170,55,255,111,64,0,82,250,216,0,103,87,202,57,0,106,120,255,0,139,60,175,151,0,138,79,147,7,95,123,66,112,39,244,190,0,103,96,210,57,0,210,108,183,77,132,203,195,0,27,158,255,115,171,255,180,222,102,255,118,0,255,28,255,0,8,255,0,130,255,212,165,237,248,152,160,105,151,126,0,195,112,0,7,255,232,220,255,193,19,0,127,64,141,0,125,166,78,49,0,36,255,0,255,255,205,255,149,103,115,228,0,0,150,114,255,47,0,255,0,0,0,0,245,137,255
168,25,154,32,255,132,74,0,83,255,214,0,113,64,212,46,0,99,103,255,14,110,38,178,197,0,169,24,142,0,106,143,46,208,0,255,188,0,124,166,194,86,0,237,46,130,98,191,234,174,0,3,216,255,136,212,255,108,231,0,181,91,0,255,13,255,0,0,255,0,81,255,175,191,255,255,92,78,168,99,0,95,255,32,0,86,255,255,255,255,201,34,0,92,165,45,0,89,255,0,133,0,16,255,0,255,255,175,255,124,14,80,133,0,0,143,59,255,153,4,255,48,0,0,0,121,152,255
168,31,156,52,255,127,79,0,87,249,189,0,101,82,189,62,0,117,116,255,0,141,44,181,185,0,151,27,144,36,115,130,59,170,22,241,169,18,142,117,205,68,0,245,91,154,113,184,174,183,0,15,184,255,115,193,255,119,212,46,220,93,0,255,72,255,0,38,255,0,143,255,212,240,251,238,95,157,139,123,28,66,246,93,0,47,255,255,255,240,212,109,0,138,98,60,0,114,236,0,130,0,107,255,0,255,255,227,255,121,140,68,139,0,0,137,94,255,116,0,255,75,0,0,0,161,160,255
176,30,157,39,255,133,62,0,112,241,191,0,122,32,178,29,36,78,142,255,0,110,28,130,181,0,227,26,139,0,122,160,50,166,0,213,202,0,212,87,115,113,0,184,41,152,0,159,167,222,0,0,187,255,147,173,255,191,238,0,185,51,61,255,97,255,0,0,240,0,127,255,247,193,255,209,43,187,94,47,83,137,250,72,0,62,255,255,244,238,61,68,0,138,136,21,0,255,255,0,203,0,0,255,0,255,255,203,255,84,53,148,213,0,0,115,119,255,174,0,255,95,0,0,0,223,90,255
159,20,154,60,254,110,75,12,82,238,180,0,119,92,161,61,56,98,114,255,1,189,64,142,151,9,183,41,156,75,100,130,61,149,66,238,174,12,46,99,168,93,0,207,121,95,77,153,180,167,42,30,229,251,136,189,255,99,202,100,196,34,0,255,34,255,0,18,255,0,168,180,207,240,148,229,159,176,167,115,29,17,250,63,0,125,232,255,255,181,189,184,0,139,152,111,34,99,210,9,175,0,141,255,0,255,255,168,255,144,150,7,142,121,0,81,194,197,118,73,224,60,0,0,0,50,71,255
